000739:1106.31,14.6639,152.37,1108.31,11.8427,155.208,1108.84,18.3208,155.042,1116.43,7.57012,150.026,1112.78,24.9082,150.012,1122.58,0.908627,128.607,1112.99,33.3822,129.333,1120.71,-9.01641,109.741,1108.8,51.2843,113.809,1100.53,-5.7928,103.557,1093.28,50.7105,116.961,1124.35,3.52953,76.6045,1115.84,27.8545,76.7859,1129.68,-5.82893,43.6049,1101.31,37.8765,45.807,1153.15,-9.28059,8.242,1110.59,56.8839,12.3368,1058.57,42.9577,161.882,1057.31,36.5221,171.538,1053.9,41.9046,182.819,1053.2,48.7382,173.132,0,0,0
000740:1105.45,13.9292,152.453,1107.46,11.1732,155.278,1107.73,17.6165,155.104,1115.65,7.12558,150.077,1111.46,24.3547,150.048,1122.4,0.637803,128.792,1111.46,32.8543,129.556,1122.47,-9.3193,110.057,1108.54,50.7362,114.212,1103.4,-6.6587,103.976,1097.66,50.0951,117.575,1123.55,3.09004,77.1104,1114.03,27.2218,77.2962,1130.03,-6.29692,43.7898,1100.55,37.0111,46.0254,1152.84,-9.30031,8.26365,1110.38,56.5802,12.2277,1060.56,42.6334,163.043,1057.53,36.3254,172.621,1052.86,41.7375,183.764,1053.93,48.4314,174.161,0,0,0
000741:1102.1,13.5731,152.808,1104.34,10.7907,155.64,1105.09,17.2399,155.444,1115.07,6.60312,150.326,1111.48,23.8777,150.261,1124.14,0.0465897,128.853,1114.88,32.2958,129.471,1121.78,-9.74912,110.414,1109.84,50.3359,114.159,1096.83,-6.50614,105.082,1088.12,49.7619,117.898,1128.52,2.33769,76.5212,1119.63,26.6289,76.6628,1133.41,-7.07785,43.2647,1103.9,36.742,45.5354,1153.77,-9.8085,7.95421,1109.76,56.6334,12.1394,1059.18,42.3413,163.745,1060.23,35.9927,173.38,1057.53,41.4086,184.588,1054.4,48.166,174.889,0,0,0
000742:1106.77,13.1434,152.794,1108.54,10.3512,155.612,1109.25,16.8347,155.418,1116.63,6.13781,150.201,1113.09,23.4695,150.133,1122.8,-0.434868,128.714,1113.12,31.8875,129.298,1121.47,-10.2751,110.411,1106.5,49.8882,114.082,1104.06,-6.97211,105.174,1085.47,49.3832,117.889,1125.64,1.91835,76.5079,1117.29,26.1924,76.6272,1131.07,-7.33621,43.4737,1103.66,36.2757,45.6187,1151.83,-9.91601,8.44963,1110.51,55.9116,12.4451,1058.64,42.0837,164.352,1059.87,35.7661,174.234,1058.69,41.4636,185.515,1055.26,48.1871,175.561,0,0,0
000743:1103.81,12.7794,153.103,1105.87,9.99473,155.95,1106.86,16.4993,155.682,1115.1,5.77835,150.508,1112.44,23.1502,150.324,1121.66,-0.949744,128.91,1113.69,31.4745,129.303,1119.76,-11.1176,110.987,1109.48,49.7114,114.24,1100.62,-7.85654,106.204,1087.32,49.1404,118.635,1123.11,1.06084,76.3248,1115.63,25.4045,76.3522,1128.88,-8.10511,43.2547,1102.53,35.5879,45.2896,1152.78,-10.2004,7.92097,1112.97,55.652,11.838,1059.83,41.9853,165.496,1062.07,35.5069,175.281,1060.48,41.0816,186.732,1055.73,47.9998,176.866,0,0,0
000744:1102.96,12.6352,153.075,1105.34,9.85534,155.926,1106.59,16.3139,155.648,1116.31,5.61988,150.653,1113.49,22.8446,150.379,1123.62,-1.23212,129.315,1114.72,30.9428,129.611,1120.11,-11.6993,111.782,1109.38,48.9239,114.87,1097.43,-8.76371,107.399,1085.75,48.4801,119.462,1122.29,0.666871,77.0529,1113.9,24.7435,77.1114,1127.85,-8.40815,43.8941,1100.74,34.6799,45.9681,1154.27,-10.4181,8.21812,1114.39,54.8085,12.1744,1060.2,41.5024,166.473,1063.58,35.2058,176.363,1061.44,40.8922,187.635,1055.78,47.6143,177.673,0,0,0
000745:1104.31,12.431,153.412,1106.59,9.61071,156.282,1107.99,16.0944,155.992,1117.43,5.26151,150.944,1115.17,22.5589,150.656,1124.66,-1.67937,129.57,1116.35,30.6015,129.912,1121,-11.8061,111.958,1111.19,48.8708,115.611,1096.97,-8.26499,107.542,1086.84,48.6561,120.978,1123.44,0.0806565,77.1796,1115.66,24.2152,77.2188,1128.92,-8.8173,43.7782,1103.9,34.2189,45.725,1153.64,-10.4641,8.0247,1118.59,54.5904,11.5902,1060.03,41.492,167.792,1062.85,35.0268,177.433,1060.63,40.4406,188.659,1055.29,47.3172,178.958,0,0,0
000746:1104.42,12.0159,153.48,1106.92,9.18744,156.343,1108.23,15.6666,156.098,1118.12,4.90831,151.114,1115.75,22.1815,150.857,1124.96,-1.92526,129.919,1116.6,30.3163,130.374,1117.36,-11.8411,112.628,1111.74,48.3267,116.588,1089.22,-8.06735,108.773,1086.49,47.4693,122.794,1122.71,0.00757353,77.7338,1114.75,24.0466,77.789,1128.21,-8.90036,44.0748,1103.24,33.6611,45.9615,1153.03,-10.4962,8.07996,1117.17,53.6008,11.5878,1059.09,41.1913,168.959,1060.73,34.7488,178.514,1057.94,40.1394,189.573,1054,46.9931,179.993,0,0,0
000747:1107.45,11.7818,153.46,1109.7,8.89227,156.318,1111.02,15.3723,156.098,1119.2,4.44311,151.123,1117.39,21.704,150.837,1124.24,-2.51008,130.046,1116.48,29.789,130.492,1115.61,-12.483,112.907,1112.88,47.8634,116.765,1090.52,-8.77978,109.194,1090,47.4846,123.008,1121.32,-0.201586,78.0758,1114.05,23.7561,78.1421,1127.15,-8.89061,44.2567,1104.02,33.1766,46.072,1152.66,-10.517,8.08013,1119.89,52.7839,11.3679,1061.98,41.0852,169.868,1062.64,34.3632,179.513,1059.06,39.7587,190.798,1056.22,46.8987,181.128,0,0,0
000748:1109.39,11.2917,153.686,1111.68,8.44428,156.534,1112.84,14.9086,156.321,1121.43,4.15458,151.381,1119.37,21.3125,151.06,1126.66,-2.69503,130.358,1118.37,29.383,130.855,1121.33,-12.7926,113.277,1111.71,47.3931,117.699,1097.85,-9.64001,109.432,1088.86,46.8456,124.66,1122.87,-0.627928,78.3952,1114.7,23.1318,78.4679,1129.9,-9.25227,44.1752,1103.38,32.2397,46.1532,1153.97,-10.4071,7.84891,1116.84,51.9476,11.4407,1063.34,40.6377,170.723,1062.67,33.7924,180.046,1060.53,38.9574,191.367,1058.84,46.2152,182.014,0,0,0
000749:1107.11,11.1192,153.861,1109.58,8.24967,156.7,1110.68,14.7133,156.482,1120.12,3.94606,151.612,1117.88,21.0856,151.258,1125.45,-2.96777,130.689,1117.05,29.2471,130.978,1117.75,-13.2017,113.98,1107.75,47.3896,117.531,1089.88,-9.92397,110.801,1081.28,47.3455,123.917,1122.38,-0.861931,78.4866,1113.61,22.8596,78.5494,1129.73,-9.2888,44.1995,1101.78,31.736,46.2517,1153.47,-10.4376,7.99096,1114.58,50.7475,11.6794,1065.68,40.6646,171.416,1067.36,33.4541,180.905,1065.08,38.6741,192.659,1061.05,46.3186,183.121,0,0,0
000750:1109.4,10.8541,154.198,1112.08,7.97211,157.018,1113.33,14.4329,156.855,1122.96,3.64442,151.881,1121.09,20.7334,151.563,1127.67,-3.21939,130.938,1119.65,28.8074,131.41,1119,-13.4468,114.409,1110.93,46.6404,118.851,1092.1,-10.2158,111.347,1083.94,46.0844,126.649,1121.23,-0.971387,79.0024,1113.05,22.5584,79.0768,1128.11,-9.26401,44.6322,1102.18,31.1984,46.5396,1154.69,-10.6588,8.04391,1118.04,49.7372,11.6286,1065.25,40.2866,172.566,1066.68,33.3223,182.007,1064.97,38.6653,193.408,1061.36,46.0539,183.916,0,0,0
000751:0,0,0,0,0,0,0,0,0,0,0,0,0,0,0,0,0,0,0,0,0,0,0,0,0,0,0,0,0,0,0,0,0,0,0,0,0,0,0,0,0,0,0,0,0,0,0,0,0,0,0,0,0,0,0,0,0,0,0,0,0,0,0,0,0,0
000752:0,0,0,0,0,0,0,0,0,0,0,0,0,0,0,0,0,0,0,0,0,0,0,0,0,0,0,0,0,0,0,0,0,0,0,0,0,0,0,0,0,0,0,0,0,0,0,0,0,0,0,0,0,0,0,0,0,0,0,0,0,0,0,0,0,0
000753:1115.96,9.58093,154.621,1117.38,6.64085,157.565,1115.73,13.4662,157.257,1123.41,2.424,152.571,1119.31,19.9204,152.378,1127.92,-4.6635,131.896,1118.13,28.06,132.837,1118.49,-14.6797,114.851,1110.82,46.0706,120.224,1091.25,-10.9529,113.274,1092.29,45.7762,128.864,1122.66,-1.57983,79.196,1112.43,22.1693,79.5268,1127.63,-9.22021,43.9524,1102.9,29.667,45.8094,1148.2,-9.56856,7.7588,1117.64,46.898,10.942,1071.21,39.9941,175.118,1076.06,31.8316,185.232,1072.72,37.2777,198.558,1067.12,45.7124,187.955,0,0,0
000754:1117.56,9.34418,154.839,1119,6.38635,157.761,1117.5,13.2049,157.458,1124.82,2.12502,152.787,1120.96,19.5971,152.579,1129.07,-5.09151,132.215,1119.72,27.6766,133.234,1119.02,-15.2977,115.229,1111.91,45.6355,121.181,1092.04,-11.7155,113.471,1090.91,45.4132,130.721,1123.56,-2.02907,79.6802,1114.02,21.632,80.006,1127.79,-9.3631,44.3314,1105.17,28.9476,46.0305,1146.69,-9.70816,8.15049,1118.1,45.6214,11.2131,1072.74,39.8322,176.379,1076.11,31.6405,186.519,1071.97,37.2069,199.712,1068.15,45.6579,189.09,0,0,0
000755:1115.84,9.072,155.121,1117.54,6.08472,158.017,1115.59,12.882,157.757,1124.78,1.80082,153.105,1119.64,19.2443,152.929,1130.92,-5.37682,132.627,1119.66,27.4528,133.709,1121.41,-15.6122,115.697,1112.55,45.2485,121.549,1092.95,-12.074,114.344,1092.09,44.9992,131.064,1126.2,-1.92695,80.1414,1115.15,21.6385,80.5359,1130.73,-9.13784,44.4147,1105.17,28.4285,46.2953,1148.27,-9.52471,8.08869,1116.06,44.3278,11.332,1072.02,39.6053,177.256,1076.46,31.2749,187.539,1071.67,36.9718,200.864,1066.94,45.5452,190.08,0,0,0
000756:1116.17,8.94306,155.434,1118.16,5.92918,158.327,1116.34,12.7318,158.055,1125.9,1.5295,153.303,1121.28,18.9525,153.102,1131.8,-5.71084,132.711,1121.04,27.005,133.811,1122.05,-15.8736,115.817,1112.9,44.9041,122.129,1095.64,-12.2052,114.504,1090.83,44.9164,132.59,1124.36,-2.32364,80.1675,1114.05,21.1001,80.5282,1128.61,-9.32642,44.4704,1104.47,27.7633,46.2191,1148.54,-9.67832,7.92765,1117.18,43.3798,11.1812,1072.57,39.4823,178.326,1077.96,30.8853,188.555,1074.36,36.4916,202.058,1068.8,45.3471,191.294,0,0,0
000757:1114.66,8.43392,155.413,1116.94,5.4231,158.302,1114.59,12.2122,158.026,1126.4,1.21796,153.37,1119.95,18.6141,153.224,1134.49,-5.83673,132.848,1120.51,26.9541,134.08,1126.89,-16.0757,116.079,1111.47,45.1002,122.998,1095.88,-12.5529,115.161,1092.23,45.0832,134.042,1127.38,-2.4027,80.0955,1114.87,20.9937,80.5185,1130.14,-9.53061,44.3427,1103.62,27.1919,46.1157,1148.32,-9.62978,7.89726,1117.79,42.3742,10.7977,1074.19,39.2428,179.382,1080.32,30.5081,189.531,1076.56,36.0563,203.06,1070.14,45.0608,192.401,0,0,0
000758:1113.93,8.25372,155.701,1116.1,5.20298,158.576,1114.11,11.9992,158.307,1125.65,0.917121,153.651,1119.91,18.2484,153.497,1133.87,-6.19365,133.119,1120.77,26.4806,134.388,1125.86,-16.6079,116.664,1112.18,44.5478,123.945,1097.81,-13.1495,115.953,1091.83,44.6338,135.884,1126.14,-2.66262,80.0612,1114.67,20.5599,80.4873,1129.17,-9.55222,44.2216,1105.58,26.5329,45.7718,1147.66,-9.55194,7.73092,1119.73,41.1075,10.5104,1073.39,38.9497,180.232,1079.81,30.1801,190.333,1076.18,35.7409,203.747,1069.75,44.8077,193.148,0,0,0
000759:1114.83,8.20222,156.116,1116.93,5.08977,158.97,1115.15,11.8944,158.725,1125.23,0.585381,153.956,1120.7,17.9853,153.776,1130.96,-6.703,133.473,1120.99,26.1756,134.609,1121.1,-17.1605,117.045,1111.84,44.3302,123.785,1095.68,-13.3653,116.597,1090.09,44.8716,135.513,1123.22,-2.91712,80.7963,1113.33,20.2447,81.1194,1128.41,-9.39726,44.6117,1104.37,25.8715,46.2491,1149.4,-9.55178,7.67234,1117.9,39.6647,10.8509,1074.5,38.7,181.191,1081.24,29.6891,191.415,1079.07,35.3439,205.143,1072.22,44.6505,194.35,0,0,0
000760:1111.72,8.02986,156.479,1114.21,4.82072,159.31,1112.48,11.6388,159.102,1124.97,0.093667,154.324,1120.39,17.5478,154.185,1133.78,-7.32804,133.824,1123.24,25.7899,135.021,1126.78,-17.9221,117.397,1115.12,43.9837,124.436,1102.27,-13.946,117.15,1089.95,44.6523,136.762,1124.98,-3.03467,80.8551,1115.17,20.1317,81.2201,1127.8,-9.33165,44.569,1105.63,25.3897,46.0756,1148.12,-9.65014,7.57318,1120.6,38.1954,10.349,1073.41,38.7852,182.215,1081.02,29.5503,192.442,1078.29,35.1546,206.234,1070.73,44.6867,195.455,0,0,0
000761:1113.82,7.89778,156.608,1116.08,4.71187,159.446,1114.53,11.5063,159.187,1125.29,0.0786883,154.485,1120.6,17.3608,154.279,1132.86,-7.2925,134.146,1120.31,25.3348,135.319,1125.16,-17.9324,117.957,1111.4,43.1755,125.352,1098.94,-14.2687,117.622,1087.23,43.9841,138.389,1123.37,-3.4083,81.2358,1113.02,19.3646,81.5967,1127.85,-9.48158,44.8133,1106.68,24.3639,46.1817,1150.09,-9.5126,7.6355,1126.15,37.1343,10.1623,1074.27,38.4269,183.437,1083.18,29.2703,193.684,1078.88,34.928,207.29,1070.03,44.376,196.511,0,0,0
000762:1114.72,7.75612,156.408,1116.56,4.52765,159.188,1115.13,11.2804,159.017,1124.77,-0.161585,154.418,1120.22,17.1006,154.26,1131.74,-7.60456,134.369,1120.51,25.2522,135.801,1121.41,-18.2965,118.292,1112.1,42.9171,126.555,1091.34,-14.2871,118.324,1088.42,43.3958,140.554,1126.82,-3.31002,81.9707,1116.5,19.5196,82.3756,1130.52,-9.35374,45.2976,1107.3,23.8981,46.7619,1149.69,-9.61803,8.07343,1121.64,35.3254,10.7231,1075.39,38.2321,184.693,1082.8,29.0437,195.037,1077.22,34.9205,208.438,1070.18,44.3658,197.569,0,0,0
000763:1113.35,7.46805,156.975,1115.67,4.22989,159.768,1113.92,11.0146,159.565,1126.12,-0.514864,154.868,1120.65,16.7828,154.675,1135.25,-8.08079,134.615,1121.89,24.871,135.887,1130.56,-19.1948,118.468,1113.12,42.7223,126.404,1105.97,-15.4707,118.536,1090.48,43.5744,140.418,1125.42,-3.81716,81.8853,1114.2,18.8864,82.2772,1129.39,-9.53737,45.0793,1106.21,23.0109,46.5306,1147.98,-9.60308,7.91178,1121.93,34.0918,10.498,1077.37,38.0719,185.378,1084.75,28.7011,195.76,1079.33,34.6053,209.419,1072.26,44.2595,198.5,0,0,0
000764:1114.55,7.20549,157.014,1116.81,3.9816,159.788,1115.17,10.6996,159.617,1126.24,-0.560152,155.004,1121.74,16.5335,154.868,1134,-7.82262,135.011,1123.02,24.7551,136.354,1126.24,-18.4615,118.964,1116.06,42.3405,127.123,1099.46,-14.505,119.353,1091.14,43.1066,141.52,1126.58,-3.60823,82.5991,1117.06,18.7857,82.8783,1129.08,-9.24455,45.6728,1108.37,22.3732,46.8275,1148.47,-9.45235,8.26777,1125.19,32.7308,10.3419,1077.32,38.0084,186.771,1085.53,28.6239,197.366,1079.74,34.8103,210.991,1071.64,44.4677,199.844,0,0,0
000765:1114.66,7.03372,157.208,1116.7,3.79914,159.975,1115.57,10.5275,159.812,1124.96,-0.684168,155.297,1121.76,16.3981,155.156,1131.08,-7.99853,135.439,1122.39,24.7452,136.73,1122.74,-19.0557,119.404,1116.15,42.423,127.554,1097.55,-15.6694,119.357,1092.23,43.3879,141.88,1123.31,-3.70375,83.1601,1114.75,18.5749,83.3729,1128.28,-9.16684,46.1503,1106.4,21.7632,47.3257,1149.08,-9.44774,8.68492,1122.82,31.2204,11.0336,1078.7,37.7163,187.621,1086.17,28.1506,198.118,1080.32,34.2592,211.896,1073.12,44.1257,200.874,0,0,0
000766:1114.68,6.78079,157.743,1116.75,3.52971,160.49,1115.64,10.2566,160.35,1125.17,-0.933967,155.776,1122.17,16.1345,155.659,1132.28,-8.15121,135.968,1122.11,24.5287,137.381,1126.02,-19.0476,119.832,1116.66,41.989,128.439,1101.53,-15.5755,119.896,1091.36,42.7528,143.38,1122.73,-3.6964,83.7957,1113.87,18.4243,84.0009,1125.19,-8.9998,46.5524,1103.48,21.0802,47.6597,1150.15,-9.30136,8.46557,1123.71,30.0725,10.6355,1079.88,37.4533,188.889,1089.5,27.9705,199.506,1081.84,34.2147,213.085,1072.48,43.9531,201.925,0,0,0
000767:1114.49,6.91339,157.525,1116.48,3.60361,160.27,1114.95,10.321,160.131,1125.24,-0.998626,155.652,1120.88,16.0519,155.527,1133.1,-8.32738,135.917,1121.52,24.3929,137.378,1127.34,-19.3139,119.768,1116.02,41.8492,128.786,1102.89,-15.6995,119.862,1094.42,42.9277,144.05,1125.74,-3.70751,83.7,1115.69,18.3615,83.9566,1129.69,-9.10262,46.3804,1106.81,20.5365,47.4996,1150.78,-9.42555,8.70951,1124.42,28.7063,10.7797,1083.1,37.4523,189.896,1090.72,27.7413,200.559,1083.48,33.978,214.28,1076.39,43.9737,203.12,0,0,0
000768:1115.46,6.84968,158.044,1117.68,3.45669,160.778,1116.18,10.2152,160.644,1126.34,-1.36409,156.071,1122.39,15.7612,155.931,1133.23,-8.89006,136.308,1122.37,24.036,137.727,1127.45,-20.0012,120.258,1114.22,41.6924,129.4,1105.37,-15.982,120.593,1088.92,43.1783,145.227,1124.21,-4.06953,84.0854,1114.78,17.9392,84.3296,1128.6,-9.02277,46.5664,1105.6,19.7899,47.7451,1151.17,-9.24748,8.64491,1124.04,27.1579,10.9572,1081.07,37.4167,191.083,1090.33,27.5948,201.701,1084.32,33.7776,215.478,1075.44,43.8969,204.323,0,0,0
000769:1117.22,6.76443,158.027,1119.5,3.28189,160.716,1117.64,10.067,160.619,1127.14,-1.71589,155.961,1122.53,15.4656,155.874,1133.78,-9.27068,136.167,1121.07,23.7268,137.829,1127.29,-20.1659,120.226,1113.43,41.3662,130.471,1104.66,-15.4029,120.893,1089.04,42.8372,147.677,1125.21,-4.19369,83.9972,1115.26,17.8538,84.3395,1129.42,-9.1263,46.5024,1106.54,19.5062,47.6738,1149.02,-9.3561,8.84792,1123.23,26.0714,11.0825,1082.01,37.5605,192.123,1090.41,27.663,202.728,1084.73,33.9031,216.366,1076.89,44.1014,205.249,0,0,0
000770:1118.67,6.33687,158.143,1120.49,2.83976,160.809,1119.18,9.62542,160.732,1126.76,-2.07922,156.049,1123.43,15.0939,155.994,1132.21,-9.50462,136.34,1121.51,23.5314,138.005,1124.13,-20.2558,120.519,1114.43,41.2281,130.754,1099.14,-15.2726,121.484,1088.94,42.6584,148.252,1125.53,-4.3405,84.2821,1116.98,17.6496,84.5354,1128.32,-9.10157,46.8228,1107.77,19.0076,47.7906,1150.31,-9.36789,8.96121,1125.78,24.9945,10.9866,1082.35,37.286,193.32,1091.52,27.2027,204.019,1084.34,33.515,217.773,1075.79,43.9029,206.572,0,0,0
000771:1118.51,6.39283,158.395,1120.61,2.85038,161.045,1118.83,9.64057,160.965,1127.52,-2.11986,156.24,1122.77,15.0261,156.2,1133.41,-9.52424,136.496,1120.07,23.4261,138.241,1126.07,-20.3951,120.753,1111.66,41.2169,131.656,1101.04,-15.6492,121.683,1089.56,43.0475,149.956,1124.95,-4.26533,84.2972,1114.91,17.5731,84.612,1128.96,-9.11485,46.7766,1106.94,18.5465,47.764,1149.46,-9.55335,9.08995,1125.56,23.8097,11.0359,1085.35,37.3867,194.219,1093.26,27.1134,204.795,1086.78,33.317,218.61,1079.63,43.9321,207.554,0,0,0
000772:1117.53,6.14832,158.413,1119.34,2.63044,161.059,1117.72,9.43047,160.972,1126.32,-2.26241,156.403,1121.97,14.8593,156.302,1132.64,-9.75283,136.858,1121.28,23.2565,138.605,1128.43,-21.0492,121.321,1112.91,41.124,132.599,1111.87,-16.7492,122.253,1089.08,43.0114,151.453,1126.21,-4.76029,84.7947,1117.39,17.0291,85.0112,1131.33,-9.52469,46.9053,1110.57,17.5533,47.7088,1150.4,-9.66018,9.04783,1125,22.5093,10.9667,1086.7,37.3188,195.433,1093.93,27.0622,205.859,1089.76,33.2188,219.642,1083.47,43.8332,208.764,0,0,0
000773:1118.14,6.1624,158.607,1120.18,2.54991,161.208,1118.45,9.31139,161.172,1126.94,-2.57569,156.524,1122.06,14.5032,156.459,1133.39,-10.0867,136.975,1118.89,22.877,138.795,1129.18,-21.0791,121.381,1109.31,40.6343,132.83,1109.9,-16.1423,122.678,1086.59,42.8936,151.891,1124.53,-4.5649,85.1762,1114.53,17.0828,85.4801,1129.64,-9.24509,47.3204,1108.69,17.2235,48.1555,1150.21,-9.73193,9.36895,1128.34,21.1371,10.9498,1087.05,37.29,196.034,1095.84,26.773,206.687,1090.88,33.0485,220.651,1083.04,43.9156,209.518,0,0,0
000774:1118.15,6.11608,158.784,1120.81,2.44504,161.406,1118.91,9.26909,161.33,1129.47,-2.73683,156.663,1124.03,14.4524,156.606,1136.41,-10.262,136.961,1121.89,22.797,138.732,1129.55,-20.9529,121.445,1110.74,40.6602,133.222,1102.15,-15.007,123.257,1086.8,42.8968,153.201,1126.87,-4.98475,84.4363,1116.18,16.6938,84.7527,1131.25,-9.54864,46.4922,1108.44,16.6349,47.4144,1150.99,-9.65377,8.61583,1127.95,20.1544,10.3948,1087.48,37.2144,196.802,1097.35,26.631,207.461,1092.61,32.8955,221.421,1083.51,43.8683,210.304,0,0,0
000775:1121.43,5.73492,158.987,1123.23,2.03827,161.595,1121.57,8.89381,161.539,1129.36,-3.12336,156.853,1124.48,14.0879,156.82,1135.14,-10.6164,137.192,1120.75,22.456,139.249,1129.37,-21.7098,121.55,1110.81,40.2126,134.566,1108.14,-16.6918,122.528,1088.8,42.3726,155.397,1127.24,-5.10196,84.7115,1117.34,16.5103,85.0611,1130.05,-9.66388,46.709,1109.18,16.0984,47.4553,1150.65,-9.7997,8.66851,1128.18,19.2783,10.3284,1088.58,36.9094,198.105,1098.48,26.4656,208.631,1093.01,32.6579,222.261,1084.08,43.4701,211.331,0,0,0
000776:1119.47,5.78885,159.12,1121.74,2.0701,161.7,1119.78,8.88748,161.669,1129,-3.12528,156.983,1123.34,13.9607,156.959,1135.98,-10.5722,137.467,1119.33,22.2144,139.52,1128.94,-21.4859,122.047,1107.95,39.8023,135.133,1100.6,-16.1464,123.536,1085.59,42.3081,156.273,1127.78,-5.09253,85.1811,1116.42,16.2675,85.5723,1131.6,-9.55523,46.8884,1109.41,15.4953,47.6908,1150.82,-9.95411,8.73952,1129.14,18.0096,10.2801,1090.15,36.9834,198.977,1100.89,26.4548,209.506,1096.52,32.6709,223.198,1086.71,43.5888,212.247,0,0,0
000777:1119.36,5.54959,159.213,1121.79,1.85954,161.762,1120.15,8.6595,161.767,1129.62,-3.23044,157.076,1125.07,13.8127,157.077,1135.59,-10.6117,137.691,1121.93,22.2106,139.93,1129.91,-21.9392,122.121,1109.83,39.8829,136.013,1108.46,-17.7,122.893,1083.64,42.3518,157.562,1124.33,-4.90035,86.0801,1115.14,16.2853,86.3794,1128.61,-9.32291,47.7229,1109.46,15.061,48.2622,1150.15,-9.82717,9.33188,1130.32,17.161,10.5091,1090.29,37.0361,200.028,1101.1,26.5162,210.356,1098.33,32.6267,224.038,1088.53,43.5284,213.287,0,0,0
000778:1120.77,5.34121,159.37,1122.63,1.63875,161.933,1121.27,8.47479,161.884,1128.68,-3.41417,157.177,1124.16,13.6957,157.129,1133.22,-10.7746,137.747,1119.59,22.0719,139.89,1128.2,-22.2595,122.493,1108.18,40.0031,136.41,1111.19,-18.1343,123.557,1086.05,42.6881,158.569,1122.62,-5.3562,85.8618,1113.37,15.8233,86.0802,1129.06,-9.88566,47.3578,1109.12,14.3297,47.8652,1150.45,-9.94907,9.00329,1129.38,16.4405,10.2366,1091.95,36.8924,201.034,1103.36,26.2772,211.301,1099.72,32.3062,224.983,1089.34,43.3258,214.328,0,0,0
000779:1120.6,5.42957,159.174,1122.26,1.71553,161.712,1120.84,8.52604,161.68,1128.18,-3.46045,157.055,1123.91,13.6054,156.944,1133.38,-11.0118,137.848,1120.89,21.8411,139.993,1127.58,-22.6885,122.946,1109.64,39.6657,136.893,1108.32,-18.4908,124.516,1087.13,42.4396,159.46,1126.67,-5.56883,86.273,1117.8,15.6196,86.4732,1131.57,-9.99302,47.6182,1112.04,13.8744,48.1064,1149.3,-9.97167,9.35509,1128.66,15.7849,10.4765,1091.99,36.906,201.771,1103.68,26.3747,212.084,1100.49,32.461,225.621,1089.85,43.3706,214.916,0,0,0
000780:1118.42,5.34421,159.319,1120.99,1.59956,161.863,1119.44,8.39979,161.832,1129.75,-3.54014,157.243,1124.83,13.4645,157.207,1135.97,-10.8898,138.036,1122.5,21.6953,140.337,1127.69,-21.8521,122.786,1110.54,39.3658,137.687,1099,-16.944,124.129,1086.02,42.229,160.871,1125.14,-5.5241,86.372,1115.35,15.4375,86.6422,1129.07,-9.9436,47.7539,1108.63,13.4839,48.2575,1148.2,-9.92975,9.44152,1128,15.0912,10.4836,1091.46,36.87,202.833,1104.07,26.267,213.213,1099.92,32.369,226.696,1088.29,43.3624,215.972,0,0,0
000781:1118.19,5.25073,159.447,1120.5,1.49498,162,1118.54,8.30889,161.951,1128.49,-3.67551,157.371,1122.28,13.3842,157.295,1135.17,-11.1046,138.154,1118.87,21.6256,140.442,1128.07,-22.2283,122.998,1106.28,39.4636,137.786,1100.13,-17.3576,124.589,1086.04,42.4895,160.958,1126.15,-5.73623,86.4572,1114.89,15.296,86.7587,1131.27,-10.1667,47.6127,1110.16,13.1429,48.1463,1146.73,-9.84651,9.49913,1128.47,14.8211,10.2961,1094.09,36.7335,203.58,1105.96,26.011,213.935,1102.32,32.0499,227.556,1091.65,43.1725,216.86,0,0,0
000782:1117.22,5.44553,159.124,1119.51,1.67304,161.665,1118.14,8.44256,161.602,1127.67,-3.60389,157.119,1122.73,13.2996,156.971,1133.33,-11.1565,138.027,1120.29,21.2372,140.125,1124.46,-22.2208,123.243,1111.53,38.7509,137.629,1097.55,-17.1454,125.225,1091.49,41.9642,161.16,1122.46,-5.94084,86.3727,1112.92,14.8742,86.5986,1128.24,-10.2865,47.683,1107.95,12.7188,48.1687,1148.15,-9.99161,9.34881,1128.48,14.2081,10.4056,1096.36,36.5585,204.2,1109.11,25.7187,214.836,1103.98,31.9544,228.47,1092.38,43.1931,217.52,0,0,0
000783:1117.31,4.99767,159.232,1119.65,1.27548,161.744,1118.32,8.05264,161.675,1128.18,-3.74064,157.054,1123.41,13.1422,156.934,1133.98,-10.957,137.964,1120.88,21.2222,140.278,1125.81,-22.2043,123.411,1109.56,38.9677,138.672,1101.12,-18.2239,125.426,1087.4,42.0749,162.999,1121.8,-5.83037,86.5534,1112.61,14.7792,86.6833,1127.71,-10.4774,47.7254,1108.87,12.0251,47.9432,1147.24,-9.91901,9.40287,1128.66,13.6907,9.94105,1097.34,36.2549,205.186,1110.2,25.6022,215.488,1107.75,31.6583,228.947,1096.04,42.7161,218.327,0,0,0
000784:1115.78,4.96216,159.244,1118.39,1.18467,161.782,1116.66,7.97808,161.709,1128.73,-3.96451,157.324,1123.18,12.9134,157.2,1136.36,-11.3523,138.405,1123.27,20.8912,140.806,1125.28,-22.1143,123.709,1112.44,38.4915,139.549,1090.85,-16.9679,125.692,1089.82,41.7781,164.209,1127.48,-6.36842,86.699,1117.58,14.3645,86.9868,1129.06,-10.6828,47.811,1109.3,11.8886,48.1857,1146.67,-9.94352,9.36169,1126.73,13.6844,10.2192,1098.6,36.3909,205.795,1112.11,25.7563,216.154,1109.21,31.7966,229.424,1096.82,42.8262,218.794,0,0,0
000785:1120.05,4.69551,159.21,1122.32,0.976961,161.732,1120.63,7.75197,161.639,1129.98,-3.95663,157.087,1124.53,12.8753,156.944,1134.54,-11.0934,138.125,1120.99,20.9601,140.51,1126.02,-22.4528,123.577,1108.55,38.8157,139.216,1102.11,-19.144,125.247,1087.45,42.2988,163.584,1122.87,-6.01167,86.9143,1113.55,14.4727,87.0492,1128.28,-10.6587,47.9805,1109.58,11.5252,48.1629,1147.13,-9.8839,9.60715,1128.42,13.4537,10.0675,1100.12,36.2707,206.429,1113.97,25.5498,216.653,1112.15,31.4572,230.162,1099.39,42.5849,219.637,0,0,0
000786:1116.15,4.48836,159.303,1118.68,0.819241,161.823,1116.84,7.56456,161.737,1128.32,-3.89571,157.271,1122.93,12.7752,157.19,1135.47,-10.7725,138.502,1122.43,20.8657,141.171,1128.42,-21.8751,123.809,1111.31,38.5582,140.644,1102.15,-18.9875,125.035,1088.74,41.9408,165.508,1124.77,-5.85454,87.4215,1115.24,14.3996,87.6435,1129.07,-10.5271,48.3644,1109.5,11.3878,48.5768,1147.27,-9.56927,9.92237,1126.06,13.7889,10.472,1100.88,36.0043,207.541,1113.48,25.5121,217.49,1112.04,31.2751,230.614,1100.65,42.1691,220.435,0,0,0
000787:1118.87,4.57401,159.264,1120.96,0.856582,161.812,1119.43,7.64835,161.654,1128.73,-4.02453,157.193,1123.96,12.6987,156.996,1132.82,-11.1068,138.269,1122.62,20.4578,140.788,1123.82,-22.4761,123.895,1111.53,38.1247,140.729,1102.82,-19.7913,125.072,1090.24,41.7181,166.202,1123.09,-6.46417,86.6265,1115.24,13.8156,86.7795,1128.85,-11.1762,47.6483,1110.42,10.8899,47.7742,1147.65,-9.66563,9.31601,1126.53,13.642,10.0437,1103.2,36.1305,207.807,1115.74,25.6634,217.797,1115.37,31.4429,230.855,1103.93,42.3412,220.673,0,0,0
000788:1117.25,4.53818,159.267,1120.06,0.810228,161.826,1117.95,7.58627,161.668,1130.18,-4.05466,157.356,1124.3,12.6591,157.159,1136.76,-11.1515,138.502,1123.87,20.5189,141.083,1127.2,-22.3132,124.124,1110.96,38.244,141.131,1097.18,-19.1098,125.783,1088.36,41.7355,166.61,1126.4,-6.45346,86.8405,1116.51,13.8855,87.0756,1130.66,-11.2329,47.7411,1108.8,10.7822,48.0869,1148.46,-9.51804,9.33461,1124.77,13.5886,10.1244,1104.32,35.98,208.476,1118.37,25.44,218.602,1118.73,31.2387,231.748,1105.66,42.1962,221.424,0,0,0
000789:1117.95,4.39495,159.421,1120.66,0.684846,161.972,1118.71,7.44137,161.806,1131.39,-4.09613,157.546,1125.62,12.4541,157.337,1138.16,-11.1133,138.786,1126.12,20.1647,141.484,1128.89,-22.5074,124.491,1112.54,37.7433,142.163,1102.39,-20.3867,125.517,1087.61,41.5064,167.911,1127.07,-6.48446,87.1383,1117.94,13.6404,87.4138,1130.31,-11.3255,48.0469,1109.68,10.6549,48.3055,1149.33,-9.82422,9.46259,1124.03,13.7815,10.4376,1105.05,35.8348,209.103,1119.3,25.3624,219.013,1121.74,30.9834,232.053,1108.5,41.8873,221.972,0,0,0
000790:1118.59,4.54935,159.383,1121.18,0.877219,161.953,1119.06,7.60098,161.724,1131.5,-3.85259,157.412,1125.41,12.5982,157.126,1138.7,-10.8349,138.521,1123.3,19.9946,141.233,1131.19,-22.3859,124.184,1111.98,37.3921,142.093,1103.7,-21.0277,124.915,1090.95,41.1789,168.078,1124.64,-6.49691,86.7475,1113.56,13.3183,87.0781,1126.44,-11.2716,47.8352,1102.47,10.1601,48.2867,1154.01,-9.20528,8.6437,1124.42,13.8575,9.92969,1107.06,35.7079,209.327,1122.12,25.3805,219.145,1122.44,30.9077,231.892,1108.41,41.6422,221.94,1014.03,-17.2427,339.818
000791:1120.27,4.48565,159.3,1123.04,0.795443,161.862,1120.82,7.53426,161.678,1132.3,-4.03059,157.377,1125.57,12.5093,157.125,1137.52,-11.0438,138.66,1122.69,19.9593,141.43,1127.06,-22.0814,124.254,1109.64,37.3266,142.26,1097.31,-19.7389,125.236,1091.2,41.0731,168.326,1125.33,-6.70627,87.424,1114.37,13.2869,87.7643,1131.47,-11.4896,48.0191,1108.64,10.3302,48.4305,1150.43,-9.53612,9.16379,1127.53,14.0862,9.90286,1107.87,35.4675,209.634,1123.04,25.0597,219.476,1123.77,30.5578,232.303,1109.59,41.3585,222.305,1014.12,-16.4942,338.638
000792:1119.54,4.58341,158.971,1122.64,0.844462,161.542,1119.99,7.59015,161.342,1134.06,-4.07623,157.35,1126.74,12.3924,157.034,1142.1,-11.3509,138.807,1126.11,19.7445,141.574,1133.65,-22.656,124.653,1112.39,36.9877,142.836,1101.85,-20.1298,125.834,1090.46,40.8552,168.933,1130.15,-6.97467,87.1994,1118.69,13.0766,87.6717,1131.04,-11.5134,48.0037,1107.75,10.2422,48.5065,1150.45,-9.36023,9.09164,1125.02,13.9173,10.1811,1108.42,35.4965,209.861,1123.52,25.0976,219.691,1125.76,30.5587,232.41,1111.53,41.3505,222.476,1017.29,-15.4344,338.625
000793:1119.88,4.15488,159.34,1122.51,0.491593,161.922,1120.19,7.18763,161.709,1132.56,-4.22846,157.58,1126.07,12.0695,157.279,1139.08,-11.2221,138.976,1124.74,19.3125,141.737,1131,-22.6331,124.756,1112.7,36.4852,142.799,1105.11,-21.4542,125.327,1092.95,40.4505,168.538,1126.35,-6.96629,87.5152,1116.12,12.7558,87.9116,1128.89,-11.6159,48.2757,1108.21,10.0114,48.5774,1148.73,-9.49267,9.33644,1126.17,14.432,10.1121,1108.98,35.1864,209.875,1123.94,24.9017,219.556,1126.12,30.2601,232.222,1112.09,40.9432,222.428,1017.44,-14.6974,336.671
000794:1117.71,4.34474,159.658,1120.25,0.560693,162.21,1118.6,7.34325,162.054,1131.07,-4.49363,157.929,1125.33,12.0558,157.632,1138.71,-11.7839,139.259,1124.76,19.3925,141.985,1127.19,-22.8197,125.484,1113.56,36.7245,143.172,1092.59,-19.509,127.407,1093.52,40.3948,169.353,1127.28,-7.2144,87.4326,1116.96,12.9717,87.9059,1128.06,-11.6337,48.1756,1106.83,10.5077,48.6368,1150.74,-9.47375,8.84088,1126.49,14.5492,9.96852,1110.31,34.9328,209.8,1126.67,24.4849,219.507,1127.31,29.7445,232.113,1112.13,40.5803,222.293,1020.93,-14.4415,335.14
000795:1120.36,4.25204,159.826,1122.55,0.509998,162.401,1120.71,7.29161,162.226,1131.64,-4.42152,158.029,1125.73,12.0437,157.764,1136.45,-11.5466,139.298,1124.47,19.2767,142.263,1125.27,-23.0158,124.966,1112.18,36.5054,143.867,1100.78,-21.6431,125.01,1094.06,40.3234,170.098,1125.29,-6.98239,87.6467,1116.15,12.9427,88.1315,1129.11,-11.5884,48.2644,1108.95,10.3593,48.6136,1148.46,-9.49453,9.2404,1124.71,14.6757,10.3154,1112.11,34.8078,210.036,1127.19,24.5822,219.37,1129.85,29.5747,231.789,1115.86,40.2114,222.388,1020.9,-13.6838,333.559
000796:1118.31,4.18448,159.836,1120.79,0.462722,162.412,1119.06,7.26388,162.228,1130.31,-4.49007,158.2,1125.25,11.9807,157.885,1136.75,-11.8234,139.656,1125.29,19.0909,142.601,1127.59,-23.2929,125.475,1114.26,36.1819,144.595,1102.02,-21.2632,125.75,1094.29,39.7626,171.228,1126.78,-7.72214,88.0916,1118.01,12.3512,88.6164,1128.91,-11.9584,48.6893,1109.24,10.2915,49.0774,1148.81,-9.65422,9.37288,1126.6,14.9241,10.497,1112.01,34.2289,210.126,1127.69,24.0722,219.365,1130.79,29.0226,231.607,1116.17,39.5849,222.33,1027.72,-13.1259,332.8
000797:1120.21,4.33148,159.643,1122.51,0.610442,162.195,1120.84,7.41655,162.022,1131.93,-4.34729,158.013,1126.87,12.1314,157.658,1138.38,-11.7767,139.523,1126.66,19.2526,142.251,1130.77,-23.5379,125.814,1116.8,36.2932,143.951,1106.99,-21.4096,126.909,1098.11,39.6673,170.404,1126.33,-7.60763,87.9619,1117.71,12.4968,88.4215,1126.8,-11.7843,48.7692,1107.42,10.4646,49.1439,1148.35,-9.71417,9.45107,1123.56,14.8086,10.8294,1116.27,33.9211,209.681,1131.39,23.6056,218.946,1133.81,28.5648,231.341,1119.86,39.282,222.025,1027.77,-12.3756,330.825
000798:1121.91,4.69635,160.179,1123.96,0.88842,162.767,1122.07,7.73623,162.612,1131.9,-4.43453,158.544,1126.49,12.2114,158.181,1136.65,-12.0817,139.841,1124.98,19.1013,142.788,1129.37,-23.8389,125.637,1112.14,36.2188,144.936,1109.28,-21.3756,126.144,1095.41,39.5569,171.912,1126.41,-7.7133,88.1387,1117.43,12.5392,88.6779,1128.77,-12.0279,48.6206,1107.16,10.3933,49.1749,1150.6,-9.987,8.90776,1124.22,14.6705,10.4586,1119.19,33.5564,209.976,1136.58,23.3537,219.059,1140.1,27.951,231.224,1123.7,38.564,222.094,1027.9,-11.6361,328.465
000799:1122.18,4.72709,160.42,1124.22,0.930108,162.97,1122.92,7.82146,162.802,1131.9,-4.3461,158.483,1127.66,12.3752,158.12,1135.17,-11.8645,139.643,1126.19,19.2531,142.426,1122.97,-23.5002,126.095,1115,36.4795,144.71,1102.06,-20.9234,127.413,1098.01,39.5517,172.223,1123.75,-7.68461,87.8332,1116.28,12.5581,88.2176,1127.52,-12.0712,48.4563,1107.77,10.4665,48.8412,1149.69,-9.9175,8.98692,1123.95,14.8473,10.4935,1119.22,33.1929,209.531,1136.48,23.0381,218.443,1140.29,27.559,230.548,1124.05,38.1399,221.569,1027.94,-10.8859,326.491
000800:1123.17,4.63995,160.174,1125.02,0.857863,162.716,1123.39,7.73024,162.564,1132.11,-4.35635,158.371,1127.04,12.2576,158.012,1136.18,-11.8866,139.631,1124.06,19.0666,142.651,1128.47,-24.0017,126.088,1112.44,36.0891,145.681,1112.26,-22.1482,127.075,1095.99,38.9828,173.499,1123.87,-7.65854,87.9794,1115.37,12.4535,88.504,1125.91,-11.9657,48.6465,1105.42,10.3372,49.0956,1151.53,-9.80785,8.75204,1124.44,14.6714,10.3438,1120.17,32.832,209.41,1138.03,22.8603,218.06,1142.68,27.2295,229.843,1125.81,37.6029,221.161,1031.47,-10.6223,324.533
000801:1124.48,4.48856,160.999,1126.32,0.707348,163.542,1125.01,7.61195,163.41,1131.6,-4.46273,159.174,1127.93,12.2188,158.85,1132.16,-11.9413,140.463,1124.34,19.2401,143.424,1122.32,-24.1332,126.813,1114.14,36.4395,146.152,1109.66,-22.5667,127.236,1099.6,39.2601,173.676,1119.31,-7.56004,88.9545,1113.02,12.6335,89.3743,1125.4,-11.9323,49.3834,1106.31,10.6204,49.7444,1150.78,-10.1958,9.43043,1124.34,14.6655,10.9782,1122.03,32.4722,209.244,1137.79,22.4686,217.571,1143.22,26.5905,229.38,1128.45,37.0272,221.03,1035.03,-10.3551,322.959
000802:1121.39,4.26683,160.764,1123.98,0.472092,163.317,1122.17,7.36789,163.2,1131.81,-4.71234,159.033,1126.53,12.0088,158.771,1134.17,-12.0919,140.365,1123.3,19.072,143.456,1121.86,-23.7278,126.514,1111.26,36.0627,146.17,1099.13,-21.3244,127.119,1097.53,38.4477,173.595,1120.19,-7.68186,88.871,1111.82,12.5379,89.429,1124.03,-11.9622,49.3962,1101.97,10.6333,49.9824,1149.59,-10.0567,9.38601,1123.88,14.7419,10.8423,1123.86,31.7412,208.779,1142.18,21.8185,217.092,1148.49,25.827,228.804,1130.82,36.1614,220.458,1035.07,-9.6015,320.976
000803:1122.7,4.46121,161.007,1124.92,0.617586,163.55,1123.36,7.5464,163.462,1131.68,-4.71749,159.454,1127.2,11.9923,159.175,1133.6,-12.2832,141.003,1124.38,18.8789,144.212,1121.36,-24.0705,127.422,1114.49,35.687,147.809,1101.28,-21.4201,127.941,1103.24,38.0723,175.934,1121.24,-7.87743,89.5139,1113.64,12.3666,90.1515,1125.8,-12.0303,49.7644,1104.94,10.5789,50.3223,1148.2,-10.1401,9.7296,1123.68,14.5418,11.1921,1126.9,31.5031,209.168,1143.02,21.8696,217.03,1149.84,25.607,228.146,1134.71,35.6585,220.352,1038.64,-8.55812,318.971
000804:1120.44,4.42019,160.944,1122.13,0.613484,163.464,1120.39,7.54685,163.358,1128.78,-4.58842,159.145,1123.47,12.1358,158.888,1133.52,-12.0162,140.457,1120.11,19.1002,143.817,1130.66,-24.7002,126.793,1108.53,36.1234,147.733,1121.66,-23.938,126.763,1096.3,38.4021,175.894,1120.93,-7.39982,88.7452,1111.96,12.7614,89.3926,1124.55,-11.9335,49.1785,1103.11,10.5986,49.6705,1151.52,-10.2078,8.98714,1124.31,14.5565,10.43,1125.11,31.2287,208.785,1142.86,21.6613,216.417,1150.75,25.1481,227.497,1133.93,35.1147,219.933,1038.69,-8.57632,317.402
000805:1120.29,4.26053,161.775,1122.4,0.445013,164.294,1120.89,7.39585,164.229,1129.98,-4.78,159.964,1124.91,12.0186,159.783,1133.17,-12.0611,141.327,1122.13,19.1025,144.811,1120.34,-23.8658,127.551,1111.61,36.0435,148.681,1098.84,-21.8275,127.577,1100.4,37.9151,177,1120.76,-7.41794,89.8625,1112.45,12.8048,90.53,1123.94,-11.7704,50.1115,1103.29,10.7574,50.5962,1148.77,-10.0728,9.88029,1123.63,14.661,11.1238,1127.51,30.7316,208.638,1145.72,21.351,215.936,1154.41,24.6006,226.761,1137.02,34.3783,219.51,1042.18,-7.5175,315.774
000806:1122.27,4.1332,162.31,1124.16,0.303183,164.824,1122.64,7.29725,164.803,1130.23,-4.98011,160.531,1125.49,11.8761,160.382,1131.75,-12.3633,141.902,1122.45,18.9854,145.398,1121.35,-24.431,128.142,1111.68,35.8275,149.36,1106.44,-22.2838,128.146,1101.85,37.5227,177.855,1119.33,-7.63924,90.3927,1112.27,12.698,91.083,1124.27,-11.7401,50.3622,1105.37,10.9939,50.8223,1147.38,-10.3913,9.96111,1122.91,14.5604,11.4023,1128.22,30.3524,208.47,1144.76,21.027,215.604,1153.23,24.2605,226.304,1137.48,33.9938,219.229,1045.78,-7.24392,313.772
000807:1124.09,4.58148,162.677,1126.08,0.691349,165.212,1124.22,7.76215,165.151,1132.06,-4.86988,160.726,1126.63,12.1835,160.506,1133.84,-12.5322,141.7,1123.14,18.9993,145.037,1121.64,-24.3771,128.11,1112.56,35.9779,148.99,1104.76,-20.9299,128.842,1105.2,37.3658,178.152,1122.2,-8.12228,89.5355,1114.2,12.4394,90.2447,1127.31,-12.069,49.6617,1107.41,11.0074,50.2361,1146.97,-10.0786,9.71703,1124.11,14.8657,11.2936,1131.05,29.9817,208.138,1146.88,20.5401,215.216,1155.66,23.6258,225.997,1140.78,33.5124,218.979,1045.91,-6.49644,311.383
000808:1124.67,4.18473,162.698,1126.01,0.281583,165.211,1124.29,7.34017,165.158,1130.35,-5.09961,160.753,1125.18,11.8444,160.623,1131.37,-12.3065,141.839,1120.54,18.8347,145.545,1119.27,-23.8815,128.167,1110.19,35.8079,150.448,1103.41,-21.1851,128.211,1104.87,37.2153,179.942,1121.99,-7.63083,89.6457,1114.1,12.7184,90.4249,1125.75,-12.0416,49.9434,1106.46,10.9061,50.3581,1146.8,-10.0904,10.1147,1122.82,14.7529,11.4015,1131.97,29.4521,208.335,1147.82,20.2646,214.946,1157.59,22.9537,225.229,1142.59,32.5823,218.767,1049.32,-5.41982,309.73
000809:1124.6,3.95103,163.197,1125.47,0.0780663,165.692,1124.6,7.09316,165.721,1129.32,-5.28594,161.343,1125.78,11.6715,161.291,1130.4,-12.567,142.554,1122.09,18.9284,146.353,1120.08,-24.6918,128.507,1114.1,35.8307,150.645,1110.66,-22.7671,127.864,1106.72,36.9496,179.4,1120.79,-7.38749,90.9312,1115,13.0984,91.7002,1123.23,-11.5005,51.0083,1107.6,11.543,51.3024,1146.67,-10.4833,10.4914,1123.33,14.853,11.8131,1133.87,29.0762,207.84,1150.41,19.7991,214.408,1159.18,22.4666,224.85,1143.7,32.1506,218.395,1049.64,-5.47079,306.972
000810:1124.4,3.72826,163.714,1125.67,-0.132604,166.23,1124.45,6.95966,166.251,1129.5,-5.49665,161.744,1125.8,11.6045,161.678,1129.84,-12.8372,142.885,1122.28,18.859,146.624,1122.99,-25.5871,128.98,1112.84,35.8785,150.936,1122.98,-24.5155,128.128,1104.76,36.7798,179.63,1118.15,-7.64055,91.347,1112.96,12.8973,92.0576,1123.72,-11.721,51.2486,1107.01,11.4272,51.6391,1146.58,-10.6005,10.7311,1122.89,14.9726,12.1572,1130.1,28.7684,207.843,1145.68,19.8072,214.038,1156.23,22.2333,224.205,1141.54,31.6195,218.129,1053.08,-4.38949,305.305
000811:1124.4,3.69671,163.609,1126.06,-0.246915,166.081,1124.63,6.81098,166.159,1131.42,-5.73333,161.717,1126.2,11.2847,161.73,1133.08,-12.9328,142.847,1120.99,18.5768,146.816,1119.8,-24.4742,128.975,1108.77,35.2634,151.451,1103.24,-21.4235,128.976,1100.62,36.0305,180.444,1120.8,-7.39466,91.0302,1112.89,13.1663,92.0033,1124.4,-11.5551,51.0836,1105.96,11.8361,51.6186,1146.78,-10.5966,10.6761,1122.44,14.9744,12.1938,1131.55,28.371,207.77,1148.74,19.27,214.244,1160.24,21.8757,224.461,1143.94,31.3959,218.092,1053.42,-4.43817,302.936
000812:1123.97,4.06498,164.254,1125.51,0.177297,166.735,1124.16,7.24023,166.809,1129.72,-5.3751,162.315,1125.06,11.6848,162.26,1130.16,-12.7713,143.587,1119.85,18.7181,147.407,1117.13,-24.7932,129.845,1109.28,35.1689,151.988,1103.23,-22.2288,129.655,1103.83,35.7119,181.116,1118.45,-7.57672,92.3072,1111.5,12.9583,93.1449,1124.18,-11.6362,52.116,1106.76,11.6656,52.5874,1145.59,-10.9363,11.5499,1123.5,14.8817,12.9008,1132.18,27.655,207.985,1148.5,18.782,214.141,1159.8,21.1891,224.1,1144.33,30.4705,218.038,1053.35,-3.66546,301.324
000813:1123.2,3.82035,164.375,1124.64,-0.134713,166.835,1123.04,6.95397,166.949,1128.36,-5.65454,162.435,1123.64,11.4218,162.489,1128.73,-12.804,143.671,1119.49,18.7491,147.569,1115.29,-24.3396,130.082,1109.07,35.3803,152.199,1100.9,-20.9533,130.565,1103.01,35.7599,181.29,1120.57,-7.2645,91.9563,1113.99,13.3865,92.8482,1125.73,-11.4147,51.814,1107.44,12.1484,52.3609,1145.68,-10.8996,11.4638,1120.95,14.9399,13.0576,1132.56,27.3383,207.831,1149.08,18.3099,214.001,1160.5,20.6375,224.052,1144.66,30.096,217.983,1057.1,-3.39238,298.878
000814:1120.34,3.80394,164.674,1122,-0.099874,167.151,1120.82,6.94091,167.267,1127.51,-5.67897,162.884,1122.9,11.3571,162.919,1129.47,-13.0369,144.182,1120,18.5025,148.145,1114.73,-24.3723,130.112,1109.6,34.8642,152.677,1099.9,-20.5978,129.856,1101.43,35.1086,181.766,1120.46,-7.91419,92.7403,1113.8,12.7935,93.713,1125.74,-11.7033,52.4289,1107.86,12.0501,53.0505,1145.98,-11.1844,11.7207,1121.41,15.1429,13.5484,1130.14,26.8401,207.831,1146.31,17.8199,213.967,1160.11,20.2008,224.115,1144.7,29.6459,218.071,1060.65,-2.31252,296.788
000815:1121.35,3.63978,164.703,1122.68,-0.20898,167.186,1121.52,6.80451,167.294,1127.09,-5.68622,162.862,1122.49,11.2344,162.883,1129.42,-13.0056,144.185,1118.41,18.2444,148.172,1122.25,-25.195,130.007,1109.21,34.2936,152.648,1121.6,-23.4414,128.889,1103.13,34.5687,181.319,1117.98,-7.73443,92.973,1111.43,12.7132,93.9586,1123.42,-11.504,52.7423,1106.23,12.0234,53.3266,1145.44,-11.2447,11.9322,1121.43,15.3189,13.7418,1132.16,26.4074,208.11,1148.87,17.5389,214.209,1162.68,19.8943,224.251,1146.79,29.1685,218.26,1060.89,-2.35296,294.405
000816:1121.47,3.68713,165.164,1123.02,-0.263415,167.624,1121.91,6.83335,167.771,1127.38,-5.9125,163.323,1123.88,11.2489,163.371,1128.92,-13.3318,144.542,1121.01,18.4747,148.456,1115.95,-25.3144,130.881,1108.27,34.4852,153.03,1106.01,-22.1953,131.106,1097.05,33.8541,182.046,1121.19,-7.68539,92.7529,1115.91,13.2371,93.702,1126.64,-11.6032,52.491,1109.97,12.6851,53.0517,1144.89,-11.4586,11.9903,1119.44,15.4174,13.9578,1131.45,25.5954,208.189,1149.37,16.5513,214.452,1165.76,18.8954,224.72,1148.34,28.3876,218.567,1064.45,-1.26827,292.299
000817:1121.4,3.79174,165.48,1122.95,-0.187049,167.936,1121.68,6.91012,168.127,1128.15,-6.06885,163.666,1123.7,11.1206,163.701,1131.03,-13.7411,144.961,1121.09,18.1418,148.892,1115.94,-25.386,131.11,1109.72,34.0354,153.101,1098.46,-21.0394,131.527,1100.99,33.6167,181.958,1124.33,-8.12688,93.486,1117.76,12.8744,94.5855,1127.5,-11.4656,53.012,1110.52,12.7501,53.7734,1145.62,-11.5478,12.0434,1121.14,15.5311,14.2751,1133.04,25.143,208.36,1149.85,16.0869,214.504,1165.34,18.3567,224.716,1149.3,27.8438,218.64,1061.04,-0.83373,289.979
000818:1123.07,3.40956,165.943,1124.59,-0.534426,168.371,1123.51,6.53699,168.564,1128.56,-6.22698,164.018,1125.11,10.7775,164.053,1130.34,-13.7208,145.345,1121.21,17.806,149.137,1120.52,-26.0811,132.14,1109.57,33.6901,153.443,1110.81,-23.2097,133.104,1101.52,33.4455,182.125,1120.47,-7.93895,93.8445,1114.77,12.779,94.8796,1124.83,-11.3428,53.3366,1108.7,12.7138,54.037,1144.58,-11.684,12.279,1120.55,15.6315,14.4699,1133.14,24.618,209.026,1150.59,15.5154,215.196,1166.02,17.8256,225.474,1149.03,27.3646,219.357,1068.28,-0.219414,287.789
000819:1124.53,3.19495,165.818,1125.01,-0.726137,168.265,1124.32,6.32562,168.451,1126.26,-6.39736,164.047,1123.73,10.6031,164.089,1127.11,-13.9203,145.388,1120.09,17.6077,149.406,1119.2,-26.2502,131.52,1112.11,33.249,154.061,1119.07,-23.8184,131.106,1106.66,32.749,183.04,1122.51,-8.32536,93.8733,1118.18,12.5196,94.9633,1127.11,-11.7078,53.4211,1112.23,12.7168,54.0524,1144.37,-11.8379,12.5395,1119.83,15.7488,14.8513,1134.34,24.3398,209.27,1149.61,15.2162,215.441,1164.31,17.5629,225.662,1149.93,27.1132,219.655,1068.4,0.53801,285.366
000820:1128.04,2.82672,165.362,1128.39,-1.0727,167.778,1127.8,5.96864,167.994,1128.11,-6.48702,163.632,1126.82,10.3854,163.742,1126.66,-13.6137,145.296,1123.12,17.4265,149.417,1119.23,-26.2519,132.013,1115.03,32.4909,154.855,1123.87,-25.0838,132.089,1107.46,31.5233,184.116,1122.67,-7.91823,94.0043,1120.43,12.666,95.0358,1127.55,-11.5472,53.392,1113.4,12.7879,53.9103,1143.79,-12.0178,12.4858,1118.72,15.7476,14.6432,1135.81,23.4194,210.167,1150.49,14.5288,216.221,1165.67,16.9308,226.099,1151.66,26.2467,220.281,1072.02,0.845206,283.656
000821:1129.03,2.86527,166.453,1129.84,-1.04336,168.868,1129.17,5.97839,169.091,1131.05,-6.61167,164.502,1128.58,10.3532,164.64,1130.61,-13.8474,145.693,1122.64,17.4509,149.871,1119.01,-25.7761,131.575,1110.24,32.7759,154.548,1114.41,-23.4067,131.069,1100.89,31.832,183.636,1123.17,-8.10398,94.2725,1118.85,12.6496,95.3906,1126.2,-11.5952,53.9544,1112.51,13.0139,54.4908,1143.68,-12.3155,13.1146,1119.39,15.8029,15.3941,1134.96,23.0362,210.154,1151.5,13.6168,216.434,1169.14,15.9962,227.116,1153.4,25.8652,220.952,1072.14,1.60436,281.227
000822:1130.85,2.84742,166.317,1131.55,-1.09231,168.73,1130.76,5.90451,168.983,1132.06,-6.74223,164.588,1129.15,10.1451,164.712,1130.02,-14.003,146.037,1122.42,17.0865,150.258,1116.25,-25.8265,132.101,1111.03,31.8152,155.235,1110.15,-23.3466,131.804,1104.09,30.6303,184.365,1123.23,-8.10682,94.7756,1118.7,12.5803,95.9792,1126.97,-11.6054,54.2982,1111.66,13.018,54.9831,1144.43,-12.4051,13.285,1119.57,15.7165,15.6326,1134.88,22.3818,210.941,1150.84,13.0863,217.28,1167.68,15.5547,227.687,1152.46,25.2808,221.52,1075.88,1.90355,279.103
000823:1129.34,2.58316,167.203,1130.06,-1.2873,169.617,1129.8,5.72057,169.876,1130.92,-6.79818,165.296,1129.35,10.1721,165.468,1128.28,-13.8955,146.575,1123.46,17.2324,150.94,1114.48,-25.553,132.259,1111.93,31.8771,155.977,1116.06,-23.4606,131.385,1100.45,30.1285,185.512,1118.7,-8.12294,95.5773,1116.32,12.5634,96.6681,1124.51,-11.6483,54.9765,1112.39,13,55.4099,1142.61,-12.4596,13.8436,1118.29,15.8073,16.0947,1131.27,21.6359,211.777,1145.96,12.3416,217.992,1164.21,14.7893,228.539,1150.41,24.5125,222.495,1076.13,1.8628,276.696
000824:1131.61,2.14377,167.273,1131.53,-1.75355,169.669,1131.14,5.2295,169.947,1130.48,-7.13166,165.385,1127.92,9.72697,165.627,1126.79,-13.9276,146.706,1120.26,16.9614,151.177,1111.29,-25.3405,132.437,1110.55,31.4504,156.27,1109.98,-23.5866,131.539,1105.92,29.6599,185.643,1120.11,-7.78687,95.4288,1116.88,12.8188,96.6415,1125.26,-11.4874,54.92,1114.57,13.3261,55.2549,1140.47,-12.5554,14.1641,1119.19,15.9918,16.1008,1136.49,20.9648,212.745,1149.83,11.3647,218.926,1166.46,13.6921,229.643,1154.36,23.735,223.699,1076.25,2.62358,274.261
000825:1130.38,2.23426,167.772,1131.09,-1.6756,170.169,1130.03,5.3834,170.436,1131.98,-7.21055,165.713,1127.87,9.85639,165.866,1129.54,-14.3034,146.799,1120.62,16.9643,151.06,1115.17,-25.7065,132.703,1108.47,31.4961,155.934,1109.01,-22.9325,132.616,1104.45,29.4154,185.745,1120.52,-8.39396,95.4525,1115.1,12.4493,96.6475,1126.41,-11.9425,55.0533,1110.52,13.117,55.7484,1143.14,-12.7384,14.2818,1116.33,15.9414,16.9071,1134.91,20.3702,213.725,1149.39,10.5792,220.199,1164.83,13.067,231.164,1151.43,23.3117,224.876,1076.37,3.38441,271.825
000826:1130.84,1.94981,167.93,1131.27,-1.99319,170.289,1130.75,5.06393,170.596,1131.05,-7.47884,165.954,1129.89,9.4789,166.1,1127.78,-14.3806,147.257,1124.86,16.5409,151.471,1113.65,-25.784,134.038,1113.53,30.705,157.004,1111.19,-23.2078,135.258,1103.51,28.2547,187.253,1122.1,-8.38413,95.7415,1120.51,12.3944,96.8099,1126.29,-12.0795,55.2197,1115.54,13.0709,55.539,1142.04,-12.9363,14.3314,1117.88,15.904,16.5548,1135.37,19.5418,214.987,1149.34,9.72091,221.505,1167.11,12.2166,232.466,1154.1,22.5337,226.196,1080.13,3.68834,269.673
000827:1132.46,1.69266,168.403,1132.36,-2.21843,170.783,1132,4.80904,171.073,1131.64,-7.60272,166.364,1129.94,9.3337,166.546,1127.96,-14.3729,147.471,1124.3,16.4902,151.858,1115.36,-25.743,133.481,1114.24,30.6907,157.184,1120.24,-24.1671,133.341,1106.67,28.2351,187.27,1120.92,-8.23347,95.9392,1119.16,12.4633,97.0529,1126.25,-11.9999,55.4119,1116.37,13.1323,55.6802,1140.85,-12.7974,14.7119,1116.69,16.1675,16.9251,1133.62,18.9896,216.291,1145.58,8.88099,222.736,1161.57,11.2495,233.985,1150.98,21.8528,227.847,1083.91,3.99372,267.51
000828:1130.1,1.79434,168.458,1130.92,-2.16265,170.839,1130.1,4.88936,171.122,1132.81,-7.58407,166.472,1130.28,9.36759,166.651,1130.23,-14.2998,147.532,1126.27,16.4567,151.945,1112.44,-25.051,133.75,1114.23,30.3323,157.866,1105.09,-22.4617,134.257,1101.97,27.471,188.687,1123.2,-8.30243,95.5447,1121.12,12.4548,96.6768,1126.02,-12.3031,55.276,1114.92,13.1688,55.5399,1141.99,-13.0949,14.6556,1116.56,16.1551,16.9221,1131.7,18.4305,217.383,1144.82,8.16844,224.03,1162.23,10.6067,235.385,1149.98,21.3961,229.052,1084.01,4.75543,264.66
000829:1129.61,1.52796,169.295,1129.9,-2.38295,171.662,1129.27,4.64772,171.993,1130.64,-7.83628,167.23,1127.8,9.17657,167.382,1128.08,-14.6347,148.296,1122.05,16.185,152.684,1113.37,-25.588,134.335,1113.07,29.4073,158.094,1111.02,-23.4534,134.785,1107.63,26.0908,188.754,1119.16,-8.42331,96.8573,1115.71,12.3583,98.0105,1125.1,-12.3253,56.2641,1113.03,13.139,56.6467,1140.98,-13.2779,15.3875,1115.86,16.1793,17.7037,1129.83,17.2995,218.77,1142.05,7.01473,225.757,1155.78,9.85207,237.178,1144.88,20.6138,230.502,1084.37,4.70322,261.835
000830:1129.89,1.20074,168.989,1129.79,-2.66427,171.379,1129.58,4.34551,171.729,1130.27,-8.04265,167.084,1128.11,9.08093,167.325,1127.84,-14.8046,148.165,1124.35,16.2236,153.032,1109.8,-25.2517,132.891,1119.01,28.8826,158.923,1107.63,-23.012,131.465,1113.15,24.7216,190.242,1123.34,-8.72991,97.1665,1120.95,12.2939,98.3877,1127.41,-12.6684,56.6877,1115.01,13.188,57.0815,1142.02,-13.5613,15.8498,1115.29,16.183,18.2722,1128.86,16.4387,220.415,1141.37,6.07812,227.735,1154.27,9.22888,239.245,1143.19,20.0475,232.328,1080.97,5.11771,259.155
000831:1132.64,0.807087,169.035,1132.64,-3.12018,171.39,1132.04,3.91196,171.787,1131.74,-8.4397,167.065,1129.35,8.65144,167.329,1127.18,-14.9312,148.061,1123.58,15.8588,152.804,1108.66,-24.5282,133.294,1117.18,28.1906,158.645,1103.42,-20.9741,133.656,1112.82,23.7492,190.308,1122.16,-8.80779,96.6468,1119.75,12.1967,97.8643,1127.47,-12.8318,56.179,1115.27,13.2933,56.5249,1142.49,-13.7577,15.3766,1117.14,16.1705,17.7586,1128.2,15.445,222.162,1139.69,4.535,230.081,1151.7,8.13173,242.164,1141.61,19.5455,234.645,1088.3,5.77752,257.193
000832:1129.75,0.950037,168.963,1130.3,-2.96105,171.318,1129.56,4.05851,171.702,1131.35,-8.22887,167.126,1129.22,8.76427,167.287,1128.82,-14.9268,148.16,1125.49,15.8613,152.686,1111.48,-24.8562,133.85,1118.57,27.7472,158.499,1104.95,-21.5005,135.205,1108.87,23.0624,190.217,1122.66,-8.94835,96.6198,1120.62,12.0863,97.7746,1127.56,-12.9631,56.1907,1116.14,13.2996,56.4609,1142.3,-13.8767,15.4233,1117.09,16.2973,17.8709,1121.9,14.4681,223.894,1132.44,3.10453,232.496,1144.95,7.24151,245.247,1135.74,19.1354,237.034,1088.56,5.73631,254.765
000833:1132.2,0.650946,169.228,1132.21,-3.19936,171.6,1131.29,3.76853,171.967,1131.98,-8.24932,167.401,1129.08,8.62114,167.512,1128.01,-14.709,148.359,1123.86,15.6859,152.782,1110.55,-24.0711,133.911,1117.72,27.2064,158.197,1103.93,-20.651,135.68,1111.62,22.11,189.878,1121.75,-9.00948,96.8868,1119.34,11.8479,97.9577,1126.21,-13.1854,56.63,1115.29,12.9101,56.7793,1140.56,-13.7584,16.0837,1115.64,16.3496,18.3318,1119.59,13.3376,225.887,1128.16,1.56897,234.992,1137.6,6.13717,248.195,1130.54,18.4527,239.514,1088.67,6.49976,251.908
000834:1131,0.416805,169.294,1130.7,-3.43588,171.679,1129.9,3.519,172.061,1130.29,-8.47031,167.539,1127.24,8.3844,167.616,1127.63,-15.0513,148.531,1122.4,15.5734,152.918,1115.68,-24.7218,133.795,1117.31,27.2453,157.904,1117.24,-21.9326,135.301,1108.87,22.487,189.042,1121.75,-9.14389,97.2379,1118.94,11.8008,98.3101,1125.9,-13.3151,56.8539,1113.79,12.8371,57.1192,1142.93,-14.1641,15.9488,1114.75,16.334,18.4958,1112.52,12.7731,228.079,1120.04,0.576199,237.521,1126.26,5.33854,251.098,1120.52,18.0718,242.116,1092.5,6.81547,250.095
000835:1132.09,0.430018,169.067,1135.34,-3.09285,171.571,1133.27,3.74301,171.839,1134.77,-8.21759,167.48,1131.38,8.7259,167.546,1128.07,-15.2121,148.619,1125.79,15.8388,153.659,1120.99,-24.4532,132.794,1114.63,26.6166,158.308,1124.51,-22.1312,133.653,1111.43,22.4135,190.584,1121.43,-9.1574,97.2815,1121.35,12.1125,98.3424,1129.51,-13.2193,56.7644,1118.13,13.1879,56.9367,1145.67,-14.1509,16.0419,1115.27,16.5238,18.8003,1103.8,11.5712,229.002,1104.99,-1.14011,238.504,1114.94,4.02562,252.978,1113.34,17.0678,243.215,1089.08,7.22949,247.832
000836:1129.99,0.327644,169.581,1133.65,-3.21295,172.121,1131.68,3.65707,172.4,1133.87,-8.31025,168.111,1130.94,8.71721,168.147,1127.65,-15.3361,149.135,1126.34,15.9734,153.902,1119.28,-24.1895,133.172,1115.62,26.6442,157.415,1114.68,-20.7288,134.839,1109.98,21.9193,188.903,1121.61,-9.34801,97.4181,1121.82,12.1066,98.3832,1127.93,-13.3334,56.878,1116.75,13.2149,57.0315,1144.41,-14.304,16.0466,1116.32,16.5089,18.6231,1098.23,10.6442,229.521,1099.41,-2.44667,239.457,1105.6,2.95688,254.294,1103.97,16.3985,244.098,1096.56,7.88586,244.587
000837:1127.79,-0.230212,169.4,1131.39,-3.78522,171.907,1129.94,3.0462,172.236,1132.45,-8.73446,167.957,1130.49,8.13794,168.124,1127.81,-15.425,149.014,1125.92,15.5217,154.03,1117.6,-23.6049,132.777,1116.1,25.8149,157.846,1106.65,-19.7341,134.442,1105.17,20.7558,189.354,1120.97,-9.21869,97.4513,1121.31,12.0534,98.5279,1123.86,-13.262,57.2176,1115.33,13.2975,57.2104,1143.68,-14.5062,16.2042,1118.23,16.522,18.5141,1089.19,9.77859,229.405,1090.19,-3.33331,239.324,1094.62,2.13125,254.006,1093.27,15.6035,243.87,1096.83,7.84431,242.145
000838:1129.04,-0.249816,169.777,1132.59,-3.86722,172.282,1131.04,2.96195,172.622,1133.26,-8.91257,168.253,1131.32,7.96923,168.464,1126.38,-15.4435,149.13,1127.78,15.3886,153.938,1111.13,-22.7731,133.01,1118.81,25.9414,157,1098.51,-17.8948,135.258,1108.08,20.8042,187.98,1121.25,-9.21111,97.0894,1122.4,12.1245,98.0892,1127.97,-13.4835,56.6884,1118.15,13.5657,56.7696,1142.85,-14.7595,16.121,1116.23,16.818,18.5325,1085.26,9.73239,227.674,1083.98,-3.51415,237.459,1086.96,1.77654,252.209,1087.86,15.3884,242.217,1085.96,6.8009,242.782
000839:1126.09,-0.564145,169.977,1129.01,-4.13154,172.477,1128,2.67246,172.815,1130.37,-9.22569,168.247,1128.6,7.7425,168.54,1126.43,-15.8299,148.985,1126.5,15.3244,154.056,1120.46,-23.8007,131.883,1118.39,26.5607,156.858,1122.62,-20.1123,132.167,1104.55,21.6672,187.374,1120.18,-9.30108,97.6116,1121.76,12.0725,98.6283,1125.1,-13.4427,57.3898,1118.34,13.4851,57.3591,1140.65,-14.9763,16.8406,1115.62,16.7581,19.0727,1076.48,9.67759,225.583,1072.08,-3.27964,234.497,1075.26,1.40107,248.976,1079.76,14.6878,239.88,1068.18,5.87831,243.794
000840:1124.29,-1.00595,170.656,1128.09,-4.59006,173.16,1126.64,2.2317,173.49,1131.35,-9.65939,168.85,1129.1,7.27185,169.117,1128.69,-16.0593,149.53,1127.75,14.864,154.224,1124.32,-23.9319,133.098,1118.83,26.5335,156.258,1120.5,-19.762,134.345,1104.11,21.7667,185.738,1121,-9.62594,97.7136,1121.09,11.5868,98.686,1126.22,-13.6439,57.3912,1116.28,13.0427,57.5549,1142.03,-15.0831,16.7661,1117.08,16.5291,18.9583,1071.87,9.54742,221.156,1067.14,-3.12394,229.271,1067.77,0.839877,243.277,1072.62,13.8494,234.977,1057.66,5.64673,243.985
000841:1122.51,-0.962724,170.838,1123.9,-4.84153,173.201,1123.79,2.09332,173.724,1128.28,-10.0958,168.629,1126.83,6.93354,169.075,1128.04,-15.9508,149.028,1127.31,14.6524,153.63,1113.36,-23.3912,133.405,1122.73,27.5993,156.558,1105.08,-17.8979,134.761,1098.14,22.3809,184.995,1118.57,-9.33316,97.7321,1117.83,11.6487,98.7006,1122.54,-13.6856,57.5577,1113.97,13.0407,57.662,1140.21,-15.0793,16.9124,1117.28,16.7147,18.6414,1066.68,10.7655,216.281,1067.73,-0.578145,223.353,1066.43,2.39861,235.454,1066.41,14.133,228.704,1044.02,5.061,242.804
000842:1122.89,-1.59021,170.885,1124.19,-5.42402,173.264,1124.6,1.49114,173.818,1128.61,-10.6928,168.779,1128.72,6.33303,169.264,1128.77,-16.5548,149.294,1131.13,14.2707,153.763,1116.31,-24.3355,133.807,1127.47,27.8478,155.655,1110.48,-18.6623,135.327,1100.8,22.7895,182.488,1120.48,-9.7469,98.4164,1121.11,11.3336,99.3057,1124.02,-13.8539,58.0991,1116.24,12.7641,58.2585,1139.12,-15.0907,17.4338,1116.65,16.6798,18.9949,1061.14,11.6454,210.816,1061.09,1.09668,217.354,1057.92,3.84838,228.674,1058.95,14.6974,222.388,1033.78,5.6013,241.807
000843:1123.06,-1.87206,171.145,1124.56,-5.8003,173.477,1125.17,1.16879,174.07,1127.69,-11.2726,168.682,1128.95,5.88554,169.347,1125.5,-16.7378,149.025,1130.71,13.9288,153.637,1108.32,-23.4332,134.297,1126.47,28.2765,155.93,1093.8,-15.3643,137.325,1099.71,23.2866,182.94,1119.33,-9.79335,97.9608,1120.56,11.3416,98.8992,1122.79,-13.9529,57.778,1113.57,12.9845,58.0754,1137.28,-15.0213,17.253,1116.64,16.8257,18.5919,1056.14,12.3898,204.511,1055.58,2.94584,209.975,1050.66,5.12008,219.76,1051.78,14.8186,214.474,1023.75,5.37876,242.393
001003:332.96,-8.82706,1.24787
