001435:1205.19,-54.2217,160.908,1200.87,-57.828,162.673,1209.34,-53.4242,163.665,1196.52,-63.7042,157.517,1219.77,-54.5868,159.803,1177.28,-64.4072,138.955,1232.82,-52.0333,142.444,1132.08,-59.9763,125.524,1241.96,-40.1619,133.439,1115.38,-48.2058,132.596,1211.88,-33.6433,142.903,1195.62,-56.4002,88.4474,1226.47,-47.4217,90.5589,1184.92,-45.4937,51.0414,1226.4,-39.5678,51.7981,1179.62,-46.2127,15.0814,1225.24,-41.9781,16.4034,1207.42,-61.3443,170.453,1221.01,-77.832,167.898,1219.32,-84.7903,182.383,1206.22,-67.3408,184.306,0,0,0
001436:1202.58,-54.3711,161.004,1199.37,-58.0355,162.768,1206.35,-53.4581,163.726,1196.81,-63.9435,157.644,1217.04,-54.5044,159.876,1181.58,-65.0154,138.972,1229.36,-51.853,142.521,1143.3,-61.3973,125.318,1236.76,-39.8297,133.816,1122,-49.2444,132.325,1214.38,-34.2135,143.379,1197.72,-57.124,88.4235,1223.55,-47.8405,90.7603,1187.13,-45.8264,50.9689,1221.56,-40.2761,52.1041,1178.62,-45.8451,15.1492,1220.82,-43.0479,16.7735,1209.71,-62.6706,169.34,1220.97,-78.9713,166.476,1217.32,-86.1174,180.866,1207.14,-68.9317,183.209,0,0,0
001437:1200.48,-53.9501,160.93,1196.41,-57.6336,162.705,1204.31,-53.2384,163.649,1193.91,-64.0468,157.477,1216.06,-54.9983,159.782,1180.53,-65.2962,138.79,1230.77,-53.199,142.476,1145.79,-60.8649,124.345,1239.58,-41.6053,133.594,1128.4,-47.9066,130.524,1214.44,-34.655,143.003,1200.24,-57.6619,87.9733,1227.15,-48.894,90.4358,1188.7,-46.0061,50.5344,1223.57,-40.6874,51.9138,1183.1,-46.8091,14.5452,1221.98,-43.9201,16.8368,1208.46,-63.2593,168.874,1220.87,-79.4396,165.538,1213.68,-86.6723,179.471,1202.35,-69.5518,182.193,0,0,0
001438:1200.41,-54.1156,161.277,1196.96,-57.898,163.037,1203.89,-53.2534,163.971,1195.95,-64.4293,157.797,1215.53,-54.8215,159.986,1183.6,-66.3058,138.936,1229.14,-52.5377,142.412,1146.74,-64.1142,125.444,1239.96,-40.6724,133.599,1124.06,-52.49,132.734,1217.03,-35.001,142.981,1201.2,-57.7407,87.9477,1225.37,-48.2805,90.3553,1189,-46.1721,50.2776,1218.76,-41.1423,51.8046,1186.84,-47.1031,13.8352,1219.37,-45.4951,16.37,1207.7,-64.6868,168.129,1218.5,-80.5887,164.85,1210.46,-87.6303,178.697,1200.54,-70.8515,181.419,0,0,0
001439:1199.38,-54.4642,161.302,1196.16,-58.1478,163.125,1202.75,-53.452,164.034,1195.11,-64.3752,157.987,1213.33,-54.5242,160.14,1183.25,-66.2321,139.119,1225.33,-52.0387,142.664,1148.91,-64.5847,124.951,1235.54,-40.8161,134.117,1127.31,-53.5859,130.942,1217.56,-36.4158,143.941,1198.72,-58.1752,88.1802,1220.66,-48.5763,90.5731,1190.6,-46.8491,50.2965,1216.04,-41.95,51.9349,1190.43,-47.8882,13.5464,1217.51,-46.7097,16.5375,1211.99,-65.8742,167.393,1223.17,-81.6123,164.047,1214.21,-88.5486,177.842,1204.1,-71.9452,180.691,0,0,0
001440:1197.08,-54.7453,161.59,1194.26,-58.4059,163.473,1200.84,-53.6753,164.381,1196.55,-64.8286,158.342,1214.52,-54.787,160.515,1187.29,-66.9558,139.206,1229.12,-52.2549,142.802,1149.89,-65.5278,123.986,1238.06,-40.8987,133.438,1120.4,-54.4327,128.516,1214.65,-36.4618,142.471,1201.89,-58.8221,88.1493,1222.8,-48.9986,90.5523,1192.24,-47.2088,50.4216,1214.93,-42.586,52.2403,1190.17,-48.309,13.9384,1213.5,-47.903,17.2803,1210.61,-66.7799,166.378,1224,-82.7468,162.925,1213.97,-89.7609,177.025,1201.18,-72.8367,179.939,0,0,0
001441:1197.85,-55.3279,160.7,1196.76,-59.2483,162.747,1201.03,-54.2023,163.276,1193.65,-64.8037,157.354,1210.65,-54.9099,159.62,1179.35,-66.1554,138.755,1220.07,-51.9799,142.59,1133.58,-63.9714,124.859,1234.03,-41.2621,134.18,1105.62,-53.8724,129.835,1208.61,-36.3181,143.104,1188.56,-57.257,88.0313,1213.08,-48.4982,90.5504,1184.76,-46.0188,50.8848,1212.25,-42.8978,52.4806,1185.89,-46.7016,14.9393,1219.86,-49.1531,17.4253,1214.8,-67.7509,165.867,1230.14,-83.8129,162.018,1229.36,-92.6902,175.712,1213.28,-75.3692,179.046,0,0,0
001442:1197.51,-55.8268,160.701,1196.35,-59.7207,162.755,1199.9,-54.6885,163.27,1193.75,-65.3871,157.388,1209.05,-55.5576,159.635,1183.5,-66.9108,138.786,1219.69,-53.0524,142.789,1146.28,-64.5548,124.283,1234.09,-42.4459,134.626,1122.45,-54.1892,128.427,1213.25,-37.3095,143.629,1194.53,-58.4648,88.0083,1215.61,-49.8388,90.7387,1190.49,-47.0489,50.8209,1211.26,-44.055,52.8706,1189.11,-47.3287,15.0641,1211.84,-49.6644,18.4831,1218.59,-68.7414,165.01,1232.11,-84.6541,160.676,1230.91,-94.0312,174.162,1216.98,-76.8511,178.028,0,0,0
001443:1196.69,-56.3525,160.791,1195.29,-60.1276,162.924,1199.08,-55.0077,163.476,1194.38,-65.6595,157.631,1210.75,-55.6018,159.913,1186.92,-67.3597,138.67,1223.62,-52.7841,143.064,1158.69,-66.2588,122.044,1235.97,-41.8611,134.402,1147.12,-57.4802,122.999,1205.94,-36.8863,142.91,1195.26,-58.8488,88.1395,1216.73,-49.9908,90.8772,1191.15,-47.2711,50.9326,1209.78,-44.7931,53.0234,1193.24,-47.3143,14.7477,1206.46,-50.4283,18.8768,1215.24,-69.0901,163.65,1227.36,-84.8514,159.224,1226.18,-94.3496,173.004,1213.17,-77.2354,176.963,0,0,0
001444:1201.39,-57.1294,160.737,1199.63,-60.9384,162.826,1203.98,-55.8035,163.367,1195.32,-66.2931,157.594,1212.7,-56.0793,159.797,1182.87,-67.897,138.867,1223.3,-52.6881,142.784,1146.4,-67.0039,123.651,1238.24,-41.5017,133.739,1125.92,-57.97,126.406,1214.44,-37.4675,141.73,1194.55,-59.0705,88.5785,1218.91,-49.7958,90.995,1186.66,-47.8631,51.8278,1213.79,-44.8618,53.2482,1184.19,-47.9031,16.3382,1215.62,-50.7365,18.6104,1217.19,-70.4942,162.967,1233.49,-86.766,158.668,1231.92,-96.2079,172.711,1215.06,-78.6643,176.507,0,0,0
001445:1201.95,-57.5618,161.019,1200.81,-61.4305,163.076,1204.36,-56.266,163.637,1198.43,-67.0403,157.736,1213.81,-56.8365,159.894,1186.99,-68.7336,138.952,1223.98,-53.6917,142.95,1146.38,-67.8537,124.319,1237.16,-42.1572,134.17,1119.8,-59.0371,127.825,1212.71,-37.5054,142.075,1196.82,-59.4652,88.6335,1218.25,-50.266,91.1823,1190.05,-48.469,51.5185,1210.45,-45.4968,53.3774,1186.59,-48.5224,15.9472,1208.64,-50.9236,18.7805,1216.51,-71.08,162.154,1232,-87.0807,157.362,1232.86,-97.1155,170.974,1216.32,-79.7932,175.257,0,0,0
001446:1203.09,-58.3708,160.905,1201.6,-62.124,163,1206.05,-57.118,163.533,1199.46,-67.471,157.667,1217.09,-57.6481,159.902,1187.99,-68.8968,138.765,1228.91,-54.476,142.777,1148.7,-68.2892,124.028,1239.48,-42.7533,134.071,1125.36,-60.1024,127.165,1205.71,-37.891,141.96,1198.02,-59.886,88.2425,1222.34,-51.1202,90.714,1188.79,-48.5436,51.6662,1213.68,-46.0562,53.2285,1185.41,-48.8325,16.4186,1210.98,-51.8598,19.0132,1216.29,-71.5923,161.275,1233.4,-87.9249,156.332,1234.33,-98.0608,170.192,1216.06,-80.3727,174.666,0,0,0
001447:1202.08,-58.4929,160.814,1200.41,-62.2578,162.829,1204.23,-57.2944,163.411,1196.4,-67.4854,157.443,1213.9,-57.8492,159.748,1187.66,-68.6172,138.644,1224.16,-54.7326,142.859,1158.7,-67.3897,123.523,1233.48,-43.3346,134.459,1144.49,-58.9254,126.467,1209.45,-38.9248,142.705,1196.18,-59.4725,88.3395,1218.08,-51.1176,90.9215,1190.75,-48.4088,51.6738,1213.81,-46.819,53.2734,1180.38,-48.4127,17.2149,1204.96,-53.0321,19.7449,1215.17,-72.1067,160.461,1229.45,-88.1293,155.086,1227.53,-98.4394,168.587,1213.35,-81.1857,173.519,0,0,0
001448:1202.99,-58.8377,160.897,1201.04,-62.6041,162.972,1204.78,-57.6744,163.476,1196.78,-68.1263,157.548,1213.37,-58.5255,159.82,1187.08,-69.5941,138.777,1224.91,-55.9416,142.988,1153.16,-68.4825,123.365,1237.25,-44.3451,134.393,1130.35,-59.6469,125.418,1214.26,-38.8796,141.849,1202.17,-61.0718,88.4785,1224.8,-52.8864,91.1684,1191.21,-48.9896,52.0051,1215.21,-47.8677,53.7826,1180.84,-48.7768,17.4897,1207.39,-53.8885,20.1421,1221.33,-73.2907,159.876,1234.89,-89.189,154.04,1234.07,-100.017,167.381,1220.01,-82.8004,172.797,0,0,0
001449:1203.87,-59.6142,160.513,1202.02,-63.3968,162.567,1207.69,-58.3576,163.129,1198.83,-68.7845,157.295,1220.97,-59.0219,159.527,1185.09,-70.0695,138.629,1237.53,-56.0086,142.921,1142.07,-68.9938,123.399,1250.17,-44.0315,134.826,1119.35,-60.4711,125.299,1209.42,-39.3287,143.37,1199.82,-61.196,88.9205,1231.55,-52.8695,91.1747,1186.71,-49.508,52.5339,1218.9,-48.7345,53.5315,1181.98,-48.8189,17.5117,1213.31,-54.9161,19.208,1217.71,-74.0963,159.24,1230.99,-89.6113,153.306,1237.06,-100.994,166.314,1222.55,-84.078,171.873,0,0,0
001450:1200.11,-59.3291,161.421,1197.76,-63.0666,163.549,1203.16,-58.1265,164.119,1196.58,-68.9173,158.114,1218.55,-59.4467,160.415,1188,-70.5804,138.945,1238.85,-57.28,143.463,1155.17,-69.6383,121.752,1251.98,-45.2961,133.992,1141.11,-61.3546,121.193,1204.96,-38.4615,140.604,1204.21,-61.8799,88.7647,1236.18,-54.1763,91.1577,1184.93,-49.2076,52.7597,1223.08,-50.007,53.6043,1178.22,-48.5638,18.176,1219.58,-56.6458,19.2952,1213.77,-74.2532,157.968,1226.7,-89.8619,151.852,1226.58,-101.086,165.146,1212.02,-83.9554,170.772,0,0,0
001451:1201.08,-59.748,161.624,1199.35,-63.6098,163.731,1202.77,-58.3964,164.235,1198.55,-69.5796,158.446,1213.05,-59.1175,160.522,1193.79,-71.8102,139.583,1226.96,-56.2893,143.739,1165.48,-72.0755,123.891,1235.45,-43.8742,134.782,1144.9,-63.1987,125.603,1200.81,-38.8258,141.864,1210.04,-62.9391,88.9928,1231.74,-54.0003,91.5672,1191.69,-50.6383,52.449,1221.1,-50.699,53.6034,1182.04,-49.4016,17.7057,1218.58,-57.5885,18.854,1215.57,-76.0096,157.313,1229.28,-91.3686,150.614,1229.64,-103.108,163.335,1215.03,-86.3661,169.647,0,0,0
001452:1200.8,-60.1719,161.031,1198.92,-64.0312,163.159,1202.59,-58.803,163.666,1198,-70.0466,157.849,1214.24,-59.7628,160.027,1191.86,-72.264,138.792,1230.95,-57.2269,143.361,1158.63,-72.1855,121.986,1243.74,-44.8677,134.854,1136.57,-63.2577,121.726,1207.98,-39.5552,142.428,1210.93,-63.6832,88.2159,1235.8,-55.1346,90.9041,1193,-50.7868,51.8169,1225.94,-51.7346,52.8692,1180.07,-48.9045,17.4626,1220.06,-58.6179,18.5951,1220.02,-76.7609,156.641,1232.15,-91.9112,149.727,1233,-103.915,162.347,1219.44,-87.2853,168.9,0,0,0
001453:1200.07,-60.1059,161.451,1198.92,-64.0157,163.584,1201.78,-58.654,164.098,1198.8,-70.0813,158.456,1212.55,-59.41,160.492,1193.61,-72.6034,139.472,1224.86,-56.4627,143.914,1166.22,-73.7379,122.786,1234.2,-44.1259,135.332,1148.79,-65.764,122.66,1200.92,-39.6527,142.778,1204.97,-63.386,89.1741,1227.14,-54.4074,91.8124,1185.09,-50.749,52.7548,1221.13,-52.0125,53.432,1178.38,-49.047,17.7507,1229.22,-59.8903,17.6162,1222.28,-78.2465,155.744,1233.64,-93.239,148.84,1234.86,-105.271,161.369,1222.03,-88.8168,167.914,0,0,0
001454:1203.4,-60.9431,161.757,1201.34,-64.8012,163.916,1204.88,-59.4618,164.398,1199.06,-70.723,158.836,1215.12,-60.156,160.816,1191.96,-72.9764,139.974,1231.03,-57.5396,144.306,1161.88,-73.3316,123.586,1244,-45.569,135.874,1144.24,-64.9166,123.542,1209.98,-41.5245,143.657,1211.48,-64.5051,89.3056,1239.27,-55.8658,91.6913,1185.79,-51.7005,53.158,1232.34,-53.5817,53.0742,1171.78,-48.8081,18.9148,1237.53,-60.6549,17.1847,1223.46,-78.9077,155.371,1235.27,-93.713,148.097,1237.13,-106.19,160.226,1223.92,-89.8933,167.232,0,0,0
001455:1209.66,-62.0213,161.123,1207.32,-65.8416,163.275,1211.82,-60.6669,163.81,1202.98,-71.4884,158.263,1221.61,-61.4351,160.378,1190.51,-72.9045,139.595,1235.59,-58.7353,144.23,1156.62,-72.4364,122.843,1252.91,-47.0254,135.999,1143.05,-64.5186,121.894,1219.89,-42.4517,143.646,1205.26,-63.9849,89.4786,1235.62,-56.1637,91.8939,1182.91,-51.3494,53.2799,1227.22,-54.0733,53.3661,1176.16,-49.0205,18.4608,1234.58,-61.5266,17.3124,1226.04,-79.5199,154.819,1237.78,-94.1781,147.006,1237.29,-106.884,158.766,1224.17,-90.7257,166.312,0,0,0
001456:1210.98,-62.4232,161.624,1208.64,-66.2656,163.787,1213.28,-61.1768,164.326,1205.2,-72.2563,158.601,1224.13,-62.3666,160.754,1193.46,-73.7275,139.654,1238.89,-60.1029,144.354,1158.25,-72.5545,122.313,1251.32,-48.1286,135.524,1141.12,-63.9431,120.951,1212.04,-42.2096,142.462,1208.63,-64.7625,89.2051,1239.41,-57.24,91.6545,1185.3,-51.861,52.8475,1232.26,-55.1254,52.8946,1176.36,-49.263,18.1981,1238.56,-62.3864,16.7003,1226.89,-80.165,153.815,1239.96,-94.9982,145.984,1239.9,-107.76,157.808,1225.2,-91.3659,165.289,0,0,0
001457:1214.09,-63.2965,161.041,1210.29,-66.9661,163.219,1218.12,-62.0938,163.729,1203.99,-72.5154,158.224,1230.25,-63.255,160.309,1185.71,-73.5222,139.676,1247.39,-60.967,144.105,1140.74,-72.4382,123.697,1263.71,-48.7358,135.587,1128.48,-64.7954,123.155,1209.57,-42.3519,142.777,1205,-65.0647,89.7684,1246.4,-58.1925,91.7561,1180.43,-52.1047,53.7592,1238.56,-56.0693,53.02,1179.1,-49.579,18.646,1250.61,-63.346,16.122,1220.46,-80.2805,153.207,1236.36,-94.9558,145.181,1238.3,-107.832,156.506,1220,-91.5459,164.216,0,0,0
001458:1213.6,-63.4966,160.96,1208.97,-67.0483,163.22,1218.37,-62.4391,163.687,1202.6,-72.622,158.333,1233.88,-64.1332,160.466,1183.07,-73.4896,139.82,1258.94,-62.8501,144.127,1135.64,-71.6191,123.433,1281.23,-51.1187,135.235,1124.52,-63.6135,122.025,1217.42,-43.3034,142.092,1210.18,-66.2224,89.175,1259.31,-60.4032,90.9737,1178.95,-52.3733,53.5027,1241.37,-57.3059,52.6077,1180.82,-50.0085,18.2258,1249.59,-64.3442,16.1358,1224.03,-80.8473,152.37,1239.26,-95.5231,144.212,1242.26,-108.562,155.445,1224.23,-92.1989,163.303,0,0,0
001459:1217.93,-64.327,161.164,1213.33,-67.9069,163.394,1221.88,-63.2573,163.836,1204.53,-73.1982,158.484,1232.43,-64.5094,160.606,1184.04,-73.8519,140.038,1251.12,-62.6815,144.493,1142.61,-72.9188,124.074,1275.27,-51.228,136.564,1140.34,-66.2802,122.899,1230.75,-45.2184,144.226,1205.83,-65.7923,89.7148,1249.46,-59.8111,91.7134,1180.39,-52.4011,53.7317,1235.81,-57.5925,53.2005,1181,-49.6629,18.5061,1243.7,-65.0974,16.7058,1229.53,-81.6429,151.876,1241.49,-95.669,143.426,1243.46,-108.703,153.97,1229.39,-93.1748,162.251,0,0,0
001460:1212.51,-63.8368,161.427,1210.02,-67.6281,163.61,1215.65,-62.6896,164.009,1206.24,-73.4117,158.745,1226.93,-63.979,160.655,1193.88,-74.896,140.316,1243.07,-61.976,144.345,1158.52,-74.6793,125.571,1262.42,-49.8867,136.401,1147.18,-66.9984,126.589,1227.02,-44.7225,144.093,1209.43,-66.2662,89.4769,1242.46,-59.4061,91.6709,1186.3,-53.1202,53.2202,1233.08,-58.1312,53.035,1184.43,-49.5995,18.2107,1244.08,-65.9161,16.312,1231.64,-82.4725,150.414,1244.11,-96.6254,141.457,1243.37,-110.106,151.869,1229.54,-94.5826,160.707,0,0,0
001461:1213.87,-64.1062,161.346,1210.94,-67.9354,163.542,1216.8,-62.9911,163.89,1207.63,-74.1353,158.61,1227.92,-64.6149,160.473,1196.75,-75.9909,140.301,1244.99,-63.2573,144.096,1161.77,-75.5955,126.265,1262.97,-51.5372,136.36,1150.83,-66.8589,128.424,1224.72,-46.0655,144.406,1215.32,-67.9823,88.9948,1247.67,-61.0785,91.2645,1190.99,-54.318,52.5084,1235.55,-58.915,52.6402,1186.15,-50.6931,17.5889,1242.68,-66.2738,16.2353,1233.37,-84.2697,149.761,1248.88,-98.298,140.401,1246.11,-111.734,150.228,1228.84,-96.2763,159.455,0,0,0
001462:1213.85,-64.511,161.212,1212.14,-68.4874,163.393,1215.57,-63.1917,163.706,1210.24,-74.7659,158.635,1223.47,-64.2813,160.292,1201.89,-77.2546,140.529,1233.97,-62.0887,144.027,1168.94,-78.881,127.971,1251.02,-49.8932,136.743,1154.48,-70.9435,131.787,1227.25,-46.3626,145.11,1213.8,-68.2827,89.2747,1236.5,-60.2019,91.7025,1191.47,-54.9115,52.4085,1226.45,-59.2716,52.9512,1188.34,-50.4217,17.1456,1239.56,-67.0904,15.8233,1228.31,-85.272,149.033,1243.89,-98.6176,139.369,1240.19,-112.01,148.256,1222.64,-97.3884,157.888,0,0,0
001463:1214.78,-64.7643,161.469,1214.61,-68.8687,163.681,1217.06,-63.303,163.972,1214.91,-75.2802,159.221,1226.07,-64.1341,160.71,1209.3,-78.5919,141.151,1234.22,-61.4726,144.103,1178.48,-81.6448,128.988,1247.2,-49.2287,136.39,1155.27,-73.2115,133.595,1227.84,-47.4013,144.833,1215.65,-69.4291,89.347,1233.13,-60.3135,91.7499,1194.34,-55.9127,52.005,1221.31,-59.7584,52.9147,1189.43,-51.0179,16.4598,1232.77,-68.1635,15.8225,1231.6,-86.9302,148.223,1246.81,-100.293,138.932,1243.95,-113.451,148.058,1227.65,-98.9597,157.39,0,0,0
001464:1216.11,-65.2135,161.157,1215.41,-69.282,163.371,1219.71,-63.9559,163.651,1215.55,-75.7426,158.908,1229.99,-65.0383,160.435,1209.74,-78.8439,140.941,1239.65,-62.4022,143.769,1177.84,-80.5334,128.603,1250.42,-49.3744,135.133,1155.77,-70.6439,133.346,1219.13,-45.7886,142.646,1216.23,-69.7408,89.4884,1237.24,-61.0816,91.7233,1195.19,-56.2024,52.1718,1229.31,-61.028,52.6388,1188.88,-50.991,16.8279,1241.17,-69.5696,15.2222,1236.33,-87.5831,147.43,1252.72,-101.283,138.004,1242.74,-113.953,147.26,1226.26,-99.2563,156.58,0,0,0
001465:1213.27,-65.2969,160.761,1212.84,-69.376,162.969,1216.68,-64.0949,163.221,1215.12,-76.0551,158.577,1229.76,-65.5842,160.032,1212.09,-79.2897,140.735,1240.18,-63.1925,143.31,1179.79,-80.7479,129.101,1243.77,-49.2515,134.414,1153.57,-70.3858,134.761,1201.21,-43.9919,141.21,1218.85,-70.2891,89.105,1239.47,-61.9083,91.2892,1192.6,-56.3638,52.2505,1228.34,-61.8326,52.5631,1187.42,-50.9511,17.1732,1240.63,-70.2487,15.2494,1234.3,-87.7045,146.719,1254.88,-102.061,136.947,1251.07,-115.781,146.379,1229.69,-100.268,156.067,0,0,0
001466:1213.17,-66.3761,159.707,1213.27,-70.2979,161.911,1217.56,-65.0728,162.179,1217.41,-76.3863,157.763,1233.23,-66.129,159.2,1208.57,-78.9672,140.473,1245.82,-63.6603,143.036,1157.77,-81.1826,130.541,1256.67,-50.626,135.67,1126.82,-73.3225,136.736,1217.65,-46.8798,144.042,1212.54,-70.16,89.3435,1236.64,-62.3177,91.3582,1190.49,-56.5063,52.3863,1223.03,-62.3497,52.7762,1191.66,-51.4929,16.6668,1235.29,-70.8249,15.5018,1224.38,-87.8373,146.783,1251.12,-101.146,136.782,1259.38,-115.157,144.364,1228.7,-100.524,154.465,0,0,0
001467:1212.82,-66.7553,159.812,1213.25,-70.6053,162.008,1217.02,-65.3791,162.23,1217.86,-76.5728,158.026,1233.28,-66.2365,159.289,1210.81,-79.3623,141.047,1247.43,-63.8855,143.008,1163.97,-81.9279,132.428,1255.86,-50.7884,135.466,1137.17,-73.9433,140.384,1220.52,-47.4933,143.938,1213.02,-71.1794,89.7113,1236.48,-63.1426,91.485,1194.21,-57.8817,52.4433,1227.62,-63.3187,52.6051,1186.9,-52.3897,17.2527,1230.59,-70.8278,15.9498,1214.27,-87.8501,145.92,1244.48,-101.058,135.968,1258.74,-115.255,143.093,1224.39,-100.778,153.202,0,0,0
001468:1217.86,-67.2167,159.478,1215.5,-71.0446,161.729,1221.75,-66.007,162.001,1213.84,-77.2293,157.609,1235.11,-67.31,159.13,1202.79,-79.6878,140.27,1249.69,-64.9615,142.818,1161.51,-80.5311,128.719,1251.87,-50.5662,134.126,1149.71,-70.9831,133.266,1198.65,-44.1437,140.934,1215.1,-71.6109,89.2041,1245.17,-63.9601,90.9911,1193.68,-58.0565,52.3128,1232.4,-63.9447,52.3238,1183.55,-52.8217,17.6022,1225.76,-71.3632,16.6817,1225.63,-86.7626,144.73,1257.6,-100.884,134.547,1268.38,-115.54,142.752,1232.94,-100.02,152.892,0,0,0
001469:1223.79,-68.2171,159.549,1221.87,-71.9647,161.762,1226.22,-66.7549,162.007,1218.81,-77.6806,157.733,1235.12,-67.4689,159.024,1207.08,-79.9953,140.641,1245.26,-65.2839,143.1,1169.82,-82.1139,130.298,1255.7,-52.3717,136.15,1163.83,-74.9706,135.456,1227.7,-49.1477,144.9,1214.04,-72.3433,89.6804,1238.52,-64.6408,91.5372,1196.86,-59.3668,52.5399,1229.76,-64.9875,52.6739,1181.52,-52.7467,18.2861,1221.73,-70.8168,17.0969,1217.75,-87.6803,144.738,1241.43,-100.596,133.995,1249.13,-115.404,141.241,1222.85,-101.289,152.219,0,0,0
001470:1226.95,-68.7077,158.867,1225.54,-72.4979,161.116,1229.25,-67.1352,161.381,1223.48,-78.1524,157.398,1238.37,-67.4957,158.711,1213.51,-80.8165,140.424,1246.68,-64.5732,142.912,1178.9,-84.3707,129.708,1252.76,-51.5105,135.845,1172.25,-78.1166,134.189,1225.3,-49.4336,144.318,1218.33,-72.5693,89.4915,1240,-64.0759,91.3871,1199.88,-59.8694,52.1789,1231.55,-64.795,52.2802,1179.25,-53.9804,18.0105,1221.07,-71.4669,16.6384,1220.88,-88.9871,143.04,1246.01,-101.801,132.36,1254.45,-116.52,139.524,1226.96,-102.56,150.448,0,0,0
001471:1229.1,-70.0495,158.129,1228.2,-73.7583,160.314,1231.15,-68.442,160.603,1225.91,-79.0456,156.725,1238.31,-68.4059,157.979,1218.06,-81.7889,140.044,1242.28,-64.9162,142.487,1195.91,-87.2648,130.131,1242.59,-51.1863,135.831,1198.54,-83.0904,135.431,1223.98,-49.5588,144.074,1214.62,-72.8419,90.1854,1232.12,-64.1517,92.1098,1200.68,-60.6529,52.7608,1232.87,-65.4472,52.7268,1175.07,-54.863,18.9261,1223.5,-71.8228,16.8081,1213.5,-88.8449,142.929,1236.06,-101.231,132.546,1245.49,-115.544,139.485,1221.91,-102.322,150.128,0,0,0
001472:1223.42,-69.2991,158.306,1222.99,-72.9866,160.484,1227.27,-67.9799,160.772,1225.59,-78.7857,156.518,1241.75,-68.864,157.912,1215.39,-81.3345,139.646,1255.34,-66.8177,142.042,1168.34,-85.1887,130.051,1264.25,-54.6243,135.442,1146.08,-80.0518,135.556,1231.22,-51.3526,143.973,1219.01,-73.1388,88.8761,1242.86,-65.5305,90.77,1199.99,-60.2309,51.8338,1231.25,-65.0016,52.1934,1181.23,-56.5261,17.6875,1219.58,-72.2073,17.2352,1214.27,-90.1238,142.185,1240.58,-102.279,131.851,1256.32,-116.504,138.138,1225.9,-103.161,148.72,0,0,0
001473:1219.66,-69.1208,158.263,1218.98,-72.8508,160.485,1220.95,-67.5217,160.737,1219.35,-78.58,156.696,1227.82,-67.5401,157.964,1215.55,-82.1787,139.686,1231.97,-64.1455,141.975,1186.44,-88.8938,129.553,1236.03,-50.8674,134.953,1171.79,-84.7297,134.497,1217.96,-48.9416,142.848,1219.7,-73.6948,88.8486,1231.91,-64.2709,90.9261,1202.75,-61.5534,51.5992,1229.12,-64.9149,52.0294,1181.28,-58.5635,17.399,1226.78,-73.6836,16.1986,1214.36,-90.9745,141.345,1241.03,-103.51,131.067,1248.97,-117.232,138.048,1219.4,-103.689,148.463,0,0,0
001474:1219.95,-70.4787,158.258,1218.84,-74.1207,160.441,1220.64,-68.7092,160.701,1218.21,-79.5045,156.672,1226.53,-68.1792,157.849,1215.37,-82.9545,139.75,1232.21,-64.3836,142.016,1187.31,-89.9182,130.019,1236.66,-51.1127,135.13,1173.79,-86.4952,135.415,1222.87,-50.7166,143.305,1224.14,-74.5277,89.2551,1236.05,-64.635,91.1153,1208.4,-63.3773,51.897,1233.99,-66.0551,52.0676,1182.19,-59.575,18.0829,1223.27,-73.424,16.5268,1208.61,-91.8715,139.628,1234.71,-103.922,129.301,1243.88,-117.687,135.806,1215.39,-104.771,146.307,0,0,0
001475:1221.43,-70.6342,158.221,1220.23,-74.5229,160.354,1221.76,-69.0639,160.668,1218.73,-80.5867,156.312,1227.01,-69.1307,157.787,1217.07,-84.1408,139.217,1233.15,-65.5413,141.963,1192.47,-90.044,128.49,1240.98,-52.6049,135.291,1179.26,-84.2384,133.363,1229.86,-51.9033,143.884,1227.83,-75.1005,88.4286,1239.68,-65.0458,90.6276,1208.35,-63.6482,51.04,1236.04,-65.5984,51.4155,1176.66,-61.5262,17.56,1226.02,-74.6142,15.9793,1222.11,-93.1414,138.673,1246.37,-105.091,127.432,1247.02,-118.936,133.777,1220.94,-106.105,145.092,0,0,0
001476:1227.83,-72.4341,157.807,1226.59,-76.1165,159.99,1227.87,-70.654,160.362,1224.94,-81.5411,155.921,1230.75,-69.7016,157.499,1221.51,-84.6976,138.497,1231.75,-64.8105,141.699,1190.98,-91.0147,126.17,1231.39,-50.9529,134.454,1171.75,-87.0039,128.582,1216.55,-50.3032,141.984,1232.29,-75.6793,88.5021,1239.32,-64.7792,90.7167,1217.87,-65.4002,50.9355,1234.93,-65.5787,51.7461,1189.27,-64.4005,16.8495,1222.4,-74.2386,16.3386,1212.11,-93.4139,137.219,1241.24,-105.902,126.563,1246.52,-119.44,133.585,1214.58,-105.989,144.189,0,0,0
001477:1228.05,-72.7915,157.405,1226.48,-76.5503,159.595,1228,-71.1552,159.973,1222.99,-82.122,155.624,1231.15,-70.3545,157.297,1222.71,-85.0291,138.416,1232.85,-65.4453,141.646,1212.25,-90.5492,125.66,1234.02,-52.3025,134.075,1218.25,-85.1819,128.509,1222.42,-52.004,141.603,1229.39,-75.6148,88.3583,1238.63,-64.7271,90.5298,1209.49,-65.7722,51.1458,1233.59,-65.2631,51.4836,1181.38,-65.7105,17.1774,1225.67,-74.5563,15.6992,1225.32,-94.1375,135.293,1254.98,-106.469,124.208,1255.45,-119.83,130.833,1223.77,-106.56,141.805,0,0,0
001478:1228.9,-73.2077,156.973,1227.32,-76.9725,159.175,1228.21,-71.598,159.558,1224.37,-82.6457,155.101,1230.09,-70.7353,156.907,1224.39,-85.3721,137.849,1230.67,-65.8267,141.29,1207.45,-90.001,124.835,1231.68,-53.45,134.006,1207.61,-83.5466,127.377,1222.96,-53.7148,141.824,1234.7,-76.1639,87.5133,1239.13,-64.9505,89.9405,1220.29,-67.1126,50.0992,1231.14,-64.8096,51.3375,1190.29,-68.7869,16.1824,1212.73,-74.4063,16.9718,1242.21,-94.5881,133.553,1275.6,-106.591,122.155,1279.93,-120.187,128.093,1243.34,-107.111,139.409,0,0,0
001479:1227.24,-73.7311,156.831,1226.41,-77.4339,159.039,1229.01,-72.2167,159.412,1226.12,-82.8768,155.029,1234.33,-71.3781,156.74,1219.63,-85.4117,138.005,1236.23,-66.2666,140.956,1181.61,-91.3135,126.908,1239.4,-53.1487,133.512,1161.63,-86.849,130.598,1221.69,-52.421,140.444,1226.42,-75.5768,87.8908,1236.1,-64.9091,89.9701,1213.13,-66.3978,50.6721,1226.88,-64.7468,51.6754,1195.91,-69.9367,15.7932,1222.23,-75.9174,16.2923,1220.92,-94.9023,133.214,1255.65,-106.856,121.269,1260.4,-120.814,126.808,1221.91,-107.776,138.696,0,0,0
001480:1228.94,-74.713,156.702,1227.98,-78.3574,158.938,1231.78,-73.2584,159.377,1229.19,-83.8138,154.718,1239.31,-72.3969,156.631,1222.35,-85.8985,137.242,1243.15,-67.0899,140.714,1182.73,-91.0805,124.564,1243.72,-53.8513,132.849,1163.47,-86.8578,126.335,1211.91,-52.3858,139.164,1230.32,-75.8624,87.2459,1240.51,-65.0331,89.3769,1219.45,-67.4689,50.0285,1222.47,-63.9308,51.7403,1213.14,-73.1406,14.199,1213.67,-74.8602,16.9357,1221.35,-95.0714,131.415,1256.32,-107.325,119.165,1263.72,-121.9,125.1,1224.1,-108.331,137.242,0,0,0
001481:1230.02,-75.0619,156.412,1228.68,-78.5651,158.644,1233.31,-73.7074,159.049,1228.98,-83.7563,154.522,1240.82,-73.0737,156.358,1219.26,-85.7969,137.256,1246.37,-68.4367,140.427,1178.02,-92.3623,125.507,1253.55,-56.1979,133.149,1159.72,-90.8203,127.543,1229.94,-55.0951,139.647,1226.05,-75.8502,87.1884,1239.04,-65.9436,89.1874,1219.56,-67.404,49.8061,1224.23,-64.5805,51.4551,1212.97,-73.7916,14.0597,1213.67,-75.5118,16.9656,1216.79,-95.5196,132.046,1246.53,-107.434,120.096,1252.9,-121.653,126.022,1219.17,-108.6,137.968,0,0,0
001482:1225.2,-75.6338,156.493,1224.13,-79.1666,158.738,1228.5,-74.1359,159.174,1227.26,-84.4204,154.649,1239.03,-73.1748,156.521,1224.36,-86.859,137.119,1250.23,-68.0293,140.511,1194.01,-94.3128,124.656,1258.07,-55.5989,132.824,1184.81,-92.9014,126.066,1228.48,-55.4753,139.111,1235.06,-76.5375,86.6858,1247.52,-65.7003,88.6905,1223.8,-68.2503,49.6148,1225.79,-64.3016,51.3155,1216.54,-74.6911,13.9907,1209.22,-75.3823,17.4517,1217.31,-95.5054,131.372,1248.05,-107.094,119.533,1256.87,-121.344,125.236,1221.92,-108.592,137.093,0,0,0
001483:1225.51,-76.3147,156.735,1225.67,-79.9384,158.952,1227.56,-74.6519,159.451,1229.34,-85.3038,154.784,1234.3,-73.3564,156.713,1227.07,-87.894,137.065,1237.27,-67.6845,140.617,1195.81,-94.7421,123.884,1244.07,-55.3136,132.636,1180.97,-91.6424,124.954,1230.46,-56.0328,138.814,1228.04,-77.4141,87.063,1230.48,-65.7771,89.4289,1222.76,-69.302,49.4796,1215.05,-64.5,51.8247,1213.97,-76.0811,13.5208,1203.67,-76.0465,17.5754,1222.55,-96.4627,129.63,1254.22,-108.093,117.715,1258.78,-121.922,123.623,1222.52,-109.148,135.467,0,0,0
001484:1223.27,-76.4441,156.729,1222.65,-80.0301,158.954,1224.37,-74.764,159.426,1225.03,-85.2992,154.852,1230.09,-73.3978,156.703,1227.01,-88.1319,137.215,1233.78,-67.6795,140.547,1203.72,-96.1333,124.659,1238.57,-55.6771,132.259,1194.43,-94.0773,126.513,1227.53,-57.2534,137.777,1232.94,-77.2543,87.0067,1233.82,-65.4365,89.297,1228.45,-69.7739,49.4828,1220.89,-64.6767,51.7024,1209.79,-76.9047,14.5386,1201.82,-76.4503,18.1806,1226.15,-96.8588,129.142,1260.16,-108.506,117.081,1261.21,-122.147,122.898,1223.28,-109.433,134.876,0,0,0
001485:1224.11,-77.298,156.709,1223.96,-80.9037,158.94,1225.9,-75.6792,159.451,1227.54,-86.2635,154.775,1232.36,-74.3442,156.785,1225.44,-88.6176,137.043,1236.85,-68.667,140.738,1186.29,-94.6911,123.45,1244.44,-56.9257,132.43,1161.13,-91.0193,123.806,1230.53,-58.101,137.942,1232.98,-78.062,87.1142,1235.33,-66.4262,89.4445,1228.97,-70.5871,49.6257,1221.38,-65.4224,51.9085,1211.46,-78.2652,14.5171,1201.54,-77.4112,18.5087,1227.99,-97.3179,128.236,1260.9,-108.689,116.004,1264.07,-122.609,121.617,1226.42,-110.071,133.788,0,0,0
001486:1223,-77.9071,156.855,1222.36,-81.4274,159.06,1224.3,-76.2208,159.596,1224.23,-86.4353,154.903,1228.88,-74.684,156.882,1223.92,-88.659,137.139,1233.65,-68.8352,140.72,1195.83,-96.0705,124.345,1245.12,-56.9779,132.237,1184.22,-94.2028,125.748,1237.35,-58.7244,137.256,1231.57,-77.7333,87.105,1234.01,-66.2359,89.3465,1228.46,-70.4716,49.5266,1223.55,-65.3857,51.5255,1203.99,-78.2557,14.9938,1200.29,-77.146,18.2146,1229.44,-97.3551,127.944,1256.6,-108.671,115.327,1256.3,-122.925,121.288,1225.48,-110.607,133.843,0,0,0
001487:1226.87,-78.4247,156.554,1225.35,-81.8616,158.747,1227.99,-76.8666,159.294,1224.17,-86.7532,154.506,1230.88,-75.4455,156.626,1222.49,-88.4601,136.827,1234.67,-69.8975,140.801,1197.71,-95.1529,123.301,1248.3,-58.491,133.003,1195.17,-93.5177,123.571,1240.6,-59.4089,138.62,1231.5,-77.9759,86.8407,1236.19,-67.193,89.141,1226.61,-70.6314,49.4129,1225.88,-66.0211,51.2262,1202.14,-79.3247,14.9737,1200.91,-78.075,18.2168,1232.05,-97.4746,127.581,1259.14,-108.525,114.525,1257.33,-122.846,120.071,1226.77,-110.807,133.074,0,0,0
001488:1227.16,-79.615,156.797,1226.38,-83.0393,159.009,1228.95,-78.0747,159.581,1226.51,-87.8263,154.808,1234.47,-76.6473,157.003,1225.82,-89.3894,136.922,1238.72,-70.8671,140.933,1203.89,-95.7661,122.861,1244.97,-58.9171,132.609,1198.19,-93.104,122.951,1230.54,-59.4751,137.77,1230.68,-78.7436,86.9277,1236.61,-68.0652,89.186,1223.96,-71.048,49.6206,1228.05,-66.8668,51.1275,1198.54,-79.7752,15.1496,1204.56,-79.3262,17.899,1232.2,-97.8434,126.305,1260.45,-109.15,113.254,1260.61,-123.554,119.009,1229.01,-111.299,131.988,0,0,0
001489:1233.45,-80.9039,156.554,1230.39,-84.1653,158.768,1234.74,-79.622,159.294,1223.92,-88.4131,154.566,1236.74,-78.3604,156.822,1219.66,-88.8779,137.087,1242.66,-72.9469,140.937,1201.62,-94.8853,124.753,1253.64,-61.0124,132.996,1206.17,-92.9175,127.212,1240.89,-60.3167,138.072,1234.87,-78.3853,86.3699,1248.69,-69.2172,88.351,1223.83,-70.8038,49.3674,1240.34,-67.8288,50.0531,1195.25,-80.9473,15.3765,1214.78,-80.9514,16.9045,1236.53,-97.738,126.763,1264.73,-108.854,112.863,1263.24,-123.774,117.888,1232.77,-111.884,131.719,0,0,0
001490:1237.15,-82.398,157.415,1235.61,-85.7715,159.608,1238,-80.9481,160.257,1231.69,-90.0778,155.188,1239.21,-79.1858,157.662,1227.78,-90.3279,137.209,1237.63,-72.6639,141.783,1203.61,-95.3874,123.241,1238.71,-60.243,133.868,1197.14,-92.1341,123.884,1227.52,-60.1337,139.197,1233.6,-78.9891,86.9999,1240.27,-68.8781,89.328,1225.46,-71.8937,49.6143,1237.23,-68.1671,50.5999,1202.21,-82.8031,14.7288,1222.3,-82.5839,16.297,1250.15,-97.6024,126.446,1284.08,-108.615,112.603,1290.03,-123.623,117.243,1251.91,-111.657,130.996,0,0,0
001491:1230.96,-83.1235,157.601,1229.87,-86.5215,159.791,1232.82,-81.589,160.476,1229.02,-90.9607,155.486,1237.63,-79.7757,157.992,1227.35,-91.5097,137.48,1243.6,-73.2327,142.263,1202.97,-97.0272,123.052,1253.8,-60.9015,134.438,1194.5,-93.7943,122.88,1240.37,-61.4282,139.846,1237.69,-80.2533,87.3065,1247.98,-69.7872,89.5378,1226.59,-72.9421,49.853,1242.49,-68.9327,50.5336,1207.68,-84.1794,14.2872,1231.03,-83.6714,15.5551,1245.03,-99.0257,125.025,1273.65,-109.244,110.905,1276.25,-124.262,115.159,1243.73,-113.198,129.243,0,0,0
001492:1229.01,-83.5053,158.275,1227.74,-86.9388,160.444,1230.06,-81.9988,161.2,1225.8,-91.5395,155.901,1232.77,-80.1379,158.583,1226.93,-91.9436,137.557,1237.33,-73.4622,142.96,1214.11,-96.8791,121.41,1252.05,-61.7605,134.9,1219.01,-93.4482,119.529,1246.07,-62.4943,140.044,1235.19,-80.1684,87.7889,1244.08,-69.508,90.1919,1222.34,-73.2766,50.4678,1243.97,-68.8192,50.8931,1203.48,-85.4709,14.9494,1240.39,-84.403,15.162,1254.21,-99.6678,124.649,1280.41,-109.545,110.551,1280.42,-124.261,114.805,1250.11,-113.486,128.776,0,0,0
001493:1226.16,-84.0981,158.841,1224.32,-87.4682,161.03,1228.62,-82.6526,161.811,1223.72,-91.9966,156.385,1234.78,-80.7962,159.16,1223.86,-92.2582,137.9,1244.85,-74.1996,143.376,1202.97,-97.2529,121.72,1261.14,-62.9851,135.495,1200.96,-94.3744,119.267,1245.01,-63.6113,141.066,1238.59,-80.5347,87.8381,1254.36,-69.9939,89.9561,1221.76,-73.8456,50.5779,1250.87,-69.1029,50.5478,1208.64,-87.1355,14.4795,1249.28,-85.2354,14.4393,1284.39,-99.089,127.295,1315.05,-108.818,113.787,1326.69,-123.555,117.578,1290.71,-112.818,131.031,0,0,0
001494:1232.03,-85.2451,159.298,1231.45,-88.7499,161.463,1235.56,-83.9745,162.271,1232.35,-93.516,156.758,1243.86,-82.4841,159.723,1228.53,-93.2403,138.28,1251.33,-75.6574,144.316,1202.44,-97.4931,121.666,1261.01,-63.4956,137.266,1194.88,-94.4549,118.274,1240.63,-63.0089,143.086,1232.05,-80.3101,88.7312,1248.45,-70.035,91.0406,1218.06,-74.0135,51.4607,1245.8,-68.7767,51.6479,1208.63,-88.1836,15.2327,1247.42,-84.9487,15.4329,1280.66,-98.7867,126.988,1308.56,-108.095,112.615,1323.76,-123.888,115.723,1290.28,-113.571,130.126,0,0,0
001495:1231.58,-85.8664,159.79,1230.55,-89.4111,161.91,1235.14,-84.5678,162.795,1229.76,-94.1348,157.031,1242.72,-82.9795,160.008,1225.12,-93.7446,138.387,1249.61,-75.9078,144.377,1201.72,-97.7575,122.11,1261.86,-64.162,137.317,1194,-93.9803,120.035,1244.11,-64.5687,143.784,1227.93,-80.2619,88.7477,1246.09,-69.6649,90.856,1211.58,-74.7163,51.4206,1242.33,-68.5391,51.3004,1208.14,-89.7417,14.6374,1251.23,-84.9696,14.2537,1299.53,-98.8262,131.512,1324.9,-108.041,118.441,1347.72,-123.486,121.94,1316.94,-113.275,134.993,0,0,0
001496:1233.67,-86.6083,159.692,1230.78,-90.0655,161.835,1236.88,-85.3078,162.761,1226.36,-94.5691,157.064,1241.37,-83.38,160.125,1220.48,-93.8405,138.487,1249.11,-76.1283,144.857,1202.66,-97.2853,121.18,1263.9,-64.4842,138.338,1214.42,-94.1881,117.452,1243.56,-65.0074,145.534,1231.68,-80.8858,89.118,1254.27,-70.2847,91.0707,1210.86,-75.7385,51.9946,1250.93,-69.6034,51.1891,1206.14,-90.2002,15.3278,1260.09,-85.7144,13.5933,1316.77,-98.9671,133.05,1344.98,-108.129,120.463,1372.42,-123.494,123.755,1338.5,-113.274,136.379,0,0,0
001497:1230.58,-86.9509,159.592,1228.78,-90.5135,161.689,1234.06,-85.6469,162.596,1226.76,-95.0591,156.92,1240.66,-83.7754,159.903,1223.89,-94.3471,138.563,1249.16,-76.2825,144.835,1215.89,-98.8653,123.187,1264.67,-64.2863,139.488,1236.58,-95.9435,122.642,1248.71,-65.6171,147.878,1226.84,-80.4436,89.082,1247.07,-69.5358,91.0792,1209.54,-76.3161,51.9554,1241.6,-68.5054,51.4838,1211.13,-92.0592,14.8998,1249.79,-84.5603,14.2706,1324.46,-99.2235,134.489,1349.32,-107.743,121.665,1381.1,-123.622,124.169,1350.62,-114.127,137.148,0,0,0
001498:1231.2,-88.3301,159.825,1228.82,-91.8304,161.93,1234.68,-87.0841,162.848,1223.73,-96.0619,157.153,1239.22,-85.0175,160.264,1220.32,-94.9428,138.921,1243.38,-77.1709,145.574,1217.7,-99.5679,123.159,1254.33,-65.155,140.928,1238.61,-97.1493,121.998,1239.61,-66.4674,149.626,1222.18,-80.7956,89.7754,1241.07,-69.9633,91.9292,1206.6,-77.0278,52.42,1233.79,-68.485,52.3286,1215.19,-93.6807,14.5772,1248.37,-84.5912,14.4876,1321.77,-100.165,135.471,1347.78,-108.448,122.513,1376.77,-123.951,124.588,1345.54,-114.816,137.732,0,0,0
001499:1225.58,-88.7676,160.056,1224.44,-92.2965,162.22,1230.36,-87.4682,163.103,1224.57,-96.7401,157.723,1240.14,-85.3714,160.732,1223.04,-95.7958,139.701,1250.51,-77.6234,146.374,1215.79,-100.257,124.043,1261.07,-65.7741,142.086,1230.76,-97.8342,122.538,1238.66,-67.6588,150.936,1225.28,-81.84,90.3792,1246.64,-70.5344,92.4001,1207.54,-78.7162,52.8885,1237.09,-68.8738,52.449,1217.96,-94.9103,14.6535,1252.48,-83.5951,13.9552,1310.12,-99.3139,134.211,1334.29,-106.768,121.164,1366.93,-122.529,122.351,1337.16,-114.233,135.756,0,0,0
001500:1227.4,-90.6687,159.938,1225.75,-94.1338,162.085,1232.47,-89.3599,162.994,1224.24,-98.1086,157.562,1241.91,-86.8273,160.631,1220.76,-96.1285,139.654,1253.89,-78.5082,146.604,1216.83,-100.057,124.762,1271.96,-66.5536,142.853,1242.43,-98.0687,124.497,1252.77,-68.9181,151.83,1221.22,-81.5173,90.4012,1245.44,-70.3396,92.2789,1203.48,-79.5156,53.136,1233.34,-68.8438,52.4181,1219.73,-96.2136,14.719,1247.35,-82.8926,13.9989,1309.41,-99.6276,133.115,1332.36,-106.384,119.436,1361.08,-122.257,119.709,1333.08,-114.797,133.814,0,0,0
001501:1238.56,-92.2091,160.348,1235.78,-95.638,162.528,1243.09,-90.7783,163.49,1230.46,-99.296,158.09,1248.11,-87.6765,161.136,1221.46,-96.9965,140.166,1256.67,-78.8251,147.057,1206.49,-100.192,125.233,1280.13,-67.167,143.184,1221.46,-97.7948,124.898,1265.95,-70.6923,152.395,1224.42,-82.4896,90.8321,1249.09,-70.7613,92.5545,1204.74,-81.0181,53.418,1235.06,-69.2665,52.5313,1218.18,-97.1505,15.0628,1248.7,-82.3257,13.7559,1305.28,-99.8974,137.498,1321.88,-106.539,124.915,1347.21,-121.6,126.04,1327.1,-114.38,139.009,0,0,0
001502:1243.57,-93.9441,160.98,1240.65,-97.4443,163.083,1245.78,-92.3502,164.108,1232.88,-100.926,158.407,1246.77,-88.8684,161.59,1227.58,-98.4215,140.313,1251.33,-79.26,147.832,1225.01,-102.012,125.382,1275.45,-66.7973,145.06,1236.8,-99.3236,125.726,1275.35,-71.0933,155.147,1229.85,-83.0366,90.7868,1247.44,-70.5902,92.8991,1211.78,-82.377,52.9909,1235.08,-69.1421,52.4744,1220.75,-98.3501,14.8993,1245.58,-81.4916,13.774,1298.8,-100.842,140.719,1307.06,-107.002,127.875,1322.76,-121.679,129.023,1312.18,-115.224,142.214,0,0,0
001503:1236.87,-95.5635,161.317,1234.46,-98.8779,163.377,1241.48,-93.9934,164.423,1229.31,-101.912,158.64,1247.58,-90.1842,161.824,1223.21,-98.6401,140.688,1258.98,-80.8068,148.495,1223.08,-101.746,125.955,1288.02,-69.37,147.555,1246.03,-100.834,126.061,1281.68,-74.4944,159.723,1223.38,-84.0031,91.5889,1247.06,-71.9707,93.4397,1208.54,-84.4339,53.8529,1232.49,-70.2618,53.0305,1222.95,-99.5397,15.4835,1242.24,-80.3748,14.2252,1301.86,-101.285,141.021,1306.93,-106.346,128.905,1326.7,-120.196,129.122,1319.75,-115.062,141.799,0,0,0
001504:1228.47,-96.3246,161.524,1226.98,-99.6481,163.579,1234.29,-94.8631,164.712,1226.57,-102.863,158.816,1244.21,-91.0374,162.249,1225.05,-99.6221,140.632,1260.02,-81.4319,149.196,1223.24,-102.28,124.491,1293.45,-70.6468,148.716,1241.18,-101.187,122.83,1283.31,-75.8701,161.226,1224.94,-84.438,92.1012,1247.85,-71.962,94.234,1210.11,-85.2314,54.2121,1234.06,-70.026,53.6297,1226.28,-100.778,15.3226,1249.37,-80.5715,14.0694,1303.93,-100.844,140.7,1310.49,-105.128,129.293,1320.62,-116.656,128.955,1311.09,-112.349,140.831,0,0,0
001505:1226.17,-96.8389,162.238,1226.4,-100.429,164.189,1232.23,-95.3999,165.423,1230.03,-104.326,159.247,1245.18,-91.9355,162.719,1229.44,-101.314,140.901,1260.79,-82.1671,149.811,1219.24,-102.184,124.763,1283.95,-70.0881,150.225,1213.24,-97.5947,124.21,1261.13,-74.4456,163.918,1226.51,-85.7322,92.4755,1245.45,-72.3782,94.8258,1214.92,-87.4364,54.2155,1231.48,-70.454,54.0337,1231.21,-102.25,15.2926,1246.46,-80.0634,14.4691,1245.12,-96.9309,147.769,1241.08,-100.834,137.577,1247.59,-111.239,137.913,1249.43,-107.459,148.481,0,0,0
001506:1234.03,-97.5313,163.739,1233.16,-101.256,165.642,1238.14,-95.9952,166.881,1231.51,-105.32,160.493,1243.92,-92.4029,163.92,1231.62,-102.674,142.039,1251.13,-82.3708,151.329,1226.72,-103.721,126.033,1268.56,-69.5805,153.37,1220.41,-98.2656,124.913,1257.15,-73.6771,168.515,1232.32,-86.8197,93.3911,1244.61,-72.5798,96.1522,1219.9,-89.1702,55.1625,1231.41,-70.7236,55.3135,1233.32,-102.949,16.561,1248.66,-79.3928,15.6006,1230.87,-88.9291,150.566,1233.02,-91.6526,140.823,1224.39,-99.922,139.661,1220.58,-97.5035,149.733,0,0,0
001507:1237.34,-98.816,163.158,1236.1,-102.528,165.009,1241.7,-97.3344,166.295,1233.28,-106.406,159.948,1247.64,-93.7348,163.381,1231.51,-103.299,141.789,1257.22,-83.7064,151.134,1225.04,-103.721,126.291,1280.37,-71.1288,153.711,1226.28,-98.9525,125.565,1271.55,-75.2472,169.139,1233.61,-87.2829,93.6596,1249.58,-73.2721,96.2715,1221.74,-90.2944,55.4642,1236.18,-71.4273,55.3518,1231.26,-103.468,17.2973,1246.18,-78.7712,16.0268,1238.7,-88.5941,152.651,1242.08,-91.3327,143.267,1234.19,-99.4054,141.966,1229.2,-96.9982,151.746,0,0,0
001508:1226.04,-97.3021,163.709,1224.55,-101.086,165.486,1228.99,-95.711,166.766,1220.94,-105.279,160.367,1233.67,-92.4234,163.618,1222.93,-102.923,142.333,1244.56,-83.0611,151.36,1218.94,-103.393,127.963,1274.52,-71.0432,154.671,1208.13,-96.6124,129.238,1283.29,-76.2349,171.517,1231.75,-87.7552,93.997,1244.5,-73.3859,96.657,1221.72,-91.0325,55.835,1233.87,-71.5007,55.8187,1233.37,-104.066,17.6239,1250.17,-78.8503,16.1482,1251.48,-89.0455,156.544,1262.92,-92.5942,147.447,1251.53,-100.348,146.336,1237.51,-96.9961,155.835,0,0,0
001509:1213.71,-96.9636,164.487,1211.36,-100.464,166.296,1215.58,-94.9673,167.529,1207.43,-104.11,161.254,1218.05,-90.7815,164.23,1212.39,-102.228,143.225,1231.61,-81.4978,151.673,1218.52,-104.737,129.666,1264.47,-70.8229,154.606,1225.98,-100.101,131.967,1276.15,-78.3488,171.558,1228.52,-88.6327,94.725,1240.39,-73.5954,97.0944,1221.82,-92.4803,56.4193,1234.04,-72.1708,56.1271,1234.95,-104.723,17.8588,1247.02,-78.1872,16.4215,1243.08,-89.2181,154.431,1250.74,-91.7808,146.482,1241.44,-98.2252,145.17,1230.76,-95.9166,153.543,0,0,0
001510:1217.11,-97.7581,165.138,1214.05,-101.172,166.958,1218.96,-95.7689,168.161,1206.69,-104.486,161.893,1218.41,-91.2009,164.872,1208.54,-102.089,143.938,1229.85,-81.7464,152.626,1216.87,-104.273,130.019,1268.63,-71.6067,156.462,1228.11,-100.323,131.177,1288.2,-80.0418,174.314,1223.94,-88.667,95.6654,1236.73,-73.6923,97.9985,1219.54,-93.373,57.5252,1234.25,-72.5907,56.9606,1231.81,-105.064,19.3855,1249.26,-78.0072,17.1543,1246.75,-90.5326,155.398,1252.47,-92.7404,146.897,1236.82,-99.0436,145.066,1228.49,-97.199,154.061,0,0,0
001511:1211.27,-98.8092,165.075,1209.69,-102.252,166.937,1213.88,-97.0029,168.137,1207.6,-105.736,162.189,1216.88,-92.6357,165.215,1214.12,-103.336,144.403,1229.17,-83.2012,153.185,1216.07,-104.505,129.955,1261.37,-73.4417,156.198,1213.26,-100.052,130.353,1273.15,-81.316,172.413,1227.08,-89.3778,96.1536,1235.96,-74.3944,98.6886,1221.52,-94.3717,57.9552,1231.46,-72.8568,57.7637,1237.11,-106.565,19.4636,1248,-77.5134,17.9063,1245.55,-90.9559,154.867,1258.82,-93.5525,146.538,1247.09,-99.8367,144.636,1229.74,-97.5068,153.496,0,0,0
001512:1188.96,-96.3093,165.748,1187.57,-99.6993,167.537,1190.47,-94.3029,168.713,1189.37,-103.638,162.83,1196.34,-90.1905,165.561,1204.51,-102.763,145.251,1218.77,-82.0579,153.451,1220.87,-106.082,131.889,1260.86,-74.1839,157.071,1222.52,-101.663,134.023,1276.3,-83.2407,174.948,1228.4,-90.5088,96.7792,1236.17,-74.78,99.2176,1221.45,-95.5793,58.6477,1229.59,-72.7037,58.5704,1240.37,-107.524,19.7759,1245.19,-76.6714,18.8489,1235.71,-88.4711,157.742,1244.6,-90.0017,151.295,1228.49,-93.7146,149.129,1214.67,-92.4679,156.071,0,0,0
001513:1206.4,-99.9858,165.544,1206.28,-103.791,167.194,1209.26,-98.2627,168.59,1208.99,-108.226,162.124,1216.67,-94.4844,165.324,1216.6,-106.136,144.196,1233.35,-84.9945,153.851,1216.55,-106.189,129.462,1260.01,-73.4215,159.189,1211.1,-100.342,129.459,1263.72,-79.5579,177.471,1228.55,-91.2278,96.949,1237.38,-75.3378,99.8086,1226.48,-97.0263,58.7389,1233.46,-73.315,58.8586,1241.24,-108.041,20.4423,1244.54,-76.4159,19.4756,1243.67,-88.3839,163.089,1254.55,-90.862,155.595,1252.46,-97.2122,153.549,1237.45,-95.075,161.693,0,0,0
001514:1212.5,-101.057,165.634,1211,-104.729,167.417,1212.95,-99.3865,168.559,1206.73,-109.01,161.777,1216.42,-95.5392,165.128,1211.1,-106.614,144.378,1226.62,-86.2842,154.089,1220.58,-106.428,129.274,1248.71,-74.809,158.711,1224.6,-101.262,129.413,1255.16,-80.0063,178.969,1232.58,-91.9732,97.8032,1243.63,-76.2418,100.523,1228.55,-97.7493,59.4697,1237.57,-73.7124,59.7132,1239.54,-108.873,21.4225,1242.78,-76.2033,20.2662,1246.4,-87.8403,163.944,1249.9,-89.815,156.968,1253.54,-95.8892,154.816,1250.2,-94.3215,161.96,0,0,0
001515:1224.77,-104.691,165.185,1225.48,-108.748,166.86,1226.62,-103.303,168.168,1224.61,-113.499,161.119,1233.69,-99.8559,164.853,1229.51,-110.344,143.691,1239.16,-89.3724,154.791,1235.78,-108.812,127.76,1242.45,-74.8909,161.388,1231.21,-102.739,126.298,1227.94,-76.6791,181.706,1238.02,-92.7818,98.2683,1245.92,-76.7089,101.651,1233.9,-99.1797,60.0158,1237.85,-73.9685,60.7296,1236.29,-109.26,22.618,1242.21,-75.9399,21.3448,1206.68,-81.3781,164.522,1205.52,-81.7564,157.221,1204.8,-87.3211,153.458,1207.46,-87.65,161.001,0,0,0
001516:1232.96,-107.789,164.156,1233.72,-111.786,165.749,1234.99,-106.467,167.202,1230.99,-115.921,160.104,1242.88,-102.823,163.992,1233.9,-111.724,142.837,1245.89,-91.6156,154.032,1238.06,-109.238,127.238,1248.72,-77.729,159.956,1230.91,-102.745,127.498,1241.48,-80.8745,179.474,1236.98,-92.9614,98.0954,1246.77,-77.2777,101.454,1233.11,-99.6991,60.0094,1238.08,-74.1868,60.6911,1241.93,-110.661,22.1447,1244.34,-75.9161,21.2287,1264.95,-87.8502,164.313,1278.24,-89.45,157.434,1292.15,-95.6361,153.937,1278.8,-94.6422,161.145,0,0,0
001517:1236.29,-108.126,164.191,1235.95,-112.206,165.822,1238.78,-106.916,167.209,1230.64,-116.491,160.223,1244.73,-103.421,164.13,1229.41,-112.016,143.152,1248.77,-92.3931,154.645,1232.82,-108.867,127.481,1257.84,-78.3872,161.828,1236.24,-102.833,126.664,1250.14,-81.3014,182.057,1234.91,-93.1608,98.1909,1248.77,-77.6302,101.59,1233.43,-100.573,60.1135,1242.15,-74.3912,60.509,1240.98,-111.496,22.4983,1244.01,-75.5013,21.4174,1248.58,-88.7879,165.5,1253.65,-90.0287,157.23,1260.51,-97.5196,153.27,1256.43,-96.9268,161.985,0,0,0
001518:1226.76,-109.795,164.327,1227,-113.762,165.894,1228.76,-108.507,167.362,1225.55,-117.578,160.318,1237.25,-104.533,164.432,1228.61,-112.42,143.42,1245.38,-92.9946,155.669,1233.64,-109.59,127.277,1256.49,-79.1526,164.585,1236.43,-105.826,125.236,1253.16,-82.6194,186.111,1234.99,-93.2315,99.0476,1247.35,-77.7333,102.609,1233.21,-101.256,60.9014,1238.07,-74.5636,61.403,1243.9,-112.478,22.9273,1242.4,-75.3901,21.9934,1268.26,-88.8808,170.506,1272.13,-89.4717,162.611,1290.34,-96.9003,158.268,1287.5,-97.094,166.803,0,0,0
001519:1233.45,-110.684,164.622,1233.82,-114.819,166.114,1235.07,-109.492,167.643,1230.4,-118.631,160.332,1240.47,-105.442,164.59,1235.6,-113.597,143.431,1241.83,-93.3536,156.299,1242.34,-110.55,126.499,1244.48,-78.4864,167.11,1239.1,-107.124,122.741,1243.44,-80.8225,190.336,1241.32,-93.8908,99.3051,1247.94,-77.9432,103.196,1237.77,-102.37,61.1011,1239.41,-74.8035,61.8065,1242.21,-113.105,23.7618,1244.47,-75.3248,22.511,1256.72,-86.3626,180.483,1268.68,-87.9907,173.078,1273.39,-94.3439,169.165,1262.87,-93.4637,177.246,1196.17,-96.5541,304.613
001520:1237.29,-112.431,164.855,1237.5,-116.496,166.312,1238.77,-111.072,167.909,1231.97,-119.883,160.421,1242.2,-106.538,164.697,1231.52,-113.811,143.519,1240.42,-93.9513,156.366,1237.57,-110.162,127.468,1239.28,-78.807,166.78,1245.54,-106.802,125.267,1238.14,-81.9498,189.268,1233.93,-94.0189,99.7333,1242.12,-78.1536,103.509,1237.86,-103.378,61.3759,1239.82,-75.0874,61.9432,1244.89,-114.652,23.7971,1242.47,-74.9462,22.6636,1265.37,-88.6927,175.581,1272.25,-89.3512,167.484,1291.78,-97.2058,162.837,1286.19,-97.3763,171.694,1200.56,-97.3578,301.937
001521:1243.4,-113.018,165.349,1242.72,-117.342,166.231,1245.89,-111.838,168.544,1242.01,-121.255,160.401,1249.59,-107.949,164.948,1235.77,-115.749,143.374,1252.29,-95.5766,157.092,1225.95,-111.576,126.383,1254.34,-80.076,169.629,1234.47,-107.662,124.552,1261.16,-81.9859,192.564,1241.34,-95.3273,99.415,1249.71,-79.3208,103.937,1242.17,-104.675,61.1573,1245.96,-75.503,61.6796,1252.4,-115.679,23.0211,1240.03,-75.0686,23.1945,1280.14,-89.3957,183.964,1282.21,-90.8773,176.596,1306.53,-98.8089,172.524,1308.3,-98.0206,180.621,1200.84,-98.2938,299.341
001522:1245.43,-114.094,165.583,1244.14,-118.344,166.396,1246.58,-112.7,168.733,1241.89,-122.098,160.186,1247.98,-108.606,164.787,1237.92,-116.585,142.892,1248.02,-96.2128,156.962,1232.83,-112.676,126.251,1244.41,-80.4599,170.775,1243.08,-109.009,124.912,1248.45,-82.4268,194.404,1247.47,-96.7226,98.6783,1252.63,-80.5139,103.452,1244.41,-105.75,60.7942,1247.29,-76.0223,61.3582,1250.13,-116.192,23.2014,1241.24,-74.9233,23.1464,1272.77,-90.6297,182.513,1279.11,-92.032,174.571,1294.26,-99.758,169.742,1291.68,-99.0768,178.458,1205.25,-99.1046,296.643
001523:1243.79,-114.512,165.031,1243.17,-118.934,165.834,1245.88,-113.405,168.146,1243.56,-123.121,159.926,1250.94,-110.205,164.465,1242.83,-117.982,142.931,1252.86,-98.3459,156.859,1244.41,-114.33,126.813,1248.77,-82.7855,170.98,1251.66,-110.107,126.579,1249.53,-83.8233,194.263,1247.35,-97.3286,98.6986,1252.71,-81.4785,103.653,1242.12,-106.126,61.0772,1246.83,-76.1931,61.6627,1249.41,-116.775,23.39,1243.28,-74.6829,23.6006,1271.85,-92.0264,184.797,1277.85,-93.84,177.193,1288.93,-101.336,172.589,1286.78,-100.204,181.018,1205.39,-100.027,294.022
001524:1233.27,-114.03,165.256,1233.98,-118.604,165.965,1235.88,-112.916,168.357,1240.64,-123.518,159.901,1245.94,-110.171,164.484,1246.87,-119.342,142.664,1253.97,-98.8871,157.019,1244.9,-115.155,125.704,1254.11,-83.7399,172.174,1239.15,-110.032,124.323,1251.34,-84.3733,196.551,1253.85,-99.0309,98.7909,1257.38,-82.685,103.881,1242.92,-107.122,61.3709,1243.77,-76.5163,62.1962,1252.06,-117.43,23.5634,1243.88,-74.8337,24.1075,1274.78,-93.3264,191.223,1282.25,-95.8255,184.178,1292.36,-102.945,180.3,1287.59,-100.971,188.185,1205.67,-100.083,291.394
001525:1236.11,-114.386,165.179,1236.63,-118.897,165.917,1238.82,-113.291,168.3,1239.73,-123.354,160.125,1246.39,-110.264,164.578,1240.61,-119.127,143.159,1250.72,-98.8209,157.011,1237.13,-115.798,126.954,1250.77,-85.0764,172.163,1232.93,-111.654,127.132,1254.78,-87.0052,197.384,1245.13,-98.7559,99.4717,1250.47,-82.3775,104.331,1240.18,-107.418,61.6895,1243.05,-76.347,62.4124,1251.34,-118.061,23.5448,1244.46,-74.3969,24.1804,1286.84,-95.5856,197.915,1293.69,-98.8613,193.067,1307.17,-104.272,190.673,1302.46,-101.45,196.293,1201.75,-100.264,287.995
001526:1238.89,-115.677,165.214,1238.39,-120.015,165.966,1241.07,-114.489,168.376,1241.63,-124.064,160.455,1245.56,-110.788,164.962,1244.15,-120.145,143.467,1248.14,-98.992,157.589,1242.95,-116.607,125.072,1247.97,-86.3312,172.973,1244.4,-114.087,121.941,1256.46,-88.6671,199.106,1249.35,-100.235,100.269,1251.81,-83.3974,105.127,1240.69,-108.962,62.5013,1242.55,-77.4238,63.1645,1251.59,-118.726,24.2725,1245.42,-74.3808,24.8051,1279.05,-95.1904,205.533,1281.19,-99.1385,202.933,1295.16,-102.528,202.398,1295.28,-99.042,205.79,1210.36,-101.844,285.606
001527:1245.03,-116.985,164.493,1243.89,-121.275,165.243,1247.32,-115.963,167.687,1241.54,-124.525,160.168,1248.55,-112.062,164.576,1240.69,-119.901,143.879,1248.15,-100.091,157.555,1240.03,-116.125,127.04,1256.97,-88.3514,173.936,1249.88,-114.305,126.229,1274.95,-90.883,201.304,1245.25,-100.06,100.524,1249.64,-83.7009,105.279,1240.95,-109.728,62.1762,1242.94,-77.6443,62.7622,1253.45,-119.582,23.3223,1245.25,-73.6963,24.0403,1303.56,-95.6572,210.23,1313.53,-100.204,208.945,1319.47,-101.892,208.07,1311.09,-97.799,210.171,1206.31,-102.003,282.643
001528:1246.4,-117.679,164.014,1245.04,-122.046,164.678,1249.53,-116.822,167.224,1244.08,-125.286,159.908,1251.81,-113.179,164.324,1242.55,-120.921,143.627,1251.08,-101.07,157.409,1241.87,-116.6,125.853,1248.08,-89.599,173.888,1253.22,-115.14,125.282,1257.31,-91.7639,201.817,1248.27,-100.685,100.395,1252.9,-84.2591,105.189,1243.73,-110.504,61.9241,1244.42,-77.8262,62.5605,1256.84,-120.497,22.8363,1246.09,-73.7877,24.0638,1277.85,-98.8069,220.811,1280.97,-105.139,221.469,1296.81,-106.465,223.623,1295.28,-100.417,223.733,1210.78,-102.826,280.339
001529:1255.32,-119.214,163.731,1253.27,-123.64,164.487,1255.02,-117.828,166.662,1249.07,-126.302,159.158,1255.9,-114.254,163.624,1242.8,-121.68,143.043,1253.64,-101.86,156.916,1238.42,-116.156,124.973,1253.69,-90.6624,171.542,1245.64,-113.113,126.86,1254.82,-90.3733,200.325,1241.21,-100.082,100.109,1245.44,-83.611,105.083,1244.35,-111.027,61.8395,1243.38,-78.1264,62.5199,1259.68,-121.73,22.7831,1247.43,-74.5288,23.9129,1264.98,-100.461,228.737,1275.04,-111.255,231.832,1289.88,-112.185,238.235,1280.05,-101.235,234.971,1215.36,-103.673,277.14
001530:1248.24,-119.205,163.244,1248.38,-123.726,164.095,1248.17,-117.775,166.141,1253.01,-126.834,159.09,1252.99,-114.39,163.41,1257.33,-123.623,142.815,1253.08,-102.324,156.354,1254.65,-118.298,123.942,1250.08,-92.0357,170.302,1240.95,-114.055,125.778,1246.62,-91.6388,199.032,1252.31,-102.354,99.4222,1247.97,-85.0948,104.562,1249.17,-112.421,61.4506,1238.81,-78.463,62.7017,1262.9,-122.504,22.4694,1248.96,-74.1015,24.2489,1254.64,-101.446,234.077,1261.97,-113.673,239.11,1274.61,-113.102,247.785,1268.07,-100.676,242.597,1211.29,-103.829,274.189
001531:1240.99,-119.132,163.156,1241.04,-123.651,163.982,1241.04,-117.826,166.052,1246.2,-126.652,159.3,1248.71,-114.812,163.494,1251.97,-123.783,143.45,1254.96,-103.264,156.296,1252.03,-118.609,125.625,1255.55,-93.9524,169.399,1237.25,-114.128,130.171,1248.3,-93.1041,198.105,1253.69,-102.897,99.9915,1252.03,-85.7831,104.873,1250.17,-112.972,61.5221,1240.06,-78.6971,62.7949,1264.28,-123.308,21.9299,1244.57,-73.5921,24.3395,1244.25,-102.049,240.198,1248.99,-115.339,247.059,1259.73,-113.094,257.25,1255.99,-99.5969,250.159,1215.79,-104.659,271.855
001532:1240.77,-120.03,162.909,1240.37,-124.46,163.761,1240.66,-118.611,165.814,1243.88,-127.206,159.107,1246.99,-115.299,163.234,1247.66,-124.636,143.135,1250.71,-103.429,155.899,1242.04,-119.234,124.823,1250.25,-93.9744,168.725,1226.11,-114.583,128.903,1241.35,-92.8087,197.857,1248.49,-104.021,100.051,1247.07,-86.5878,104.904,1249.31,-113.9,61.4183,1239.67,-79.3981,62.7801,1262.09,-123.539,21.7871,1244.4,-73.6798,24.4487,1235.88,-101.519,243.776,1243.3,-115.673,252.103,1248.77,-111.836,263.123,1241.98,-97.4861,254.511,1211.82,-104.832,268.485
001533:1239.15,-119.466,162.252,1238.97,-123.958,163.127,1239.04,-118.104,165.163,1242.49,-127.007,158.731,1246.21,-115.127,162.7,1247,-125.204,143.122,1250.44,-103.64,155.265,1243.63,-120.462,125.747,1248,-94.2339,167.432,1230.25,-115.157,131.56,1234.03,-92.3611,196.253,1248.37,-104.886,100.092,1247.23,-87.1458,104.81,1249.82,-114.583,61.2234,1239.21,-79.465,62.7395,1264.52,-124.603,21.1258,1244.58,-73.6003,24.2529,1222.24,-100.003,245.839,1226.93,-114.271,255.074,1232.33,-109.551,266.255,1228.28,-95.0774,257.055,1216.21,-105.647,266.569
001534:1239,-120.461,161.706,1237.71,-124.793,162.551,1238.44,-118.978,164.624,1238.83,-127.336,158.235,1244.71,-115.726,162.15,1243.2,-125.394,142.749,1249.89,-104.177,154.695,1244.63,-120.932,125.539,1249.99,-95.0188,166.575,1236.09,-116.134,131.552,1236.57,-93.0982,195.233,1250.21,-105.763,99.612,1250.22,-88.0086,104.237,1252.91,-115.7,60.6426,1243.08,-80.3041,62.0709,1267.98,-125.234,20.4609,1244.87,-73.336,23.8234,1213.52,-98.6473,245.139,1217.17,-112.636,254.88,1216.65,-106.805,265.698,1213.59,-92.6755,256.051,1207.67,-104.965,266.441
001535:1240.29,-121.492,160.657,1239.53,-125.812,161.476,1239.97,-120.045,163.621,1241.16,-128.241,157.244,1246.05,-116.8,161.222,1244.34,-126.024,141.834,1248.63,-105.101,153.729,1243.14,-121.288,124.354,1244.5,-96.0041,164.94,1228.68,-116.361,130.045,1228.95,-93.5931,192.621,1247.11,-105.981,99.2079,1246.43,-88.4635,103.799,1248.54,-115.795,60.3718,1239.57,-80.667,61.8735,1263.58,-125.4,20.3477,1246.59,-73.5326,23.3261,1206.2,-97.3415,243.143,1209.91,-110.918,253.415,1207.98,-104.312,264.455,1205.08,-90.6365,253.894,1186.65,-102.848,265.889
001536:1249.12,-123.01,160.33,1247.61,-127.208,161.153,1248.4,-121.459,163.364,1246.24,-129.318,156.754,1251.56,-117.912,160.816,1244.45,-126.454,141.052,1250.35,-106.11,152.981,1240.33,-120.974,122.904,1243.99,-97.4421,163.631,1232.37,-116.493,127.432,1229.1,-95.003,190.793,1244.12,-106.411,98.448,1244.43,-89.1501,102.957,1249.55,-116.635,59.6366,1240.64,-81.3443,61.2543,1261.77,-125.793,20.1711,1242.4,-73.12,23.408,1201.86,-95.5161,239.888,1201.06,-107.956,250.255,1198.57,-100.689,260.836,1200.52,-88.1832,250.21,1161.38,-101.618,269.772
001537:1246.38,-123.098,159.662,1246.03,-127.307,160.449,1245.52,-121.53,162.723,1249.25,-129.821,156.272,1250.36,-118.323,160.269,1251.28,-127.24,140.745,1250.37,-107.048,152.443,1248.3,-122.269,123.706,1240.96,-98.7261,163.099,1231.68,-116.822,129.699,1220.99,-96.1072,189.616,1248.03,-107.28,98.2492,1244.6,-90.0378,102.853,1249.27,-116.956,59.6324,1237.83,-81.665,61.4818,1261.6,-126.185,20.111,1244.57,-73.4062,23.1957,1193.4,-93.8042,234.223,1188.23,-104.715,244.471,1184.43,-96.834,253.988,1191.46,-85.916,243.53,1152.62,-101.69,274.716
001538:1237.88,-123.927,159.614,1238.32,-127.931,160.636,1237.01,-122.241,162.741,1243.13,-130.019,156.523,1245.28,-118.907,160.037,1251.85,-127.024,140.554,1247.28,-108.012,151.669,1263.7,-123.118,124.677,1242.94,-100.599,162.752,1248.7,-118.932,129.544,1216.11,-98.8624,190.518,1249.53,-107.689,97.075,1244.7,-90.8166,101.692,1252.75,-117.899,58.5855,1242.28,-82.3503,60.5697,1257.64,-126.805,19.162,1251.66,-73.0534,21.7242,1186.11,-91.8757,228.758,1180.06,-100.663,238.336,1164.91,-92.0774,245.991,1172.8,-83.3685,236.452,1132.13,-101.211,279.954
001539:1238.19,-124.719,159.399,1239.7,-128.744,160.404,1238.16,-122.967,162.521,1246.89,-131.247,155.963,1248.38,-119.699,159.489,1254.56,-128.309,139.58,1250.05,-108.991,150.642,1262.31,-124.294,123.808,1241.8,-101.088,160.659,1245.12,-119.093,128.526,1211.22,-99.1996,186.946,1244.36,-108.75,96.196,1239.51,-91.7006,100.734,1251.2,-118.868,58.0308,1237.36,-82.7817,60.3846,1262.39,-127.669,18.8245,1250.66,-72.8398,21.9023,1184.54,-90.5435,222.013,1178.68,-97.8586,231.274,1164.22,-89.0809,237.874,1171.77,-81.9081,228.573,1112.07,-100.73,285.885
001758:214.78,-20.6238,1.52271
