001108:928.482,24.1478,162.002,929.024,20.367,164.717,930.184,26.3905,164.445,930.783,13.4713,160.227,934.908,29.044,160.13,933.524,5.42164,140.616,942.681,33.945,139.946,920.572,-4.43515,115.961,952.057,47.6564,123.289,906.778,-8.88931,93.4738,948.811,60.2986,126.547,941.448,8.70812,88.9202,945.339,27.9309,87.2016,943.2,-0.0290652,51.4941,947.391,24.3681,49.2089,954.206,-15.2124,14.8041,952.924,17.9896,12.8225,926.489,66.6017,168.183,929.608,58.8032,179.721,928.166,67.0298,191.275,928.327,75.0274,179.502,0,0,0
001109:928.393,25.154,162.36,929.106,21.2949,165.079,930.053,27.2674,164.777,931.33,14.0414,160.586,935.283,29.4602,160.414,935.341,5.75599,140.855,943.556,33.9219,140.103,922.118,-3.92858,116.223,953.143,47.624,123.412,903.056,-7.72301,94.2276,947.913,60.8485,126.765,944.48,9.16545,88.6043,948.016,28.1599,86.9791,944.262,0.755647,51.2565,948.644,24.56,49.0319,954.081,-14.0661,14.7032,954.734,18.1177,12.7814,927.304,66.5775,168.555,932.066,58.4176,180.052,930.61,66.3519,191.856,929.067,74.6955,180.091,0,0,0
001110:929.245,25.7152,162.583,929.789,21.8648,165.332,931.101,27.8939,164.998,931.812,14.6605,160.802,936.319,30.2451,160.563,935.347,6.2815,141.001,943.746,34.8668,140.213,920.962,-3.31597,116.346,952.633,48.957,123.634,901.399,-6.63654,94.5425,945.981,62.039,127.41,943.961,9.47028,88.6485,947.902,28.6015,86.9629,943.882,1.28308,51.2111,947.996,24.6448,48.9739,953.299,-12.653,14.6785,952.247,18.1958,12.9325,926.679,66.3736,169.186,931.506,57.9773,180.421,932.118,65.6653,192.523,930.348,74.3241,180.983,0,0,0
001111:933.05,25.8277,163.174,933.467,21.9619,165.903,934.174,28.0031,165.615,934.196,14.8395,161.245,937.015,30.4692,161.108,936.797,6.73041,141.395,942.185,35.2584,140.918,922.564,-2.47311,116.345,948.271,49.1495,124.43,904.094,-5.92272,94.3658,944.3,61.7785,128.144,946.098,10.4433,89.4443,948.165,29.4318,87.9192,946.586,2.48993,51.5252,948.771,25.0365,49.5426,953.502,-11.1618,14.8688,952.636,18.3592,13.0231,929.044,66.1026,169.91,934.053,57.8006,181.116,934.774,65.4082,193.15,932.491,73.96,181.653,0,0,0
001112:930.176,26.8973,163.353,930.536,23.0013,166.102,931.837,29.0349,165.763,932.153,15.6457,161.478,936.618,31.2562,161.207,935.784,7.20887,141.542,945.088,35.7052,140.863,922.287,-2.2168,116.51,955.851,49.3719,124.081,905.891,-5.62499,94.5198,951.607,61.8385,127.867,945.252,10.9723,89.2669,949.748,29.9326,87.6201,944.032,3.1208,51.5413,949.544,25.3632,49.3078,953.141,-10.1287,14.7813,954.541,18.6577,12.7811,932.299,66.0563,170.183,935.843,57.5115,181.495,935.208,64.9411,193.676,934.538,73.7326,182.098,0,0,0
001113:930.288,27.1762,163.864,930.812,23.2702,166.602,931.968,29.2598,166.3,932.608,15.9239,162.022,936.722,31.3926,161.836,936.109,7.63688,142.139,943.981,35.9169,141.677,922.54,-1.4893,117.013,950.406,49.4137,125.187,904.331,-4.63436,95.2089,942.359,61.7298,129.099,945.873,11.8623,89.9611,949.434,30.5921,88.5245,945.482,4.55261,51.9639,949.43,25.9448,50.0294,954.775,-8.53967,14.9594,954.241,18.8221,13.4191,930.475,65.6612,170.765,935.572,57.1679,181.946,937.562,64.5247,194.13,935.223,73.2584,182.637,0,0,0
001114:933.247,27.878,164.006,933.721,23.9623,166.745,934.496,29.9068,166.439,934.514,16.5978,162.174,937.907,31.9652,161.98,937.11,8.49765,142.347,943.142,36.4361,141.911,922.228,-0.248104,117.514,948.185,49.8967,125.635,899.825,-2.95344,96.6375,942.27,62.3436,129.621,947.101,12.7937,90.1191,949.817,31.3183,88.7071,945.624,5.36513,52.1099,949.776,26.2933,50.1166,952.838,-7.53564,15.3748,955.083,19.1405,13.3988,931.247,65.6884,170.924,936.746,57.1043,182.017,938.814,64.296,194.278,935.775,73.1259,182.868,0,0,0
001115:933.415,28.2778,164.358,933.799,24.3158,167.171,932.706,30.5473,166.952,934.996,16.8143,162.67,937.335,32.4216,162.454,934.887,9.04915,142.768,944.243,36.7385,142.927,926.517,-0.330905,117.426,951.434,50.4812,125.888,903.281,-2.39056,96.8503,945.084,63.3288,129.504,943.381,13.4748,90.7448,947.475,31.83,89.4031,941.08,6.42609,53.2257,944.96,27.0191,50.7729,952.248,-6.13685,16.1547,955.816,19.4845,13.6656,935.05,65.571,170.924,937.093,56.8083,181.719,935.742,63.674,194.22,931.787,73.0941,182.879,0,0,0
001116:935.151,28.8111,165.023,935.714,24.8294,167.839,934.322,31.1011,167.61,936.686,17.2867,163.213,938.039,32.9236,163.001,934.832,9.54439,143.139,943.516,37.0827,143.424,924.272,0.38246,117.273,948.989,50.2489,126.138,902.672,-1.81267,95.8,943.221,62.4336,129.684,941.778,14.1558,91.1241,945.196,32.4186,89.9293,942.687,7.39773,53.373,945.689,27.6631,51.1184,951.406,-4.85094,16.5226,955.476,20.0534,14.1789,936.158,65.1812,171.307,938.502,56.5909,182.294,938.276,63.6342,194.67,933.699,72.8763,183.139,0,0,0
001117:935.463,29.3131,165.544,935.925,25.3591,168.347,934.463,31.5679,168.126,937.005,17.9358,163.791,937.636,33.5229,163.59,936.798,10.3352,143.84,942.528,37.8692,144.105,927.111,1.27876,118.319,949.201,51.0051,126.766,901.189,-0.84225,98.0105,946.338,63.1245,129.828,944.799,15.1428,91.9358,946.604,33.3081,90.7519,944.108,8.45887,53.8754,945.509,28.1385,51.7117,954.012,-3.56928,16.5372,956.234,20.549,14.1998,938.548,65.3876,171.359,940.176,56.6327,182.265,939.08,63.4639,194.827,935.541,72.8461,183.386,0,0,0
001118:934.125,29.9727,165.603,934.582,26.0125,168.403,933.677,32.2376,168.191,936.388,18.576,163.847,938.522,34.0988,163.661,934.956,10.8555,143.857,945.295,38.3542,144.227,922.078,1.57322,118.243,952.344,51.6114,127.161,895.904,-0.928452,97.439,946.395,63.6695,130.745,942.486,15.7365,91.9824,946.449,33.7393,90.8729,942.695,9.78358,54.0431,945.44,28.7811,51.9539,954.93,-1.7313,16.5982,954.911,20.9814,14.9047,940.603,65.4435,171.961,942.524,56.4823,182.496,942.045,62.9226,195.155,938.05,72.5193,184.077,0,0,0
001119:933.938,30.4785,166.024,934.338,26.5063,168.798,933.03,32.7109,168.627,935.721,19.0803,164.238,936.984,34.5,164.114,934.99,11.4847,144.297,943.127,38.7929,144.799,925.611,2.52408,118.445,948.861,51.9068,127.722,905.459,0.288843,97.4057,944.07,64.0106,130.987,942.827,16.6719,92.5941,945.722,34.5337,91.6449,944.197,11.0236,54.5198,946.541,29.6377,52.5865,954.775,-0.318377,17.1623,956.045,21.8464,15.5282,940.69,65.4825,172.275,943.086,56.4286,182.707,942.952,62.6974,195.462,938.318,72.3761,184.459,0,0,0
001120:933.709,31.0212,166.249,934.033,27.0301,169.003,932.664,33.1997,168.863,935.252,19.5726,164.51,936.2,34.8943,164.441,934.451,12.0217,144.649,942.167,39.2334,145.219,924.316,3.15241,119.019,946.268,52.3893,128.413,901.256,1.24202,98.5841,940.502,64.5893,131.637,944.946,17.5036,92.8463,947.153,35.2787,92.0326,948.295,12.1347,54.6954,947.306,30.4968,53.1362,959.737,0.94972,17.2893,954.956,22.6122,16.4995,939.999,65.6469,172.795,942.742,56.4647,183.033,943.981,62.499,195.91,938.971,72.2921,185.091,0,0,0
001121:934.338,31.2155,166.885,934.806,27.2266,169.621,933.662,33.4412,169.489,937.029,19.8823,164.995,938.323,35.2751,164.981,935.817,12.3996,144.872,945.226,39.7824,145.548,922.374,3.42618,118.954,952.234,52.9685,128.327,895.195,0.937912,98.1193,946.805,64.8607,131.17,944.451,18.1449,93.1749,947.282,35.9368,92.4002,947.653,13.2051,55.0179,947.896,31.2328,53.4727,959.475,2.29559,17.5193,955.225,23.1325,16.8107,944.284,65.7866,172.798,946.361,56.4103,183.026,945.288,62.345,196.072,940.896,72.3303,185.292,0,0,0
001122:934.138,31.8911,167.201,934.445,27.9082,169.922,933.391,34.1095,169.793,936.449,20.5827,165.251,938.036,35.8817,165.249,935.724,13.1126,145.065,944.604,40.2919,145.758,922.427,3.94912,119.228,953.323,53.305,128.632,893.334,1.16623,98.4435,950.898,65.0545,131.542,943.58,18.9823,93.288,946.445,36.6019,92.6063,944.2,14.4474,55.4729,945.673,32.0673,53.9441,954.192,3.68111,18.3608,954.44,23.7561,17.4931,945.818,65.9589,172.931,946.742,56.4442,183.039,944.819,62.2032,196.121,941.735,72.3218,185.502,0,0,0
001123:934.603,32.4938,167.315,934.795,28.5362,170.028,934.129,34.7444,169.939,937.477,21.364,165.44,939.727,36.6129,165.479,937.254,13.8096,145.285,947.208,41.2123,146.09,924.121,4.25267,119.566,956.922,54.3787,129.214,895.911,1.22463,99.0005,954.134,65.9743,132.231,944.457,19.8512,93.6133,947.542,37.4114,93.072,945.308,16.0813,55.6865,945.095,33.0513,54.4464,957.428,5.78091,18.1575,952.437,24.6003,18.1879,947.42,66.2463,173.336,947.47,56.5734,183.223,945.246,62.1411,196.425,943.31,72.3978,186.027,0,0,0
001124:935.508,33.1683,167.454,935.461,29.1993,170.154,934.801,35.3734,170.074,937.307,21.9373,165.504,939.269,37.0535,165.528,936.77,14.2913,145.355,945.539,41.4563,146.18,924.279,4.67588,119.898,952.8,54.7788,129.843,897.086,1.7933,99.7718,949.468,66.5727,133.677,945.271,20.2305,93.5896,948.34,37.6381,93.1501,946.687,16.9621,55.4876,947.956,33.5548,54.2583,954.516,7.01364,18.1582,955.074,25.206,17.9532,946.441,66.7079,173.617,947.134,56.8114,183.213,946.455,62.1033,196.568,943.773,72.576,186.419,0,0,0
001125:937.825,33.7129,167.777,938.003,29.7408,170.514,937.269,35.9241,170.422,940.223,22.4657,165.893,942.358,37.5504,165.923,939.144,14.8829,145.662,948.417,41.8399,146.584,925.435,5.69009,119.716,954.691,54.6971,129.893,896.829,2.9894,99.0647,949.506,66.1012,133.338,946.404,20.9474,93.7908,949.745,38.2162,93.4717,945.993,18.0888,55.8663,948.297,34.2738,54.7088,953.938,8.77498,18.6734,956.491,26.2192,18.443,948.189,66.6387,173.639,950.271,56.8003,183.407,950.06,62.1509,196.799,945.81,72.5685,186.483,0,0,0
001126:936.879,34.3835,168.03,936.839,30.414,170.712,936.121,36.5666,170.65,938.816,23.1276,165.955,940.659,38.1399,165.977,938.66,15.5766,145.687,947.258,42.4245,146.514,925.276,6.56813,120.245,955.378,55.5783,129.924,896.601,4.55831,100.923,953.133,67.111,133.686,947.566,21.6177,93.8617,950.786,38.8511,93.4992,945.491,18.8653,55.9864,948.991,34.8285,54.746,951.935,9.8648,18.9229,955.717,26.9758,18.6024,949.911,66.8848,173.62,951.351,56.6757,183.309,950.381,61.8278,197.04,946.943,72.6204,186.765,0,0,0
001127:937.608,34.6635,168.049,937.33,30.6937,170.747,936.584,36.8838,170.693,938.471,23.4701,166.014,940.728,38.493,166.082,937.121,15.9337,145.698,947.852,42.8622,146.715,923.879,6.62736,120.028,956.283,55.9216,130.226,900.15,3.90366,99.8871,953.969,67.2385,133.905,947.048,22.241,93.7043,951.658,39.4742,93.4545,944.876,19.8976,55.8728,950.935,35.7281,54.5795,948.959,11.2452,19.0812,956.532,27.8966,18.6111,952.152,67.0841,173.965,953.636,56.9422,183.528,952.913,61.9958,197.179,949.103,72.7097,187.055,0,0,0
001128:935.73,35.4269,168.402,934.427,31.5758,171.007,936.197,37.5139,171.061,937.28,24.1866,166.396,940.272,39.146,166.651,935.622,16.6552,145.993,944.347,43.7435,146.939,920.914,7.31071,121.034,949.553,57.348,130.623,895.498,4.06324,101.244,952.073,68.2632,134.186,945.671,22.7447,94.2572,949.689,39.9723,93.6832,944.859,20.5392,56.29,950.031,36.2101,55.086,952.43,12.467,19.4108,952.312,29.2534,19.2635,951.91,67.4319,174.108,952.564,57.1801,183.334,946.572,62.4402,196.544,944.881,73.1562,186.911,0,0,0
001129:934.823,35.9211,168.264,933.768,32.091,170.869,935.619,37.992,170.985,938.165,24.7752,166.359,941.223,39.63,166.717,936.857,17.4469,146.082,947.745,44.2689,147.12,920.193,8.56617,120.937,952.761,57.6709,130.529,894.506,5.85975,101.252,952.191,68.6124,133.664,948.388,23.5501,94.2689,953.168,40.6337,93.7941,947.459,21.7796,56.0973,952.955,37.2838,55.0164,954.844,13.5477,18.9646,955.195,30.44,19.0536,950.617,67.5198,174.077,951.456,57.2651,183.129,946.479,62.4125,196.4,944.423,73.1295,186.898,0,0,0
001130:937.359,36.5036,168.445,936.184,32.6756,171.08,938.009,38.6339,171.137,939.391,25.3888,166.535,942.492,40.3182,166.793,937.484,17.9635,146.068,946.556,44.9351,147.019,921.34,8.83394,120.994,949.804,58.2989,130.349,890.379,5.68692,101.448,951.303,68.9136,133.434,947.349,24.0661,93.9282,951.686,41.275,93.4831,945.568,22.2874,55.9821,952.639,38.0745,54.7665,951.003,14.829,19.2582,955.985,31.8408,18.8403,952.368,67.9292,173.771,953.799,57.3761,183.027,949.478,62.5007,196.667,946.887,73.5135,187,0,0,0
001131:938.919,37.0264,168.37,937.639,33.2028,171.014,939.239,39.1978,171.115,940.057,25.9531,166.511,942.382,40.9784,166.792,938.251,18.3924,146.069,945.454,45.7785,147.122,926.702,8.97961,120.84,948.544,59.1974,130.533,910.385,6.08467,100.914,953.189,69.4995,133.762,945.94,24.657,93.9671,949.528,42.037,93.6571,944.965,23.1991,55.8272,951.519,39.0758,54.758,950.806,16.0504,18.8257,956.649,33.0924,18.6024,955.162,68.0725,174.138,956.912,57.5197,183.346,951.59,62.5921,197.031,948.567,73.5751,187.375,0,0,0
001132:940.786,37.529,168.232,939.523,33.6755,170.848,940.342,39.6548,170.997,940.796,26.3461,166.299,941.602,41.3243,166.614,938.519,18.8613,145.891,943.432,46.1194,147.137,929.562,9.95824,120.554,944.036,59.5735,130.798,916.876,7.84482,100.923,950.953,69.9563,134.24,948.505,25.2981,93.9092,950.812,42.6889,93.7841,947.712,24.054,55.5401,951.915,39.946,54.7735,950.896,17.3091,18.5464,956.288,34.4793,18.4223,955.086,68.3911,174.123,957.197,57.7332,183.146,954.115,62.6103,196.925,950.499,73.6972,187.398,0,0,0
001133:938.723,37.8288,167.626,937.461,34.0262,170.253,939.682,40.0065,170.423,940.152,26.9035,165.927,944.529,41.8,166.249,937.688,19.3222,145.771,949.323,46.7596,146.889,926.048,9.76766,121.079,952.457,60.3354,130.482,907.821,6.95538,102.387,953.934,70.5134,133.627,946.137,25.7519,93.9782,952.178,43.1181,93.7877,944.093,25.0407,55.6912,951.639,40.9274,54.7973,951.001,18.429,18.1901,955.68,35.8055,18.4809,955.138,68.6561,173.904,956.915,57.9145,182.741,953.652,62.6614,196.644,950.967,73.7886,187.309,0,0,0
001134:938.15,38.7332,167.437,937.329,34.8841,170.042,939.098,40.8276,170.279,940.696,27.4909,165.694,943.51,42.2657,166.031,937.654,19.9768,145.676,947.987,46.8666,146.689,918.91,11.6744,121.217,950.642,59.8112,129.922,887.174,11.2748,104.353,953.854,70.2627,133.004,948.173,26.3743,93.6236,953.024,43.6471,93.6703,944.234,26.117,55.3522,951.524,42.2256,54.7219,950.125,19.3547,17.7716,956.894,37.383,18.3648,955.43,68.8618,173.841,957.882,57.9906,182.885,956.574,62.8914,196.937,952.92,74.1531,187.314,0,0,0
001135:938.583,39.2048,167.034,937.804,35.3685,169.662,940.062,41.3409,169.885,941.728,28.0585,165.35,945.66,42.8976,165.731,938.987,20.5349,145.293,950.454,47.6139,146.508,922.51,11.7923,120.39,955.017,60.6123,129.72,895.366,10.322,102.221,956.921,70.7241,132.698,945.682,27.2297,93.3736,951.475,44.4895,93.4732,941.175,27.1263,55.3731,949.485,43.164,54.7485,949.075,20.8069,17.9223,955.767,38.6097,18.6041,957.556,69.0064,173.959,959.245,58.2009,182.822,956.765,62.9105,196.759,954.074,74.1122,187.368,0,0,0
001136:938.718,40.038,166.891,937.804,36.2036,169.535,940.015,42.1371,169.731,941.384,28.7493,165.3,945.238,43.4833,165.629,939.294,20.9502,145.194,950.626,47.9837,146.492,925.293,11.4601,120.124,954.434,61.093,129.84,899.929,8.98863,101.381,956.955,71.5125,132.656,948.32,27.705,93.1507,954.417,45.0092,93.3778,941.62,27.8709,55.3462,951.168,44.1873,54.7807,948.934,21.6216,17.9068,957.107,40.0178,18.6531,958.556,69.2346,174.043,959.161,58.1833,182.777,957.359,62.7481,196.906,955.686,74.167,187.653,0,0,0
001137:941.102,40.3116,166.609,940.341,36.4926,169.27,942.405,42.481,169.494,943.238,29.1586,165.002,946.618,43.9716,165.37,939.761,21.5014,144.917,950.755,48.5687,146.208,924.474,12.4825,119.936,954.048,61.5152,129.535,897.555,10.8643,101.645,956.665,71.5445,132.569,948.08,28.054,92.5657,953.973,45.4651,92.9001,941.476,28.4799,54.7706,950.683,45.2858,54.3352,949.21,22.5927,17.2896,957.782,41.8227,18.3113,958.87,69.5074,173.801,959.774,58.4813,182.502,958.21,63.0221,196.626,956.126,74.4179,187.41,0,0,0
001138:941.417,40.9623,166.069,941.042,37.1431,168.758,942.853,43.1867,168.955,944.973,29.7712,164.544,947.43,44.699,164.87,942.445,21.7476,144.388,951.268,49.3395,145.825,928.576,11.7009,119.377,953.814,62.6516,129.739,900.485,9.23867,100.638,955.713,72.4049,133.385,948.991,28.3378,91.9529,953.569,46.0336,92.4774,942.219,28.9111,54.3243,949.801,46.3745,54.1074,951.748,23.1072,16.6625,957.877,43.2375,18.2028,960.699,69.812,174.025,961.608,58.7341,182.459,960.615,63.025,196.571,958.528,74.4506,187.644,0,0,0
001139:938.173,41.9746,165.877,938.054,38.2256,168.529,940.413,44.1674,168.729,944.527,30.833,164.319,949.301,45.503,164.627,943.822,22.6442,144.179,957.551,49.8827,145.536,932.369,12.1051,119.435,959.733,63.231,129.65,906.187,9.31659,101.001,954.191,72.8795,133.757,950.407,28.9692,91.8725,957.378,46.5375,92.3675,941.144,29.8285,54.5765,949.719,47.5083,54.4217,951.642,23.5656,16.8662,957.087,44.4953,18.834,960.924,69.8386,173.823,962.966,58.5673,182.068,964.399,62.7708,196.411,961.107,74.3881,187.584,0,0,0
001140:939.527,42.6455,165.431,939.145,38.886,168.077,941.371,44.8155,168.321,944.157,31.4751,163.819,948.285,46.0835,164.214,941.34,23.5422,143.726,955.981,50.425,145.131,925.451,13.5815,119.067,959.54,63.7117,129.144,896.529,11.3302,100.977,956.149,73.7021,133.13,950.987,29.8991,91.1347,958.205,47.4428,91.6798,942.256,30.5556,53.8866,951.738,48.8885,53.7115,951.688,23.6585,16.3513,957.965,46.0355,18.3314,961.056,70.3968,173.473,963.724,58.934,181.576,964.483,62.8916,196.064,960.258,74.7063,187.353,0,0,0
001141:944.184,43.4262,164.933,944.085,39.6311,167.574,945.978,45.6057,167.834,949.07,32.1158,163.378,952.261,46.7684,163.76,946.769,23.9573,143.214,957.656,51.1514,144.636,931.617,13.5081,118.879,958.79,64.4652,128.811,896.671,11.3496,101.784,958.345,74.3828,132.526,953.308,30.7261,90.5304,958.73,48.4752,91.2865,942.883,31.418,53.5915,951.822,50.3612,53.5614,947.953,24.4423,16.5831,956.779,47.6525,18.5531,963.323,70.5514,173.142,965.33,58.8301,181.336,966.087,62.7031,196.098,962.608,74.758,187.323,0,0,0
001142:943.686,44.1101,164.729,943.469,40.3335,167.358,945.047,46.2948,167.633,947.536,32.8426,163.02,949.122,47.3742,163.495,944.495,24.7936,142.819,952.87,51.5417,144.462,930.731,14.0663,118.128,953.404,64.7511,128.969,901.686,10.9429,99.6623,956.216,74.9613,132.862,951.433,31.4434,89.9999,955.32,49.0447,90.9741,944.199,32.2025,53.016,951.366,51.7779,53.2576,950.828,24.4761,15.9184,958.04,49.3944,18.3939,964.093,70.6763,173.09,966.092,58.9132,180.875,967.374,62.4589,195.54,963.694,74.5838,187.19,0,0,0
001143:942.863,45.0135,164.498,942.449,41.2879,167.132,944.574,47.2106,167.402,946.51,33.8543,162.883,949.55,48.292,163.324,942.725,25.7399,142.815,955.105,52.3849,144.267,927.416,14.8823,118.511,957.199,65.5638,128.659,898.867,11.8179,100.572,957.23,75.5353,132.589,950.832,32.081,89.931,956.774,49.7018,90.8197,943.993,32.9042,53.0197,953.326,52.9074,53.1372,952.332,24.8932,15.7372,959.66,50.7236,18.3888,964.893,70.846,172.593,968.583,58.8198,180.25,970.011,62.1466,195.248,964.46,74.5164,186.983,0,0,0
001144:942.766,45.439,164.095,942.18,41.7282,166.683,943.677,47.678,166.984,944.818,34.4139,162.274,946.303,48.9233,162.747,942.335,26.3755,142.073,949.572,53.2629,143.522,932.264,15.151,118.069,949.881,66.4585,127.861,909.324,12.0759,100.854,953.064,75.9727,131.675,951.307,33.0501,89.1956,954.942,50.8915,90.1586,946.051,33.6708,52.2676,954.404,54.2367,52.4284,952.674,25.2845,15.1765,961.723,51.9159,17.6594,963.748,70.9836,172.078,968.713,58.7046,179.908,970.254,62.0805,195.367,963.434,74.7311,186.894,0,0,0
001145:943.132,46.0976,163.894,943.424,42.3616,166.489,945.707,48.2307,166.729,945.849,35.1979,162.028,949.31,49.3674,162.399,945.724,26.8735,141.688,952.986,53.448,142.743,932.389,15.4124,117.83,953.681,66.4704,127.64,904.975,11.2605,99.9762,959.205,76.0575,131.181,951.357,33.5497,88.6794,955.809,51.2313,89.7191,944.775,34.2333,51.9751,956.527,55.3523,52.3325,951.788,25.3535,14.6946,968.255,53.3311,17.142,968.123,70.7074,172.196,967.705,58.7364,179.749,972.539,61.8029,194.705,973.889,73.9795,186.764,0,0,0
001146:942.714,47.0165,163.56,943.206,43.2712,166.114,945.887,49.1243,166.406,946.039,36.0072,161.568,950.645,50.1189,162.012,943.651,27.6941,141.313,954.536,54.1417,142.482,924.706,16.6276,118.008,954.501,67.5154,128,892.163,13.689,101.325,955.46,77.0182,132.523,949.065,34.2977,88.6307,955.328,51.9842,89.7098,942.368,35.1014,52.1427,955.771,56.7686,52.525,951.125,25.658,14.7557,968.702,54.7913,17.4179,966.575,70.9563,172.126,967.215,58.8947,179.09,974.449,61.4998,194.014,974.555,73.7668,186.571,0,0,0
001147:945.384,47.8145,163.25,945.852,44.0417,165.829,948.425,49.9569,166.085,948.31,36.624,161.228,951.908,50.9122,161.651,946.134,27.983,140.799,954.758,54.8691,141.953,929.113,16.251,117.247,955.648,68.1935,127.134,899.449,12.8079,100.067,959.799,77.4614,131.126,950.931,34.7591,87.7583,956.204,52.7637,88.9385,943.781,35.5616,51.4595,958.104,58.012,51.8313,949.264,26.0465,14.532,970.388,56.2162,17.0103,969.981,70.7677,171.684,971.125,58.558,178.785,977.347,61.1211,193.912,976.851,73.5082,186.345,0,0,0
001148:942.409,48.3269,162.9,943.179,44.5687,165.445,946.18,50.3735,165.733,947.328,37.1197,160.855,952.18,51.0757,161.345,946.336,28.696,140.498,957.004,54.8771,141.613,927.347,17.3162,117.517,958.058,68.3174,126.812,892.831,14.4583,101.658,958.824,78.1231,130.688,950.792,35.519,87.2972,957.066,53.2556,88.534,943.937,36.3232,51.1589,959.105,59.2653,51.5721,948.645,25.9662,14.399,970.439,57.6515,17.0403,970.031,70.9269,171.251,971.387,58.3968,178.046,978.668,60.6501,193.423,978.263,73.4106,186.099,0,0,0
001149:940.11,49.0573,162.695,940.93,45.3917,165.241,943.827,51.1562,165.48,945.808,38.1319,160.535,949.777,52.1162,161.062,946.609,29.721,140.153,955.482,55.9257,141.328,929.886,17.8546,116.845,956.235,69.1864,126.667,899.867,14.111,99.9537,956.181,78.4002,130.737,952.305,36.0822,86.8705,958.046,53.9394,88.1319,945.453,36.7487,50.9385,960.934,60.5586,51.3293,948.079,25.9798,14.5277,971.62,59.2908,17.0924,971.253,70.914,171.003,973.239,58.383,177.617,981.329,60.5644,193.059,980.388,73.3483,185.951,0,0,0
001150:941.281,50.1028,162.31,942.598,46.3979,164.833,945.781,52.0962,165.086,948.779,38.8676,160.199,953.812,52.6678,160.714,949.089,30.3155,139.881,960.908,56.2047,140.931,931.472,18.5044,117.258,963.041,69.5761,126.196,897.971,15.3106,101.866,962.333,79.2536,129.894,952.023,36.9439,86.6793,959.225,54.7308,87.9144,943.102,37.3743,51.0833,960.764,61.8651,51.395,947.251,25.8881,14.6786,974.417,60.9271,16.9576,972.537,71.0839,170.318,974.827,58.3113,176.83,981.973,60.1542,192.424,980.827,73.1564,185.356,0,0,0
001151:940.671,50.8713,162.295,942.242,47.1899,164.796,946.008,52.8826,165.087,949.796,39.6392,159.952,955.347,53.4975,160.583,947.23,31.3725,139.595,964.193,56.9862,140.788,918.102,20.5112,117.106,970.488,70.438,126.012,873.753,18.0732,102.307,965.073,79.9371,130.135,951.122,37.8273,86.4511,960.854,55.5771,87.6005,940.903,38.1458,51.0329,961.305,63.1803,51.2133,948.619,26.1853,14.4127,976.876,62.4572,16.6995,972.681,71.1565,170.345,974.665,58.3522,176.403,983.004,59.8346,191.901,982.134,72.893,185.256,0,0,0
001152:943.769,51.7179,162.082,944.936,48.0164,164.636,948.159,53.7378,164.862,948.726,40.3548,159.797,952.327,54.115,160.405,946.047,31.891,139.369,955.657,57.3566,140.798,928.169,20.1884,116.277,960.083,70.7621,126.472,898.544,16.1648,99.6262,965.284,80.4935,130.286,948.379,38.6103,86.1579,954.785,56.3714,87.5428,941.946,38.4407,50.7031,959.982,64.3357,51.0997,949.394,26.0967,14.3382,976.618,64.328,16.606,974.511,71.0937,169.831,975.887,58.2475,175.705,982.696,59.3115,191.088,982.632,72.4031,184.719,0,0,0
001153:942.155,52.4482,161.766,943.46,48.8121,164.314,947.154,54.5036,164.55,949.299,41.2469,159.525,953.948,55.0198,160.146,946.454,32.7768,139.254,961.393,58.2709,140.631,921.998,21.2523,116.566,969.957,71.5681,126.188,881.986,17.7528,100.916,971.261,80.905,130.045,951.656,39.1024,86.1499,960.494,56.9886,87.4655,941.613,39.0235,50.9453,961.208,65.5388,51.2991,950.283,26.3878,14.352,975.995,65.8081,16.9884,976.112,71.1352,169.411,976.632,58.368,175.07,983.793,59.3651,190.369,984.322,72.3841,184.179,0,0,0
001154:942.081,53.2019,161.486,943.377,49.5386,164.052,947.076,55.2202,164.28,949.01,41.7776,159.256,953.184,55.5559,159.916,945.962,33.1649,138.918,959.859,58.6742,140.378,922.395,21.5859,116.243,966.813,72.1469,126.17,883.809,18.562,100.696,968.501,81.6191,130.148,951.631,39.5168,85.3397,960.024,57.5441,86.7847,941.614,39.4167,50.2994,961.326,66.8317,50.7562,949.512,26.299,13.9264,977.075,67.2867,16.5985,975.274,71.3463,169.156,976.66,58.3877,174.408,984.339,58.9068,189.793,983.915,72.1556,184.009,0,0,0
001155:941.896,53.883,161.72,943.319,50.312,164.283,947.089,55.9527,164.48,949.598,42.7865,159.425,954.475,56.4698,160.062,948.133,34.3223,139.023,962.518,59.6306,140.484,925.84,22.2782,116.347,969.21,72.9047,126.119,887.347,17.8185,100.525,970.813,81.9815,129.636,953.947,40.5671,85.5009,962.94,58.5713,86.8641,943.262,40.0227,50.5031,963.673,67.9382,50.8185,949.473,26.5055,14.2905,976.74,68.7233,16.6953,979.411,71.0876,168.277,980.052,57.9967,173.379,989.52,58.3938,188.955,990.062,71.8155,183.345,0,0,0
001156:943.536,54.7553,161.526,944.557,51.1995,164.106,948.422,56.8124,164.268,949.199,43.6299,159.271,954.497,57.2165,159.908,946.526,35.0249,138.927,961.848,60.2502,140.441,927.947,22.7325,116.062,970.728,73.8897,126.297,898.667,17.732,99.3005,974.222,83.29,129.908,952.438,41.0958,85.4637,961.979,59.1215,86.8464,942.877,40.4203,50.5265,963.084,68.9852,50.9097,950.854,26.5052,14.1831,976.715,70.2751,16.8108,979.599,71.342,167.746,981.158,58.0965,172.493,989.579,58.0214,188.117,989.098,71.5757,182.845,0,0,0
001157:942.218,55.3477,161.366,943.347,51.8446,163.963,947.308,57.5045,164.105,948.379,44.4188,159.136,954.157,58.2543,159.738,945.12,35.7195,138.808,962.236,61.5341,140.282,924.09,23.39,116.031,974.179,75.5892,126.211,892.125,18.7259,99.429,978.663,84.4373,130.259,950.152,41.2835,85.5543,960.766,59.7327,86.8272,940.965,40.3926,50.7115,962.445,69.912,50.9305,950.448,26.6217,14.1944,977.407,71.8083,16.7021,981.396,71.6353,167.164,981.729,58.2614,171.727,990.806,58.0429,187.486,991.336,71.7278,182.405,0,0,0
001158:944.039,56.2696,161.364,944.017,52.6175,163.852,946.452,57.9976,163.966,946.085,44.8004,159.094,952.517,58.5675,159.782,945.15,36.4366,138.711,960.723,61.7865,139.868,923.856,23.5099,116.116,976.36,76.6712,125.554,901.574,18.3559,98.1214,979.506,85.5355,130.367,947.916,41.8378,85.825,957.821,60.0768,86.7212,941.591,40.6808,50.7691,961.334,70.605,51.1366,949.84,26.5031,14.1733,980.032,73.7941,16.1771,986.625,72.5865,166.304,988.07,59.3472,170.267,997.732,58.7082,185.512,998.062,72.4053,181.06,0,0,0
001159:942.868,57.2607,161.613,943.249,53.6157,164.134,946.474,58.9262,164.249,948.392,45.4969,159.493,956.444,59.1702,160.119,947.636,37.0047,139.132,967.603,61.9146,140.091,918.868,24.9849,116.726,982.534,76.6751,125.305,883.499,21.6291,99.9891,975.03,85.9956,129.853,950.245,41.8891,85.6184,962.439,60.0759,86.4965,940.12,40.9043,50.6896,962.382,71.5472,51.0563,951.403,26.4288,13.6557,982.922,75.4922,15.9151,984.867,73.0151,165.621,987.666,59.6674,169.237,999.286,58.6873,184.543,998.158,72.5295,180.33,0,0,0
001160:943.788,57.9171,161.575,943.948,54.2841,164.099,946.599,59.5927,164.201,948.213,46.2544,159.462,954.762,59.9257,160.112,948.932,37.8053,139.203,965.09,62.751,140.429,926.405,25.4071,116.429,978.527,77.6884,126.261,898.689,21.1369,98.5269,974.72,86.9053,131.031,953.533,42.7399,85.9455,963.79,60.9824,86.9594,942.613,41.3312,51.0248,962.608,72.5216,51.5563,952.271,26.5734,14.0625,982.152,77.0688,16.3234,987.087,73.0249,165.556,989.764,59.8223,168.641,1001.08,58.3099,183.679,1000,72.0107,180.039,0,0,0
001161:947.479,58.9755,161.479,947.356,55.3777,164.031,950.328,60.6866,164.077,949.574,47.2702,159.405,957.793,60.9172,159.828,948.087,38.6455,139.298,966.535,63.4351,140.157,925.936,26.3001,117.384,978.958,78.8295,126.141,899.213,22.4159,100.684,972.986,88.3347,131.211,952.801,42.8574,86.0944,965.036,61.1753,86.9255,940.735,41.1072,51.4531,962.316,72.9787,51.7814,952.73,26.6494,14.3294,983.175,78.763,16.3948,987.22,73.5369,164.873,989.588,60.1033,167.553,1003.33,58.1031,182.755,1002.1,72.1108,179.507,0,0,0
001162:947.81,59.0217,161.427,947.672,55.4069,163.972,950.509,60.8388,164.015,949.546,47.5465,159.184,957.499,61.5123,159.65,948.14,39.056,138.984,965.296,64.5188,139.996,928.328,26.3129,117.071,975.625,80.2763,126.301,904.078,21.5993,99.9488,971.602,89.2348,131.539,951.866,43.5054,86.055,963.524,62.2004,86.8731,941.734,41.2603,51.3625,963.125,73.9214,51.5995,950.772,26.9775,14.5516,983.05,80.3734,16.2068,987.275,73.734,164.664,989.243,60.4603,167.245,1003.38,58.3533,182.324,1002.26,72.2059,179.236,0,0,0
001163:947.814,60.0997,161.171,947.786,56.4961,163.706,950.904,61.8521,163.757,951.259,48.5225,159.041,959.935,62.2738,159.483,950.812,40.0307,139.031,969.983,65.0115,140.049,929.097,27.5717,117.403,979.794,80.952,126.726,901.04,23.2134,100.689,971.141,90.4224,132.149,955.497,44.3015,86.0384,967.998,62.7941,86.8816,942.565,41.7951,51.5706,964.603,74.8557,51.805,952.244,26.9487,14.7361,983.478,81.5948,16.5243,987.667,74.424,164.091,990.304,61.155,166.038,1004.44,58.394,180.882,1002.55,72.2485,178.408,0,0,0
001164:945.496,61.2481,161.639,945.866,57.6525,164.224,949.582,62.988,164.203,952.372,49.4723,159.513,961.866,63.2801,159.876,953.07,40.7549,139.456,974.605,65.6269,140.391,929.727,28.424,117.591,984.978,81.6258,126.908,899.845,24.3014,100.455,969.51,91.2295,132.256,955.849,44.5507,86.1878,969.409,63.0663,86.9489,941.289,41.7543,51.6758,962.904,75.3576,51.9738,952.914,26.7201,14.5393,982.989,82.9134,16.4146,988.602,74.6459,163.563,990.919,61.6787,165.002,1006.2,58.5028,179.365,1004.68,72.0605,177.363,0,0,0
001165:947.033,61.7635,161.445,947.54,58.1581,164.038,950.337,63.5659,164.024,952.535,50.0403,159.246,959.194,64.0662,159.639,952.497,41.3394,139.126,967.929,66.6085,140.281,929.983,28.8972,117.113,976.989,82.8752,127.336,901.994,24.8743,99.4915,969.341,92.3118,133.025,953.837,45.059,86.2291,964.464,63.863,87.1227,943.284,41.9893,51.6685,963.607,76.3549,52.0264,950.696,27.002,15.0383,981.942,84.2133,16.7308,991.24,75.4184,162.855,991.976,62.4702,163.915,1007.7,58.9721,178.111,1007.72,72.5385,176.567,0,0,0
001166:949.451,62.4584,161.852,950.053,58.842,164.481,952.248,64.3488,164.437,953.716,50.7622,159.55,958.404,65.064,159.919,952.643,42.1053,139.328,964.116,67.7752,140.61,931.223,29.5459,117.431,971.53,84.3635,128.145,906.144,25.2605,99.5829,966.842,93.5084,134.166,953.767,45.8113,86.2512,962.611,64.9273,87.1468,944.008,42.0273,51.6171,963.173,77.2257,51.8954,949.748,27.1478,15.1791,981.284,85.8616,16.531,989.3,75.9124,162.341,988.126,63.2171,162.936,1003.5,59.2773,176.682,1005.45,72.6128,175.697,0,0,0
001167:947.74,63.1018,161.513,948.339,59.5137,164.155,951.032,65.0064,164.111,952.992,51.4776,159.303,959.09,65.7725,159.693,952.021,42.9426,139.243,967.195,68.4886,140.595,927.903,30.9775,117.438,975.131,85.2099,128.373,895.434,27.5088,99.977,965.153,94.3354,134.545,955.325,46.3042,86.2909,966.333,65.4789,87.0905,943.071,42.2456,51.9018,964.552,78.005,52.0025,950.727,27.1065,15.3528,983.597,87.0531,16.502,987.332,76.6904,161.773,985.682,64.2886,161.948,1000.49,60.0614,175.229,1002.49,73.0819,174.661,0,0,0
001168:951.994,63.6669,161.52,952.136,60.1432,164.202,954.714,65.7263,164.121,954.06,52.3723,159.229,960.393,66.7864,159.556,951.594,43.9432,139.12,966.836,69.5594,140.419,937.001,32.1337,116.696,973.658,86.21,128.182,922.964,27.9988,97.2883,965.654,95.0778,134.476,953.767,46.6948,86.2855,965.832,65.9783,86.8898,943.615,42.1431,51.8145,966.903,78.374,51.5906,951.524,27.4584,15.2996,985.835,88.5672,16.0182,991.241,77.9914,161.767,990.101,65.827,162.029,1003.69,61.733,175.15,1004.39,74.4208,174.499,0,0,0
001169:951.264,64.2639,161.851,951.851,60.6641,164.533,953.754,66.2802,164.503,955.131,52.7449,159.597,958.241,67.374,159.969,954.407,44.3858,139.642,963.06,70.3903,141.09,938.444,33.5458,117.382,971.675,87.0044,128.873,917.076,31.4916,99.2558,971.092,95.9586,135.018,955.872,47.6023,87.037,963.183,67.1427,87.8026,946.671,42.6355,52.1713,964.249,79.1317,52.3165,952.146,27.8128,15.6392,984.873,89.4326,16.3127,994.181,78.9962,161.192,992.958,67.1424,161.288,1004.18,62.7893,173.947,1005.2,75.1343,173.408,0,0,0
001170:957.883,65.4364,161.49,958.177,61.8297,164.227,959.907,67.5051,164.161,958.872,53.7723,159.323,961.038,68.5094,159.678,956.026,45.1397,139.249,961.634,71.3376,140.852,940.35,34.1243,116.484,970.668,88.3919,129.059,922.377,32.1931,97.0641,973.006,97.46,135.64,955.347,47.8649,86.3478,961.688,67.6491,87.1967,947.232,42.6187,51.6639,966.836,80.0768,51.626,949.773,27.7676,15.671,987.175,90.7224,15.8592,993.895,79.9305,160.405,993.092,68.2146,160.036,1000.06,63.3982,172.297,1000.51,75.5169,172.279,0,0,0
001171:952.418,66.3572,161.751,952.555,62.795,164.503,954.22,68.4236,164.378,954.361,54.7263,159.551,956.357,69.4568,159.843,952.861,46.0553,139.648,959.611,72.2001,141.12,938.955,34.8578,117.604,971.013,89.3513,129.601,927.265,32.9262,98.6317,973.788,98.8158,135.912,955.028,48.593,86.9834,961.72,68.4251,87.7221,948.503,43.0038,52.0834,966.93,80.8088,52.0679,953.428,27.8551,15.7456,987.435,91.781,16.0385,982.479,81.4959,156.972,973.536,70.5364,156.055,980.503,65.6415,167.054,989.82,77.0176,167.667,897.484,182.685,262.43
001172:953.821,67.0493,161.355,953.703,63.5606,164.13,955.255,69.2705,163.959,954.927,55.7006,159.166,955.681,70.4823,159.399,953.218,47.0863,139.255,956.682,73.2174,140.821,939.892,35.0953,117.8,968.329,91.1057,130.188,926.257,31.6295,98.5349,975.782,100.696,136.689,954.831,49.0914,86.5131,959.784,68.9748,87.2448,948.551,42.8122,51.9457,967.213,81.324,51.6575,951.25,27.8005,16.2531,989.042,93.022,15.6113,981.595,82.7429,152.381,968.161,72.4356,150.25,975.403,66.7071,159.97,989.484,77.4576,162.002,897.804,182.673,259.967
001173:955.748,67.7845,161.133,954.826,64.3025,163.916,957.154,70.0106,163.761,953.626,56.4525,159.063,956.619,71.2007,159.29,950.758,47.783,139.432,957.294,73.9442,140.863,934.038,36.1959,118.331,975.257,91.8165,129.981,916.165,33.5594,99.8689,980.696,101.919,136.434,955.546,49.7019,86.9852,961.586,69.7063,87.6616,948.407,43.3313,52.359,967.717,82.0615,52.0186,951.989,28.0107,16.3718,989.338,93.6978,15.8398,953.625,85.7799,153.349,938.114,76.1623,152.417,932.087,71.4808,161.652,947.832,81.3883,162.418,894.525,183.285,257.243
001174:956.354,68.2453,160.967,955.89,64.8166,163.736,958.189,70.5249,163.625,957.003,57.0181,158.996,959.963,71.6489,159.129,955.839,48.2693,139.384,962.674,74.0856,140.577,936.052,36.7036,118.641,984.738,91.4758,129.285,915.807,33.5955,100.468,982.345,102.44,135.398,957.104,49.9738,86.8676,962.604,69.7846,87.5452,949.756,43.4531,52.2056,969.647,82.1859,51.7876,950.207,28.3488,16.5229,990.963,94.326,15.6387,909.524,90.644,152.547,885.976,82.2702,153.486,864.553,79.1927,161.535,888.262,87.7858,160.503,897.744,183.271,255.38
001175:957.094,69.2348,161.117,956.554,65.7345,163.94,959.436,71.4466,163.837,957.344,57.6404,159.257,961.693,72.3167,159.468,954.656,48.8817,139.701,964.624,74.6639,141.058,930.162,38.2224,118.784,988.174,92.3276,129.88,901.272,36.6627,101.007,983.509,103.61,136.031,956.687,50.6968,86.9532,964.013,70.6446,87.5792,949.148,43.8699,52.1429,972.018,83.2011,51.5313,950.825,28.1872,16.2773,995.199,95.2597,14.9203,913.685,91.201,152.167,890.854,82.9674,152.603,869.089,79.4088,160.242,891.799,87.7871,159.667,900.973,183.252,253.173
001176:955.476,69.997,160.946,954.543,66.6453,163.772,958.135,72.3012,163.625,955.3,58.871,159.084,961.778,73.2862,159.205,953.418,50.1923,139.539,967.511,75.435,140.704,929.709,39.1245,118.8,992.276,92.8734,129.54,902.18,36.1112,100.668,984.252,104.204,135.713,958.907,51.2393,86.8138,968.933,70.9805,87.2524,949.399,44.2725,52.2785,975.836,83.722,51.2899,950.263,28.3957,16.5892,997.443,95.9541,14.8004,911.326,92.9995,151.318,886.761,85.0062,152.263,864.332,82.0784,159.778,888.723,90.2778,158.758,898.823,182.612,250.199
001177:952.418,71.0572,160.727,951.759,67.7087,163.59,955.603,73.349,163.391,954.275,59.8374,158.963,961.384,74.1676,159.053,953.476,51.1367,139.639,968.872,76.1484,140.775,931.31,40.2518,119.135,988.402,93.6571,130.228,904.731,37.6963,101.119,979.05,105.029,136.539,959.819,51.933,86.7415,970.725,71.5451,87.1014,949.53,44.7077,52.2576,975.282,84.2965,51.2782,953.581,28.2558,16.3886,998.848,96.5251,14.6411,934.635,92.0843,150.398,914.894,83.9252,149.95,902.13,79.9022,157.446,921.878,88.3628,157.785,904.545,183.221,248.479
001178:953.634,72.3893,160.464,953.517,69.0536,163.369,957.216,74.6563,163.149,957.57,61.0318,158.847,963.696,75.2566,158.92,957.102,52.1905,139.649,970.388,76.9115,140.843,931.046,41.5564,119.157,989.026,94.335,130.429,894.98,39.4663,101.383,978.077,105.986,136.409,961.059,52.6904,86.8497,970.7,72.1795,87.2876,950.005,45.309,52.409,974.501,85.0486,51.5326,953.778,28.3423,16.6091,998.777,97.069,14.7445,943.788,93.0754,148.049,926.49,85.3316,147.065,917.63,81.0042,153.988,935.057,89.0963,154.862,902.298,182.579,245.872
001179:956.989,73.0164,160.531,956.713,69.6516,163.447,960.458,75.4555,163.221,959.317,61.7788,158.75,963.929,76.4986,158.84,957.529,52.9027,139.466,967.142,78.6151,140.579,933.018,41.9939,119.028,986.402,96.542,130.208,896.781,39.738,101.202,978.896,107.947,136.243,959.641,53.2549,86.79,967.266,73.2782,87.0655,949.346,45.297,52.2686,973.98,85.5448,51.0786,952.506,28.5864,16.619,998.248,97.426,14.2501,945.39,95.2961,147.632,931.715,87.9661,146.712,917.818,83.6458,153.46,931.633,91.2339,154.292,905.549,182.559,243.634
001180:958.009,73.7068,160.317,957.376,70.2971,163.258,961.148,76.1604,162.988,958.246,62.3287,158.532,963.258,77.1793,158.63,955.557,53.2538,139.137,965.424,79.4239,140.478,933.324,42.2346,117.776,981.193,97.4014,130.34,903.072,39.7677,98.1635,977.716,108.636,136.517,961.497,53.8143,86.1777,969.649,74.1636,86.5195,951.859,45.6898,51.6871,976.791,86.495,50.4877,954.35,28.7762,16.1542,1000.42,98.2177,13.8139,973.162,94.8912,148.17,967.626,87.3763,146.845,961.242,82.7697,154.094,966.662,90.5879,155.282,903.385,181.917,240.666
001181:954.427,74.5708,160.11,954.331,71.1768,163.042,958.425,77.0353,162.75,958.283,63.2792,158.134,963.721,78.1752,158.258,957.041,54.2505,138.635,969.091,80.5198,139.974,932.878,43.2469,117.508,984.871,98.9272,130.287,899.854,41.0491,98.417,979.287,110.198,136.874,961.933,54.5735,85.8576,971.313,74.9898,85.9994,951.059,45.9963,51.6141,976.607,87.0206,50.2197,954.698,28.5874,16.2664,1001.18,98.1903,13.4612,987.922,95.6705,146.761,986.553,88.4572,144.889,984.629,83.6058,151.792,986.308,91.2251,153.533,909.143,182.523,238.561
001182:956.616,75.2517,159.433,956.412,71.8853,162.334,960.737,77.7043,162.045,959.236,63.9093,157.279,964.934,78.4995,157.44,956.999,55.0255,137.944,968.633,80.533,139.468,933.976,44.0595,117.406,984.21,99.2238,130.818,904.276,41.1427,98.3986,980.736,111.252,138.144,961.148,55.5212,85.4542,970.568,75.549,85.6359,950.875,46.66,51.3879,977.783,87.7014,49.8967,952.932,28.811,16.6214,1000.47,98.8582,13.4964,1006.2,97.5255,146.023,1009.28,90.7386,143.366,1011.44,85.4264,149.643,1008.75,92.7172,152.189,906.974,181.883,235.932
001183:958.856,75.934,159.102,958.262,72.5507,162.033,963.011,78.4196,161.749,960.516,64.6606,157.07,966.356,79.1646,157.288,958.789,55.8756,137.973,969.689,81.2425,139.562,936.794,45.1045,117.724,988.813,100.831,131.626,907.074,42.611,98.8894,991.403,114.478,139.12,963.756,55.9689,85.2369,972.472,75.9003,85.4585,952.774,46.9791,51.0908,979.377,88.1508,49.5479,954.347,28.7248,16.362,1003.85,99.2685,12.9596,1010.15,99.8515,145.999,1015.61,93.4545,142.59,1011,87.3388,148.377,1006.12,94.2871,151.709,910.249,181.861,233.662
001184:958.611,76.8331,158.857,958.423,73.425,161.807,962.424,79.345,161.534,961.648,65.5061,156.794,965.916,80.1999,157.059,960.879,56.6375,137.69,968.103,82.4899,139.409,939.165,45.5011,117.696,986.912,102.638,132.279,908.94,42.6474,98.5784,986.938,116.478,140.461,962.439,56.8323,85.0306,969.058,77.0217,85.2539,951.843,47.3792,51.025,976.526,88.7869,49.4478,953.02,28.9619,16.6558,1001.2,99.3117,13.0254,973.3,101.534,144.606,974.786,95.9463,140.986,965.929,89.8665,145.629,965.053,95.9697,149.236,913.628,181.839,231.011
001185:958.673,77.6506,158.523,958.229,74.2622,161.479,963.117,80.1299,161.234,961.281,66.2722,156.526,968.151,80.7778,156.763,959.213,57.3089,137.516,972.902,82.9361,139.063,934.109,46.6548,117.737,991.344,102.845,131.751,900.385,44.4157,99.4132,986.619,117.691,139.632,964.014,57.4272,84.8861,974.778,77.5895,84.8691,950.696,47.8044,50.8183,979.22,89.1827,48.9555,951.532,28.9833,16.391,1000.37,99.275,12.546,993.308,105.422,144.018,998.823,100.531,141.49,994.948,95.9678,145.863,990.082,101.42,148.293,916.401,182.454,228.675
001186:961.55,78.7924,158.244,962.184,75.6251,161.28,963.292,80.9131,160.842,964.307,67.6041,156.519,968.57,81.7812,156.579,959.373,58.285,137.611,974.872,84.2958,138.561,935.865,47.8644,118.363,983.067,102.36,131.318,908.505,46.107,99.2994,979.277,116.968,139.538,961.472,57.83,85.5437,971.27,77.8975,85.3848,952.338,48.3724,51.0364,977.719,89.3979,49.3601,951.302,29.1864,16.5802,995.485,98.7938,12.9382,994.122,108.723,140.197,1007.1,105.633,137.914,1018.9,103.631,140.659,1004.8,107.078,142.69,917.27,181.801,225.875
001187:963.554,79.5328,158.512,962.236,76.0353,161.422,966.108,81.3951,161.041,966.318,67.9025,156.433,975.119,81.8918,156.801,962.652,59.0402,137.601,987.417,84.4295,138.288,935.641,49.056,119.317,998.163,102.88,131.355,907.726,47.6978,101.525,984.263,119.329,140.488,964.314,58.634,85.6081,980.361,78.5509,84.9699,950.711,48.9127,50.9739,980.493,89.8845,49.2137,953.714,29.3134,16.2025,997.573,98.9496,12.4812,1049.04,119.986,142.716,1057.04,117.743,141.765,1074.43,118.438,142.856,1066.33,121.049,143.403,917.069,182.422,222.992
001188:969.081,80.0656,157.629,967.039,76.5251,160.478,970.558,81.9493,160.193,966.849,68.4169,155.513,974.286,82.5816,155.945,961.882,59.7902,136.612,983.425,85.6746,137.515,933.557,49.5291,118.312,1005.12,105.686,130.613,909.405,48.4649,100.492,996.535,121.576,139.755,964.247,59.5239,84.841,977.786,79.69,84.1688,951.224,49.336,50.5712,981.767,90.6954,48.5029,951.391,29.4555,16.4765,998.837,99.1423,11.9409,976.862,112.684,142.64,976.324,108.77,140.775,965.541,106.183,143.084,966.135,110.333,144.641,915.316,181.14,220.444
001189:964.942,80.9993,157.527,963.436,77.4099,160.41,966.765,82.9318,160.129,965.297,69.2255,155.587,972.931,83.6401,155.981,961.782,60.524,136.685,983.087,86.9193,137.542,932.488,50.7723,118.287,994.02,106.977,130.751,903.135,51.0517,100.694,976.913,122.332,139.818,966.177,60.1689,84.2148,979.873,80.5841,83.5373,953.135,50.0817,50.0474,980.566,91.4968,48.1515,954.46,29.9636,15.9391,996.57,99.1107,11.989,991.787,113.259,140.603,995.11,108.776,137.307,997.771,105.228,139.84,993.84,110.104,142.9,918.189,181.754,217.713
001190:964.399,82.0135,156.723,963.14,78.3887,159.54,966.338,83.8656,159.247,965.881,70.0195,154.529,972.925,84.2543,154.944,963.356,61.313,135.609,983.008,87.1748,136.507,931.581,51.6403,117.309,992.349,107.542,130.134,893.942,51.7355,100,975.954,123.834,139.631,968.038,60.8163,83.4249,980.969,80.9621,82.785,955.377,50.6509,49.4834,981.803,92.0827,47.7199,954.795,29.8879,15.8398,997.614,99.409,11.8417,1010.25,114.454,140.205,1015.92,109.76,136.517,1025.07,106.082,139.106,1018.36,111.209,142.563,921.522,181.732,215.38
001191:964.906,82.8431,156.664,963.428,79.2561,159.531,966.697,84.7407,159.218,966.387,71.1413,154.774,973.366,85.4641,155.176,964.784,62.2595,136.198,983.041,88.3866,136.755,936.668,52.5572,117.2,991.332,107.238,129.439,898.929,52.4219,99.1366,983.203,124.394,138.387,969.944,61.4046,84.3019,982.407,81.7568,83.5604,955.983,51.2627,49.9551,980.961,92.2161,48.2031,955.522,30.2173,15.7855,995.299,98.6285,12.1006,1050.95,125.138,141.46,1064.56,122.33,140.776,1088.22,123.381,143.014,1073.18,126.501,143.388,919.316,181.088,212.766
001192:964.815,83.9452,156.517,964.365,80.2462,159.195,967.894,85.7933,159.05,968.971,71.8706,154.411,976.774,86.3889,154.877,964.329,63.1106,135.479,985.519,89.618,135.973,942.705,52.7061,116.562,985.339,109.906,129.246,908.296,52.8846,98.5344,975.231,126.878,139.155,967.455,62.1734,83.6372,980.318,82.7266,82.5491,954.11,51.5737,49.54,979.034,92.8044,47.8801,955.03,30.7018,15.715,996.304,99.0344,11.2164,1023.71,123.703,142.595,1034.71,120.392,140.357,1050.59,119.8,141.911,1040.51,123.345,143.868,922.74,181.061,209.704
001193:968.7,84.76,156.306,968.432,80.9742,158.978,972.106,86.486,158.818,972.282,72.3317,154.079,979.785,86.6374,154.609,967.288,63.6681,135.151,987.109,89.5654,135.582,943.269,53.8456,116.332,988.748,109.973,128.665,907.966,54.1652,98.4024,978.649,128.55,138.589,969.464,63.1171,83.0576,981.176,83.3583,82.0599,957.427,52.3616,48.9274,982.732,93.5232,47.2681,955.113,30.8843,15.6323,998.141,99.3241,10.9926,1009.07,127.067,143.541,1015.33,123.747,142.349,1020.28,123.535,143.947,1015.45,127.086,144.793,922.992,181.045,207.22
001194:965.37,84.8533,156.186,965.367,81.1532,158.835,968.762,86.6827,158.735,970.481,72.8734,154.055,976.997,87.0857,154.566,967.202,64.637,135.264,983.654,90.1665,135.724,949.841,55.0451,116.451,977.982,110.021,128.919,916.647,54.8852,98.6795,972.773,128.565,138.395,969.011,63.9699,83.3767,979.632,83.9872,82.3172,957.868,52.9173,49.0902,980.351,93.5014,47.4741,956.536,31.3186,15.697,994.679,99.1488,11.1463,1058.59,130.977,141.803,1077.68,128.661,140.226,1106.58,129.912,141.44,1088.19,132.483,142.716,926.44,181.021,204.478
001195:967.13,85.4156,156.035,967.316,81.715,158.697,971.32,87.2431,158.559,972.285,73.4014,153.749,980.262,87.7011,154.338,967.096,65.0474,134.935,987.532,90.6011,135.393,945.573,55.651,115.82,984.33,110.023,128.499,912.783,55.4711,97.4858,971.759,128.85,138.369,968.512,64.2253,83.2567,981.403,84.3303,82.1059,956.185,53.1473,49.023,981.547,93.7585,47.2209,956.619,31.593,15.4855,996.398,99.2436,10.8121,1043.94,134.82,141.589,1056.15,133.479,141.64,1076.34,136.554,141.988,1065.66,138.074,141.585,924.124,180.373,201.907
001196:967.476,86.3993,156.106,967.693,82.6315,158.795,971.35,88.1026,158.548,972.576,74.0752,153.849,980.783,88.2829,154.37,969.108,65.5044,135.107,989.547,91.1714,135.404,945.959,55.9276,116.391,994.329,111.732,128.651,909.436,55.8995,98.3761,979.992,131.145,138.801,968.955,64.6661,83.3883,981.197,84.6821,82.2424,954.768,53.5501,49.2394,980.31,93.9892,47.4449,954.189,31.9397,15.909,997.149,99.3888,10.912,986.605,129.676,143.631,990.102,126.904,142.912,990.646,127.306,143.938,988.12,130.206,144.305,930.703,180.338,199.253
001197:969.155,87.2085,155.733,969.925,83.5371,158.393,972.944,89.0171,158.184,974.082,75.2472,153.427,979.861,89.3451,153.893,967.788,66.6698,134.897,983.636,91.7547,134.954,943.992,57.2715,116.145,976.437,110.484,128.017,908.459,56.9253,98.2952,958.198,129.682,138.31,968.212,65.139,83.7031,978.487,84.9317,82.5396,958.356,54.0702,49.1209,980.558,94.1369,47.4606,957.36,32.2317,15.5041,995.651,99.2495,10.8858,1006.9,137.274,143.853,1014.12,135.802,145.283,1029.69,139.961,145.95,1023.45,141.582,144.163,931.052,180.322,196.377
001198:967.605,87.7543,155.156,968.555,84.0576,157.863,970.941,89.617,157.757,972.397,75.8046,153.276,979.069,89.9844,153.614,968.639,67.0848,135.049,984.806,92.2905,134.591,948.114,58.1906,116.187,981.332,110.121,126.492,922.542,58.9235,98.6921,962.805,130.316,136.817,970.4,65.6264,83.549,981.645,85.616,82.2588,957.848,54.5729,48.9237,980.693,94.4268,47.1197,956.753,32.5636,14.9511,994.016,98.7667,10.5481,986.813,145.599,147.757,1000.16,145.67,152.847,1016.21,153.749,153.845,1001.76,153.632,148.339,931.946,179.665,193.869
001199:963.449,88.5849,154.974,964.386,84.961,157.678,966.985,90.4856,157.573,968.06,76.7915,153.145,975.006,90.9073,153.358,964.835,67.8381,134.877,981.998,92.9806,134.251,945.23,59.2111,115.697,982.102,110.4,125.896,924.733,60.7122,98.06,967.555,130.956,136.95,968.485,65.8323,83.3847,980.221,85.8437,82.0296,956.625,54.861,48.8072,981.115,94.5879,46.8132,955.006,33.2996,14.9523,994.482,98.777,10.3074,995.992,149.853,150.33,1007.98,149.994,157.23,1021.89,159.766,158.627,1008.81,159.578,151.281,932.2,179.646,191.023
001200:963.226,89.0422,155.16,964.095,85.4359,157.9,966.47,90.9852,157.9,966.614,77.3891,153.737,974.001,91.4016,153.892,962.886,68.4935,135.648,981.693,93.4629,134.817,944.164,60.762,115.88,985.229,110.3,125.325,926.882,63.0645,98.1201,971.5,131.816,135.598,968.073,66.4683,83.9201,980.533,86.3251,82.5349,955.964,55.6493,49.1089,980.983,94.6808,46.999,957.442,34.0634,14.6467,997.119,98.7154,10.1056,991.072,154.657,151.924,1001.31,155.071,160.953,1009.24,166.392,162.777,997.916,165.878,153.297,932.558,179.634,188.486
001201:964.203,89.7967,155.345,965.749,86.1768,158.067,967.512,91.755,158.076,969.398,78.0376,153.685,975.586,92.2724,153.839,965.566,68.781,135.156,982.758,94.2956,134.297,945.267,60.8094,114.713,983.169,111.189,124.666,925.426,63.246,96.2812,962.904,133.002,135.673,969.99,66.524,83.0139,981.291,86.7229,81.6349,959.016,55.7252,48.3211,981.141,95.0533,46.408,959.542,34.2242,14.2608,995.932,98.5677,10.1575,983.183,158.048,154.917,993.839,158.342,165.303,1001.03,171.009,167.699,988.79,170.527,156.864,930.85,178.339,185.578
001202:965.26,90.148,155.125,965.874,86.3909,157.914,969.879,92.3091,158.087,968.465,78.244,153.856,977.718,92.6601,154.021,964.744,69.0414,135.902,982.112,94.1031,135.104,939.006,61.292,115.67,985.413,110.836,124.712,909.166,64.5391,99.8718,966.485,134.121,134.063,972.056,67.0747,84.0589,983.264,86.9912,82.5998,957.392,56.1099,49.0991,980.394,94.9555,46.9146,958.899,34.9975,14.1557,995.597,98.4893,9.80374,976.902,161.012,156.134,987.331,161.683,168.581,989.398,175.299,171.533,980.16,175.036,158.796,936.411,179.587,182.443
001203:969.627,90.8649,154.775,970.733,87.2248,157.521,969.588,92.325,157.622,973.503,79.341,153.319,977.641,93.1512,153.567,967.766,69.8452,134.964,986.273,95.473,133.689,943.719,62.3664,114.486,988.455,111.607,123.001,913.457,64.4848,96.8246,962.706,133.87,132.826,974.633,67.5862,83.88,986.763,87.7596,82.0818,959.117,56.7101,48.9177,983.609,95.2829,46.8191,959.74,35.763,14.2452,994.465,98.3491,10.8911,976.071,164.856,159.15,983.715,165.547,171.74,981.778,179.984,174.654,973.463,179.128,161.254,937.307,178.924,179.572
001204:969.665,91.1684,155.033,971.041,87.5003,157.774,970.101,92.6539,157.906,974.875,79.6405,153.541,979.819,93.6363,153.827,969.529,70.2047,135.084,988.822,96.0014,133.873,946.279,63.0731,114.19,988.758,111.964,123.11,918.913,65.6727,96.1585,959.471,134.199,133.148,973.535,67.881,84.0699,985.98,88.1853,82.2228,958.773,56.79,48.996,982.387,95.4365,46.9447,960.36,35.7998,14.3502,993.475,98.4184,11.0203,969.539,166.645,160.509,975.889,167.497,173.675,972.348,182.406,176.471,965.853,181.454,162.568,937.478,178.909,177.437
001205:969.431,91.5525,155.017,971.124,87.923,157.775,969.903,93.0308,157.885,976.051,80.1699,153.639,979.982,94.0034,153.886,972.077,70.8415,135.301,988.839,96.1859,133.929,950.688,64.3253,114.346,988.823,111.86,122.588,918.812,67.313,96.948,960.845,134.667,132.13,974.245,68.1019,84.2182,984.809,88.1109,82.4255,961.093,57.1755,48.851,982.237,95.3527,46.9818,961.349,36.23,14.2889,994.779,98.4534,10.9658,966.376,168.249,161.457,970.982,169.049,175.243,964.433,184.236,178.163,959.773,183.362,163.69,937.833,178.889,174.198
001206:970.554,92.2181,155.382,970.688,88.3002,158.151,971.617,93.7544,158.235,972.553,79.8781,154.002,981.435,94.612,154.316,971.485,70.8785,135.821,989.419,96.4844,135.011,948.22,64.6243,113.647,988.179,111.74,123.128,923.767,68.5939,95.5503,961.123,134.951,131.189,978.017,68.838,84.2825,990.491,89.2657,82.5537,962.542,57.7177,49.2032,984.265,95.8012,46.9197,970.106,37.9259,13.5656,996.849,98.8971,10.5287,956.554,168.035,160.327,959.411,168.796,174.783,950.998,184.012,178.082,951.337,183.859,163.179,938.827,178.224,170.939
001207:974.469,92.7249,155.46,974.719,88.8303,158.248,975.397,94.257,158.304,975.902,80.4499,154.14,984.396,95.0511,154.469,973.018,71.5312,136.039,991.327,96.8213,135.188,946.516,65.3225,113.937,990.508,112.059,122.938,919.641,68.8292,95.8359,962.583,135.373,130.376,978.215,69.3042,84.4719,990.396,89.4626,82.7405,963.347,58.2226,49.3366,983.846,95.9089,47.0992,971.465,38.3101,13.6961,997.07,99.0717,10.6774,946.504,167.12,159.178,946.691,167.759,173.399,935.789,182.496,176.501,938.679,182.455,161.889,942.085,178.202,169.906
001208:972.123,93.0612,155.525,972.608,89.2324,158.344,973.266,94.6072,158.358,974.661,80.8913,154.303,983.152,95.3055,154.551,972.239,71.9794,136.256,990.86,96.7811,135.218,944.579,66.1372,114.104,989.612,111.52,122.276,916.629,69.9187,96.0765,956.718,134.27,128.84,978.018,69.3361,84.5978,990.478,89.209,82.841,963.752,58.4967,49.3382,983.39,95.6741,47.1713,973.204,38.5487,13.4209,996.746,98.9511,10.6009,938.132,165.448,156.455,938.75,166.474,170.567,929.024,181.251,173.38,931.525,180.788,158.853,930.719,176.338,172.693
001209:971.582,93.3954,155.488,972.433,89.6276,158.303,972.892,94.9909,158.292,976.219,81.3925,154.161,982.921,95.8023,154.376,975.568,72.4692,135.949,990.781,97.3487,134.892,948.344,66.5817,113.745,986.306,111.985,121.748,916.048,70.456,95.864,949.371,133.942,127.693,981.819,69.5826,84.2122,992.141,89.4888,82.5221,967.899,58.6863,49.0688,984.024,95.8233,47.1058,973.51,38.8957,13.6162,995.66,99.1695,10.8105,930.481,163.072,153.115,932.055,164.5,166.76,922.336,178.896,169.153,923.609,177.963,155.076,914.622,173.261,173.951
001210:972.068,93.4557,155.727,974.118,89.9251,158.548,972.655,95.0431,158.539,979.953,82.2361,154.452,981.524,96.1118,154.556,975.643,72.9497,135.803,991.035,98.0508,134.451,950.902,67.355,113.126,988.772,112.169,120.739,919.584,70.4251,93.3299,952.267,132.105,126.683,979.657,69.7934,84.6149,988.598,89.563,82.85,967.186,58.8923,49.2556,983.232,95.7179,47.5103,968.934,38.6596,14.6302,993.663,98.5251,11.4145,929.849,161.905,150.479,926.691,162.988,163.39,914.651,176.671,165.084,918.136,175.452,151.716,902.055,170.219,174.489
001211:972.306,93.8408,155.962,974.223,90.3614,158.807,972.848,95.4896,158.76,979.86,82.7326,154.794,981.058,96.5184,154.837,976.239,73.5317,136.275,990.832,98.3403,134.825,954.162,68.1866,113.785,989.801,112.004,120.798,924.748,71.5527,94.1212,955.58,131.184,125.828,979.822,70.0093,84.9831,987.893,89.5325,83.2589,968.466,59.3005,49.3824,983.572,95.6873,47.6377,970.043,39.0403,14.5255,993.833,98.4944,11.2937,926.168,158.715,146.442,920.405,159.876,158.419,904.867,172.249,159.586,911.065,171.012,147.184,886.832,166.648,177.144
001212:973.828,94.4044,155.994,976.256,90.9777,158.854,976.926,96.4451,158.758,981.83,83.037,155.126,984.676,97.155,154.808,979.115,73.674,136.592,990.911,98.3286,135.125,955.065,68.0131,114.019,986.716,111.494,120.886,922.545,72.1261,95.3671,949.581,129.671,125.284,979.563,69.9706,84.9698,986.22,89.447,83.5194,969.008,59.3416,49.6359,982.544,95.616,47.8926,970.204,39.3739,14.8362,994.788,98.5257,11.083,912.403,153.267,141.726,905.983,154.385,153.492,890.223,165.903,154.267,896.146,164.481,142.493,876.908,164.318,179.75
001386:144.042,28.0163,1.73605
