000249:1047.88,72.9515,156.822,1049.37,69.1001,159.682,1050.03,75.5471,160.152,1055.36,61.5855,156.665,1058,78.3406,156.788,1053.39,52.4953,135.801,1068.96,84.3068,136.163,1034.36,44.5799,112.467,1081.25,93.7924,111.467,1005.91,52.5229,99.4211,1071.78,101.357,93.9584,1053.2,60.5287,81.3349,1058.02,83.1863,82.2065,1055.21,56.5355,45.3494,1043.02,88.6886,47.7444,1076.63,50.1504,7.94444,1039.7,93.1148,13.3553,1040.46,131.998,95.3481,1030.85,140.149,104.713,1022.8,151.405,99.3355,1033.86,143.007,89.797,0,0,0
000250:1050.2,72.759,156.883,1051.41,68.9127,159.735,1051.92,75.3377,160.193,1056.14,61.3982,156.689,1058.06,78.1548,156.796,1053.01,52.2583,135.904,1067.5,84.1092,136.142,1033.32,44.1493,112.885,1078.69,93.6965,111.512,1004.49,52.2994,100.546,1070.56,101.731,94.4893,1054.84,60.1561,81.2273,1058.92,82.8269,82.1566,1058.29,56.5003,45.0334,1044.4,88.5717,47.5749,1078.61,50.386,7.52857,1039,93.0958,13.4421,1039.64,132.37,98.844,1030.49,140.045,108.987,1021.72,151.846,104.473,1032.25,143.935,94.1616,0,0,0
000251:1050.11,72.384,157.123,1051.14,68.4908,159.959,1051.94,74.9116,160.444,1055.75,60.8404,156.923,1058.49,77.5699,157.067,1052.69,51.7657,136.158,1068.92,83.4482,136.424,1033.69,43.7278,113.346,1080.78,93.1588,111.88,1006.39,52.2736,101.762,1070.96,101.564,95.5213,1055.39,60.0016,81.3124,1060.75,82.6257,82.2562,1057.38,56.4297,45.0765,1045.09,88.4258,47.6113,1078.38,50.5215,7.41612,1040.35,93.2353,13.3355,1040.75,132.675,102.643,1030.25,139.823,113.643,1021.69,152.192,109.812,1033.43,144.816,98.652,0,0,0
000252:1051.32,71.8732,157.391,1052.82,68.0097,160.173,1053.31,74.4109,160.688,1058.08,60.4201,156.943,1060.35,77.2537,157.146,1053.4,51.4481,136.122,1070.18,83.2242,136.37,1032.39,43.2905,113.829,1082.69,93.0859,111.992,1003.34,52.2221,103.442,1075.61,101.461,96.6946,1051.99,59.6031,81.2652,1056.87,82.2619,82.2378,1056.89,56.2187,44.9076,1042.96,88.3416,47.6125,1080.54,50.6456,7.10532,1039.76,93.4354,13.4521,1041.7,132.992,106.487,1031.44,139.729,118.063,1022.64,152.588,114.94,1034.46,145.686,103.176,0,0,0
000253:1055.41,71.4538,157.58,1056.27,67.573,160.4,1057.65,74.0783,160.856,1059.34,59.9294,156.932,1059.78,76.5614,157.214,1054.42,51.2022,136.199,1066.85,82.2687,136.381,1033.04,42.8708,114.507,1081.45,92.4043,112.44,1001.12,51.4111,104.458,1086.15,101.821,97.9449,1056.64,59.5975,81.4499,1057.68,81.7265,82.61,1061.15,56.5023,44.7467,1045.29,88.3123,47.8231,1078.35,50.6503,7.01142,1039.29,93.358,13.7259,1047.2,133.816,110.484,1035.6,139.837,122.638,1022.56,152.422,120.803,1037.31,146.635,108.482,0,0,0
000254:1054.85,71.0998,157.515,1055.96,67.2219,160.343,1057.6,73.6959,160.788,1059.96,59.5567,157.04,1061.28,76.1003,157.29,1055.74,50.8325,136.601,1068.2,81.6098,136.661,1035.38,42.6524,115.214,1077.02,91.1886,112.974,1007.12,51.6604,105.796,1071.26,100.341,99.4614,1057.28,59.2114,81.8217,1058.96,81.1622,83.0438,1060.87,56.4313,45.0581,1046.12,88.1187,48.1745,1077.82,50.7392,7.20999,1039.36,93.5074,14.198,1047.4,133.501,114.512,1040.92,139.309,127.244,1031.51,152.639,126.181,1040.92,147.01,113.284,0,0,0
000255:1055.58,70.6793,157.702,1056.51,66.822,160.503,1058.41,73.2669,160.935,1060.15,59.2341,157.082,1061.81,75.7058,157.359,1055.53,50.689,136.722,1068.67,81.3129,136.692,1032.13,42.3934,116.172,1078.48,91.4585,113.484,999.815,51.2247,108.067,1072.44,101.247,101.209,1058.42,58.9452,81.7946,1060.46,80.8033,82.9894,1062.21,56.3083,44.9068,1047.46,87.9445,48.0013,1079.39,50.7793,6.90324,1039.43,93.5632,14.1764,1050.4,133.308,118.322,1042.59,137.985,131.266,1033.22,151.313,131.299,1043.92,146.89,118.139,0,0,0
000256:1057.44,70.3609,157.974,1058.28,66.4706,160.731,1060.25,72.9263,161.176,1061.08,58.8211,157.075,1063.16,75.3171,157.397,1054.89,50.389,136.687,1070.15,80.9503,136.627,1031.17,42.1635,116.512,1084.24,91.5487,113.572,1004.09,51.2306,109.091,1082.45,101.919,102.183,1055.95,58.7285,81.8976,1059.53,80.5628,83.0287,1059.55,56.1922,45.0095,1047.12,87.7975,47.9863,1078.2,50.9315,6.90154,1039.9,93.7343,14.1168,1052.38,133.085,122.164,1043.67,136.948,135.436,1035.47,150.503,136.281,1047.08,146.934,122.726,0,0,0
000257:1057.07,70.1777,158.118,1057.76,66.2511,160.85,1059.83,72.6401,161.284,1060.84,58.4385,157.129,1063.05,74.7682,157.444,1055.44,49.975,136.818,1071.86,80.1969,136.687,1031.68,41.7569,117.163,1088.87,91.1976,114.109,1000.8,50.7657,110.612,1090.19,102.671,103.928,1058.35,58.2848,81.7439,1062.42,79.9251,82.9378,1060.88,56.001,44.9106,1049.16,87.5248,47.9,1078.25,50.8612,6.89595,1041.14,93.7383,14.3368,1055.79,132.79,126.381,1045.48,135.498,139.89,1036.41,148.928,141.752,1049.36,146.568,127.931,0,0,0
000258:1055.94,69.8524,158.251,1056.94,65.8983,160.976,1059.04,72.2406,161.4,1061.15,58.0217,157.169,1063.34,74.2584,157.539,1056.1,49.5997,136.888,1071.33,79.6819,136.875,1030.63,41.5052,117.64,1083.44,91.0133,115.277,997.64,50.7632,111.69,1080.54,102.779,106.981,1057.6,58.0421,81.7433,1060.88,79.5787,83.0815,1061.2,55.9466,44.8983,1047.11,87.5031,48.1312,1079.55,50.7791,6.78002,1040.17,93.8587,14.7053,1053.11,131.822,130.661,1046.77,133.85,144.141,1042.51,147.473,146.815,1051.19,145.76,132.923,0,0,0
000259:1056.38,69.722,158.416,1057.3,65.7264,161.105,1059.49,72.0117,161.571,1061.19,57.6989,157.342,1063.26,73.82,157.72,1055.08,49.3358,137.243,1071.16,79.063,137.186,1026.81,41.7394,118.612,1082.95,90.2644,115.907,992.227,52.3139,114.346,1082.04,102.213,108.492,1057.17,57.8962,82.1452,1060.6,79.2736,83.5387,1062.07,55.9652,45.0085,1048.08,87.4546,48.3515,1078.73,50.6892,6.80394,1040.4,93.8023,14.8484,1054.93,130.585,134.225,1046.81,132.049,148.087,1041.61,145.754,151.225,1052.11,144.625,136.927,0,0,0
000260:1056.3,69.2017,158.433,1057.46,65.2161,161.062,1060.04,71.4769,161.533,1062.02,57.2969,157.132,1065.41,73.3608,157.517,1054.77,49.0942,137.133,1074.97,78.6177,136.958,1022.2,41.6248,119.094,1087.41,89.7097,115.9,985.707,51.9616,115.674,1082.31,101.225,109.649,1056.83,57.5673,82.2639,1062.64,78.8295,83.5555,1061.4,55.7498,45.0188,1049.2,87.2073,48.2735,1079.48,50.5769,6.569,1042.52,94,14.5958,1057.05,129.006,137.786,1049.19,129.732,151.777,1045.35,143.463,155.719,1055.4,143.089,141.229,0,0,0
000261:1056.04,68.865,158.5,1057.06,64.8231,161.127,1059.74,71.0768,161.57,1061.21,56.8222,157.174,1065.21,72.8287,157.616,1054.56,48.6671,137.191,1075.48,78.1815,136.97,1023.49,41.285,119.529,1087.86,89.5969,116.124,992.737,52.1438,116.797,1081.34,101.475,110.233,1059.02,57.4627,81.9259,1065.82,78.728,83.2613,1060.86,55.8576,44.9509,1050.41,87.3506,48.1558,1080.08,50.6578,6.47641,1043.5,93.9737,14.7818,1059.5,127.916,140.883,1054.43,127.965,154.91,1053.08,141.655,159.753,1060.17,141.963,145.192,0,0,0
000262:1056.48,68.3975,158.562,1057.57,64.3453,161.175,1060.21,70.5457,161.631,1062.16,56.3905,157.281,1065.78,72.2423,157.72,1055.64,48.3945,137.551,1076.33,77.5182,137.303,1023.39,41.3241,120.313,1090.15,88.8142,116.797,990.045,52.3525,118.248,1088.38,100.957,111.641,1058.88,57.1368,82.5307,1065.28,78.1307,83.9268,1061.18,55.7672,45.4076,1050.86,86.9773,48.6505,1078.21,50.5219,6.99043,1043.53,93.7591,15.2888,1061.31,126.309,144.333,1055.89,125.773,158.258,1056.85,139.359,163.612,1063.91,140.276,149.094,0,0,0
000263:1058.54,67.8945,158.613,1059.39,63.8647,161.162,1062.27,70.0619,161.621,1063.01,56.0864,157.026,1067.08,71.8817,157.474,1055.22,48.2975,137.364,1077.74,77.1478,137.004,1023.18,41.0863,120.878,1091.49,88.3423,116.949,992.267,51.824,119.937,1090.14,99.8446,113.086,1059.79,56.8203,82.4619,1067.47,77.678,83.7814,1061.16,55.6327,45.3968,1051.95,86.6826,48.5718,1079.73,50.5682,6.82321,1045.68,93.7657,15.2091,1063.27,124.497,148.318,1057.32,123.372,162.273,1059.25,136.95,168.294,1066.51,138.503,153.726,0,0,0
000264:1058.26,67.4616,158.942,1059.29,63.3733,161.49,1062,69.5701,161.977,1063.47,55.5997,157.437,1067.59,71.3304,157.932,1056.79,47.9108,137.859,1076.89,76.8437,137.543,1025.44,40.933,121.528,1083.04,88.3449,118.056,995.933,51.8084,120.911,1074.64,100.08,114.851,1060.77,56.7656,82.9559,1067.35,77.5465,84.3745,1062.11,55.729,45.6079,1052.04,86.5324,48.8583,1079.23,50.5043,6.8796,1045.03,93.4765,15.3619,1063.61,122.995,151.779,1060.29,120.907,165.496,1063.52,133.924,172.519,1068.14,136.426,158.117,0,0,0
000265:1059.38,67.0496,159.167,1060.46,63.0353,161.695,1063,69.2139,162.121,1064.42,55.4804,157.468,1067.6,71.1686,157.896,1057.33,47.8685,137.966,1075.63,76.6188,137.467,1024.97,40.7517,122.212,1083.7,88.1023,118.118,993.814,51.3852,122.354,1080.68,99.4517,115.484,1059.44,56.08,83.2513,1065.14,76.7503,84.638,1060.94,55.2401,46.0748,1050.83,85.9569,49.2647,1077.52,50.423,7.54144,1044.99,93.2959,15.9324,1066.91,121.209,154.593,1063.12,118.727,168.213,1066.11,131.557,175.684,1070.98,134.513,161.377,0,0,0
000266:1058.62,66.5859,159.038,1059.66,62.5074,161.544,1062.61,68.6287,161.976,1063.94,54.9351,157.343,1068.24,70.4253,157.836,1055.82,47.5701,138.104,1077.61,75.9932,137.576,1020.36,40.9993,123.461,1086.42,88.37,119.247,986.76,52.0616,125.129,1081.49,100.685,117.779,1058.61,55.8785,83.4082,1066.04,76.3166,84.7738,1059.53,55.1565,46.2502,1051.94,85.8095,49.2967,1077.79,50.4022,7.51887,1047.56,93.3771,15.8359,1069.95,119.842,157.976,1066.06,116.309,170.926,1067.77,128.125,179.029,1072.88,132.186,165.395,0,0,0
000267:1058.03,66.3106,159.045,1058.88,62.1839,161.478,1061.38,68.2309,161.961,1062.74,54.6041,157.105,1066.16,69.8239,157.679,1055.06,47.5199,137.885,1075.16,75.4226,137.468,1019.5,41.2366,124.037,1082.22,88.3482,120.094,984.514,52.316,126.994,1077.62,101.166,119.872,1061.01,56.0759,83.3069,1067.38,76.2239,84.7892,1060.91,55.4926,46.1859,1051.95,85.8494,49.3797,1079.01,50.4338,7.37574,1047.74,93.2246,15.9089,1070.59,118.355,160.683,1069.17,113.914,173.233,1072.11,125.16,182.124,1074.58,130.13,168.827,0,0,0
000268:1059.41,65.805,159.195,1060.44,61.6462,161.594,1062.79,67.6801,162.096,1064.09,54.0557,157.122,1067.4,69.2428,157.732,1055.03,47.0512,137.89,1074.88,74.9404,137.461,1016.83,40.9295,124.535,1080.8,88.1715,120.351,977.776,52.2349,128.464,1076.63,100.939,120.61,1059.2,55.6539,83.5329,1065.63,75.7811,85.0419,1058.54,55.3273,46.4984,1051.42,85.643,49.6057,1076.12,50.2991,7.74797,1050.27,93.0325,15.8769,1072.95,116.658,163.006,1072.36,111.49,175.426,1076.36,122.452,185.021,1077.98,128.162,171.821,0,0,0
000269:1059.77,65.5808,159.342,1060.84,61.3918,161.734,1063.25,67.3618,162.227,1064.93,53.7333,157.286,1068.89,68.7354,157.874,1056.49,46.7358,138.056,1077.14,74.3489,137.549,1019.03,40.8007,125.247,1081.15,87.9023,120.894,981.442,52.3904,130.088,1074.5,100.935,121.79,1061.01,55.3488,83.5131,1067.79,75.3106,85.0735,1059.96,55.3147,46.4617,1053.47,85.5035,49.5894,1074.93,50.2586,7.81268,1050.86,92.7818,15.9804,1073.99,114.821,165.314,1074.76,108.807,177.415,1078.61,119.121,187.724,1078.72,125.688,174.832,0,0,0
000270:1060.21,65.2183,159.549,1061.3,60.9988,161.909,1063.07,66.9638,162.421,1064.74,53.3629,157.312,1067.6,68.3371,157.926,1055.81,46.4796,137.998,1073.99,74.1008,137.645,1018.47,40.4826,125.573,1076.32,88.2013,121.85,979.461,51.7677,130.933,1071.44,101.015,123.911,1060.4,55.2001,83.6519,1066.04,75.1585,85.2814,1059.8,55.2161,46.5911,1052.93,85.4364,49.73,1075.95,50.2411,7.8042,1052.49,92.8794,15.8962,1076.47,112.723,168.026,1078.48,105.813,179.691,1084.4,115.452,190.794,1083.04,122.949,178.309,0,0,0
000271:1061.54,64.8353,159.572,1062.75,60.5671,161.891,1064.58,66.5221,162.474,1066.08,52.8369,157.206,1070.02,67.7924,157.888,1055.71,46.0506,137.815,1076.77,73.6736,137.666,1016.19,40.4024,125.464,1076.97,88.0569,122.477,977.665,52.1694,131.227,1069.58,100.472,125.498,1059.98,55.0764,83.9688,1067.14,75.0096,85.6119,1059.44,55.3793,46.9629,1052.99,85.3383,50.1646,1078.52,50.4157,7.8324,1053.62,92.4889,16.2114,1080.45,110.601,170.046,1083.43,103.123,181.492,1093.42,112.504,193.137,1091.05,120.551,180.814,0,0,0
000272:1064.13,64.307,159.806,1064.84,60.0755,162.025,1065.1,66.1632,162.65,1066.93,52.5195,157.168,1069.5,67.5387,158.091,1058.1,45.7721,138.055,1074.92,73.6972,138.149,1019.12,39.7532,125.424,1079.08,88.2065,123.263,973.926,51.7036,132.427,1076.89,99.8358,127.809,1061.12,55.1731,84.0944,1065.75,75.3235,85.8581,1061.77,55.2842,46.7548,1053.66,85.5308,50.1675,1075.31,50.4511,8.46232,1054.27,92.3449,16.1871,1078.04,109.015,171.659,1085.84,100.554,183.364,1089.09,109.729,196.032,1081.26,118.765,183.324,0,0,0
000273:1064.49,63.9078,159.938,1064.64,59.673,162.116,1065.1,65.7155,162.742,1065.64,52.0812,157.205,1068.99,66.9776,158.117,1055.77,45.3711,138.142,1075.32,73.0102,138.105,1017.72,39.2767,126.231,1083.08,87.5713,123.274,978.083,51.303,134.432,1084.15,98.9975,127.901,1060.02,54.82,84.1048,1066.08,74.8691,85.8427,1061.69,55.226,46.6706,1054.91,85.5293,50.0952,1074.8,50.3625,8.37549,1053.71,92.4369,16.3562,1084.17,106.776,173.92,1092.58,97.8377,185.508,1095.69,106.703,198.602,1086.93,116.214,186.033,0,0,0
000274:1066.72,63.3485,160.509,1067.31,59.1603,162.686,1067.34,65.2973,163.337,1068.16,51.7834,157.777,1070.16,66.9638,158.71,1057.92,45.1436,138.516,1075.02,73.4278,138.712,1017.58,38.8399,126.221,1084.72,87.8738,123.836,972.151,50.3791,134.103,1091,97.566,128.639,1060.61,54.6813,84.6887,1065.3,75.0436,86.4192,1062.93,55.05,47.1035,1054.94,85.3868,50.4977,1074.01,50.6282,8.9392,1053.7,92.2779,16.577,1086.46,104.069,175.624,1090.72,94.7007,187.206,1093,103.328,200.574,1088.9,113.254,188.106,0,0,0
000275:1066.77,62.9772,160.444,1067.17,58.8001,162.6,1067.35,64.9037,163.279,1068.32,51.4454,157.767,1070.4,66.5288,158.711,1058.55,44.919,138.618,1075.93,72.9773,138.756,1017.79,38.98,126.51,1088.68,87.2615,123.594,969.712,50.9294,135.221,1096.69,96.4264,128.128,1061.78,54.4496,84.9607,1066.39,74.6739,86.6881,1061.91,55.0781,47.3662,1054.94,85.0427,50.74,1074.5,50.7076,8.99198,1056.83,91.9676,16.432,1089.22,101.795,176.718,1094.99,92.1223,188.188,1093.8,100.279,201.801,1088.08,110.451,189.469,0,0,0
000276:1068.65,62.7162,160.809,1070.46,58.6597,162.985,1071.29,64.9157,163.699,1072.47,51.4365,157.823,1076.18,66.7761,158.864,1060.24,44.6398,138.627,1079.41,73.1342,139.537,1024.09,38.4885,126.386,1090.07,88.1552,125.756,983.771,49.8275,134.941,1096.56,96.9266,131.258,1063.88,54.7397,84.9297,1068.75,75.0041,86.8213,1063.46,55.1843,47.2358,1054.9,85.1013,50.7846,1075.8,50.9058,9.35359,1058.79,92.6187,16.4228,1087.17,99.3434,178.272,1093.98,89.3839,188.583,1093.23,96.1728,202.352,1085.49,106.474,191.135,0,0,0
000277:1068.18,62.4783,160.843,1069.49,58.3358,162.975,1070.69,64.5461,163.689,1071.66,50.8864,157.933,1076.28,66.0353,158.929,1060.3,43.9341,138.921,1080.57,72.1228,139.716,1028.5,37.5215,127.666,1089.84,86.9809,126.402,992.038,49.1044,137.911,1095.63,95.7915,132.079,1064.26,54.4703,85.0703,1069.75,74.5946,87.0744,1062.08,55.0964,47.5086,1055.24,84.9919,51.0997,1075.83,50.829,9.51169,1060.26,92.5198,16.6884,1088.18,96.7826,179.772,1095.96,86.6159,189.928,1093.49,92.9993,203.668,1084.73,103.56,192.641,0,0,0
000278:1069.19,62.1143,161.178,1070.63,58.0051,163.269,1071.97,64.1673,163.986,1073.29,50.7082,158.001,1078.6,65.7504,159.068,1062.14,44.0894,138.843,1083.58,71.9046,139.784,1030.01,37.8074,127.902,1093.06,87.1249,127.132,994.615,49.0071,138.643,1093.9,95.4398,133.957,1065.64,54.5265,85.0022,1072.07,74.4851,86.9583,1061.33,55.0965,47.6233,1055.08,84.9545,51.1085,1076.69,50.6741,9.5253,1060.39,92.5047,16.6984,1089.59,94.6195,180.855,1098.7,83.9212,190.385,1097.45,89.625,204.483,1087.3,100.784,194.053,0,0,0
000279:1068.98,61.6659,161.282,1070.07,57.5039,163.372,1072.02,63.6697,164.106,1072.83,50.2258,158.163,1078.57,65.2137,159.302,1060.66,43.8436,139.12,1084.5,71.3682,140.198,1022.28,38.1061,128.178,1095.73,86.3977,127.824,985.063,49.3824,138.765,1096.38,94.4836,134.926,1066.8,54.412,85.0838,1074.29,74.2214,87.0541,1063.07,55.0561,47.5691,1057.11,84.7716,51.0463,1077.12,50.7618,9.56924,1060.3,92.4007,16.8024,1091.55,92.541,182.095,1101.23,81.6468,191.31,1099.38,86.8607,205.366,1089.16,98.2594,195.293,0,0,0
000280:1071.02,61.355,161.447,1071.54,57.1861,163.549,1073.31,63.3783,164.217,1072.78,49.9494,158.45,1078.27,64.9935,159.471,1061.7,43.452,139.521,1083.17,71.1292,140.409,1031.38,37.2474,129.48,1095.74,85.9743,128.354,1000.61,48.6202,141.508,1102.07,93.2562,135.642,1067.65,54.003,85.2127,1074.05,73.9524,87.2253,1062.96,54.603,47.7387,1056.65,84.6467,51.2186,1077.99,50.6254,9.57685,1061.99,92.5626,16.7522,1092.05,90.1781,183.009,1100.73,79.2044,192.002,1096.49,84.0403,205.904,1087.1,95.5525,196.163,0,0,0
000281:1072.41,61.0569,161.612,1072.58,56.7757,163.668,1074.68,62.9716,164.354,1073.35,49.3586,158.66,1079.78,64.3327,159.699,1063.51,42.7521,139.849,1085.62,70.4381,140.787,1037.71,36.4324,130.594,1095.09,85.5663,129.548,1009.06,48.5291,144.199,1099.37,92.6891,137.496,1071.8,53.696,85.3581,1078.65,73.6884,87.5391,1065.13,54.6467,47.7833,1060.63,84.7383,51.263,1077.04,50.5228,9.5525,1063.84,92.2818,16.7537,1093.71,87.7758,184.289,1103.57,76.474,192.709,1100.39,80.6282,206.632,1089.72,92.4965,197.466,0,0,0
000282:1074.06,60.4967,161.541,1073.8,56.2185,163.585,1075.96,62.4513,164.246,1073.07,49.0005,158.553,1079.88,64.0165,159.593,1063.15,42.6207,139.799,1085.12,70.3151,140.838,1043.39,36.1005,131.144,1093.61,85.7179,130.49,1022.77,47.9012,145.511,1098.55,92.0743,139.228,1071.77,53.5076,85.3355,1079.01,73.5301,87.483,1065.1,54.3345,47.7881,1061.53,84.5149,51.0835,1077.93,50.5781,9.47793,1064.48,92.2904,16.4898,1097.72,85.5226,185.001,1107.34,74.0904,192.792,1104.97,77.6065,206.58,1094.46,89.6529,198.114,0,0,0
000283:1076.76,60.438,161.723,1076.39,56.1575,163.725,1079.31,62.2636,164.483,1075.55,48.8558,158.528,1082.62,63.6281,159.766,1059.62,42.8815,139.812,1086.4,69.6549,141.237,1019.64,37.9619,130.27,1098.77,84.8277,130.796,987.203,50.1587,143.3,1102.71,91.5141,139.755,1068.5,53.6097,86.3362,1077.72,73.0769,88.4154,1063.7,54.6825,48.7266,1060.71,84.1987,52.0523,1078.1,50.4956,10.2914,1064.14,91.92,17.3733,1096.76,83.2859,185.757,1107.65,71.6384,193.167,1105.08,74.6829,206.959,1094.03,86.9132,198.784,0,0,0
000284:1076.25,59.944,161.814,1075.91,55.6739,163.782,1078.95,61.8642,164.512,1076.27,48.5322,158.54,1083.69,63.4334,159.724,1063.09,42.4381,139.685,1089.65,69.7143,141.137,1027.33,35.8771,131.158,1103.95,85.3195,131.496,994.93,46.476,145.223,1108.23,91.0178,141.119,1072.27,53.5777,85.6304,1081.45,73.3186,87.795,1064.62,54.4939,48.2106,1062.12,84.4727,51.4763,1078.08,50.3947,9.87635,1065.56,92.2343,16.8701,1100.53,81.0843,186.322,1110.01,69.3687,193.199,1107.1,71.9318,206.866,1097.41,84.3128,199.35,0,0,0
000285:1075.74,59.8551,161.983,1075.18,55.6004,163.958,1079.23,61.7229,164.672,1075.81,48.4382,158.718,1085.5,63.2219,159.91,1060.38,42.4934,139.956,1093.34,69.3257,141.301,1016.78,36.4752,131.528,1109.37,84.8983,131.488,981.021,47.1339,145.574,1108.38,90.5606,140.998,1070.81,53.3263,86.0286,1083.28,72.8403,88.0246,1062.65,54.419,48.715,1063.64,84.2162,51.7493,1077.89,50.2892,10.2767,1067.05,92.0971,17.1524,1101.21,79.1928,186.233,1112.43,67.193,192.646,1110.44,69.1842,206.493,1099.05,81.8795,199.421,0,0,0
000286:1076.45,59.3979,161.892,1076.2,55.1796,163.837,1080.33,61.2748,164.578,1077.83,48.1916,158.674,1087.58,62.8821,159.887,1063.12,42.3605,140.022,1095.73,69.0432,141.559,1019.49,36.1312,131.804,1112.61,84.6741,132.345,984.183,46.4118,145.977,1110.54,89.8605,142.35,1071.34,53.0993,86.543,1083.79,72.4734,88.629,1061.98,54.431,49.2234,1062.41,83.9723,52.3129,1077.45,50.2936,10.5236,1067.26,91.9632,17.4325,1102.65,77.0828,186.758,1112.52,65.0043,192.633,1110.23,66.561,206.284,1100.5,79.3633,199.805,0,0,0
000287:1076.77,59.1439,162.157,1076.37,54.8584,164.094,1080.31,60.9911,164.808,1078.41,47.7969,158.975,1087.69,62.4506,160.161,1065.88,41.8843,140.333,1096.57,68.5059,141.985,1027.76,34.976,132.781,1110.76,84.1128,133.81,995.49,44.6603,147.641,1108.84,88.8689,144.373,1075.32,52.9546,86.3184,1086.77,72.3002,88.6002,1064.87,54.3088,49.0496,1065.42,84.0514,52.1496,1077.78,50.1561,10.5509,1067.82,91.9761,17.5814,1106.79,74.616,187.388,1115.66,62.526,192.589,1114.4,63.3855,205.896,1105.69,76.2702,200.217,0,0,0
000288:1076.34,58.8458,162.338,1075.93,54.5814,164.291,1080.5,60.6643,165.003,1079.34,47.5399,159.166,1089.56,62.1176,160.406,1066.87,41.8278,140.436,1099.75,68.1726,142.119,1024.09,35.5107,132.684,1117.07,83.8374,133.609,988.986,45.4394,147.435,1110.29,88.2855,144.025,1075.18,52.8318,86.4241,1087.97,72.0453,88.6399,1063.49,54.3152,49.2709,1066.42,83.9366,52.237,1078.61,50.3603,10.6665,1070.3,92.0402,17.5119,1106.1,72.9658,186.765,1116.97,60.596,191.652,1113.64,60.9884,205.112,1103.06,74.1595,199.718,0,0,0
000289:1077.73,58.4016,162.48,1077.22,54.15,164.385,1081.55,60.2565,165.133,1079.72,47.3048,159.215,1089.7,61.8963,160.521,1066.48,41.791,140.53,1099.19,68.151,142.441,1026.09,35.0964,133.265,1116.54,83.8106,134.787,997.083,44.5238,148.6,1112.07,87.3547,145.99,1073.73,52.879,86.7562,1086.64,72.0858,89.0063,1063.73,54.4293,49.3632,1066.04,84.0845,52.3218,1077.51,50.1791,10.6804,1068.28,91.8917,17.5702,1111.1,70.5966,187.668,1121.26,58.1073,191.924,1119.46,57.9962,205.274,1109.43,71.3173,200.551,0,0,0
000290:1080.03,58.1831,162.652,1079.37,53.9241,164.549,1083.24,60.0728,165.27,1080.61,47.0567,159.385,1089.74,61.6766,160.611,1068.67,41.3349,140.676,1097.13,67.7859,142.728,1034.41,33.5665,133.627,1112.92,83.4991,135.848,1007.4,41.8405,148.797,1113.36,86.7094,147.439,1076.27,52.5462,87.021,1086.9,71.7471,89.4603,1065.73,54.1975,49.604,1066.57,83.7772,52.6717,1078.24,50.2477,10.8755,1069.12,91.9357,17.8099,1114.9,68.9908,187.765,1123.36,56.5874,191.502,1121.81,55.9858,204.594,1113.59,69.2451,200.515,0,0,0
000291:1079.56,57.8453,162.856,1079.33,53.5784,164.768,1083.82,59.7372,165.505,1082.78,46.6904,159.721,1093.07,61.3691,160.968,1070.44,41.0245,140.988,1102.21,67.5487,143.051,1030.46,33.6896,133.951,1119.21,83.2695,135.881,999.461,42.5249,149.506,1112.03,85.8069,147.308,1075.03,52.1989,87.2245,1087.52,71.4898,89.6203,1063.6,53.9533,49.6774,1066.98,83.785,52.6059,1076.75,50.1267,10.7015,1070.69,92.2392,17.3873,1110.93,66.3602,187.414,1121.28,53.8525,190.909,1119.08,52.8844,203.987,1108.85,66.2532,200.117,0,0,0
000292:1082.17,57.4462,162.924,1081.79,53.1685,164.784,1085.99,59.3636,165.542,1083.44,46.4069,159.674,1093.55,61.0797,160.954,1069.74,40.8851,141.044,1100.28,67.4024,143.372,1031.24,33.0765,134.579,1111.46,83.3924,137.363,1002.79,41.2763,150.492,1104.1,85.5814,149.425,1075.47,52.1981,87.6511,1087.54,71.4761,90.1521,1065.04,53.9558,49.9976,1068.59,83.8171,52.853,1077.32,50.0941,10.953,1072.63,92.2977,17.3584,1109.8,64.705,187.646,1119.75,52.3078,190.395,1121.12,50.7586,203.096,1111.62,64.0406,200.05,0,0,0
000293:1083.48,57.2737,162.783,1083.15,52.9921,164.65,1087.19,59.193,165.395,1085.71,46.2041,159.479,1094.56,60.9543,160.811,1072.37,40.7476,140.72,1100.71,67.3278,143.102,1029.58,33.1431,134.3,1114.99,83.0467,137.021,995.695,41.5301,150.509,1109.75,84.5904,149.136,1077.05,52.1958,87.0183,1087.38,71.5527,89.6061,1067,53.8875,49.4778,1068.64,84.0929,52.4747,1078.18,49.8785,10.7015,1072.16,92.2759,17.2922,1113.71,63.0688,186.605,1124.07,50.6274,189.247,1121.91,48.9188,201.843,1112.07,62.2519,198.925,0,0,0
000294:1085.46,57.2132,163.041,1084.87,52.8445,164.952,1088.44,59.0799,165.653,1085.84,45.831,159.982,1093.8,60.6317,161.265,1074.37,40.0991,141.304,1097.52,66.8513,143.712,1038.93,31.8678,134.922,1112.04,82.6402,137.743,1009.14,40.0893,151.1,1112.18,84.0457,149.455,1078.74,51.9556,87.4053,1086.79,71.3872,90.2008,1069.29,53.7633,49.6044,1071.83,84.1561,52.6242,1078.72,49.9401,10.726,1074.54,92.5002,17.2132,1118.41,61.6494,186.071,1127.48,49.3056,188.215,1123.06,46.9816,200.423,1114.53,60.2095,198.123,0,0,0
000295:1086.77,56.7831,163.093,1085.94,52.4193,164.961,1089.11,58.6722,165.673,1085.8,45.4897,159.84,1093.36,60.3019,161.159,1074.35,39.9062,141.073,1096.14,66.6183,143.715,1042.66,31.3177,135.115,1110.29,82.5575,138.497,1019.94,38.8292,151.796,1113.05,83.4926,150.673,1079.44,51.9612,87.2872,1087.14,71.4036,90.1399,1069.92,53.6812,49.5522,1072.33,84.2848,52.5343,1078.59,49.8997,10.8019,1075.6,92.8647,17.0668,1122.01,59.3331,185.85,1131.35,46.9782,187.484,1128.11,44.2161,199.499,1119.3,57.4757,197.754,0,0,0
000296:1088.42,56.4675,163.431,1087.38,52.1013,165.269,1090.63,58.3181,165.992,1086.24,45.2476,160.083,1093.94,59.9085,161.441,1073.09,39.9736,141.342,1096.27,66.219,144.057,1038.65,31.7256,135.947,1112.05,82.0763,139.142,1012.69,39.2023,153.463,1116.35,82.8115,151.511,1079.41,52.2166,87.4504,1087.63,71.4505,90.3372,1069.48,53.8715,49.6996,1072.68,84.3879,52.5923,1078.44,49.9234,10.8859,1077.37,92.8598,16.8477,1123.99,58.2714,185.166,1132.38,45.8895,186.287,1128.43,42.698,198.035,1120.8,55.9902,196.837,0,0,0
000297:1088.55,56.1609,163.511,1087.92,51.8186,165.32,1091.04,58.029,166.051,1087.41,45.0001,160.05,1095.04,59.6292,161.448,1073.82,39.7913,141.303,1096.19,65.9377,144.255,1036.71,31.4364,135.832,1110.23,82.1639,139.886,1007.74,38.5324,152.784,1113.5,82.9505,152.57,1077.27,51.9164,87.975,1084.68,71.0092,90.9724,1069.68,53.8689,50.1305,1071.74,84.1831,53.1306,1077.19,49.902,11.3601,1076.96,92.7807,17.3084,1122.52,56.9892,184.522,1131.89,44.6118,184.885,1128.85,40.7145,196.43,1120.32,53.9983,196.005,0,0,0
000298:1087.91,55.7763,163.328,1086.78,51.4383,165.161,1090.58,57.6235,165.84,1086.47,44.6397,159.824,1095.64,59.2576,161.251,1073.84,39.6572,140.958,1099.27,65.6327,143.826,1037.43,31.8606,135.825,1113.59,81.6575,139.51,1008.44,39.4322,153.6,1110.33,81.7009,152.345,1080.87,51.8379,86.9611,1090.35,71.0235,89.847,1069,53.5018,49.7234,1076.06,84.417,52.3268,1077.9,49.7435,11.3138,1081.86,93.0858,16.7955,1124.69,55.7436,183.715,1136.35,43.3054,184.002,1131.83,39.2679,195.458,1120.91,52.6337,195.124,0,0,0
000299:1088.73,55.5632,163.544,1088.21,51.252,165.362,1091.5,57.4869,166.044,1088.45,44.5185,160.069,1097.3,59.1524,161.43,1077.16,39.3217,141.221,1099.84,65.5636,144.25,1047.7,30.3084,136.049,1111.46,82.0333,140.335,1024.27,36.6711,153.194,1110.85,82.1124,153.11,1079.6,51.583,87.9187,1087.69,70.7348,90.9243,1070.13,53.4675,50.4308,1075.51,84.0081,53.1493,1077.94,49.7945,11.8559,1082.92,93.0236,17.2018,1128.89,54.7659,182.678,1140.38,42.5273,182.338,1137.37,37.9293,193.548,1126.46,51.1007,193.881,0,0,0
000300:1089.49,55.3348,163.709,1088.29,50.9781,165.533,1091.97,57.2288,166.232,1087.63,44.108,160.098,1097.54,58.8279,161.59,1076.03,39.025,140.988,1101.18,65.3619,144.302,1045.51,30.4958,135.282,1112.15,82.0125,140.622,1025.97,37.247,151.831,1107.2,81.8855,153.583,1082.69,51.5773,87.2092,1092.64,70.8997,90.2186,1071.53,53.3763,49.9065,1080.26,84.4047,52.4124,1077.05,49.5326,11.7006,1084.47,93.1203,16.8332,1126.2,54.1794,181.383,1139.1,41.9194,180.61,1136.93,36.887,191.701,1124.72,50.0781,192.464,0,0,0
000301:1089.98,54.973,163.749,1089.07,50.6587,165.549,1093.05,56.9178,166.255,1088.68,43.919,160.083,1099.65,58.6553,161.547,1076.12,38.899,140.964,1103.25,65.3294,144.257,1044.51,30.1452,135.585,1114.24,82.0664,140.562,1024.03,36.4706,152.507,1106.78,81.5118,153.496,1080.29,51.4956,87.5804,1091.1,70.846,90.5339,1070.23,53.266,50.2976,1078.69,84.2356,52.7902,1079.16,49.7307,11.7927,1085.64,93.2797,16.8743,1129.74,53.4013,180.595,1142.51,41.1723,179.768,1139.17,36.1559,190.799,1127.2,49.2984,191.614,0,0,0
000302:1088.06,54.8162,163.748,1087.25,50.534,165.541,1090.83,56.8371,166.255,1087.75,43.9407,160.041,1097.56,58.7072,161.55,1076.97,39.028,140.878,1101.52,65.52,144.423,1047.34,29.8682,135.412,1111.73,82.2583,141.323,1026.36,35.6915,151.888,1105.75,81.3053,154.715,1081.66,51.6778,87.4508,1091.39,71.0281,90.4876,1071.03,53.3625,50.1619,1079.59,84.289,52.5797,1078.53,49.5913,11.7611,1087.67,93.1226,16.4946,1126.44,53.1851,179.691,1139.61,41.3317,178.387,1136.77,36.0174,188.937,1124.36,48.7822,190.263,0,0,0
000303:1089.7,54.5138,163.78,1088.8,50.2387,165.555,1092.25,56.5876,166.262,1088.24,43.6777,160.024,1098.18,58.5836,161.512,1076.6,38.6794,140.845,1101.38,65.5155,144.45,1047.12,29.1795,135.603,1111.33,82.4999,141.764,1027.2,34.8795,152.186,1105.47,81.2431,155.529,1082.48,51.2149,87.5164,1092.09,70.7951,90.5839,1071.87,52.9335,50.2572,1079.01,84.1109,52.7483,1079.12,49.3747,11.7869,1087.85,93.0842,16.5503,1126.7,52.1596,178.626,1139.51,40.5235,177.155,1136.01,35.1718,187.373,1124.16,47.6786,188.908,0,0,0
000304:1086.69,54.4394,163.759,1086.14,50.104,165.557,1089.68,56.4821,166.233,1087.48,43.3064,160.098,1097.59,58.3298,161.591,1077.06,38.1285,140.955,1102.68,65.2224,144.577,1046.75,28.6975,135.55,1112.05,82.2862,141.783,1026.7,34.9563,151.878,1102.7,80.7889,155.212,1082.69,50.8487,87.6173,1092.94,70.581,90.7277,1072.54,52.7275,50.368,1081.17,84.1006,52.8285,1078.25,49.2982,12.0852,1089.03,93.0395,16.7633,1133.75,50.8924,177.774,1148.45,39.3359,175.827,1147.78,33.4604,185.851,1133.75,45.9454,187.887,0,0,0
000305:1088.48,53.989,164.081,1087.8,49.6968,165.882,1091.67,56.1241,166.528,1088.47,43.1113,160.278,1099.38,58.2634,161.785,1077.41,38.0728,141.011,1104.71,65.4181,144.632,1045.88,28.0708,136.149,1116.69,82.8247,142.097,1023.58,33.6627,152.983,1106.88,81.0019,155.707,1084.16,50.7783,87.282,1095.18,70.6658,90.3538,1072.36,52.5592,50.224,1082.25,84.2247,52.5468,1079.04,49.1911,11.959,1091.48,93.1959,16.466,1140.66,50.1307,176.906,1154.71,38.9056,174.755,1149.6,33.0654,184.294,1136.74,45.1631,186.584,0,0,0
000306:1086.98,53.7951,163.778,1086.64,49.4969,165.741,1089.42,55.9913,166.062,1086.51,43.0886,159.802,1095.63,58.2913,161.526,1077.56,37.9572,140.997,1102.43,65.3694,145.081,1039.91,28.6453,136.304,1118.11,82.3602,142.947,1022.28,33.7409,152.306,1103.43,80.7659,157.165,1079.64,51.1096,88.0833,1091.42,70.7363,91.211,1069.32,53.0349,50.7113,1080.78,84.1206,53.2993,1074.28,49.7504,13.1037,1089.07,92.8862,16.888,1144.61,49.0031,176.755,1161.99,37.7848,174.527,1158.98,31.8247,183.506,1142.55,43.9375,185.473,0,0,0
000307:1086.74,53.9582,163.684,1086.45,49.6505,165.669,1089.12,56.1801,165.95,1087.07,43.1371,159.834,1095.06,58.5178,161.451,1079.4,37.6464,141.132,1102.04,65.5608,145.078,1042.43,27.7264,136.664,1119.41,82.6347,143.043,1022.85,32.7128,152.745,1103.99,80.9793,157.377,1081.82,50.6414,88.2188,1092.55,70.5327,91.3516,1070.89,52.5752,50.7694,1083.02,83.8323,53.3159,1074.18,49.5027,13.1934,1091.69,92.6214,16.7427,1151.24,47.9022,176.394,1162.94,37.2029,174.36,1152.88,31.6829,182.602,1142.71,43.1696,184.416,0,0,0
000308:1088.28,53.5885,163.392,1088.56,49.2581,165.171,1092.3,55.6826,165.763,1091.68,42.5334,159.81,1102.98,57.6529,161.298,1082.24,37.3507,141.187,1108.2,64.8712,145.014,1055.17,26.3727,137.123,1113.52,82.8367,143.39,1028.44,32.1772,153.86,1090.46,81.604,156.385,1082.34,50.5983,88.2025,1093.29,70.4105,91.607,1071.1,52.437,51.2043,1082.28,83.8346,53.6068,1077.87,49.0347,12.8777,1094.14,92.6826,17.2838,1105.94,51.2168,172.421,1106.74,42.6332,169.278,1098.43,37.0188,175.433,1100.2,46.1725,178.889,0,0,0
000309:1090.05,53.5507,163.708,1090.3,49.2013,165.529,1093.66,55.7362,166.084,1092.83,42.2669,160.208,1103.17,57.5989,161.682,1084.25,36.7097,141.695,1107.8,64.6078,145.296,1055.57,24.909,138.002,1114.38,82.4514,143.271,1023.21,31.2695,153.929,1095.15,81.7748,155.634,1086.42,50.1808,88.1438,1095.87,70.1468,91.7072,1074.13,52.3188,50.9869,1084.32,83.493,53.6554,1078.42,48.9757,12.6423,1093.27,91.8922,17.4858,1096.43,59.2363,167.042,1098.38,52.419,163.407,1084.78,46.9732,167.886,1085.92,54.296,171.848,0,0,0
000310:1090.24,53.2799,163.54,1090.38,48.8855,165.329,1093.72,55.4109,165.933,1091.55,41.8086,159.933,1102.9,57.163,161.5,1081.41,36.359,141.46,1106.3,64.2275,145.214,1051.32,24.8705,137.674,1112.23,82.0766,143.038,1017.25,31.6515,153.216,1093.42,82.3378,154.749,1083.03,50.4491,88.15,1093.74,70.4206,91.7722,1071.35,52.3418,51.1563,1082.97,83.689,53.8577,1077.12,48.8624,12.864,1096.36,92.1972,17.3786,1075.78,63.1646,164.909,1076.27,57.3416,161.585,1060.12,52.5393,165.153,1062.77,58.7775,168.749,0,0,0
000311:1089.22,53.1707,163.788,1089.46,48.73,165.78,1091.92,55.1437,166.196,1091.45,41.3044,160.626,1101.61,56.6741,162.265,1085.61,36.0692,142.181,1105.46,63.6033,146.324,1057.03,24.9469,137.521,1117.23,82.0645,143.876,1018.12,31.5321,151.807,1096.69,82.5498,153.708,1084.87,50.289,88.3185,1092.78,69.9847,92.2407,1073.93,52.4988,51.0126,1086.1,83.8443,53.7327,1078.14,48.5793,12.6841,1100.52,92.3653,16.9745,973.34,48.9766,156.76,974.875,44.1832,150.86,943.285,37.0376,152.51,944.557,42.0755,158.706,0,0,0
000312:1093.75,53.1056,164.024,1093.37,48.6376,165.867,1096.4,55.1977,166.388,1093.31,41.2717,160.403,1102.89,56.6643,162.003,1082.47,35.7949,141.884,1104.16,63.5404,145.955,1053.98,23.783,138.042,1113.09,82.182,144.247,1020.99,29.9655,152.686,1098.04,83.2036,155.235,1085,50.298,88.2602,1093.85,70.0796,92.151,1074.09,52.3705,51.1218,1085.13,83.4016,53.9278,1078.33,48.7474,12.8914,1097.96,91.9019,17.4269,1081.41,60.7176,159.218,1076.02,55.5851,153.729,1056.85,48.9421,155.761,1066.08,54.3913,161.624,0,0,0
000313:1095.21,52.5678,164.235,1094.86,48.0742,166.111,1097.78,54.6746,166.604,1094.71,40.6196,160.717,1104.03,56.1654,162.366,1083.87,35.2378,142.132,1104.55,63.1588,146.575,1055.18,23.5966,137.68,1114.25,82.0571,145.465,1021.68,29.9417,151.312,1098.58,82.3613,156.764,1085.36,49.6998,88.6285,1093.46,69.5692,92.6511,1074.86,51.9724,51.5645,1085.44,83.0295,54.3367,1078.37,48.6446,13.4237,1098.4,91.452,17.8764,1074.68,56.2749,157.028,1070.24,51.0113,150.084,1047.48,42.847,151.816,1055.84,48.3636,159.205,0,0,0
000314:1090.68,52.6714,164.592,1089.97,48.1872,166.644,1092.82,54.8306,166.914,1089.14,40.8913,160.765,1097.04,56.5252,162.57,1083.12,35.1256,142.405,1099.9,63.5083,146.97,1052.83,23.6468,138.803,1108.93,82.1532,146.005,1031.25,28.9478,152.718,1095.06,82.2441,158.666,1082.28,50.2422,88.9862,1090.14,70.1434,92.7632,1073.24,52.4848,51.1841,1086.15,83.3654,54.1292,1073.5,48.9531,14.151,1097.95,91.1783,17.0921,1110.66,56.8595,162.028,1117.37,50.6504,155.227,1101.35,42.4198,157.594,1096.73,49.1908,164.399,0,0,0
000315:1092.73,52.4672,164.795,1092.33,47.9353,166.847,1095.41,54.6413,167.126,1091.92,40.561,160.84,1100.9,56.3289,162.721,1083.97,34.8071,142.203,1103.34,63.4634,147.071,1047.96,23.6423,138.021,1107.95,82.4614,146.544,1022.14,29.0148,151.118,1089.31,82.5216,159.741,1081.71,50.0772,88.9029,1091.04,70.0873,92.6674,1072.69,52.3093,51.3408,1087.02,83.1983,54.1605,1073.5,49.0802,14.4725,1098.54,90.9386,17.3102,1114.39,57.4134,162.08,1123.5,50.9566,155.181,1111.34,42.4649,157.862,1104.42,49.5124,164.764,0,0,0
000316:1094.91,52.0991,164.861,1093.8,47.526,166.928,1097.01,54.3044,167.267,1091.08,40.1806,161.267,1099.45,56.0678,163.146,1083.07,34.2888,142.785,1100.28,63.3186,147.635,1052.21,22.7545,138.396,1110.44,81.8159,146.989,1029.75,28.4147,151.412,1099.3,81.1405,160.39,1082.48,49.7347,89.2508,1090.56,69.9796,93.0942,1072.57,51.9957,51.5203,1088.09,83.0088,54.2506,1073.44,49.0197,14.2688,1101.09,90.6246,16.9703,1113.12,57.9685,163.348,1120.22,52.0761,157.475,1099.38,44.5387,159.872,1094.51,50.9475,165.751,0,0,0
000317:1097.32,51.8737,164.735,1096.68,47.2943,166.8,1099.38,54.1019,167.153,1094.04,40.0518,161.331,1102.35,55.9651,163.219,1085.52,34.2282,143.087,1102.46,63.435,147.971,1053.41,22.5465,139.052,1113.27,82.2978,147.595,1028.44,28.409,152.2,1101.16,81.3468,161.128,1081.24,49.7083,89.9441,1088.92,69.9265,93.7983,1073.42,52.0582,52.1567,1087.19,82.6617,54.9396,1072.79,49.1041,15.0209,1101.22,89.7763,17.5005,1081.78,57.7446,162.422,1086.37,52.2229,156.152,1058.92,44.41,158.033,1056.63,50.3744,164.319,0,0,0
000318:1093.67,51.7241,165.061,1093.47,47.1225,167.131,1096.28,53.9629,167.495,1092.65,39.7309,161.672,1101.09,55.8011,163.568,1085.28,33.5636,143.193,1102.44,63.3941,148.107,1053.65,21.6043,138.457,1111.51,82.5039,147.172,1028.11,27.7021,150.829,1098.28,81.5065,160.264,1080.4,49.2229,90.158,1088.72,69.7381,94.0088,1071.84,51.7732,52.4464,1088.31,82.4528,55.1103,1073.65,49.0089,15.0435,1105.37,89.5435,17.3169,1102.56,58.3273,160.852,1108.06,52.6636,154.666,1089.11,44.8976,156.91,1085.85,51.0417,163.092,0,0,0
000319:1092.98,51.3849,165.044,1092.94,46.7815,167.148,1095.59,53.5999,167.464,1091.91,39.4051,161.673,1100.42,55.427,163.625,1085.89,33.5127,143.179,1101.07,62.9927,148.373,1052.85,21.8834,138.268,1111.89,82.2509,148.111,1022.57,27.8112,150.224,1098.81,81.0007,161.638,1080.29,49.1038,90.0745,1087.45,69.3982,94.0223,1072.82,51.6428,52.4693,1088.6,82.1915,55.103,1072.57,48.7781,15.4741,1106.99,89.1267,17.4263,1066.07,54.7847,159.713,1072.9,49.255,152.619,1042.67,40.5284,154.484,1037.95,46.4843,161.588,0,0,0
000320:1095.49,51.0936,165.291,1095.77,46.4362,167.338,1098.39,53.3256,167.766,1095.38,38.91,161.825,1103.73,55.0385,163.8,1087.96,32.6318,143.079,1103.49,62.7202,148.228,1052.5,20.8036,137.606,1111.43,82.1776,147.003,1022.95,27.2648,149.142,1095.61,81.2008,159.864,1079.35,48.6361,90.4105,1086.53,69.1264,94.3623,1072.72,51.5275,52.7654,1087.9,81.6565,55.5802,1073.83,48.8965,15.5497,1105.45,88.2173,17.9026,1083.23,58.9158,160.431,1094.84,53.2617,154.279,1070.64,45.2805,156.905,1061.23,51.4023,162.99,0,0,0
000321:1097.25,51.1238,165.402,1097.25,46.4301,167.468,1100.38,53.3307,167.882,1096.72,38.756,162.002,1106.29,54.8577,164,1089.66,32.3516,143.302,1106.98,62.4075,148.591,1055.04,20.2573,137.724,1113.96,81.9948,147.93,1026.41,26.4868,148.619,1094.69,81.2346,161.002,1082.43,48.4868,90.6115,1091.08,68.9094,94.5974,1073.42,51.5569,53.1184,1091.66,81.4027,55.7851,1072.57,48.9149,16.1254,1108.28,87.6386,18.1715,1081.23,59.3435,159.823,1090.54,54.0151,153.249,1064.15,45.6991,155.35,1057.3,51.4728,161.902,0,0,0
000322:1097.82,50.505,165.344,1097.99,45.794,167.426,1100.93,52.7522,167.852,1097.36,38.2135,162.034,1106.24,54.3914,164.096,1090.16,31.9965,143.385,1104.93,62.1624,148.871,1055.66,20.0167,137.841,1106.88,81.7072,148.659,1029.27,26.499,148.618,1087.96,81.0353,161.82,1082.03,48.2964,90.5237,1089.57,68.7422,94.6045,1074.31,51.2729,52.9888,1092.23,81.0972,55.6103,1073.79,48.773,15.9982,1110,87.2137,17.938,1089.07,60.5885,159.042,1104,55.8529,152.317,1082.24,47.6026,153.869,1069.74,52.8094,160.605,0,0,0
000323:1098.01,50.3954,165.215,1097.83,45.6607,167.284,1101.22,52.6315,167.756,1096.35,38.0622,161.953,1105.97,54.2388,164.029,1087.95,31.7391,143.344,1104.26,62.0756,148.85,1052.93,19.3815,137.802,1107.61,81.5513,148.881,1026.81,25.5366,148.354,1088.78,80.9353,162.307,1079.52,48.3315,90.634,1088.05,68.8236,94.6613,1072.9,51.1423,53.3281,1092.58,80.9419,55.8418,1075.34,48.6437,16.3355,1113.89,86.7077,18.0547,1085,62.3161,159.855,1100.42,58.009,153.767,1075.33,50.445,155.092,1062.5,55.1917,161.186,0,0,0
000324:1102.15,50.0845,165.172,1102,45.2938,167.238,1104.47,52.3234,167.701,1099.1,37.646,161.916,1107.18,53.9079,164.06,1091.59,31.4148,143.384,1102.72,61.8244,149.256,1059.49,18.832,137.673,1103.34,81.2906,150.026,1034.3,24.6967,147.711,1093.88,80.6311,163.865,1085.22,48.3413,90.7635,1091.37,68.8352,95.0072,1076.87,51.1597,53.3811,1094.86,80.6866,55.9517,1075.72,48.5448,16.5588,1114.82,86.0368,18.0956,1108.08,61.3367,158.829,1127.67,57.2663,151.726,1108.84,48.8968,152.535,1091.38,53.4352,159.703,0,0,0
000325:1098.43,50.1482,165.277,1098.84,45.3416,167.397,1101.32,52.3815,167.821,1098.18,37.5695,162.129,1106.78,53.8563,164.259,1090.84,31.1239,143.534,1105.1,61.6604,149.42,1055.28,18.6171,137.432,1103.91,81.3125,150.435,1027.44,24.6939,146.523,1088.54,81.082,164.365,1084.37,47.8391,90.6889,1092.25,68.3183,94.9072,1075.96,50.9101,53.3497,1094.26,80.0548,55.9522,1076.28,48.6758,16.4591,1114.77,85.3352,18.2141,1109.03,62.7271,158.435,1130.14,58.8951,151.156,1118.71,50.4756,151.707,1099.36,54.8099,159.126,0,0,0
000326:1105.32,49.4636,165.133,1105.84,44.6918,167.24,1107.94,51.7331,167.679,1102.96,37.1711,162.038,1111.41,53.3749,164.235,1091.39,31.059,143.681,1105.94,61.2636,149.79,1054.77,18.4855,137.744,1103.64,80.5898,151.682,1030.51,24.1304,146.435,1093.27,80.2073,166.275,1081.32,47.5711,91.3209,1089.74,67.7625,95.5736,1074.59,50.7657,54.075,1093.73,79.4481,56.5349,1075.64,48.4944,17.1464,1115.73,84.387,18.7567,1114.95,63.3497,158.237,1135.01,59.917,150.626,1129.3,51.577,150.585,1110.99,55.5089,158.422,0,0,0
000327:1106.54,49.317,165.269,1106.85,44.5179,167.359,1108.77,51.5865,167.819,1104.02,36.8764,162.053,1111.99,53.1828,164.26,1093.53,30.6379,143.561,1106.82,61.1048,149.887,1059.32,17.5595,137.343,1103.18,80.6694,152.131,1037.37,22.5156,145.369,1092.47,80.3655,166.935,1084.31,47.4877,91.304,1092.47,67.7763,95.5838,1076.12,50.5572,54.121,1096.51,79.1189,56.4901,1076.26,48.3198,17.3625,1117.3,83.8503,18.7289,1115.13,63.3825,157.581,1135.41,60.1637,149.539,1130.36,51.5146,149.199,1111.72,55.1985,157.475,0,0,0
000328:1105.39,49.3756,165.195,1106.07,44.5377,167.38,1107.49,51.6417,167.652,1103.6,36.8,162.197,1109.97,53.1875,164.329,1091.78,30.3402,143.811,1104.15,60.9741,150.078,1058.82,16.8456,137.284,1097.85,80.5925,152.781,1046.43,21.1053,144.196,1093.79,79.9885,167.664,1083.23,46.7418,91.4679,1091.28,67.0118,95.765,1076.4,50.1739,54.3323,1096.68,78.3928,56.6346,1076.79,48.2856,17.6764,1118.05,83.0362,19.0094,1183.29,57.8613,155.576,1214.47,53.8551,145.43,1232.24,42.9843,145.027,1201.36,47.699,155.745,0,0,0
000329:1104.26,48.9471,165.201,1104.68,44.1604,167.326,1106.08,51.2505,167.761,1102.34,36.551,162.191,1108.75,52.9043,164.343,1092.33,30.072,143.818,1104.04,60.8356,150.174,1063.12,16.282,137.242,1099.98,80.2541,152.927,1048.07,20.7422,144.143,1093.74,79.9927,168.219,1083.68,46.7455,91.6538,1091.48,67.0115,95.9524,1076.75,50.197,54.4519,1097.3,77.8733,56.7787,1077.92,48.4196,17.5995,1119.77,81.9227,18.9382,1132.71,64.2966,157.338,1152.6,61.4849,149.101,1156.67,53.0156,148.239,1138.23,56.2855,156.82,0,0,0
000330:1109.29,48.769,165.298,1109.14,43.9583,167.436,1110.01,51.089,167.867,1104.29,36.3756,162.37,1109.33,52.827,164.519,1093.13,29.9515,144.052,1102.14,60.8589,150.541,1064.86,15.7837,137.295,1098.34,80.1478,153.696,1053.51,19.5785,143.697,1099.02,79.489,169.467,1088.1,46.7563,91.8743,1094.85,67.0804,96.1791,1080.69,50.0539,54.5182,1101.42,77.3843,56.6895,1078.01,48.314,17.8519,1121.81,80.9337,18.6719,1149.58,63.0177,156.742,1171.39,60.3203,148.025,1178.82,51.4591,146.875,1158.08,54.6153,156.012,0,0,0
000331:1108.43,48.4441,165.607,1108.56,43.6308,167.74,1108.84,50.7787,168.213,1104.67,36.0915,162.528,1109.34,52.571,164.736,1094.4,29.6817,143.994,1103.25,60.7167,150.633,1069.28,15.1109,136.956,1098.72,80.0808,154.053,1061.45,18.4722,142.873,1099.82,79.8498,170.144,1087.31,46.6952,91.6989,1094.92,66.9911,95.9915,1078.6,50.0472,54.4859,1101.52,77.0338,56.5477,1076.47,48.2979,17.9126,1124.45,80.1647,18.4447,1139.14,65.873,158.106,1156.59,63.47,149.9,1169.46,55.4578,148.634,1152.86,58.2743,157.248,0,0,0
000332:1105.84,48.3147,165.664,1106.33,43.4941,167.792,1106.57,50.6403,168.257,1103.73,35.9219,162.684,1107.99,52.4338,164.866,1094.06,29.4493,144.337,1103.12,60.5654,151.023,1066.92,14.6296,137.328,1100.68,79.7311,154.896,1055.38,17.7201,143.041,1100.99,79.2367,171.531,1087.41,46.4855,92.2121,1094.74,66.7678,96.5242,1078.33,49.8969,54.8117,1100.08,76.4247,56.9405,1078.09,48.2284,17.916,1123.65,79.0988,18.5817,1142.73,64.7616,158.869,1159.93,62.5845,150.57,1173.35,54.6187,148.908,1157.06,57.1711,157.654,0,0,0
000333:1107.51,48.1467,165.544,1107.64,43.3392,167.666,1107.67,50.4884,168.194,1103.99,35.7816,162.626,1108.37,52.3103,164.771,1094.69,29.0218,144.285,1102.94,60.457,150.932,1069.95,13.8431,137.113,1099.57,79.7582,155.029,1059.11,17.2474,142.489,1098.45,79.9628,172.192,1087.81,45.8075,92.41,1095.2,66.1894,96.6863,1079.54,49.4228,55.0588,1102.56,75.6608,57.1474,1077.57,48.0352,18.2534,1125.83,78.0746,18.9466,1116.99,68.7214,161.377,1129.21,66.9515,154.454,1136.98,60.5386,152.896,1125.82,62.5977,160.137,1057.17,91.405,280.464
000334:1112.22,47.615,165.246,1111.71,42.8347,167.298,1111.64,49.9393,167.887,1106.74,35.4892,162.187,1111.07,51.9668,164.33,1095.75,28.7891,143.977,1104.39,60.2794,150.583,1071.32,13.1937,136.848,1096.42,79.1746,154.748,1060.97,15.8005,142.137,1097.88,79.8836,172.207,1090.72,45.5959,92.5991,1098.75,65.994,96.7921,1081.68,49.1846,55.3065,1105.92,75.1064,57.3285,1077.33,47.9093,18.818,1127.13,77.297,19.3751,1125.95,71.3954,165.879,1134.36,69.4029,160.229,1150.15,64.6783,159.32,1143.11,66.9298,165.219,1057.84,90.6222,279.307
000335:1110.79,47.7562,165.588,1110.56,42.9253,167.629,1110.03,50.0117,168.246,1107.09,35.4567,162.518,1109.8,51.9314,164.633,1097.66,28.3952,144.186,1102.79,60.0675,150.858,1075.14,12.6217,136.496,1090.85,78.1429,155.667,1064.41,15.7952,141.584,1094.74,79.271,174.745,1091.82,45.1171,92.5796,1098.22,65.604,96.9148,1082.37,48.9519,55.2064,1105.01,74.5253,57.4365,1080.18,47.9169,18.4051,1130.86,76.0529,19.294,1133.27,74.8848,172.713,1139.53,72.7474,169.024,1159.47,70.2493,168.864,1155,72.6568,172.735,1061.75,90.3524,277.246
000336:1109.93,47.9747,165.718,1109.7,43.1504,167.788,1109.25,50.2381,168.392,1106.72,35.6674,162.745,1109.67,52.1332,164.781,1101.02,28.4975,144.435,1104.03,60.1681,150.946,1079.63,12.2999,136.852,1095.39,78.2116,155.782,1063.68,14.9401,141.88,1093.03,78.944,175.067,1096.9,45.2238,92.3862,1102.15,65.6363,96.6373,1083.59,48.9096,55.045,1108.15,73.933,57.0461,1079.75,47.8197,18.4422,1132.87,74.8211,18.8668,1102.02,73.7878,173.495,1109.7,71.8299,169.864,1112.15,68.8121,169.472,1106.07,70.9871,173.278,1062.3,89.5652,275.71
000337:1112.38,47.6693,165.392,1111.54,42.8756,167.445,1110.94,49.9458,168.03,1105.95,35.4755,162.26,1108.85,51.9515,164.327,1100.29,28.5302,144.003,1102.02,60.0654,150.829,1084.17,12.3994,136.117,1097.84,78.4946,156.647,1070.97,14.3044,140.162,1100.3,79.4846,176.968,1097.12,44.9999,92.4043,1101.81,65.2585,96.6577,1084.22,48.7066,55.0455,1109.56,73.2764,56.8899,1077.75,47.8347,18.8085,1133.42,74.0489,18.8172,1089.94,71.9833,174.323,1096.66,69.9206,169.923,1089.32,66.0356,169.242,1083.84,68.2166,173.806,1062.83,88.7736,273.785
000338:1108.89,48.1892,165.465,1108.12,43.2985,167.502,1107.41,50.4688,168.16,1104.4,35.6605,162.427,1106.68,52.1925,164.414,1099.9,28.2924,144.214,1101.6,60.0692,151.007,1083.01,11.701,136.499,1093.67,78.1315,157.488,1072.59,13.9492,140.718,1098.46,79.8186,178.686,1098.01,45.0958,92.2955,1102.72,65.4478,96.5652,1086.78,48.6406,54.8174,1112.38,72.932,56.6433,1079.43,47.8348,18.63,1136.44,73.1098,18.5197,1117.17,76.7845,177.196,1128.29,75.501,173.808,1132.9,72.9682,172.717,1123.31,74.4286,176.327,1063.46,87.9752,271.455
000339:1112.21,47.6082,165.045,1111.4,42.7496,167,1111.48,49.8925,167.715,1107.25,35.45,162.106,1110.96,51.7757,164.026,1101.54,28.0492,144.136,1104.23,59.6904,150.686,1081.17,11.0889,136.553,1093.62,77.0013,156.891,1067,12.9792,141.246,1095.48,78.6261,178.171,1097.66,44.52,92.9672,1103.06,64.7246,97.1842,1086.03,48.4874,55.5768,1111.51,72.1956,57.4619,1079.9,47.8588,19.1624,1136.07,72.2298,19.3789,1118.14,77.458,182.13,1133.33,75.5944,180.669,1137.04,74.6278,181.012,1123.86,76.7365,182.652,1067.41,87.7011,269.755
000340:1112.02,47.3338,165.664,1111.42,42.4605,167.601,1111.4,49.6399,168.313,1107.87,35.2812,162.583,1111.11,51.6752,164.481,1102.25,27.9085,144.443,1103.69,59.7679,151.034,1080.78,10.7172,136.805,1089.39,77.1428,157.756,1064.87,12.1751,141.64,1091.44,79.0805,180.249,1097.41,44.2921,93.0779,1102.69,64.6026,97.2402,1084.95,48.1583,55.4655,1111.64,71.6394,57.1727,1079.04,47.8222,18.8329,1137.8,71.4773,18.6487,1124.64,78.5747,186.804,1143.78,76.3504,186.221,1153.68,76.3146,187.4,1136.59,78.8249,188.126,1067.58,87.6778,267.776
000341:1111.85,47.3834,165.613,1111.16,42.5405,167.616,1111.15,49.6351,168.206,1108.63,35.4209,162.606,1110.4,51.8143,164.452,1103.33,28.1345,144.604,1104.24,59.8792,151.194,1084.31,11.234,136.529,1087.83,76.7885,158.613,1073.34,12.5514,140.419,1088.52,78.6058,182.156,1102.1,43.9889,93.0287,1107.19,64.2667,97.1033,1088.43,47.6522,55.2948,1115.55,70.7501,56.8088,1078.89,47.5892,19.0833,1139.44,70.2732,18.5287,1129.34,77.7645,190.709,1143.32,74.9463,190.05,1159.82,75.1478,191.626,1148.13,78.2705,192.515,1071.91,86.6245,265.714
000342:1111.44,47.0785,165.51,1111.07,42.1765,167.48,1110.22,49.3538,168.039,1107.63,35.4022,162.612,1107.8,51.7767,164.403,1103.37,28.0468,144.624,1097.34,60.2427,151.455,1088.74,10.2886,136.19,1074.15,76.9692,160.232,1080.47,10.3863,139.776,1073.68,78.9028,185.6,1101.03,43.8975,93.3101,1103.04,64.3203,97.5275,1089.7,47.3864,55.4774,1115.57,70.4743,56.8852,1080.18,47.3084,19.055,1143.1,69.5105,18.2734,1128.38,77.1594,199.573,1147.35,73.0611,200.837,1163.89,74.3421,204.432,1147.19,78.8466,203.393,1075.8,86.3516,264.396
000343:1110.93,47.5627,165.402,1111.27,42.6064,167.363,1110.57,49.8746,167.987,1109.7,35.8281,162.892,1110.3,52.1834,164.472,1105.48,27.9888,145.026,1101.06,60.4939,151.725,1086.41,10.3211,135.974,1083.13,76.313,160.703,1071.35,11.4315,139.654,1080.75,78.6095,187.255,1099.32,43.4693,93.9988,1101.57,64.0075,98.2225,1087.66,47.0556,56.2429,1112.56,69.7815,57.6505,1079.18,47.0405,19.5423,1140.96,68.338,19.2458,1118.06,78.4863,207.633,1133.55,73.3939,211.452,1144.81,76.4885,216.649,1132.34,82.1146,213.054,1072.72,85.8003,261.771
000344:1112.11,47.1024,165.199,1112.24,42.2146,167.077,1111.36,49.4128,167.774,1110.5,35.8461,162.759,1111.15,51.9022,164.175,1106.94,27.9728,144.966,1102.44,60.3172,151.251,1090.34,10.2004,135.68,1085.12,75.2756,158.893,1077.43,10.8471,140.05,1081.92,77.7494,184.869,1100.22,43.2877,94.4718,1102.83,63.6729,98.539,1088.41,46.9964,56.812,1115.14,69.1845,58.0448,1079.57,46.7864,20.0969,1142.18,67.475,19.886,1114.8,78.7509,213.482,1130.19,72.3188,219.601,1139.78,77.0169,227.106,1127.69,84.0664,221.104,1076.71,85.5151,259.643
000345:1111.67,47.0088,165.553,1112,42.1114,167.421,1110.64,49.2841,168.109,1110.5,35.9145,163.076,1109.77,51.8603,164.392,1107.32,28.0755,145.243,1100.69,60.4046,151.367,1092.24,10.7632,135.663,1083.33,75.1899,158.804,1080.2,11.7018,140.314,1079.75,78.167,185.472,1100.95,43.1823,94.6838,1102.52,63.503,98.6615,1089.8,46.7258,56.9357,1116.1,68.4266,58.0205,1080.25,46.5212,20.3048,1144.41,66.3154,19.9024,1108.7,78.5229,219.971,1123.02,70.903,227.225,1132.36,76.2968,236.231,1121.33,84.5979,229.049,1077.24,84.7141,257.692
000346:1113.11,46.8151,165.451,1113.19,41.9804,167.354,1111.82,49.1151,167.988,1111.46,36.1234,163.159,1110.49,52.0133,164.331,1108.74,28.1703,145.193,1099.9,60.8543,151.135,1094.57,10.5931,134.885,1080.69,75.4131,157.773,1081.18,10.6107,139.064,1073.35,78.2737,184.244,1101.71,43.0647,94.5731,1102.55,63.5022,98.4488,1089.8,46.4772,56.7259,1118.12,67.9384,57.5166,1079.66,46.5813,20.029,1146.24,65.822,19.2728,1101.62,78.2639,224.302,1112.57,69.2869,232.91,1119.11,75.5316,243.608,1111.7,85.244,235.089,1081.26,84.4252,255.546
000347:1113.77,46.7101,165.375,1114.02,41.9542,167.257,1112.48,49.0269,167.939,1113.76,36.2977,163.113,1111.85,52.1408,164.176,1113.98,28.4441,145.157,1102.43,60.9347,150.875,1102.66,10.9761,134.516,1085.85,74.489,156.665,1085.74,10.6953,139.132,1078.4,76.8254,183.07,1106.53,43.1551,94.6628,1105.85,63.4853,98.4025,1091.75,46.3392,56.7435,1119.55,67.2599,57.4284,1079.95,46.4616,20.1522,1147.53,64.9625,19.012,1094.07,77.7377,227.514,1103.63,68.3272,237.31,1105.24,75.4716,248.59,1099.22,85.5905,238.919,1085.2,84.1449,254.194
000348:1115.24,46.889,164.949,1115.29,42.1304,166.832,1113.91,49.1955,167.476,1114.74,36.6005,162.733,1113.25,52.3932,163.719,1114.09,28.7137,144.906,1103.7,61.1068,150.31,1099.47,11.0158,134.654,1085.57,74.2394,155.89,1077.64,10.3833,139.922,1072.39,76.4262,182.272,1108.3,43.132,94.0259,1108.4,63.2969,97.6262,1091.81,46.4352,55.9724,1123.09,66.6212,56.3206,1078,46.601,19.5068,1150.86,63.8303,17.8338,1083.35,77.1045,228.861,1092.75,67.3738,239.064,1089.77,74.73,250.479,1083.91,85.1438,240.463,1082.14,82.8368,253.233
000349:1118.7,46.664,164.84,1117.94,41.9521,166.742,1116.96,48.9706,167.415,1115.85,36.4499,162.704,1114.58,52.2539,163.659,1114.8,28.6568,144.823,1105.17,60.8879,150.074,1101.93,11.2697,134.153,1092.4,73.5665,154.679,1083.81,10.9159,139.442,1080.48,75.0402,180.47,1111.39,42.8902,93.8822,1111.8,62.9896,97.3682,1094.2,46.297,55.7908,1125.96,66.1167,56.0635,1080.44,46.6059,19.2919,1152.11,63.1436,17.6206,1074.08,75.9592,227.656,1079.6,66.2146,237.967,1071.11,73.6549,249.173,1068.9,84.0346,239.106,1068.1,81.6003,255.918
000350:1115.93,46.8507,164.721,1116.01,42.1512,166.585,1114.92,49.1483,167.253,1114.9,36.7041,162.355,1114.33,52.3705,163.292,1113.76,28.9952,144.446,1105.91,60.8389,149.458,1104.26,11.2752,134.325,1089.94,73.6794,154.28,1091.39,10.0571,139.977,1070.41,75.3428,180.189,1107.41,42.9815,93.4816,1109.5,62.6681,96.7678,1091.96,46.4269,55.319,1125.7,65.3456,55.3537,1080.66,46.5245,18.7128,1155.44,61.8903,16.6319,1064.16,75.3872,226.327,1068.8,65.4901,236.004,1061.5,72.4212,247.223,1060.18,82.9539,237.78,1046.89,80.1955,261.245
000351:1116.33,46.9751,164.602,1115.96,42.3032,166.467,1114.87,49.2695,167.14,1114.67,36.8311,162.364,1114.21,52.5095,163.26,1115.78,29.1542,144.554,1107.89,61.0559,149.314,1109.36,11.3906,134.66,1098.19,74.1541,153.299,1096.2,10.376,140.911,1079.51,75.2377,178.298,1112.92,43.2174,93.5316,1114.1,62.9491,96.7176,1096.78,46.5411,55.5379,1127.55,65.2852,55.7279,1082.57,46.6438,19.4042,1151.2,61.4227,17.5902,1056.14,74.2545,222.689,1055.66,64.5141,231.834,1043.23,70.9668,242.463,1046.68,81.2653,233.584,1032.39,80.5682,266.833
000352:1116.97,47.2421,164.062,1116.77,42.5319,165.908,1115.47,49.4916,166.653,1116.04,36.7261,161.848,1115.55,52.4701,162.8,1118.13,28.9839,144,1108.48,60.7183,148.8,1109.85,11.72,134.068,1093.01,73.3632,152.584,1088.74,12.5129,141.082,1069.54,73.7453,177.302,1115.91,43.1076,92.8877,1116.55,62.7515,96.1038,1098.12,46.6995,55.0051,1131.24,65.0014,55.0606,1080.66,46.5835,19.1827,1154.82,60.1705,16.9192,1046.96,73.0828,218.613,1046.61,64.0616,227.408,1033.3,70.3568,237.182,1036.59,79.8466,228.621,1024.75,81.1696,272.842
000353:1119.04,47.2907,163.927,1118.45,42.7077,165.756,1117.71,49.5976,166.517,1115.96,36.9419,161.642,1116.5,52.5499,162.506,1116.57,29.2433,143.867,1109,60.3135,148.477,1114.83,11.2875,134.045,1095.52,72.3606,152.032,1108.53,10.5078,140.471,1073.19,72.0593,176.207,1111.84,42.9548,93.5137,1113.95,62.1413,96.5166,1095.99,46.5841,55.8666,1127.36,64.1084,56.0192,1083.92,46.6736,19.8479,1151.96,59.4934,17.9462,1042.72,71.7458,214.107,1041.45,63.4759,222.33,1026.72,69.3888,231.323,1030.77,78.0931,223.357,1013.68,82.026,278.879
000585:245.106,132.138,0.968647
