000507:1065.03,-45.6161,154.961,1066.75,-48.3714,157.71,1067.62,-42.4458,157.887,1073.36,-51.9686,153.402,1072.19,-35.564,154.569,1075.94,-56.3562,133.006,1072.76,-25.7152,136.153,1073.74,-63.6185,107.51,1072.55,-12.263,116.985,1060.32,-67.4381,87.6732,1058.37,-14.9296,112.866,1068.95,-49.4425,84.0383,1067.35,-26.6454,85.1535,1069.42,-57.3344,49.1031,1061.19,-16.1841,50.6139,1089.66,-65.8755,11.4833,1080.29,0.273354,13.3671,1013.19,-23.7404,141.474,1012.16,-29.2322,147.669,1010.29,-26.4011,157.227,1011.63,-21.0355,150.751,0,0,0
000508:1064.58,-45.9035,154.902,1066.17,-48.6443,157.648,1067.6,-42.6955,157.806,1072.62,-52.2539,153.221,1072.56,-35.888,154.312,1074.28,-56.6561,132.68,1073.86,-26.2883,135.689,1070.77,-64.0434,107.295,1077.25,-12.8696,116.467,1058.98,-68.365,87.4218,1063.53,-15.4391,112.949,1066.15,-49.9029,83.5872,1066.31,-27.2955,84.6205,1068.07,-57.7238,48.8473,1062.32,-16.6308,50.2509,1091.56,-66.1907,11.1736,1083.13,0.242551,13.195,1011.84,-23.2628,143.616,1007.66,-28.9443,150.158,1004.12,-25.9163,160.216,1008.61,-20.3217,153.439,0,0,0
000509:1065.43,-46.2902,154.813,1066.76,-49.0704,157.549,1068.04,-43.0921,157.723,1072.52,-52.8032,153.136,1072.02,-36.3921,154.229,1074.77,-57.3718,132.525,1073.19,-26.8334,135.613,1072.35,-64.8841,107.229,1074.27,-13.317,116.593,1058.7,-68.7256,87.8859,1060.18,-15.7998,113.427,1069.55,-50.4553,83.0972,1068.9,-27.7207,84.2854,1071.25,-58.0577,48.3203,1064.12,-16.7454,49.958,1091.6,-66.1755,10.8841,1081.37,0.304722,13.3332,1010.65,-23.7143,144.896,1005.35,-29.6047,151.659,1001.8,-26.4809,161.989,1007.28,-20.6476,154.99,0,0,0
000510:1066.32,-46.6959,154.869,1067.53,-49.488,157.639,1069.05,-43.4586,157.758,1073.03,-53.2367,153.226,1072.91,-36.6938,154.251,1074.4,-58.0159,132.538,1073.97,-27.0697,135.611,1072.28,-65.8503,107.027,1074.29,-13.2506,116.635,1063.27,-70.4784,87.1426,1054.79,-16.0119,114.167,1069.11,-51.0688,83.0849,1069.22,-28.2062,84.2465,1070.81,-58.5596,48.3633,1064.24,-17.3034,49.9839,1092.21,-66.0004,10.8853,1081.42,0.160543,13.3968,1006.94,-24.192,147.393,1001.59,-30.4053,154.367,999.054,-27.2878,165.175,1004.22,-21.1317,157.956,0,0,0
000511:1067.1,-47.2099,154.618,1067.81,-50.05,157.345,1068.92,-44.0007,157.53,1071.68,-53.9016,152.977,1070.41,-37.4464,154.02,1073.34,-58.708,132.335,1070.35,-27.9664,135.484,1073.33,-66.367,106.79,1071.48,-14.142,116.494,1063.36,-70.5058,87.2339,1058.19,-16.2535,113.799,1070.59,-51.5699,82.8792,1069.1,-28.8417,84.2363,1072.29,-58.7503,48.1836,1063.45,-17.6792,50.127,1091.12,-65.9946,10.9559,1079.15,-0.0456502,13.8399,1007.5,-23.8847,148.381,999.694,-30.3758,155.616,995.516,-27.1419,166.828,1002.99,-20.6742,159.359,0,0,0
000512:1064.43,-47.7626,154.491,1065.38,-50.5973,157.266,1066.8,-44.5311,157.417,1070.88,-54.3615,153.024,1069.91,-37.8373,154.102,1073.68,-59.149,132.43,1071.38,-28.2014,135.556,1070.92,-66.8754,106.721,1072.72,-14.0966,116.562,1058.62,-71.4442,86.6958,1059.89,-16.0031,113.837,1069.46,-51.9947,82.5425,1068.61,-29.2029,83.9089,1072.11,-59.2272,47.8271,1066.03,-17.8254,49.6045,1090.01,-66.1366,10.7348,1081.01,0.218355,13.4923,1011.18,-24.3512,150.688,1006.01,-31.0779,158.087,1003.11,-27.8149,169.584,1007.99,-21.0896,161.989,0,0,0
000513:1060.92,-47.9867,154.56,1061.83,-50.8394,157.327,1063.36,-44.7511,157.459,1068.47,-54.6717,153.042,1068.17,-38.1879,154.074,1072.91,-59.5722,132.415,1072.75,-28.7166,135.472,1070.85,-67.2702,106.845,1077.74,-14.4046,116.541,1056.02,-71.7231,87.0202,1066.81,-16.1444,114.193,1070.51,-52.4961,82.3537,1070.38,-29.7947,83.6778,1072.14,-59.582,47.789,1065.42,-18.3726,49.6039,1089.59,-65.9491,10.9034,1078.62,0.0461016,13.8683,1014.63,-24.3698,152.471,1009.07,-31.5242,159.739,1004.48,-28.5246,171.667,1009.34,-21.3282,164.22,0,0,0
000514:1061.85,-48.3723,154.438,1062.71,-51.2429,157.225,1064.14,-45.0897,157.343,1068.98,-55.0389,152.981,1068.72,-38.4732,153.978,1073.45,-60.047,132.359,1072.26,-28.946,135.392,1071.46,-68.0592,106.729,1077.57,-14.3921,116.578,1059.27,-73.0919,86.6511,1067.66,-16.218,114.493,1069.76,-52.965,82.1691,1069.58,-30.2416,83.5227,1070.77,-59.8322,47.7701,1066.27,-18.7813,49.448,1087.7,-65.8582,11.0171,1080.77,-0.259915,13.7185,1018.3,-25.5172,153.929,1014.05,-33.078,161.137,1010.86,-30.3881,173.479,1014.2,-22.7468,166.111,0,0,0
000515:1062.09,-48.8956,154.473,1062.81,-51.7365,157.291,1064.21,-45.556,157.366,1068.47,-55.4287,153.142,1068.11,-38.8576,154.091,1072.39,-60.4908,132.571,1071.15,-29.3462,135.577,1071.04,-68.7127,106.754,1072.42,-14.9508,116.772,1062.42,-74.5099,85.981,1058.79,-17.0879,114.955,1070.11,-53.5204,82.1525,1069.62,-30.7875,83.5839,1072.77,-60.341,47.6088,1065.9,-19.1319,49.5395,1089.1,-65.835,10.8458,1076.8,0.0268679,14.2463,1018.1,-25.9482,155.356,1015.22,-33.5154,162.812,1014.5,-30.7388,175.304,1016.02,-23.051,167.672,0,0,0
000516:1064.21,-49.2074,154.525,1064.35,-52.0841,157.32,1065.86,-45.9181,157.412,1067.82,-55.8427,153.085,1067.65,-39.3256,154.038,1069.23,-60.8142,132.616,1068.45,-29.8301,135.709,1066.68,-68.5113,107.366,1070.93,-15.2799,117.631,1051.48,-72.5998,88.1771,1060.85,-17.5458,116.909,1068.43,-53.6952,82.542,1067.34,-31.0644,84.0042,1072.04,-60.4368,47.9776,1063.51,-19.6508,50.0383,1089.77,-65.6843,11.1888,1076.48,-0.625821,14.6629,1017.15,-26.2324,157.389,1011.65,-33.9494,164.736,1007.74,-31.2172,177.214,1011.56,-23.4058,169.699,0,0,0
000517:1061.44,-49.6518,154.681,1062.28,-52.5355,157.511,1063.6,-46.305,157.54,1068.38,-56.2964,153.261,1067.63,-39.5953,154.164,1072.2,-61.568,132.668,1069.54,-30.0112,135.699,1071.48,-69.9324,107.022,1070.43,-15.0796,117.452,1058.51,-75.1318,86.9406,1055.21,-17.2388,116.865,1068.45,-54.5231,82.4016,1066.66,-31.6984,83.8979,1071.35,-60.9848,47.8869,1062.62,-20.1369,49.9891,1089.12,-65.6426,11.0629,1076.42,-0.799242,14.565,1015.3,-26.5236,158.806,1012.37,-34.4146,166.334,1010.47,-31.6301,179.096,1011.48,-23.6336,171.398,0,0,0
000518:1062.96,-50.1668,154.53,1063.81,-53.0179,157.381,1064.91,-46.7908,157.368,1069.67,-56.6776,153.161,1068.08,-39.9595,154.033,1073.66,-62.0297,132.718,1068.36,-30.3372,135.851,1075.07,-70.7348,107.006,1065.12,-15.387,118.212,1063.76,-76.4446,86.6912,1048.76,-17.8592,118.575,1070.08,-55.1352,82.6289,1066.5,-32.2835,84.2211,1073.45,-61.4966,47.9127,1061.03,-20.7642,50.2886,1092.56,-65.9597,10.7774,1076.25,-1.32166,14.6393,1014.42,-26.9984,160.81,1012.8,-34.8617,168.427,1012.66,-32.0053,181.164,1012.04,-24.0265,173.35,0,0,0
000519:1062.17,-50.5459,154.63,1063.09,-53.4302,157.484,1064.45,-47.2352,157.485,1069.54,-57.1396,153.309,1068.84,-40.5271,154.211,1073.36,-62.4154,132.972,1070.34,-30.9375,136.041,1071.85,-70.595,107.542,1071.57,-15.9673,118.36,1054.38,-75.0219,88.1333,1057.85,-18.1658,118.715,1068.99,-55.4507,82.8603,1066.76,-32.7701,84.4021,1070.91,-61.5226,48.1216,1061.73,-21.1856,50.2917,1090.03,-65.9543,10.9095,1077.61,-1.70857,14.5501,1021.14,-27.8332,161.939,1018.97,-35.9393,169.503,1018.57,-33.2141,182.426,1018.47,-24.9862,174.67,0,0,0
000520:1063.2,-50.686,154.677,1063.78,-53.6021,157.528,1065.43,-47.3743,157.498,1069.38,-57.4495,153.196,1069.45,-40.779,154.044,1072.6,-62.9371,132.61,1071.09,-31.3249,135.664,1070.19,-71.425,107.324,1070.22,-16.0909,118.403,1056.53,-76.4779,87.6998,1054.22,-18.3532,119.542,1069.88,-55.9036,82.2173,1068.62,-33.1684,83.7488,1073.29,-61.9806,47.694,1065.28,-21.538,49.8331,1090.43,-65.9286,10.995,1077.96,-2.00165,14.7509,1024.26,-28.4381,163.04,1024.05,-37.0013,170.641,1024.93,-34.4776,183.934,1022.78,-25.7569,176.146,0,0,0
000521:1064.32,-50.937,154.822,1064.86,-53.9006,157.66,1066.38,-47.6369,157.642,1070.25,-57.8405,153.298,1070.13,-41.0974,154.095,1073.19,-63.4288,132.679,1071.52,-31.6398,135.598,1073.14,-72.232,107.785,1069.42,-15.9935,118.431,1064.56,-77.132,88.9787,1054.5,-17.9679,119.682,1069.7,-56.2999,82.2049,1068.22,-33.4868,83.7237,1073.57,-62.3127,47.6182,1064.38,-21.8061,49.8504,1091.1,-66.1292,10.8048,1076.02,-2.21383,14.8637,1027.61,-28.9534,164.208,1027.68,-37.9025,171.836,1029.62,-35.5497,185.515,1027.03,-26.4019,177.684,0,0,0
000522:1063.64,-51.675,154.997,1063.92,-54.5559,157.844,1065.65,-48.2955,157.809,1068.48,-58.1795,153.506,1068.83,-41.5399,154.28,1070.88,-63.5959,132.966,1069.55,-31.9413,135.943,1069.55,-72.5435,108.226,1068.73,-16.2936,119.108,1058.42,-78.1359,89.4175,1055.22,-18.7134,121.025,1068.48,-56.6741,82.4921,1067.05,-33.9794,84.0252,1073.38,-62.6626,47.756,1064.4,-22.3848,49.9501,1091.15,-66.1478,10.8008,1076.87,-2.46752,14.7831,1030.06,-29.8057,165.951,1030.25,-38.8,173.6,1032.54,-36.4553,187.397,1029.58,-27.2072,179.564,0,0,0
000523:1062.31,-51.8747,155.264,1063.04,-54.8371,158.098,1064.58,-48.5852,158.07,1069.02,-58.7222,153.661,1068.49,-42.0549,154.47,1071.65,-64.2136,133.067,1069.34,-32.6205,136.2,1067.17,-72.5796,108.443,1065.75,-17.0715,120.044,1054.29,-77.3985,89.908,1049.87,-19.4239,122.982,1067.97,-56.9833,82.6863,1065.75,-34.3768,84.3103,1073.34,-62.8056,47.8146,1062.77,-22.7482,50.2088,1091.47,-66.1951,10.7765,1075.09,-2.90615,15.102,1029.81,-29.9409,167.396,1031.67,-39.0318,175.083,1035.61,-36.7358,188.8,1031.23,-27.4178,180.904,0,0,0
000524:1062.81,-51.7865,155.688,1063.46,-54.7907,158.531,1065.17,-48.5224,158.448,1069.55,-58.9385,153.893,1069.65,-42.2348,154.599,1072.25,-64.7464,133.076,1071.52,-33.2078,136.148,1068.19,-73.37,108.448,1069.72,-17.7401,120.178,1052.68,-78.1836,89.8278,1054.18,-20.0093,123.827,1068.85,-57.6362,82.5664,1067.52,-35.092,84.1556,1072.72,-63.0922,47.8208,1062.88,-23.2931,50.2318,1090.46,-66.1774,10.8617,1076,-3.34484,15.2036,1030.15,-30.4325,168.393,1031.43,-39.6916,176.01,1034.37,-37.4865,189.846,1030.25,-27.9804,182.01,0,0,0
000525:1061.69,-52.2094,155.724,1062.22,-55.1775,158.575,1063.82,-48.9038,158.471,1068.02,-59.179,154.057,1068.01,-42.5515,154.713,1070.9,-64.9706,133.397,1070.09,-33.5142,136.494,1068.38,-74.1725,109.083,1067.31,-18.0527,121.077,1056.17,-79.9836,90.431,1053.42,-20.5419,125.27,1068.89,-57.9799,82.7741,1067.09,-35.4919,84.409,1073.77,-63.5091,47.8907,1062.23,-23.7417,50.3904,1092.56,-66.5474,10.7294,1074.26,-3.7328,15.4452,1033.45,-31.1454,169.792,1034.33,-40.3115,177.366,1039.16,-38.2184,191.202,1035.34,-28.7284,183.423,0,0,0
000526:1063.36,-52.7956,155.65,1063.73,-55.7913,158.504,1065.56,-49.4906,158.415,1068.75,-59.7948,153.915,1069.42,-43.099,154.598,1070.19,-65.5201,133.218,1070.38,-33.9186,136.395,1064.27,-74.4242,109.029,1068.9,-18.2385,121.144,1045.36,-79.5609,90.8972,1055.32,-20.9057,125.747,1067.22,-58.2835,82.8834,1066.16,-35.7823,84.4977,1071.77,-63.6613,48.0502,1063.21,-24.161,50.3775,1088.75,-66.255,11.0826,1074.97,-4.06672,15.3739,1035.51,-31.8402,170.711,1035.9,-41.0854,178.287,1039.52,-38.9902,192.144,1036.15,-29.4379,184.39,0,0,0
000527:1062.86,-53.2446,155.988,1062.92,-56.1892,158.823,1064.63,-49.9157,158.743,1067.67,-60.0468,154.202,1068.45,-43.4535,154.909,1070.01,-65.718,133.612,1070.56,-34.2297,136.917,1067.33,-74.9186,109.704,1066.76,-18.5303,122.501,1055.2,-80.6808,91.753,1051.09,-21.4809,128.085,1070.37,-58.6108,83.3187,1069.58,-36.2018,84.9405,1074.39,-63.8499,48.3185,1065.74,-24.6406,50.621,1089.28,-66.2939,11.3805,1075.24,-4.6568,15.6651,1038.03,-32.9476,172.254,1039.1,-42.2091,179.665,1044.37,-40.2952,193.446,1039.99,-30.6807,185.839,0,0,0
000528:1063.47,-53.6222,156.027,1063.63,-56.5943,158.864,1065.44,-50.3066,158.771,1068.57,-60.4821,154.187,1069.34,-43.8549,154.907,1070.45,-66.1575,133.569,1071.15,-34.6308,136.907,1067.26,-75.6058,109.935,1068.04,-18.7842,123.044,1057.1,-81.6718,92.1306,1053.01,-21.7192,129.325,1068.98,-58.9616,83.1483,1068.26,-36.5934,84.7809,1074.24,-64.1429,48.1549,1065.2,-25.0139,50.4853,1091.29,-66.6555,11.1086,1074.95,-5.22625,15.7504,1039.29,-33.7556,173.539,1038.97,-43.1091,180.792,1043.97,-41.3331,194.618,1041.14,-31.6091,187.217,0,0,0
000529:1063.41,-53.9445,155.988,1064.79,-57.094,158.738,1064.42,-50.4618,158.776,1069.29,-60.848,154.301,1068.13,-43.9194,155.202,1070.07,-66.3963,133.994,1069.75,-34.6702,137.582,1069.25,-76.0108,110.278,1063.72,-18.5337,123.176,1060.88,-81.3867,93.8302,1047.45,-21.5031,129.148,1068.17,-59.448,83.4605,1064.37,-36.6109,85.2826,1074.78,-64.5784,48.1386,1064.48,-25.6665,50.3798,1089.17,-66.0932,11.4349,1078.78,-6.40213,15.3697,1039.08,-34.3328,173.274,1043.84,-44.59,181.335,1043.11,-41.7582,195.686,1037.39,-31.5326,187.415,0,0,0
000530:1064.99,-54.4195,156.169,1065.78,-57.5474,158.948,1065.43,-50.8844,158.949,1068.69,-61.2217,154.456,1067.21,-44.2388,155.358,1068.73,-66.8186,134.077,1067.75,-35.004,137.858,1067.65,-76.9336,110.199,1061.49,-18.732,123.995,1059.15,-83.4901,92.7832,1049.41,-21.8451,130.453,1069.38,-60.0271,83.4042,1064.82,-37.1883,85.33,1076.7,-65.0104,47.9343,1065.62,-26.2515,50.2547,1087.7,-66.1773,11.424,1076.84,-6.89147,15.5147,1043.01,-35.1498,174.005,1047.07,-45.383,181.838,1045.35,-42.6937,196.093,1040.43,-32.5032,188.103,0,0,0
000531:1065.18,-54.6077,156.346,1066.16,-57.7765,159.105,1065.76,-51.0882,159.106,1069.81,-61.5434,154.549,1067.92,-44.4265,155.454,1070.72,-67.259,134.096,1069.07,-35.1338,137.927,1068.53,-77.4476,110.491,1065.66,-18.6822,124.427,1057.12,-83.6337,93.7767,1055.42,-22.1275,131.48,1070.31,-60.2905,83.3932,1065.7,-37.3239,85.3179,1076.45,-65.1947,48.0789,1066.31,-26.4388,50.3111,1086.58,-66.175,11.7385,1077.19,-7.25148,15.6957,1046.85,-36.3741,175.21,1050.33,-46.8354,182.943,1047.69,-44.2987,197.33,1043.68,-33.9075,189.489,0,0,0
000532:1064.74,-54.643,156.58,1065.7,-57.8499,159.336,1065.4,-51.2126,159.341,1068.78,-61.7303,154.812,1067.35,-44.7306,155.733,1068.87,-67.4448,134.502,1068.53,-35.571,138.375,1063.77,-76.8603,110.84,1066.38,-19.461,125.136,1048.69,-82.0147,94.2088,1056.47,-23.0327,132.577,1069.64,-60.4694,83.9915,1065.28,-37.7228,85.8982,1077.25,-65.2141,48.4888,1065.19,-27.1591,50.8358,1086.87,-65.95,12.1889,1072.15,-8.36813,16.5772,1047.55,-37.1451,175.921,1051.17,-47.7553,183.502,1048.91,-45.4162,197.817,1045.05,-34.9505,190.137,0,0,0
000533:1063.82,-55.0335,156.567,1065.12,-58.2922,159.342,1064.85,-51.5943,159.341,1070.08,-62.2635,154.925,1067.98,-45.0477,155.85,1071.75,-68.2335,134.56,1070.39,-35.7431,138.542,1067.8,-78.3975,110.706,1068.65,-19.2522,125.42,1054.22,-84.5287,93.4272,1057.66,-22.8584,132.9,1071.36,-61.076,83.6901,1066.71,-38.09,85.6836,1076.87,-65.5859,48.2017,1065.72,-27.4434,50.4867,1088.01,-66.3022,11.6555,1075.67,-8.90675,15.8785,1049.91,-38.2351,176.551,1055.06,-49.0665,184.037,1053.29,-46.9284,198.507,1048.03,-36.2394,190.972,0,0,0
000534:1062.81,-55.2539,156.725,1063.91,-58.4848,159.495,1063.72,-51.7992,159.5,1068.27,-62.3578,155.016,1066.23,-45.1549,155.977,1069.52,-68.2101,134.605,1068.21,-35.7496,138.702,1064.3,-78.321,110.832,1067.59,-19.1561,125.946,1048.2,-84.5202,93.7026,1058.77,-23.1369,133.847,1070.21,-61.1013,83.8785,1065.38,-38.1542,85.8472,1076.56,-65.7116,48.4142,1065,-27.7347,50.6607,1087.69,-66.3876,11.9187,1074.61,-9.38619,16.0884,1052.37,-39.2305,176.847,1057.74,-50.1773,184.17,1055.89,-48.2271,198.677,1050.46,-37.4187,191.326,0,0,0
000535:1064.52,-55.6035,156.612,1065.48,-58.8553,159.367,1065.51,-52.1998,159.398,1069.26,-62.7561,154.993,1067.98,-45.6534,155.989,1069.22,-68.5772,134.728,1069.81,-36.2316,139.021,1064.23,-78.7566,111.09,1067.88,-19.7156,127.227,1052.67,-85.1493,93.8863,1056.08,-23.828,135.99,1069.58,-61.2596,84.235,1066.06,-38.4851,86.2172,1076.03,-65.6862,48.7779,1065.1,-28.1675,50.9632,1087.48,-66.3606,12.2552,1072.99,-10.3994,16.5705,1055.01,-40.4107,177.566,1061.58,-51.4228,184.71,1060.51,-49.6673,199.015,1053.63,-38.7813,191.87,0,0,0
000536:1063.49,-55.9446,156.837,1064.73,-59.1356,159.576,1064.6,-52.5161,159.616,1069.26,-62.8406,155.172,1067.14,-45.7836,156.18,1070.24,-68.5134,134.897,1068,-36.1783,139.202,1066.15,-78.9411,111.368,1065.27,-19.488,127.456,1052.48,-85.8366,94.4229,1054.87,-23.7234,136.153,1068.65,-61.2547,84.6298,1063.55,-38.5703,86.5982,1076.17,-65.7835,49.0749,1062.98,-28.5743,51.3125,1088.87,-66.5308,12.3937,1073.18,-11.0875,16.5995,1052.78,-41.0631,177.454,1058.87,-52.1643,184.459,1057.45,-50.4796,198.895,1051.03,-39.4682,191.907,0,0,0
000537:1063.73,-55.8531,157.061,1064.56,-59.1112,159.815,1064.43,-52.4758,159.856,1068.01,-63.1184,155.45,1066.21,-46.0315,156.404,1068.44,-69.0969,135.11,1067.61,-36.7046,139.364,1064.27,-79.8287,111.586,1065.4,-19.9729,127.574,1051.69,-86.7087,94.5238,1055.16,-23.822,136.15,1069.98,-61.7947,84.5156,1065.2,-39.0511,86.5543,1077.27,-65.9706,48.8504,1062.85,-28.8189,51.302,1088.26,-66.5915,12.1888,1068.13,-11.4451,17.051,1052.71,-41.4526,177.551,1059,-52.8263,184.436,1057.29,-51.3718,199.04,1050.69,-40.064,192.183,0,0,0
000538:1059.96,-56.0799,157.475,1061.33,-59.3146,160.23,1061.27,-52.729,160.309,1067.46,-63.2467,155.941,1065.27,-46.234,156.988,1070.36,-69.0138,135.595,1068.43,-36.7817,139.918,1065.38,-79.2744,111.921,1066.55,-20.359,127.941,1047.29,-85.6303,95.2776,1054.75,-24.6494,136.239,1071.05,-61.6198,84.6556,1065.53,-38.9667,86.6636,1077.08,-65.9612,48.7652,1062.54,-29.0386,51.1069,1088.91,-66.761,11.9162,1068.56,-11.7813,16.5348,1054.13,-42.7949,177.711,1062.09,-54.3466,184.569,1061.66,-53.0332,199.284,1053.4,-41.5429,192.452,0,0,0
000539:1060.8,-56.7437,157.417,1062.49,-60.0076,160.165,1062.18,-53.3929,160.278,1069.29,-63.8662,156.036,1065.92,-46.7387,157.111,1072.37,-69.6409,135.848,1068.53,-36.9637,140.158,1067.41,-79.9227,112.256,1066.75,-20.1551,128.064,1048.56,-85.9952,95.8141,1057.36,-24.4717,135.895,1071.15,-62.0991,85.0145,1064.85,-39.354,87.0687,1076.68,-66.1694,49.0643,1062.53,-29.5693,51.3585,1087.01,-66.605,12.2847,1069.65,-12.573,16.5578,1056.29,-43.7427,177.658,1062.71,-55.3778,184.289,1062.68,-54.3255,199.113,1056.17,-42.7855,192.56,0,0,0
000540:1063.75,-57.3315,157.352,1065.11,-60.6302,160.081,1064.96,-54.0181,160.237,1070.39,-64.4279,155.896,1067.42,-47.3044,157.086,1071.38,-69.9579,135.72,1068.85,-37.2717,140.374,1065.03,-80.0161,112.102,1067.47,-20.0395,129.058,1050.92,-86.5797,95.2899,1059.8,-24.4103,137.405,1069.87,-62.0035,85.1691,1064.43,-39.3529,87.2429,1076.12,-66.1612,49.1453,1061.78,-29.8973,51.4054,1088.23,-66.6021,12.2141,1068.91,-13.2505,16.469,1059.79,-44.95,177.865,1065.39,-56.5962,183.948,1065.04,-56.0528,198.509,1059.53,-44.5299,192.554,0,0,0
000541:1062.75,-57.6315,157.516,1063.86,-60.898,160.228,1063.94,-54.3164,160.381,1068.91,-64.6638,155.932,1066.47,-47.6561,157.119,1070.21,-70.1371,135.662,1068.32,-37.7137,140.276,1064.26,-80.5784,112.416,1066.73,-20.3718,129.192,1046.62,-87.6172,96.0285,1057.89,-24.5405,137.688,1070.27,-62.2589,84.9976,1065.12,-39.8024,87.0535,1076.32,-66.1977,49.1027,1063.34,-30.3408,51.2767,1087.82,-66.6343,12.3721,1069.38,-13.8455,16.6284,1060.92,-45.9003,177.766,1067.93,-57.8129,183.728,1067.37,-57.4353,198.46,1060.05,-45.5744,192.625,0,0,0
000542:1063.15,-57.6542,157.839,1063.89,-60.9714,160.541,1063.81,-54.3615,160.753,1067.37,-64.8191,156.285,1064.78,-47.7135,157.559,1067.3,-70.2983,135.937,1066.08,-37.5872,140.807,1060.69,-80.733,112.639,1065.52,-20.2237,130.199,1043.63,-87.5288,96.3382,1061.15,-25.0775,138.995,1069.53,-62.0092,85.136,1064.17,-39.3883,87.259,1077.82,-66.1505,48.8842,1061.75,-30.1844,51.2441,1088.16,-66.8017,12.0349,1064.17,-14.5113,16.6544,1065.29,-47.2315,177.639,1071.54,-59.2375,183.205,1071.64,-59.3449,197.852,1065.08,-47.3762,192.443,0,0,0
000543:1062.17,-57.7143,157.886,1063.33,-61.0404,160.581,1063.36,-54.4752,160.796,1068.23,-64.9649,156.388,1065.63,-47.9145,157.66,1069.27,-70.5292,136.136,1067.61,-37.8121,141.033,1062.37,-81.062,112.753,1067.8,-20.1818,130.559,1044.41,-88.0637,96.0994,1061.36,-24.7025,139.374,1069.74,-62.2788,85.6479,1064.73,-39.7874,87.7236,1076.18,-66.2197,49.5756,1062.41,-30.8408,51.706,1086.72,-66.8893,12.7933,1066,-15.5947,16.9515,1067.27,-47.8049,177.559,1073.42,-60.0009,182.772,1074.04,-60.4775,197.501,1067.84,-48.3336,192.474,0,0,0
000544:1061.22,-57.8671,158.217,1062.57,-61.2263,160.92,1062.64,-54.6665,161.172,1067.96,-65.247,156.765,1065.34,-48.2206,158.127,1068.86,-70.7556,136.442,1066.98,-38.0949,141.527,1061.63,-81.1495,112.752,1064.9,-20.7199,131.337,1042.64,-88.0469,95.6599,1057.19,-25.4136,140.241,1068.24,-62.2034,85.6291,1062.86,-39.8037,87.7944,1076.04,-66.0637,49.2993,1060.28,-30.9322,51.5817,1087.29,-66.972,12.3771,1064.39,-16.3748,16.7888,1067.07,-48.7554,177.286,1074.39,-61.0323,182.228,1077.02,-61.8525,196.851,1069.37,-49.5953,192.096,0,0,0
000545:1062.32,-58.2009,158.267,1063.7,-61.6202,160.928,1064.07,-55.0886,161.227,1069.26,-65.7535,156.635,1067.36,-48.8012,158.074,1070.69,-71.1299,136.216,1069.2,-38.6248,141.493,1063.09,-81.4469,112.882,1067.55,-20.7456,131.94,1042.62,-88.1447,96.5436,1058.71,-24.9466,141.225,1070.2,-62.1997,85.378,1065.27,-39.9439,87.5585,1076.64,-65.9894,48.9956,1062,-31.3099,51.1754,1088.53,-66.975,11.958,1066.72,-17.0616,16.1541,1067.32,-49.2546,177.062,1074.33,-61.6076,181.485,1077.33,-62.9813,195.948,1070.12,-50.6232,191.729,0,0,0
000546:1063.07,-58.4463,158.499,1064.23,-61.9047,161.16,1064.39,-55.321,161.489,1068.3,-66.0296,156.791,1066.2,-48.9817,158.324,1068.35,-71.3291,136.234,1066.84,-38.611,141.723,1058.86,-81.3119,112.652,1063.97,-20.4203,132.51,1037.29,-87.5666,95.875,1054.04,-24.6787,142.099,1070.04,-62.3468,85.1944,1065.18,-40.027,87.4269,1076.37,-65.9394,48.8345,1061.7,-31.5654,50.9972,1087.58,-66.8148,11.9181,1066.55,-18.0156,16.0095,1064.21,-49.7132,176.578,1072.45,-62.2323,180.519,1075.43,-64.0727,194.855,1067.05,-51.5665,191.129,0,0,0
000547:1062.27,-58.7955,158.494,1063.32,-62.1712,161.153,1063.81,-55.6393,161.494,1066.92,-66.0436,156.881,1065.22,-49.1081,158.433,1066.35,-71.1703,136.45,1065.51,-38.6147,141.883,1057.58,-81.3885,113.131,1062.44,-20.709,132.898,1038.04,-87.973,96.5783,1053.61,-25.5371,142.56,1067.18,-62.3677,85.4577,1062.58,-40.2056,87.6281,1076.08,-65.9992,48.9017,1059.82,-31.9831,51.0821,1088.48,-66.9482,11.8498,1062.77,-18.9268,16.2709,1064.95,-50.5809,175.752,1072.07,-62.9267,179.536,1076.54,-64.8514,193.738,1069.02,-52.4812,190.205,0,0,0
000548:1062.65,-58.9525,158.513,1063.86,-62.389,161.158,1064.22,-55.8506,161.515,1068.4,-66.5096,156.825,1066.04,-49.5294,158.407,1069.74,-71.8399,136.292,1066.83,-39.0726,141.939,1062.6,-82.2042,112.768,1063.93,-20.7234,133.189,1042.55,-88.8167,95.8883,1053.96,-25.235,142.883,1071.39,-62.7536,85.3554,1065.69,-40.5735,87.6374,1077.11,-65.9814,49.0029,1060.56,-32.5752,51.2177,1088.77,-66.609,12.1542,1064.03,-19.9573,16.3784,1065.32,-51.4443,175.375,1073.73,-64.0007,178.622,1076.47,-66.4169,192.718,1067.79,-53.8579,189.73,0,0,0
000549:1061.55,-59.1444,158.545,1063.11,-62.5742,161.18,1063.88,-56.0598,161.567,1068.34,-66.538,156.847,1067.34,-49.6639,158.512,1067.57,-71.4558,136.379,1068.53,-39.0433,142.18,1056.89,-81.3075,113.033,1064.4,-20.7777,134.074,1035.05,-87.8035,96.4077,1050.75,-25.7248,144.358,1066.1,-62.2127,85.5826,1062.66,-40.3197,87.7253,1073.29,-65.7684,49.0039,1059.11,-32.8078,50.8861,1088.41,-66.7414,11.7358,1064.81,-20.5999,15.5448,1065.31,-52.1031,174.844,1074.99,-64.5416,177.705,1081.9,-67.5091,191.495,1071.58,-55.0201,188.903,0,0,0
000550:1059.94,-59.0401,158.556,1061.28,-62.4784,161.162,1062.08,-55.9945,161.566,1066.07,-66.5837,156.751,1064.9,-49.7627,158.439,1066.31,-71.6574,136.239,1066.23,-39.2778,142.21,1057.84,-81.7848,112.875,1061.43,-21.0204,134.538,1037.27,-88.4864,96.1076,1049.72,-26.0471,145.045,1066.85,-62.2784,85.6739,1062.92,-40.4432,87.9027,1074.16,-65.6325,49.1743,1059.77,-33.0688,51.1101,1087.07,-66.5021,12.1964,1064.7,-21.3558,15.9073,1067.54,-52.9586,174.228,1077.08,-65.3627,176.759,1083.98,-68.6063,190.359,1073.83,-56.1408,188.102,0,0,0
000551:1061.63,-59.3589,158.679,1062.82,-62.797,161.277,1063.33,-56.3097,161.703,1067.06,-66.8694,156.808,1065.46,-50.1235,158.523,1066.61,-71.7546,136.225,1066.37,-39.6092,142.245,1059.84,-82.0961,112.998,1062.46,-21.1887,134.683,1044.9,-89.5582,96.2498,1053.82,-25.9852,145.006,1066.51,-62.1196,85.5275,1062.18,-40.4725,87.7631,1075.37,-65.5961,48.8122,1057.64,-33.3571,50.9434,1089.27,-66.6523,11.7027,1062.77,-22.0224,15.6334,1072.95,-53.4978,173.471,1081.51,-65.8234,175.669,1088.06,-69.3676,189.113,1078.77,-56.9277,187.197,0,0,0
000552:1060.91,-59.5458,158.723,1062.13,-63.0132,161.281,1062.93,-56.5508,161.749,1066.79,-67.1987,156.739,1065.84,-50.4579,158.52,1067.29,-72.1344,136.113,1067.35,-39.877,142.359,1060.25,-82.3338,112.96,1062.64,-21.2073,135.414,1043.03,-89.1293,96.6208,1052.14,-26.111,146.288,1067.75,-62.3107,85.6129,1063.9,-40.6426,87.8785,1074.79,-65.5634,48.9499,1058.62,-33.7907,50.9493,1088.93,-66.5234,11.7835,1063.36,-23.0349,15.4904,1075,-54.2976,172.805,1084.18,-66.5596,174.557,1090.53,-70.4145,187.668,1080.64,-58.0528,186.205,0,0,0
000553:1060.33,-59.8376,158.742,1061.39,-63.2354,161.3,1062.56,-56.8375,161.778,1065.41,-67.1881,156.785,1065.5,-50.6456,158.617,1064.56,-71.8206,136.232,1067.28,-39.9937,142.567,1057.31,-81.962,112.992,1064.81,-21.4716,135.855,1041.41,-89.3178,96.1861,1052.39,-26.4797,146.88,1065.46,-62.1524,85.8819,1063.28,-40.8275,88.0601,1072.12,-65.3279,49.2715,1057.8,-34.2402,51.0604,1089.22,-66.4845,11.9216,1065.62,-23.9771,15.2701,1074.45,-54.9408,172.333,1084.74,-67.1876,173.805,1090.64,-71.1788,186.725,1079.3,-58.8029,185.553,0,0,0
000554:1059.44,-59.8431,158.913,1060.65,-63.296,161.45,1061.8,-56.8854,161.955,1065.44,-67.4352,156.916,1065.63,-50.8869,158.775,1065.74,-72.1995,136.266,1067.91,-40.2179,142.706,1060.26,-82.6992,113.187,1062.8,-21.2742,136.303,1044.07,-89.9882,96.6543,1047.51,-26.0358,147.341,1066.66,-62.1843,85.8412,1064.21,-40.8352,88.0854,1072.92,-65.2175,49.1878,1057.59,-34.3691,51.0594,1090.49,-66.5333,11.7198,1064.93,-24.6858,15.215,1075.25,-55.3062,171.108,1086.62,-67.6158,172.045,1094.61,-72.2755,184.821,1081.99,-59.7759,184.18,0,0,0
000555:1059.31,-60.0999,158.673,1060.14,-63.5162,161.201,1061.42,-57.1199,161.725,1063.74,-67.4537,156.716,1064.2,-50.9568,158.658,1063.67,-72.0173,136.166,1066.28,-40.1555,142.751,1057.98,-82.2135,112.892,1065.6,-21.3061,136.629,1046.24,-89.7349,95.5367,1056.54,-26.4223,147.763,1065.2,-62.2136,85.7718,1063.44,-41.0049,88.0266,1071.06,-65.1342,49.2244,1058.1,-34.6708,50.8766,1087.46,-66.2228,11.9744,1065.9,-25.1765,15.0703,1080.18,-55.755,169.891,1089.59,-67.8429,170.299,1096.18,-72.784,182.72,1085.74,-60.5845,182.681,0,0,0
000556:1059.65,-60.1783,158.837,1060.57,-63.6924,161.338,1061.68,-57.238,161.886,1064.49,-67.8801,156.625,1064.89,-51.2555,158.639,1064.49,-72.4701,135.843,1067.71,-40.4391,142.651,1056.17,-82.2454,112.664,1067.66,-21.1748,137.004,1040.83,-88.857,95.8326,1058.68,-26.1363,148.594,1067.25,-62.3044,85.2885,1065.41,-40.9885,87.6013,1072.7,-65.2247,48.7631,1059.13,-34.937,50.4535,1088.29,-66.1526,11.6644,1064.91,-25.8239,14.8202,1085.28,-56.3651,169.456,1094.59,-68.3438,169.491,1100.22,-73.5857,181.575,1090.12,-61.5007,181.908,0,0,0
000557:1060.21,-60.4062,158.891,1061.27,-63.9096,161.41,1062.3,-57.465,161.945,1065.6,-68.0772,156.802,1065.68,-51.4547,158.809,1066.38,-72.724,136.103,1068.44,-40.6263,143.086,1058.48,-82.7831,112.773,1069.16,-21.4745,137.807,1042.94,-90.0848,95.3824,1060.99,-26.8288,149.553,1068.65,-62.5148,85.782,1065.85,-41.2135,88.1519,1074.03,-65.5365,48.9882,1057.71,-35.4467,50.8098,1089.53,-66.3204,11.6073,1061.74,-26.3251,14.9264,1084.51,-56.848,168.638,1094.99,-68.5294,168.299,1100.35,-73.9749,179.887,1089.08,-62.2102,180.63,0,0,0
000558:1060.01,-60.7518,158.843,1061.27,-64.2559,161.345,1062.31,-57.8565,161.9,1065.48,-68.335,156.713,1065.51,-51.8388,158.838,1065.96,-72.6833,136.081,1066.65,-40.8635,143.322,1060.69,-82.861,112.721,1062.67,-21.4594,138.837,1047.87,-90.5405,94.9056,1052.09,-26.3388,150.785,1065.84,-62.2334,85.8077,1062.68,-41.189,88.2841,1072.39,-65.3029,48.9446,1054.98,-35.5383,50.8334,1090.34,-66.3726,11.3939,1061.81,-26.9126,14.7655,1082.91,-56.7537,167.367,1092,-67.9444,166.353,1100.2,-73.9268,177.219,1090.14,-62.6427,178.687,885.679,-82.0567,282.062
000559:1059.37,-60.8041,159.006,1060.62,-64.3479,161.493,1061.72,-57.9239,162.089,1065.08,-68.5496,156.831,1065.08,-51.9711,159.018,1064.74,-72.9134,136.112,1066.25,-40.901,143.429,1055.92,-82.6123,112.843,1066.69,-21.6047,139.07,1041.19,-89.0905,95.4802,1061.09,-26.927,151.251,1062.57,-62.2269,86.0149,1059.85,-41.1311,88.5242,1069.16,-65.0379,49.1557,1054.22,-35.6339,50.9098,1087.83,-66.1868,11.432,1063.26,-27.6531,14.5173,1090.15,-57.3407,165.422,1099.61,-68.3977,164.112,1107.73,-74.532,174.712,1097,-63.3668,176.451,888.799,-81.2691,280.921
000560:1059.04,-61.2444,159.016,1059.94,-64.7566,161.514,1061.15,-58.3436,162.118,1063.42,-68.8292,156.861,1064.23,-52.3148,159.113,1062.61,-73.0458,136.189,1066.3,-41.1661,143.66,1054.78,-82.9497,112.89,1067.99,-22.0487,139.407,1044.59,-90.2636,95.0985,1061.86,-27.6735,151.336,1062.99,-62.2386,86.1888,1061.31,-41.2829,88.7008,1070.31,-64.9783,49.0864,1054.11,-36.0693,50.9349,1089.91,-65.9459,11.1429,1060.36,-28.1958,14.5411,1093.96,-58.08,164.1,1104.38,-68.7084,162.491,1112.36,-74.9111,172.515,1100.54,-64.1777,174.562,891.886,-79.7495,280.101
000561:1059.94,-61.5274,159.246,1061.44,-65.1375,161.687,1062.06,-58.6772,162.337,1065.93,-69.3922,156.787,1065.3,-52.7208,159.137,1065.84,-73.5125,135.983,1065.58,-41.3116,143.668,1055.61,-82.7018,112.756,1063.75,-21.4383,139.602,1039.13,-88.817,95.5215,1058.4,-26.4621,151.495,1063.49,-62.2539,86.3722,1059.35,-41.1734,89.0107,1071.2,-65.0349,49.2441,1052.39,-36.3393,51.2708,1088.88,-65.8248,11.4975,1061.1,-28.8977,14.5487,1096.71,-57.9272,162.418,1109.63,-68.5466,160.263,1118.01,-75.181,169.95,1103.63,-64.467,172.481,0,0,0
000562:1060.64,-61.8573,159.301,1062.15,-65.4689,161.729,1063.06,-58.9937,162.393,1066.38,-69.6804,156.708,1066.63,-53.0191,159.161,1066.31,-73.6014,135.762,1066.83,-41.508,143.757,1056.38,-82.9506,112.635,1065.33,-21.4265,140.591,1041.44,-89.4893,95.0858,1059.41,-26.6904,153.01,1062.91,-62.1238,86.1004,1059.54,-41.1671,88.7644,1070.49,-65.0108,49.0172,1052.12,-36.6004,50.9451,1089.76,-65.7564,11.1909,1060.34,-29.4154,14.2218,1097.5,-58.0282,159.723,1111.47,-68.0837,156.511,1117.55,-75.2499,165.132,1102.07,-65.1454,168.766,0,0,0
000563:1058.54,-61.8407,159.447,1060.46,-65.4987,161.845,1061.53,-59.0431,162.546,1066.53,-69.9492,156.681,1067.16,-53.3216,159.205,1067,-73.7839,135.631,1069.22,-41.9287,143.795,1056.53,-82.6538,112.546,1068.63,-22.0981,140.942,1040.85,-88.4314,95.3442,1059.94,-27.5166,153.674,1061.75,-61.8422,85.9159,1059.02,-41.0156,88.6202,1069.19,-64.7329,48.8279,1049.97,-36.6013,50.816,1091.44,-65.772,10.7857,1059.46,-30.0171,13.9909,1097.97,-58.0934,158.305,1112.03,-67.7486,154.517,1118.32,-75.2553,162.448,1102.39,-65.5128,166.639,0,0,0
000564:1056.44,-61.756,159.133,1058.26,-65.4223,161.528,1059.29,-58.9547,162.215,1065.15,-69.9502,156.345,1065.64,-53.3221,158.915,1067.12,-73.8194,135.322,1069.7,-42.0273,143.672,1055.57,-82.7578,112.403,1073.87,-21.9475,141.431,1038.03,-88.6469,94.8105,1067.46,-27.2052,154.311,1063.04,-61.9467,85.5378,1060.23,-41.1982,88.3181,1069.32,-64.8072,48.5729,1050.95,-36.9472,50.4622,1091.89,-65.7464,10.5457,1060.06,-30.4255,13.6457,1092.34,-57.5826,155.052,1107.05,-66.6066,150.056,1108.44,-74.6498,156.869,1091.81,-65.6057,162.314,0,0,0
000565:1056.22,-61.856,158.961,1057.69,-65.4902,161.33,1058.92,-59.0563,162.033,1063.02,-69.8378,156.154,1063.94,-53.3407,158.72,1063.63,-73.4822,135.268,1067.15,-42.0095,143.59,1052.15,-82.212,112.582,1071.12,-21.9482,141.578,1032.83,-87.6072,95.4031,1065.4,-27.1488,154.722,1062,-61.8062,85.7012,1059.65,-41.2565,88.4386,1068.83,-64.694,48.7807,1050.84,-37.2442,50.5925,1091.92,-65.5734,10.7835,1059.62,-30.8962,13.829,1087.81,-56.0841,155.815,1099.7,-64.8516,151.026,1102.84,-72.8115,157.806,1089.26,-64.046,163.068,0,0,0
000566:1054.62,-62.0945,158.88,1056.16,-65.6725,161.287,1057.4,-59.2568,161.973,1062.27,-69.8838,156.221,1062.68,-53.3462,158.812,1065.34,-73.4175,135.494,1066.76,-41.9346,143.932,1057.67,-82.5494,112.897,1070.25,-22.0905,142.436,1038.72,-88.3596,95.1906,1059.94,-27.1134,155.517,1064.53,-61.8243,85.9184,1060.77,-41.2735,88.6982,1070.63,-64.9985,48.896,1050.05,-37.6798,50.7701,1092.61,-65.6404,10.8617,1058.06,-31.3792,13.7841,1054.13,-51.3985,152.102,1061.75,-58.1905,146.989,1054.19,-65.0768,151.926,1045.33,-58.4869,157.511,0,0,0
000567:1055.21,-62.545,159.075,1056.44,-66.0968,161.448,1057.76,-59.6771,162.177,1061.59,-70.1331,156.284,1062.26,-53.5997,158.955,1063.82,-73.345,135.552,1066.24,-41.9905,144.179,1057.66,-82.2976,112.953,1070.78,-22.2715,143.058,1042.69,-88.2356,95.2953,1061.34,-27.5948,156.554,1064.08,-61.6277,86.0056,1060.96,-41.1817,88.8018,1070.38,-64.8085,48.8133,1050.71,-37.8234,50.5864,1092.03,-65.4797,10.7075,1056.58,-31.8019,13.6088,1057.92,-51.5498,152.589,1063.66,-58.0765,147.425,1058.44,-65.0584,152.147,1051.5,-58.7466,157.813,0,0,0
000568:1052.17,-62.7267,159.155,1053.81,-66.2524,161.533,1055.07,-59.8651,162.266,1060.8,-70.2953,156.452,1061.31,-53.7978,159.163,1064.78,-73.4847,135.802,1066.71,-42.1931,144.536,1057.48,-82.3386,113.08,1073,-22.7844,143.443,1038.25,-88.4378,94.9099,1064.23,-28.4127,156.563,1063.81,-61.6944,86.4976,1060.15,-41.3242,89.345,1069.59,-64.8197,49.4688,1049.4,-38.0791,51.2563,1091.85,-65.4426,11.4164,1056.33,-32.2274,14.2063,1059.31,-51.9931,149.558,1066.43,-58.0374,143.764,1059.38,-65.1974,147.783,1050.89,-59.4004,154.094,0,0,0
000569:1051.97,-62.7887,159.129,1053.43,-66.3357,161.491,1054.95,-59.9426,162.24,1059.79,-70.2848,156.342,1060.38,-53.716,159.143,1062.92,-73.1772,135.683,1065.15,-41.9022,144.71,1054.03,-81.6467,112.844,1071.6,-22.0925,144.407,1036.41,-87.5764,94.4884,1063.69,-27.6336,158.286,1062.18,-61.3762,86.4002,1058.51,-41.0541,89.2697,1070.99,-64.9503,49.0209,1050.47,-38.338,50.7291,1092.98,-65.4876,10.8134,1056.3,-32.701,13.5134,1057.37,-51.756,150.345,1063.46,-57.5939,144.219,1056.9,-65.0413,147.894,1049.61,-59.4835,154.586,0,0,0
000570:1049.64,-62.7781,159.299,1051.53,-66.3269,161.635,1052.92,-59.9536,162.4,1059.55,-70.3315,156.383,1060.08,-53.7652,159.215,1063.26,-73.0128,135.653,1066.8,-42.0224,144.808,1055.39,-81.3555,112.906,1070.38,-22.4499,145.097,1037.78,-87.0893,94.9486,1054.29,-27.9223,159.601,1063.66,-61.1856,86.2604,1060.84,-40.9469,89.1221,1070.26,-64.7706,48.954,1050.46,-38.3534,50.5819,1093.4,-65.4053,10.6202,1055.52,-33.0087,13.3153,1052.66,-50.8397,149.7,1055.63,-56.058,143.635,1053.04,-63.4241,146.753,1048.78,-58.4858,153.417,0,0,0
000571:1048.44,-62.8226,159.16,1050.38,-66.3199,161.534,1051.84,-59.9752,162.275,1060.16,-70.2525,156.463,1061.45,-53.7625,159.243,1066.46,-73.1538,135.788,1071.15,-42.1166,144.696,1059.27,-81.8107,113.002,1076.36,-22.8176,144.615,1042.16,-87.6247,95.0582,1059.63,-28.1811,159.125,1066.75,-61.6551,86.202,1064.73,-41.4484,88.9111,1070.79,-64.9858,48.884,1052.48,-38.9007,50.3783,1092.23,-65.4586,10.6028,1055.3,-33.5689,13.2518,1049.55,-48.8734,151.208,1053.86,-54.0398,146.338,1050.92,-60.1967,149.798,1045.35,-55.3173,155.235,0,0,0
000572:1049.62,-63.1153,159.09,1051.2,-66.6156,161.435,1052.7,-60.294,162.198,1058.63,-70.4832,156.345,1059.68,-54.0191,159.172,1063.41,-73.1404,135.762,1066.71,-42.3114,145.036,1057.67,-81.5683,112.731,1069.85,-23.3956,145.934,1041.58,-87.5854,94.1508,1052.41,-28.8241,161.228,1064.64,-61.3529,86.4317,1061.84,-41.2367,89.2842,1070.85,-65.0265,49.0508,1051.07,-38.9572,50.6244,1090.47,-65.3311,11.046,1052.92,-33.9631,13.6198,1035.86,-47.3049,152.755,1039.72,-52.0247,147.934,1030.22,-57.5621,150.868,1025.16,-53.1816,156.286,0,0,0
000573:1050.1,-63.4567,159.361,1051.59,-66.9737,161.702,1052.97,-60.654,162.495,1059.49,-70.8207,156.574,1060.16,-54.3616,159.497,1065.33,-73.3698,135.92,1067.11,-42.5466,145.339,1057.59,-81.5843,112.829,1071.19,-23.8627,146.398,1038.35,-87.1434,94.3729,1055.32,-28.6356,161.959,1066.18,-61.3021,86.5111,1062.39,-41.2108,89.4821,1070.9,-64.6498,48.9982,1051.57,-38.7922,50.6779,1090.09,-65.2249,10.809,1053.66,-34.2302,13.5194,1038.46,-44.1834,154.077,1046.37,-48.4309,150.366,1035.4,-52.5339,152.986,1026.18,-48.6207,157.253,0,0,0
000574:1051.42,-63.6242,159.513,1052.73,-67.2085,161.826,1054.09,-60.8447,162.637,1059,-71.0599,156.642,1059.77,-54.453,159.602,1062.93,-73.3801,136.037,1065.2,-42.3487,145.686,1053.77,-80.974,112.923,1064.95,-22.9921,147.331,1034.36,-85.8659,94.4868,1050.28,-27.6357,163.313,1066.4,-61.1447,86.818,1063.18,-40.9485,89.7563,1072.61,-65.0365,49.2941,1053.57,-39.1915,50.8046,1088.37,-65.2254,11.5349,1052.77,-34.9318,13.7573,1049.16,-44.0437,154.736,1059.07,-48.2432,150.692,1055.69,-53.1446,152.994,1044.87,-49.2821,157.652,929.103,-64.596,270.372
000575:1050.87,-63.7585,159.356,1052.31,-67.3257,161.642,1053.59,-61.0143,162.476,1058.45,-71.0864,156.417,1058.45,-54.5322,159.455,1063.4,-73.1088,135.933,1062.53,-42.3525,145.806,1056.26,-80.6139,112.855,1061.33,-23.1888,148.087,1037.36,-85.4928,94.5982,1048.74,-27.7633,164.399,1067.06,-60.836,86.9839,1062.01,-40.767,90.0603,1073.16,-64.7709,49.3664,1051.24,-39.1019,51.0847,1089.92,-65.136,11.3758,1052.78,-35.1451,13.6927,1053.78,-43.7242,153.496,1065.71,-47.4433,149.187,1064.58,-52.359,150.754,1051.57,-48.9848,155.709,0,0,0
000576:1052.62,-64.1272,159.476,1053.51,-67.7175,161.731,1054.96,-61.3954,162.6,1057.87,-71.5028,156.479,1058.38,-54.9041,159.608,1061.37,-73.3229,136.089,1062.18,-42.6487,146.3,1054.35,-80.5765,112.907,1064.96,-23.5892,149.249,1036.76,-85.4404,94.2337,1058.24,-28.6135,165.83,1066.16,-60.7595,87.437,1062.03,-40.7456,90.6103,1073.35,-64.8026,49.6433,1052.72,-39.2886,51.2802,1089.79,-65.0821,11.531,1053.5,-35.4667,13.6745,1061.05,-44.9148,152.142,1072.55,-48.2604,146.807,1070.14,-53.8993,147.624,1057.56,-50.9474,153.666,0,0,0
000577:1052.57,-64.1562,159.455,1053.48,-67.7511,161.683,1055.01,-61.484,162.577,1057.51,-71.4796,156.366,1058.02,-54.9225,159.553,1059.91,-73.1273,135.978,1061.08,-42.514,146.216,1051.89,-80.1988,112.677,1061.6,-23.2861,149.11,1032.94,-84.9371,93.7868,1049.71,-27.4835,165.753,1064.4,-60.4434,87.5785,1060.54,-40.4971,90.725,1071.51,-64.4549,49.8644,1051.4,-39.1896,51.5114,1087.9,-64.8733,11.9155,1052.77,-35.8992,13.9692,1045.93,-42.047,153.343,1056.38,-45.2479,148.549,1051.55,-50.0537,149.479,1040.05,-47.2389,154.906,929.635,-61.7526,267.425
000578:1050.61,-64.2828,159.353,1051.59,-67.926,161.51,1052.76,-61.6206,162.466,1055.91,-71.7907,156.103,1055.24,-55.1121,159.35,1060.33,-73.5121,135.749,1058.59,-42.7095,146.203,1051.91,-79.992,112.588,1061.71,-23.7121,149.751,1030.54,-83.3755,94.4236,1054.06,-27.9142,167.211,1066.45,-60.8135,87.4345,1060.59,-40.6699,90.7938,1073.4,-64.6764,49.5902,1050.9,-39.2659,51.4624,1088.08,-64.8748,11.6284,1051.31,-36.2083,13.9783,1044.14,-40.9725,153.785,1054.87,-43.8547,149.23,1046.18,-47.9744,149.793,1034.44,-45.5527,154.954,941.661,-61.0738,266.903
000579:1048.51,-64.1205,159.77,1049.21,-67.8532,161.891,1050.63,-61.5591,162.879,1052.59,-71.9331,156.33,1052.72,-55.2517,159.705,1057.18,-73.5028,135.941,1056.86,-42.9135,146.871,1048.42,-79.3931,112.268,1059.81,-23.7752,151.031,1028.51,-82.5566,93.2472,1050.43,-27.4826,168.787,1067.06,-60.3809,87.8096,1061.92,-40.3338,91.2992,1075.09,-64.4927,49.8597,1051.78,-39.2388,51.8364,1089.35,-64.8359,11.9931,1049.47,-36.6413,14.5415,1040.65,-40.407,154.815,1052.65,-43.0198,149.8,1044.59,-47.5125,149.832,1031.53,-45.3371,155.48,935.888,-59.9844,266.054
000580:1051.67,-64.2557,159.752,1052.85,-67.9918,161.873,1054.12,-61.7055,162.866,1056.94,-72.1102,156.311,1056.88,-55.4852,159.594,1060.07,-73.7374,135.917,1059.54,-43.2287,146.54,1049.41,-79.2112,112.331,1062.11,-24.5603,150.202,1029.09,-81.8379,93.701,1054.46,-28.0837,168.163,1063.92,-60.4984,87.9542,1058.85,-40.5497,91.3322,1072.92,-64.4892,50.0125,1048.77,-39.383,52.0652,1090.28,-64.9071,11.9514,1049.26,-36.91,14.6903,1047.15,-38.5323,157.277,1058.5,-41.1711,153.734,1054.41,-44.5179,154.236,1042.13,-42.3165,158.365,939.105,-59.0964,266.295
000581:1053.04,-64.3032,159.753,1053.52,-68.0966,161.836,1054.91,-61.7685,162.868,1056.02,-72.3246,156.221,1055.83,-55.5061,159.612,1058.39,-73.8434,135.775,1058.23,-43.0937,146.758,1048.12,-79.018,111.96,1061.11,-24.1991,151.125,1030.2,-81.1334,93.0301,1057.77,-28.0913,169.534,1066.34,-60.4039,87.6833,1061.24,-40.2401,91.2129,1074.45,-64.522,49.9208,1051.56,-39.2735,51.8873,1088.36,-64.7817,12.3138,1048.31,-37.3121,14.9282,1055.43,-39.989,156.053,1067.58,-42.5611,151.645,1063.89,-46.6814,151.67,1050.9,-44.5503,156.734,942.285,-58.2101,265.05
000582:1050.63,-64.1599,159.608,1051.53,-67.9671,161.668,1052.95,-61.7158,162.716,1054.95,-72.2737,156.117,1055.26,-55.6112,159.553,1058.29,-73.57,135.857,1057.94,-43.2439,147.055,1049.89,-78.3732,111.837,1058.81,-24.4548,151.598,1031.48,-80.3431,92.8049,1050.35,-28.4563,169.564,1065.23,-59.8682,88.2225,1060.51,-40.0093,91.7994,1071.26,-64.0335,50.6243,1048.74,-39.3423,52.5058,1089.63,-64.6425,12.6559,1050.77,-37.7847,14.9324,1050.83,-42.0349,153.506,1062.98,-44.5099,147.969,1059.92,-49.65,147.518,1046.66,-47.6008,153.742,942.512,-56.7752,263.188
000583:1050.38,-64.2846,160.047,1051.58,-68.1533,162.046,1052.93,-61.8858,163.134,1055.78,-72.621,156.19,1055.95,-55.9954,159.75,1059.35,-73.619,135.777,1058.92,-43.6997,147.301,1048.65,-77.5904,111.615,1059.08,-24.5912,152.223,1029.82,-79.2287,92.318,1051.04,-28.1476,170.396,1064.41,-59.5414,88.2208,1059.58,-39.9738,91.9228,1072.51,-63.7356,50.6444,1050.07,-39.3835,52.5455,1085.74,-64.3567,13.3683,1048.24,-38.0442,15.5642,1051.25,-42.639,153.265,1062.25,-45.0652,146.853,1061.44,-51.1651,146.09,1049.36,-49.1607,153.214,945.723,-55.8785,262.677
000584:1048.89,-64.2993,159.624,1050.05,-68.1881,161.573,1051.07,-61.9375,162.702,1053.74,-72.5648,155.796,1053.27,-56.0182,159.401,1057.05,-73.3635,135.666,1056.14,-43.6547,147.271,1047.73,-77.3402,111.799,1058.03,-24.6073,152.658,1030.15,-78.8357,93.0102,1053.67,-27.9178,171.204,1062.83,-59.1497,88.5752,1057.62,-39.7155,92.3308,1072.65,-63.4266,50.7881,1048.52,-39.144,52.8442,1087.72,-64.3343,13.2071,1047.56,-38.0575,15.6621,1056.26,-41.4919,155.253,1068.35,-43.9193,149.164,1068.52,-49.7343,148.391,1055.18,-47.7188,155.215,945.906,-55.173,261.194
000585:1048.04,-64.4269,159.64,1049.01,-68.3148,161.548,1050.14,-62.1366,162.699,1052.72,-72.655,155.718,1052.97,-56.261,159.403,1057.65,-73.203,135.698,1056.53,-43.8228,147.628,1051.1,-77.0345,111.565,1058.02,-24.748,153.512,1035.44,-79.0128,92.1792,1052.3,-27.6935,172.279,1064.53,-58.5409,88.9255,1059.71,-39.3259,92.7244,1071.02,-62.9729,51.4333,1048.25,-39.0085,53.3639,1085.93,-64.1728,14.166,1046.63,-38.3382,16.2971,1056.03,-40.6945,156.881,1069.11,-42.9047,150.627,1070.69,-48.842,149.512,1056.44,-47.0287,156.535,949.102,-54.2734,259.93
000586:1048.01,-64.2711,159.801,1049.38,-68.2148,161.668,1050.26,-61.9988,162.868,1053.49,-72.6875,155.71,1053.36,-56.249,159.388,1058.28,-73.3041,135.605,1056.32,-43.8636,147.404,1050.53,-76.7861,111.641,1054.73,-24.7759,152.954,1032.85,-77.6606,92.9596,1043.64,-26.9875,171.832,1063.19,-58.4821,88.9157,1057.87,-39.2459,92.71,1072.12,-62.8559,51.2543,1048.54,-39.0214,53.3092,1084.75,-64.0423,14.2004,1045.23,-38.7505,16.4859,1033.43,-36.9882,158.33,1044.43,-38.9389,152.968,1040.9,-43.6425,152.043,1028.83,-42.0878,158.036,949.283,-53.566,258.443
000587:1047.81,-64.4059,159.827,1049.34,-68.38,161.683,1049.84,-62.1651,162.896,1053.5,-72.7964,155.777,1053.11,-56.4193,159.49,1056.82,-73.1484,135.787,1055.7,-44.0187,147.716,1046.83,-76.2035,111.684,1051.76,-25.1539,153.745,1028.56,-77.1153,92.721,1043.37,-27.2611,173.071,1062.16,-58.2419,89.0864,1057.65,-39.1722,92.8832,1071.36,-62.7988,51.3213,1046.79,-38.9029,53.4245,1085.87,-64.3563,14.0529,1044.49,-38.8951,16.4903,1051.68,-36.815,161.028,1063.12,-38.7403,156.131,1072.51,-43.6596,155.203,1059.9,-42.1072,160.846,952.405,-52.6477,257.536
000588:1047.31,-64.2365,159.758,1048.2,-68.2144,161.569,1048.94,-61.9957,162.824,1051.24,-72.6458,155.681,1051.35,-56.3148,159.432,1056.49,-73.0384,135.79,1054.4,-43.9174,147.835,1048.26,-75.9678,111.704,1051.79,-25.0518,153.929,1034.42,-76.4997,92.8979,1043.26,-27.2669,173.324,1065.7,-58.0637,89.2307,1060.53,-39.0134,93.1092,1073.53,-62.442,51.5699,1047.72,-38.8251,53.7759,1085.6,-64.2364,14.5675,1039.83,-39.3818,17.4215,1048.48,-37.3002,161.297,1062.97,-39.4487,156.065,1067.61,-44.5688,155.16,1052,-42.7627,161.127,955.62,-51.7383,256.257
000589:1048.32,-64.1824,159.711,1049.11,-68.1691,161.51,1050.3,-62.0001,162.769,1052.27,-72.6189,155.591,1053.9,-56.4414,159.368,1057.79,-72.8151,135.747,1057.21,-44.2003,147.922,1049.92,-75.4614,111.637,1054.44,-25.7603,154.685,1035.25,-75.8179,92.7868,1043,-27.6665,174.717,1065.32,-57.7069,89.0918,1061.45,-38.9305,92.9522,1070.81,-62.121,51.5694,1048.6,-38.7679,53.4979,1082.28,-64.2285,14.7298,1039.9,-39.5771,17.2813,1043.43,-35.9246,162.471,1058.06,-37.7115,157.459,1060.59,-42.3827,156.177,1044.93,-40.9337,161.956,955.911,-50.3001,254.384
000590:1048.69,-64.0432,159.928,1049.94,-68.1141,161.682,1050.52,-61.8854,162.992,1053.47,-72.815,155.649,1053.3,-56.6051,159.374,1057.77,-73.1233,135.717,1055.43,-44.6359,147.787,1052.38,-75.5804,111.497,1048.33,-26.2208,154.232,1040.47,-75.6241,92.7666,1041.66,-27.7398,174.085,1065.15,-57.8794,89.2295,1060.53,-39.1652,93.1639,1071.88,-62.0535,51.8743,1046.96,-38.6412,54.11,1081.68,-64.0324,15.3903,1039.95,-39.4774,18.0676,1065.12,-36.0282,164.001,1077.74,-37.9146,159.572,1094.01,-42.8747,158.601,1081.05,-41.2848,163.834,956.083,-49.5889,252.889
000591:1049.1,-63.9751,159.836,1050.03,-68.0037,161.565,1050.9,-61.8295,162.878,1052.67,-72.4866,155.604,1052.17,-56.2912,159.3,1055.28,-72.6153,135.916,1053.37,-44.2223,147.912,1046.84,-74.7534,111.925,1050.78,-26.5051,154.869,1033.14,-74.365,93.7714,1048.12,-28.4419,175.955,1061.99,-57.5151,89.6453,1056.96,-38.8127,93.5334,1070.46,-61.9049,52.0442,1045.78,-38.571,54.2038,1080.71,-63.9672,15.4824,1041.49,-39.8734,17.897,1054.94,-35.0313,168.61,1066.87,-37.2314,165.021,1074.97,-40.9819,164.586,1062.72,-39.0689,168.943,962.338,-49.2059,251.813
000592:1046.42,-63.7814,159.779,1047.08,-67.8602,161.401,1048.76,-61.7981,162.795,1049.15,-72.3988,155.194,1049.98,-56.4489,158.89,1053.05,-72.5477,135.536,1051.41,-44.5334,147.537,1050.5,-74.798,111.619,1047.22,-26.8649,155.077,1041.66,-74.3371,94.0387,1031,-26.3596,177.519,1060.03,-57.091,89.6512,1054.29,-38.4108,93.5556,1071.94,-61.9721,51.6484,1045.55,-38.3974,54.051,1081.84,-63.9849,15.2215,1037.39,-39.5575,18.1983,1001.65,-26.5491,176.491,1008.49,-28.4075,175.223,999.83,-28.786,175.093,993.053,-27.2076,176.93,965.583,-48.2824,250.512
000593:1047.22,-64.0906,159.476,1047.69,-68.192,161.071,1049.07,-62.0687,162.419,1049.56,-72.497,154.916,1050.95,-56.5577,158.777,1053.04,-72.1361,135.339,1052.01,-44.2783,147.885,1046.43,-73.7602,110.96,1044.29,-25.8371,156.376,1034.63,-73.6767,92.1315,1039.02,-27.0778,178.984,1061.86,-56.6966,88.9699,1058.04,-38.3765,92.9963,1069.07,-61.4065,51.7482,1046.09,-38.2192,53.7249,1079.63,-63.7072,15.8163,1037.23,-39.9986,18.5048,1066.99,-36.9233,176.814,1084.51,-40.483,172.771,1100.83,-45.5902,173.197,1082.63,-42.1563,178.204,962.69,-47.0345,248.42
000594:1046.77,-64.0591,159.308,1047.91,-68.2063,160.829,1048.41,-62.0958,162.213,1050.5,-72.4526,154.689,1051.2,-56.6589,158.577,1053.12,-71.9378,135.366,1052.15,-44.4831,147.985,1043.19,-73.1878,111.189,1041.93,-26.6276,157.289,1028.36,-72.83,93.2483,1034.43,-27.6078,181.165,1060.01,-56.419,89.6014,1056.34,-38.3163,93.6505,1068.42,-61.0236,52.0733,1044.21,-37.9545,54.2258,1078.41,-63.5414,16.015,1035.72,-39.8712,18.9803,1072.15,-37.1297,183.691,1094.03,-41.5984,180.907,1113.06,-45.7718,182.352,1089.83,-41.3629,186.07,966.003,-46.1205,246.365
000595:1050.06,-63.2294,159.407,1050.62,-67.505,160.939,1051.44,-61.2967,162.282,1049.91,-71.909,154.984,1050.91,-55.9811,158.658,1050.51,-71.9244,135.882,1048.68,-43.9333,148.096,1044.55,-73.3079,111.533,1039.02,-25.8506,157.182,1033.66,-72.4337,93.5707,1032.11,-26.2064,181.531,1058.69,-56.6659,89.7193,1054.46,-38.3175,93.7262,1068.09,-61.2767,52.0161,1043.99,-37.9016,54.1321,1078.92,-63.5158,15.8798,1036.41,-39.6067,18.9636,1058.72,-38.0663,190.996,1079.27,-44.1069,188.936,1088.52,-48.1175,191.867,1067.46,-42.0648,194.879,969.253,-45.1878,245.048
000596:1046.11,-63.2983,158.875,1046.92,-67.5747,160.349,1047.42,-61.4441,161.783,1048.08,-71.7515,154.733,1048.58,-56.1907,158.373,1048.48,-71.5416,135.855,1048.98,-44.0966,147.717,1040.73,-72.4428,111.33,1041.29,-26.6213,155.793,1031.04,-71.9684,93.9338,1031.8,-26.275,179.479,1056.25,-55.9987,89.8461,1052.98,-38.0096,93.7024,1067.55,-60.8604,52.1661,1043.06,-37.6741,54.3316,1081.19,-63.6915,16.0339,1035.66,-39.5629,19.4752,1053.46,-38.4253,196.865,1069.52,-45.7493,196.78,1079.26,-48.4594,201.875,1062.49,-40.9625,202.872,969.429,-44.468,243.915
000597:1044.43,-63.4782,158.424,1045.6,-67.7841,159.848,1045.88,-61.677,161.362,1048.06,-71.7602,154.617,1048.58,-56.4613,158.183,1050.25,-71.4839,136.162,1049.74,-44.1665,147.773,1046.08,-72.1486,111.717,1041.89,-26.8004,155.472,1034.35,-71.3558,95.5601,1031.16,-26.1534,178.968,1056.82,-55.6754,90.3911,1053.02,-37.8824,94.1883,1067.05,-60.6141,52.4684,1043.53,-37.8463,54.5018,1081.06,-63.523,16.1317,1037.2,-39.6777,19.3032,1050.75,-39.7147,202.926,1064.96,-48.284,203.893,1073.31,-50.5594,210.517,1058.84,-41.7411,210.513,972.665,-43.5326,241.834
000598:1043.8,-63.1966,158.608,1045.1,-67.5648,160.003,1045.37,-61.4384,161.553,1048.26,-71.6858,154.793,1049.14,-56.4395,158.268,1051.51,-71.7021,136.314,1050.98,-44.2897,147.653,1047.59,-72.097,111.856,1044.08,-27.0757,154.893,1032.26,-70.6393,96.6723,1031.54,-25.9503,178.703,1057.35,-55.7473,90.3783,1053.62,-37.9383,94.1073,1064.79,-60.4279,52.5452,1042.5,-37.9011,54.5499,1079.04,-63.0809,16.3183,1036.97,-39.6282,19.4269,1043.5,-40.0374,207.985,1056.56,-49.5606,210.061,1063.11,-51.0495,217.837,1050.01,-41.2191,216.696,976.022,-42.6027,240.127
000599:1043.26,-62.8489,158.517,1044.3,-67.2218,159.897,1044.64,-61.1308,161.483,1046.46,-71.3229,154.816,1047.95,-56.2081,158.226,1048.92,-71.6276,136.454,1049.65,-44.1688,147.429,1047.85,-72.3191,111.78,1041.38,-27.2901,153.936,1041.01,-71.304,96.5683,1026.63,-25.6432,177.646,1054.53,-55.7163,90.515,1051.48,-37.882,94.143,1066.37,-60.4463,52.2924,1043.89,-37.6579,54.4281,1080.74,-63.6284,15.9275,1036.01,-39.4376,19.6852,1037.31,-40.1305,213.051,1047.88,-50.6218,216.193,1054.38,-51.2961,225.319,1044.01,-40.4112,223.076,976.181,-41.8811,238.61
000600:1041.05,-62.364,158.189,1042.17,-66.7583,159.561,1042.19,-60.6533,161.143,1044.87,-70.902,154.59,1045.26,-55.7975,157.923,1048.57,-71.5227,136.334,1048.04,-43.9269,147.099,1046.61,-71.9406,111.425,1043.68,-27.4442,153.344,1037.96,-70.5496,96.1279,1029.95,-25.3638,177.437,1055.82,-55.8678,90.2707,1051.43,-37.9334,93.9479,1067.72,-60.4216,52.0927,1043.33,-37.5137,54.4256,1079.75,-63.3199,16.0768,1035.45,-39.2147,20.0505,1028.05,-39.3271,216.845,1036.72,-50.4445,220.818,1038.38,-50.2096,230.555,1030.3,-38.6947,227.524,979.536,-40.9469,236.512
000601:1041.21,-62.3864,157.995,1042.73,-66.8401,159.364,1042.58,-60.7317,160.972,1046.78,-70.9566,154.484,1047.21,-55.9207,157.802,1050.19,-71.4089,136.321,1050.59,-43.8636,146.948,1047.15,-71.5186,111.593,1045.43,-27.2747,152.964,1034.01,-69.7604,97.5051,1027.29,-24.8452,177.169,1055.43,-55.2513,90.3113,1051.09,-37.3119,93.8778,1066.68,-60.3059,51.9445,1041.8,-37.2829,54.2446,1081.47,-63.4293,15.5877,1035.39,-38.897,19.435,1018.81,-38.3153,219.81,1025.33,-49.6574,224.613,1025.08,-48.6443,234.727,1019.26,-36.8749,230.867,979.705,-39.4687,235.355
000602:1042.15,-62.3408,157.779,1043.56,-66.7925,159.118,1043.57,-60.6809,160.733,1046.66,-70.7916,154.104,1047.23,-55.7598,157.442,1049.19,-71.1845,135.914,1048.2,-43.6325,146.569,1046.32,-71.2444,111.072,1040.39,-27.4364,152.687,1035.51,-69.8935,96.7284,1020.73,-24.6277,177.188,1052.65,-54.908,90.087,1047.91,-37.0161,93.6522,1065.71,-60.0661,51.6683,1041.34,-37.1471,53.9428,1080.29,-63.1484,15.5223,1035.98,-38.8508,19.2578,1011.72,-36.7278,221.46,1016.44,-47.9229,226.916,1016.25,-46.0476,237.139,1012.38,-34.4265,232.626,982.982,-39.2686,233.634
000603:1042.38,-62.3361,157.328,1043.84,-66.848,158.654,1043.67,-60.7565,160.313,1047.79,-71.0194,153.821,1048.02,-56.0956,157.13,1052.63,-71.5717,135.838,1049.3,-44.0678,146.414,1052.48,-71.3704,110.876,1041.64,-28.0333,152.154,1038.32,-69.0128,97.0256,1019.51,-24.4559,176.299,1056.6,-55.0383,90.2778,1050.62,-37.1246,93.9178,1066.65,-60.0586,51.7599,1041.54,-37.2215,54.1758,1082.55,-63.2412,15.2567,1036.98,-38.8264,19.1147,1004.49,-34.4915,221.723,1009.03,-45.476,227.701,1005.35,-42.869,237.65,1001.81,-31.4961,232.579,986.372,-38.3225,231.895
000604:1041.22,-62.1784,157.155,1042.84,-66.7249,158.507,1042.2,-60.5941,160.153,1047.79,-70.9801,153.617,1047.15,-56.0407,156.929,1053.57,-71.5561,135.457,1049.23,-44.0754,145.972,1052.01,-71.2586,110.584,1038.63,-27.7119,151.431,1035.43,-68.5591,97.0684,1010.7,-23.1585,175.331,1059.16,-55.0551,89.5404,1052.47,-37.0555,93.1758,1068.59,-60.2868,51.0812,1043.2,-37.1934,53.5076,1082.66,-63.4834,14.7614,1037.05,-38.5776,18.5604,991.582,-31.1125,219.617,995.053,-41.523,226.106,989.976,-38.1371,235.699,987.394,-27.3755,230.021,986.511,-37.5973,229.986
000605:1042.08,-62.2296,156.911,1043.97,-66.7785,158.286,1043.36,-60.6134,159.932,1048.31,-70.96,153.429,1048.79,-55.9856,156.779,1051.7,-71.438,135.327,1052.18,-43.9022,145.859,1048.24,-70.9732,110.237,1044.32,-27.3222,151.173,1035.43,-68.0777,95.8303,1013.53,-22.2844,175.048,1056.81,-55.0675,89.703,1052.17,-36.9739,93.2968,1069.09,-60.3742,51.1107,1043.8,-37.0418,53.578,1083.65,-63.3604,14.6841,1036.28,-38.2015,18.641,985.016,-27.9691,217.009,986.284,-37.6455,223.545,978.825,-33.7177,232.541,978.421,-23.7226,226.801,971.11,-34.3162,227.253
000606:1040.64,-61.8553,156.711,1042.36,-66.3814,158.103,1041.54,-60.2006,159.72,1046.34,-70.5867,153.122,1046.04,-55.4901,156.499,1050.76,-71.0325,134.878,1047.81,-43.4998,145.673,1049.73,-70.6963,109.44,1033.89,-27.1493,151.347,1036.29,-67.8394,94.4404,999.461,-22.0066,175.221,1057.94,-54.8339,89.3334,1051.96,-36.623,93.0104,1069.07,-60.4101,50.7808,1043.32,-36.9068,53.2305,1083.51,-63.2745,14.2997,1036.9,-37.9832,17.9907,976.178,-25.1856,213.724,977.476,-33.8025,220.35,970.205,-29.3339,228.423,969.479,-20.4374,222.52,962.214,-29.8977,223.361
000607:1041.42,-61.6471,156.179,1043.17,-66.1686,157.579,1042.57,-59.964,159.213,1046.25,-70.4055,152.464,1046.68,-55.2533,155.866,1048.67,-70.693,134.11,1047.25,-43.3719,144.847,1046.08,-70.193,108.75,1032.42,-27.2092,150.13,1032.94,-66.8581,93.7319,996.765,-21.7931,173.5,1054.38,-54.6345,88.7848,1048.95,-36.4721,92.3997,1068.86,-60.3932,50.2996,1043.06,-36.8491,52.759,1084.62,-63.2679,13.8354,1037.84,-37.9209,17.4824,971.588,-22.4312,208.45,972.287,-29.896,215.219,961.785,-24.722,222.281,961.316,-17.0072,216.147,941.105,-24.3043,220.789
000608:1040.3,-61.4219,156.159,1041.77,-65.8352,157.61,1041.46,-59.6643,159.229,1045.34,-70.0367,152.529,1046.32,-54.8852,155.901,1049.43,-70.3649,134.043,1048.46,-43.1964,144.663,1049.09,-70.1804,108.64,1037.66,-27.5632,149.29,1034.49,-66.6878,93.5623,1000.85,-22.2866,171.941,1056.47,-54.7481,88.5529,1051.34,-36.5653,92.0676,1067.9,-60.3958,50.2032,1044.51,-37.0567,52.4674,1083.15,-63.0905,13.7107,1040.35,-38.068,16.7492,961.855,-19.2768,202.142,957.808,-25.0935,209.09,941.28,-18.8687,214.812,945.45,-12.8612,208.473,929.349,-20.9772,219.817
000609:1038.42,-61.0418,155.827,1039.96,-65.4311,157.269,1039.69,-59.2753,158.929,1044.21,-69.8242,152.059,1045.61,-54.692,155.479,1049.34,-70.1347,133.464,1049.38,-43.3306,144.24,1050.06,-69.9514,107.931,1041.98,-28.1084,148.751,1035.43,-66.2755,92.4008,1003.56,-22.7386,170.886,1056.3,-54.4688,88.3869,1051.84,-36.4098,91.9133,1066.17,-60.048,50.3951,1043.8,-36.8554,52.6621,1083.61,-62.9472,13.939,1041.55,-37.9977,16.7939,958.964,-16.936,196.713,952.7,-21.2935,203.335,933.673,-14.7595,207.717,939.927,-10.2359,201.647,912.02,-18.929,219.702
000610:1037.03,-60.7892,155.279,1038.77,-65.1267,156.738,1038.4,-58.9966,158.426,1042.63,-69.5167,151.542,1043.46,-54.3594,154.954,1046.63,-69.645,132.97,1046.14,-43.1211,143.701,1046.68,-69.4105,107.782,1036.8,-28.27,148.026,1031.19,-65.361,92.6274,998.831,-23.3737,169.431,1053.05,-54.1406,88.3415,1047.88,-36.1481,91.853,1067.45,-59.9416,50.3053,1042.4,-36.7498,52.7685,1085.35,-62.6408,13.7609,1040.41,-37.8141,16.7414,954.753,-15.0804,190.058,948.25,-18.0161,196.568,926.475,-11.0801,199.667,932.633,-8.01204,193.661,897.829,-17.3663,220.083
000611:1036.12,-60.5919,155.399,1037.5,-64.8916,156.882,1037.14,-58.7882,158.575,1041.3,-69.4596,151.557,1041.79,-54.2436,154.997,1046.72,-69.5911,132.857,1045.51,-43.3407,143.834,1047.01,-69.4599,107.885,1037.64,-28.7408,148.553,1030.39,-65.34,92.4783,1001.1,-24.0391,169.552,1055.44,-54.1345,88.0692,1050.32,-36.2233,91.689,1066.83,-59.7429,50.1998,1044.6,-36.8794,52.5187,1083.06,-62.2893,13.7489,1042.68,-37.9882,16.263,951.628,-13.3026,184.261,944.558,-14.4866,189.926,920.375,-7.73857,191.162,926.808,-6.4782,185.977,881.253,-14.7084,219.952
000733:224.913,131.679,0.981329
