001942:910.794,43.742,159.272,912.499,39.8944,162.121,911.465,46.3733,162.223,917.386,33.094,158.257,917.973,49.9234,158.365,919.8,23.7003,137.294,923.726,57.1874,137.39,919.164,12.4725,111.041,925.028,70.9815,117.604,908.573,10.8402,89.4373,906.174,80.0165,113.413,922.97,30.2924,84.2633,924.583,52.6073,84.1185,924.538,25.5286,47.9259,925.807,53.9409,47.5492,945.991,15.9466,9.96952,943.58,51.5428,10.4944,876.515,91.4773,145.951,874.696,86.3177,157.587,867.034,95.3581,166.399,867.935,99.9935,154.564,0,0,0
001943:911.395,44.0508,159.19,913.333,40.2507,162.056,912.34,46.7443,162.185,917.358,33.4543,158.145,917.465,50.2399,158.321,918.657,24.0043,137.236,923.597,57.6869,137.126,917.616,12.7243,111.352,925.381,71.8091,117.225,906.93,10.6675,89.1392,907.606,81.1769,112.646,921.661,30.4748,84.7429,923.972,52.8126,84.2852,923.546,25.7774,48.3881,925.902,53.9876,47.9247,943.431,16.4387,10.7246,942.779,51.5655,10.7929,880.744,92.372,146.402,877.732,86.7455,158.033,871.614,95.9179,167.018,875.67,101.419,155.128,0,0,0
001944:910.737,44.3115,159.197,912.724,40.4925,162.059,911.679,46.9974,162.179,916.773,33.6746,158.154,916.864,50.4656,158.331,917.976,24.2453,137.187,922.677,57.9397,137.06,917.576,12.8846,111.364,923.517,72.1381,117.284,908.493,10.6622,89.0649,904.159,81.5708,112.928,920.589,30.873,84.391,922.733,53.1882,83.9219,922.922,26.0574,48.1152,924.508,54.1739,47.6568,943.412,16.7414,10.5991,941.383,51.5864,10.792,878.869,92.5867,147.149,876.527,86.7891,158.827,870.973,95.9315,168.018,874.402,101.623,156.093,0,0,0
001945:910.5,44.5898,159.351,912.56,40.7639,162.208,911.548,47.255,162.333,916.956,33.9515,158.299,917.3,50.7184,158.49,918.745,24.5386,137.364,923.558,58.1848,137.284,919.004,13.0615,111.496,925.221,72.5395,117.751,908.704,10.5235,89.0899,905.663,82.1509,113.853,920.989,31.213,84.5315,923.357,53.4377,84.0714,922.239,26.4917,48.2112,924.834,54.334,47.7067,942.764,17.228,10.628,940.832,51.6769,10.8732,879.061,92.8427,148.145,876.066,86.9125,159.649,870.427,95.8684,168.88,874.652,101.713,157.131,0,0,0
001946:912.298,44.9371,159.34,913.684,41.0702,162.209,913.259,47.6251,162.314,915.594,34.0858,158.418,916.664,50.904,158.72,919.922,25.0005,137.608,921.564,58.1708,138.033,920.57,13.5347,111.506,923.94,72.518,118.262,915.189,10.9405,88.3809,908.378,82.5748,114.531,923.408,31.6256,84.8931,924.161,53.5308,84.7146,924.877,27.2664,48.7856,927.876,54.7318,48.1351,943.134,18.3452,11.2776,943.84,52.2134,11.4428,877.342,92.4718,148.633,875.553,86.915,160.188,871.456,96.22,169.709,876.074,102.029,157.79,0,0,0
001947:911.416,45.3138,159.634,912.979,41.4198,162.486,912.671,47.991,162.586,914.909,34.4026,158.665,916.721,51.225,158.945,918.541,25.2909,137.877,921.43,58.5516,138.149,920.094,13.6563,112.223,921.763,73.1883,118.693,917.455,11.1495,89.7285,901.106,83.4273,115.538,921.228,31.9764,85.0554,922.956,53.8779,84.7767,923.285,27.6141,48.9497,927.102,54.887,48.176,943.121,18.76,11.3288,943.192,52.1294,11.5703,874.85,92.8925,149.792,874.925,87.0196,161.222,872.572,96.1932,171.12,875.359,102.333,159.288,0,0,0
001948:911.765,45.2606,159.834,913.337,41.3921,162.687,912.963,47.9911,162.789,915.398,34.5583,158.823,916.646,51.4549,159.131,919.356,25.5982,137.993,920.671,58.973,138.373,920.005,14.0042,112.286,921.15,73.7662,119.054,915.388,11.1857,89.7806,901.726,83.8478,116.134,921.573,32.2602,85.1761,922.499,54.1439,84.9053,922.652,27.9345,49.0835,926.747,54.8571,48.2412,941.435,19.6638,11.6739,943.532,52.1895,11.5425,874.79,93.1919,150.822,874.753,87.281,162.247,871.645,96.3947,172.228,874.502,102.596,160.429,0,0,0
001949:911.088,45.5312,159.916,912.447,41.652,162.755,912.157,48.2358,162.847,913.94,34.8425,158.823,915.313,51.687,159.132,918.18,25.8773,138.043,919.29,59.2131,138.426,920.95,13.981,112.447,919.229,74.3342,119.43,920.68,10.4777,89.7947,900.75,84.8478,116.913,921.263,32.5475,85.3849,922.296,54.3474,85.0952,922.608,28.3321,49.1701,927.023,55.0058,48.3131,941.842,20.1588,11.5779,943.934,52.3711,11.4536,875.061,93.7005,151.969,874.173,87.4734,163.223,871.292,96.3953,173.432,875.145,102.935,161.791,0,0,0
001950:911.365,45.8181,159.985,913.004,41.9267,162.852,912.998,48.5514,162.917,915.526,35.0411,158.93,917.453,51.9894,159.202,919.594,25.8786,138.038,921.606,59.4248,138.438,920.561,13.8338,112.171,921.011,74.4741,119.465,916.113,10.3996,89.1373,899.808,84.6203,117.441,920.365,32.4875,85.1596,921.941,54.3582,84.8721,921.713,28.443,49.0422,926.613,55.026,48.1806,941.482,20.6199,11.5699,943.344,52.3179,11.5788,874.788,93.5779,152.938,874.645,87.3736,164.301,872.693,96.4146,174.538,875.74,102.938,162.792,0,0,0
001951:909.025,46.2865,160.506,910.632,42.3629,163.383,910.603,48.9738,163.454,913.713,35.2564,159.401,915.164,52.2487,159.643,919.053,25.8384,138.34,920.507,59.5976,138.881,920.3,13.9543,112.002,922.082,74.6919,119.764,915.456,11.2233,88.8264,903.887,84.7022,117.915,920.581,32.6782,85.6106,921.529,54.6934,85.4332,921.859,28.828,49.4006,925.859,55.318,48.7279,941.433,21.29,11.801,943.505,52.5291,11.8058,875.065,93.6425,154.018,873.3,87.2719,165.622,870.265,96.3816,175.897,875.111,103.07,163.908,0,0,0
001952:908.984,46.4321,160.698,910.637,42.5202,163.575,910.879,49.126,163.616,914.166,35.5128,159.593,916.069,52.4216,159.798,919.499,26.1467,138.641,921.56,59.6968,139.051,919.711,14.1204,112.668,922.824,74.9396,120.345,914.46,11.0053,89.6608,901.597,85.2955,119.227,920.295,32.6947,85.5192,921.787,54.4899,85.3107,921.505,29.0932,49.2123,927.293,55.1086,48.3798,939.706,22.0314,11.7782,943.524,52.508,11.81,874.409,93.9559,155.182,873.659,87.5306,166.568,870.358,96.4278,176.877,873.978,103.18,165.117,0,0,0
001953:907.943,46.6279,161.096,909.524,42.707,164.001,909.66,49.3254,164.031,913.095,35.6372,160.01,914.21,52.6258,160.206,919.162,26.1019,138.922,919.535,59.9357,139.501,920.522,14.0749,112.435,919.333,75.1321,120.831,916.376,11.0519,88.7649,899.77,85.1199,119.944,921.191,32.7869,85.7117,921.41,54.7093,85.646,923.125,29.4957,49.2832,926.398,55.2902,48.7417,941.338,22.9895,11.7938,942.509,52.6071,12.1352,874.167,93.9185,156.089,874.026,87.4321,167.551,871.766,96.4104,177.962,874.67,103.228,166.118,0,0,0
001954:909.241,46.6144,161.293,910.806,42.7113,164.195,911.161,49.3441,164.223,914.024,35.7809,160.19,916.145,52.743,160.352,919.074,26.3257,139.224,921.125,60.1709,139.677,919.97,14.2952,113.235,921.066,75.6608,121.196,916.599,11.141,90.3655,897.584,85.7018,120.711,919.908,32.875,86.1818,921.489,54.702,85.9902,920.924,29.6958,49.686,926.324,55.0511,48.9357,938.878,23.7644,12.1577,941.133,52.7135,12.3054,873.217,94.1835,156.932,873.472,87.4803,168.233,871.761,96.2759,178.909,874.169,103.338,167.191,0,0,0
001955:908.635,46.8387,161.616,910.06,42.9234,164.535,910.646,49.5618,164.541,913.28,35.9549,160.445,915.424,52.9264,160.606,918.43,26.4141,139.361,920.166,60.2465,139.921,919.388,14.3222,113.023,920.138,75.7441,121.583,916.209,11.0556,89.5503,897.745,85.7516,121.624,918.805,32.943,86.1454,920.206,54.7177,86.0393,920.139,30.1085,49.6099,925.721,55.1306,48.9356,938.57,24.6585,12.0819,942.037,52.8693,12.2644,872.067,94.2575,158.275,872.1,87.5871,169.687,870.018,96.4832,180.295,872.662,103.531,168.49,0,0,0
001956:908.427,46.9459,161.946,909.955,43.0118,164.866,910.292,49.6641,164.87,913.479,36.0211,160.742,914.956,53.0512,160.904,919.459,26.3973,139.546,919.487,60.477,140.172,921.627,14.1522,113.182,917.639,76.2097,122.02,918.924,10.8777,89.8875,894.915,86.2137,122.28,919.992,33.0888,86.1538,920.425,54.9337,86.1125,920.506,30.4023,49.612,925.48,55.1928,49.0007,936.554,25.4381,12.3421,941.707,52.9049,12.3431,871.378,94.3276,159.403,872.727,87.4593,170.776,870.903,96.2416,181.639,872.018,103.472,169.862,0,0,0
001957:908.281,46.959,162.252,909.595,43.0457,165.193,910.179,49.7152,165.167,912.565,36.1352,161.017,914.466,53.2004,161.123,918.316,26.5226,139.802,918.849,60.6802,140.398,920.156,14.3323,113.493,917.17,76.5222,122.259,920.225,10.8797,90.3279,893.632,86.3216,122.73,919.453,33.1206,86.4457,920.581,54.9758,86.3275,919.391,30.5275,49.8086,925.594,54.9812,49.0924,934.664,26.35,12.5816,941.16,53.0751,12.2759,870.469,94.3099,160.279,871.651,87.3783,171.709,870.185,96.1637,182.698,871.401,103.497,170.867,0,0,0
001958:909.107,46.9991,162.527,910.388,43.0749,165.46,910.919,49.7545,165.475,913.481,36.2154,161.274,915.083,53.3038,161.425,919.1,26.656,140.048,919.061,60.8993,140.719,920.189,14.4331,113.911,918.088,76.9242,122.838,916.832,11.3454,91.4455,896.633,86.7243,123.776,919.209,33.3748,86.5905,919.914,55.1912,86.5508,919.185,31.0696,49.8425,926.199,55.2187,49.1221,932.708,27.1575,12.7205,942.319,53.2429,12.2685,870.665,94.4264,161.564,870.891,87.3504,172.914,868.003,95.9719,183.943,869.942,103.439,172.213,0,0,0
001959:908.185,46.9725,162.787,909.443,43.0493,165.705,910.013,49.7382,165.736,912.536,36.2978,161.456,914.309,53.3773,161.656,918.145,26.8272,140.187,918.683,61.1302,140.923,919.162,14.483,114.183,918.85,77.5178,123.3,916.318,11.145,91.8579,897.077,87.5062,124.639,918.637,33.6055,86.6455,919.544,55.37,86.6265,918.443,31.5429,49.8181,925.53,55.3375,49.1083,933.217,27.8619,12.4798,941.823,53.2386,12.2353,869.363,94.7478,162.616,869.452,87.444,173.794,865.797,95.8515,185.006,867.839,103.562,173.457,0,0,0
001960:909.131,47.4045,163.379,910.274,43.4569,166.309,910.613,50.1529,166.327,912.471,36.6024,162.06,913.716,53.6815,162.18,917.442,26.9685,140.822,916.884,61.2846,141.427,918.94,14.4689,115.07,915.56,77.5717,123.819,915.598,11.3348,93.505,894.946,87.5676,125.137,918.241,33.7057,87.2641,918.754,55.4329,87.2357,917.871,31.839,50.2547,925.573,55.2911,49.5233,930.723,28.4587,12.9352,941.642,53.245,12.4941,868.483,94.7229,163.493,869.903,87.3369,174.68,866.971,95.7033,186.042,867.5,103.47,174.457,0,0,0
001961:908.85,47.5438,163.349,909.896,43.5832,166.307,910.662,50.2929,166.297,912.426,36.6817,162.039,914.639,53.8105,162.139,917.937,26.9196,140.693,918.539,61.4049,141.425,919.735,14.2264,114.776,918.659,78.0496,124.285,919.249,11.0297,92.7394,896.588,87.9318,126.633,917.584,33.6446,86.9233,918.952,55.4492,86.9232,915.409,31.901,50.0754,924.05,55.3282,49.323,929.94,29.048,12.6569,940.919,53.5441,12.3118,869.249,94.9276,164.853,869.786,87.3971,175.889,866.024,95.5185,187.254,867.394,103.453,175.851,0,0,0
001962:906.911,47.5067,164.028,908.242,43.5644,166.964,908.897,50.2746,166.975,912.266,36.7923,162.592,913.918,53.9182,162.736,918.409,27.185,141.19,918.546,61.6087,141.963,919.524,14.6351,115.412,917.614,78.2016,124.999,914.04,11.5666,93.8796,894.988,87.8873,127.768,917.537,33.914,87.1848,917.974,55.5999,87.2493,916.801,32.393,49.9826,923.32,55.3999,49.427,930.438,29.8341,12.5566,939.322,53.6491,12.5231,869.594,94.8561,166.068,870.575,87.3723,177.066,866.933,95.5099,188.398,867.647,103.399,177.025,0,0,0
001963:907.061,47.6274,164.06,908.223,43.6897,167.014,908.522,50.357,167.002,911.612,36.9198,162.713,912.669,53.9817,162.845,918.362,27.3001,141.388,917.468,61.677,142.259,921.428,14.5878,115.494,915.831,78.1774,125.419,918.653,10.9345,93.6052,894.64,87.894,128.125,920.154,34.2884,87.3517,919.746,55.8949,87.4797,918.493,32.7698,50.1923,923.394,55.4184,49.7811,930.424,30.4851,13.0573,937.728,53.7003,13.1049,868.516,94.7214,167.272,869.121,87.241,178.344,866.089,95.4147,189.711,866.844,103.31,178.275,0,0,0
001964:906.37,47.6251,164.174,907.542,43.7092,167.139,908.166,50.3788,167.123,911.011,37.0455,162.811,912.541,54.1251,162.95,917.289,27.4138,141.501,917.071,61.9335,142.461,919.745,14.5087,115.719,914.625,78.6879,126.061,918.776,10.6238,93.9882,892.557,88.073,129.43,917.415,34.3847,87.8632,917.821,55.9674,87.9495,916.151,33.0865,50.7429,923.373,55.3752,50.1986,928.775,31.3367,13.5938,939.438,53.668,13.2293,868.668,94.8038,168.606,868.851,87.2452,179.559,866.605,95.3483,190.979,867.784,103.333,179.676,0,0,0
001965:907.983,47.8714,164.529,909.014,43.9259,167.507,909.448,50.5949,167.502,911.875,37.1833,163.19,913.115,54.2422,163.35,917.776,27.5014,141.911,916.796,62.0279,143.015,919.847,14.7143,116.02,914.845,78.9585,126.946,915.317,11.1654,94.3392,893.106,88.5449,130.73,918.089,34.5743,88.2497,918.114,56.0863,88.4404,915.52,33.5788,51.1275,923.386,55.4871,50.609,925.592,32.0943,14.2042,938.223,53.7368,13.7938,868.582,94.9424,169.812,868.496,87.2969,180.556,865.201,95.1244,191.923,866.373,103.196,180.831,0,0,0
001966:906.479,47.8944,164.887,907.616,43.9441,167.892,907.998,50.6243,167.865,910.974,37.212,163.498,911.887,54.328,163.68,917.781,27.4814,142.025,916.276,62.1387,143.315,921.299,14.5815,115.504,913.706,79.1322,127.207,918.702,10.3141,92.6907,892.336,88.608,131.099,918.003,34.6991,88.2386,917.791,56.2069,88.491,914.688,33.9613,51.0659,922.604,55.4946,50.6126,924.197,32.9851,14.2199,938.131,53.7818,13.6427,867.471,94.8136,170.99,867.161,87.0731,181.786,864.115,94.9014,193.268,865.314,103.09,182.151,0,0,0
001967:908.019,47.6357,164.945,909.373,43.6669,168.053,907.426,50.7104,167.915,912.346,37.1258,163.814,911.405,54.59,163.965,916.013,27.7082,142.357,915.659,62.5455,143.969,921.111,14.1024,116.521,911.562,79.9628,127.625,916.858,10.6376,94.9563,889.901,89.1325,131.986,917.286,34.4577,88.5492,918.68,55.9673,88.7335,914.307,34.1014,51.3073,922.122,55.5474,50.459,923.859,33.7768,14.2153,937.517,53.8534,13.7081,869.052,94.8273,171.667,867.681,87.0401,182.544,860.695,95.1014,194.362,862.534,103.369,183.041,0,0,0
001968:907.615,47.7253,165.106,908.913,43.7623,168.227,906.562,50.7898,168.084,911.633,37.2847,164.099,909.935,54.726,164.245,915.727,27.9,142.742,914.155,62.7819,144.378,921.567,14.2825,116.89,910.261,80.1861,127.934,916.313,10.635,95.4887,890.432,89.3568,132.006,918.569,34.782,88.8561,918.89,56.272,89.1057,914.423,34.4577,51.4971,920.838,55.7114,50.7623,923.714,34.3155,14.3052,936.55,54.1313,13.8071,868.437,94.7631,172.659,867.06,86.8266,183.543,858.975,94.7355,195.516,860.726,103.132,184.212,0,0,0
001969:907.096,47.8032,165.371,908.639,43.8261,168.444,906.374,50.8455,168.368,911.775,37.3948,164.27,910.5,54.7914,164.496,915.52,28.1032,142.927,914.609,62.9476,144.683,919.516,14.4687,117.258,910.538,80.4302,128.529,913.412,10.9261,96.3289,888.062,89.552,132.978,916.93,35.2468,89.2625,918.135,56.6082,89.5511,912.983,35.2338,51.7207,921.35,56.0564,50.9257,921.731,34.91,14.3917,936.683,54.1431,13.8685,868.216,94.7178,173.784,867.143,86.7087,184.569,860.77,94.6234,196.63,862.294,103.084,185.381,0,0,0
001970:906.997,47.965,165.623,908.908,43.9796,168.739,906.208,51.0564,168.608,912.726,37.5287,164.511,910.936,55.0459,164.703,916.89,28.1259,142.991,915.342,63.2072,144.805,922.561,14.2895,116.993,908.868,80.7744,128.672,915.406,10.4186,95.642,883.704,89.542,133.387,917.966,35.2889,89.0495,918.5,56.7381,89.3529,914.176,35.3645,51.4852,920.736,55.9515,50.8279,923.315,35.6696,14.2418,936.624,54.1328,13.7998,866.846,94.4954,174.782,866.598,86.4627,185.608,861.145,94.3695,197.793,861.684,102.874,186.517,0,0,0
001971:907.377,48.1426,166.085,908.947,44.1712,169.176,906.577,51.2285,169.068,912.128,37.7403,164.886,910.845,55.1613,165.042,916.08,28.2624,143.391,915.456,63.2251,145.168,921.468,14.3033,117.555,911.077,80.6942,129.018,917.303,10.4282,96.5973,887.972,89.3674,134.056,917.568,35.3544,89.6289,918.872,56.6961,89.9605,913.411,35.9672,51.7702,921.902,56.0871,51.0824,920.705,36.4269,14.3447,935.394,54.3439,13.9817,868.066,94.4972,175.992,866.653,86.2753,186.933,859.558,94.2141,199.212,861.41,102.89,187.818,0,0,0
001972:907.518,48.098,166.182,909.058,44.1267,169.272,906.997,51.1899,169.176,911.954,37.7356,165.014,910.994,55.2039,165.204,914.976,28.2546,143.531,914.526,63.4252,145.474,919.199,14.2502,117.734,909.894,81.064,129.712,915.607,10.3807,96.8407,886.958,89.5212,135.125,914.492,35.5048,90.0649,916.407,56.8545,90.3968,910.396,36.2073,52.3088,920.726,56.0773,51.4879,918.035,37.0252,14.985,935.972,54.1874,14.1926,867.954,94.4525,176.909,866.564,86.2316,187.782,859.717,94.1184,200.029,861.741,102.793,188.715,0,0,0
001973:907.183,48.1251,166.308,908.768,44.1087,169.369,906.316,51.1831,169.307,911.538,37.6933,165.024,909.935,55.0835,165.32,914.878,28.3122,143.407,913.219,63.304,145.547,919.964,14.1466,117.459,909.012,81.2322,130.183,914.688,9.9904,96.1811,887.089,90.1865,136.013,914.807,35.8336,89.6078,915.868,57.0285,90.1267,910.435,36.8733,51.8926,920.03,56.4505,51.2379,917.862,37.5747,14.629,935.746,54.2761,14.1999,867.935,94.4405,177.978,866.405,86.0346,188.653,859.033,93.695,200.932,861.054,102.573,189.84,0,0,0
001974:906.695,48.2278,166.399,908.161,44.2206,169.451,905.824,51.2986,169.385,910.82,37.8598,165.018,909.342,55.2438,165.314,914.154,28.4525,143.367,912.952,63.5092,145.582,919.664,14.1972,117.411,907.823,81.5189,130.536,917.281,9.98694,96.0868,885.824,90.19,137.084,914.725,35.9493,89.7138,915.997,57.1113,90.2368,911.589,37.3048,51.8112,921.456,56.442,51.1596,917.365,38.2895,14.6079,935.541,54.0229,14.194,868.54,94.3961,179.248,867.089,85.8688,189.907,859.778,93.5069,202.28,861.653,102.504,191.196,0,0,0
001975:906.048,48.286,166.373,907.636,44.2668,169.435,905.165,51.36,169.37,910.792,37.9645,165.037,909.069,55.3029,165.395,914.326,28.6002,143.38,912.539,63.6174,145.779,920.183,14.1906,117.346,906.445,81.7839,131.224,915.417,9.72159,95.7987,884.699,90.5737,138.189,914.04,36.2206,89.5352,914.725,57.2556,90.2099,910.315,37.8437,51.7151,919.829,56.7024,51.1738,914.697,39.0969,14.7849,934.447,54.361,14.4107,867.202,94.3972,180.495,866.045,85.878,191.004,858.956,93.3701,203.297,860.487,102.36,192.399,0,0,0
001976:906.979,48.4229,166.469,908.355,44.4207,169.515,905.977,51.462,169.459,910.845,38.1585,165.173,909.178,55.3842,165.533,913.835,28.7967,143.68,911.962,63.6451,146.128,919.572,14.2392,117.72,906.883,81.6543,131.629,914.392,9.32177,96.2364,886.511,90.4842,138.497,913.507,36.4979,90.2589,914.504,57.3345,90.9494,909.808,38.4063,52.3077,921.387,56.7224,51.6719,913.302,39.71,15.362,936.743,54.288,14.6237,867.993,94.3772,181.657,866.978,85.8435,192.192,859.592,93.3512,204.519,861.034,102.343,193.603,0,0,0
001977:906.061,48.6555,166.539,907.472,44.6347,169.557,905.173,51.693,169.534,910.375,38.3522,165.17,908.896,55.5712,165.553,913.482,28.9532,143.631,912.384,63.8775,146.117,918.126,14.3587,117.825,906.32,81.9632,131.851,913.435,9.77557,96.7206,884.494,90.6556,139.234,913.727,36.7966,90.0596,914.76,57.6931,90.8382,909.885,38.8741,52.0586,919.78,57.2475,51.6331,912.027,40.0348,15.1486,931.887,54.6653,15.0291,869.033,94.2863,182.576,868.795,85.6035,193.11,862.671,93.1026,205.619,863.32,102.23,194.669,0,0,0
001978:905.294,48.5111,166.592,907.045,44.467,169.578,904.625,51.5436,169.581,910.716,38.2469,165.073,909.351,55.3981,165.554,914.151,28.9518,143.488,912.974,63.7398,146.098,919.331,14.2,117.808,905.411,82.1966,132.589,914.938,9.52435,96.6056,880.508,91.2569,140.908,912.778,36.7427,89.7435,913.907,57.4895,90.629,909.558,39.1703,51.7071,919.273,57.3291,51.3687,913.023,40.2933,14.6295,932.912,54.6365,14.8765,868.281,94.4734,183.68,868.563,85.6269,193.854,863.879,92.9129,206.394,863.864,102.22,195.797,0,0,0
001979:904.911,48.6903,166.613,906.689,44.63,169.603,903.942,51.6948,169.588,909.977,38.3527,165.055,908.216,55.4557,165.533,913.455,29.024,143.402,911.526,63.7369,146.171,919.98,14.1892,117.583,902.419,82.266,133,913.823,9.21924,96.1854,877.877,91.3316,141.705,913.529,37.0084,89.5862,914.11,57.7067,90.5557,908.389,39.421,51.676,917.874,57.407,51.3831,912.335,40.7802,14.647,932.043,54.844,14.8613,868.937,94.4044,184.604,870.575,85.5413,194.787,866.843,92.7844,207.391,865.458,102.124,196.779,0,0,0
001980:901.781,48.6614,166.811,903.679,44.6535,169.903,902.245,51.8537,169.726,907.53,38.5047,165.089,907.017,55.6996,165.443,910.005,29.0477,143.276,909.985,63.879,146.293,917.851,14.2451,117.201,900.303,82.3534,133.466,912.532,8.94554,96.8815,874.479,91.159,142.911,911.221,37.1683,89.6602,914.217,58.0382,90.6708,908.018,39.8277,51.3703,921.071,57.6256,50.8686,911.002,41.1623,14.23,934.647,54.637,14.4003,865.681,93.4717,185.414,866.074,84.0655,195.711,863.909,91.3975,209.325,861.545,100.87,198.312,0,0,0
001981:902.17,48.6026,166.568,904.489,44.5934,169.69,902.943,51.8167,169.513,909.044,38.5051,164.958,908.998,55.7174,165.372,910.96,29.078,143.172,912.462,64.0103,146.259,917.736,14.1374,117.223,902.252,82.6265,133.861,909.646,8.98556,97.1135,873.282,91.3908,143.726,910.713,37.1809,89.2767,914.451,58.0515,90.369,906.883,40.0753,51.1923,920.432,57.9321,50.7185,912.731,41.5701,13.8881,937.398,55.0407,14.2485,865.082,93.4121,186.303,865.808,84.0108,196.559,864.039,91.3297,210.129,861.156,100.809,199.187,0,0,0
001982:901.154,48.6529,166.497,903.175,44.6291,169.601,901.706,51.8587,169.45,907.574,38.5505,164.871,907.338,55.744,165.305,910.536,29.145,143.097,911.316,64.085,146.243,917.723,14.1333,117.224,903.62,82.8338,133.881,913.022,9.0601,97.3591,878.24,91.7533,143.835,911.435,37.3726,89.04,914.64,58.2243,90.2057,907.007,40.3707,50.745,919.85,58.0113,50.3464,911.046,41.9,13.4313,934.169,55.0614,13.9843,866.137,93.3611,187.047,865.735,83.8612,197.317,863.291,91.1751,210.909,861.798,100.764,199.973,0,0,0
001983:900.215,48.5703,166.623,902.463,44.5767,169.688,900.706,51.7595,169.548,907.265,38.503,164.836,906.115,55.6488,165.251,910.353,29.0988,143.068,909.596,63.9556,146.296,917.711,14.1418,117.342,899.873,82.7025,134.185,912.134,9.01359,97.9007,875.71,91.5229,144.592,910.846,37.3921,89.5254,913.157,58.2008,90.7042,907.904,40.4232,51.0799,920.65,57.9967,50.7404,911.085,42.1348,13.8014,936.757,55.424,13.9811,866.382,93.1233,187.984,866.662,83.553,198.27,865.341,90.8842,212.014,863.139,100.527,200.997,0,0,0
001984:900.126,48.6382,166.395,902.311,44.6386,169.465,900.68,51.8482,169.327,906.747,38.6676,164.635,906.136,55.8265,165.128,909.921,29.3091,142.878,909.725,64.2775,146.259,917.6,14.0509,117.099,899.248,83.1015,134.579,913.377,8.71485,97.4339,874.251,91.791,145.372,911.139,37.6383,89.1371,914.179,58.4285,90.3893,905.987,40.9567,50.8548,920.63,58.2042,50.3946,909.239,42.733,13.6266,937.227,55.1613,13.7502,866.705,92.9874,188.891,867.141,83.4472,199.089,866.473,90.809,212.785,864.119,100.442,201.881,0,0,0
001985:900.37,48.8565,166.13,902.483,44.826,169.184,901.047,52.045,169.045,906.273,38.7638,164.333,906.021,55.8265,164.845,908.202,29.3458,142.626,908.714,64.1411,146.205,916.411,14.0031,116.917,898.558,83.1646,135.293,911.209,8.33693,96.9538,873.058,92.1359,146.791,908.73,37.8352,89.2151,912.38,58.4852,90.5671,904.88,41.2901,51.0926,919.977,58.4178,50.6997,909.52,43.2193,13.9486,937.945,55.4612,14.1722,866.918,93.1016,189.75,866.978,83.4584,199.671,866.691,90.5263,213.248,864.623,100.253,202.642,0,0,0
001986:900.942,48.9596,166.045,903.299,44.9277,169.108,901.673,52.1538,168.984,907.103,38.8963,164.341,906.317,55.9205,164.87,909.058,29.5067,142.657,907.754,64.199,146.299,917.462,13.9837,116.984,897.6,83.0834,135.547,913.2,8.17299,97.1055,872.094,92.0216,147.068,907.375,38.0362,89.1089,910.257,58.5462,90.5678,903.381,41.6636,50.8468,918.083,58.4831,50.5022,908.6,43.6091,13.498,937.648,55.4769,13.7422,867.36,93.022,190.417,867.862,83.3799,200.387,867.995,90.4735,213.988,865.548,100.21,203.361,0,0,0
001987:899.541,49.1133,165.738,901.692,45.0747,168.784,900.248,52.3004,168.67,905.298,39.0068,164.002,904.425,56.006,164.536,907.317,29.5069,142.35,906.038,64.2667,145.984,914.811,13.7934,116.957,895.029,83.2441,135.6,911.987,8.41204,97.5872,870.496,92.1753,147.752,906.752,37.9701,88.7199,909.583,58.5463,90.2379,903.622,41.7679,50.4033,919.098,58.7181,50.0351,907.588,43.5712,13.0974,938.129,55.5389,13.4144,867.853,92.9968,191.194,869.81,83.2687,201.226,870.583,90.4383,214.971,866.685,100.246,204.24,0,0,0
001988:900.91,48.9333,165.653,903.197,44.8736,168.686,901.756,52.1286,168.585,907.021,38.9003,163.775,906.185,55.9111,164.431,909.084,29.5883,141.934,907.282,64.3598,145.85,916.024,13.8518,116.331,895.192,83.5926,135.918,909.111,7.96047,96.5786,869.576,92.524,148.57,908.375,38.3435,88.094,910.721,58.9012,89.7506,903.527,42.1191,49.9789,917.376,59.0736,49.7617,907,43.9587,12.8803,934.118,55.6974,13.5784,867.824,92.9336,191.752,870.255,83.0787,201.664,872.108,90.179,215.49,867.752,100.148,204.895,0,0,0
001989:900.128,48.8852,165.412,902.209,44.858,168.419,901.009,52.0984,168.309,904.999,38.9685,163.427,904.405,55.9527,164.064,905.78,29.6673,141.648,904.587,64.431,145.542,912.4,13.7562,116.52,892.103,83.8308,136.011,907.266,7.62541,97.3721,867.215,92.6431,149.27,905.608,38.3368,88.1336,908.517,58.8843,89.6974,901.642,42.0284,50.0428,916.879,59.018,49.6699,906.14,44.0071,12.886,935.661,55.869,13.2399,867.801,92.9476,192.552,870.815,82.9868,202.5,872.909,90.1128,216.479,867.863,100.177,205.812,0,0,0
001990:899.788,49.08,165.172,902.077,45.047,168.148,900.606,52.2512,168.075,905.447,39.1185,163.264,904.547,56.1225,163.921,907.23,29.7915,141.639,905.203,64.7134,145.672,914.161,13.8831,116.575,893.436,84.1382,136.427,907.305,7.98407,97.8066,868.443,92.8396,149.864,906.97,38.6759,88.3627,909.412,59.2963,90.0028,903.073,42.2973,50.1179,917.28,59.3294,49.8556,907.34,44.1471,12.8497,934.989,55.9893,13.3098,868.68,92.8275,193.31,870.786,82.8028,203.098,873.106,89.7956,217.029,869.191,99.9067,206.537,0,0,0
001991:899.055,49.3457,164.788,901.248,45.2942,167.752,900.088,52.5347,167.67,904.964,39.3185,162.737,904.108,56.2582,163.414,906.731,29.873,140.979,904.912,64.682,145.187,912.808,13.6074,115.831,893.002,84.2101,136.578,907.441,7.26851,96.5267,868.555,92.9867,151.017,906.016,38.7256,87.6783,908.4,59.2813,89.4726,903.314,42.5854,49.4849,917.625,59.6662,49.2892,907.567,44.321,12.2452,936.315,56.199,12.8774,869.512,92.7181,194.114,871.591,82.5639,203.885,874.18,89.5705,217.789,870.286,99.8179,207.328,0,0,0
001992:898.235,49.4687,164.635,900.6,45.4065,167.567,899.323,52.6265,167.508,904.252,39.4058,162.521,903.773,56.2578,163.223,905.629,29.9847,140.795,904.818,64.636,144.971,912.329,13.5783,116.061,892.701,84.1874,136.741,907.286,7.47333,97.5156,866.729,92.9905,151.63,904.501,38.9558,87.424,907.553,59.3856,89.2298,900.567,42.9466,49.4085,915.749,59.7303,49.1783,905.992,44.6375,12.1522,935.036,56.0267,12.9247,869.113,92.5896,194.763,871.986,82.3865,204.518,875.647,89.3986,218.486,870.825,99.7113,208.026,0,0,0
001993:899.313,49.3443,164.042,901.93,45.2656,166.98,900.42,52.511,166.94,905.927,39.3718,162.046,904.327,56.2426,162.839,906.505,30.0837,140.406,904.284,64.812,144.783,913.162,13.682,115.605,890.425,84.312,137.097,907.615,7.46198,96.7672,866.614,93.259,152.27,903.073,39.1649,86.8401,905.011,59.5674,88.7865,901.495,42.9773,48.6449,915.054,59.9447,48.477,906.566,44.4865,11.4234,936.211,56.0659,12.1014,869.929,92.5391,195.527,872.41,82.2966,205.169,876.106,89.2143,219.015,871.519,99.5703,208.716,0,0,0
001994:899.718,49.3372,164.011,901.925,45.2301,166.906,900.556,52.4927,166.901,904.486,39.3272,161.858,903.83,56.2166,162.731,904.915,30.0473,140.169,903.863,64.8759,144.605,912.45,13.4086,115.539,890.522,84.5259,137.169,909.666,7.25703,96.9983,866.261,93.2505,152.741,904.358,39.3311,86.5278,907.475,59.8323,88.4993,900.768,43.3611,48.495,916.509,60.4214,48.2422,904.93,44.7071,11.358,935.958,56.2122,12.1021,870.467,92.3997,195.97,872.207,81.967,205.466,875.471,88.7965,219.398,871.715,99.3474,209.245,0,0,0
001995:899.19,49.6176,163.993,901.647,45.5131,166.895,900.41,52.7686,166.879,904.616,39.5439,161.865,903.926,56.3864,162.703,904.601,30.1401,140.152,903.335,64.8913,144.666,911.703,13.4763,115.291,890.351,84.5073,137.263,905.992,7.14916,96.4202,865.757,93.2917,152.965,902.127,39.4092,86.741,905.132,59.8213,88.7689,898.046,43.5557,48.7502,913.671,60.401,48.5537,905.247,44.9647,11.2754,936.857,56.2259,11.9936,870.5,92.2208,196.487,872.74,81.7362,206.024,876.411,88.5353,219.994,872.053,99.1203,209.791,0,0,0
001996:896.582,49.8391,163.65,899.076,45.7315,166.518,898.053,52.9826,166.523,903.11,39.7927,161.508,902.615,56.5935,162.365,903.645,30.3932,139.899,903.477,65.1274,144.369,910.207,13.5123,115.512,891.214,84.7598,137.459,901.951,7.32455,97.4784,866.622,93.4693,153.788,900.651,39.663,86.3915,903.853,60.0439,88.4415,898.265,43.7902,48.3086,913.898,60.715,48.0991,906.195,44.9552,10.7156,936.322,56.2775,11.7075,871.247,92.0459,197.15,874.015,81.4594,206.631,878.122,88.2019,220.638,873.292,98.8945,210.501,0,0,0
001997:897.746,49.6433,163.538,899.955,45.5223,166.364,899.036,52.7667,166.399,903.236,39.6911,161.262,902.618,56.45,162.243,903.734,30.5173,139.65,902.844,65.1868,144.36,909.967,13.6608,115.298,890.521,84.9431,137.928,904.283,7.07741,97.0025,867.214,93.6738,154.609,901.955,40.1214,86.2069,904.748,60.4666,88.3723,900.642,44.1506,48.1651,914.862,61.2271,48.0818,906.631,45.1628,10.9086,934.118,56.6226,12.1781,873.28,91.9221,197.907,875.366,81.1663,207.234,879.622,87.8127,221.291,875.621,98.7036,211.334,0,0,0
001998:896.093,50.0142,163.211,898.371,45.8938,166.041,897.292,53.1151,166.07,901.66,39.9518,161.02,900.713,56.666,161.961,901.691,30.5949,139.449,901.181,65.2512,144.161,908.113,13.5874,115.019,887.905,84.7348,137.793,901.926,7.13114,96.6924,865.359,93.3431,154.578,900.665,40.217,86.0974,903.394,60.5589,88.3103,899.22,44.354,48.1885,912.902,61.3234,48.1907,906.917,45.2381,10.8149,934.426,56.4068,12.1815,874.228,91.7076,198.27,877.503,80.9523,207.754,882.58,87.6847,221.891,877.152,98.5536,211.756,0,0,0
001999:897.255,49.962,163.026,899.546,45.8266,165.836,898.635,53.0691,165.879,902.322,39.9308,160.77,902.426,56.6623,161.772,901.923,30.6954,139.189,903.036,65.3621,144.012,909.293,13.6455,114.93,891.428,85.0477,138.175,905.024,7.08232,96.7268,868.347,93.6108,155.596,899.721,40.4336,85.6993,903.92,60.7718,87.897,895.334,44.4462,48.0877,911.956,61.5049,47.8307,904.152,45.4539,10.7939,936.286,56.6843,11.6673,875.421,91.525,198.985,878.514,80.7258,208.36,882.688,87.3454,222.363,877.346,98.2589,212.369,0,0,0
002000:896.762,50.0559,162.889,898.926,45.928,165.79,900.629,52.8747,165.704,901.663,39.9386,160.164,903.3,56.3661,161.215,901.917,30.577,138.561,902.435,64.8857,143.021,905.625,13.7276,114.331,889.017,84.5563,138.376,905.333,6.19348,94.8658,865.775,93.1935,157.132,898.321,40.5946,85.4899,902.001,60.7639,87.5872,892.867,44.8249,48.0802,912.032,61.557,48.1975,905.074,44.9553,10.4429,935.347,56.596,11.884,874.485,91.4159,199.706,874.619,80.8064,208.518,886.272,86.9222,222.578,882.213,97.8399,213.216,0,0,0
002001:894.222,50.1293,162.638,896.465,46.0031,165.571,898.513,52.9772,165.426,900.259,40.0869,160,902.78,56.5137,161.037,901.518,30.6287,138.431,903.984,65.0552,142.849,906.373,13.4712,114.192,892.865,84.9147,138.456,906.544,5.56357,94.2805,868.825,93.4996,157.494,897.194,40.4136,85.1928,902.007,60.6111,87.284,891.139,44.7752,48.0133,912.173,61.6547,47.9835,904.806,45.1662,10.3584,936.887,56.9141,11.7894,876.045,91.1718,200.038,875.834,80.4326,208.687,887.546,86.3674,222.771,883.925,97.436,213.619,805.711,98.3574,311.162
002002:894.144,50.1115,162.444,896.403,45.995,165.368,898.21,52.9366,165.235,900.193,40.174,159.905,902.121,56.574,161.015,901.793,30.8696,138.508,903.129,65.3267,143.164,907.958,13.7956,114.095,891.845,85.2029,139.152,907.612,5.6354,93.8039,869.563,93.7054,158.245,897.679,40.8685,85.5806,901.76,61.0573,87.7542,891.436,45.0398,48.4031,912.088,61.9519,48.3944,905.314,45.2784,10.7777,937.812,57.0997,11.9562,876.317,90.6626,200.512,875.753,79.9397,208.906,886.931,85.5912,222.826,883.675,96.6359,213.961,812.864,99.0658,311.368
002003:894.565,50.0874,162.717,896.808,45.9857,165.613,898.581,52.9185,165.501,900.64,40.1906,159.941,902.114,56.6135,161.095,901.833,31.023,138.333,902.752,65.3291,143.082,905.782,13.9327,113.918,890.682,85.0354,139.161,903.714,5.48638,93.7895,868.69,93.1301,158.668,897.606,41.1155,85.4286,901.415,61.2643,87.6284,892.24,45.2321,48.2288,912.26,62.257,48.2866,905.204,45.2916,10.6839,936.143,57.2539,12.0107,876.876,90.3415,200.699,876.227,79.5696,209.171,888.543,85.3705,223.216,885.332,96.4948,214.279,813.342,98.4077,309.77
002004:896.253,50.0944,162.705,898.552,45.9994,165.611,900.377,52.9391,165.477,901.879,40.1817,159.947,904.048,56.6736,161.07,902.192,31.0355,138.345,904.824,65.4264,143.128,907.491,14.2104,113.76,894.951,85.3132,139.201,905.565,5.76712,93.3133,873.834,93.3851,158.822,897.435,41.1083,85.5114,902.333,61.3268,87.6034,889.22,44.9076,48.6026,910.704,62.062,48.4629,904.973,45.1917,10.9825,938.462,57.3605,11.8064,878.043,89.9918,200.818,876.998,79.1609,209.175,887.296,84.6752,223.138,884.307,95.8183,214.336,816.311,97.5689,309.152
002005:893.787,50.4559,162.698,895.942,46.3476,165.641,897.961,53.313,165.474,899.511,40.4296,160.015,901.13,56.9262,161.116,900.558,31.0899,138.377,901.743,65.5052,143.207,906.231,14.0738,113.525,891.834,85.3552,139.448,904.331,5.6483,92.5224,872.495,93.399,159.294,896.579,41.042,85.3524,900.988,61.2914,87.556,888.605,45.0435,48.5093,911.266,62.2883,48.3465,904.578,45.4274,10.8719,941.698,57.6325,11.5401,879.246,89.7663,200.954,877.268,78.832,209.144,888.825,84.1959,223.124,886.776,95.4682,214.532,819.066,97.3598,307.819
002006:895.217,50.2452,162.267,897.377,46.1052,165.025,896.906,53.3562,165.068,899.959,40.2618,159.888,900.038,56.9125,161.01,899.09,31.1066,138.371,900.145,65.5531,143.931,905.144,13.9287,113.75,891.608,85.3834,140.001,896.25,6.15565,94.1812,872.805,93.4875,159.393,897.349,41.0046,85.4485,901.651,61.2955,87.9859,891.899,44.6232,48.2497,909.466,62.5347,47.9762,902.979,45.4296,10.9063,937.802,58.1105,11.4612,882.992,89.3024,201.245,885.338,78.0886,209.834,890.001,83.8369,223.549,885.381,95.1471,214.486,817.256,96.2435,305.62
002007:894.594,50.3427,162.791,896.967,46.2582,165.672,898.627,53.1998,165.561,900.792,40.3693,159.951,901.987,56.9272,161.034,901.545,31.2311,138.326,903.184,65.6541,143.28,906.765,14.4643,113.97,893.051,85.4249,139.923,903.999,5.82454,93.8735,874.358,92.9949,160.267,897.656,41.5744,85.6099,901.835,61.9218,87.7568,889.386,44.9055,48.7,910.629,62.6552,48.5715,904.271,45.3021,11.218,938.712,58.4792,11.64,882.078,88.9709,201.5,881.781,78.1004,209.625,893.761,83.2699,223.542,889.801,94.4415,214.973,822.583,95.8353,304.268
002008:895.519,50.4986,163.116,897.872,46.3617,165.862,897.143,53.6221,165.917,900.58,40.4362,160.515,900.442,57.3016,161.656,899.913,31.3397,138.688,900.234,66.0187,144.273,906.794,14.2741,113.93,890.182,85.8047,140.33,901.681,6.70764,94.4434,871.416,93.0687,160.301,896.118,41.3541,85.4451,900.262,61.8971,87.8996,890.648,44.564,48.2483,908.218,63.0664,47.913,901.437,45.3131,10.9717,937.529,58.726,11.1866,885.206,88.5529,201.399,888.314,77.2543,209.92,894.392,82.8912,223.826,888.894,94.2844,214.789,822.982,95.1715,302.668
002009:895.259,50.3389,163.281,897.436,46.2059,166.158,899.353,53.2037,166.058,900.286,40.2198,160.199,902.099,56.9077,161.406,900.205,31.1565,138.293,901.811,65.6545,143.507,904.708,14.3991,113.713,892.02,85.7912,140.748,904.871,6.06674,93.2595,873.259,92.9581,162.148,895.289,41.5986,85.3115,900.063,62.066,87.56,887.224,45.064,48.3508,908.981,63.2075,48.2812,903.55,45.3293,10.545,939.254,59.0238,11.0744,885.205,88.3534,201.758,884.027,77.3523,209.412,897.074,82.1875,223.294,893.999,93.5229,215.218,821.154,94.0543,300.469
002010:894.053,50.6368,163.727,896.442,46.526,166.59,898.074,53.5047,166.496,900.128,40.507,160.622,900.954,57.1749,161.773,900.043,31.4361,138.762,901.38,65.7511,143.929,904.291,14.8505,114.183,890.369,85.4831,141.14,900.384,6.45847,93.7472,872.535,92.5737,162.478,895.425,41.7226,85.894,899.757,62.1007,88.1152,887.34,45.0202,48.8684,908.584,63.155,48.8068,903.786,45.2002,11.0708,939.732,59.1509,11.464,885.969,87.8211,201.981,885.982,76.9059,209.658,899.169,81.6651,223.481,894.802,92.8874,215.375,826.509,93.6354,299.09
002011:894.513,50.5898,163.899,896.809,46.4042,166.575,896.189,53.6692,166.675,898.873,40.378,160.92,899.382,57.1875,162.17,897.469,31.5122,138.94,899.251,65.7898,144.862,902.484,14.737,114.38,889.791,85.6821,142.204,895.072,7.2091,95.0419,871.459,92.7088,163.711,895.87,41.7971,85.4908,901.057,62.2339,88.0407,889.267,44.7581,48.2893,908.282,63.4951,47.8721,900.76,45.3085,10.8752,938.768,59.2776,10.857,887.339,87.3751,201.905,889.978,76.1102,209.731,897.493,81.1835,223.181,892.487,92.5784,214.887,826.97,92.9605,296.817
002012:893.896,50.5923,164.016,895.931,46.4271,166.857,897.811,53.4386,166.78,898.591,40.3784,160.745,899.973,57.0957,161.991,898.046,31.5117,138.725,899.785,65.8367,144.144,901.7,15.0466,114.171,890.114,85.9083,141.976,901.171,6.63615,93.5815,873.387,92.8447,164.054,894.153,42.2101,85.4366,898.749,62.6817,87.7448,887.788,45.1463,48.2257,908.482,63.7302,48.1863,903.021,45.1688,10.5245,937.088,59.6336,10.98,886.925,87.0921,202.049,886.007,76.0957,209.232,899.945,80.4629,222.889,896.608,91.8015,215.309,830.04,92.0867,295.164
002013:895.969,50.5212,163.952,898.182,46.361,166.598,898.157,53.5851,166.755,900.336,40.4519,161.126,901.402,57.201,162.437,898.372,31.7867,139.407,900.646,65.9481,145.521,901.608,15.4211,114.828,891.618,85.5386,143.041,891.916,7.89196,95.4265,873.986,92.3134,164.183,894.505,42.2148,86.4778,899.8,62.5563,89.0965,889.052,45.0588,49.1361,907.216,63.9244,48.8327,901.57,45.5073,11.5667,936.16,59.9912,11.7821,889.4,86.5742,202.218,892.044,75.3983,209.835,900.17,80.2703,223.156,895.298,91.5592,215.098,832.844,91.8598,293.457
002014:894.608,50.7482,164.31,896.854,46.5445,166.976,896.198,53.8135,167.103,899.037,40.4906,161.39,898.452,57.3077,162.699,897.785,31.7302,139.478,897.462,65.9089,145.742,902.088,15.2703,114.557,887.583,85.3466,143.665,893.358,7.53922,94.3286,873.449,92.1214,165.336,895.571,42.259,86.0505,899.035,62.7027,88.8275,891.591,44.8395,48.6082,906.493,64.1185,48.5435,902.05,45.1251,11.2683,934.659,60.0782,11.6987,890.584,86.3068,202.251,893.253,75.2789,209.783,901.689,80.0716,222.781,896.783,91.2167,214.857,830.974,90.7377,291.253
002015:893.169,50.9095,164.73,895.581,46.7033,167.407,894.639,53.9782,167.539,898.234,40.5452,161.756,897.499,57.5191,163.056,897.557,31.8833,139.698,897.51,66.1639,146.09,902.958,15.7749,114.658,887.906,85.4908,144.262,896.984,8.14848,94.2997,873.2,91.7127,166.33,895.526,42.6558,86.0111,898.736,63.2933,88.7514,891.956,44.6656,48.5651,904.599,64.4753,48.6146,902.099,45.1448,11.3988,930.356,60.7738,11.9482,889.879,85.9339,202.079,893.117,75.143,209.478,901.81,79.7449,222.178,896.349,90.6415,214.405,831.439,90.0622,289.296
002016:894.397,51.0246,164.578,896.57,46.7931,167.224,896.099,54.0795,167.386,898.347,40.6854,161.62,898.83,57.6169,162.992,897.115,32.1007,139.694,898.577,66.3279,146.18,901.641,15.9196,114.848,889.949,85.6358,144.841,894.164,8.35077,94.7814,874.477,91.8425,167.152,895.599,42.9329,85.9685,900.196,63.5118,88.729,889.901,44.9739,48.5551,905.259,64.7026,48.3882,900.43,45.2241,11.2633,930.572,60.6749,11.6771,890.336,85.6947,202.471,892.711,74.8834,209.656,901.567,79.3969,222.204,897.044,90.3178,214.685,831.904,89.3862,287.336
002017:893.983,50.8039,164.669,896.262,46.632,167.322,895.415,53.8665,167.478,897.768,40.6153,161.874,897.869,57.4956,163.205,896.426,32.0787,140.251,897.576,66.2667,146.797,901.444,16.2159,115.521,889.157,85.5161,145.629,896.325,8.73211,95.3236,874.521,91.6302,167.735,895.784,42.7471,87.1541,900.063,63.323,89.8938,890.203,44.7207,49.7087,903.55,64.5128,49.7203,900.971,45.2099,12.3814,928.241,61.2155,12.9436,891.438,85.4798,202.673,893.554,74.9145,209.722,902.837,79.3347,222.042,898.772,89.9846,214.659,837.336,88.9404,285.558
002018:892.892,50.9378,165.55,895.145,46.7838,168.184,893.997,53.9659,168.362,896.856,40.7019,162.559,896.228,57.5753,163.889,896.023,32.186,140.722,896.121,66.3309,147.258,901.11,16.5054,115.708,887.708,85.5625,145.466,894.707,8.99198,95.4317,874.971,91.5341,167.306,895.935,43.0754,87.7621,899.262,63.7033,90.499,891.061,45.0066,50.2084,903.078,64.956,50.3841,901.009,45.1456,12.8515,926.526,61.5828,13.5115,892.614,85.1966,202.439,896.458,74.5442,209.562,905.068,78.8587,222.137,899.159,89.6003,214.589,837.802,88.2607,283.588
002019:890.738,50.8733,165.754,893.005,46.7201,168.362,891.811,53.8578,168.574,894.7,40.6438,162.809,894.282,57.4952,164.185,893.989,32.2703,141.11,894.767,66.3319,147.817,899.748,16.795,116.186,887.167,85.3242,146.591,894.847,9.5652,96.0798,874.387,91.0093,168.822,894.263,43.3405,88.3176,898.272,63.9698,91.0639,889.241,45.0851,50.7404,902.572,65.1455,50.8042,900.638,45.0317,13.1973,928.193,61.6112,13.507,891.109,84.8694,202.919,894.871,74.5104,209.891,903.854,78.8013,222.071,898.064,89.2576,214.71,838.26,87.5772,281.287
002020:894.369,50.6697,166.083,896.266,46.56,168.682,895.418,53.7239,168.901,896.597,40.7055,163.087,896.438,57.5705,164.486,894.749,32.5418,141.498,894.909,66.5292,148.245,898.446,17.1849,116.911,886.404,85.4443,147.358,892.03,9.77445,97.2496,875.827,90.9118,169.86,894.348,43.3695,88.9004,897.928,63.9398,91.6286,889.739,45.069,51.0837,901.499,65.1362,51.2209,899.319,45.1761,13.5453,922.662,62.074,14.1805,893.086,84.4488,203.248,897.439,74.1492,210.134,906.296,78.4017,222.288,900.011,88.7875,215.006,838.797,86.8911,278.972
002021:892.097,50.9179,165.992,894.248,46.7857,168.587,893.003,53.9231,168.818,895.936,40.8318,163.037,894.538,57.6529,164.432,894.149,32.6816,141.485,894.462,66.5677,148.259,897.283,17.5001,117.03,885.045,85.3334,147.616,890.633,10.4289,97.6858,875.789,90.8285,170.278,893.977,43.7162,88.7177,896.988,64.2534,91.4777,891.18,45.1883,50.8926,902.739,65.3511,51.0094,900.834,45.173,13.4686,925.343,62.1741,13.8973,892.796,84.045,203.385,898.032,73.8236,210.162,907.388,77.8548,222.172,899.934,88.1691,215.002,839.253,86.2063,276.667
002022:892.966,50.9748,166.706,895.188,46.8713,169.305,894.191,54.0338,169.537,896.383,41.0059,163.685,896.001,57.9338,165.105,894.756,32.9048,142.07,895.003,66.9145,148.878,898.058,17.6612,117.543,884.792,85.5671,148.343,889.2,10.5028,98.2346,873.047,90.5039,171.281,893.652,43.7472,89.2694,897.043,64.3777,91.998,889.895,45.2602,51.2309,901.056,65.551,51.3796,901.332,45.1918,13.3194,923.923,62.5117,13.9634,892.369,83.7203,203.845,898.101,73.5405,210.548,907.922,77.5907,222.57,900.13,87.8634,215.461,844.751,85.7475,275.163
002023:892.977,51.2484,167.205,894.947,47.0848,169.777,893.882,54.2549,170.031,895.971,40.9977,164,894.872,57.938,165.435,894.498,32.8935,142.243,894.054,66.8265,149.214,897.158,18.001,117.597,884.312,85.5652,148.957,887.097,11.159,98.2364,876.346,90.7966,172.33,895.635,44.1767,89.2982,898.275,64.8582,92.1036,891.992,45.3747,51.3033,902.183,65.9242,51.5385,901.837,45.1227,13.6771,923.633,62.7752,14.3061,895.458,83.4956,204.319,900.833,73.2672,210.812,910.12,76.9928,222.678,902.803,87.3268,215.781,845.209,85.059,272.846
002024:893.817,51.0297,166.859,895.431,46.8976,169.413,894.719,54.0498,169.698,895.566,41.0002,163.848,894.862,57.9445,165.337,893.555,33.0428,142.43,893.417,67.1159,149.548,894.924,18.3176,117.854,885.414,85.8932,149.416,884.581,11.5759,98.6159,878.704,90.9105,172.487,895.239,44.3075,90.0463,898.172,65.0394,92.8735,892.786,45.5386,51.8078,902.99,66.1474,52.0553,900.816,45.2934,14.1905,919.948,63.0395,14.9476,896.869,83.2787,204.684,900.301,73.081,210.958,909.77,76.7563,222.751,904.698,87.0411,216.107,845.822,84.3625,270.169
002025:894.172,51.0939,166.252,896.207,46.9748,168.815,895.465,54.103,169.105,896.864,41.1242,163.509,896.433,58.0407,165.017,895.085,33.1632,142.373,895.111,67.211,149.638,896.446,18.3303,117.809,887.52,85.6271,150.056,885.482,11.444,98.3292,878.26,90.3903,173.141,895.525,44.3941,90.2233,898.529,65.1187,93.1501,892.592,45.5339,52.0949,901.514,66.4235,52.4691,901.624,45.1204,14.3726,920.096,63.4537,15.277,895.502,82.8951,205.238,899.271,72.8903,211.452,908.759,76.5432,222.935,903.429,86.6166,216.428,846.212,83.6815,268.524
002026:893.825,51.3795,167.154,895.779,47.2652,169.694,895.105,54.3888,169.99,896.311,41.3283,164.212,895.832,58.246,165.666,894.474,33.3828,142.986,893.981,67.3022,150.177,896.091,18.7822,118.766,885.411,85.7096,150.685,884.644,12.1314,100.062,878.266,90.467,174.132,894.207,44.6747,90.866,896.611,65.3739,93.7201,892.573,45.5725,52.5373,900.227,66.5215,52.969,901.221,45.1513,14.7951,917.101,63.8651,15.7968,896.463,82.6119,205.723,900.139,72.5638,211.855,910.464,76.0859,223.411,905.258,86.2088,216.932,851.493,83.8697,266.605
002027:893.072,51.7883,167.984,895.223,47.6493,170.539,894.319,54.7758,170.824,896.602,41.4871,164.904,895.818,58.4229,166.379,894.934,33.3429,143.433,895.099,67.284,150.828,895.653,18.8523,118.426,886.582,85.7045,151.295,883.729,12.0144,98.2371,878.647,90.6288,174.96,895.007,44.7578,91.3776,897.702,65.5197,94.3319,891.795,45.7844,53.2285,900.69,66.8791,53.707,900.927,45.1628,15.5108,919.443,64.1193,16.4296,895.929,82.5415,206.529,900.618,72.4997,212.519,910.575,75.802,223.966,904.121,85.8948,217.592,849.607,82.7324,263.729
002028:892.294,51.9012,168.846,894.506,47.7117,171.392,893.401,54.8735,171.682,896.372,41.4307,165.497,894.982,58.4763,167.019,895.414,33.4044,143.689,894.547,67.364,151.264,896.43,19.2385,118.442,883.022,85.8236,152.089,883.827,12.5113,98.1033,874.609,90.6454,176.445,896.591,45.1436,90.9779,898.054,66.029,94.0084,894.965,45.724,52.5634,900.273,67.2659,53.2584,903.779,44.9857,14.7884,916.242,64.5057,16.1919,893.285,82.1253,207.209,898.902,72.0116,212.967,909.63,75.0258,224.38,902.247,85.2264,218.226,850.071,82.0431,261.731
002029:891.521,51.8383,169.174,893.883,47.7145,171.709,892.957,54.8423,172.024,896.478,41.5881,165.908,894.746,58.5951,167.411,895.588,33.5976,144.275,893.902,67.5127,151.734,894.917,19.3729,119.32,883.538,85.5064,152.287,882.124,12.8125,99.6829,876.457,89.9457,176.437,893.618,45.1365,91.8733,894.461,65.9468,94.8952,893.243,45.9645,53.1658,897.745,67.3615,53.9583,903.371,45.1394,14.9976,915.025,64.7652,16.5639,894.378,81.7663,208.111,900.223,71.6951,214.197,911.217,75.0827,225.789,903.682,85.2272,219.278,852.952,81.787,259.588
002030:890.679,51.7433,169.084,893.331,47.6633,171.6,892.26,54.7436,171.94,897.023,41.6795,165.967,895.497,58.6936,167.488,896.788,33.7831,144.626,895.774,67.8466,152.128,895.547,19.5853,120.093,882.972,85.7099,153.045,881.611,13.356,101.321,872.851,89.6697,177.301,894.158,45.3015,92.643,895.487,66.2194,95.6163,893.541,46.0411,53.9176,898.995,67.661,54.622,902.919,45.124,15.7448,915.413,65.2003,17.1102,893.977,81.5468,208.941,900.535,71.5908,214.972,912.836,74.9945,226.569,904.687,85.0241,220.104,853.492,81.0899,257.237
002031:892.311,51.8672,170.473,894.808,47.7489,172.988,893.839,54.8896,173.327,896.756,41.665,166.981,895.004,58.8263,168.535,894.84,33.8337,145.172,892.595,67.9263,152.653,892.444,19.9926,120.301,880.608,85.8579,153.148,876.462,14.0943,101.604,873.567,89.7658,177.773,892.216,45.495,92.5707,892.893,66.4814,95.5254,892.639,46.084,53.6382,897.5,67.8983,54.3655,901.892,45.0876,15.4463,914.168,65.3036,16.8552,894.63,81.3568,210.226,900.18,71.0653,216.434,913.086,74.6027,228.471,905.882,84.9997,221.774,859.099,80.6005,255.294
002032:891.233,52.0737,170.464,893.598,47.9657,172.979,892.475,55.0866,173.323,895.094,41.8633,167.063,893.261,58.981,168.579,893.385,33.9532,145.345,891.119,67.9806,152.863,892.499,20.0502,120.454,880.458,85.5997,153.549,881.054,14.1792,101.783,873.97,89.5011,178.393,891.746,45.576,92.7646,892.282,66.5864,95.7732,892.922,46.2162,53.5774,896.01,68.1347,54.4799,901.94,45.1232,15.1361,911.025,65.7057,16.9704,892.503,81.175,211.652,897.111,70.7786,218.113,908.465,74.5225,230.183,902.366,85.014,223.255,856.923,80.1284,252.384
002033:890.113,52.1087,170.845,892.703,48.0165,173.344,891.612,55.1117,173.704,895.429,41.8738,167.357,893.594,58.9998,168.879,894.825,33.9837,145.608,892.412,67.9636,153.175,892.969,20.3464,120.526,880.687,85.2057,153.681,880.956,14.7276,101.836,871.726,88.8815,178.551,892.577,45.7533,93.2034,892.857,66.7832,96.2318,893.386,46.3288,54.0973,896.161,68.4088,55.0803,901.283,45.0941,15.9082,909.977,66.0691,17.8299,890.045,80.882,213.105,894.56,70.403,219.848,906.079,74.3932,232.119,900.166,84.9701,224.87,857.38,79.431,250.036
002034:890.609,52.3331,171.259,892.93,48.2674,173.758,891.939,55.339,174.122,894.971,42.1309,167.736,893.358,59.3161,169.218,894.445,34.2733,145.889,892.136,68.2535,153.47,893.418,20.7603,120.538,881.915,84.9948,153.7,880.131,15.0932,102.119,874.524,88.2253,178.682,893.742,46.1572,93.4542,893.991,67.2879,96.4233,894.213,46.4575,54.2156,896.527,68.7255,55.1962,902.826,45.0675,15.8245,909.538,66.2922,17.7434,888.905,80.6546,215.054,892.217,69.9689,222.333,901.98,74.377,234.879,897.385,85.1671,227.113,863.096,78.9272,247.705
002035:891.075,52.1792,171.62,893.46,48.1266,174.12,892.62,55.1681,174.509,895.965,42.088,168.215,894.826,59.1985,169.701,895.164,34.3247,146.489,894.11,68.2523,154.012,893.29,21.1608,121.196,882.025,84.7361,154.001,882.706,15.9145,103.162,871.413,88.0283,178.725,893.256,46.237,94.0422,894.256,67.3401,96.9807,893.578,46.6004,54.7209,896.718,68.8567,55.6673,902.6,45.2062,16.247,908.918,66.6763,18.2952,885.394,80.4557,217.415,889.684,69.5026,225.168,899.34,74.2123,238.191,893.691,85.2868,229.915,860.837,78.4652,245.484
002036:890.829,52.4265,171.725,893.195,48.3883,174.238,892.373,55.4287,174.603,895.428,42.327,168.333,894.187,59.4311,169.782,893.939,34.4396,146.635,893.099,68.3393,154.244,890.561,21.3042,121.109,882.003,84.4585,154.441,877.664,16.0756,102.841,872.085,87.7839,179.568,891.801,46.2493,94.3929,892.759,67.3393,97.3801,892.873,46.6407,55.0064,895.907,68.9741,55.9981,901.524,45.1491,16.5409,907.461,66.8312,18.7428,883.926,80.3768,219.763,886.735,69.322,227.844,896.167,74.386,239.652,892.16,85.5742,232.366,861.379,77.762,243.113
002037:891.176,52.6286,171.867,893.859,48.6061,174.389,892.697,55.611,174.767,896.379,42.515,168.613,894.447,59.5571,170.011,894.826,34.5826,147.068,892.863,68.2843,154.648,890.871,21.6477,121.539,880.638,83.6864,154.828,879.273,16.8502,103.542,870.062,86.9989,179.936,891.682,46.3421,94.8681,891.999,67.3545,97.8973,894.131,46.8199,55.1952,895.797,69.0783,56.3213,902.243,45.1738,16.5617,907.836,66.9907,18.8939,882.434,80.3966,222.11,885.898,69.3147,230.647,895.038,74.7146,241.24,890.346,85.9438,234.837,869.475,77.6994,241.941
002038:890.893,52.6081,172.22,893.384,48.5785,174.714,892.508,55.5861,175.139,895.229,42.5256,168.967,893.835,59.6672,170.4,893.117,34.6919,147.542,891.691,68.5564,155.079,887.008,22.1364,122.278,882.201,83.8265,155.122,871.11,18.3785,105.55,872.191,86.7403,180.401,889.612,46.5171,95.4783,890.157,67.6623,98.4577,892.435,46.943,55.6762,894.796,69.4336,56.759,901.163,45.1722,16.8934,906.133,67.2774,19.2883,879.956,80.2599,223.701,881.852,69.0443,232.427,888.508,74.631,242.336,885.504,85.9919,236.5,870.015,76.9882,239.214
002039:890.406,52.797,172.431,892.934,48.7847,174.927,891.849,55.7743,175.362,894.912,42.7449,169.172,893.98,59.9168,170.617,894.02,34.9461,147.703,893.456,68.9116,155.32,889.512,22.4143,122.334,883.686,83.8596,155.41,872.318,18.5854,105.836,870.215,86.4681,180.829,893.275,47.0416,95.4357,894.195,68.3598,98.3913,893.564,47.1712,55.6524,895.756,69.9666,56.7227,902.002,45.1782,16.8492,905.886,67.7246,19.2293,871.674,80.2324,224.515,875.568,69.1622,233.722,878.405,75.0141,243.171,873.349,86.189,237.045,868.134,75.8372,235.986
002040:891.528,52.9587,173.046,893.854,48.9565,175.562,892.897,55.9893,175.986,895.45,42.9188,169.603,894.395,60.2281,171.035,893.929,35.2037,147.788,892.868,69.1851,155.403,888.601,22.814,122.164,881.79,83.7816,155.265,872.717,18.8672,105.606,867.496,86.0322,180.922,891.986,47.2915,95.0251,892.647,68.6822,97.9061,892.823,47.0663,55.1527,895.417,70.0955,56.0824,900.939,45.1796,16.4628,905.237,67.8819,18.6077,866.464,80.6699,224.966,869.463,69.6531,234.636,871.109,75.9904,243.499,866.896,87.1101,237.489,868.191,75.8221,234.623
002041:889.43,52.8951,173.064,891.689,48.9515,175.585,890.696,55.9421,176.026,893.633,42.9604,169.693,892.14,60.23,171.096,892.801,35.2327,147.974,890.987,69.1541,155.58,886.331,23.0714,122.359,881.175,83.4574,155.319,865.103,19.7988,106.338,868.919,85.4891,181.087,892.213,47.151,95.5923,892.021,68.5545,98.5094,893.758,47.2179,55.6242,895.657,70.1756,56.6775,901.356,45.4491,16.8306,905.437,68.0769,19.1024,864.845,80.9931,224.772,867.977,70.1816,234.732,866.946,76.8202,243.496,862.683,87.709,237.037,862.433,76.3416,237.021
002042:888.935,53,173.382,891.019,49.0857,175.896,890.002,56.045,176.351,892.969,43.1121,169.937,891.332,60.3342,171.329,893.114,35.4931,148.143,890.457,69.2258,155.745,888.312,23.5403,122.277,881.028,83.3296,155.009,867.948,20.046,106.075,868.53,85.4304,180.282,893.706,47.546,95.7656,892.91,68.9104,98.6671,893.926,47.3951,55.7734,895.005,70.3852,56.8808,901.483,45.5168,16.9626,903.904,68.4333,19.2398,858.898,81.345,224.401,860.156,70.5888,234.464,856.915,77.353,242.767,854.698,88.1851,236.516,856.796,76.8476,238.715
002043:888.258,53.203,173.456,890.552,49.2465,175.972,889.268,56.2238,176.466,893.134,43.1066,170,891.796,60.4265,171.436,893.699,35.4393,148.085,892.553,69.3306,155.787,889.01,23.658,121.907,884.269,83.2297,154.812,869.276,20.4571,105.428,869.376,85.229,179.811,894.468,47.8784,95.4597,894.163,69.4177,98.3973,894.395,47.6118,55.3747,894.282,70.9557,56.6506,901.009,45.4956,16.6271,901.679,68.8543,19.1099,852.928,81.775,223.669,853.088,71.3125,233.815,848.364,78.2219,241.826,847.227,88.7298,235.329,848.541,77.5881,240.544
002044:888.534,53.3229,173.688,890.821,49.3917,176.217,889.403,56.3776,176.716,893.514,43.2997,170.228,891.97,60.6018,171.646,894.292,35.7135,148.275,892.807,69.4551,155.934,889.389,24.0328,122.156,884.825,83.0744,154.81,869.267,20.7542,105.775,869.327,84.9364,179.547,895.558,48.1159,95.431,894.916,69.6372,98.345,894.138,47.6492,55.3492,893.796,71.1165,56.5971,899.897,45.5175,16.6893,900.449,69.278,19.0806,849.177,82.0188,222.606,847.904,71.8389,232.822,842.193,78.9311,240.744,842.535,89.1468,233.921,838.002,77.8899,241.864
002045:888.317,53.342,173.751,890.774,49.4356,176.281,889.561,56.411,176.82,894.09,43.3214,170.315,892.851,60.6535,171.749,894.552,35.7559,148.306,892.929,69.4654,155.95,888.38,24.1964,122.087,882.955,82.9078,154.413,868.067,21.3343,105.871,864.728,84.5721,178.648,892.394,48.0651,95.7485,891.681,69.5434,98.648,892.917,47.7921,55.5875,892.547,71.1894,56.9082,900.004,45.7151,16.7616,900.683,69.4548,19.2124,844.382,82.504,220.775,842.249,72.7538,231.161,836.9,80.2298,239.43,838.259,90.0005,231.789,832.536,79.0124,241.795
002046:888.107,53.6026,173.646,890.395,49.7072,176.152,889.139,56.6708,176.746,893.894,43.544,170.205,892.449,60.9026,171.64,894.998,35.9892,148.204,893.446,69.7823,155.883,888.773,24.5547,122.017,884.24,83.1507,154.081,866.809,21.9407,106.217,866.951,84.6269,178.061,894.52,48.5645,95.7717,893.68,70.1765,98.6444,893.537,48.0702,55.5952,893.389,71.644,56.8867,899.355,45.8606,16.8171,900.053,69.8215,19.0475,841.812,82.8802,219.219,839.526,73.4249,229.641,831.723,80.9189,238.471,833.247,90.337,229.781,824.71,79.7058,241.913
002224:276.921,153.795,0.813394
