000444:1014.4,45.4008,160.944,1016.28,41.9664,164.196,1015.66,48.395,164.122,1022.11,36.0227,161.616,1022.66,52.3312,161.389,1024.47,28.4248,142.684,1032.56,59.1289,141.516,1010.18,22.1734,124.406,1045.37,68.8988,117.415,986.493,35.5075,121.378,1071.54,76.5165,99.3128,1029.62,34.6622,90.2478,1032.37,54.2939,90.075,1025.91,35.2935,50.6213,1035.83,53.2603,50.4091,1029.61,34.2986,10.7429,1047.6,51.0822,10.1299,1105.74,102.952,94.3066,1114.24,112.768,99.8186,1123.11,122.848,93.3775,1117.47,112.809,87.3954,0,0,0
000445:1015.25,45.5331,160.8,1017,42.1259,164.037,1016.55,48.5381,163.942,1022.78,36.2182,161.397,1023.38,52.5205,161.174,1025.24,28.7315,142.448,1033.49,59.3245,141.167,1011.69,22.5076,124.549,1044.56,69.0525,116.977,984.61,36.1105,122.186,1068.46,76.8026,98.7104,1031.97,34.8532,89.7161,1034.97,54.4649,89.4619,1026.36,35.414,50.3254,1036.44,53.4494,50.0531,1030.86,34.1847,10.5868,1048.86,51.0661,9.97176,1108.51,103.002,94.2359,1113.69,112.764,99.9944,1120.94,122.906,93.5898,1118.87,112.966,87.358,0,0,0
000446:1013.63,45.5236,160.771,1015.58,42.0846,164.027,1015.37,48.4976,163.912,1022.02,36.0353,161.458,1023.36,52.3483,161.208,1023.46,28.3541,142.514,1033.64,59.0213,141.235,1007.52,22.2224,124.456,1044.44,68.8201,117.165,980.09,36.0511,121.818,1065.89,76.5435,99.178,1028.14,34.4104,89.8864,1031.98,54.0392,89.66,1024.6,35.1004,50.4704,1035.02,53.1671,50.2301,1029.23,34.3214,10.749,1047.49,51.0877,10.1814,1105.78,102.389,94.2701,1115.13,112.245,99.8908,1124.75,122.432,93.4315,1118.14,112.331,87.3668,0,0,0
000447:1013.55,45.5537,160.767,1015.43,42.1072,164.021,1015.01,48.5173,163.934,1020.99,36.0489,161.489,1022.46,52.3416,161.27,1022.05,28.5533,142.605,1032.81,59.0666,141.351,1004.7,22.8035,124.794,1045.01,68.7872,117.207,978.242,37.1407,122.804,1068.51,76.4708,99.1583,1028.74,34.8762,89.9217,1033.06,54.4705,89.674,1023.88,35.4498,50.4632,1036.11,53.4966,50.1049,1028.61,34.3108,10.6537,1048.83,51.0816,9.83716,1107.91,102.957,94.1999,1116.71,112.661,99.7183,1125.3,122.621,93.4056,1119.34,112.699,87.4368,0,0,0
000448:1013.6,45.4982,160.787,1015.69,42.0618,164.055,1015.23,48.4391,163.95,1022.28,36.0004,161.628,1023.28,52.2731,161.347,1024.93,28.368,142.873,1033.86,58.9343,141.579,1010.43,22.3785,125.152,1046.31,68.4968,117.444,982.869,36.6731,123.432,1071.64,75.9758,99.3856,1029.69,34.6468,90.3197,1032.65,54.2563,90.1492,1024.62,35.2843,50.8379,1034.71,53.348,50.6503,1027.27,34.3517,11.1314,1047.16,51.1792,10.3617,1107.14,102.888,94.4442,1116.39,112.748,99.9565,1124.88,122.78,93.5147,1118.28,112.687,87.5625,0,0,0
000449:1013.24,45.5808,160.71,1015.22,42.1133,163.941,1015.06,48.4899,163.832,1021.4,35.9542,161.349,1022.64,52.1797,161.094,1023.79,28.3942,142.42,1033.6,58.6641,141.087,1009.68,22.3746,124.965,1046.66,68.1541,117.053,983.548,36.9548,123.565,1073.3,75.6471,99.2723,1029.84,34.8071,89.4354,1033.42,54.3087,89.2641,1026.46,35.4314,49.977,1036.71,53.4977,49.8378,1030.21,34.3464,10.3811,1049.32,51.2122,9.87748,1109.02,102.262,94.1039,1117.03,112.258,99.7711,1125.6,122.447,93.1144,1120.55,112.237,87.0143,0,0,0
000450:1014.92,45.4908,160.646,1016.65,42.0441,163.873,1016.4,48.4289,163.771,1021.89,35.9838,161.293,1023.32,52.2064,161.039,1022.9,28.5161,142.528,1033.62,58.7581,141.156,1007.37,22.6941,125.276,1046.72,68.3137,117.188,982.396,37.3264,124.155,1074.26,75.9622,99.4117,1029.02,34.7415,89.8781,1033.05,54.2028,89.6484,1026.09,35.3946,50.3617,1037.2,53.3886,50.1316,1028.39,34.4068,10.8585,1048.52,51.2171,10.1569,1107.83,102.709,94.3468,1115.29,112.601,99.9412,1123.6,122.709,93.3761,1119,112.606,87.3379,0,0,0
000451:1015.51,45.4713,160.778,1017.34,42.0161,163.998,1016.84,48.4056,163.906,1022.41,35.9546,161.411,1023.21,52.1826,161.16,1023.42,28.5056,142.697,1032.12,58.7442,141.348,1007.69,22.6372,125.473,1043.35,68.1991,117.353,981.949,37.1329,124.452,1068.34,75.7899,99.4606,1029.48,34.8471,90.1783,1032.4,54.3161,89.992,1026.33,35.4088,50.5827,1036.05,53.4175,50.4689,1027.83,34.2465,11.1064,1047.19,51.2472,10.4049,1103.72,102.51,94.9022,1113.48,112.574,100.497,1122.57,122.831,93.8719,1115.42,112.518,87.8466,0,0,0
000452:1012.85,45.4962,160.657,1015.12,42.0562,163.891,1014.96,48.4231,163.775,1022.09,35.9803,161.353,1023.91,52.1742,161.094,1024.21,28.5882,142.624,1035.12,58.7136,141.179,1007.01,23.0866,125.681,1046.55,68.2038,117.191,980.471,38.2508,125.226,1065.95,75.6624,99.7856,1029.55,34.8315,89.7793,1033.79,54.2681,89.5422,1024.8,35.4655,50.2789,1036.15,53.5332,50.0649,1027.77,34.4975,10.7022,1047.65,51.4467,10.0175,1105.28,102.704,94.7969,1117.66,112.638,100.143,1128.18,122.769,93.6598,1118.49,112.589,87.8771,0,0,0
000453:1014.34,45.6277,160.741,1016.16,42.1714,163.967,1015.83,48.5332,163.846,1021.31,36.0073,161.365,1022.4,52.1823,161.063,1022.29,28.4274,142.685,1031.96,58.5172,141.186,1006.27,22.7106,125.663,1044.83,67.8633,117.09,981.801,37.8555,125.131,1069.32,75.4774,99.4391,1028.35,34.5603,89.9962,1032.03,54.0183,89.7938,1024.78,35.2262,50.4102,1035.25,53.4018,50.3047,1028.19,34.1969,10.71,1047.75,51.5188,10.1624,1105.97,102.891,94.9953,1114.97,113.002,100.837,1123.48,123.458,94.2077,1117.2,113.114,87.9256,0,0,0
000454:1013.73,45.5485,160.565,1015.62,42.0765,163.801,1015.57,48.4431,163.673,1021.38,35.8491,161.251,1023.28,52.013,160.964,1022.91,28.3246,142.56,1033.76,58.371,141.023,1006.53,22.6025,125.797,1045.76,67.8923,116.961,980.508,37.7153,125.549,1068.77,76.0564,99.1201,1029.16,34.6304,89.6402,1033.51,54.0417,89.4175,1024.36,35.354,50.2048,1035.88,53.4565,50.0443,1027.98,34.3415,10.6485,1047.71,51.5034,10.1403,1105.59,103.198,94.8013,1114.86,113.079,100.464,1124.98,123.406,93.9545,1118.58,113.321,87.8477,0,0,0
000455:1012.44,45.5969,160.502,1014.52,42.1107,163.741,1014.4,48.4695,163.634,1020.62,35.854,161.287,1022.34,52.0438,160.991,1022.49,28.3292,142.714,1033.45,58.3814,141.215,1006.92,22.7689,126.049,1046.15,67.6849,117.245,983.423,38.5448,126.296,1068.6,75.331,99.8244,1028.91,34.7777,89.8644,1033.11,54.2315,89.6706,1025.16,35.3964,50.29,1036.33,53.6283,50.1897,1026,34.2362,10.8653,1046.21,51.4956,10.3003,1099.43,103.245,95.5807,1109.74,113.427,101.316,1117.43,123.747,94.7086,1109.62,113.348,88.57,0,0,0
000456:1014.57,45.4524,160.643,1016.63,41.9801,163.865,1016.32,48.3199,163.754,1022.45,35.806,161.317,1023.66,51.9306,161.063,1023.43,28.5126,142.699,1033.95,58.2818,141.209,1005.28,23.2177,126.222,1047.05,67.6692,117.235,977.262,38.7891,126.72,1069.99,75.697,99.7125,1030.02,34.8826,89.6628,1033.53,54.1523,89.4625,1025.74,35.4503,50.0811,1035.42,53.409,50.0385,1028.02,34.3002,10.6529,1047.36,51.3336,10.0587,1100.94,103.689,95.7608,1110.34,113.833,101.668,1116.19,124.207,95.186,1109.38,113.88,88.8838,0,0,0
000457:1014.41,45.4947,160.577,1016.6,42.021,163.808,1016.41,48.349,163.699,1022.87,35.8468,161.322,1024.58,51.948,161.052,1023.67,28.5331,142.805,1035.53,58.2647,141.302,1004.28,23.2919,126.237,1048.79,67.5441,117.19,974.495,38.6161,126.555,1071.14,75.597,99.4045,1029.41,34.892,90.0567,1033.71,54.1231,89.8309,1025.1,35.4565,50.39,1035.65,53.4293,50.2995,1027.75,34.1915,10.7356,1047.43,51.4587,10.1151,1101.62,103.54,95.4603,1111.27,113.692,101.239,1118.56,124.047,94.6463,1111.45,113.682,88.4627,0,0,0
000458:1014.49,45.4825,160.464,1016.65,42.0146,163.673,1016.28,48.3386,163.547,1022.71,35.7796,161.087,1023.73,51.8911,160.789,1024.43,28.3558,142.502,1034.01,58.1122,140.911,1009.77,22.8752,126.27,1047.16,67.5049,116.994,985.089,38.8648,127.253,1071.95,75.6491,99.5808,1029.26,34.596,89.5887,1032.45,53.8865,89.42,1025.01,35.2992,50.1534,1034.74,53.4377,50.1718,1027.44,34.2299,10.7503,1046.23,51.5081,10.4102,1102.18,103.851,95.422,1109.09,113.992,101.4,1113.98,124.397,94.8276,1109.88,114.095,88.4343,0,0,0
000459:1013.15,45.4988,160.55,1015.47,42.0159,163.756,1015.54,48.325,163.643,1022.17,35.7533,161.234,1024.58,51.8478,160.963,1021.4,28.3697,142.698,1036.66,58.0507,141.097,1000.9,23.277,126.538,1050.57,67.3039,117.069,971.171,39.4624,127.649,1071.11,75.2595,99.7162,1026.57,34.6029,89.821,1032.42,53.8414,89.5676,1022.91,35.3526,50.314,1033.54,53.4412,50.2913,1028.82,34.1047,10.4918,1046.27,51.3722,10.3601,1103.57,103.724,95.2729,1114.24,114.015,101.08,1121.76,124.537,94.4073,1113.48,114.001,88.2004,0,0,0
000460:1011.99,45.5003,160.646,1014.11,42.0059,163.866,1013.63,48.3151,163.756,1019.91,35.6872,161.376,1020.73,51.7741,161.086,1021.59,28.3013,142.841,1031.46,57.9239,141.317,1005.57,23.1558,126.497,1045.73,67.1233,117.321,979.497,39.4172,127.503,1070.27,75.1079,99.8913,1028.6,34.7357,89.8195,1031.97,53.9934,89.6738,1024.91,35.3971,50.2115,1034.73,53.4344,50.2638,1028.22,34.3342,10.6272,1047.05,51.478,10.2639,1099.22,104.2,95.6336,1106.1,114.471,101.723,1111.46,124.958,95.0183,1107.11,114.525,88.5437,0,0,0
000461:1013.29,45.5795,160.679,1015.54,42.0778,163.889,1015.18,48.3623,163.768,1021.39,35.7316,161.362,1022.49,51.8034,161.038,1022.21,28.3509,142.906,1033.43,57.8096,141.345,1006.1,23.4461,126.634,1048.88,66.8238,117.401,979.781,39.8253,127.846,1076.07,74.7144,100.235,1027.07,34.6214,90.1622,1031.06,53.7978,89.9827,1023.82,35.1763,50.5293,1034.39,53.2373,50.5208,1026.37,34.2891,10.9881,1046.97,51.5162,10.3796,1100.66,104.265,95.8584,1107.26,114.58,101.871,1111.73,125.058,95.0701,1107.81,114.571,88.6693,0,0,0
000462:1012.44,45.5573,160.568,1014.79,42.0584,163.769,1014.75,48.3241,163.664,1021.53,35.6932,161.288,1023.36,51.7266,160.983,1022.95,28.3324,142.838,1035.74,57.7252,141.268,1007.29,23.4289,126.771,1050.26,66.7466,117.33,980.485,40.1471,128.403,1072.85,74.6481,100.331,1028.39,34.7023,89.8917,1033.04,53.8648,89.7403,1023.78,35.4196,50.377,1033.84,53.5466,50.4811,1027.07,34.3368,10.7455,1045.61,51.68,10.5523,1099.67,104.558,95.8676,1106.56,115.045,102.003,1110.01,125.637,95.1558,1105.85,114.985,88.6393,0,0,0
000463:1014.21,45.4632,160.52,1016.19,41.9573,163.745,1015.96,48.265,163.621,1021.1,35.5714,161.296,1022.6,51.7175,160.951,1020.65,28.1693,142.954,1033.79,57.7233,141.307,1004.44,23.3559,127.098,1049.15,66.7316,117.344,979.32,40.5438,129.192,1076.01,74.5875,100.288,1027.59,34.4257,89.9796,1032.48,53.7198,89.7756,1025.01,35.0901,50.2027,1035.56,53.3479,50.256,1028.73,34.1707,10.3761,1047.25,51.5317,10.1222,1098.2,104.615,96.0698,1102.73,115.16,102.241,1105.52,125.699,95.2781,1103.62,115.013,88.7287,0,0,0
000464:1013.44,45.3403,160.578,1015.53,41.881,163.816,1015.23,48.1936,163.658,1020.92,35.6238,161.308,1022.15,51.7587,160.992,1021.18,28.4221,142.99,1032.81,57.8922,141.233,1004.51,23.8109,127.398,1046.6,67.0966,117.108,979.143,40.9758,129.774,1072.09,75.5208,99.6145,1027.72,34.4719,89.8882,1032.04,53.7099,89.6133,1024.19,35.1486,50.1309,1034.35,53.4131,50.1673,1028.79,34.11,10.3226,1045.46,51.6262,10.1632,1102.96,105.228,96.109,1107.35,115.554,102.221,1111.29,126.097,95.4696,1109.68,115.668,88.9506,0,0,0
000465:1012.57,45.4689,160.537,1014.45,41.9801,163.759,1014.09,48.2486,163.645,1019.56,35.5869,161.307,1020.88,51.6135,161.001,1020.44,28.2583,142.95,1031.9,57.6064,141.318,1004.2,23.577,127.137,1046.41,66.7951,117.392,977.296,40.7951,129.283,1069.38,75.0644,100.373,1029.02,34.4994,89.8192,1033.31,53.6973,89.6499,1024.15,35.2686,50.2581,1034.5,53.4349,50.3352,1029.56,34.0835,10.3971,1047.89,51.5183,10.2385,1098.73,105.132,95.8323,1104.34,115.465,101.951,1107.83,125.955,95.2062,1104.82,115.488,88.6911,0,0,0
000466:1012.65,45.4232,160.431,1014.66,41.9356,163.637,1014.41,48.2376,163.508,1019.99,35.5507,161.094,1021.41,51.6956,160.787,1020.33,28.1861,142.682,1032.29,57.7817,141.013,1003.65,23.2177,127.214,1046.86,67.2239,117.306,977.292,40.5192,129.827,1070.56,75.46,100.641,1027.35,34.4116,89.4827,1032.12,53.7339,89.257,1022.45,35.135,50.03,1034.32,53.4339,49.9921,1026.15,34.2793,10.516,1047.35,51.6379,10.0344,1100.05,105.232,95.7589,1105.05,115.697,101.819,1108.58,126.246,94.9119,1106.15,115.657,88.455,0,0,0
000467:1012.96,45.3728,160.473,1014.98,41.8818,163.704,1014.62,48.1636,163.569,1020.23,35.4751,161.302,1021.59,51.6072,160.979,1020.26,28.1822,143.039,1032.68,57.6549,141.418,1002.44,23.7804,127.406,1046.71,66.8022,117.53,974.318,41.5006,130.071,1069.84,74.8341,100.504,1028.55,34.4315,89.9818,1033.34,53.7492,89.7723,1023.29,35.0204,50.4296,1034.86,53.4798,50.4186,1025.97,34.2725,10.8769,1047.7,51.9503,10.1686,1102.59,105.382,95.5021,1108.19,115.928,101.494,1111.35,126.346,94.5263,1108.16,115.679,88.1735,0,0,0
000468:1012.65,45.3622,160.326,1014.76,41.8895,163.566,1014.3,48.1822,163.41,1020.12,35.5336,161.156,1021.35,51.6496,160.799,1021.33,28.2881,142.96,1031.67,57.6833,141.21,1005.54,23.9694,127.582,1044.17,66.8248,117.412,981.738,41.8995,130.629,1065,74.9986,100.641,1028.89,34.3809,89.9327,1032.97,53.6354,89.6504,1024.72,34.9062,50.2122,1036.26,53.1539,50.1697,1027.59,34.1977,10.644,1048.79,51.5119,9.8622,1096.14,105.928,95.582,1103.59,116.494,101.398,1108.81,127.015,94.4003,1103.78,116.319,88.2049,0,0,0
000469:1014.03,45.3129,160.34,1016.07,41.878,163.563,1015.62,48.1368,163.431,1020.95,35.6586,161.166,1022.5,51.6755,160.819,1021.21,28.6031,143.031,1032.68,57.6757,141.297,1002.51,24.6401,127.76,1046.43,66.6113,117.446,975.969,42.4558,130.921,1069.52,74.7202,100.602,1029.08,34.536,90.1387,1033.21,53.6602,89.8476,1025.02,34.8998,50.435,1035.57,53.3193,50.4389,1028.4,33.9442,10.8442,1048.52,51.8975,10.1031,1091.8,106.437,95.5794,1099.45,116.967,101.367,1102.66,127.395,94.5285,1097.3,116.746,88.3863,0,0,0
000470:1012.05,45.3147,160.421,1014.08,41.8655,163.643,1013.39,48.1242,163.505,1019.38,35.5517,161.208,1020.06,51.6285,160.852,1020.91,28.1655,142.954,1030.66,57.6406,141.259,1006.62,23.468,127.363,1045.43,66.8458,117.405,981.695,40.8514,129.949,1069.57,75.1487,100.451,1028.64,34.1213,89.973,1031.96,53.4125,89.78,1024.17,34.7624,50.3518,1033.8,53.1558,50.4498,1029.38,34.0042,10.4776,1047.8,51.6712,10.1608,1097.11,106.273,95.1523,1102.38,116.795,101.057,1104.88,127.297,94.119,1102.07,116.647,87.8158,0,0,0
000471:1012.86,45.1754,160.51,1014.77,41.7028,163.721,1014.26,47.9687,163.591,1019.13,35.3542,161.253,1020.45,51.41,160.939,1018.68,28.2225,143.025,1030.91,57.4235,141.338,1000.3,24.0796,127.846,1044.7,66.624,117.592,974.406,41.9397,131.219,1068.89,75.2199,100.808,1028.42,34.3533,89.8213,1033.12,53.5451,89.5673,1024.21,34.8724,50.0093,1035.56,53.2257,50.0066,1027.01,34.0263,10.366,1048.05,51.6935,9.65117,1096.03,106.63,95.1859,1102.32,117.055,100.894,1105.32,127.423,94.0195,1101.51,116.897,87.9174,0,0,0
000472:1012.58,45.2279,160.401,1014.64,41.7603,163.643,1013.88,48.0705,163.505,1019.06,35.4121,161.222,1019.9,51.5643,160.849,1018.93,28.0669,142.978,1029.07,57.64,141.246,1001.35,23.5431,127.731,1042.45,66.9553,117.53,975.576,41.1826,130.978,1065.89,75.4355,100.889,1026.63,34.1483,89.9008,1030.31,53.5178,89.6494,1022.96,34.6063,50.0418,1033.76,53.0933,50.0494,1027.8,33.9193,10.1225,1047.11,51.6021,9.52837,1091.42,107.177,95.3738,1097.5,117.518,101.109,1102.1,128.045,94.2519,1098.33,117.582,88.1069,0,0,0
000473:1012.66,45.1995,160.363,1014.71,41.7327,163.605,1013.84,48.0189,163.465,1019.2,35.3691,161.246,1019.9,51.5105,160.888,1019,28.1492,143.085,1029.06,57.5575,141.435,1000.88,24.1906,127.688,1042.32,66.7831,117.752,974.656,42.4713,130.87,1064.77,75.1769,101.052,1026.79,34.188,90.1595,1030.49,53.5036,89.9257,1023.23,34.6024,50.4669,1034.73,53.1179,50.4377,1026.35,34.0877,10.9127,1047.68,51.7195,10.0652,1088.7,107.219,94.9902,1094.78,117.849,100.68,1098.4,128.276,93.5639,1094.34,117.537,87.5224,0,0,0
000474:1012.43,45.2242,160.318,1014.54,41.7361,163.566,1013.59,48.0299,163.425,1019.11,35.2873,161.223,1019.3,51.4759,160.852,1019.11,27.9111,143.027,1027.93,57.4275,141.357,1002.45,23.7588,127.635,1041.17,66.5223,117.624,975.327,42.1821,131.013,1066.07,74.9279,100.822,1026.36,33.9667,89.9166,1029.05,53.3371,89.7615,1023.07,34.4978,50.1122,1033.04,53.0349,50.2341,1027.51,33.977,10.2961,1048.6,51.6603,9.63678,1085.75,107.291,94.8874,1093.15,118.028,100.524,1096.28,128.479,93.4026,1090.87,117.611,87.4241,0,0,0
000475:1010.88,45.0172,160.357,1013.13,41.5856,163.6,1012.38,47.8722,163.46,1019.09,35.3555,161.219,1020.01,51.4912,160.878,1020.92,28.1711,143.04,1030.61,57.6469,141.362,1003.99,24.1472,127.609,1044.79,67.0371,117.639,977.238,42.2635,130.659,1066.45,75.7601,100.952,1027.7,33.9842,90.0229,1031.3,53.2892,89.7752,1022.09,34.5551,50.3471,1034.66,52.9629,50.2187,1025.28,33.9508,10.6854,1048.87,51.5163,9.72909,1085.9,107.952,94.5697,1093.34,118.729,100.012,1097.64,129.21,92.799,1092.4,118.327,86.9677,0,0,0
000476:1013.2,45.0816,160.429,1015.2,41.6449,163.654,1014.83,47.9649,163.5,1019.42,35.3446,161.181,1021.29,51.5153,160.784,1017.84,28.0803,142.983,1030.73,57.4845,141.135,996.535,24.0505,127.955,1044.14,66.5686,117.26,968.953,42.3116,131.56,1064.83,75.0131,100.49,1025.51,33.8337,89.939,1030.73,53.1607,89.5899,1021,34.3461,50.2836,1033.67,52.8861,50.1915,1026.02,33.9388,10.6193,1047.61,51.6621,9.84794,1083.1,107.971,94.36,1090.68,118.883,99.9203,1095.31,129.592,92.6115,1089.91,118.557,86.6817,0,0,0
000477:1012.16,45.2986,160.475,1014.39,41.8508,163.722,1013.71,48.1233,163.549,1019.87,35.3872,161.402,1021.08,51.4851,160.922,1020,27.8209,143.402,1031.17,57.1635,141.503,1000.21,23.6934,128.355,1044.78,66.1681,117.69,970.851,42.0879,132.054,1065.47,74.8593,100.92,1026.67,33.4153,90.6086,1030.86,52.686,90.3702,1021.93,34.1938,50.8055,1033.95,52.6406,50.8432,1025.02,34.0158,10.9466,1047.05,51.7317,10.3352,1085.08,107.813,93.9614,1091.14,118.868,99.5183,1096.81,129.632,91.8158,1092.66,118.415,85.8906,0,0,0
000478:1011.93,45.0507,160.425,1013.88,41.6334,163.642,1013.16,47.9265,163.483,1018.58,35.3427,161.177,1019.58,51.4936,160.747,1018.1,27.9473,143.071,1029.02,57.3748,141.25,999.69,23.6877,127.847,1041.59,66.4935,117.516,971.2,41.6611,131.093,1061.27,75.0077,100.768,1026.12,33.4474,90.2415,1030.34,52.7856,89.9434,1022.1,34.017,50.4748,1033.97,52.5941,50.4328,1027.2,33.6753,10.5915,1049.11,51.691,9.81969,1082.75,107.791,93.7364,1088.64,119.107,99.3649,1093.86,130.013,91.5137,1089.83,118.53,85.517,0,0,0
000479:1011.94,45.2077,160.513,1014.14,41.7797,163.723,1013.36,48.067,163.548,1019.53,35.4117,161.175,1020.49,51.5459,160.758,1019.28,27.9934,142.945,1029.84,57.3342,141.109,998.722,24.0247,127.672,1042.49,66.5354,117.348,969.048,42.4054,130.908,1060.63,75.341,100.627,1026.1,33.3862,89.962,1030.17,52.6688,89.6806,1021,34.0115,50.2939,1033.23,52.5157,50.2412,1024.99,33.748,10.6197,1048.36,51.5777,9.75549,1081.87,107.682,93.2977,1090.17,119.023,98.7904,1095.93,129.902,90.9499,1089.47,118.379,85.0961,0,0,0
000480:1010.66,44.9746,160.548,1012.86,41.5666,163.779,1012.12,47.8795,163.592,1018.54,35.2949,161.3,1019.44,51.5077,160.838,1018.13,27.7316,143.129,1028.93,57.4324,141.247,998.285,23.1145,127.858,1040.62,66.6371,117.41,968.683,40.6924,130.887,1057.1,75.0645,100.454,1024.9,33.167,90.243,1028.94,52.5975,89.9225,1022.51,33.7737,50.2872,1033.79,52.3337,50.2673,1025.61,33.7364,10.4982,1047.5,51.6065,9.67064,1082.97,107.66,92.7581,1091.03,119.207,98.1249,1097.69,130.147,90.0296,1091.11,118.372,84.2942,0,0,0
000481:1011.94,45.1608,160.4,1013.95,41.7215,163.635,1013.48,48.0276,163.449,1018.62,35.2664,161.177,1020.16,51.4401,160.703,1017.74,27.6303,142.97,1029.53,57.135,141.07,997.865,23.199,127.66,1041.88,66.1807,117.215,970.832,41.201,130.647,1059.86,74.9217,100.212,1025.27,33.1422,89.8669,1030.12,52.5109,89.5653,1021.58,33.7838,50.1026,1034.07,52.3659,50.0673,1026.3,33.5556,10.2974,1048.29,51.4437,9.69299,1081.52,107.93,92.1231,1088.48,119.456,97.5025,1094.5,130.333,89.3641,1089.46,118.628,83.6298,0,0,0
000482:1012.04,45.1695,160.549,1014.02,41.759,163.798,1013.11,48.0627,163.59,1018.58,35.3923,161.394,1019.37,51.5691,160.873,1018.4,27.6903,143.342,1027.92,57.2791,141.368,999.952,23.255,128.029,1040.44,66.2871,117.414,973.6,41.1896,131.043,1060.32,75.0728,100.038,1025.24,32.9292,90.58,1028.92,52.3365,90.2684,1021.87,33.5669,50.7128,1034.07,52.2266,50.6616,1024.64,33.5356,10.9609,1048.32,51.6352,10.0475,1081.11,108.273,91.3522,1088.88,119.841,96.3625,1095.36,130.506,88.0993,1089.28,118.747,82.7324,0,0,0
000483:1011.62,44.8285,160.355,1013.45,41.4455,163.623,1012.85,47.8058,163.406,1018.14,35.2336,161.23,1019.42,51.5788,160.726,1017.38,27.6265,143.121,1029.19,57.6143,141.164,995.576,23.0673,127.767,1042.01,66.6763,117.066,964.419,40.6125,130.562,1059.1,74.8612,99.4991,1027.17,32.9312,90.1383,1031.56,52.5938,89.7017,1024.88,33.2772,50.1778,1035.73,52.22,50.1214,1027.64,33.4293,10.5334,1048.17,51.7045,9.62025,1081.63,108.409,90.7954,1089.43,120.235,95.7842,1095.12,130.87,87.4078,1088.74,118.873,82.0846,0,0,0
000484:1012.68,44.9332,160.396,1014.67,41.5692,163.622,1013.82,47.9206,163.421,1019.26,35.379,161.081,1019.96,51.6648,160.557,1018.77,27.6508,142.869,1027.79,57.6075,140.924,1001.09,22.5716,127.365,1038.16,66.6732,117.066,975.524,39.4392,129.624,1055.63,74.9843,99.7335,1024.9,32.8777,90.1318,1028.35,52.4711,89.7598,1022.65,33.3288,50.3403,1034.25,52.1907,50.2566,1025.09,33.5897,10.891,1047.27,51.8626,9.90214,1082.04,108.612,90.1908,1089.45,120.414,95.1365,1095.6,131.162,86.6659,1089.8,119.175,81.3582,0,0,0
000485:1010.47,44.9374,160.394,1012.38,41.59,163.617,1011.77,47.886,163.406,1017.85,35.4546,161.136,1019.06,51.6456,160.635,1016.24,27.8876,143.103,1029.34,57.5422,141.16,992.275,23.1947,127.805,1040.26,66.6671,117.438,955.56,39.8982,130.229,1053.52,75.1181,100.265,1026.12,32.865,90.3518,1030.95,52.2789,89.895,1024.32,33.233,50.4465,1034.61,51.9174,50.3908,1027.89,33.3261,10.7689,1048.37,51.6795,9.8868,1079.38,108.186,89.9345,1088.1,120.403,94.6247,1094.03,131.016,85.7502,1086.59,118.585,80.7357,0,0,0
000486:1010.91,44.8855,160.562,1013.06,41.5504,163.839,1012.31,47.9109,163.606,1018.77,35.443,161.473,1019.48,51.7733,160.897,1018.62,27.6259,143.379,1028.87,57.738,141.336,1000.33,22.1649,127.885,1039.7,66.6748,117.281,969.826,38.4715,129.95,1055.18,74.7349,99.5185,1025.13,32.7238,90.4336,1028.86,52.3533,89.9974,1022.56,33.1537,50.5597,1033.72,52.0165,50.4426,1026.48,33.3375,10.8326,1047.45,51.7105,9.9691,1080.6,108.296,89.3203,1087.14,120.483,94.0356,1093.06,131.067,85.1263,1087.91,118.704,80.0844,0,0,0
000487:1009.87,44.9259,160.298,1012.01,41.5547,163.57,1011.31,47.9132,163.341,1018.39,35.2788,161.179,1018.62,51.6289,160.617,1020.01,27.3103,142.954,1028.01,57.5553,141.018,1002.13,21.625,127.192,1037.32,66.5715,117.058,968.819,37.8806,128.886,1052.04,74.7622,99.212,1027.73,32.681,89.9053,1030.21,52.4199,89.5663,1024.43,33.0216,50.1959,1033.38,52.0334,50.2832,1027.27,33.1007,10.6918,1047.38,51.6754,9.9684,1082.72,107.921,88.3321,1091.03,120.323,92.9827,1098.29,131,83.8393,1091.45,118.405,78.8714,0,0,0
000488:1010.03,44.7688,160.328,1012.26,41.4336,163.583,1011.67,47.7993,163.343,1018.44,35.3152,161.096,1019.38,51.663,160.52,1018.27,27.465,142.851,1029.5,57.6326,140.846,997.559,21.9077,127.16,1041.68,66.5912,116.78,964.664,37.7569,128.703,1058.76,74.5463,98.9029,1024.39,32.6109,89.992,1028.4,52.2818,89.5059,1022.86,32.7828,50.1715,1032.68,51.7404,50.1241,1028.07,33.1293,10.501,1046.98,51.6892,9.68972,1084.52,108.106,87.5499,1091.84,120.591,92.1208,1098.49,131.233,82.8474,1092.65,118.563,77.9434,0,0,0
000489:1010.28,44.8632,160.437,1012.28,41.5119,163.668,1011.81,47.8804,163.447,1017.89,35.3151,161.07,1019.16,51.669,160.505,1018.2,27.3041,142.607,1029.15,57.6455,140.663,1001.07,21.2622,126.472,1039.38,66.6684,116.584,972.595,36.2759,127.071,1053.34,74.8145,98.673,1025.64,32.5887,89.5536,1029.82,52.3741,89.104,1024.08,32.783,49.7698,1033.73,51.8788,49.7461,1028.99,33.0972,10.1735,1046.39,51.8263,9.57466,1082.26,108.205,87.0848,1089.28,120.409,91.6548,1095,130.958,82.6353,1089.55,118.576,77.7041,0,0,0
000490:1009.82,44.9317,160.371,1012.03,41.572,163.638,1011.56,47.9462,163.406,1018.23,35.2803,161.202,1019.27,51.674,160.599,1018.18,26.9989,142.791,1029.3,57.5754,140.809,998.6,20.6343,126.595,1040.1,66.5754,116.627,966.324,35.6444,127.077,1054.6,74.7667,98.3694,1024.4,32.3078,89.704,1028.61,52.1615,89.2903,1022.04,32.7205,50.1319,1033.13,51.7912,50.0427,1026.71,33.1004,10.6331,1047.4,51.5647,9.93757,1082.45,108.461,86.453,1087.9,120.717,91.0016,1092.32,131.11,81.8983,1088.36,118.702,77.0238,0,0,0
000491:1009.58,44.6553,160.266,1011.58,41.3401,163.526,1010.98,47.7315,163.291,1017.68,35.2743,161.042,1018.36,51.6876,160.437,1017.79,27.1266,142.669,1028.09,57.7847,140.749,997.912,20.7238,126.28,1038.7,66.8847,116.606,962.262,34.8863,126.206,1055.24,75.0131,98.1595,1023.69,32.2126,89.9892,1027.22,52.0852,89.5301,1022.7,32.4378,50.305,1032.32,51.5484,50.2094,1026.66,32.9644,10.8133,1045.86,51.627,9.97033,1079.35,108.549,85.701,1082.87,120.821,90.0527,1088.48,131.168,80.7049,1086.48,118.749,75.9886,0,0,0
000492:1010.02,44.8268,160.365,1011.94,41.5197,163.593,1011.3,47.8923,163.351,1017.56,35.3945,160.973,1018.21,51.7667,160.314,1017.19,27.0828,142.49,1028.61,57.6843,140.427,999.336,20.2598,126.255,1040.51,66.6941,116.227,967.209,34.1183,126.175,1056.3,74.6893,97.978,1024.16,32.0457,89.5522,1028.43,51.9389,89.0519,1024.07,32.2906,49.8537,1033.89,51.5427,49.7638,1029.19,32.7583,10.2857,1046.29,51.667,9.80138,1080.87,108.437,84.6284,1082.1,120.709,88.9297,1086.8,131.012,79.3987,1087.09,118.59,74.7078,0,0,0
000493:1010.76,44.5478,160.364,1012.24,41.2693,163.606,1011.36,47.6589,163.369,1016.79,35.3177,161.021,1016.89,51.75,160.381,1016.29,27.0931,142.583,1026.39,57.8749,140.643,1000.25,20.3083,125.871,1038.03,66.9403,116.376,966.783,33.6473,124.972,1058.18,74.8646,97.6518,1024.53,31.8879,89.9037,1027.78,51.8615,89.4216,1025.73,32.1033,50.0853,1033.55,51.3797,50.0508,1031.09,32.6114,10.3358,1045.58,51.5299,9.96766,1083.43,108.532,83.7927,1082.57,120.875,87.9486,1086.89,131.007,78.2443,1089.26,118.531,73.6876,0,0,0
000494:1010.46,44.683,160.266,1012.15,41.3576,163.49,1011.66,47.7371,163.288,1017.22,35.1755,160.912,1018.43,51.5557,160.285,1016.71,26.7556,142.389,1028.78,57.5376,140.482,1000.11,19.5197,125.664,1039,66.7039,116.335,974.823,32.5105,124.426,1052.4,74.9865,97.7094,1024.89,32.0674,89.6246,1029.8,51.9988,89.1463,1024.92,32.3063,49.9074,1035.3,51.4573,49.8117,1029.2,32.5506,10.298,1045.63,51.4268,9.95123,1082.48,108.462,82.7851,1083.26,121.055,86.8066,1087.96,131.227,76.8037,1088.82,118.471,72.3816,0,0,0
000495:1010.39,44.5255,160.23,1012.1,41.2753,163.486,1011.45,47.6583,163.225,1017.15,35.2649,160.938,1017.62,51.6794,160.244,1018.75,26.8274,142.484,1027.24,57.6712,140.467,1006.48,19.2133,125.725,1038.08,66.7106,116.273,983.82,31.4516,124.121,1056.42,74.8571,97.2569,1026.32,31.768,89.6015,1029.22,51.7302,89.0651,1025.16,31.7661,50.0123,1033.82,51.0511,49.9108,1030.92,32.3956,10.4902,1046.17,51.5746,9.99487,1083.01,108.357,82.0909,1083.57,121.136,85.9024,1087.07,131.108,75.7843,1088.4,118.224,71.5852,0,0,0
000496:1011.44,44.7227,160.28,1013.07,41.4213,163.547,1012.3,47.7958,163.293,1017.76,35.2127,161.049,1017.83,51.6212,160.342,1017.97,26.589,142.56,1026.9,57.4808,140.605,1003.34,19.1341,125.47,1037.13,66.3983,116.314,979.111,31.7014,123.492,1054.28,74.5146,97.1345,1025.84,31.699,89.6449,1029.25,51.7167,89.1798,1025.87,31.7864,49.964,1035.43,51.1392,49.8625,1028.62,32.2381,10.6096,1046.34,51.4518,10.0157,1081.76,107.962,81.3441,1082.32,120.771,85.0576,1087.72,130.712,74.6734,1088.46,117.755,70.6162,0,0,0
000497:1009.41,44.4541,160.317,1011.16,41.1855,163.572,1010.36,47.6006,163.325,1016.15,35.1053,161.005,1016.23,51.6202,160.282,1017.15,26.4035,142.394,1025.44,57.6036,140.411,1005.53,18.2881,125.174,1035.93,66.5361,116.113,983.977,29.9333,122.637,1055.04,74.3567,96.8913,1024.08,31.4203,89.4525,1027.12,51.5697,88.9514,1024.9,31.5348,49.812,1034.39,50.9418,49.6738,1030.85,32.056,10.2207,1046.79,51.1895,9.84372,1080.36,107.966,80.4321,1080.3,120.895,83.974,1085.19,130.806,73.4515,1086.76,117.725,69.5481,0,0,0
000498:1009.73,44.4244,160.155,1011.36,41.1581,163.432,1010.65,47.5481,163.196,1016.36,35.0815,160.979,1016.38,51.5106,160.24,1017.53,26.3613,142.423,1026.2,57.4874,140.524,1004.74,18.0536,124.954,1037.1,66.3668,116.184,979.613,28.6941,121.713,1056.16,74.1627,96.7357,1025.41,31.5564,89.6184,1028.66,51.6363,89.1375,1026.32,31.6601,49.9768,1035.81,50.9546,49.8267,1031.5,32.0782,10.4101,1047.29,51.2231,9.99536,1077.39,107.69,80.0833,1074.22,120.339,83.5909,1078.92,129.988,73.0901,1083.51,117.224,69.2123,0,0,0
000499:1010.27,44.0538,160.17,1011.63,40.7903,163.433,1011.26,47.2178,163.21,1015.99,34.7975,160.889,1017.19,51.3277,160.193,1015.43,26.0348,142.096,1026.91,57.5029,140.309,1002.61,17.5304,124.017,1036.96,66.5116,115.784,976.813,27.0636,119.352,1051.14,74.0621,96.0518,1023.41,31.2316,89.2836,1028.01,51.4813,88.7886,1024.9,31.4629,49.8651,1034.22,50.9143,49.7143,1032.77,32.2459,10.2418,1045.29,51.3036,10.186,1076.93,107.88,78.7246,1076.55,120.701,81.9068,1081.45,130.337,71.3016,1083.16,117.339,67.764,0,0,0
000500:1011.63,44.4104,160.136,1012.95,41.1222,163.387,1012.54,47.5465,163.149,1016.4,34.8951,160.845,1017.41,51.4389,160.067,1014.26,25.7526,142.069,1026.3,57.3746,140.063,999.549,16.5298,124.626,1036.14,66.4035,115.63,977.066,26.289,120.973,1051.64,74.1761,96.0315,1022.73,31.0277,89.0527,1027.86,51.3628,88.5147,1024.62,31.2996,49.6776,1035.6,50.8003,49.4544,1031.28,31.9478,10.2117,1047.07,50.912,10.0188,1075.41,107.727,78.6287,1072.27,120.234,82.0019,1076.37,129.849,71.5782,1080.81,117.168,67.8378,0,0,0
000501:1011.41,44.0971,160.225,1011.58,40.7326,163.335,1012.28,47.3171,163.37,1015.19,34.8008,160.845,1016.91,51.4414,160.078,1016.74,26.0683,142.046,1025.6,57.5108,140.124,1009.68,17.4902,123.939,1033.87,66.0793,115.344,994.218,26.2684,119.589,1053.47,73.8048,95.4669,1022.04,30.764,89.2591,1027.42,51.1831,88.7498,1023.85,31.1257,49.8874,1034.85,50.5329,49.6285,1028.33,31.832,11.0165,1046.61,51.1019,10.452,1075.07,107.899,78.2258,1068.92,119.918,81.6583,1076.3,130.042,71.0144,1083.31,117.74,67.0926,0,0,0
000502:1009.89,44.0109,159.935,1011.2,40.7514,163.193,1010.64,47.1747,162.973,1015.41,34.6795,160.666,1016.03,51.2664,159.879,1015.84,25.5755,141.857,1026.42,57.3642,140.036,1005.1,16.2659,123.619,1037.96,66.1822,115.338,981.265,24.8764,118.606,1056,73.282,95.3014,1024.5,30.9306,89.2718,1028.84,51.3582,88.7626,1024.93,31.0751,49.9605,1035.47,50.6103,49.7124,1029.97,31.9641,10.5404,1045.62,51.0078,10.1335,1076.11,107.693,77.4535,1069.99,120.388,80.794,1073.49,129.963,70.0205,1080.92,117.109,66.276,0,0,0
000503:1011.6,44.1105,160.066,1012.77,40.8603,163.286,1012.34,47.2793,163.051,1015.55,34.6806,160.687,1016.37,51.2414,159.855,1013.89,25.3613,141.901,1026.18,57.0934,139.816,1001.71,15.3268,124.459,1038.6,65.7916,114.986,985.745,24.108,120.408,1057.01,72.9579,94.8199,1023.99,30.7888,88.9392,1029.42,51.1959,88.4174,1024.57,31.2625,49.6859,1035.79,50.7751,49.5436,1029.55,31.9294,10.3261,1043.82,50.9526,10.5608,1075.78,106.935,76.5053,1068.02,119.831,79.813,1070.35,129.438,68.8064,1079.53,116.359,65.0887,0,0,0
000504:1010.59,44.1732,159.837,1011.89,40.9049,163.119,1011.27,47.3094,162.851,1015.45,34.6389,160.742,1016.02,51.2489,159.9,1014.44,25.2245,142.065,1025.45,57.1278,140.059,1003.03,15.4862,124.301,1035.75,65.9448,115.426,986.931,24.7831,120.031,1051.17,73.1033,95.3423,1023.44,30.559,89.1929,1028.04,51.0221,88.6816,1025.14,30.8386,49.809,1035.56,50.4058,49.6307,1031.15,31.6583,10.199,1045.84,50.6482,10.182,1069.53,106.09,76.4872,1063.02,118.842,79.4823,1066.01,128.002,68.5183,1073.65,115.047,65.161,0,0,0
000505:1011.38,43.9224,159.863,1012.84,40.6862,163.091,1011.97,47.1086,162.833,1015.99,34.5543,160.525,1015.94,51.103,159.661,1014.41,25.2563,141.789,1023.47,56.9306,139.716,1001.22,15.4389,124.264,1032.57,65.3832,114.961,981.949,24.2058,120.196,1050.28,72.161,94.7204,1022.17,30.5795,89.1291,1025.89,50.9264,88.6425,1024.61,30.9216,49.765,1035.46,50.3398,49.585,1029.06,31.8509,10.5038,1046.6,50.7343,10.1435,1070.44,106.157,76.1621,1066.31,119.019,79.1544,1070.44,128.5,68.1736,1075.89,115.403,64.8129,956.135,62.0411,121.243
000506:1010.05,43.9069,159.749,1011.46,40.6499,162.982,1010.52,47.0337,162.75,1014.91,34.4348,160.514,1014.86,50.9489,159.66,1014.65,24.9826,141.813,1022.98,56.7778,139.892,1003.51,14.9314,123.693,1032,65.2844,115.133,987.592,22.8118,118.441,1047.42,72.1122,94.644,1023.44,30.4908,89.4313,1026.84,50.8998,89.0218,1024.81,30.8148,50.2076,1035.15,50.3449,50.0824,1031.29,31.4909,10.6479,1048.71,50.7334,10.3396,1069.69,106.01,75.5443,1066.15,118.9,78.4009,1070.65,128.261,67.2993,1075.43,115.112,64.0863,0,0,0
000507:1009.79,43.9663,159.855,1010.04,40.5347,162.994,1010.5,47.1085,162.968,1013.68,34.2588,160.644,1014.93,50.9337,159.738,1014.66,24.7509,141.85,1023.63,56.6707,139.745,1009.8,14.8037,123.733,1032.41,65.0465,114.606,994.108,22.7918,119.094,1050.12,72.3618,93.928,1020.31,29.843,89.0475,1025.71,50.477,88.6531,1024.74,30.5867,49.7212,1035.71,50.1643,49.6275,1031.92,31.6251,10.4134,1049.28,50.7745,10.4258,1073.17,105.938,75.1624,1067.48,118.28,78.1902,1074.86,128.096,66.9858,1081.5,115.408,63.4699,959.286,62.4442,118.938
000508:1009.5,43.8121,159.872,1009.74,40.3963,163.041,1010.41,47,163.001,1013.66,34.2216,160.732,1015.55,50.991,159.82,1014.8,24.6917,141.89,1024.24,56.888,139.815,1008.71,14.6,123.464,1031.1,65.0638,114.524,991.622,22.1638,118.286,1045.82,71.6413,93.7825,1020.41,29.8256,88.9982,1026.2,50.6113,88.5836,1024.5,30.5605,49.6289,1036.23,50.2453,49.4302,1030.11,31.69,10.4089,1048.98,50.8033,10.1507,1067.6,105.021,75.4301,1063.77,117.281,78.3002,1071.31,126.897,67.2858,1075.94,114.272,63.9519,959.374,62.4311,117.834
000509:1010.3,43.7439,159.672,1010.72,40.3374,162.844,1011.25,46.9325,162.783,1015.21,34.2103,160.541,1016.47,50.9359,159.621,1016.93,24.713,141.727,1025.17,56.7994,139.576,1011.8,14.3792,123.343,1032.92,64.8409,114.154,994.625,21.352,117.953,1048.56,71.4547,93.0355,1020.7,29.8429,88.8153,1025.57,50.5034,88.4151,1024.53,30.615,49.4362,1035.08,50.1205,49.2946,1030.87,31.4848,10.1501,1048.63,50.5639,10.052,1064.04,104.141,75.525,1057.32,116.11,78.5918,1063.13,125.48,67.8541,1070.72,113.187,64.3182,956.435,62.6984,116.437
000510:1010.27,43.6533,159.692,1011.96,40.4225,162.898,1011.06,46.7837,162.614,1015.37,34.2144,160.344,1015.82,50.6024,159.4,1014.71,24.4636,141.553,1023.5,56.2994,139.32,1004.75,13.7003,123.796,1031.56,64.5772,114.224,998.14,20.7843,118.427,1044.21,71.0791,93.5652,1021.46,29.8463,89.1783,1025.73,50.226,88.761,1023.77,30.5332,50.0331,1035.74,49.9665,49.8115,1028.87,31.4347,10.6822,1046.79,50.3161,10.5365,1062.83,103.293,75.6173,1060.39,114.994,78.0631,1065.77,123.798,67.9471,1069.31,111.758,65.0913,956.522,62.6854,115.336
000511:1008.59,43.5114,159.615,1010.42,40.3255,162.863,1009.46,46.6911,162.565,1014.37,34.2864,160.435,1014.76,50.708,159.493,1014.9,24.6414,141.716,1022.46,56.5364,139.537,1004.09,13.9967,123.671,1030.1,64.6553,114.465,994.647,20.6218,117.729,1039.88,70.4829,93.9224,1022.11,29.8615,89.2317,1025.67,50.2639,88.7673,1023.02,30.2807,50.0823,1035.01,49.7732,49.7252,1028.49,31.4163,10.7596,1048.28,50.466,10.0786,1060.88,102.67,76.2268,1062.26,114.526,78.4713,1067.47,123.136,68.4738,1067.14,110.938,65.8616,956.713,62.6667,114.214
000512:1010.52,43.6402,159.608,1010.85,40.2277,162.732,1011.2,46.7948,162.658,1014.36,34.0694,160.282,1015.62,50.711,159.37,1016.03,24.426,141.324,1022.64,56.5959,139.147,1010.41,13.9108,123.031,1028.24,64.574,113.824,1001.52,20.7744,117.248,1040.72,70.5896,92.9422,1020.88,29.5696,88.6374,1025.38,50.3573,88.2829,1024.95,30.2258,49.6528,1035.76,50.1589,49.4565,1029.93,31.1593,10.8825,1048.36,50.6452,10.6078,1059.47,101.435,76.2159,1057.29,112.464,78.9455,1064.24,121.365,69.1357,1067.23,109.931,65.9304,953.786,62.9329,112.828
000513:1008.45,43.4316,159.514,1009,40.063,162.668,1009.41,46.6018,162.557,1013.17,34.0405,160.319,1014.82,50.592,159.398,1015.93,24.4803,141.476,1022.82,56.5393,139.214,1011.74,13.9279,123.213,1028.84,64.4735,113.669,1005.15,20.3455,117.209,1039.03,70.5341,92.4242,1020.68,29.5322,88.6714,1025.26,50.2068,88.3057,1026.61,30.3109,49.3526,1036.95,50.098,49.1535,1031.33,31.1288,10.3486,1048.81,50.5889,10.1821,1053.22,100.379,76.4706,1053,111.24,78.9402,1058.53,119.753,69.4961,1059.61,108.501,66.5461,953.874,62.92,111.729
000514:1009.31,43.3444,159.568,1009.85,39.9866,162.758,1010.21,46.5324,162.616,1013.34,33.9296,160.455,1015.22,50.5898,159.509,1015.14,24.2707,141.631,1021.98,56.4969,139.355,1009.59,13.462,123.381,1026.74,64.3973,113.916,1004.21,19.7617,117.162,1036.77,70.0704,92.8333,1019.47,29.2903,88.6973,1024.31,50.0271,88.2886,1025.44,30.1067,49.5324,1037.48,49.8802,49.1885,1030.68,31.2864,10.6308,1051.46,50.5239,10.1402,1052.69,99.4451,76.4841,1054.68,110.705,78.7015,1061.62,119.19,68.8834,1060.52,107.53,66.2258,954.06,62.8989,110.249
000515:1008.13,43.1052,159.512,1008.83,39.7575,162.681,1009.38,46.3071,162.506,1012.7,33.7946,160.276,1015.18,50.4575,159.358,1015.25,24.1193,141.329,1021.91,56.5521,138.952,1010.93,12.9906,123.305,1024.98,64.5492,113.375,1007.63,19.0414,117.253,1028.7,69.9531,92.3415,1019.85,29.1615,88.2025,1024.45,50.0122,87.7957,1026.92,30,48.9778,1036.78,49.9419,48.7501,1031.52,31.3284,10.1768,1049.2,50.6095,9.89662,1049.88,97.6951,77.128,1057.5,108.383,79.055,1062.7,116.52,70.1623,1056.12,105.4,67.7715,957.307,63.2972,107.902
000516:1008.63,43.2136,159.612,1009.48,39.872,162.764,1009.48,46.3968,162.555,1013.33,33.8948,160.314,1014.1,50.4401,159.347,1016.31,24.1053,141.396,1019.74,56.3878,138.905,1015.81,12.8961,123.398,1022.53,64.2648,113.273,1010.68,18.7286,117.309,1031.74,69.9483,91.7743,1018.93,28.887,88.5212,1022.01,49.6482,88.1792,1024.87,29.7359,49.4475,1035.34,49.8057,49.1411,1029.63,30.991,10.6522,1050.59,50.673,10.0663,1055.57,96.5706,77.0196,1059.42,106.492,79.0505,1065.68,114.391,70.5502,1063.02,104.026,68.0075,957.397,63.2843,106.8
000517:1008.59,42.9926,159.459,1009.65,39.6692,162.586,1009.72,46.1982,162.373,1014.61,33.8336,160.072,1015.37,50.3499,159.102,1018.43,24.1527,141.115,1022.33,56.4381,138.604,1018.22,12.8336,123.29,1025.01,64.2324,113.04,1010.72,18.1159,117.365,1031.62,69.3392,91.9013,1020.91,29.0007,88.365,1024.25,49.7346,87.9527,1025.73,29.6324,49.3521,1036.36,49.5387,48.9661,1031.64,31.0692,10.5708,1051.23,50.3912,9.84331,1053.68,95.8211,77.0155,1055.09,105.281,78.9787,1061.08,112.98,70.7103,1060.62,103.038,68.2104,954.469,63.5493,105.429
000518:1007.17,42.929,159.554,1008.25,39.6069,162.68,1008.34,46.121,162.488,1013,33.7408,160.202,1014.34,50.2281,159.231,1015.56,24.0541,141.353,1020.65,56.2531,138.876,1010.5,12.9609,123.652,1022.43,64.0079,113.485,1001.92,18.5334,117.867,1026.34,68.8791,92.8199,1018.63,28.864,88.8702,1022.51,49.5703,88.4771,1025.31,29.5493,49.7711,1035.35,49.5058,49.463,1033.23,30.8383,10.6862,1050.44,50.3442,10.2688,1055.38,95.5631,77.5156,1061.59,105.194,79.1725,1071.28,113.026,70.729,1065.8,102.851,68.5585,954.656,63.5282,103.948
000519:1008.24,42.9619,159.506,1008.96,39.5749,162.604,1009.1,46.1123,162.389,1012.82,33.5566,159.996,1014.1,50.0927,159.022,1015.79,23.6919,140.987,1019.74,56.0731,138.459,1013.71,12.2075,123.334,1020.29,63.8441,113.012,1008.61,17.6935,117.592,1024.65,68.6603,92.1486,1019.98,28.776,88.4143,1024.03,49.5974,88.0215,1024.54,29.5025,49.5729,1038.17,49.4589,49.028,1027.36,31.1143,11.2043,1052.9,50.2555,9.93905,1062.41,94.6081,77.0153,1070.21,104.012,78.6692,1082.06,111.943,70.3086,1075.07,101.934,68.1291,954.844,63.5071,102.467
000520:1005.47,42.813,159.563,1006.91,39.5224,162.664,1006.62,45.9699,162.372,1013.47,33.6626,159.954,1012.92,49.9875,158.963,1018.38,23.9397,141.065,1020.87,55.8568,138.499,1016.99,12.6358,123.758,1022.53,63.3303,113.26,1002.34,17.9041,118.267,1026.51,67.4691,92.9964,1020.72,28.6054,88.7589,1022.91,49.0826,88.4483,1025.36,29.4457,49.8989,1035.37,49.0944,49.5552,1031.71,30.8457,11.1253,1051.07,49.9029,10.576,1034.62,89.4969,79.8294,1027.5,97.4841,81.5592,1032.62,104.161,74.0064,1039.34,95.5162,71.7262,955.032,63.486,100.985
000521:1005.46,42.6529,159.249,1006.67,39.4089,162.383,1007,45.8704,162.066,1011.65,33.619,159.861,1014.06,50.0897,158.819,1013.96,23.9034,141.15,1020.22,55.9076,138.252,1009.16,12.1798,124.258,1018.73,63.3065,112.707,1001.16,17.598,118.963,1016.46,67.3767,91.8157,1016.07,28.3619,88.2954,1020.96,48.888,87.7442,1022.94,29.3251,49.4504,1035.79,49.1461,48.8495,1031.45,30.7822,10.5943,1053.61,50.1906,9.87091,1047.75,89.6479,77.2588,1056.8,99.3946,78.2777,1065.8,106.33,69.7647,1058.12,96.0636,68.2601,955.216,63.4625,99.1436
000522:1006.49,42.4699,159.281,1007.73,39.1803,162.421,1007.93,45.6402,162.137,1013.19,33.229,159.906,1014.87,49.7033,158.905,1015.95,23.5341,141.226,1021.84,55.4366,138.591,1010.41,11.9743,124.232,1020.44,62.9726,113.748,999.756,17.6569,118.825,1019.58,66.5681,93.9981,1019.5,28.2618,88.5551,1024.28,48.7332,88.1203,1024.61,29.3091,49.6409,1038.18,49.0125,49.0871,1031.94,30.8199,10.5875,1054.52,50.2003,9.93715,1047.57,87.8949,77.4597,1050.67,97.565,78.2934,1058.14,103.829,69.4387,1056.45,93.678,68.1144,958.173,63.8868,97.9155
000523:1005.55,42.325,159.165,1007.03,39.092,162.319,1007.21,45.5399,161.98,1013.38,33.3313,159.854,1014.73,49.7304,158.8,1017.83,23.7161,141.202,1021.27,55.5453,138.398,1013.59,11.9885,124.2,1018.95,63.0231,113.178,1001.05,16.7632,118.395,1015.82,66.5855,92.6374,1020.61,28.2891,88.4537,1023.98,48.6691,87.9612,1025.4,29.1636,49.6098,1037.44,48.7247,49.0224,1032.91,30.8753,10.7339,1055.56,50.1252,9.74309,1048.35,86.2348,76.9092,1056.15,95.5547,77.1736,1065.24,101.35,68.654,1058.91,91.539,67.9077,955.437,64.1319,95.4404
000524:1004.58,42.2218,159.236,1006.51,39.002,162.374,1006.59,45.4535,161.985,1013.52,33.262,159.809,1015.28,49.7131,158.726,1018.04,23.5767,140.96,1021.09,55.5663,137.963,1012.54,11.7448,124.32,1016.75,62.9559,112.51,1000.37,16.8638,119.023,1011.3,66.2412,91.6098,1018.8,28.0002,87.91,1021.88,48.4745,87.3928,1026.07,28.9091,49.1476,1037.82,48.6823,48.494,1031.49,30.8923,10.7704,1054.21,50.0413,9.72713,1050.26,84.3661,75.782,1067.64,93.1856,74.9592,1083.21,98.5807,66.6795,1066.79,89.1748,67.0819,952.52,64.3945,94.0962
000525:1003.99,42.0965,159.101,1005.86,38.8809,162.229,1005.89,45.2981,161.832,1012.15,33.1342,159.597,1014.46,49.5426,158.551,1016.27,23.5609,140.63,1019.28,55.3818,137.693,1009.18,11.8383,123.952,1013.81,62.6466,112.356,997.724,16.9533,118.336,1005.81,65.578,91.6509,1017.8,28.1029,87.3876,1021.1,48.5077,86.8832,1023.86,28.9418,48.9466,1036.62,48.7622,48.2046,1030.6,30.7231,10.7789,1054.41,49.9838,9.65686,1050.03,82.3544,75.0804,1073.19,91.1194,73.6177,1090.99,96.1657,65.303,1068.71,86.7911,66.3999,952.71,64.3735,92.6163
000526:1004.81,42.0212,159.137,1006.08,38.8547,162.21,1006.64,45.1993,161.933,1012.71,32.9678,159.576,1012.79,49.4674,158.443,1017.1,23.2461,140.974,1016.48,54.9895,138.089,1007.76,11.6836,124.282,1013.22,62.002,112.39,995.638,16.3653,118.47,1005.47,65.1246,91.3466,1019.25,27.5366,88.2407,1020.03,47.8856,87.691,1025.55,28.669,49.1872,1034.78,48.3812,48.9001,1033.02,30.7533,10.4427,1053.27,50.1088,9.52725,1051.12,80.6863,74.1731,1076.1,89.6351,71.7663,1093.32,94.2137,62.6936,1068.44,84.6926,64.9313,952.895,64.3502,90.7772
000527:1003.83,41.8803,159.078,1005.43,38.6587,162.22,1005.46,45.0575,161.806,1011.67,32.8053,159.675,1013.95,49.2769,158.575,1015.86,23.1452,140.935,1018.76,54.8516,137.924,1007.85,11.0434,124.521,1012.52,61.8809,112.646,993.006,16.0665,119.105,999.498,64.1155,92.2114,1019.35,27.7256,87.6952,1022.4,48.0459,87.2373,1025.99,28.9847,49.0242,1038.27,48.666,48.4289,1031.1,30.7038,10.5363,1055.59,49.936,9.76307,1039.22,79.3018,73.4602,1062.36,88.9544,71.0737,1079.32,93.2455,61.5581,1057.06,82.9822,63.6728,953.085,64.3291,89.2965
000528:1003.96,41.8164,158.941,1005.52,38.6201,162.07,1005.29,45.0096,161.645,1011.17,32.811,159.582,1012.51,49.2179,158.389,1014.46,23.0589,141.263,1015.5,54.4978,138.134,1006.36,10.7677,125.047,1009.63,61.2081,112.923,990.918,15.1295,119.636,999.174,63.2741,92.5832,1015.74,27.3183,88.8922,1017.82,47.4334,88.4527,1024.13,28.7162,49.9782,1036.08,48.251,49.4655,1031.43,30.4437,10.8629,1055.65,49.8428,10.2517,1030.96,78.8955,73.3695,1047.44,88.9538,71.1707,1059.45,93.1051,61.2915,1044.03,82.4574,63.1835,956.128,64.744,87.3075
000529:1002.9,41.7649,158.882,1004.64,38.5978,161.99,1004.73,44.9831,161.565,1011.87,32.8516,159.392,1013.75,49.2646,158.201,1016.42,23.2703,140.994,1018.88,54.4813,137.868,1007.87,11.246,124.746,1011.7,60.7154,112.568,991.401,15.9074,119.389,994.56,61.89,92.5476,1018.57,27.5249,88.5422,1021.55,47.556,88.0512,1024.58,28.9971,49.7992,1036.86,48.3428,49.2872,1032.3,30.9055,10.7975,1054.82,50.0276,10.3826,1026.3,78.1237,72.6653,1040.06,88.5103,70.5094,1050.48,92.5805,60.2781,1037.72,81.6123,62.1375,953.41,64.989,85.2168
000530:1003.59,41.8884,158.759,1005.34,38.6929,161.944,1005.48,45.1135,161.47,1012.22,32.8275,159.573,1014.67,49.436,158.268,1016.89,22.9567,141.268,1018.91,54.5638,137.987,1009.98,10.4375,125.148,1010.09,60.4605,112.734,994.604,15.3575,120.181,989.577,60.5707,93.2493,1018.68,27.2989,88.4498,1021.58,47.574,87.879,1024.11,28.5771,49.7235,1036.68,48.1688,49.1453,1031.77,30.7194,10.7051,1055.53,49.8218,10.1003,1026.28,77.6263,71.3367,1045.42,88.6472,68.3977,1056.54,92.4345,57.524,1038.68,80.8588,60.2421,953.493,64.9716,83.399
000531:1003.09,41.4273,158.775,1004.8,38.2878,161.929,1004.62,44.6827,161.48,1010.95,32.6249,159.494,1013.4,49.1762,158.223,1014.53,22.9962,141.219,1017.11,54.299,138.014,1004.88,10.6265,125.048,1008.47,59.75,112.575,990.425,15.0559,119.799,989.642,59.3866,92.8649,1016.57,27.3177,88.5425,1019.62,47.4222,88.0424,1024.12,28.8874,49.6463,1036.72,48.3687,49.1508,1032.62,31.0108,10.4325,1055.01,50.1524,10.2095,1023.22,77.5528,69.8165,1038.77,88.7445,66.7357,1047.33,92.4009,55.7096,1033.26,80.661,58.5314,953.785,64.9424,81.5347
000532:1004.02,41.561,158.854,1005.32,38.4189,162.008,1005.27,44.8155,161.542,1010.31,32.6688,159.613,1013.15,49.2651,158.256,1013.27,22.8611,141.57,1016.17,54.1137,138.181,1002.46,10.1822,125.694,1008.34,59.3827,112.75,987.751,14.5722,120.682,989.711,58.7499,93.2027,1017.12,26.9528,89.0057,1020.42,47.0333,88.4632,1025.57,28.7752,49.8829,1038.38,48.2007,49.4133,1032.37,30.7557,10.4754,1054.97,49.9019,10.4989,1019.54,76.4317,68.7401,1037.75,88.3205,64.933,1047.1,91.7051,53.0479,1030.12,79.2305,56.6706,950.882,65.2052,80.5806
000533:1005.55,41.3403,158.761,1006.92,38.2049,161.92,1006.82,44.6251,161.463,1011.63,32.5215,159.53,1014,49.1561,158.169,1014.9,22.9485,141.378,1016.02,54.0731,138.183,1005.86,10.5006,125.225,1008.92,59.0842,112.974,989.798,14.9532,120.043,993.645,57.6788,93.702,1017.03,27.3185,88.8759,1019.46,47.342,88.3443,1023.33,28.817,50.0128,1036.52,48.0785,49.4747,1029.87,30.9335,10.9173,1056.21,49.8031,10.3187,1018.43,76.3659,67.5116,1037.17,88.773,63.5164,1046.55,92.1406,51.08,1029,79.1594,54.9474,953.811,65.627,78.5997
000534:1003.59,41.2909,158.681,1004.92,38.1608,161.819,1004.89,44.555,161.352,1010.14,32.3889,159.36,1012.94,49.0319,157.97,1013.11,22.8284,141.131,1016.42,53.7957,137.887,1000.07,10.2237,125.267,1009.51,58.6694,112.837,983.548,14.5979,120.344,991.393,57.0706,93.9604,1017.1,27.2982,88.1696,1020.41,47.2654,87.6022,1024.79,28.8534,49.2548,1037.42,48.06,48.8177,1032.34,31.1808,10.2366,1053.95,49.9285,10.2286,1012.14,76.1824,65.6613,1027.1,88.9666,61.5215,1035.86,92.1969,48.4325,1021.95,78.8508,52.4661,0,0,0
000535:1004.37,41.3856,158.695,1005.6,38.2629,161.863,1005.69,44.669,161.365,1010.12,32.4522,159.54,1013.38,49.1198,158.043,1012.01,22.7993,141.581,1015.44,53.6023,138.216,997.214,10.1987,125.675,1007.79,58.0764,113.125,978.356,14.2472,120.744,987.7,56.1568,94.4327,1014.23,27.0623,89.013,1017.67,46.9036,88.3925,1021.41,28.6851,49.9316,1034.5,47.7085,49.4805,1029.88,31.1941,10.4862,1052.71,49.8324,10.3985,1002.77,75.8525,63.8256,1017.12,89.0422,58.9987,1023.32,91.8234,45.4119,1010.18,78.0937,50.1457,945.166,67.0898,73.2095
000536:1004.16,41.2023,158.747,1005.45,38.0883,161.901,1005.24,44.4835,161.399,1010.11,32.2779,159.594,1012.85,48.9948,158.063,1012.93,22.6244,141.791,1014.5,53.3721,138.392,1000.09,9.56866,126.234,1005.66,57.6074,113.509,982.922,13.5163,121.89,985.428,55.2617,95.2501,1015.7,26.9453,89.189,1017.99,46.7857,88.6715,1023.83,28.8895,49.859,1035.95,48.0162,49.5812,1028.56,31.0136,10.4282,1051.5,49.9444,10.6923,997.517,75.1354,62.8125,1011.98,88.7971,57.4948,1016.86,91.3563,43.4368,1003.68,77.1524,48.694,948.49,66.0919,72.3003
000537:1005.69,40.9243,158.721,1007.03,37.8729,161.894,1006.45,44.2574,161.384,1011.6,32.1647,159.631,1012.62,48.8275,158.054,1014.95,22.7085,141.853,1012.34,53.1005,138.665,1005.82,10.1306,125.55,1002.52,56.9251,113.947,986.185,13.7893,120.247,983.399,53.9567,95.8168,1015.67,26.8827,89.5547,1015.68,46.5357,89.1302,1023.46,28.8262,50.1767,1034.22,47.7867,49.9558,1028.93,31.1111,10.5731,1052.65,50.1088,10.6665,989.154,73.9601,61.277,1000.46,87.8559,55.5454,1003.9,89.8513,41.0612,993.911,75.4612,46.7305,948.629,66.7721,70.0682
000538:1005.27,40.9995,158.831,1006.67,37.9172,161.986,1006.45,44.3058,161.448,1010.56,32.1045,159.683,1013.69,48.7818,158.039,1013.22,22.5084,141.937,1013.76,52.8352,138.494,1003.5,9.37431,126.361,1005.39,56.435,113.882,987.877,12.9823,121.974,982.981,52.9576,96.4927,1012.56,26.7349,89.4618,1014.37,46.3565,88.9685,1022.41,28.7042,50.0275,1034.33,47.818,49.7534,1031.44,30.9015,10.024,1053.97,50.097,10.4439,980.96,72.2561,60.7424,995.379,86.1343,54.4206,996.772,87.8684,39.9502,983.834,73.4388,46.2366,948.718,66.7573,68.6142
000539:1007.89,40.9306,158.663,1008.83,37.9068,161.839,1008.42,44.2609,161.31,1011.89,32.1781,159.657,1013.51,48.7211,157.999,1013.87,22.7883,142.323,1012.15,52.5715,139.064,1003.25,10.2093,126.394,1002.84,55.9104,114.936,985.486,13.6064,121.342,982.378,52.1256,98.0785,1014.15,26.6709,90.5604,1014.64,45.9677,90.159,1022.89,28.9874,50.888,1033.33,47.657,50.7225,1030.66,30.9363,10.4918,1050.73,50.0368,11.2721,975.162,70.7935,60.5885,982.914,84.6401,53.9807,982.995,85.582,39.2371,976.387,71.221,45.7926,948.853,67.4353,66.0244
000540:1005.61,40.8605,158.514,1007.13,37.8531,161.733,1006.62,44.1969,161.178,1012.2,32.0971,159.649,1012.5,48.6298,157.974,1017.07,22.7257,142.345,1012.21,52.3822,139.147,1014.95,10.3572,125.971,1002.29,55.4639,115.259,995.507,13.9242,120.546,982.228,51.1963,98.7422,1015.02,26.5144,90.5711,1013.81,45.6997,90.2042,1021.38,28.853,50.954,1030.56,47.251,50.8071,1029.37,31.1416,10.4675,1051.15,49.9331,10.9814,971.85,69.0966,60.9183,977.823,82.7725,54.22,975.741,83.1443,39.6653,970.929,68.9977,46.3226,955.448,66.8425,63.005
000541:1004.91,40.4978,158.452,1007.83,37.7293,161.494,1007.17,44.016,161.336,1013.09,32.0678,159.625,1013.13,48.5365,158.026,1018.29,23.0038,142.355,1013.2,52.3056,139.419,1008.93,10.2779,125.865,998.768,54.7072,115.7,985.059,13.5166,120.289,980.014,50.2781,99.4147,1014.17,26.3665,90.5479,1013.9,45.4933,90.09,1022.51,28.8964,50.9054,1030.16,47.0281,50.9409,1028.25,31.0111,11.1557,1048.28,49.541,11.4536,969.396,67.4592,61.3081,968.859,80.0331,54.5772,969.442,80.3457,40.2316,971.565,67.3796,46.8033,952.635,67.0887,60.9896
000542:1004.56,40.4605,158.719,1006.8,37.8015,161.666,1006.4,44.1001,161.804,1013.12,32.1262,159.851,1012.44,48.6485,158.383,1019.09,23.2079,142.789,1012.29,52.2797,140.021,1011.09,10.5585,126.055,1000.41,54.0019,115.873,984.595,13.8989,120.34,977.875,49.1495,100.127,1013.59,26.3735,90.9694,1011.53,45.4621,90.4437,1020.84,28.8746,51.012,1026.11,46.8559,51.3503,1030.78,30.9431,10.9124,1047.47,49.6371,11.1416,962.412,64.795,62.989,965.594,76.7289,55.6655,960.385,76.705,41.9868,957.776,64.5755,49.2279,949.732,67.342,59.3653
000543:1003.86,40.3638,158.709,1005.78,37.6914,161.677,1005.52,43.9988,161.793,1010.95,31.9381,159.867,1010.53,48.4918,158.413,1016.38,22.8431,142.854,1009.06,51.8541,140.009,1010.42,9.6145,126.43,996.857,53.3839,116.24,989.087,12.6896,120.72,975.063,48.0853,101.089,1010.91,25.7383,90.8017,1008.25,44.7697,90.3827,1020.33,28.6216,50.7098,1023.48,46.607,51.2716,1033.01,30.8873,10.1812,1045.95,49.6385,11.1003,949.077,62.0013,65.6944,952.243,73.6432,58.5407,945.45,73.3305,45.425,942.85,61.5057,52.5226,956.139,66.7693,57.7999
000544:1004.12,40.1064,158.74,1006.11,37.4372,161.7,1006.05,43.7768,161.764,1012.02,31.8263,159.718,1011.23,48.3732,158.308,1019.17,23.1483,142.651,1009.92,51.7266,139.897,1016.9,10.2087,126.19,996.175,52.7848,116.49,993.787,13.206,120.417,973.912,46.264,102.177,1013.74,26.0265,90.8863,1010.58,44.8986,90.4337,1019.24,28.7422,51.0374,1024.67,46.5393,51.3445,1031.02,31.29,10.6501,1050.22,49.878,10.6285,949.046,58.2225,68.0555,951.46,69.3465,60.969,942.231,68.4457,48.5787,940.62,57.1394,55.5646,939.198,62.7677,62.3408
000545:1004.52,40.0969,158.817,1006.15,37.4001,161.821,1006.01,43.7761,161.865,1011.79,31.7307,159.992,1011.34,48.3376,158.572,1017.5,23.012,143.133,1011.36,51.5976,140.408,1010.92,10.0578,126.614,999.114,52.4743,117.238,984.111,12.7731,120.434,978.312,45.3532,103.412,1014.12,25.8352,91.5939,1012.33,44.7367,91.0889,1020.75,28.5929,51.4225,1027.24,46.3125,51.6259,1031.72,31.2323,10.6306,1050.19,49.6994,10.6385,951.962,55.6111,70.0898,951.437,66.4531,63.1858,943.348,65.0823,51.0057,944.396,54.1029,57.8131,928.525,58.9663,65.2856
000546:1007.22,40.028,158.681,1008.14,37.2963,161.719,1007.87,43.6754,161.736,1012.85,31.7332,159.783,1012.6,48.4682,158.537,1017.46,23.2574,142.794,1014.59,52.0936,140.323,1015.42,10.7259,125.52,1001.97,52.7685,117.236,995.523,14.1091,118.287,977.364,44.1842,104.184,1016.94,26.1346,91.3989,1017.41,45.3154,90.8194,1022.78,28.8354,51.4919,1032.65,47.0987,51.4205,1030.67,30.7153,11.035,1049.59,49.5784,11.0705,945.352,52.7868,73.2969,939.94,63.373,67.3458,930.895,62.1874,55.7204,936.477,51.4052,61.5251,915.539,54.7803,66.5572
000547:1004.82,39.9346,158.856,1006.43,37.1797,161.883,1006.6,43.5888,161.825,1012.59,31.6076,159.964,1013.57,48.3034,158.638,1017.18,22.9376,143.236,1015.92,51.7179,140.395,1011.57,9.94127,126.955,1001.98,52.0568,117.489,989.16,12.8474,120.674,973.403,42.9731,105.077,1013.43,25.5971,92.1085,1014.69,44.6726,91.4272,1018.44,28.3353,52.1638,1027.84,46.4539,52.1141,1030.77,30.9364,11.3208,1048.56,49.5502,11.2312,940.182,48.6974,76.1371,941.69,58.2062,69.4062,936.056,56.3659,58.4887,934.754,46.6697,65.1249,907.922,50.804,69.9569
000548:1005.6,39.9514,158.831,1007.26,37.1603,161.887,1007.13,43.6003,161.813,1014.44,31.6069,159.964,1013.88,48.3569,158.746,1021.68,23.157,143.177,1016.65,51.7488,140.68,1023.6,10.339,125.877,999.337,51.4974,118.036,1000.48,13.1887,118.553,969.528,41.2679,106.209,1018.19,25.9583,92.2875,1017.68,45.0352,91.7421,1022.05,28.7262,52.253,1030.01,46.8744,52.3277,1031.25,30.9327,11.3092,1048,49.5744,11.387,935.02,45.6605,79.2866,929.09,54.8723,73.555,919.043,52.9331,63.4654,925.35,43.573,69.0409,894.767,46.8038,74.7269
000716:265.142,-177.003,1.50131
