000390:958.167,-108.12,154.764,957.308,-111.44,157.711,958.304,-104.909,157.75,961.021,-115.786,155.202,964.207,-99.3371,155.17,957.892,-123.176,134.301,968.685,-89.0902,133.45,946.559,-137.429,115.044,969.684,-74.9133,110.897,926.106,-144.742,98.3147,953.468,-69.0924,90.083,960.446,-114.016,82.8296,964.185,-93.3173,81.3396,972.592,-117.735,49.655,963.041,-98.7505,49.0027,1008.52,-122.322,14.3095,976.54,-107.409,14.8841,922.314,-69.1671,72.2503,902.683,-67.0264,68.4184,887.395,-69.1882,67.1056,905.538,-71.7072,70.6242,0,0,0
000391:956.889,-107.781,154.865,956,-111.094,157.795,956.797,-104.539,157.796,959.038,-115.373,155.128,961.973,-98.8826,155.05,956.979,-123.02,134.057,966.197,-88.7034,133.162,948.029,-137.97,114.648,968.149,-74.8676,110.53,929.515,-146.237,97.2525,953.057,-69.5353,89.9003,960.202,-114.036,82.4341,963.734,-93.1131,80.9815,969.594,-117.811,49.5948,963.073,-98.2362,48.6894,1002.96,-122.885,14.5315,978.406,-107.106,14.4847,920.809,-69.4212,73.2719,900.238,-67.0948,70.1409,883.375,-68.4621,68.991,902.359,-71.1992,71.8123,0,0,0
000392:956.795,-107.398,154.858,955.806,-110.776,157.88,954.704,-104.234,157.873,958.223,-115.208,154.918,961.426,-98.5989,154.829,955.664,-122.973,133.962,964.826,-88.4271,133.009,949.581,-138.146,114.144,968.492,-74.4101,110.069,926.865,-146.706,96.9736,951.543,-69.2221,90.54,955.124,-113.706,82.3177,959.525,-92.7259,80.7592,964.559,-117.553,49.3552,963.944,-98.0302,48.1338,993.848,-122.176,14.8972,980.696,-107.061,13.4302,912.93,-68.7514,75.1965,891.115,-66.5514,71.7879,874.321,-67.5913,70.7584,894.806,-70.1999,73.9341,0,0,0
000393:956.259,-107.202,154.776,955.236,-110.591,157.786,954.177,-104.07,157.742,957.414,-114.985,154.748,960.851,-98.4469,154.646,954.75,-122.751,133.772,964.533,-88.3646,132.773,947.976,-138.049,113.942,968.129,-74.3143,110.017,927.573,-147.638,96.3219,949.33,-68.9989,90.9381,955.199,-113.682,82.2219,960.325,-92.7961,80.5837,961.186,-117.517,49.5795,963.151,-98.0299,48.0642,989.924,-122.541,15.2837,979.02,-107.07,13.4206,909.26,-68.7098,77.3089,885.492,-66.8804,74.3766,869.593,-67.8694,73.8892,891.897,-70.126,76.6253,0,0,0
000394:954.366,-106.925,154.892,953.418,-110.33,157.919,952.534,-103.809,157.829,956.003,-114.799,154.803,959.298,-98.2265,154.691,954.274,-122.876,133.821,963.232,-88.2896,132.796,948.033,-138.715,113.904,967.74,-74.5718,110.101,926.939,-148.297,96.3514,947.078,-69.221,91.6649,954.734,-113.907,82.1238,959.623,-92.9249,80.5968,959.29,-117.393,49.2557,962.614,-97.986,47.7108,987.801,-122.805,14.4976,980.246,-107.563,12.6388,889.235,-66.1357,80.7016,858.979,-63.3259,79.3066,838.6,-62.6787,78.9322,867.384,-65.9408,80.1059,0,0,0
000395:954.387,-106.946,155.213,953.288,-110.375,158.178,953.03,-103.913,158.072,953.842,-114.468,154.891,958.238,-98.0417,154.796,950.761,-122.36,133.841,960.336,-87.7714,132.736,946.695,-138.776,113.944,964.446,-73.9741,110.039,929.341,-149.762,96.0404,944.055,-69.1574,92.279,951.224,-113.283,82.4098,957.501,-92.4386,80.8305,955.631,-116.938,49.4591,963.031,-97.9911,47.4904,983.88,-122.438,14.6836,984.564,-108.272,11.6902,893.452,-68.4815,85.1751,869.475,-68.1659,83.4845,847.638,-67.8143,85.1935,870.876,-68.6942,86.634,0,0,0
000396:951.172,-106.413,155.278,950.428,-109.904,158.202,950.025,-103.4,158.139,952.429,-114.215,155.006,956.562,-97.7681,154.906,950.25,-122.384,133.93,959.312,-87.7079,132.829,947.655,-139.531,114.094,961.297,-73.6079,110.51,929.171,-150.828,96.3943,942.4,-69.1856,93.2829,948.637,-113.071,82.4799,954.834,-92.2685,81.0126,951.797,-116.081,49.6389,959.811,-97.28,47.6759,979.807,-121.957,14.6135,982.446,-107.975,11.7924,899.335,-69.7553,87.6901,880.528,-70.9013,85.9277,862.74,-71.3305,88.647,880.872,-70.7287,90.2471,0,0,0
000397:950.992,-106.446,155.162,950.167,-109.904,158.124,949.689,-103.376,158.032,951.845,-114.095,154.951,955.964,-97.6471,154.851,950.459,-122.239,133.965,959.343,-87.6513,132.855,948.452,-139.754,114.253,961.549,-73.8676,110.677,929.161,-150.932,96.9417,942.516,-69.936,93.8744,950.303,-113.007,82.3951,957.171,-92.3249,80.8671,948.346,-115.559,49.7209,959.612,-97.3708,47.4836,976.679,-121.914,14.4757,984.475,-108.698,11.1787,883.593,-68.4491,89.8499,857.009,-68.2572,89.1375,835.901,-67.7343,91.5336,861.761,-68.4502,92.0983,0,0,0
000398:950.261,-106.296,155.321,949.466,-109.737,158.278,949.027,-103.204,158.168,950.664,-113.894,154.975,955.037,-97.43,154.878,948.224,-121.906,133.918,958.477,-87.5881,132.871,947.3,-139.904,114.299,958.508,-73.7874,111.309,932.948,-152.034,96.9631,943.612,-71.338,95.824,947.379,-112.625,82.2041,955.74,-92.1921,80.6193,944.434,-114.922,49.5633,959.247,-97.3198,47.1168,970.439,-120.781,14.6166,983.234,-108.438,10.8733,899.394,-71.7361,91.6806,879.284,-71.8229,91.012,867.747,-71.8402,92.8658,886.943,-72.2558,93.4309,0,0,0
000399:948.425,-106.012,155.162,947.921,-109.506,158.102,947.658,-103.021,158.002,950.318,-113.769,154.956,955.258,-97.4648,154.872,948.658,-121.795,134.021,960.158,-87.7243,132.985,948.131,-140.076,114.467,958.971,-73.6311,111.645,934.611,-153.14,97.0509,942.073,-71.0179,96.4548,947.059,-112.201,82.3615,956.491,-91.9591,80.7788,942.23,-114.332,49.8862,959.183,-96.8973,47.2607,965.345,-120.254,15.2083,981.402,-107.879,11.1303,899.046,-72.2529,93.2982,881.694,-73.4859,92.3627,872.471,-74.2886,95.0557,889.146,-73.5379,95.9271,0,0,0
000400:947.287,-106.094,155.33,946.716,-109.553,158.289,946.509,-103.074,158.165,948.481,-113.625,155.252,953.414,-97.3209,155.148,947.655,-121.74,134.294,957.737,-87.4886,133.211,947.732,-140.39,114.606,956.119,-73.489,111.726,936.804,-154.326,96.8827,937.245,-70.8767,96.5879,946.85,-112.369,82.3095,956.225,-92.0513,80.7567,939.275,-114.215,49.9561,958.422,-96.802,47.1193,960.454,-119.787,15.3547,982.367,-107.679,10.7433,893.146,-71.5892,95.9985,874.308,-73.1144,95.9262,864.145,-73.314,99.3997,882.542,-72.2645,99.4464,0,0,0
000401:944.505,-105.581,155.318,944.349,-109.107,158.256,943.853,-102.634,158.13,947.368,-113.369,155.28,951.779,-97.1469,155.187,948.275,-121.773,134.394,956.673,-87.526,133.311,950.14,-140.915,114.574,955.355,-73.571,111.899,938.291,-155.025,96.7922,936.594,-70.6449,96.9093,945.968,-112.169,82.6111,954.374,-91.9193,81.2023,937.793,-113.567,50.2953,956.412,-96.4189,47.569,959.192,-119.492,15.4614,982.871,-107.886,10.9996,894.683,-71.3384,97.7019,879.516,-73.7091,97.8618,869.405,-73.763,102.02,884.398,-71.9033,101.852,0,0,0
000402:945.116,-105.588,155.451,944.827,-109.095,158.384,944.384,-102.612,158.247,946.122,-113.138,155.415,950.688,-96.9523,155.288,945.419,-121.398,134.6,953.687,-87.3006,133.489,947.955,-140.773,114.741,952.221,-73.511,112.205,939.19,-155.663,96.7694,933.525,-70.8802,97.6831,941.985,-111.867,82.9932,951.417,-91.8727,81.5527,931.51,-112.76,50.7683,955.54,-96.5424,47.629,952.12,-118.596,15.9268,986.281,-108.582,10.4961,892.316,-71.5164,99.6793,876.205,-74.2578,100.072,865.854,-74.348,104.818,881.862,-72.1115,104.445,0,0,0
000403:942.639,-105.21,155.48,942.624,-108.771,158.423,941.951,-102.272,158.256,945.053,-113.007,155.473,949.192,-96.8009,155.369,945.639,-121.495,134.619,952.829,-87.2691,133.582,949.021,-141.158,114.524,951.805,-73.653,112.377,936.076,-155.431,96.6272,936.237,-71.4258,98.0275,940.558,-111.595,82.9322,949.424,-91.5418,81.622,927.341,-112.115,50.8945,951.713,-95.9175,47.78,948.525,-118.304,15.9273,984.531,-108.406,10.5097,892.377,-71.5294,102.052,872.378,-74.0676,103.378,861.036,-73.5315,108.489,880.948,-71.5145,107.241,0,0,0
000404:942.739,-105.55,155.679,942.592,-109.063,158.641,941.959,-102.528,158.468,943.979,-113.001,155.792,947.756,-96.6813,155.689,944.051,-121.465,135.04,949.746,-86.8515,134.054,948.618,-141.469,114.696,947.651,-73.2048,112.86,936.605,-156.16,96.5644,935.874,-72.085,98.7988,937.962,-111.631,83.5378,946.565,-91.4787,82.281,923.801,-111.739,51.4665,950.618,-95.9927,48.1885,940.469,-116.932,16.7786,984.409,-108.451,10.582,895.639,-73.1595,104.592,876.477,-76.1307,106.286,865.554,-75.4759,112.007,884.845,-73.015,110.398,0,0,0
000405:941.949,-105.512,155.833,941.686,-109.054,158.812,941.259,-102.553,158.619,942.637,-113.01,155.94,946.669,-96.7864,155.898,942.332,-121.399,135.111,948.554,-86.9656,134.272,946.957,-141.474,114.573,946.05,-73.1761,113.376,937.958,-156.743,96.0244,931.723,-71.803,99.8536,937.173,-111.345,83.4814,946.436,-91.3461,82.2659,922.214,-111.382,51.4732,950.644,-95.9406,48.0964,938.707,-116.785,16.8215,983.606,-108.614,10.5571,888.451,-72.6269,106.336,866.836,-75.5619,108.329,856.546,-74.8998,114.189,878.285,-72.477,112.319,0,0,0
000406:939.08,-104.989,156.198,939.231,-108.609,159.137,938.733,-102.081,158.954,940.868,-112.797,156.271,945.481,-96.6321,156.229,941.04,-121.554,135.432,948.13,-87.0152,134.565,945.696,-141.692,114.66,946.803,-73.1318,113.572,937.646,-156.768,96.0674,928.702,-71.2471,100.511,933.968,-111.383,84.0246,943.866,-91.3913,82.887,918.754,-110.806,51.8934,949.271,-95.7082,48.4685,934.247,-115.992,17.0839,983.739,-108.575,10.6793,885.371,-72.473,109.414,869.19,-76.7455,111.721,858.577,-75.9083,118.704,875.141,-72.1777,116.487,0,0,0
000407:937.561,-104.915,156.594,937.655,-108.54,159.542,937.133,-102.01,159.316,939.467,-112.847,156.595,944.05,-96.6924,156.542,940.389,-121.753,135.613,948.213,-87.4651,134.699,946.271,-142.08,114.502,951.33,-74.5177,113.168,939.717,-157.141,95.671,936.38,-73.1253,99.6706,932.957,-111.417,83.9433,943.42,-91.5765,82.8457,916.851,-110.418,51.8955,950.6,-95.9666,48.3011,929.065,-115.041,17.4657,985.634,-109.004,10.5835,889.625,-73.0321,111.07,870.679,-76.7515,114.585,855.086,-74.5233,121.695,874.177,-71.3465,118.362,0,0,0
000408:937.009,-104.805,156.805,937.051,-108.427,159.772,936.166,-101.852,159.572,938.408,-112.748,156.881,942.301,-96.4979,156.896,940.079,-121.762,136.171,945.945,-87.2946,135.494,947.169,-142.163,114.756,949.007,-74.3622,114.37,939.098,-156.819,95.8038,936.185,-73.5071,101.802,933.488,-111.562,84.6409,942.876,-91.5764,83.7303,915.956,-110.137,52.2532,947.769,-95.406,49.0146,924.906,-114.565,17.724,979.825,-107.782,11.2638,895.74,-73.8954,113.129,876.338,-77.0533,116.883,858.394,-74.3877,123.702,877.907,-71.7399,120.121,0,0,0
000409:934.958,-104.753,157.2,935.16,-108.394,160.154,934.082,-101.751,159.922,937.229,-112.735,157.215,940.374,-96.3753,157.196,939.833,-121.888,136.113,944.758,-87.1036,135.336,947.27,-142.372,114.493,950.207,-74.2892,113.611,939.507,-156.924,95.639,935.377,-73.3359,100.524,932.62,-111.426,84.032,941.401,-91.2622,83.1286,914.577,-110.038,51.8975,948.064,-95.5015,48.3742,920.112,-113.653,17.9948,981.777,-108.137,10.6805,883.051,-74.5098,116.35,862.369,-78.7735,120.876,840.646,-75.5931,129.174,861.588,-71.8342,124.896,0,0,0
000410:936.353,-104.989,157.383,937.399,-108.553,160.348,937.89,-101.874,160.078,936.721,-112.768,157.307,941.784,-96.3611,157.312,940.781,-121.74,136.118,942.677,-87.112,135.927,949.877,-142.382,114.464,945.987,-74.4939,114.518,945.056,-157.112,95.0623,932.783,-73.4818,101.699,933.895,-111.339,85.0013,941.053,-91.3521,84.1634,914.815,-109.649,52.675,951.048,-95.4686,48.9284,915.985,-113.202,18.675,980.276,-108.17,11.6927,880.106,-75.8363,120.22,857.878,-79.1789,125.004,832.634,-75.1914,133.325,857.425,-72.2466,128.72,0,0,0
000411:934.07,-104.836,157.68,935.684,-108.463,160.614,936.205,-101.766,160.358,936.08,-112.778,157.487,941.562,-96.3468,157.465,940.36,-121.928,135.98,942.448,-86.8985,135.813,947.869,-142.42,114.435,942.701,-73.4832,114.856,945.181,-157.363,95.2507,923.424,-72.417,103.643,932.099,-111.385,84.6603,939.537,-91.186,83.8132,912.991,-109.7,52.5393,949.707,-95.3596,48.715,912.808,-112.264,19.0543,977.332,-107.506,11.8655,872.392,-75.1454,122.992,859.823,-80.7586,127.479,841.52,-77.726,137.099,856.608,-72.4591,132.69,0,0,0
000412:932.025,-104.458,157.848,933.934,-108.15,160.702,934.895,-101.578,160.441,935.886,-112.831,157.353,942.831,-96.7844,157.311,940.888,-122.026,135.721,946.448,-87.9811,135.503,949.049,-142.503,114.235,948.558,-74.8667,114.714,947.171,-157.475,95.4053,925.845,-73.1433,104.513,930.957,-111.216,84.3955,939.949,-91.508,83.5847,911.243,-109.245,52.3399,949.639,-95.4314,48.4829,910.656,-111.807,19.0233,976.986,-107.413,11.8585,867.717,-74.5617,125.377,856.488,-80.9672,130.204,837.148,-77.6758,140.506,850.959,-71.6163,135.78,0,0,0
000413:931.781,-104.423,158.084,933.473,-108.109,160.887,934.855,-101.598,160.646,934.329,-112.709,157.364,942.185,-96.8616,157.351,937.346,-121.654,135.714,945.004,-88.0612,135.588,944.983,-141.826,114.192,946.659,-74.8376,115.118,946.847,-157.051,95.4611,922.78,-73.0559,105.943,926.973,-110.686,84.8067,937.346,-91.288,83.9744,909.241,-108.712,52.5607,949.005,-95.5378,48.6918,907.316,-110.991,19.3995,974.812,-107.501,12.1275,866.15,-74.1341,127.733,857.941,-81.0325,132.929,840.305,-77.5281,143.514,851.037,-70.9662,138.37,0,0,0
000414:930.192,-104.637,158.128,932.078,-108.303,160.935,933,-101.751,160.759,933.364,-112.741,157.48,940.443,-96.795,157.579,937.292,-121.547,135.845,942.664,-87.6356,136.017,946.044,-141.758,114.038,939.535,-73.8108,116.104,946.073,-156.619,95.3795,916.642,-72.4039,107.791,926.861,-110.565,84.9257,936.433,-91.0913,84.204,908.143,-108.298,52.5127,948.813,-95.4295,48.6132,905.305,-110.327,19.2614,975.773,-107.525,11.7069,865.951,-74.4388,130.383,857.882,-81.5462,135.77,842.821,-78.1161,146.648,853.296,-71.2699,141.305,0,0,0
000415:927.533,-104.324,158.447,929.443,-107.995,161.219,930.013,-101.491,161.081,931.015,-112.524,157.765,937.566,-96.7405,157.916,936.047,-121.223,136.167,940.573,-87.7762,136.525,944.742,-140.943,114.19,938.788,-74.0102,116.915,942.868,-155.32,95.6998,915.135,-72.0398,109.212,927.476,-110.315,85.1245,936.293,-91.0195,84.5482,907.194,-107.906,52.6759,946.842,-95.1695,48.9119,904.827,-109.896,19.3959,974.171,-106.854,11.9653,862.282,-73.7342,132.844,854.163,-81.3115,138.493,837.393,-77.6885,149.862,847.86,-70.3506,144.292,0,0,0
000416:925.554,-104.337,158.449,927.711,-108.033,161.225,927.837,-101.464,161.121,929.894,-112.639,157.741,935.272,-96.6719,157.925,935.907,-121.472,136.116,937.653,-87.5189,136.689,944.346,-140.962,114.032,931.682,-73.0902,117.683,943.409,-154.836,95.7931,905.347,-71.1064,111.255,927.998,-110.637,84.959,935.545,-91.1114,84.4939,908.605,-108.114,52.1709,948.286,-95.5558,48.4651,902.553,-109.093,19.1653,974.67,-106.903,11.3769,858.378,-73.5023,135.15,854.166,-81.6143,140.831,840.733,-78.2286,152.409,847.009,-70.2734,146.733,0,0,0
000417:924.775,-104.318,158.689,926.882,-108.025,161.468,926.864,-101.458,161.386,928.044,-112.534,157.973,932.827,-96.5664,158.235,933.175,-121.095,136.39,933.318,-87.219,137.177,941.456,-140.195,114,925.114,-72.6446,118.385,940.71,-153.956,95.572,898.962,-70.5443,112.224,925.851,-110.079,85.2668,932.694,-90.6411,84.9135,907.473,-107.555,52.1695,945.735,-95.2432,48.6527,903.407,-108.649,18.8413,972.909,-106.654,11.2826,859.583,-73.6062,137.124,856.312,-81.9306,143.014,844.831,-78.61,154.765,850.133,-70.415,148.88,0,0,0
000418:923.989,-104.181,158.634,925.943,-107.855,161.466,926.079,-101.334,161.374,927.141,-112.355,158.015,932.05,-96.4128,158.321,931.923,-120.811,136.607,933.155,-87.163,137.578,941.144,-139.842,113.95,925.536,-72.7933,119.32,941.043,-153.203,95.2833,904.384,-71.5034,114.139,923.554,-109.846,85.4395,930.856,-90.5831,85.1675,905.546,-107.045,52.1912,944.636,-95.1735,48.7323,899.247,-107.549,19.096,970.276,-106.347,11.5476,864.246,-74.1712,138.852,860.483,-81.9024,144.982,849.229,-78.2473,156.216,854.65,-70.5939,150.119,0,0,0
000419:922.174,-104.165,158.731,924.172,-107.847,161.574,924.095,-101.279,161.483,925.276,-112.379,157.944,929.881,-96.3049,158.272,929.729,-120.819,136.32,930.982,-86.9433,137.558,938.434,-139.67,113.471,922.494,-71.9753,120.044,939.171,-152.746,94.9387,902.541,-71.137,116.755,922.623,-109.888,84.9353,930.061,-90.5015,84.6956,905.5,-107.138,51.535,944.051,-95.2934,48.1625,898.499,-106.917,18.6087,968.13,-106.142,11.0687,861.302,-74.299,142.468,855.857,-82.2878,148.784,847.75,-78.8835,160.4,854.361,-70.8428,154.109,0,0,0
000420:922.381,-103.921,158.446,924.608,-107.624,161.252,924.208,-101.021,161.198,925.846,-112.197,157.482,929.678,-96.0981,157.855,929.832,-120.594,135.745,929.817,-86.7373,137.144,936.001,-139.045,112.806,921.287,-71.4883,120.179,937.268,-151.837,94.3493,896.957,-70.4503,118.344,921.283,-109.677,84.4494,927.97,-90.3123,84.3238,903.791,-106.714,51.2191,941.406,-94.7947,47.9513,896.218,-106.478,18.4645,963.612,-105.448,11.3427,858.119,-74.5021,144.644,852.85,-83.1345,150.93,843.962,-79.8495,163.136,850.235,-71.1376,156.874,0,0,0
000421:923.176,-103.8,158.672,925.188,-107.52,161.472,925.001,-100.873,161.44,925.223,-112.076,157.606,929.247,-95.8789,158.01,927.286,-120.379,135.825,928.138,-86.4231,137.336,933.964,-138.691,112.53,918.031,-70.9699,120.511,939.352,-151.625,93.557,893.303,-70.0181,119.31,918.648,-109.468,84.5663,925.919,-90.0131,84.5053,903.091,-106.481,51.1741,939.912,-94.1651,48.084,895.271,-106.244,18.4057,960.011,-104.502,11.7697,855.228,-74.1814,146.768,849.609,-83.0649,153.151,843.356,-80.0197,165.683,849.62,-70.9835,159.306,0,0,0
000422:920.399,-103.651,158.54,922.485,-107.373,161.331,922.338,-100.734,161.337,923.391,-111.958,157.461,927.231,-95.7742,157.951,926.433,-120.202,135.663,927.147,-86.364,137.328,934.314,-138.438,112,919.068,-71.1586,120.523,937.703,-150.694,93.0031,896.528,-70.4074,119.624,917.072,-109.203,84.2792,924.256,-89.8267,84.3256,900.405,-105.871,50.9066,938.734,-93.8361,47.7453,894.281,-105.901,17.9131,962.365,-104.66,11.1338,852.035,-74.1187,148.689,844.289,-82.8696,155.309,835.969,-79.4176,167.944,844.463,-70.506,161.381,0,0,0
000423:918.112,-103.419,158.664,920.469,-107.169,161.439,920.575,-100.569,161.47,922.192,-111.825,157.487,926.422,-95.7002,158.05,925.14,-119.973,135.708,926.686,-86.2881,137.532,932.783,-138.006,111.905,918.21,-71.0223,121.125,937.635,-150.1,92.8847,892.115,-70.2939,121.273,914.194,-108.757,84.4898,921.691,-89.43,84.611,898.324,-105.457,51.0821,935.025,-93.0606,48.1473,893.797,-105.854,17.9139,957.909,-103.74,11.6991,847.611,-73.9859,150.672,840.859,-82.7785,157.329,834.206,-79.3911,169.918,841.711,-70.4192,163.298,0,0,0
000424:915.488,-103.194,158.643,917.832,-106.965,161.358,917.953,-100.37,161.453,919.606,-111.665,157.223,923.83,-95.5802,157.922,922.66,-119.712,135.49,924.251,-86.173,137.613,931.236,-137.567,111.556,915.862,-70.7496,121.887,937.839,-149.29,92.5719,888.807,-70.0748,123.304,911.968,-108.34,84.6066,919.485,-89.075,84.8687,895.242,-104.795,51.2778,931.728,-92.267,48.5153,892.605,-105.713,17.9658,955.24,-103.046,12.1678,847.257,-74.322,153.107,841.908,-83.2691,159.637,835.751,-80.0104,172.21,841.818,-70.8645,165.678,0,0,0
000425:916.45,-102.9,158.774,918.419,-106.698,161.463,918.603,-100.115,161.573,918.466,-111.483,157.137,922.309,-95.4425,157.868,920.129,-119.384,135.315,920.867,-86.1559,137.659,929.069,-136.848,111.007,912.164,-70.7838,122.403,937.513,-148.326,91.5932,886.746,-69.9388,124.693,910.546,-107.902,84.4872,917.772,-88.762,84.862,895.411,-104.599,51.0536,931.061,-92.0413,48.4409,892.032,-105.776,17.8906,953.343,-102.885,12.3179,847.129,-74.3576,154.86,841.622,-83.4237,161.538,835.77,-80.1644,174.148,841.843,-70.8655,167.466,0,0,0
000426:913.889,-102.924,158.823,916.094,-106.729,161.481,916.401,-100.18,161.641,917.174,-111.527,157.126,921.772,-95.5699,157.972,919.502,-119.262,135.427,921.296,-86.2251,137.903,929.339,-136.361,110.878,911.738,-70.75,122.776,937.015,-147.114,91.5137,884.888,-69.7653,125.383,908.517,-107.648,84.9178,916.282,-88.5916,85.3307,891.949,-104.124,51.6817,927.096,-91.3328,49.1992,891.866,-105.811,18.2925,951.165,-102.217,13.1037,845.783,-74.4294,156.933,841.682,-83.6133,163.691,837.819,-80.405,176.405,842.532,-70.9622,169.624,0,0,0
000427:911.919,-102.84,158.849,914.264,-106.663,161.471,914.562,-100.117,161.662,915.945,-111.544,156.972,920.026,-95.5536,157.917,918.279,-119.256,135.235,919.473,-86.1889,137.916,927.928,-136.081,110.345,910.076,-70.5691,122.937,935.734,-146.456,90.6288,883.572,-69.4414,125.968,906.89,-107.561,85.0247,914.174,-88.4573,85.5769,891.628,-103.869,51.8236,925.508,-90.7787,49.5893,891.574,-105.719,18.4914,949.908,-101.661,13.7021,845.684,-74.4023,158.632,840.743,-83.641,165.558,837.847,-80.3249,178.448,843.36,-70.8084,171.491,0,0,0
000428:910.752,-102.819,158.687,913.248,-106.642,161.3,913.604,-100.112,161.517,915.417,-111.535,156.768,919.551,-95.5584,157.769,918.019,-119.099,135.085,918.543,-86.1837,137.891,928.348,-135.615,109.824,905.637,-70.4778,123.033,936.054,-145.798,89.783,878.619,-69.2965,126.343,905.143,-107.362,84.9464,912.056,-88.3053,85.5789,889.863,-103.706,51.6861,921.866,-90.1805,49.6554,891.782,-105.915,18.133,946.639,-100.71,13.8068,844.531,-74.7422,160.576,839.906,-84.1226,167.637,839.287,-80.9115,180.746,844.494,-71.2017,173.662,0,0,0
000429:908.939,-102.721,158.301,911.353,-106.5,160.894,911.495,-99.9845,161.136,913.228,-111.277,156.313,916.568,-95.2978,157.363,915.72,-118.648,134.691,915.391,-85.9329,137.672,926.664,-134.961,109.244,904.098,-70.5991,123.061,935.053,-145.129,89.0658,878.656,-69.7936,127.025,903.822,-107.061,84.7046,910.076,-88.073,85.4351,889.234,-103.463,51.4204,919.615,-89.7653,49.5489,892.069,-105.936,17.7956,944.294,-100.197,13.8183,844.228,-74.983,162.075,838.249,-84.3122,169.281,836.613,-80.8527,182.477,843.067,-71.1626,175.27,0,0,0
000430:907.573,-102.558,158.329,909.797,-106.329,160.886,909.957,-99.8006,161.157,911.145,-111.08,156.172,914.555,-95.0541,157.259,914.218,-118.438,134.475,913.292,-85.649,137.502,928.648,-134.874,108.869,901.306,-70.2051,122.834,938.125,-144.67,88.9777,877.21,-69.5875,126.958,903.59,-106.912,84.4722,909.787,-87.8538,85.1951,886.899,-103.143,51.3946,917.18,-89.3649,49.5341,890.295,-105.57,17.8673,943.913,-99.9016,13.7221,842.979,-75.2041,163.299,837.013,-84.7548,170.621,834.648,-81.1833,184.075,841.156,-71.2546,176.753,0,0,0
000431:907.949,-102.696,158.231,909.92,-106.421,160.806,910.103,-99.8753,161.098,910.442,-110.991,156.108,913.692,-94.8747,157.241,912.366,-118.104,134.492,911.663,-85.2657,137.587,926.694,-134.15,108.672,899.013,-69.7994,122.981,941.245,-144.07,88.4318,874.574,-69.3291,127.462,901.913,-106.774,84.3504,908.208,-87.6519,85.1078,886.375,-103.132,51.0952,916.018,-88.9607,49.3002,889.253,-105.474,17.5568,940.699,-98.9926,13.7079,840.913,-75.156,164.655,835.335,-84.7672,172.049,833.531,-81.1407,185.587,839.399,-71.1014,178.184,0,0,0
000432:905.437,-102.386,158.119,907.502,-106.123,160.677,907.704,-99.5885,160.981,908.407,-110.805,155.897,911.884,-94.6936,157.037,911.022,-117.992,134.288,910.171,-85.189,137.448,926.924,-133.934,108.425,896.529,-69.8617,123.052,943.412,-143.425,88.513,869.588,-69.5906,128.215,900.605,-106.639,84.2843,906.638,-87.4362,85.0953,884.499,-103.009,51.115,911.879,-88.3345,49.5684,890.318,-105.625,17.3478,936.516,-98.0888,14.1219,836.667,-74.971,165.786,831.702,-84.507,173.376,830.853,-80.7437,186.828,836.179,-70.7781,179.207,0,0,0
000433:902.108,-101.904,157.908,904.436,-105.66,160.462,904.535,-99.1439,160.769,907.027,-110.553,155.685,909.582,-94.3853,156.859,910.933,-117.85,134.201,908.42,-85.0856,137.426,926.949,-133.496,108.05,894.835,-70.0563,123.029,940.308,-142.172,87.9146,870.185,-69.8615,128.292,898.944,-106.535,84.2779,903.352,-87.2577,85.2678,884.032,-102.838,51.0756,907.984,-87.5559,49.9031,890.165,-105.656,17.289,932.979,-96.9459,14.7377,836.929,-75.1253,167.243,830.821,-84.6887,174.893,828.832,-80.7744,188.457,835.323,-70.7814,180.812,0,0,0
000434:900.368,-101.599,157.773,902.529,-105.342,160.343,902.715,-98.8265,160.654,905.025,-110.267,155.562,907.799,-94.0167,156.781,909.618,-117.632,134.057,906.95,-84.6877,137.384,926.401,-133.057,107.508,893.303,-69.7204,122.877,940.331,-141.34,87.0997,867.554,-69.6704,128.211,898.698,-106.397,84.0436,903,-86.9333,85.0878,881.408,-102.558,51.1119,904.045,-86.6804,50.0833,888.937,-105.477,17.312,928.013,-95.7549,15.1905,833.691,-75.0454,168.392,827.691,-84.6772,176.18,825.378,-80.6232,189.826,831.801,-70.5581,182.057,0,0,0
000435:897.265,-101.116,157.649,899.754,-104.891,160.206,900.017,-98.4175,160.499,903.278,-109.967,155.392,906.353,-93.8125,156.597,908.448,-117.378,133.956,906.11,-84.6468,137.326,926.741,-132.632,107.26,890.846,-69.5195,123.178,940.559,-140.59,86.5987,861.433,-69.1153,129.271,896.564,-106.177,84.0548,901.007,-86.7824,85.1255,879.746,-102.523,51.2277,901.678,-86.2783,50.2666,888.919,-105.564,17.4149,926.647,-94.9628,15.4897,833.01,-74.9281,169.633,827.451,-84.8859,177.309,825.738,-81.08,191.169,831.605,-70.6726,183.506,0,0,0
000436:895.772,-101.059,157.672,898.005,-104.804,160.216,898.327,-98.3551,160.555,901.064,-109.783,155.46,904.274,-93.6766,156.738,905.619,-116.926,134.251,904.131,-84.4872,137.685,923.578,-131.549,107.385,890.885,-69.6667,123.425,936.594,-138.821,86.7184,862.668,-69.2534,129.443,894.662,-105.874,84.4545,899.322,-86.5913,85.5707,876.785,-102.06,51.5204,897.642,-85.6595,50.7055,888.341,-105.56,17.314,922.636,-94.0494,15.8716,832.744,-75.0672,170.793,826.659,-85.0211,178.378,824.044,-81.2314,192.269,830.342,-70.8186,184.71,0,0,0
000437:895.172,-100.804,157.421,897.341,-104.564,159.985,897.89,-98.1327,160.307,900.365,-109.621,155.258,903.855,-93.5328,156.518,904.438,-116.725,134.107,903.071,-84.3698,137.611,921.739,-130.922,107.035,888.196,-69.417,123.599,935.883,-137.984,85.9545,858.688,-68.7204,130.035,892.86,-105.688,84.1837,897.1,-86.372,85.378,876.979,-102.22,51.0686,893.924,-85.1684,50.5907,890.559,-105.755,16.6524,916.283,-92.8021,16.1472,831.124,-75.0058,171.723,825.749,-85.1068,179.301,824.222,-81.4867,193.24,829.781,-70.9135,185.678,0,0,0
000438:893.239,-100.855,157.374,895.345,-104.553,159.98,895.871,-98.1168,160.279,898.535,-109.437,155.299,901.854,-93.2404,156.573,902.944,-116.317,134.2,901.24,-83.986,137.711,921.852,-130.213,106.802,886.234,-69.4325,123.51,936.989,-137.287,85.2484,857.026,-69.3717,129.934,891.319,-105.554,83.9024,895.269,-86.1698,85.0724,875.476,-102.402,50.8327,891.093,-84.8452,50.3655,890.781,-105.844,16.4322,913.995,-91.988,16.0438,831.37,-75.3774,172.691,825.944,-85.4039,180.43,824.291,-81.6266,194.38,829.802,-71.0921,186.725,0,0,0
000439:890.563,-100.288,157.349,892.778,-104.02,159.934,893.364,-97.6146,160.232,896.826,-109.176,155.174,900.391,-93.0215,156.404,901.738,-116.255,134.072,901.425,-84.1123,137.568,920.78,-129.966,106.72,886.657,-69.7101,123.476,937.688,-136.69,85.5727,855.81,-69.7291,130.476,890.741,-105.472,84.0348,895.196,-86.1085,85.1743,875.292,-102.451,50.8806,890.308,-84.7007,50.5235,891.306,-105.984,16.3612,912.086,-91.5414,16.2106,829.505,-75.5888,173.75,824.257,-85.6702,181.671,824.277,-81.9317,195.68,829.562,-71.336,187.799,0,0,0
000440:888.893,-100.131,157.26,890.931,-103.852,159.856,891.618,-97.4238,160.144,894.81,-108.991,155.063,898.265,-92.7558,156.263,900.148,-116.037,133.987,898.376,-83.7466,137.5,918.947,-129.209,106.428,880.977,-68.8848,123.4,933.874,-135.481,85.0311,849.482,-68.5227,130.518,890.224,-105.517,83.6226,893.8,-85.9964,84.7909,876.226,-102.975,50.2221,888.829,-84.5699,50.002,891.194,-106.017,15.7911,908.299,-90.3173,15.8554,829.067,-75.5182,174.814,824.613,-86.0299,182.595,824.693,-82.59,196.909,829.144,-71.5368,189.17,0,0,0
000441:886.483,-99.8706,157.276,888.62,-103.569,159.864,889.207,-97.1644,160.141,893.118,-108.766,155.025,896.328,-92.5218,156.194,898.841,-115.765,133.981,896.825,-83.6071,137.553,917.557,-128.451,106.51,879.411,-69.0152,123.68,931.676,-134.248,85.5114,847.326,-69.187,131.403,888.505,-105.269,83.7689,891.46,-85.6717,84.9374,875.258,-103.228,50.351,884.89,-84.0933,50.3382,891.468,-106.223,15.9281,902.513,-88.965,16.4347,828.682,-76.0349,175.64,825.119,-86.5623,183.639,825.945,-83.0417,197.919,829.455,-71.9809,189.95,0,0,0
000442:884.731,-99.6414,157.112,886.732,-103.303,159.717,887.379,-96.9181,159.973,891.176,-108.389,154.941,894.21,-92.1513,156.108,897.156,-115.276,134.104,894.457,-83.2034,137.694,916.048,-127.623,106.54,877.675,-68.6245,123.98,930.469,-133.466,85.1497,845.747,-68.651,131.943,887.391,-105.135,83.7604,889.734,-85.5177,84.9616,874.761,-103.375,50.1642,882.417,-83.7148,50.2606,891.388,-106.417,15.5802,899.201,-87.8354,16.4025,827.306,-75.9132,176.563,823.492,-86.6158,184.262,823.368,-83.3531,198.613,827.055,-72.1194,190.975,0,0,0
000443:883.619,-99.2928,157.001,885.788,-102.992,159.596,886.447,-96.6237,159.831,890.875,-108.285,154.736,893.831,-92.0551,155.859,897.073,-115.27,133.895,894.223,-83.3206,137.557,915.44,-127.411,106.418,875.923,-68.6723,124.473,928.985,-132.737,85.2628,842.594,-68.6133,133.511,886.755,-105.14,83.58,888.874,-85.5301,84.8115,875.016,-103.648,49.9038,881.706,-83.7342,50.076,892.009,-106.731,15.2844,898.127,-87.6742,16.2999,825.901,-75.9743,177.652,821.703,-86.6812,185.284,822.08,-83.5308,199.547,826.105,-72.2887,191.975,0,0,0
000444:881.865,-99.1553,156.926,884.247,-102.879,159.506,884.805,-96.5177,159.766,890.13,-108.243,154.67,892.468,-91.9354,155.836,896.603,-115.146,133.954,892.597,-83.0602,137.751,914.42,-126.748,106.538,872.348,-68.1631,124.999,926.276,-131.197,85.881,838.695,-68.2,134.443,885.472,-104.869,83.8582,886.597,-85.1149,85.15,874.756,-103.724,49.9947,878.916,-83.2417,50.3764,892.737,-106.929,15.1876,896.084,-86.8678,16.3695,824.743,-76.0847,178.693,820.939,-86.8416,186.26,822.292,-83.8605,200.511,825.847,-72.5701,192.989,0,0,0
000445:881.151,-98.8518,156.898,883.213,-102.578,159.478,884.124,-96.2179,159.726,888.481,-108.022,154.547,891.512,-91.6978,155.661,894.039,-114.94,133.765,891.438,-82.9593,137.511,911.128,-126.167,106.297,872.039,-68.1833,124.777,925.309,-130.268,85.6445,836.944,-68.2731,134.82,883.397,-104.824,83.5171,885.051,-85.0056,84.7854,873.556,-103.868,49.4861,876.252,-82.8856,49.9979,892.792,-107.095,14.4064,891.77,-85.9842,16.1137,823.175,-75.9276,179.286,819.549,-86.8947,186.866,820.303,-83.9342,201.224,823.61,-72.4445,193.677,0,0,0
000446:879.542,-98.7461,156.785,881.691,-102.436,159.354,882.315,-96.1079,159.619,887.331,-107.765,154.574,889.599,-91.4474,155.721,893.298,-114.497,134.084,889.478,-82.554,137.918,910.267,-125.207,106.743,867.892,-67.7262,125.464,923.117,-128.853,86.4655,832.653,-67.9031,135.514,883.281,-104.523,84.1249,883.721,-84.6555,85.4426,873.977,-103.866,50.0213,873.431,-82.463,50.7551,893.059,-107.015,14.9888,887.505,-85.0643,16.9494,819.868,-75.8568,180.048,817.432,-86.8755,187.592,818.987,-84.0295,201.902,820.949,-72.4784,194.395,0,0,0
000447:880.472,-98.7212,156.819,882.348,-102.382,159.415,882.861,-96.0139,159.671,886.885,-107.607,154.633,888.631,-91.1598,155.769,892.009,-114.255,134.177,886.904,-82.142,138.014,907.991,-124.553,106.748,866.37,-67.6469,125.327,921.512,-127.917,86.429,833.854,-68.3595,135.245,882.251,-104.345,84.1482,881.713,-84.2847,85.519,874.123,-103.95,49.9308,871,-81.8936,50.8975,893.17,-107.009,14.9085,882.222,-83.7456,17.4464,820.714,-76.1083,180.645,817.591,-87.0616,188.336,818.576,-84.0614,202.663,821.236,-72.5841,195.019,0,0,0
000448:878.983,-98.6434,156.776,880.808,-102.303,159.348,881.4,-95.9521,159.621,885.299,-107.48,154.528,887.13,-91.0583,155.701,890.146,-113.956,134.132,885.357,-81.9618,138.149,905.314,-123.947,106.904,864.811,-67.2288,126.218,918.669,-127.181,86.8838,831.759,-67.8029,137.124,880.617,-104.099,84.1549,880.086,-84.046,85.5609,873.041,-103.949,49.7165,868.894,-81.573,50.7414,893.511,-107.204,14.3334,880.479,-83.1602,17.0465,819.358,-75.8877,181.608,816.351,-86.9271,189.048,817.215,-84.1235,203.304,819.699,-72.5702,195.912,0,0,0
000449:876.665,-98.2938,156.667,878.637,-101.956,159.241,879.416,-95.6563,159.49,883.709,-107.146,154.469,885.997,-90.8172,155.642,888.236,-113.41,134.24,884.824,-81.796,138.302,902.824,-122.819,106.985,863.096,-67.0832,126.629,917.131,-126.073,86.7603,826.144,-67.3585,137.763,878.416,-103.606,84.3653,878.438,-83.7056,85.7278,871.219,-103.839,49.955,865.977,-81.2014,51.0244,893.835,-107.101,14.4983,876.875,-82.162,17.4659,817.02,-75.8945,182.447,815.043,-86.9908,189.834,817.445,-84.4427,204.041,818.789,-72.8257,196.716,0,0,0
000450:876.176,-98.1078,156.818,877.845,-101.783,159.379,878.635,-95.4383,159.643,882.284,-107.058,154.463,884.305,-90.6082,155.622,886.948,-113.402,134.06,882.334,-81.6137,138.241,901.096,-122.579,107.106,860.186,-66.8341,127.189,912.906,-124.727,87.9138,825.148,-67.5425,139.347,878.666,-103.721,83.9008,877.847,-83.5708,85.3499,870.88,-104.015,49.4359,863.11,-80.6787,50.7336,894.05,-107.169,13.7871,872.858,-81.116,17.3319,815.832,-75.9955,182.915,814.488,-87.1354,190.319,817.206,-84.6097,204.422,817.977,-72.965,197.046,0,0,0
000451:874.268,-97.8232,156.713,876.089,-101.484,159.283,876.794,-95.1523,159.528,880.952,-106.691,154.472,882.927,-90.264,155.626,885.276,-112.855,134.26,881.012,-81.1742,138.418,899.085,-121.576,107.306,858.057,-66.492,127.272,911.885,-123.759,87.9645,822.284,-67.3256,139.194,875.669,-103.085,84.2508,874.748,-82.9573,85.6595,869.059,-103.838,49.7851,860.088,-80.1798,51.1,892.201,-106.906,14.3075,868.949,-80.1906,17.8355,814.429,-75.9502,183.451,813.46,-87.1651,190.872,817.049,-84.7758,205.044,817.349,-73.053,197.671,0,0,0
000452:872.477,-97.4579,156.827,874.238,-101.146,159.39,874.899,-94.8106,159.62,878.806,-106.441,154.494,880.723,-90.0055,155.639,883.303,-112.596,134.281,878.592,-81.0018,138.564,896.545,-120.963,107.338,856.048,-66.283,127.834,908.471,-122.939,87.9297,819.996,-66.9564,140.294,875.183,-102.853,84.2571,873.648,-82.6678,85.7171,869.675,-103.996,49.6541,857.883,-79.8496,51.1982,893.294,-107.059,14.0997,864.214,-79.2755,18.1844,814.487,-75.9864,184.189,813.715,-87.3011,191.39,817.65,-85.2258,205.512,817.896,-73.407,198.356,0,0,0
000453:869.99,-97.211,156.764,871.704,-100.855,159.32,872.349,-94.5565,159.562,876.617,-106.06,154.492,878.292,-89.6826,155.644,881.869,-112.112,134.395,876.434,-80.6481,138.702,895.242,-120.158,107.635,855.03,-66.289,127.922,905.576,-121.651,89.0202,821.235,-67.5384,140.261,873.633,-102.341,84.5868,871.382,-82.1582,86.0536,868.363,-103.729,49.9666,854.73,-79.3472,51.624,892.122,-106.74,14.4265,860.472,-78.3979,18.6122,813.757,-76.2595,184.731,812.429,-87.4498,192.119,816.79,-85.2367,206.245,817.66,-73.5346,198.917,0,0,0
000454:867.89,-97.024,156.815,869.864,-100.678,159.394,870.358,-94.3564,159.622,876.164,-105.949,154.615,877.222,-89.4678,155.779,882.57,-111.976,134.484,876.067,-80.474,138.867,894.692,-119.604,107.483,855.42,-66.4804,128.014,904.209,-121.236,88.464,821.561,-67.9099,140.283,872.9,-102.125,84.2342,869.586,-81.8259,85.7574,868.964,-103.93,49.3302,852.527,-78.9571,51.1728,892.551,-106.789,13.7087,856.562,-77.3631,18.284,813.309,-76.6117,185.107,812.411,-87.7887,192.605,816.815,-85.5158,206.669,817.327,-73.8552,199.266,0,0,0
000455:866.746,-96.8459,156.937,868.344,-100.468,159.5,868.704,-94.1387,159.73,873.531,-105.652,154.616,874.278,-89.1723,155.777,879.463,-111.534,134.49,872.596,-80.2109,138.847,892.741,-118.986,107.621,851.844,-66.2977,127.915,904.622,-120.72,88.909,821.655,-68.0848,140.11,871.55,-101.802,84.337,867.695,-81.4946,85.8531,869.061,-103.949,49.3341,850.67,-78.6027,51.3425,891.924,-106.754,13.8095,852.446,-76.4484,18.692,813.956,-77.0076,185.412,813.461,-88.3201,192.982,818.272,-86.104,207.168,818.414,-74.296,199.676,0,0,0
000456:864.46,-96.6598,156.953,866.32,-100.268,159.526,866.789,-93.947,159.753,872.516,-105.391,154.73,873.397,-88.9042,155.906,878.744,-111.182,134.694,872.04,-79.8583,139.105,890.924,-118.257,107.874,851.077,-66.1072,128.411,902.056,-119.633,89.3767,817.956,-68.1162,140.958,868.749,-101.481,84.5528,865.034,-81.1593,86.062,866.4,-103.693,49.4179,847.786,-78.1545,51.4063,890.783,-106.459,13.5987,849.542,-75.6272,18.6485,812.087,-77.0224,185.767,812.051,-88.2604,193.355,817.918,-86.0761,207.456,817.514,-74.3596,199.956,0,0,0
000457:862.115,-96.318,156.969,864.039,-99.9426,159.537,864.265,-93.5922,159.743,870.812,-105.188,154.667,871.067,-88.6463,155.828,878.238,-111.132,134.568,870.144,-79.7621,139.078,891.59,-118.313,107.845,849.746,-66.1453,128.913,903.108,-119.749,89.3528,818.042,-68.2813,142.11,868.295,-101.439,84.2496,863.407,-80.9965,85.857,867.127,-103.898,49.114,845.52,-77.736,51.3432,891.332,-106.629,13.3702,845.249,-74.7294,19.0575,811.98,-77.2122,186.13,811.822,-88.4673,193.649,817.314,-86.3279,207.648,817.166,-74.6224,200.221,0,0,0
000458:861.617,-96.2013,157.121,863.323,-99.8234,159.676,863.43,-93.462,159.91,869.262,-105.017,154.758,869.052,-88.4038,155.954,876.392,-110.847,134.644,867.102,-79.3576,139.249,889.134,-117.612,107.932,844.581,-65.4939,129.054,898.925,-118.438,89.9581,814.918,-67.888,142.109,868.665,-101.166,84.4162,862.82,-80.5889,86.0742,868.166,-103.827,49.1184,844.374,-77.4258,51.547,890.838,-106.324,13.4589,842.645,-74.2013,19.231,810.494,-77.3617,186.49,810.768,-88.7015,194.003,817.364,-86.7163,208.072,816.853,-74.9056,200.634,740.587,-66.4419,294.577
000459:859.111,-95.9049,157.13,861.107,-99.5283,159.67,861.247,-93.1712,159.876,867.874,-104.723,154.584,867.618,-88.1027,155.789,874.619,-110.345,134.389,865.828,-79.09,139.056,885.95,-116.783,107.777,843.565,-65.1836,129.183,895.995,-117.964,89.7433,812.496,-67.5785,142.807,864.714,-100.575,84.1773,858.827,-80.0795,85.8082,866.952,-103.803,48.8315,841.274,-77.0128,51.3401,891.615,-106.415,13.1235,839.585,-73.445,19.2316,808.466,-77.3326,186.859,808.891,-88.7729,194.252,815.468,-86.9151,208.329,814.736,-75.0032,201.027,738.479,-66.6098,293.072
000460:859.388,-95.9807,157.125,860.879,-99.5186,159.676,860.892,-93.1535,159.878,866.263,-104.43,154.666,865.903,-87.8445,155.875,873.758,-110.013,134.596,863.202,-78.7144,139.332,887.776,-116.633,107.972,841.422,-64.9775,129.728,899.044,-117.861,90.0338,814.116,-67.8665,143.526,866.202,-100.685,84.3602,859.315,-80.109,86.0475,867.415,-103.865,48.9856,840.291,-76.8828,51.5805,890.926,-106.292,13.2798,836.567,-72.8615,19.6074,809.109,-77.5459,187.426,809.14,-88.9299,194.79,815.36,-87.037,208.837,815.115,-75.1778,201.593,734.276,-66.2993,291.003
000461:857.878,-95.6079,157.112,859.374,-99.1711,159.649,859.253,-92.801,159.864,864.601,-104.138,154.64,864.115,-87.5774,155.875,871.82,-109.63,134.631,861.272,-78.5304,139.53,885.001,-115.97,108.125,837.385,-64.9352,130.487,894.812,-116.882,90.423,809.548,-67.7732,144.612,865.673,-100.258,84.3503,858.318,-79.6941,86.1339,868.573,-103.761,48.811,838.965,-76.363,51.632,891.154,-106.272,13.1441,832.604,-72.0484,20.0009,807.236,-77.7719,187.959,807.581,-89.1042,195.199,814.469,-87.3809,209.055,813.948,-75.5717,201.924,736.455,-67.4504,288.443
000462:856.37,-95.5131,157.17,857.66,-99.0208,159.689,857.768,-92.6734,159.934,862.516,-103.771,154.728,862.507,-87.262,156.021,869.194,-109.054,134.838,859.29,-78.0242,139.856,882.142,-115.304,108.608,833.729,-64.5193,131.417,893.202,-116.131,91.4398,804.211,-67.7125,146.155,862.919,-99.779,84.6792,855.899,-79.2227,86.4843,866.908,-103.385,48.9499,837.184,-75.7867,51.7638,891.421,-106.255,12.8756,830.03,-71.4325,20.1096,804.237,-77.9144,188.483,804.655,-89.1871,195.674,811.754,-87.4102,209.419,811.105,-75.6695,202.339,736.692,-67.5104,285.322
000463:854.322,-95.2495,157.072,855.523,-98.7627,159.569,855.625,-92.4265,159.826,860.432,-103.521,154.558,860.541,-87.0781,155.909,867.23,-108.683,134.65,857.851,-77.8745,139.953,879.699,-114.738,108.402,832.417,-64.3173,132.329,892.443,-115.869,91.0141,802.528,-67.3757,147.791,861.211,-99.2379,84.6335,854.29,-78.7714,86.5328,866.497,-103.106,48.8924,835.863,-75.3339,51.8046,890.747,-105.917,12.9039,826.193,-70.6857,20.5051,804.031,-77.94,189.091,803.734,-89.0896,196.072,811.509,-87.5038,209.637,811.633,-75.8755,202.784,739.033,-68.0529,282.435
000464:853.772,-95.0372,156.937,854.953,-98.5044,159.413,855.002,-92.204,159.694,859.374,-103.181,154.409,859.388,-86.809,155.784,865.857,-108.191,134.597,855.422,-77.6982,140.133,877.581,-113.989,108.317,825.773,-65.0494,133.004,889.8,-115.282,90.957,793.655,-68.6908,148.672,861.095,-98.6722,84.927,853.412,-78.3014,86.9138,866.937,-102.769,49.0787,834.747,-74.8904,52.1264,891.305,-105.804,13.0443,823.593,-70.1555,20.9196,801.066,-78.278,189.493,801.634,-89.2055,196.667,810.273,-87.3921,209.956,809.586,-75.9937,202.89,737.032,-68.8883,278.779
000465:852.059,-94.8834,156.852,853.208,-98.2928,159.344,853.357,-92.0321,159.624,857.454,-102.749,154.481,857.659,-86.4492,155.901,863.336,-107.548,134.84,853.495,-77.1399,140.423,874.405,-113.331,108.515,825.367,-64.867,133.138,886.932,-115.031,91.0298,794.196,-68.9262,148.401,857.457,-97.8947,85.3598,849.877,-77.5696,87.3483,865.283,-102.296,49.3596,832.111,-74.2628,52.4768,891.823,-105.671,13.0949,821.499,-69.5109,21.1684,799.716,-78.4343,189.941,800.001,-89.2162,197.264,808.629,-87.1996,210.524,808.12,-75.9455,203.325,739.418,-68.7987,276.183
000466:850.675,-94.4933,156.85,851.893,-97.8843,159.348,851.835,-91.6181,159.611,856.286,-102.288,154.494,856.292,-86.0248,155.897,862.387,-106.986,134.912,852.071,-76.8384,140.541,872.372,-112.488,108.677,822.509,-64.7144,133.658,882.536,-113.911,91.3962,790.028,-68.7411,149.234,857.317,-97.6689,85.3848,849.223,-77.438,87.3971,865.343,-102.166,49.3396,830.706,-74.1135,52.5307,891.617,-105.413,13.0538,817.998,-68.9884,21.5039,797.699,-78.4741,190.359,797.982,-89.25,197.525,807.394,-87.4333,210.752,806.976,-76.1684,203.73,737.508,-69.0116,272.215
000467:849.265,-94.2279,156.656,850.287,-97.608,159.124,850.445,-91.3871,159.416,854.175,-101.925,154.352,854.609,-85.7666,155.808,859.084,-106.372,134.942,850.021,-76.4966,140.637,868.339,-111.551,108.899,820.252,-64.6896,134.016,880.639,-112.964,91.8703,787.747,-68.9743,149.63,853.565,-96.8267,85.6469,845.872,-76.7198,87.6642,863.373,-101.671,49.6716,827.994,-73.5053,52.8935,891.336,-105.298,13.4147,815.408,-68.6515,22.0491,796.751,-78.6326,190.859,797.243,-89.4317,198.045,805.879,-87.5278,211.185,805.118,-76.236,204.157,737.652,-69.6961,269.095
000468:846.301,-93.8481,156.452,847.312,-97.1626,158.916,847.268,-90.9825,159.194,851.426,-101.358,154.238,851.502,-85.3087,155.674,857.344,-105.832,134.953,847.263,-76.0753,140.729,867.461,-111.266,109.05,816.022,-64.4363,134.508,879.998,-113.247,92.1483,782.309,-68.7517,150.214,853.414,-96.5021,85.8875,845.072,-76.4353,87.9437,863.383,-101.472,50.0056,826.818,-73.2186,53.2895,891.255,-105.031,13.833,812.612,-68.0536,22.6855,793.498,-78.6321,191.172,794.619,-89.417,198.523,804.629,-87.4476,211.695,803.263,-76.1644,204.496,740,-70.2441,266.175
000469:844.241,-93.3792,156.264,845.166,-96.6799,158.717,845.174,-90.5385,158.984,849.568,-100.919,154.032,849.7,-84.9738,155.473,856.228,-105.412,134.842,845.766,-75.9605,140.763,868.056,-110.952,108.917,814.579,-64.745,135.114,882.478,-113.367,91.8353,780.516,-68.993,151.231,852.031,-96.0412,85.9598,843.56,-76.1503,88.0616,861.963,-101.086,50.0821,825.185,-72.9745,53.3744,891.581,-104.891,13.7274,811.998,-67.8505,22.6958,791.926,-78.7176,191.944,792.726,-89.4107,199.185,802.279,-87.4471,212.16,801.23,-76.2689,205.08,740.203,-70.9418,262.741
000470:843.398,-93.0601,155.966,844.246,-96.3187,158.427,844.114,-90.1852,158.682,848.325,-100.468,153.878,847.962,-84.5302,155.286,855.08,-105.073,134.826,843.365,-75.4517,140.713,865.68,-110.636,109.011,811.869,-64.4404,135.047,877.595,-112.894,92.0922,779.531,-68.9253,150.962,852.024,-95.8888,85.972,842.55,-75.892,88.1292,862.738,-100.981,50.1393,824.243,-72.6784,53.5538,891.083,-104.674,14.0139,809.115,-67.4251,23.2821,790.929,-78.9373,192.396,792.435,-89.8288,199.835,801.129,-87.6565,212.945,799.4,-76.3024,205.665,740.348,-71.6284,259.614
000471:843.549,-92.8785,155.71,843.99,-96.1025,158.181,843.848,-89.9874,158.418,846.663,-100.127,153.651,846.332,-84.2429,155.037,851.667,-104.501,134.724,840.724,-75.1782,140.495,862.551,-109.963,109.061,807.834,-64.2338,134.659,878.747,-112.74,92.1542,776.158,-68.7379,150.214,849.756,-95.4369,85.9036,840.421,-75.5836,88.0105,862.679,-100.857,49.9869,822.823,-72.5881,53.4967,891.072,-104.462,13.9745,807.574,-67.2239,23.3549,788.031,-78.926,192.663,789.11,-89.8011,200.107,797.47,-87.6349,213.22,796.189,-76.2908,205.951,742.701,-72.183,256.35
000472:842.586,-92.841,155.45,842.563,-96.0137,157.884,842.373,-89.9458,158.146,844.491,-99.858,153.341,843.775,-84.0934,154.785,850.274,-104.044,134.512,837.113,-74.9517,140.482,862.157,-109.323,108.924,804.543,-64.2052,135.22,878.227,-112.236,92.3612,775.357,-68.7224,151.17,849.564,-95.0234,85.813,839.078,-75.3002,88.0295,861.721,-100.49,49.9803,821.358,-72.4152,53.5052,891.085,-104.212,13.9322,806.623,-67.1151,23.3617,787.885,-79.2228,193.638,789.122,-90.2806,201.073,796.789,-88.0501,214.241,795.477,-76.5237,207.007,743.013,-72.2581,252.903
000473:840.966,-92.4126,155.213,840.816,-95.5824,157.625,840.525,-89.5238,157.858,842.591,-99.4411,152.994,841.472,-83.7459,154.432,849.175,-103.637,134.113,834.289,-74.8395,140.331,861.92,-108.906,108.606,801.953,-64.5004,136.255,876.835,-111.932,92.1079,774.207,-68.9958,153.346,849.143,-94.7734,85.3213,837.7,-75.1679,87.6662,861.018,-100.382,49.723,819.639,-72.2441,53.2833,890.088,-103.971,13.9046,805.042,-66.913,23.4693,785.543,-79.0104,194.819,786.429,-90.08,202.193,793.174,-87.7626,215.175,792.205,-76.2178,208.038,743.16,-72.9469,249.768
000474:837.724,-91.8425,154.853,837.662,-95.0471,157.253,836.99,-88.9955,157.486,840.081,-99.0203,152.709,838.08,-83.3779,154.138,847.694,-103.314,133.898,830.714,-74.5859,140.245,861.756,-108.664,108.455,796.412,-64.2211,136.745,875.816,-111.741,92.0934,767.295,-68.2775,154.058,847.511,-94.3182,85.1626,834.986,-74.7528,87.6181,858.913,-100.038,49.7359,816.698,-71.8761,53.3639,889.682,-103.742,13.8776,804.029,-66.6642,23.498,781.415,-78.5314,195.659,782.618,-89.6815,203.094,790.175,-87.4147,216.056,788.829,-75.7911,208.865,741.197,-73.1428,246.463
000475:836.296,-91.6553,154.249,836.044,-94.835,156.621,835.242,-88.8213,156.865,838.237,-98.7456,152.065,835.946,-83.2187,153.517,846.729,-102.999,133.335,828.602,-74.5364,139.774,862.718,-108.4,108.037,795.855,-64.7054,136.543,877.572,-111.681,92.1764,768.294,-68.8817,154.056,847.639,-93.9727,84.7595,834.325,-74.5399,87.2812,858.547,-99.7217,49.4797,815.339,-71.6908,53.186,888.967,-103.401,13.7897,802.898,-66.5523,23.439,778.998,-78.3421,196.473,779.891,-89.5015,204.119,785.931,-86.8564,217.033,784.948,-75.2329,209.636,741.445,-73.2081,243.009
000476:834.822,-91.4275,153.723,834.153,-94.5414,156.092,833.296,-88.5414,156.32,835.38,-98.246,151.596,833.124,-82.8154,153.038,843.285,-102.386,132.931,825.641,-74.1722,139.56,858.832,-107.939,107.652,793.944,-64.7948,137.109,873.893,-111.832,91.5469,768.356,-69.2119,155.26,846.122,-93.5749,84.3181,832.837,-74.2454,86.8971,857.794,-99.621,49.0361,814.562,-71.6727,52.6655,886.862,-103.088,13.5553,800.804,-66.5314,23.1379,776.161,-77.7867,197.607,776.186,-88.8321,205.349,781.279,-85.8918,218.107,781.172,-74.3867,210.668,741.542,-74.5322,239.575
000477:832.232,-90.915,153.225,832.234,-94.0719,155.584,830.587,-88.1214,155.827,835.898,-97.8756,151.257,831.408,-82.622,152.705,846.142,-101.952,132.684,823.594,-74.2323,139.456,863.607,-107.494,107.541,789.112,-65.4755,137.482,876.219,-111.697,92.2366,762.403,-69.6581,155.535,845.261,-92.7084,84.0979,829.22,-73.6857,86.8202,857.628,-99.1394,48.6872,811.692,-71.5706,52.4829,886.977,-102.641,13.1576,800.882,-66.6494,22.5333,772.545,-77.6008,198.563,772.071,-88.4785,206.71,778.201,-85.2032,219.367,778.462,-73.872,211.538,744.025,-74.4682,236.585
000478:831.965,-90.8934,152.48,831.561,-93.9685,154.84,829.865,-88.0546,155.094,834.116,-97.456,150.709,829.497,-82.3398,152.139,843.242,-101.325,132.377,820.56,-73.8604,139.131,861.56,-107.053,107.509,783.967,-65.2602,137.575,878.104,-111.794,92.6777,756.982,-69.6017,155.915,842.964,-92.4534,83.9162,826.932,-73.5784,86.6343,856.642,-98.9981,48.2714,810.847,-71.7399,51.9998,886.281,-102.354,12.5026,800.734,-66.8735,21.7504,766.674,-76.9692,199.196,766.278,-87.8344,207.639,772.353,-84.1622,220.284,772.248,-72.8382,212.175,744.227,-75.1716,232.818
000479:830.484,-90.6269,152.015,830.049,-93.6511,154.345,827.98,-87.7722,154.628,833.017,-96.9132,150.362,827.374,-82.0096,151.788,843.336,-100.546,132.222,818.535,-73.6615,139.02,863.577,-106.074,107.98,785.393,-66.0169,138.062,880.427,-110.839,94.7084,759.049,-70.6509,156.955,842.861,-91.8674,83.7277,825.521,-73.2506,86.4943,856.057,-98.5643,47.9844,809.4,-71.6348,51.6641,886.979,-101.764,11.9128,801.089,-66.6024,21.0342,763.536,-76.7106,199.677,761.261,-87.342,208.354,765.536,-83.1345,220.808,767.227,-72.0754,212.493,744.491,-75.2375,229.674
000480:829.384,-90.0748,151.565,829.399,-93.0614,153.898,826.144,-87.2402,154.187,834.672,-96.2744,150.206,825.316,-81.5246,151.602,848.239,-99.9699,132.276,815.016,-73.372,139.078,871.471,-105.714,108.598,779.055,-66.3208,138.694,887.313,-110.877,96.6326,751.002,-70.9904,157.787,844.492,-91.4241,83.6606,822.778,-72.9861,86.6157,856.551,-98.2599,47.8608,806.704,-71.6198,51.6884,887.109,-101.442,11.6662,800.043,-66.6434,20.6868,757.536,-76.0335,199.775,753.685,-86.4161,208.653,759.095,-81.9584,221.001,762.143,-71.169,212.488,742.59,-75.4435,226.093
000481:827.672,-89.6885,150.676,827.476,-92.6153,152.982,824.123,-86.8052,153.275,832.878,-95.7024,149.294,823.22,-80.9698,150.697,846.391,-99.2799,131.466,813.351,-72.8691,138.446,869.82,-105.138,107.937,778.192,-66.2481,138.758,885.329,-110.556,96.2685,751.594,-71.3211,158.437,843.203,-90.8831,83.1402,821.101,-72.4991,86.1286,855.373,-97.9825,47.4869,804.907,-71.4338,51.2572,885.764,-100.948,11.4884,798.939,-66.5716,20.3086,752.411,-75.4309,199.742,747.95,-85.5856,208.675,751.781,-80.7505,220.692,755.417,-70.2222,212.16,742.741,-76.1336,222.959
000482:825.349,-89.4621,149.822,824.681,-92.2866,152.126,821.617,-86.5564,152.424,828.866,-95.1419,148.547,820.205,-80.5969,149.963,841.441,-98.6133,130.941,811.054,-72.4937,138.101,863.896,-104.82,107.036,777.654,-66.1966,138.584,878.554,-110.844,94.5359,753.236,-71.513,158.194,841.211,-90.3743,83.2953,819.969,-72.1856,86.3013,853.759,-97.3513,47.5899,803.717,-71.3972,51.3384,883.174,-100.185,11.606,796.537,-66.7416,20.3508,748.95,-75.0443,199.591,744.699,-85.0684,208.496,745.873,-79.9279,220.231,749.357,-69.5363,211.764,747.236,-77.2008,219.739
000483:822.402,-88.9546,150.019,821.886,-91.7237,152.299,818.282,-86.0835,152.612,827.689,-94.5238,148.723,816.912,-80.1735,150.129,842.57,-97.8225,131.037,807.73,-72.4481,138.116,866.658,-103.721,107.55,775.404,-67.094,138.653,879.4,-109.655,96.5954,751.763,-72.9403,158.494,840.773,-89.8347,83.0508,817.027,-72.0004,86.0961,852.968,-97.0337,47.2966,800.933,-71.4713,51.1243,882.954,-99.7773,11.2398,794.235,-66.6963,19.9898,746.281,-75.0932,199.287,741.143,-84.9398,208.524,741.749,-79.3307,220.199,746.023,-69.1381,211.401,736.683,-76.0108,216.337
000484:821.513,-88.3559,149.945,821.446,-91.1646,152.228,817.325,-85.5455,152.538,828.469,-94.1418,148.641,816.269,-79.8382,150.044,844.453,-97.4764,130.94,806.238,-72.3138,138.083,869.504,-103.27,107.377,770.689,-66.9394,138.839,882.289,-109.499,96.2747,744.888,-72.3795,158.652,840.035,-89.306,83.0376,814.691,-71.6884,86.1551,852.439,-96.5807,47.2849,799.718,-71.5297,51.14,880.146,-99.1789,11.541,793.421,-67.0487,19.9393,742.685,-74.9694,198.657,736.436,-84.7497,207.552,738.307,-79.5709,219.165,743.705,-69.4261,210.7,724.125,-75.5933,213.226
000485:815.183,-88.1398,150.221,816.278,-90.8406,152.543,813.085,-85.2523,152.937,826.957,-93.689,148.769,813.499,-79.4882,149.904,844.945,-96.9704,130.503,804.272,-72.0344,137.213,871.979,-102.721,106.93,773.56,-66.7457,137.322,872.481,-108.621,95.6661,745.212,-72.8373,157.762,839.017,-88.9433,82.6689,813.037,-71.4368,85.6314,850.18,-95.9257,47.2553,795.237,-71.3712,51.559,878.092,-98.4713,11.5125,791.625,-67.2111,19.9941,737.933,-75.0903,196.681,731.889,-84.6894,205.282,728.632,-79.5497,217.109,736.289,-69.4906,209.041,720.1,-75.9078,210.26
000486:816.15,-87.4655,149.594,816.051,-90.1968,151.847,811.161,-84.6856,152.171,824.398,-93.1578,148.222,810.263,-79.097,149.716,843.762,-96.3328,130.526,801.097,-71.9098,138.045,872.24,-102.017,106.546,766.597,-67.2125,139.379,880.192,-108.113,95.2414,742.026,-72.9646,159.362,840.876,-88.3114,83.0361,812.92,-71.1612,86.3708,849.053,-95.147,47.8902,795.498,-71.1404,51.798,874.432,-97.3683,12.7748,791.296,-67.1669,20.619,736.337,-75.1755,196.158,729.364,-84.6349,204.42,728.79,-79.6969,215.47,735.107,-69.8757,207.653,711.975,-75.8598,206.82
000487:814.418,-86.8288,149.707,814.646,-89.6136,151.959,809.511,-84.0822,152.287,824.042,-92.769,148.297,809.292,-78.6396,149.757,844.548,-96.0364,130.493,800.081,-71.6328,137.922,873.199,-101.513,106.725,765.791,-67.1328,139.032,877.965,-106.803,96.2562,740.978,-73.1251,158.85,840.127,-87.9313,82.7791,811.039,-70.8127,86.1294,848.039,-94.7252,47.7484,793.667,-71.014,51.7022,873.439,-96.6388,12.7906,790.538,-67.2421,20.5418,733.14,-75.3748,194.732,725.912,-84.7192,202.779,724.687,-79.954,213.657,731.364,-70.2592,206.045,706.044,-75.6911,203.202
000488:810.007,-86.5867,149.846,811.147,-89.3313,152.17,807.168,-83.7556,152.543,823.244,-92.5267,148.388,808.58,-78.3416,149.53,843.465,-95.8967,130.161,801.731,-71.4147,136.949,872.383,-101.277,106.575,776.341,-66.8831,137.111,870.909,-106.342,95.4586,749.041,-73.4226,157.375,837.752,-87.7662,82.4554,810.769,-70.6103,85.4952,845.886,-94.229,47.6493,791.346,-70.8681,51.9083,871.723,-95.9476,12.7058,788.769,-67.3373,20.6194,731.103,-75.812,192.565,722.621,-84.9505,200.093,716.695,-80.535,211.159,726.744,-70.9624,204.174,698.125,-75.0212,200.75
000489:808.968,-86.0156,149.607,810.177,-88.7853,151.928,806.446,-83.2325,152.283,822.04,-92.08,148.135,807.992,-77.8961,149.237,841.66,-95.3925,130.017,800.285,-71.1272,136.798,870.724,-100.766,106.606,772.989,-66.8543,137.186,871.361,-105.957,95.593,744.928,-73.58,157.47,834.326,-87.1378,82.6469,807.883,-70.1684,85.6107,842.533,-93.6273,47.9111,789.804,-70.8921,51.9626,869.547,-95.1238,12.982,788.86,-67.6518,20.4434,729.058,-75.9469,191.384,720.695,-84.7679,198.598,715.843,-80.659,209.286,725.669,-71.3906,202.597,690.656,-73.8143,196.841
000490:807.624,-85.7371,149.37,809.015,-88.4669,151.719,805.274,-82.9629,152.07,821.72,-91.6627,148.084,807.637,-77.5898,149.175,841.384,-94.8763,130.109,801.944,-70.7849,136.532,870.009,-100.233,106.655,780.517,-66.8243,135.444,872.003,-105.577,95.7783,752.172,-73.9957,154.334,832.756,-86.6163,82.8795,807.149,-69.8253,85.6776,840.661,-92.9215,48.2007,788.139,-70.6792,52.2226,868.963,-94.4814,13.2467,787.636,-67.5932,20.5972,727.079,-76.3768,189.335,716.34,-85.1711,196.42,709.638,-81.1191,207.326,721.814,-71.8789,200.795,685.174,-73.0926,192.446
000491:806.144,-85.5589,149.202,807.32,-88.2579,151.526,803.13,-82.8144,151.899,820.046,-91.2597,147.906,804.682,-77.4146,149.016,841.362,-94.1667,129.934,797.953,-70.6011,136.455,874.532,-99.5661,106.942,774.586,-66.4942,135.761,880.531,-105.635,97.084,747.171,-73.6489,154.756,832.997,-85.8774,82.5489,805.536,-69.451,85.4541,840.52,-92.3531,47.9747,787.652,-70.7688,51.9402,868.471,-93.5516,13.1456,788.512,-67.7116,20.0784,724.188,-76.6639,188.203,712.901,-85.306,195.007,706.13,-81.465,205.654,718.478,-72.372,199.362,679.7,-72.3658,188.689
000492:807.235,-85.1983,148.693,807.433,-87.9059,150.918,801.648,-82.5303,151.304,818.438,-90.9496,147.545,801.695,-77.1766,148.957,841.366,-93.7584,130.066,795.722,-70.4791,136.989,876.687,-98.8207,107.307,771.926,-66.9202,136.618,893.063,-104.432,99.3445,749.72,-74.2597,154.932,835.215,-85.5831,82.8092,805.521,-69.3593,85.9837,841.074,-91.9531,48.3198,789.476,-70.7617,51.8573,866.288,-92.6184,13.8491,788.961,-67.6294,20.2589,724.54,-76.9669,187.558,711.14,-85.7158,194.518,707.109,-81.8074,205.063,719.657,-72.6916,198.535,672.31,-71.1631,185.499
000493:801.785,-84.9246,149.492,803.047,-87.594,151.806,798.74,-82.1501,152.189,816.493,-90.5661,148.177,800.684,-76.6972,149.273,839.093,-93.3739,130.18,795.14,-70.0058,136.597,872.455,-98.3702,107.488,773.72,-66.2779,135.552,878.835,-103.942,98.5162,747.195,-74.1401,154.452,831.253,-85.3971,82.6689,803.525,-69.1713,85.5443,838.376,-91.3732,48.0081,786.056,-70.7743,51.8894,863.68,-91.6411,13.4146,785.991,-67.9231,20.0114,721.194,-77.4989,186.012,710.141,-86.2421,192.393,703.439,-82.7984,203.068,715.312,-73.5987,197.165,664.932,-70.5568,183.253
000494:804.12,-84.7817,148.649,804.458,-87.5017,150.903,798.876,-82.1069,151.292,815.834,-90.5654,147.532,799.551,-76.6421,148.965,839.213,-93.4437,129.94,793.811,-69.567,136.826,871.944,-98.493,106.701,768.408,-65.1182,135.521,884.784,-103.579,98.2838,744.757,-72.736,152.987,834.125,-85.1038,82.8129,804.138,-68.7904,86.0373,840.626,-90.7079,48.2084,787.299,-70.5156,51.9985,867.404,-90.6947,13.4836,786.818,-68.0566,20.3027,720.971,-77.6716,185.283,709.229,-86.8889,191.663,704.644,-83.7018,202.513,715.637,-74.0944,196.551,657.598,-69.9471,181.324
000567:325.355,-47.7555,0.778001
