001843:1207.93,0.155643,156.495,1207.94,-3.7055,159.174,1208.45,2.17257,159.523,1210.27,-11.0102,154.619,1215.04,3.91339,155.132,1210.79,-18.2509,135.661,1225.2,8.11607,135.897,1209.6,-22.2753,112.937,1232.17,21.2622,119.61,1209.13,-12.5546,101.252,1225.25,34.8217,124.415,1218.93,-14.6091,85.3414,1222.9,5.42131,85.2135,1216.97,-21.7345,48.9544,1208.87,12.3362,50.024,1230.14,-35.4051,11.7926,1208.32,18.1828,14.6155,1207.93,49.7246,166.719,1210.29,43.4544,180.681,1204.64,54.7318,191.122,1199.96,61.0644,176.155,0,0,0
001844:1210,-0.428422,156.242,1209.93,-4.30158,158.896,1209.93,1.58733,159.233,1211.33,-11.6192,154.197,1213.98,3.43893,154.717,1212.29,-18.8429,135.138,1220.79,7.68521,135.506,1211.32,-22.7737,112.454,1224.21,20.7584,119.62,1206.06,-12.9087,101.095,1219.71,33.4326,125.168,1221.65,-15.1292,84.7852,1222.11,5.07471,84.804,1221.84,-22.3949,48.2925,1209.74,12.0023,49.6509,1229.4,-35.4511,11.624,1206.44,18.3433,14.5621,1209.52,47.4257,167.585,1212.59,40.8723,181.499,1207.92,51.9266,192.146,1202.6,58.5355,177.215,0,0,0
001845:1210.88,-0.805564,156.223,1210.77,-4.72457,158.894,1210.73,1.176,159.232,1212.18,-12.221,154.313,1214.22,2.9395,154.819,1212,-19.6624,135.233,1221.51,7.30643,135.698,1209.37,-24.1003,112.435,1223.45,20.5512,119.851,1206.63,-14.5023,100.878,1218.99,32.9813,125.347,1223.21,-15.4439,84.7697,1223.72,4.94972,84.9043,1222.28,-22.3571,48.4024,1208.69,11.8584,49.9647,1231.58,-35.1543,11.5799,1204.36,17.8955,15.0905,1210.47,45.4625,168.435,1216.33,38.5575,182.237,1213.66,49.3401,193.255,1205.6,56.2889,178.395,0,0,0
001846:1210.1,-1.18833,156.369,1210.62,-5.15795,158.997,1211.22,0.696078,159.339,1214.49,-12.9167,154.216,1217.34,2.24493,154.712,1214.47,-20.3444,134.962,1225.6,6.50117,135.324,1207.46,-24.3189,112.702,1226.01,20.1892,119.767,1193.8,-13.8778,102.686,1215.12,32.7116,126.179,1222.54,-15.9732,84.4182,1223.63,4.40332,84.5013,1220.49,-22.8082,48.2532,1207.52,11.4713,49.8231,1231.77,-35.3866,11.4222,1206.27,17.7656,14.8444,1208.51,43.5031,169.125,1214.9,35.8147,182.599,1212.82,45.9722,194.191,1204.41,53.7738,179.634,0,0,0
001847:1208.77,-1.38298,156.329,1208.99,-5.37306,158.972,1210.15,0.451441,159.343,1213.93,-13.1856,154.303,1218.15,1.99416,154.895,1215.48,-20.5724,135.051,1228.94,6.46682,135.572,1211.3,-24.3985,112.103,1232.82,20.3921,119.708,1201.91,-13.9235,101.315,1222.22,32.8317,125.773,1223.14,-15.9176,84.6472,1225.19,4.51233,84.7324,1219.72,-22.5753,48.3656,1207.25,11.6169,49.9465,1231.48,-35.4661,11.2397,1205.08,17.6132,14.7563,1211.63,41.6882,169.804,1218.47,33.3707,182.971,1215.14,42.9732,195.064,1206.35,51.3673,180.814,0,0,0
001848:1205.27,-2.02489,156.739,1205.76,-5.99814,159.356,1206.59,-0.152058,159.692,1212.06,-13.777,154.483,1215.26,1.54364,155.039,1216.17,-21.1917,135.038,1226.41,6.12102,135.486,1216.25,-25.1209,112.385,1229.51,20.3117,119.778,1207.57,-14.3621,102.409,1219.5,32.1768,126.311,1222.87,-16.6294,84.4619,1223.35,4.00264,84.5703,1218.34,-23.2357,48.3811,1204.6,11.2486,50.0333,1229.81,-35.4609,11.4344,1205,17.7514,14.8309,1211.15,39.916,170.324,1219.01,31.3112,183.39,1218.73,40.6843,195.78,1208.94,49.4136,181.632,0,0,0
001849:1207.04,-2.59132,156.378,1207.42,-6.61992,158.995,1208.33,-0.798374,159.356,1212.78,-14.4321,154.199,1216.18,0.818372,154.876,1214.53,-21.5273,134.878,1225.77,5.46081,135.604,1212.98,-24.5632,111.724,1225.09,19.5731,120.251,1206.43,-13.4755,100.919,1214.29,31.2423,126.977,1221.21,-16.7071,84.334,1221.82,3.73209,84.5648,1219.8,-23.2193,48.1062,1204.22,11.1209,49.9654,1232.22,-35.344,11.135,1204.52,17.6328,14.8639,1211.38,37.8724,171.299,1220.54,28.8376,183.9,1223.81,37.5699,196.516,1212.52,46.7461,182.833,0,0,0
001850:1209.52,-3.34858,156.529,1209.39,-7.33907,159.135,1210.74,-1.55156,159.522,1213.67,-15.0572,154.376,1218.89,0.0472281,155.061,1213.01,-21.9407,135.139,1230.7,4.73558,135.846,1206.47,-25.0769,112.651,1233.77,19.0939,120.663,1205.19,-14.8902,102.359,1222.03,30.6622,127.497,1222.41,-17.0764,84.568,1226.67,3.20585,84.6462,1220.09,-23.5,48.28,1208.74,10.7347,49.8748,1231.2,-35.5043,11.3105,1204.5,17.7811,14.9645,1213.66,35.9023,171.89,1221.6,26.5144,184.02,1223.59,34.6192,196.863,1213.72,44.1822,183.677,0,0,0
001851:1205.33,-4.20034,156.951,1206.13,-8.14586,159.571,1207.2,-2.31187,159.918,1214.71,-15.7753,154.826,1218.43,-0.465692,155.477,1217.46,-22.8135,135.54,1233.45,4.50123,136.272,1208.28,-26.5615,113.233,1239.79,19.1984,121.026,1195.26,-17.1604,103.232,1230.09,30.1277,127.682,1225.03,-17.888,84.901,1227.1,2.65463,85.0844,1221.11,-23.8896,48.5892,1205.92,10.2462,50.4476,1233.77,-35.0712,11.3679,1204.18,17.7909,15.3442,1215.33,33.8417,172.563,1223.48,24.2857,184.259,1223.1,31.8703,197.239,1213.51,41.5815,184.567,0,0,0
001852:1208.49,-4.43769,156.977,1208.64,-8.35679,159.595,1209.94,-2.62557,159.952,1215.29,-16.0169,154.957,1219.13,-0.949581,155.585,1217.99,-23.0657,135.772,1231.52,3.81307,136.475,1210.3,-26.5791,113.489,1240.63,17.9937,120.959,1197.91,-16.9227,103.791,1235.71,28.7565,127.292,1224.91,-18.123,85.2562,1226.32,2.17338,85.5118,1221.04,-23.8807,48.7045,1207.3,10.0061,50.5811,1231.79,-35.1498,11.3785,1206.2,17.7192,15.1877,1217.4,32.2399,172.722,1222.79,22.343,184.383,1219.97,29.7906,197.579,1213.49,39.8411,184.961,0,0,0
001853:1207.9,-4.7965,156.978,1208.25,-8.8079,159.581,1209.14,-3.01407,159.966,1214.93,-16.6349,154.842,1217.85,-1.39837,155.537,1216.49,-23.541,135.475,1230.32,3.49426,136.314,1204.87,-26.2631,113.327,1241.79,18.0442,121.197,1188.9,-15.2319,104.467,1239.67,28.3758,128.234,1223.62,-18.306,84.6281,1224.49,2.17484,84.9524,1221.36,-24.1675,48.1957,1205.41,10.087,50.2464,1233.18,-35.1052,10.9825,1205.78,17.7937,14.9928,1218.78,30.5316,173.214,1223.82,20.1272,184.405,1219.37,26.8152,197.782,1213.19,37.4111,185.698,0,0,0
001854:1212.82,-5.59266,156.42,1213.35,-9.59612,159.032,1213.66,-3.73689,159.389,1219.11,-17.2863,154.411,1219.94,-1.82691,155.042,1220.02,-24.2519,135.174,1228.83,3.45699,136.007,1207.37,-27.5323,113.693,1233.69,18.6467,121.426,1188.42,-16.7267,105.844,1233.01,28.5183,128.461,1227.28,-19.0841,84.2648,1225.56,1.73991,84.6942,1225,-24.8062,47.8094,1207.12,9.77765,49.9224,1231.7,-34.9818,10.8616,1205.47,17.8388,14.8121,1220.61,28.6377,173.411,1227.95,17.7391,184.075,1226.93,23.6596,197.975,1218.6,34.7799,186.454,0,0,0
001855:1212.51,-6.26601,156.972,1213.18,-10.2668,159.568,1213.55,-4.37645,159.942,1219.03,-17.921,154.773,1220.75,-2.43689,155.49,1218.68,-24.6142,135.283,1229.94,2.89302,136.215,1207.41,-27.5006,113.117,1234.38,17.9866,121.377,1190.05,-17.1296,103.96,1229.6,27.3794,128.463,1224.2,-19.3506,84.0358,1223.74,1.35799,84.424,1223.51,-25.0459,47.7378,1205.77,9.57576,49.8534,1234.7,-35.3357,10.7496,1205.9,17.7664,15.0013,1221.24,26.6836,173.381,1228.51,15.4216,183.685,1228,20.8332,197.836,1219.17,32.3482,186.715,0,0,0
001856:1214.38,-6.92751,156.997,1215.03,-10.9724,159.583,1216.21,-5.10891,160.018,1220.79,-18.7295,154.91,1224.32,-3.29109,155.668,1218.82,-25.3482,135.391,1235.16,2.18291,136.39,1198.6,-27.5803,113.71,1245.6,17.486,121.561,1176.97,-16.1158,105.858,1237.13,26.608,128.806,1225.59,-19.7562,84.0706,1227.97,1.02722,84.4541,1222.37,-25.1718,47.9252,1207.3,9.57151,49.9904,1233.56,-35.1979,10.8763,1204.52,17.7817,15.2961,1220.77,24.8887,173.476,1226.98,13.2446,183.553,1223.75,18.3042,197.875,1216.52,30.2036,187.024,0,0,0
001857:1215.4,-7.6239,157.311,1215.78,-11.5909,159.901,1217.12,-5.82725,160.312,1219.86,-19.0949,155.276,1223.94,-3.89269,156.053,1216.64,-25.3778,136.034,1232.91,1.48045,137.033,1198.75,-27.144,114.14,1243.11,16.4943,122.205,1179.63,-16.1818,105.575,1238.03,25.6688,129.059,1222.24,-20.2977,85.0468,1224.98,0.0586968,85.4243,1221.05,-25.4241,48.6769,1206.33,8.91574,50.7531,1233.9,-35.2834,11.3392,1206.28,17.7697,15.7615,1223.28,23.0441,173.911,1228.49,11.2169,183.407,1226.7,15.7256,197.786,1220.29,27.8082,187.562,0,0,0
001858:1213.53,-7.81102,157.568,1213.74,-11.7899,160.147,1215.57,-6.06125,160.585,1218.59,-19.5029,155.485,1223.89,-4.38306,156.29,1214.49,-25.8405,136.102,1236.15,0.727166,137.14,1195.3,-27.5337,114.062,1246.07,15.691,122.408,1180.9,-16.4643,105.165,1234.88,24.7748,129.609,1222.77,-20.7679,84.6573,1228.01,-0.50557,85.0365,1221.73,-25.5639,48.4316,1208.3,8.83196,50.5597,1236.54,-35.6387,11.062,1204.32,17.6114,16.2599,1226.07,21.1442,174.311,1231.9,8.99841,183.478,1232.67,13.0605,198.066,1225.32,25.514,188.149,0,0,0
001859:1213.31,-8.17529,157.573,1213.33,-12.1065,160.161,1215.27,-6.46884,160.571,1218.06,-19.8519,155.651,1223.43,-4.91548,156.37,1214.87,-26.3387,136.438,1235.08,0.0601328,137.53,1197.67,-28.4793,114.697,1241.82,15.0439,123.091,1180.58,-18.1305,106.092,1228.51,23.9051,130.115,1224.73,-21.213,85.3008,1229.26,-1.07323,85.7595,1222.47,-25.7977,49.0047,1208.16,8.29793,51.2366,1235.89,-35.3046,11.5917,1205.22,17.6256,16.6502,1223.32,19.2725,174.555,1231.64,6.96986,183.308,1234.68,10.5034,197.993,1224.59,23.1213,188.478,0,0,0
001860:1213.97,-8.38972,157.707,1214.23,-12.3655,160.279,1216.13,-6.80125,160.688,1219.34,-20.3963,155.716,1223.7,-5.49663,156.434,1216.58,-27.0074,136.47,1234.81,-0.839889,137.573,1196.06,-28.5407,114.572,1240.05,13.8319,123.138,1171.01,-16.9929,106.323,1226.53,22.6718,130.237,1227.78,-22.014,85.2989,1231.44,-1.95206,85.8841,1223.4,-26.0278,49.284,1210.57,7.86378,51.5928,1233.26,-35.3173,12.2747,1208.04,17.0681,17.2862,1226.02,16.8935,174.701,1235.13,4.30812,183.222,1238.38,7.54691,197.998,1227.64,20.4495,188.703,0,0,0
001861:1215.29,-8.89109,158.009,1215.2,-12.8658,160.597,1217.2,-7.28216,160.996,1219.66,-21.0121,156.02,1224.68,-6.0705,156.739,1215.8,-27.7224,136.566,1236.13,-1.46624,137.76,1198.21,-29.5776,114.49,1239.54,13.2693,123.438,1180.84,-18.366,105.683,1223.48,21.5944,130.566,1226.91,-22.5178,84.8502,1231.34,-2.37039,85.4921,1224.94,-26.4598,48.8688,1211.88,7.68956,51.2597,1237.53,-35.3363,11.8514,1205.08,17.2936,17.6584,1228.98,14.7799,174.634,1238.95,2.04796,182.807,1242.66,4.82736,197.619,1230.67,17.9214,188.71,0,0,0
001862:1215.41,-9.08331,158.369,1214.65,-13.0322,160.953,1217.3,-7.629,161.382,1218.45,-21.2737,156.436,1224.81,-6.68474,157.185,1215.6,-27.8094,137.259,1237.4,-2.54201,138.449,1199.74,-28.9215,114.846,1241.82,11.6575,123.77,1188.64,-17.5338,105.751,1225.29,20.4762,130.297,1229.36,-22.9775,85.9264,1235.18,-3.36496,86.5407,1225.26,-26.4847,49.695,1214.95,6.98896,52.0545,1235.93,-35.7136,12.4288,1207.46,16.8234,18.0714,1230.3,12.5393,174.751,1239.57,-0.302288,182.312,1243.47,1.96141,197.006,1232.47,15.1504,188.675,0,0,0
001863:1217.93,-9.73554,157.919,1217.38,-13.6835,160.496,1219.49,-8.21818,160.892,1221.05,-21.9262,156.096,1225.87,-7.15561,156.719,1218.66,-28.8259,136.906,1236.53,-2.71528,137.983,1204.39,-30.9719,115.771,1240.48,12.0253,123.981,1183.33,-19.0981,109.137,1227.23,19.9612,130.791,1231.06,-23.7011,85.6199,1234.04,-3.59942,86.3573,1227.75,-27.2516,49.5643,1212.93,6.86232,52.176,1238.75,-35.8881,12.3099,1208.01,16.7362,18.1755,1231.96,10.6728,174.728,1242.25,-2.39218,182.198,1243.7,-0.437867,197.07,1230.93,13.0363,188.921,0,0,0
001864:1218.81,-10.0315,158.253,1217.72,-13.9671,160.837,1220.66,-8.56469,161.243,1220.09,-22.2164,156.552,1227.33,-7.64034,157.158,1215.5,-29.0098,137.508,1240.18,-3.45022,138.565,1198.19,-30.8859,116.772,1244.76,11.1315,124.959,1184.77,-19.0187,110.461,1229.11,18.9389,132.042,1230.88,-24.172,85.994,1237.91,-4.32494,86.6294,1227.68,-27.5214,49.7639,1217.23,6.37172,52.1223,1235.49,-35.9496,12.5852,1206.33,16.436,18.4323,1237.42,8.76604,174.923,1246.39,-4.25213,181.882,1248.44,-2.77238,196.49,1237.22,10.6935,188.9,0,0,0
001865:1220.03,-9.73234,158.06,1218.72,-13.6737,160.675,1221.81,-8.34679,161.043,1221.12,-22.3404,156.522,1227.66,-7.78385,157.025,1217,-29.7357,137.31,1241.98,-4.07804,138.437,1197.17,-32.0192,115.816,1254.49,10.4897,124.631,1182.02,-20.076,108.254,1243.53,18.4202,131.775,1235.11,-25.2212,85.4935,1242.33,-5.25442,86.2682,1228.49,-27.8943,49.6391,1218.72,5.98434,52.1543,1238.05,-35.9815,12.3754,1208.58,16.0681,18.6967,1238.9,6.72806,174.85,1242.98,-6.60574,181.296,1240.54,-5.51665,196.025,1234.64,8.25681,189.009,0,0,0
001866:1223.34,-10.3933,158.511,1222.21,-14.3223,161.145,1224.26,-9.00789,161.524,1224.15,-22.9981,156.998,1228.54,-8.51374,157.52,1220.84,-30.2682,137.673,1238.71,-4.84535,138.847,1205.57,-32.4792,116.18,1245.87,9.34519,124.756,1188.3,-20.6253,109.206,1238.67,17.0338,131.142,1235.25,-25.4505,85.6542,1238.89,-5.61744,86.5658,1228.52,-28.1491,49.5012,1216.52,5.61965,52.1836,1235.57,-36.2153,12.243,1209.65,15.9321,18.2161,1241.07,5.05505,174.478,1247.71,-8.45361,180.902,1245.53,-7.47527,195.83,1236.63,6.51839,188.784,0,0,0
001867:1229.14,-11.1847,158.224,1227.91,-15.1033,160.883,1229.69,-9.72817,161.235,1227.32,-23.5591,156.781,1230.69,-8.86713,157.284,1222.32,-30.7215,137.496,1236.84,-4.90131,138.701,1205.87,-32.7321,116.098,1243.79,9.32217,124.773,1191.15,-20.5328,109.307,1240.14,16.0606,131.13,1235.28,-26.1544,85.485,1237.39,-6.08298,86.4306,1230.53,-28.905,49.2668,1219.11,5.02083,51.8143,1233.81,-36.0389,12.3294,1210.33,15.7238,17.9729,1237.81,2.98761,173.881,1244.16,-10.564,179.904,1239.86,-9.9628,194.743,1231.66,4.06701,188.232,0,0,0
001868:1226.04,-11.2011,158.892,1225.06,-15.1354,161.59,1226.88,-9.74806,161.924,1227.91,-23.9626,157.604,1230.88,-9.18486,158.012,1227.03,-31.8136,138.014,1240.37,-5.43888,139.299,1212.38,-34.7118,116.222,1250.42,8.85673,125.211,1188.36,-22.5463,109.297,1246.49,15.1113,131.506,1240.45,-27.0804,85.6796,1241.51,-6.68761,86.7601,1229.54,-29.3004,49.5287,1217.39,4.61235,52.2448,1233.44,-35.9984,12.2417,1212.3,15.4365,17.8587,1240.53,0.633703,173.863,1247.32,-13.1613,179.676,1240.29,-12.783,194.695,1231.31,1.50731,188.391,0,0,0
001869:1224.5,-11.5279,159.128,1222.86,-15.4128,161.808,1225.37,-10.0964,162.163,1223.89,-24.0183,157.729,1229.57,-9.50597,158.216,1220.01,-31.2934,138.268,1242.38,-5.86859,139.597,1202.73,-33.4378,116.559,1251.8,8.44856,125.638,1188.52,-21.9144,109.167,1242.13,14.9233,131.846,1239.54,-27.0038,85.596,1246.28,-7.1113,86.4357,1228.75,-29.2439,49.3598,1223.85,4.09836,51.5133,1230.56,-35.8753,12.3906,1212.54,15.1931,17.5385,1235.38,-1.02556,173.612,1238.46,-14.7751,178.548,1235.9,-15.2414,193.354,1231.04,-0.958703,187.985,0,0,0
001870:1229.05,-12.5132,159.174,1227.59,-16.4165,161.847,1229.34,-11.0048,162.244,1227.59,-24.8429,157.758,1231.06,-10.1056,158.292,1223.5,-32.0464,138.199,1239.71,-5.97983,139.602,1205.83,-34.4608,117.061,1252.07,8.16204,125.653,1191.7,-22.8981,111.082,1252.98,13.5143,131.519,1238.05,-27.1309,85.7801,1241.36,-6.9473,86.7422,1229.69,-29.5542,49.2164,1221.39,4.03497,51.5439,1230.09,-36.1106,12.0761,1212.37,14.9718,17.1251,1243.35,-3.15915,173.048,1247.11,-17.0644,178.077,1242.58,-17.4857,193.103,1236.94,-3.01432,187.671,0,0,0
001871:1232.06,-13.0666,159.352,1230.01,-16.8554,162.054,1232.68,-11.4672,162.437,1228.8,-24.9929,158.089,1235.13,-10.4108,158.574,1223.63,-32.145,138.56,1244.05,-6.27474,139.965,1209.29,-34.965,117.476,1257.39,7.89949,126.36,1204.66,-24.1994,111.01,1255.2,12.652,132.497,1236.36,-27.6718,86.2153,1242.83,-7.68126,87.0257,1227.27,-29.9,49.6965,1223.43,3.22794,51.6429,1231.39,-35.9829,12.2628,1216.34,14.4427,16.9361,1244.56,-4.82893,172.501,1248.51,-18.6931,176.993,1243.51,-19.5243,191.844,1237.8,-5.08565,187.029,0,0,0
001872:1235.83,-13.4009,159.427,1233.62,-17.1808,162.125,1235.89,-11.9015,162.534,1230.08,-25.3762,158.164,1235.07,-11.0777,158.667,1222.14,-32.2375,138.729,1238.59,-7.14818,140.14,1202.65,-34.343,117.943,1250.37,6.72632,126.32,1197.2,-23.4526,112.129,1251.66,11.991,131.891,1232.91,-27.6741,86.5503,1237.39,-8.09921,87.4814,1226.22,-29.8013,49.7435,1221.16,3.01962,51.8712,1229.88,-36.3269,12.1878,1216.42,14.1663,16.8239,1242.55,-6.38073,172.005,1248.51,-20.5644,176.041,1244.27,-21.836,191.024,1236.89,-7.02895,186.566,0,0,0
001873:1238.09,-14.3069,159.844,1236.15,-18.1248,162.552,1238.04,-12.6884,162.986,1233.65,-26.2774,158.698,1238.03,-11.6435,159.235,1228.46,-33.5033,138.99,1241.33,-7.10252,140.793,1217.31,-37.2477,117.705,1252.97,7.27203,127.443,1219.7,-28.1246,110.574,1255.18,11.2715,133.041,1234.73,-27.9317,86.6775,1238.38,-7.87217,87.7218,1226.45,-30.1517,49.9002,1223.17,2.55958,51.804,1229.02,-36.0292,12.4984,1219.71,13.4312,16.5098,1244.61,-8.67716,171.726,1249.06,-22.7991,175.302,1241.95,-24.4299,190.129,1236.19,-9.72577,186.27,0,0,0
001874:1242.79,-14.7076,160.125,1240.44,-18.4779,162.828,1242.08,-13.135,163.311,1235.95,-26.5323,159.089,1239.94,-12.1637,159.718,1228.42,-33.4555,139.542,1241.79,-7.7081,141.495,1216.29,-36.7799,117.86,1251.42,6.19092,128.025,1222.52,-28.0603,109.903,1254.9,10.3021,133.034,1236.48,-27.881,87.2844,1240.21,-8.23654,88.4092,1229.96,-29.8733,50.1588,1224.66,2.22981,52.2713,1230.02,-36.1703,12.7934,1216.52,12.5819,17.2639,1247.21,-10.3599,171.459,1249.98,-24.5288,174.427,1245.32,-26.6275,189.19,1241.34,-11.861,185.911,0,0,0
001875:1244.71,-15.7461,160.048,1243.24,-19.5251,162.885,1242.08,-13.8212,163.126,1236.79,-27.0358,158.962,1240.99,-12.7653,159.658,1227.62,-33.4865,139.438,1245.51,-8.70657,141.954,1206.62,-35.9069,117.806,1261.91,4.44876,128.813,1201.67,-26.7602,109.73,1252.63,9.49267,133.91,1231.92,-27.8568,87.0284,1238.85,-8.94683,88.6189,1223.61,-29.2829,50.3102,1222.33,1.91603,52.4471,1228.18,-36.021,12.9042,1218.93,11.8786,17.6767,1252.89,-12.644,171.137,1259.53,-27.1121,173.916,1263.19,-30.6028,189.301,1254.67,-15.3656,185.846,0,0,0
001876:1237.94,-15.9041,160.094,1237.32,-19.7139,162.928,1235.87,-13.9769,163.177,1234.21,-27.2895,159.132,1235.92,-12.7499,159.849,1228.91,-34.0003,139.666,1242.29,-8.45763,142.204,1209.12,-36.6876,117.994,1261.01,4.42361,128.927,1193.17,-26.9832,110.432,1257.88,8.17042,133.844,1233.13,-28.1488,87.3113,1237.11,-8.85835,88.9863,1223.73,-29.478,50.479,1219.68,1.76515,52.7591,1227.83,-36.1029,12.963,1221.32,11.2073,17.3959,1252.99,-14.6891,170.092,1260.15,-29.2092,172.649,1261.75,-32.8404,187.997,1252.54,-17.5936,184.801,0,0,0
001877:1237.09,-16.7263,160.372,1235.92,-20.4153,163.194,1237.17,-14.5346,163.385,1234.14,-27.4386,159.379,1240.42,-12.8414,160.183,1226.89,-33.8584,139.993,1247.49,-8.39592,142.961,1212.62,-36.8736,118.261,1261.46,3.99406,130.432,1209.05,-28.5797,110.084,1256.93,6.98442,136.104,1236.36,-27.9107,87.4624,1244.63,-8.68716,89.2262,1225.7,-29.1768,50.4984,1224.89,1.65043,52.5776,1226.55,-35.7425,13.0346,1220.15,10.6998,17.5955,1245,-16.9478,168.532,1251.54,-31.3255,170.819,1252.02,-35.6739,186.287,1243.92,-20.506,183.233,0,0,0
001878:1237.37,-17.543,160.317,1236.6,-21.2228,163.113,1238.47,-15.3585,163.331,1235.4,-28.0238,159.297,1243.13,-13.5125,160.193,1226.51,-34.0312,139.966,1250.98,-8.83131,143.07,1207.95,-36.6774,118.345,1263.78,3.49257,130.845,1199.54,-28.4891,110.337,1252.12,6.00935,136.816,1234.14,-27.929,87.5637,1244.79,-8.94363,89.2655,1224.05,-29.1259,50.6332,1225.25,1.24374,52.5354,1228.46,-35.7034,12.9504,1222.16,10.0999,17.448,1245.04,-18.932,168.136,1250.45,-33.3379,169.981,1252.25,-38.1086,185.352,1245.2,-22.8701,182.785,0,0,0
001879:1236.48,-17.8456,160.175,1236.2,-21.5411,162.942,1238.77,-15.6931,163.186,1238.26,-28.4137,159.235,1247.44,-13.8045,160.143,1232.48,-34.6137,140.002,1258.93,-8.89749,143,1215.71,-37.6394,118.533,1273.69,3.18154,130.39,1204.31,-29.2332,111.284,1255.24,4.63028,136.382,1237.77,-28.0513,87.9595,1249.53,-8.8525,89.4995,1224.23,-29.2283,51.0046,1225.84,0.804616,52.7939,1231.45,-35.9938,12.9837,1224.5,8.79665,17.1669,1244.78,-20.9062,167.504,1252.19,-35.3828,169.454,1253.44,-40.0002,184.831,1244.1,-24.6896,182.136,0,0,0
001880:1242.96,-18.5943,161,1242.51,-22.3168,163.766,1244.35,-16.3825,164.018,1241.87,-29.1026,159.773,1249.16,-14.3132,160.754,1233.78,-35.0713,140.095,1254.34,-9.26051,143.232,1220.18,-38.5268,118.53,1266.01,2.81559,130.936,1217.33,-30.9128,110.953,1255.14,3.59802,137.172,1234.34,-28.2251,87.4782,1243.4,-9.09958,89.1684,1225.31,-29.3099,50.368,1227.69,0.587216,52.1321,1229.89,-35.9178,12.6415,1227.42,8.45211,16.6783,1248.58,-22.4883,166.71,1255.07,-37.1266,168.085,1255.15,-42.2628,183.532,1247.09,-26.7532,181.477,0,0,0
001881:1241.44,-18.4203,160.659,1240.89,-22.1037,163.407,1243.54,-16.3444,163.64,1241.89,-29.0441,159.269,1250.78,-14.7061,160.226,1232.42,-34.749,139.687,1261.35,-10.3488,142.619,1208.69,-37.0214,118.486,1278.29,1.46812,129.825,1196.29,-28.701,111.8,1260.26,3.28689,135.685,1238.45,-28.4878,87.363,1251.57,-10.1021,88.8336,1226.45,-29.2726,50.4953,1230.58,-0.38593,52.2016,1231.57,-36.0677,12.9205,1228.9,7.39688,16.8193,1248.19,-23.8273,165.701,1255.52,-38.7702,166.717,1255.31,-44.3078,182.289,1246.03,-28.4067,180.532,0,0,0
001882:1243.79,-18.5402,161.041,1243.26,-22.3489,163.751,1245.94,-16.6042,164.006,1244.15,-29.7123,159.53,1252.61,-15.3985,160.555,1235.31,-35.6525,139.971,1261.55,-11.3369,143.144,1215.04,-38.0435,118.94,1278.61,0.217319,131.093,1206.52,-29.3566,112.593,1265.34,1.90026,137.497,1237.86,-28.6407,87.8613,1250.14,-10.435,89.5131,1223.91,-28.9951,50.8829,1229.32,-0.702702,52.7093,1229.32,-36.0585,13.2139,1231.03,6.32589,16.8969,1255.83,-26.2509,165.263,1263.31,-41.0145,165.498,1263.29,-47.2314,180.456,1254.03,-31.4613,179.449,0,0,0
001883:1242.52,-18.3552,160.745,1242.85,-22.1745,163.446,1245.91,-16.4643,163.673,1247.08,-29.6434,159.159,1256.08,-15.3511,160.143,1239.47,-35.6461,139.54,1267.44,-11.3516,142.419,1212.42,-37.8067,119.161,1281.72,0.458113,130.075,1189.19,-28.4607,114.221,1259.79,2.01854,136.378,1240.77,-28.7158,87.2579,1253.09,-10.524,88.7849,1227.18,-29.098,50.3748,1229.99,-0.922515,52.2836,1233.87,-36.2418,12.7961,1230.91,5.73125,16.6788,1255.54,-27.4657,163.868,1263.84,-42.669,163.81,1263.52,-49.3064,179.1,1253.26,-33.0336,178.396,0,0,0
001884:1243.09,-18.6941,160.686,1242.81,-22.4591,163.341,1246.93,-16.8936,163.571,1246.8,-29.935,158.868,1259.2,-16.0858,159.901,1238.16,-35.717,139.384,1273.66,-12.5664,142.223,1210.06,-37.9025,119.96,1289.6,-0.93562,130.512,1194.23,-29.2123,115.979,1261.87,1.08894,137.447,1240.8,-28.9667,87.2904,1257.84,-11.4671,88.6903,1224.03,-28.7556,50.5686,1231.42,-1.35322,52.3104,1230.39,-36.3929,13.1075,1230.68,4.98777,16.8388,1257.81,-29.1803,163.061,1266.25,-44.3898,162.239,1268.92,-51.6795,177.207,1258.22,-35.2909,177.263,0,0,0
001885:1245.04,-19.4587,160.529,1244.12,-23.1069,163.222,1248.08,-17.5579,163.449,1246.1,-30.1774,158.917,1257.68,-16.4054,159.913,1237.7,-35.6266,139.614,1268.3,-12.6605,142.437,1216.7,-38.5481,119.978,1279.68,-1.44397,130.542,1209.55,-31.6239,115.074,1253.41,0.0535885,136.731,1240.05,-28.9967,87.4759,1255.28,-11.7579,88.8705,1224.47,-28.7606,50.6635,1234.22,-2.26739,52.0871,1231.94,-36.2783,13.0753,1236.52,3.8899,16.2142,1250.65,-30.7993,162.214,1262.28,-46.1827,161.022,1262.23,-53.6757,176.046,1248.88,-37.1054,176.526,0,0,0
001886:1249.45,-19.4217,160.642,1249.2,-23.1507,163.291,1252.89,-17.8166,163.529,1252.95,-30.7447,158.71,1263.26,-17.5351,159.827,1244.02,-35.9422,139.369,1272.82,-14.6985,142.222,1212.14,-37.3215,119.993,1287.11,-4.05026,129.899,1186.74,-29.0571,116.19,1262.54,-0.675138,135.157,1244.1,-29.0888,87.124,1257.69,-12.8815,88.7628,1225.12,-28.0332,50.53,1235.37,-2.81286,52.2825,1228.9,-36.2946,13.5832,1238.99,2.52812,16.6319,1259.7,-32.6643,160.994,1271.27,-48.3316,159.099,1266.23,-56.2564,174.044,1252.88,-39.3042,175.115,0,0,0
001887:1240.07,-18.8749,160.529,1239.4,-22.5443,163.213,1244.32,-17.4264,163.411,1246.19,-30.5376,158.615,1259.89,-17.8663,159.795,1240.33,-35.9477,139.364,1277.53,-16.2121,142.428,1211.69,-37.3366,119.384,1297.56,-6.70489,130.579,1194.53,-29.6015,114.258,1261.69,-2.31911,136.135,1242.14,-29.5925,87.036,1260.83,-14.3034,88.7059,1221.38,-27.6527,50.5807,1237.35,-3.41791,52.3241,1230.7,-36.6412,13.3712,1241.73,1.49517,16.9008,1265.34,-35.4249,160.758,1274.3,-50.544,158.204,1267.25,-58.6568,172.334,1256.22,-42.1815,174.024,0,0,0
001888:1245.54,-19.7137,160.342,1244.38,-23.3438,162.977,1249.62,-18.2985,163.225,1248.99,-31.1107,158.335,1264.52,-18.7329,159.625,1240.02,-35.9949,139.194,1280.45,-16.9792,142.405,1211.43,-37.219,119.313,1295.08,-7.63608,130.816,1200.54,-30.2514,114.072,1256.13,-3.40048,136.293,1240.72,-29.3577,87.4192,1261.54,-14.5996,89.0385,1221.04,-27.2422,51.0443,1238.76,-3.99298,52.6753,1229.47,-36.3553,14.0683,1240.92,0.35306,17.4465,1260.52,-36.345,159.708,1270.44,-51.5718,156.717,1267.54,-60.2098,170.855,1255.47,-43.5547,172.997,0,0,0
001889:1258.73,-21.1205,160.26,1254.8,-24.5406,162.902,1261.65,-19.8054,163.188,1250.88,-31.6811,158.119,1270.56,-20.1725,159.552,1232.87,-35.1371,139.27,1281.87,-18.5502,142.459,1199.87,-34.5438,119.749,1296.79,-9.30086,130.351,1199.89,-27.7195,114.797,1257.4,-3.4879,134.848,1240.68,-29.2814,87.6901,1265.89,-15.8275,89.1295,1222.64,-26.9667,51.1835,1243.33,-5.08182,52.655,1228.71,-36.3932,14.4166,1239.36,-0.637958,17.6271,1255.04,-37.0793,158.612,1268.05,-52.6256,154.782,1260.92,-61.6526,168.747,1246.07,-44.6444,171.669,0,0,0
001890:1259.81,-21.0642,160.125,1255.5,-24.6143,162.733,1263.05,-19.8272,163.023,1249.33,-31.9971,157.9,1271.14,-20.3754,159.412,1229.01,-35.6262,139.051,1280.56,-18.5992,142.415,1193.33,-35.3706,119.624,1292.49,-9.14928,130.949,1190.26,-28.341,114.701,1250.08,-3.71276,135.875,1239.15,-29.1193,87.4102,1265.98,-15.5281,88.9013,1219.72,-26.6557,51.0341,1241.85,-4.9373,52.488,1231.59,-36.5176,13.9714,1242.75,-1.62127,17.2426,1248.56,-38.3496,157.639,1264.41,-53.795,153.286,1261.32,-63.4634,166.828,1243.41,-46.4705,170.258,0,0,0
001891:1269.24,-22.8823,159.69,1264.2,-26.2401,162.279,1272.62,-21.7789,162.599,1253.74,-32.8222,157.435,1277.86,-22.1606,159.189,1226.7,-34.9171,139.067,1285.11,-20.5071,142.722,1186.75,-33.574,120.709,1300.22,-11.7777,132.628,1190.13,-27.6942,116.382,1264.31,-6.06308,138.289,1234.55,-28.7652,87.4942,1265.66,-16.7622,88.9916,1219.23,-26.001,51.0572,1246.51,-5.72921,52.2351,1230.36,-36.6389,14.2119,1246.67,-2.91731,17.1932,1249.98,-39.2057,157.233,1264.67,-54.3457,151.419,1262.97,-65.0266,164.067,1246.42,-48.2753,169.122,0,0,0
001892:1256.25,-21.3119,160.173,1252.68,-24.9057,162.746,1259.28,-20.3171,163,1249.05,-32.5835,157.743,1268.3,-21.4514,159.5,1232.85,-35.8824,139.083,1279.55,-20.3685,142.918,1197.9,-35.1345,119.888,1290.86,-11.5822,132.534,1185.08,-27.6681,115.351,1254.29,-5.61268,137.458,1244.41,-29.2383,87.2342,1269.39,-16.6815,89.1375,1220.49,-25.7242,51.072,1245.38,-5.58063,52.67,1223.91,-36.4452,15.0168,1246.72,-4.04655,17.6453,1251.65,-40.862,154.539,1265.13,-55.7292,148.281,1264.55,-66.9173,160.671,1248.8,-50.34,166.099,0,0,0
001893:1254.43,-21.2337,159.974,1251.21,-24.8818,162.526,1258.18,-20.2569,162.76,1247.98,-32.5929,157.721,1267.61,-21.3518,159.355,1229.54,-36.0377,139.417,1279,-20.1099,142.757,1186.89,-35.3975,121.468,1292.94,-11.3186,132.065,1167.76,-27.5472,118.565,1253.86,-5.8881,136.744,1240.42,-29.2828,87.7235,1266.54,-16.5445,89.4458,1219.4,-25.8511,51.3816,1243.59,-5.77945,52.9209,1226.5,-36.6208,14.9649,1246.36,-4.71591,17.6775,1255.27,-42.5299,153.467,1269.92,-57.7231,146.939,1270.09,-69.3303,159.478,1253.04,-52.3789,165.207,0,0,0
001894:1253.83,-21.1095,159.241,1250.45,-24.6211,161.837,1256.7,-20.3055,162.032,1247.42,-32.4588,156.987,1265.75,-22.0361,158.749,1231.16,-35.6289,138.802,1276.63,-21.9008,142.557,1194.36,-34.7131,119.837,1289.51,-14.1358,132.284,1180.5,-27.6458,114.986,1255.32,-7.23991,136.52,1241.96,-29.5548,87.0808,1266.33,-18.1895,89.1526,1221.79,-25.2538,50.952,1247.11,-6.7734,52.7615,1227.37,-36.8889,15.0639,1250.67,-6.46305,17.9937,1255.39,-43.0316,152.38,1267.61,-57.7493,144.957,1267.62,-69.8484,156.853,1252.86,-53.2773,163.476,0,0,0
001895:1254.92,-21.2204,159.172,1250.65,-24.6559,161.78,1259.19,-20.6315,161.936,1246.71,-32.5166,157.07,1271.79,-22.9518,158.828,1229.68,-35.6451,139.25,1288.11,-23.4268,142.803,1194.09,-35.0205,120.889,1306,-15.7234,132.346,1182.39,-28.5901,116.352,1262.98,-7.59743,135.891,1243.92,-29.5636,87.7359,1276.3,-19.1588,89.5626,1217.53,-24.7503,51.7933,1251.08,-7.62555,53.2143,1228.43,-37.1123,15.5098,1256.64,-7.90913,17.9413,1258.61,-43.7004,150.98,1267.96,-57.9666,142.908,1263.78,-70.2129,154.136,1252.01,-54.1443,161.425,0,0,0
001896:1259.99,-22.4203,157.946,1255.6,-25.8723,160.504,1263.2,-21.7984,160.683,1249.05,-33.479,155.712,1271.35,-23.7347,157.616,1230.81,-36.0998,138.084,1281.37,-23.5985,142.022,1197.42,-35.0054,119.71,1292.42,-15.3762,132.569,1186.47,-28.0362,115.142,1257.66,-7.79897,136.809,1245.15,-29.922,87.1109,1273.54,-19.4417,89.183,1218.43,-24.9437,51.4439,1249.85,-8.00322,52.962,1226.76,-37.185,15.587,1257.78,-8.80268,17.7834,1256.04,-44.7934,148.954,1268.32,-59.0477,139.95,1268.28,-72.2446,150.73,1253.74,-56.1094,159.006,0,0,0
001897:1260.66,-22.4312,158.371,1258.26,-26.1594,160.896,1262.93,-21.7398,161.072,1254.24,-34.157,156.254,1268.21,-23.4442,158.113,1240.46,-37.513,138.541,1269.88,-22.438,142.35,1209.9,-37.228,120.391,1274.05,-13.758,132.567,1190.75,-29.0542,116.964,1247.46,-7.61395,136.378,1246.06,-30.1687,87.5454,1262.38,-18.3336,90.0069,1223.55,-25.5297,51.2593,1245.57,-7.71639,53.2887,1228.12,-37.509,15.2293,1256.13,-9.44127,17.5774,1260.68,-46.322,147.203,1274.17,-60.6447,138.476,1272.99,-73.6512,149.386,1257.82,-57.5136,157.397,0,0,0
001898:1266.52,-23.5144,157.553,1262.48,-27.0243,160.091,1269.45,-22.9459,160.277,1253.01,-34.35,155.604,1273.18,-24.6149,157.586,1232.97,-36.6485,138.385,1274.88,-23.8343,142.37,1198.41,-35.6677,120.457,1283.89,-15.6459,133.434,1183.45,-28.6377,116.32,1258.68,-9.10316,137.843,1243.51,-30.0199,87.8797,1267.42,-19.6333,90.1215,1221.75,-25.0667,51.7796,1252.3,-9.22038,53.2389,1228.8,-37.4297,15.7012,1265.58,-11.7218,17.2534,1261.67,-47.1623,146.609,1277.22,-61.3581,137.036,1274.49,-74.764,147.352,1257.38,-58.7628,156.265,0,0,0
001899:1262.96,-23.5618,158.685,1259.98,-27.2677,161.212,1264.68,-22.9594,161.416,1254.82,-35.1499,156.578,1268.17,-24.6317,158.546,1243.49,-38.0478,138.938,1267.12,-23.3531,142.862,1219.63,-37.0816,120.35,1269.76,-14.0179,132.295,1206.59,-28.1723,116.611,1240.54,-6.87423,135.047,1249.41,-30.5905,88.0745,1263.28,-19.2088,90.6777,1227.33,-25.4559,51.6394,1251.85,-9.39703,53.5156,1227.7,-37.2634,15.8047,1262.66,-12.441,17.4288,1261.61,-47.329,144.765,1278.52,-61.7793,135.038,1270.07,-75.1398,145.724,1252.25,-58.9334,154.656,0,0,0
001900:1262.1,-23.3411,159.378,1259.77,-27.0907,161.956,1264.87,-22.5988,162.126,1258,-35.2906,157.509,1271.53,-24.2825,159.237,1245.48,-39.0171,139.76,1270.98,-22.9157,143.044,1207.21,-38.9705,121.603,1270.39,-13.4305,131.418,1177.73,-29.9848,118.113,1225.11,-6.31714,133.385,1248.75,-31.5568,88.5272,1262.94,-19.4597,90.9139,1225.57,-26.1539,51.8542,1251.12,-10.2131,53.5562,1228.02,-37.3225,15.5421,1263.37,-13.4868,16.9833,1265.12,-48.891,142.588,1288.32,-63.6213,133.197,1279.48,-76.5524,144.084,1255.08,-60.0566,152.629,0,0,0
001901:1262.86,-24.2349,158.774,1259.71,-27.8164,161.383,1267.9,-23.7419,161.526,1259.63,-35.7786,156.755,1281.47,-25.8499,158.631,1246.57,-38.7977,139.162,1289.75,-25.1005,142.664,1199.31,-38.2105,121.597,1291.97,-16.1772,131.601,1164.07,-30.5982,118.228,1226.2,-7.55676,133.909,1254.2,-31.1618,88.0312,1277.75,-20.4229,90.1618,1224.93,-25.7506,51.7537,1257.01,-11.3163,53.1016,1229.3,-37.3032,15.7637,1265.26,-14.8562,16.908,1251.64,-47.07,142.239,1267.15,-60.0052,133.051,1250.66,-71.471,142.161,1234.34,-57.0358,150.551,0,0,0
001902:1260.27,-23.4556,159.386,1256.53,-26.9176,162.075,1264.77,-22.9668,162.198,1255.4,-34.948,157.888,1277.01,-25.3652,159.576,1241.19,-38.0136,140.708,1284.09,-25.3521,143.735,1195.11,-37.792,123.281,1289.31,-17.3204,131.774,1163.38,-31.0356,119.481,1224.66,-8.07181,132.577,1248.88,-31.1527,88.9369,1272.75,-21.1524,90.9377,1219.97,-25.4024,52.4609,1253.76,-12.0879,53.6443,1229.87,-37.778,15.826,1263.94,-15.971,17.0635,1280.97,-51.3785,139.261,1306.99,-65.497,128.514,1292.7,-78.831,138.058,1265.4,-62.8974,147.967,0,0,0
001903:1256.22,-23.6972,160.118,1251.32,-26.9295,162.864,1259.87,-23.1705,162.969,1250.14,-34.6664,158.463,1272.22,-25.5249,160.128,1236.12,-37.2979,140.982,1287.04,-26.3138,144.042,1188.21,-37.2492,122.863,1305.79,-19.5529,131.234,1159.79,-32.2522,117.613,1245.18,-10.011,131.228,1253.93,-31.3743,88.7699,1282.15,-22.3986,90.5362,1224.48,-25.3483,52.2255,1264.77,-13.8451,52.9481,1227.67,-37.7722,16.1581,1268.62,-17.9709,16.6007,1275.9,-50.6087,137.737,1300.73,-64.3601,126.742,1284.83,-77.5484,136.163,1257.75,-61.9384,146.323,0,0,0
001904:1249.2,-24.9118,159.486,1246.55,-28.3574,162.179,1253.01,-24.3614,162.242,1246.72,-35.7039,157.796,1262.84,-25.8715,159.602,1238.4,-38.0807,140.77,1271.86,-25.4963,144.294,1198.52,-37.991,123.813,1290.39,-19.0487,134.257,1169.15,-32.0894,119.778,1247.93,-12.4871,137.26,1248.06,-31.1203,89.273,1266.46,-21.3755,91.467,1225.69,-25.984,52.227,1255.06,-14.1277,53.4044,1230.47,-37.5195,15.8358,1269.43,-19.2399,16.3302,1236.83,-45.2958,138.633,1244.92,-55.5691,128.325,1216.67,-66.5164,134.892,1208.25,-54.9913,144.652,0,0,0
001905:1250.85,-25.3451,159.691,1248.04,-28.8118,162.357,1255.76,-24.7495,162.46,1249.95,-36.2174,158.21,1269.65,-26.3702,159.938,1237.4,-38.5936,141.225,1285.21,-26.0158,144.442,1192.97,-38.8772,124.594,1304.2,-19.1843,134.089,1169.57,-33.4146,120.808,1252.69,-13.16,137.057,1247.77,-31.6223,89.6599,1275.91,-22.1154,91.3837,1220.89,-25.9951,53.0256,1263.47,-15.2811,53.2428,1230.52,-37.3979,16.3773,1278.78,-20.9788,15.8189,1283.17,-51.9685,136.04,1305.57,-64.3954,124.146,1295.38,-78.4024,131.744,1270.47,-64.1821,143.161,0,0,0
001906:1251.2,-26.7912,159.737,1249.12,-30.3225,162.296,1254.53,-25.921,162.456,1248.4,-37.1963,158.137,1262.63,-26.5941,159.799,1239.39,-39.6343,141.231,1270.27,-24.97,144.79,1206.61,-42.0616,125.22,1285.06,-17.1925,136.287,1185.06,-38.7876,121.693,1257.06,-13.8828,140.904,1249.18,-31.6947,90.4498,1268.77,-21.2775,92.3177,1225.14,-26.9486,53.4316,1259.53,-16.0489,53.7042,1234.41,-37.7087,16.3849,1280.73,-21.8367,15.2329,1282.03,-51.1304,136.161,1300.71,-62.7386,124.018,1290.57,-77.0177,130.999,1270.64,-63.9033,142.876,0,0,0
001907:1258.65,-27.1685,159.304,1256.69,-30.6533,161.891,1261.95,-26.5322,162.008,1252.63,-37.2634,157.863,1266.62,-27.4009,159.554,1239.1,-38.7916,141.454,1268.65,-26.2373,144.99,1205.1,-40.1978,126.539,1287.54,-19.8348,137.244,1185.86,-37.3399,124.286,1273.89,-16.7657,142.202,1241.32,-30.5919,90.4647,1259.72,-21.4669,92.4203,1224.94,-26.3269,53.1619,1256.38,-16.5409,53.5794,1233.85,-37.4638,16.3962,1277.11,-22.6874,15.3685,1280.45,-51.8299,135.783,1293.96,-62.5296,123.112,1281.37,-76.947,128.886,1267.26,-64.8679,141.403,0,0,0
001908:1258.58,-28.267,159.325,1255.88,-31.8183,161.874,1261.15,-27.5392,162.069,1250.59,-38.3149,157.882,1264.21,-28.0078,159.678,1239.37,-39.6604,141.398,1266.63,-25.9386,145.276,1220.85,-40.9935,125.731,1284.5,-18.6093,137.419,1224.74,-37.7438,122.941,1271.88,-16.0947,142.57,1242.74,-30.7715,91.0222,1261,-21.0355,92.9281,1224.28,-26.947,53.4949,1255.31,-17.1234,53.7425,1233.7,-37.9372,16.2353,1275.83,-23.7732,14.8099,1276.74,-51.5322,134.385,1291.72,-62.0976,121.628,1277.67,-76.4932,127.302,1262.47,-64.6082,139.819,0,0,0
001909:1260.69,-28.3098,159.813,1257.69,-31.8582,162.376,1263.88,-27.5209,162.564,1252.26,-38.3205,158.286,1268.3,-27.7858,160.084,1239.6,-39.7831,141.518,1274.05,-25.5885,145.211,1217.31,-41.3391,125.681,1295.61,-18.1408,137.068,1222.13,-37.7252,122.739,1281.61,-16.0574,142.495,1244.26,-31.2809,90.715,1266.87,-21.4043,92.3498,1226.67,-27.3144,53.1907,1264.32,-17.893,52.9156,1230.92,-38.4028,16.3243,1281.14,-25.5959,14.3319,1280.36,-52.1733,132.888,1293.54,-62.6939,120.104,1279.93,-77.0969,125.934,1266.43,-65.2919,138.49,0,0,0
001910:1269.07,-29.1229,159.909,1266.51,-32.7184,162.442,1271.76,-28.1888,162.627,1259.02,-38.976,158.481,1273.68,-28.1413,160.104,1244.18,-40.5714,141.982,1273.42,-25.5114,145.249,1219.16,-43.2356,127.769,1284.42,-17.6091,137.614,1211.14,-39.9044,126.9,1271.66,-16.5419,143.667,1247.06,-31.7248,91.1189,1266.64,-21.5036,92.6835,1226.51,-27.764,53.4631,1258.52,-18.5347,53.3153,1229.3,-38.3644,16.4057,1275.09,-26.3704,14.4396,1279.7,-51.7561,132.177,1295.02,-61.7504,119.37,1287.61,-76.3682,124.379,1272.52,-65.2421,137.111,0,0,0
001911:1264.85,-29.153,160.143,1260.96,-32.6229,162.73,1269.99,-28.5544,162.891,1254.82,-38.9763,158.875,1279.13,-29.2499,160.546,1237.82,-39.9196,142.657,1292.64,-27.8388,145.619,1209.04,-40.5177,128.615,1318.72,-21.3052,136.963,1210.11,-36.0468,128.243,1289.53,-18.7916,142.536,1246.45,-31.731,91.6125,1280.35,-23.0511,92.651,1221.17,-27.5014,54.0961,1263.76,-19.8027,53.4277,1237.15,-39.1652,16.0029,1280.37,-28.1026,14.295,1279.24,-51.1107,131.479,1293.57,-60.6769,118.544,1285.16,-75.1123,122.97,1270.33,-64.3565,135.773,0,0,0
001912:1267.6,-29.96,161.033,1263.99,-33.4394,163.63,1271.29,-29.2324,163.793,1255.98,-39.5139,159.72,1276.99,-29.4161,161.468,1244,-40.3299,143.262,1285.91,-27.3976,146.628,1245.06,-42.0181,128.194,1302.86,-20.0286,138.683,1278.85,-38.5072,126.451,1285.87,-18.0239,144.74,1246.93,-32.0133,91.9083,1275.76,-23.105,93.1619,1226.07,-28.0363,53.9788,1266.34,-20.5107,53.2677,1235.2,-39.5178,16.1123,1281.46,-29.3011,14.0827,1278.55,-50.6525,130.092,1287.92,-59.6055,116.691,1284.94,-74.7746,120.538,1276.07,-64.7995,133.933,0,0,0
001913:1276.65,-30.971,161.773,1271.46,-34.2881,164.406,1282.6,-30.4947,164.621,1261.33,-40.2332,160.387,1291.28,-31.052,162.23,1239.75,-39.9654,143.847,1308.15,-29.9113,147.178,1221.71,-39.0499,128.182,1337.57,-24.0609,137.775,1246.41,-34.7196,125.943,1305.36,-20.7122,142.912,1246.64,-31.9348,92.5142,1289.7,-24.5108,93.2428,1220.41,-27.7905,54.7896,1274.34,-22.0672,53.3574,1234.39,-39.3422,16.6929,1287.08,-30.6008,14.0328,1283.68,-50.6843,128.588,1295.04,-59.3834,115.364,1291.51,-74.0616,118.939,1279.98,-64.308,132.034,0,0,0
001914:1269.51,-32.3403,161.511,1265.41,-35.6266,164.133,1276.61,-31.4844,164.348,1257.79,-41.0218,160.46,1288.25,-30.9597,162.167,1237.4,-41.0341,144.11,1305.37,-28.1903,147.269,1214.59,-41.2623,129.003,1326.75,-19.952,138.455,1228.12,-36.6434,126.991,1285.36,-17.9001,144.723,1244.44,-33.2586,93.3466,1287.34,-24.531,93.8098,1220.48,-29.5153,55.3974,1272.94,-23.4756,53.5146,1236.4,-39.4072,16.6055,1290.06,-31.8736,13.172,1279.76,-49.8941,126.995,1294.48,-58.1883,113.729,1301.74,-73.316,116.615,1286.98,-64.1498,129.939,0,0,0
001915:1277.81,-32.3073,161.541,1273.84,-35.735,164.154,1280.43,-31.4602,164.312,1263.34,-41.4239,160.501,1282.07,-31.0271,162.223,1247.84,-41.6646,144.317,1288.96,-28.1481,147.725,1233.43,-41.9759,129.448,1310.35,-19.8344,139.539,1237.38,-36.3046,128.012,1299.51,-17.6618,145.653,1258.03,-33.3798,93.2004,1285.52,-24.3091,94.4041,1231.29,-29.4107,55.3161,1271.56,-23.2142,54.3707,1237.55,-39.6244,17.321,1287.06,-32.5169,14.5287,1285.48,-49.1045,126.497,1298.44,-56.7079,112.822,1292.69,-71.3582,115.158,1280.62,-63.0441,128.827,0,0,0
001916:1284.22,-33.6784,161.531,1279.07,-36.953,164.143,1286.54,-32.9534,164.307,1262.99,-41.9887,160.373,1284,-32.1564,162.241,1244.29,-41.204,144.157,1285.29,-28.9465,147.943,1234.46,-40.7413,128.827,1304.1,-20.8555,140.421,1247.86,-36.0062,126.755,1300.03,-18.5993,147.23,1253.17,-32.819,93.4455,1280.53,-24.5102,94.6336,1232.06,-29.6909,55.4863,1270.04,-24.2076,54.5554,1236.04,-39.8107,17.8455,1280.42,-33.3579,15.1708,1291.61,-48.6861,126.304,1303.54,-55.6068,113.295,1293.29,-68.9499,115.101,1283.06,-61.5948,128.026,0,0,0
001917:1277.54,-33.8037,159.998,1271.76,-37.0192,162.56,1280.56,-32.9124,162.778,1257.9,-41.6742,159.164,1281.62,-31.6323,160.798,1241.39,-41.2084,143.563,1290.84,-27.9118,146.518,1240.1,-41.2117,129.85,1311.6,-18.8716,139.054,1270.61,-35.6232,129.91,1304.57,-17.1376,147.517,1257.43,-33.514,93.6918,1292.89,-24.713,94.0444,1234.12,-31.112,55.8343,1282.53,-26.0943,53.7066,1237.82,-39.5993,18.1102,1288.81,-34.9829,14.0495,1389.05,-41.786,134.562,1402.24,-48.4198,124.566,1435.37,-61.0829,125.998,1422.53,-54.066,136.205,0,0,0
001918:1280.12,-34.8861,161.057,1274.64,-38.2055,163.581,1283.48,-33.9386,163.833,1261.04,-42.6795,160.173,1284.34,-32.2353,161.932,1245.57,-41.9722,144.359,1293.39,-27.4862,147.472,1257,-42.5379,131.074,1320.59,-18.036,139.95,1308.41,-36.5229,132.553,1319.66,-17.6948,148.737,1252.36,-32.9082,94.4721,1287.07,-23.5154,94.9011,1232.23,-30.8563,56.5796,1279.39,-25.3377,54.4919,1239.47,-39.7018,18.566,1285.59,-35.3667,14.9836,1389.09,-42.1052,133.997,1393.71,-47.8475,124.471,1423.46,-59.7044,125.45,1420.49,-53.8462,135.16,0,0,0
001919:1279.81,-35.1257,160.741,1273.91,-38.3657,163.227,1283.18,-34.3574,163.463,1259.58,-42.8113,159.933,1284.52,-33.0101,161.698,1245.98,-41.7227,144.8,1293.33,-28.7841,147.889,1259.02,-40.8102,131.926,1317.05,-19.5018,140.688,1305.57,-33.7057,134.078,1316.75,-17.6887,149.691,1256.6,-33.3258,95.701,1291.46,-24.7226,96.1624,1233.71,-31.2081,57.6121,1280.42,-26.4044,55.6456,1239.34,-40.027,19.4795,1287.59,-36.0552,15.7138,1389.54,-40.681,136.182,1394.71,-45.9971,126.88,1432.37,-57.5793,127.107,1428.69,-52.2533,136.588,0,0,0
001920:1290.09,-37.0319,162.357,1282.47,-40.064,164.914,1293.63,-36.3438,165.2,1263.92,-43.9175,161.164,1292.21,-34.6505,163.152,1245.23,-41.7481,145.192,1301.17,-30.3841,149.044,1252.14,-40.1462,130.283,1325.67,-21.1691,141.93,1301.59,-35.5186,129.018,1321.88,-18.8133,150.875,1260.75,-33.2788,95.5475,1299.4,-25.5679,95.9422,1241.1,-31.7592,57.1522,1289.51,-28.1699,55.0283,1240.08,-39.8261,19.65,1287.77,-36.9312,15.4867,1366.7,-38.3126,137.839,1372.95,-43.3717,128.673,1392.65,-53.7385,129.174,1388.62,-48.7726,138.393,0,0,0
001921:1284.84,-36.5346,162.321,1279.65,-39.8684,164.696,1289.63,-36.0493,165.097,1266.29,-44.328,160.63,1293.89,-35.1345,162.744,1253.19,-42.4901,144.605,1305.08,-31.0743,148.846,1255.79,-39.9044,130.63,1330.03,-21.0953,143.376,1293.61,-33.2994,131.327,1319.52,-17.5369,154.866,1261.88,-33.1452,95.4734,1297.08,-25.2862,96.1894,1240.99,-31.6487,57.3304,1287.45,-27.6538,55.5232,1238.83,-40.0403,20.315,1290.42,-37.2302,16.1682,1302.04,-29.7298,149.925,1309.06,-34.7351,142.763,1303.34,-42.1532,144.199,1298.19,-37.2622,151.251,1298.98,16.6366,282.083
001922:1288.59,-38.0691,162.658,1283.26,-41.3259,165.029,1293.89,-37.4508,165.454,1268.82,-45.4047,161.041,1296.59,-35.96,163.15,1253.54,-43.2919,145.075,1306.68,-31.0932,149.429,1256.96,-41.1051,131.141,1339.48,-20.5187,144.029,1297.29,-34.9675,131.653,1338.37,-17.6045,155.681,1259.63,-33.6285,96.752,1295.36,-25.4604,97.3815,1241.68,-32.2873,58.5572,1289.03,-28.5935,56.6019,1243.39,-39.8282,21.1379,1296.51,-38.117,16.5909,1321.31,-29.8027,148.716,1327.43,-34.1991,141.551,1321.86,-41.3425,142.496,1318.33,-37.2218,149.58,1299.43,15.6886,279.819
001923:1275.44,-35.5101,160.821,1270.34,-38.7771,163.176,1279.2,-34.8531,163.509,1257.72,-43.3347,159.599,1282.41,-33.9323,161.324,1247.74,-42.2931,144.669,1293.51,-30.1709,147.863,1260.72,-41.0695,133.011,1323.13,-20.6253,142.336,1293.55,-33.4342,136.59,1335.33,-17.6672,153.764,1259.99,-34.0171,96.5215,1291.86,-25.8553,97.0782,1239.71,-32.1127,58.5277,1280.65,-28.1355,56.9971,1244.89,-40.8456,20.7268,1293.17,-38.5199,17.1013,1396.19,-31.9594,147.426,1411.34,-36.5889,139.661,1436.42,-45.1907,139.719,1423.24,-40.7401,147.546,1299.9,14.7431,278.012
001924:1281.04,-36.7729,162.425,1277.53,-40.2705,164.679,1284.11,-35.8565,165.076,1266.34,-44.9562,160.596,1286.19,-34.4796,162.398,1259,-44.1152,144.917,1293.87,-29.6959,148.848,1279.65,-43.9863,133.088,1319.19,-18.3948,144.979,1313.55,-36.4266,136.843,1332.12,-16.107,158.515,1263.36,-34.5818,96.8478,1289.28,-25.2899,97.6697,1243.82,-33.0534,58.7433,1283.58,-28.7389,57.1458,1240.26,-39.9645,21.7228,1295.54,-38.6668,17.0314,1324.45,-27.7327,149.822,1326.73,-31.186,142.729,1324.04,-38.1023,142.736,1325.13,-35.0306,149.803,1300.1,14.7099,275.709
001925:1287.39,-37.271,162.088,1283.58,-40.7298,164.332,1289.38,-36.2372,164.752,1269.04,-45.0794,160.217,1286.69,-34.3596,161.983,1261.2,-44.2853,144.349,1288.16,-28.9074,148.152,1285.05,-45.2815,133.11,1315.06,-17.6039,144.26,1324.17,-38.3988,138.072,1338.69,-16.3723,158.084,1260.89,-34.2934,96.4182,1282.12,-24.5048,97.2199,1248.22,-33.4679,58.2405,1283.81,-28.5501,56.7495,1245.59,-40.8046,21.222,1298.35,-39.1459,16.6349,1306.58,-26.6597,150.426,1311.99,-29.9588,144.421,1295.69,-35.1652,144.76,1293.05,-32.3027,150.622,1310.18,13.6748,274.081
001926:1283.19,-37.1438,161.77,1279.87,-40.6219,163.974,1284.75,-36.1056,164.446,1267.44,-45.0565,159.912,1284.02,-34.2979,161.68,1264.06,-44.5453,144.109,1285.51,-28.9496,148.004,1298.39,-45.6704,131.929,1309.92,-18.0469,144.068,1336.11,-38.5636,135.703,1335.79,-16.628,158.163,1260.24,-34.4987,96.9513,1278.98,-24.5906,97.8185,1244.44,-33.583,59.0917,1280.48,-28.7148,57.6163,1243.77,-40.9087,22.0468,1295.41,-39.3945,17.6742,1327.49,-22.7553,153.557,1331.64,-25.6991,149.169,1323.25,-29.6044,149.717,1322.51,-27.1183,154.013,1310.52,13.629,271.299
001927:1291.12,-37.8244,161.904,1287.4,-41.4005,164.089,1291.9,-36.6918,164.595,1273.78,-46.0964,159.986,1288.79,-34.9239,161.785,1271.65,-45.9161,144.045,1290.18,-29.2348,148.066,1304.54,-47.5986,132.448,1321,-17.7979,144.201,1340.31,-39.7935,137.246,1351.32,-16.8023,158.24,1269.12,-35.1237,96.551,1284.86,-24.5131,97.6425,1251.87,-34.1564,58.6853,1283.83,-28.331,57.5697,1243.33,-41.5467,22.2652,1291.75,-39.01,18.2989,1311.84,-24.583,151.92,1319.84,-27.7806,146.372,1291.19,-32.111,146.884,1286.59,-29.3551,152.234,1310.99,12.6769,269.477
001928:1295.02,-38.8788,161.867,1291.35,-42.3647,164.033,1294.92,-37.6663,164.5,1275.19,-46.4979,159.966,1289.43,-35.3597,161.666,1271.64,-45.8419,144.382,1287.57,-29.5208,148.062,1318.48,-48.7131,134.247,1300.76,-18.2297,144.961,1374.66,-42.4967,141.465,1330.65,-18.0472,159.754,1270.63,-35.5813,96.8463,1286.77,-25.2068,97.7167,1259.72,-35.0124,58.4253,1291.76,-29.6043,57.135,1240.29,-41.3354,22.5016,1292.52,-39.6612,17.9746,1339.42,-26.0866,153.212,1344.6,-28.2001,148.749,1339.08,-31.6725,148.182,1336.97,-30.2203,152.561,1316.1,12.1395,267.481
001929:1291.99,-38.3302,161.592,1288.13,-41.8444,163.742,1295.96,-37.6384,164.265,1273.15,-46.3209,159.453,1297.26,-36.2378,161.421,1261.67,-44.7732,143.897,1303.24,-31.4223,148.135,1280.85,-44.643,132.544,1331.39,-20.808,146.023,1329.38,-38.4095,136.834,1351.02,-18.1066,161.99,1259.03,-34.5372,96.8664,1288.12,-25.7984,97.5359,1248.75,-34.0494,58.8644,1285.88,-29.869,57.4422,1248.57,-41.9972,22.1397,1290.24,-40.4606,18.6736,1361.91,-23.5427,155.743,1379.04,-26.3277,150.68,1385.84,-30.764,150.143,1369.79,-28.3954,155.22,1316.71,11.1715,265.186
001930:1294.39,-38.4089,161.371,1290.93,-42.0367,163.482,1295.7,-37.47,164.04,1276.14,-46.6523,159.044,1293.63,-35.7459,161.015,1270.61,-45.631,143.471,1293.27,-30.4284,148.082,1303.61,-47.2498,132.281,1312.95,-19.1756,147.679,1350.43,-41.3679,136.649,1348.21,-17.1842,165.629,1265.68,-35.0046,96.4129,1284.96,-25.2638,97.4572,1253.23,-34.7159,58.3764,1285.27,-29.5402,57.185,1241.19,-42.4454,22.4694,1287.6,-40.4114,18.6078,1391.82,-22.0825,159.716,1411.7,-24.3471,154.636,1425.19,-28.6971,153.485,1406.72,-26.8691,158.675,1321.85,10.6279,263.17
001931:1298.79,-39.1418,160.912,1294.24,-42.5909,163.018,1301.58,-38.4727,163.509,1276.47,-46.7772,158.667,1299.33,-36.93,160.633,1264.84,-45.0209,143.292,1304.39,-32.2232,147.345,1290.01,-46.2864,133.148,1339.65,-22.7995,145.712,1348.39,-41.9716,139.151,1368.51,-21.5569,162.027,1261.79,-34.5431,96.1515,1289.51,-26.101,96.8057,1251.19,-34.4242,58.3272,1288.31,-30.1375,56.9025,1241.11,-43.356,22.6705,1286.05,-41.2685,18.9976,1343.04,-28.0435,155.175,1353.73,-30.6684,149.711,1346.32,-34.7921,149.041,1337.05,-32.7104,154.476,1322.46,9.65606,260.865
001932:1298.05,-38.5472,161.818,1295.04,-42.2691,163.86,1297.69,-37.7458,164.356,1279.45,-46.9158,159.087,1293.16,-36.3888,161.191,1272.93,-45.4412,143.502,1288.14,-31.3755,148.49,1313.31,-47.0261,132.709,1296.41,-19.3951,150.012,1367.78,-42.2566,137.253,1324.07,-15.6388,169.275,1266.94,-34.9912,96.2771,1281.62,-25.9685,97.6177,1254.59,-34.7992,58.2731,1278.12,-29.8316,57.6541,1242.29,-43.8177,22.6151,1281.21,-41.3947,19.4514,1340.76,-21.7986,162.512,1348.69,-24.2211,156.737,1358.95,-29.3305,155.685,1352.79,-27.3591,161.603,1317.97,9.20865,258.265
001933:1308.36,-39.1603,161.918,1303.88,-42.624,164.028,1308.11,-38.3184,164.724,1284.57,-46.4142,159.818,1299.78,-36.264,161.714,1268.63,-44.7124,144.054,1292.16,-31.7908,147.437,1308.43,-45.9549,132.228,1294.24,-24.3533,143.419,1385.62,-41.1689,138.413,1323.96,-23.4557,158.24,1261.75,-35.2128,96.4829,1281.89,-26.5567,97.0072,1256.64,-35.3259,58.1692,1288.11,-30.7827,57.0228,1236.51,-44.5646,22.7139,1286.33,-42.345,19.2565,1343.16,-19.2528,167.252,1345.16,-21.0632,168.982,1368.72,-19.5088,170.648,1368.8,-18.2372,168.865,1323.26,8.64618,255.758
001934:1307.84,-38.8536,161.805,1303.11,-42.5362,163.729,1307.2,-38.0873,164.505,1283.17,-46.5658,159.183,1297.93,-36.394,161.15,1267.53,-44.5493,143.771,1293.63,-31.8953,147.781,1299.7,-45.2671,133.845,1314.63,-22.9304,147.914,1367.56,-40.5319,141.754,1357.56,-20.3028,167.986,1262.52,-34.661,96.6013,1281.74,-26.1879,97.3843,1259.49,-35.2471,58.3214,1285.8,-30.9348,57.3909,1238.86,-44.1407,23.1791,1278.14,-42.4895,20.2092,1344.61,-17.1152,174.911,1338.51,-19.4204,174.765,1338.97,-19.0879,176.043,1347.71,-17.2405,176.256,1323.72,7.68564,253.919
001935:1299.97,-38.2101,160.719,1294.92,-41.8915,162.621,1303.54,-37.8054,163.458,1277.21,-46.1105,158.345,1303.77,-36.7965,160.39,1262.25,-44.5135,143.25,1314.09,-33.099,147.272,1277.7,-44.192,131.641,1363.85,-25.3998,147.506,1336.63,-40.2197,136.274,1406.68,-20.8543,168.805,1259.71,-35.0336,97.0464,1293.15,-27.2291,97.363,1251.2,-35.4027,59.0063,1291.51,-31.7696,57.3631,1243.45,-44.866,23.0882,1288.95,-43.3192,19.806,1368.34,-16.1861,185.087,1377.66,-20.9561,186.441,1369.26,-19.7956,190.084,1361.77,-15.2681,188.762,1329.05,7.11675,251.39
001936:1297.91,-37.6227,161.314,1294.96,-41.6572,163.046,1302.03,-37.2171,164.009,1282.86,-46.4289,158.485,1305.95,-36.741,160.583,1265.87,-45.0981,143.548,1318.74,-32.9922,147.654,1263.43,-44.8431,133.948,1350.32,-22.7855,150.797,1307.83,-40.3355,140.892,1372.53,-14.9291,175.146,1265.75,-35.7249,96.9478,1300.31,-27.6388,97.387,1257.76,-35.5652,58.5526,1300.92,-31.8625,56.808,1240.69,-45.5707,23.0272,1295.9,-44.4672,19.4223,1363.64,-12.5519,194.933,1375.24,-18.4577,196.091,1388.29,-18.2888,200.905,1376.84,-12.461,199.724,1329.63,6.13669,248.604
001937:1301.81,-37.3431,161.788,1299.03,-41.6213,163.474,1305.12,-37.0575,164.513,1285.22,-46.6759,158.835,1308.07,-36.9817,160.997,1269.08,-45.6196,143.427,1315.97,-33.2749,147.637,1282.44,-43.7804,131.876,1328.67,-22.009,150.862,1349.39,-37.0514,137.684,1344.7,-11.4909,176.351,1268.24,-36.6852,96.3904,1300.73,-28.4708,96.9682,1261.29,-36.5363,58.0914,1304.8,-32.6449,56.3372,1237.12,-46.2899,23.2226,1297.47,-45.5799,19.6634,1355.13,-8.88346,202.786,1363.78,-16.4691,206.578,1390.27,-14.9623,214.331,1381.84,-7.24845,210.431,1334.87,5.57728,246.993
001938:1299.05,-36.7163,161.667,1296.78,-41.088,163.329,1301.51,-36.4364,164.397,1284.74,-46.1747,158.993,1303.87,-36.4738,160.957,1270.52,-45.8035,143.893,1310.65,-32.6594,147.226,1275.59,-44.6509,134.207,1322.24,-21.4211,150.075,1321.89,-37.4154,143.561,1342.28,-9.8913,176.062,1271.7,-37.0549,96.4717,1299.36,-28.3109,96.9679,1266.05,-36.9552,57.9023,1301.86,-32.3671,56.5734,1243.15,-47.2907,22.5131,1296.24,-45.7374,19.8748,1354.87,-5.60929,209.329,1366.58,-14.2051,215.863,1388.3,-10.1375,225.271,1375.85,-1.46648,218.431,1330.45,5.12373,243.938
001939:1302.42,-36.9584,161.434,1300.47,-41.3255,163.082,1304.98,-36.8664,164.22,1288,-46.2589,158.734,1307.54,-36.9985,160.804,1275.47,-45.5229,143.522,1311.11,-33.5492,146.865,1291.62,-42.6159,132.003,1316.58,-23.5465,148.341,1344.56,-34.4424,140.42,1335.63,-11.027,173.632,1271.75,-37.0274,96.488,1297.12,-28.8815,96.9714,1265.63,-37.233,57.8854,1300.5,-33.1291,56.6263,1240.47,-47.8021,22.7251,1294.75,-46.3247,20.1035,1347.8,-2.96923,213.68,1359.81,-11.7652,222.97,1381.04,-5.12884,233.612,1368.53,3.77206,223.964,1335.7,4.56098,242.312
001940:1309.19,-38.046,161.641,1306.42,-42.3873,163.246,1311.88,-38.0508,164.457,1289.04,-46.7624,158.87,1310.54,-37.8373,161.031,1273.8,-45.5845,143.611,1311.46,-34.0722,146.955,1294.79,-43.1182,132.157,1324.59,-24.7774,148.526,1360.78,-36.3716,141.15,1352.15,-12.2149,174.536,1269.46,-36.6773,96.5639,1296.19,-28.7465,96.963,1269.51,-37.5965,57.4938,1306.56,-33.4965,56.0891,1244.79,-48.5656,22.1074,1298.26,-46.7182,19.5519,1346.68,-0.835851,217.223,1356.79,-9.31953,228.214,1370.71,-0.490325,238.861,1360.46,7.9833,227.545,1341.11,3.98139,240.201
001941:1311.88,-38.5304,160.858,1309.13,-42.8133,162.468,1314.88,-38.5848,163.688,1291.41,-46.9118,158.183,1312.69,-38.1731,160.353,1275.24,-45.528,143.054,1313.5,-34.4378,146.173,1294.6,-42.9376,131.651,1333.29,-26.1476,147.167,1361.04,-36.2417,141.117,1364.43,-13.6514,173.104,1266.96,-36.7531,96.3182,1293.38,-29.0614,96.5806,1269.94,-38.0146,57.3388,1304.21,-34.0676,56.047,1245.53,-49.4378,22.1022,1295.01,-47.723,19.9613,1341.66,1.43214,217.877,1344.77,-6.17498,230.129,1349.05,4.74218,240.198,1345.81,12.2914,227.721,1341.56,3.00709,237.867
001942:1316.06,-38.6725,160.831,1312.19,-42.8004,162.401,1320.2,-39.0141,163.605,1290.62,-46.3654,157.887,1318.31,-38.8527,160.211,1269.4,-43.7255,142.893,1323.41,-36.2469,146.397,1287,-39.6953,130.683,1350.83,-29.5751,148.595,1370.03,-35.7561,137.388,1379.94,-15.9134,175.604,1265.75,-35.6926,96.2567,1300.79,-29.9181,96.3049,1270.54,-37.6581,57.2427,1311.97,-35.3149,55.4891,1245.35,-49.3634,22.4181,1295.98,-48.0485,19.8374,1336.7,3.18977,218.33,1336.2,-3.49238,230.085,1341.55,7.45325,239.156,1341.9,14.1138,227.303,1341.7,2.99348,237.392
001943:1316.91,-38.5763,159.637,1312.59,-42.539,161.286,1320.46,-38.8889,162.47,1290.93,-45.8215,157.125,1316.55,-38.5578,159.446,1267.99,-43.1958,142.497,1322.66,-36.3383,145.282,1270.97,-39.3882,130.344,1369.27,-32.2432,144.484,1329.63,-35.387,137.056,1417.01,-20.1248,168.366,1263.05,-35.3796,96.0419,1296.85,-30.0026,95.8847,1270.85,-37.2231,57.0349,1308.74,-35.1659,55.567,1244.55,-50.3729,22.3716,1288.71,-48.4717,20.8631,1343.23,2.9704,216.13,1335.97,-2.78639,228.679,1325.94,9.57837,237.092,1332.8,15.2476,224.554,1326.75,3.67662,237.177
001944:1319.23,-39.3033,159.165,1313.7,-43.0547,160.805,1322.95,-39.6628,161.934,1289.38,-45.6778,156.662,1319.13,-39.1119,158.852,1263.52,-42.2653,142.337,1329.72,-37.223,144.49,1264.41,-38.4126,131.488,1379.41,-33.721,143.291,1335.47,-36.9491,139.137,1418.46,-21.5367,166.496,1265.57,-35.1903,95.6255,1306.5,-30.8253,94.8465,1273.95,-37.9044,56.8365,1319.34,-36.8816,54.6222,1251.33,-51.1108,22.3597,1297.08,-49.6547,19.97,1336.56,3.06437,213.35,1326.96,-2.09114,225.667,1313.27,10.3974,233.382,1322.37,15.4048,221.133,1311.83,4.38321,239.288
001945:1320.24,-40.1555,157.859,1314.6,-43.6765,159.553,1324.16,-40.4362,160.623,1291.23,-45.6524,155.77,1320.41,-39.3738,157.869,1264.94,-41.9123,141.885,1331.33,-37.3913,143.679,1257.92,-39.3884,131.567,1392.16,-35.8047,141.668,1316.69,-40.4723,138.702,1444.86,-26.1513,163.413,1262.22,-34.5597,95.6789,1302.08,-30.5684,94.6735,1273.9,-38.0114,56.9223,1316.3,-37.4559,54.6735,1251.89,-51.5801,22.6028,1292.68,-50.1383,20.3384,1341.68,2.43035,210.549,1327.77,-1.40466,222.827,1309.23,11.6538,229.503,1323.05,15.2694,217.456,1296.96,5.11222,243.665
001946:1317.32,-39.0135,157.301,1314.16,-42.461,159.106,1323.74,-39.3205,160.038,1300.49,-44.6652,155.528,1330.18,-38.737,157.516,1271.41,-40.9299,142.043,1347.85,-37.4773,142.951,1229.55,-37.6375,133.366,1408.07,-36.4541,139.557,1242.36,-37.7459,141.5,1435.27,-26.038,159.46,1262.55,-34.3257,95.4058,1305.81,-30.9638,94.0161,1265.71,-37.0405,57.1695,1306.52,-36.9955,54.9919,1256.12,-52.1399,22.1443,1288.15,-50.3385,20.7042,1334.58,2.53445,206.467,1324.3,-1.07387,218.003,1308.61,11.3637,224.43,1318.01,14.7272,213.012,1286.95,6.20686,246.829
001947:1321,-39.4691,156.521,1315.79,-42.7519,158.352,1327.43,-39.7299,159.28,1298.48,-44.6711,154.934,1332.77,-39.0346,156.832,1265.69,-40.7974,141.701,1354.7,-38.0336,142.042,1212.67,-38.0791,133.6,1430.11,-38.216,136.942,1226.37,-39.632,141.446,1462.99,-28.7865,154.554,1263.95,-34.086,95.1225,1313.73,-31.1561,93.2516,1270.48,-37.189,56.7356,1316.8,-37.8406,54.196,1261.17,-52.4654,21.8116,1289.25,-50.7808,20.5344,1336.56,1.83308,202.23,1323.28,-0.778768,213.319,1299.92,11.5576,218.679,1312.83,13.817,207.787,1272.36,6.92026,251.083
002157:531.966,79.6597,0.777711
