001024:1049.83,-96.4528,160.257,1050.33,-99.3909,163.698,1049.77,-92.643,163.625,1053.41,-103.728,161.601,1053.67,-85.9447,161.004,1059.82,-112.212,140.324,1055.41,-76.8587,139.273,1063.82,-121.468,113.622,1054.56,-67.8958,111.109,1057.47,-122.948,88.8169,1044.93,-70.2233,86.304,1058.21,-109.314,84.4361,1056.79,-85.2899,83.6234,1063.14,-115.115,48.8851,1062.76,-83.3151,47.5166,1065.8,-118.32,13.6043,1072.84,-80.3089,10.8477,1011.78,-76.7174,60.0511,1001.71,-73.787,50.7326,987.426,-80.3499,46.8914,999.02,-83.4724,55.9999,0,0,0
001025:1048.64,-96.7134,160.256,1049.55,-99.6406,163.705,1049,-92.9088,163.633,1053.5,-103.91,161.652,1053.74,-86.166,161.063,1060.4,-112.345,140.41,1055.47,-77.0103,139.378,1064.62,-121.59,113.715,1054.4,-68.068,111.278,1056.89,-122.915,89.0392,1043.65,-70.5367,86.6939,1056.32,-109.338,84.6096,1054.54,-85.388,83.8505,1061.08,-114.907,49.0929,1060.61,-83.311,47.7572,1066.2,-118.015,13.549,1073.35,-80.2345,10.8739,1010.13,-77.4949,59.5946,998.495,-74.3746,50.1412,983.007,-81.0071,46.266,996.383,-84.3213,55.4828,0,0,0
001026:1046.57,-96.7357,160.356,1047.61,-99.6605,163.817,1047.04,-92.9372,163.744,1052.53,-103.973,161.825,1052.53,-86.2339,161.239,1060.85,-112.496,140.57,1055.16,-77.1253,139.55,1065.48,-121.842,113.821,1053.97,-68.2801,111.347,1058.3,-123.362,89.03,1043.19,-71.0808,86.6705,1057.23,-109.428,84.591,1054.97,-85.4672,83.8683,1062.45,-114.958,49.0217,1061.12,-83.4668,47.7511,1066.82,-117.804,13.5438,1072.79,-80.3247,10.9724,1006.01,-77.5453,60.6072,993.875,-74.4481,51.402,977.766,-80.9653,47.7316,991.616,-84.252,56.7041,0,0,0
001027:1047.51,-96.8291,160.462,1048.43,-99.7731,163.924,1047.94,-93.0491,163.83,1052.82,-104.202,161.919,1052.87,-86.4558,161.286,1060.51,-112.925,140.681,1055.07,-77.4979,139.629,1065.07,-122.302,113.904,1054.38,-68.7322,111.485,1058.67,-123.789,88.9753,1045.36,-71.7188,86.8572,1056.94,-109.897,84.7739,1054.71,-85.9176,84.1198,1061.65,-115.128,49.3062,1060.79,-83.7525,48.0844,1065.78,-117.482,13.8661,1073.05,-80.3614,11.309,1003.91,-78.0375,61.9371,991.161,-75.0766,53.013,972.774,-81.3981,49.7674,987.428,-84.564,58.4342,0,0,0
001028:1047.59,-97.009,160.562,1048.6,-99.95,164.012,1048.17,-93.2363,163.909,1053.07,-104.323,161.933,1053.43,-86.5854,161.304,1060.28,-112.962,140.658,1055.29,-77.5476,139.617,1064.76,-122.325,113.893,1053.76,-68.7933,111.495,1059.83,-124.091,88.9033,1043.41,-72.0437,87.0709,1055.73,-109.832,84.9506,1053.69,-85.8997,84.2901,1061.65,-115.07,49.4877,1060.7,-83.8646,48.2781,1067.69,-117.244,13.9643,1073.61,-80.4884,11.4544,1004.52,-79.2107,61.4816,993.28,-76.4975,52.1591,976.716,-83.188,48.763,989.746,-86.1127,57.8433,0,0,0
001029:1045.95,-96.8354,160.427,1047.18,-99.8177,163.891,1046.72,-93.0997,163.769,1052.35,-104.38,161.857,1052.31,-86.5872,161.201,1060.21,-113.31,140.606,1054.06,-77.6461,139.586,1064.88,-122.801,113.738,1052.39,-68.9441,111.524,1058.02,-124.295,88.6499,1042.5,-72.4796,87.2435,1054.66,-110.005,84.9765,1051.73,-85.9629,84.4289,1061.52,-115.076,49.4418,1058.99,-83.8865,48.4317,1068.97,-116.945,13.6968,1073.67,-80.506,11.4318,1004.33,-80.0548,62.1495,993.066,-77.4198,52.963,975.409,-84.026,49.7712,988.49,-86.8788,58.6952,0,0,0
001030:1047.35,-97.2048,160.371,1048.16,-100.149,163.82,1047.78,-93.4322,163.698,1051.61,-104.487,161.724,1051.91,-86.7521,161.081,1058.1,-113.192,140.524,1053.07,-77.7344,139.505,1063.72,-122.791,113.789,1050.78,-69.1151,111.549,1061.55,-124.932,88.7369,1041.15,-73.0905,87.5427,1054.4,-110.02,85.008,1052.29,-86.1163,84.4319,1060.56,-114.885,49.3996,1058.91,-84.0147,48.3413,1068.94,-116.826,13.4401,1072.61,-80.5956,11.271,1004.39,-81.0424,62.4084,992.867,-78.5295,53.2157,976.618,-85.3457,50.0677,989.955,-88.103,59.0014,0,0,0
001031:1046.67,-97.4373,160.341,1047.83,-100.402,163.794,1047.22,-93.6629,163.689,1052.31,-104.784,161.773,1051.67,-86.9402,161.142,1059.87,-113.661,140.575,1052.3,-77.8181,139.612,1066.17,-123.542,113.679,1049.55,-69.1908,111.577,1062.54,-125.882,88.4181,1042.04,-73.5458,87.3486,1054.11,-110.21,85.1355,1050.21,-86.1583,84.7116,1060.39,-114.682,49.4878,1055.86,-83.9013,48.7103,1070.14,-116.325,13.2579,1071.35,-80.6476,11.472,1006.15,-81.9522,62.7144,995.098,-79.5697,53.5546,979.294,-86.4399,50.5244,992.262,-89.0676,59.4178,0,0,0
001032:1047.15,-97.8288,160.474,1048.46,-100.802,163.919,1048,-94.0575,163.794,1052.92,-105.142,161.776,1052.73,-87.2929,161.149,1060.11,-113.999,140.514,1053.36,-78.1362,139.544,1065.93,-123.946,113.8,1050.55,-69.4533,111.63,1064.99,-126.573,88.7416,1041.83,-74.0927,87.8691,1053.55,-110.503,85.1695,1050.38,-86.505,84.7387,1058.82,-114.66,49.5092,1056.21,-84.1659,48.6434,1069.58,-115.9,13.148,1072.27,-80.6211,11.2059,1006.33,-82.8762,63.2089,994.064,-80.5303,54.1399,979.133,-87.4425,51.156,993.304,-90.0733,59.9536,0,0,0
001033:1046.02,-97.7975,160.503,1047.67,-100.799,163.956,1047.03,-94.0531,163.822,1053.38,-105.294,161.85,1052.45,-87.3891,161.206,1061.74,-114.406,140.592,1053.17,-78.2974,139.627,1067.68,-124.59,113.917,1049.24,-69.5167,111.879,1062.19,-126.641,89.2401,1039.52,-74.1271,88.44,1054.22,-110.834,85.1766,1049.77,-86.7294,84.8595,1059.23,-114.707,49.4419,1054.76,-84.2517,48.7762,1071.16,-115.725,12.8339,1071.98,-80.6969,11.2222,1006.42,-83.6869,63.7523,992.841,-81.264,54.9169,979.382,-88.1711,51.8824,994.818,-90.8881,60.4511,0,0,0
001034:1046.19,-98.0054,160.591,1047.9,-101.011,164.043,1047.5,-94.2939,163.9,1053.66,-105.505,161.943,1053.2,-87.6464,161.297,1061.02,-114.594,140.756,1053.65,-78.5777,139.775,1065.41,-124.734,114.078,1048.86,-69.8346,112.054,1062.27,-127.299,89.1675,1037.89,-74.7489,88.866,1052.48,-110.948,85.6004,1048.73,-86.9689,85.2833,1058.16,-114.65,49.8142,1054.2,-84.4738,49.1581,1071.75,-115.54,12.9692,1071.16,-80.784,11.5353,1009.4,-84.9656,65.1051,997.489,-82.8082,56.4439,985.849,-89.734,53.5225,999.565,-92.1959,61.9345,0,0,0
001035:1046.36,-98.0977,160.629,1047.98,-101.128,164.064,1047.6,-94.4266,163.933,1053.43,-105.73,161.926,1053,-87.8884,161.298,1059.98,-114.839,140.743,1053.01,-78.8572,139.857,1064.78,-125.112,114.158,1047.74,-69.7827,112.46,1062.7,-127.87,89.2676,1038.15,-74.7615,89.7088,1051,-110.954,85.8844,1047.19,-87.0186,85.6478,1057.53,-114.51,50.2143,1051.93,-84.3038,49.7722,1073.3,-115.374,13.2681,1069.21,-80.4498,12.2396,1010.16,-85.7722,66.8825,1000.15,-84.3016,58.176,988.867,-91.519,55.813,1000.67,-93.2678,64.2956,0,0,0
001036:1047.14,-98.4557,160.559,1048.74,-101.51,163.998,1048.67,-94.8372,163.889,1054.17,-106.143,161.919,1054.16,-88.3299,161.332,1059.99,-115.142,140.848,1053.93,-79.2607,140.052,1064.1,-125.138,114.112,1048.41,-70.1075,112.71,1063.89,-128.139,88.8686,1036.92,-75.1302,90.1566,1050.17,-111.039,86.3093,1047.02,-87.2205,86.0912,1056.25,-114.393,50.6692,1051.12,-84.4523,50.2525,1073.69,-115.269,13.5073,1068.46,-80.5313,12.6116,1008.26,-86.8668,67.2537,998.708,-85.6623,58.2184,987.552,-93.3494,56.0029,998.958,-94.8153,64.826,0,0,0
001037:1047.84,-98.8885,160.425,1049.21,-101.85,163.86,1049.06,-95.1702,163.758,1053.62,-106.174,161.778,1053.34,-88.3759,161.175,1058.62,-115.036,140.758,1052.05,-79.1821,139.907,1061.85,-125.155,114.304,1046.94,-70.0386,112.701,1058.76,-127.977,89.5454,1035.91,-75.7596,90.7614,1049.65,-111.334,86.1774,1046.18,-87.5505,85.9646,1055.95,-114.474,50.5131,1050.45,-84.569,50.1055,1072.87,-115.024,13.3498,1067.95,-80.2934,12.4665,1003.33,-87.9339,68.8461,993.844,-87.0755,59.7964,981.077,-94.7954,58.1616,992.351,-95.8982,66.9964,0,0,0
001038:1047.38,-98.9766,160.092,1048.84,-101.93,163.553,1049.39,-95.2413,163.292,1053.3,-106.245,161.541,1053.47,-88.4481,160.921,1060.27,-115.19,140.746,1051.66,-79.3195,139.937,1065.79,-125.745,114.513,1047.69,-70.0283,112.798,1065.82,-129.211,89.1812,1037.05,-75.7195,90.4416,1051.46,-111.51,86.24,1047.53,-87.7329,85.8652,1054.05,-114.53,50.7413,1050.96,-84.7255,50.0132,1070.28,-114.862,13.6493,1068.47,-80.3812,12.4877,1003.33,-89.0356,69.635,992.28,-88.5782,60.2872,976.409,-96.5155,59.5624,986.458,-97.3178,68.9214,0,0,0
001039:1046.92,-99.0592,160.223,1048.54,-102.061,163.654,1048.89,-95.3509,163.397,1053.42,-106.527,161.472,1053.24,-88.6739,160.866,1060.66,-115.64,140.533,1051.75,-79.6346,139.79,1065.05,-126.31,114.403,1048.19,-70.4065,112.846,1062.17,-129.559,89.3904,1036.93,-76.5194,91.1569,1052.46,-111.837,85.9726,1048.32,-87.9856,85.7069,1055.05,-114.535,50.3175,1052.07,-84.7941,49.705,1071.49,-115.085,13.0156,1070.15,-80.7081,12.044,1002.88,-90.5877,70.4085,991.317,-90.3331,61.1672,975.695,-98.2909,60.6597,986.162,-98.9175,69.8979,0,0,0
001040:1047.01,-99.2402,160.156,1048.82,-102.272,163.571,1049.25,-95.6049,163.345,1054.45,-106.85,161.41,1054.35,-89.0379,160.848,1061.36,-115.849,140.504,1053.17,-80.0062,139.865,1065.1,-126.434,114.396,1047.81,-70.3146,113.233,1062.64,-129.985,89.3426,1032.89,-75.9143,92.1054,1052.3,-111.88,86.0306,1048.5,-88.1504,85.7883,1055.11,-114.568,50.3565,1051.78,-84.8503,49.7842,1071.95,-115.328,12.9838,1068.9,-80.5963,12.1996,999.283,-91.5286,71.7508,988.801,-92.012,62.2124,974.15,-100.55,62.2494,983.565,-100.425,71.8053,0,0,0
001041:1048.32,-99.567,159.985,1049.76,-102.589,163.381,1050.25,-95.9237,163.181,1054.12,-107.094,161.184,1054.21,-89.2973,160.654,1060.64,-116.029,140.171,1052.85,-80.1644,139.621,1065.58,-126.949,114.166,1047.91,-70.3462,113.093,1064.98,-130.909,89.2563,1032.87,-76.1482,92.2047,1053.9,-111.957,85.591,1050.37,-88.1837,85.3942,1056.93,-114.667,49.96,1053.59,-84.8643,49.4186,1072.87,-115.623,12.725,1069.27,-80.8292,12.0071,1000.96,-93.7172,72.0244,990.213,-94.7189,62.3891,975.412,-103.568,62.9364,985.153,-102.915,72.5843,0,0,0
001042:1048.76,-99.7831,159.744,1050.15,-102.845,163.122,1050.69,-96.1873,162.965,1054.25,-107.405,160.955,1054.48,-89.633,160.487,1060.13,-116.19,139.986,1053.66,-80.4378,139.576,1063.32,-126.933,114.216,1049.06,-70.4845,113.196,1060.67,-130.733,89.8844,1034.58,-76.6879,92.5799,1055.11,-111.742,85.5823,1052.04,-88.0314,85.4246,1057.26,-114.31,49.8946,1053.55,-84.668,49.4346,1073.25,-115.614,12.5335,1067.35,-80.7986,11.9992,1005.02,-95.5651,72.9945,995.623,-97.1789,63.1879,983.141,-106.689,64.1098,991.623,-105.375,73.9407,0,0,0
001043:1047.59,-99.8024,159.639,1049.34,-102.917,162.985,1050.1,-96.2845,162.854,1054.75,-107.62,160.72,1055.53,-89.9057,160.288,1060.6,-116.444,139.59,1055.71,-80.738,139.278,1063.4,-127.128,113.675,1049.09,-70.3769,113.186,1061.42,-131.048,89.0407,1030.67,-76.7486,93.43,1053.37,-111.752,85.3517,1051.47,-88.1347,85.2049,1055.57,-114.139,49.8737,1053.72,-84.6915,49.3319,1072.31,-115.513,12.6038,1066.61,-80.858,12.1673,1002.07,-97.2273,74.4279,996.074,-99.7274,64.4285,986.324,-109.787,65.7714,991.125,-107.545,75.8357,0,0,0
001044:1049.38,-100.468,159.412,1050.58,-103.523,162.727,1051.36,-96.8979,162.652,1054.07,-107.892,160.464,1054.86,-90.2275,160.124,1059.15,-116.39,139.388,1054.26,-80.7721,139.243,1063.75,-127.28,113.622,1048.18,-70.335,113.339,1063.34,-131.853,89.1897,1033.33,-77.5126,93.9277,1054.65,-111.659,85.1963,1052.79,-88.1292,85.0903,1055.69,-113.764,49.66,1053.14,-84.6482,49.178,1073.07,-115.332,12.2591,1066.01,-81.0572,11.9072,1006.67,-99.463,75.6413,1001.8,-102.656,65.497,992.535,-113.119,67.4789,996.356,-110.154,77.677,0,0,0
001045:1048.16,-100.39,159.085,1049.55,-103.479,162.386,1050.48,-96.9025,162.331,1053.58,-107.961,160.163,1054.88,-90.4261,159.861,1058.02,-116.264,139.146,1054.71,-81.0179,139.098,1061.72,-127.193,113.62,1048.07,-70.2948,113.486,1059.78,-132.098,89.5758,1030.29,-76.996,94.5079,1052.63,-111.098,85.0782,1051.49,-87.841,84.9795,1054.47,-113.276,49.4993,1051.94,-84.4777,49.0396,1075.67,-115.471,11.7736,1066.33,-81.1491,11.6121,1002.56,-100.011,77.3272,997.863,-103.791,67.2716,987.606,-114.376,69.9503,991.316,-110.803,80.0644,0,0,0
001046:1049.43,-100.64,158.869,1050.53,-103.739,162.138,1051.46,-97.1442,162.099,1053.25,-108.144,159.806,1054.77,-90.6218,159.553,1056.37,-116.308,138.676,1053.98,-81.0734,138.737,1061.24,-127.533,113.249,1047.53,-70.3033,113.245,1061.65,-133.079,89.2608,1029.91,-77.2999,94.5154,1051.36,-110.761,84.8287,1050.78,-87.5394,84.7712,1053.44,-112.901,49.3704,1050.75,-84.2056,48.98,1075.16,-115.353,11.7435,1064.73,-81.2487,11.7013,998.551,-101.18,78.7764,994.123,-105.469,69.0625,983.239,-115.854,72.3621,986.706,-111.758,82.1048,0,0,0
001047:1049.03,-100.868,158.607,1050.45,-103.995,161.849,1051.21,-97.3967,161.845,1053.84,-108.378,159.493,1055.45,-90.8944,159.328,1056.75,-116.357,138.303,1054.59,-81.1374,138.528,1061.62,-127.651,112.928,1047.85,-70.214,113.282,1059.3,-133.161,89.1524,1029.44,-77.3983,95.0313,1048.74,-110.215,84.7208,1048.27,-87.0686,84.7196,1051.52,-112.448,49.3678,1048.66,-83.8198,49.0007,1076.75,-115.65,11.5198,1064.75,-81.5009,11.6403,990.408,-101.724,80.9546,983.966,-106.277,71.805,972.005,-116.29,75.745,977.518,-111.944,84.9074,0,0,0
001048:1049.42,-101.134,158.561,1050.65,-104.229,161.777,1051.35,-97.6015,161.775,1053.41,-108.509,159.324,1054.76,-90.9659,159.14,1055.91,-116.564,137.979,1052.94,-81.091,138.184,1061.72,-128.155,112.717,1045.11,-69.9957,113.038,1061.83,-133.845,89.0958,1027.37,-77.8119,95.2268,1047.79,-110.474,84.4809,1046.69,-87.1891,84.5254,1051.83,-112.598,49.2834,1047.11,-83.9067,49.0722,1076.83,-115.266,11.6969,1063.06,-81.5742,12.0073,992.929,-103.489,81.8041,988.176,-108.709,72.7208,976.825,-118.783,77.2107,980.482,-113.734,86.3157,0,0,0
001049:1051.82,-101.769,158.113,1052.73,-104.841,161.323,1053.26,-98.1846,161.354,1054.78,-109.043,158.937,1055.5,-91.4006,158.797,1057.29,-117.122,137.485,1053.15,-81.264,137.834,1063.09,-128.875,112.172,1045.86,-70.0055,112.777,1064.14,-134.852,88.4665,1031.6,-78.327,95.0063,1050.31,-110.831,83.8422,1048.09,-87.2922,83.9967,1054.47,-112.986,48.7598,1047.79,-84.0544,48.69,1075.5,-115.215,11.7138,1061.2,-81.9171,12.0146,1003.49,-107.262,82.202,999.292,-113.081,73.2641,989.573,-123.385,78.2506,992.792,-117.685,87.2068,0,0,0
001050:1050.77,-101.606,157.936,1051.84,-104.719,161.108,1052.13,-98.0509,161.129,1054.09,-109.071,158.592,1054.53,-91.4711,158.435,1056.65,-117.263,137.082,1051.92,-81.4338,137.436,1061.76,-128.961,112.13,1044.23,-70.05,112.685,1060.72,-134.324,89.2474,1032.63,-78.5678,95.2553,1049.02,-110.792,83.6683,1046.29,-87.2788,83.8583,1053.26,-112.939,48.7515,1046.15,-84.1812,48.7376,1073.77,-115.057,12.0359,1060.49,-82.1865,12.2298,997.83,-108.771,83.2354,992.196,-114.784,74.5509,981.871,-125.012,79.888,986.615,-119.108,88.574,0,0,0
001051:1049.27,-101.853,157.558,1050.35,-104.981,160.732,1050.38,-98.2492,160.73,1052.89,-109.34,158.189,1052.76,-91.6128,158.144,1057.68,-117.801,136.508,1050.09,-81.3236,137.064,1065.11,-129.992,111.34,1045.49,-70.1973,112.406,1063.16,-135.169,88.2451,1034.19,-79.1278,95.3246,1049.68,-110.896,82.8904,1044.86,-86.9643,83.2887,1055.1,-113.235,48.153,1044.18,-83.7338,48.4753,1077.34,-115.653,11.5109,1061.16,-82.4638,12.1512,985.156,-107.088,86.283,973.219,-112.379,79.226,949.01,-119.827,85.5653,960.587,-114.846,92.5416,0,0,0
001052:1048.89,-101.968,157.16,1050,-105.097,160.332,1050.06,-98.387,160.348,1053.04,-109.551,157.893,1052.76,-91.8461,157.881,1058.56,-118.13,136.297,1050.56,-81.5452,136.88,1066.84,-130.404,111.121,1046.84,-70.4193,112.326,1068.31,-135.409,88.2427,1035.93,-79.195,95.2355,1050.26,-111.147,82.7829,1045.08,-87.146,83.236,1055.77,-113.495,48.185,1044.28,-83.8951,48.5784,1076.82,-115.804,11.8094,1059.78,-82.7589,12.6265,1010.53,-114.097,85.9037,996.984,-119.58,79.164,972.21,-126.843,85.8881,985.527,-121.652,92.544,0,0,0
001053:1047.86,-101.971,156.919,1049.03,-105.074,160.093,1049.34,-98.4157,160.18,1052.86,-109.583,157.876,1052.48,-91.8427,157.801,1058.22,-118.124,136.35,1051.09,-81.6279,136.838,1064.27,-130.044,111.309,1044.81,-70.1673,112.284,1062.99,-134.465,88.8006,1034.45,-79.4797,95.4361,1051.22,-111.576,82.5605,1046.31,-87.579,82.9724,1055.29,-113.616,48.1535,1043.51,-83.9714,48.4971,1076.58,-115.866,11.8611,1055.95,-82.5089,13.0531,1011.9,-115.983,86.1176,1004.24,-123.261,78.0606,991.256,-133.25,85.2178,998.359,-126.031,93.2959,0,0,0
001054:1048.34,-102.508,156.962,1049.7,-105.607,160.115,1049.81,-98.9219,160.185,1053.76,-110,157.695,1053.29,-92.2815,157.729,1059.32,-118.397,136.029,1050.96,-81.7861,136.692,1065.78,-130.389,111.026,1046.48,-70.3613,112.495,1062.98,-134.472,88.9362,1034.93,-79.5039,96.2578,1049.79,-111.451,82.4376,1044.36,-87.4435,82.8914,1054.96,-113.831,48.0555,1042.73,-84.0886,48.4378,1077.78,-116.493,11.7401,1058.82,-83.1988,12.7646,1019.78,-118.848,87.0895,1004.57,-125.034,80.3656,982.036,-132.829,87.8457,996.933,-126.873,94.5457,0,0,0
001055:1048.5,-102.753,156.718,1049.86,-105.834,159.83,1049.62,-99.1262,159.888,1054.38,-110.23,157.291,1053.32,-92.5393,157.397,1061.01,-118.729,135.626,1050.92,-81.9989,136.421,1067.99,-130.904,110.721,1046.47,-70.7787,112.631,1059.95,-134.371,89.2714,1031.87,-79.5179,96.924,1052.67,-111.802,82.2031,1045.73,-87.6804,82.793,1058.69,-114.264,47.8223,1043.19,-84.2791,48.5179,1079.07,-116.754,11.8277,1057.92,-83.5532,13.204,1030.46,-122.398,88.0351,1008.46,-127.392,82.7853,975.329,-132.639,90.5011,997.223,-128.019,95.6715,0,0,0
001056:1048.24,-103.075,156.37,1049.37,-106.16,159.483,1049.41,-99.4523,159.611,1053.4,-110.542,157.137,1052.56,-92.7889,157.197,1059.66,-118.947,135.529,1050.64,-82.2221,136.248,1065.27,-130.652,111.008,1045.74,-70.6486,112.258,1056.02,-133.071,90.5505,1035.84,-80.7902,96.6881,1052.99,-112.135,81.9534,1046.49,-87.9346,82.5187,1057.59,-114.301,47.7162,1043.05,-84.2956,48.2741,1078.12,-116.531,11.7939,1056.36,-83.1976,13.1068,1018.32,-120.984,89.259,1006.08,-128.65,82.1757,986.238,-137.356,90.7432,998.084,-129.763,97.8411,0,0,0
001057:1046.91,-103.007,156.108,1047.74,-106.066,159.184,1047.99,-99.4058,159.372,1051.34,-110.375,156.895,1051,-92.7187,156.952,1056.74,-118.427,135.397,1050.83,-82.2938,136.127,1063.58,-129.976,110.994,1045.35,-70.6586,112.137,1052.91,-132.505,90.7933,1038.7,-81.3629,96.5813,1052.82,-111.803,82.0126,1047.84,-87.8948,82.4853,1056.13,-113.856,47.9978,1042.14,-84.1658,48.444,1077.81,-116.436,12.1178,1051.94,-82.9216,13.7088,1011.33,-120.426,90.3283,1004.68,-129.637,82.2832,994.768,-140.56,91.2636,1000.59,-131.162,99.3842,0,0,0
001058:1045.73,-103.153,155.895,1046.81,-106.235,158.976,1046.95,-99.5592,159.146,1051.29,-110.629,156.581,1051.1,-92.9674,156.69,1057.69,-118.791,134.817,1051.68,-82.5578,135.741,1065.63,-130.228,109.665,1043.48,-71.0535,111.787,1052.53,-132.863,88.6191,1034.47,-82.0276,96.61,1053.5,-112.086,81.4283,1048.79,-88.0791,81.964,1057.09,-114.345,47.4181,1043.82,-84.4304,47.8881,1078.2,-116.546,11.648,1052.28,-82.8199,13.2549,1008.46,-122.196,91.5889,1003.95,-131.728,84.555,997.43,-141.995,93.7104,1000.99,-132.239,100.806,0,0,0
001059:1047.41,-103.456,155.669,1048.13,-106.552,158.741,1048.52,-99.8565,158.918,1051.37,-110.93,156.291,1051.8,-93.2305,156.403,1055.73,-118.836,134.525,1051.7,-82.7661,135.468,1064.35,-130.135,109.528,1041.91,-71.0469,111.706,1049.87,-132.128,89.0798,1031.78,-82.2293,97.0339,1051.66,-112.038,81.1907,1048.25,-88.1122,81.685,1055.16,-114.242,47.2668,1043.52,-84.4529,47.6308,1078.19,-116.544,11.4388,1052.47,-82.8765,13.0468,1004.87,-122.255,92.6923,1001.95,-132.403,85.4391,1000.49,-143.65,94.8462,1001.97,-133.104,102.22,0,0,0
001060:1045.67,-103.556,155.421,1046.64,-106.626,158.498,1046.52,-99.9161,158.677,1050.35,-110.906,156.082,1049.76,-93.1557,156.227,1055.86,-118.819,134.295,1049.19,-82.6032,135.387,1064.85,-130.181,109.018,1040.82,-71.0962,111.749,1047.22,-132.498,88.1106,1036.68,-83.0528,97.2311,1050.71,-112.043,80.9223,1045.46,-88.001,81.527,1055.12,-114.464,47.0802,1040.46,-84.2918,47.6461,1077.77,-116.642,11.421,1050.43,-82.61,13.181,1004.02,-123.474,93.3685,1001.44,-133.783,86.3696,1000.09,-144.792,95.9512,1001.06,-134.059,103.081,0,0,0
001061:1045.06,-103.553,155.182,1046.35,-106.729,158.25,1046.25,-99.9788,158.437,1051.15,-111.286,155.717,1050.71,-93.4178,155.953,1057.13,-119.272,133.81,1050.81,-82.91,135.125,1064.46,-130.066,108.133,1041.11,-71.1532,111.891,1043.99,-131.428,87.0491,1033.84,-83.0118,98.2614,1050.99,-112.319,80.4544,1046.04,-88.192,81.1256,1054.61,-114.658,46.6117,1040.65,-84.4365,47.2199,1077.34,-116.602,10.9637,1050.39,-82.6366,12.7914,1004.23,-124.744,94.07,1003.04,-135.366,87.1049,1003.55,-146.586,96.7666,1002.94,-135.467,103.891,0,0,0
001062:1045.47,-103.845,154.605,1047.14,-107.109,157.676,1047.16,-100.384,157.726,1051.22,-111.498,155.168,1050.8,-93.648,155.472,1055.22,-119.001,133.473,1050.48,-83.0161,134.666,1061.75,-129.444,107.499,1036.88,-71.2033,111.455,1046.99,-132.511,85.7725,1027.87,-83.5701,98.3123,1053.78,-112.709,79.9683,1049.16,-88.611,80.6828,1058.05,-115.266,46.2089,1042.75,-84.8072,47.0059,1077.71,-116.436,11.0871,1048.91,-82.5653,13.0407,1005.28,-126.382,94.2627,1006.67,-137.602,87.5491,1008.43,-148.696,97.4995,1007.05,-137.343,104.281,0,0,0
001063:1043.79,-103.937,154.428,1045.77,-107.219,157.468,1045.52,-100.469,157.532,1050.78,-111.601,154.907,1049.72,-93.6972,155.25,1055.31,-119.035,133.232,1049.91,-83.0568,134.501,1062.02,-129.28,107.134,1038.48,-71.7877,111.227,1046.95,-132.442,85.4588,1032.76,-85.1668,98.2987,1052.95,-112.649,79.9964,1047.72,-88.4965,80.7416,1056.97,-115.301,46.1792,1040.97,-84.6804,47.034,1077.09,-116.607,10.9565,1048.53,-82.4547,12.8251,1004.11,-127.385,94.9579,1005.46,-138.662,88.5617,1007.24,-149.477,98.6678,1005.94,-138.073,105.115,0,0,0
001064:1045.48,-104.426,154.229,1046.92,-107.636,157.272,1047.22,-100.907,157.335,1050.39,-111.718,154.688,1050.45,-93.8893,155.052,1053.42,-118.882,132.985,1049.9,-83.0721,134.317,1060.28,-129.092,106.81,1039.36,-71.8087,111.205,1048.58,-132.836,84.8669,1030.52,-85.6571,99.0211,1051.73,-112.679,79.8502,1047.78,-88.5988,80.5423,1055.17,-115.373,46.2254,1040.11,-84.6623,46.9824,1077.46,-116.602,10.9029,1047.77,-82.0478,12.8224,1005.98,-128.279,95.1092,1006.85,-139.729,88.6502,1007.89,-150.605,99.0414,1007.02,-139.02,105.574,0,0,0
001065:1044.11,-104.358,153.949,1045.98,-107.632,156.971,1046.16,-100.891,157.044,1050.55,-111.854,154.312,1050.19,-94.0084,154.738,1053.66,-118.936,132.603,1049.05,-83.1295,134.088,1059.45,-128.785,106.51,1036.73,-71.5574,111.473,1047.23,-132.075,84.8876,1024.72,-85.116,100.142,1049.36,-112.368,79.6459,1044.81,-88.3218,80.4146,1053.65,-115.177,46.1394,1037.67,-84.4451,46.9902,1076.61,-116.472,10.9851,1046.42,-81.9286,12.9903,1004.27,-128.732,95.9262,1004.93,-140.416,89.429,1007.06,-151.591,99.9975,1006.35,-139.717,106.584,0,0,0
001066:1043.55,-104.574,153.771,1045.39,-107.814,156.803,1045.52,-101.102,156.875,1050.03,-111.946,154.191,1049.21,-94.0978,154.678,1053.16,-118.911,132.501,1047.45,-83.111,134.167,1059.2,-128.685,105.854,1033.49,-71.9531,111.6,1051.22,-133.366,83.0482,1019.19,-85.6453,100.376,1048.84,-112.275,79.5501,1043.75,-88.2535,80.426,1054.61,-115.206,45.8424,1037.36,-84.407,46.8435,1077.76,-116.509,10.5388,1046.38,-81.9198,12.7528,1007.17,-130.452,96.0109,1008.47,-142.066,89.9363,1009.6,-152.589,100.481,1008.51,-140.861,106.599,0,0,0
001067:1044.17,-104.696,153.435,1045.77,-107.95,156.459,1046.01,-101.212,156.515,1049.64,-112.113,153.753,1048.98,-94.2356,154.226,1052.33,-119.141,131.985,1046.48,-83.2563,133.711,1058.71,-129.007,105.365,1030.83,-72.0108,111.301,1051.76,-133.881,82.631,1015.34,-85.925,100.449,1049.02,-112.427,79.1481,1043.92,-88.2999,80.0704,1055.09,-115.407,45.428,1037.15,-84.3281,46.541,1076.77,-116.485,10.2519,1044.02,-81.4623,12.6225,1007.86,-130.999,96.0678,1009.1,-142.789,90.0539,1010.91,-153.431,100.795,1010.07,-141.521,106.835,0,0,0
001068:1042.16,-104.609,152.982,1044.02,-107.895,156,1044.27,-101.157,156.064,1048.97,-112.15,153.346,1048.09,-94.2609,153.835,1051.92,-119.152,131.697,1046.56,-83.3801,133.456,1057.55,-128.823,105.102,1030.06,-72.2609,111.116,1049.4,-133.618,82.3797,1011.93,-86.4149,100.529,1048.58,-112.336,79.1417,1043.59,-88.2414,80.0961,1054.28,-115.318,45.6724,1035.48,-84.0699,46.8691,1076.96,-116.477,10.5748,1041.49,-81.0577,13.2084,1007.92,-131.66,96.169,1010.11,-143.76,89.8887,1014.38,-155.04,100.696,1012.51,-142.743,107.024,0,0,0
001069:1043.8,-104.847,152.923,1045.44,-108.115,155.925,1045.57,-101.363,155.987,1049.42,-112.255,153.178,1048.21,-94.3527,153.708,1051.85,-119.128,131.533,1045.59,-83.3892,133.387,1057.4,-128.427,104.799,1030.13,-72.4974,111.206,1051.18,-133.129,82.0629,1015.62,-87.172,100.963,1048.66,-112.425,79.1439,1043.17,-88.3139,80.1277,1054.6,-115.466,45.5299,1034.85,-84.181,46.8242,1074.87,-116.208,10.5963,1039.61,-80.7809,13.1997,1008.88,-132.603,96.5071,1010.92,-144.626,90.5394,1015.34,-155.595,101.321,1013.66,-143.385,107.318,0,0,0
001070:1041.99,-104.77,152.897,1044.2,-108.055,155.899,1044.36,-101.316,155.956,1049.97,-112.26,153.084,1048.78,-94.3572,153.614,1053.39,-119.107,131.298,1046.47,-83.3746,133.197,1059.46,-128.447,104.335,1029.37,-72.4341,110.949,1055.58,-133.785,81.1924,1011.43,-86.937,100.828,1046.62,-112.091,78.9045,1040.98,-88.0224,79.8834,1052.57,-115.33,45.3682,1032.51,-83.9412,46.6378,1075.65,-116.347,10.2421,1039.28,-80.5895,12.8618,1011.13,-133.275,96.6324,1013.12,-145.55,90.686,1017.1,-156.499,101.761,1015.6,-144.056,107.73,0,0,0
001071:1040.15,-104.72,152.668,1042.02,-108.002,155.642,1042.14,-101.275,155.714,1047.23,-112.219,152.831,1045.76,-94.326,153.424,1051.17,-119.08,131.142,1044.39,-83.4529,133.156,1058.03,-128.278,104.126,1028.74,-72.7445,111.145,1055.58,-133.446,81.0178,1012.7,-87.667,101.36,1047.7,-112.249,78.928,1041.99,-88.1596,79.9729,1052.93,-115.378,45.4982,1032.25,-83.8025,46.891,1074.92,-116.31,10.5422,1037.62,-80.3016,13.315,1013.25,-133.895,96.7854,1015.24,-146.143,90.9379,1018.21,-156.892,102.035,1016.92,-144.507,107.902,0,0,0
001072:1039.1,-104.685,152.295,1041.06,-107.98,155.274,1040.98,-101.251,155.349,1046.51,-112.228,152.543,1044.62,-94.3144,153.174,1051.06,-119.025,130.992,1042.76,-83.4582,133.112,1058.52,-128.021,103.837,1025.82,-72.7048,111.33,1053.08,-132.666,80.6998,1008.27,-87.4564,101.804,1047.66,-112.248,78.7968,1040.84,-88.1429,79.9548,1053.02,-115.35,45.3817,1029.94,-83.5305,46.9898,1075.55,-116.146,10.371,1034.67,-79.5999,13.5992,1015.41,-134.254,96.8107,1017.98,-146.7,90.7082,1020.62,-157.726,101.923,1018.57,-145.094,108.084,0,0,0
001073:1039.67,-104.755,152.008,1041.75,-108.09,154.987,1041.65,-101.374,155.05,1047.61,-112.505,152.218,1045.79,-94.6087,152.88,1052.52,-119.296,130.653,1043.71,-83.8578,132.927,1058.55,-127.925,103.24,1025.53,-73.3527,111.292,1052.86,-132.631,79.739,1004.96,-87.8018,101.98,1048.49,-112.243,78.4628,1041.53,-88.1868,79.7144,1053.66,-115.393,45.0589,1030.54,-83.501,46.7537,1075.89,-116.163,10.1392,1033.87,-79.349,13.5693,1017.42,-134.937,96.9564,1019.05,-147.21,91.0828,1020.55,-157.915,102.293,1019.77,-145.507,108.208,0,0,0
001074:1037.9,-104.88,151.689,1040.22,-108.19,154.643,1039.95,-101.485,154.727,1047.16,-112.512,151.9,1044.82,-94.6301,152.608,1053.02,-119.212,130.435,1043.51,-83.8482,132.759,1060.39,-127.88,103.047,1025.14,-73.4231,111.282,1056.36,-132.817,79.6728,1004.26,-88.2689,102.358,1047.54,-112.128,78.5698,1040,-88.1091,79.8346,1051.95,-115.242,45.24,1027.54,-83.2468,47.0178,1074.18,-115.857,10.3107,1030.23,-78.7577,13.8615,1017.21,-135.256,96.9846,1019.91,-147.568,91.1038,1021.63,-158.194,102.232,1019.67,-145.753,108.158,0,0,0
001075:1036.79,-104.913,151.392,1039.14,-108.237,154.34,1038.69,-101.521,154.442,1046.54,-112.584,151.6,1043.45,-94.6185,152.386,1053.88,-119.268,130.123,1041.67,-83.7135,132.677,1063.03,-127.876,102.344,1021.8,-73.2197,111.351,1060.88,-133.199,78.3498,999.541,-88.0449,102.565,1049.06,-112.047,78.2906,1039.84,-87.8642,79.6971,1053.68,-115.346,44.9711,1026.5,-82.9051,46.9754,1075.4,-115.992,10.0881,1029.28,-78.287,13.8392,1020.38,-135.598,96.8637,1022.59,-147.901,90.9331,1021.61,-158.309,102.226,1020.48,-145.939,108.19,831.402,-150.62,179.536
001076:1036.79,-104.908,151.2,1038.67,-108.259,154.174,1037.95,-101.572,154.397,1046.19,-112.655,151.348,1043.18,-94.7664,152.259,1051.76,-119.18,129.842,1041.41,-83.9531,132.486,1058.16,-127.291,101.646,1022.48,-73.5,111.261,1057.27,-132.113,77.6132,997.831,-88.2488,102.871,1047.25,-111.851,77.9449,1038.53,-87.828,79.4277,1053.77,-115.289,44.717,1024.72,-82.8021,47.0057,1073.7,-115.933,10.6743,1023.57,-77.8999,14.4582,1019.06,-135.712,96.2966,1019.31,-148.074,90.999,1022.37,-158.701,102.214,1024.17,-146.219,107.754,834.544,-150.05,177.529
001077:1036.94,-104.972,151.145,1038.78,-108.294,154.114,1038.13,-101.607,154.332,1046.06,-112.592,151.244,1042.75,-94.692,152.16,1051.69,-119.029,129.694,1040.48,-83.8939,132.361,1057.93,-127.117,101.527,1023.46,-73.9065,111.151,1056.81,-131.902,77.6919,1004.06,-89.5123,102.82,1047.25,-111.814,77.8396,1037.58,-87.7466,79.3733,1055.09,-115.345,44.4215,1023.38,-82.4775,46.9453,1075.24,-115.877,10.204,1022.13,-77.235,14.3276,1020.45,-135.949,95.927,1020.73,-148.192,90.704,1023.02,-158.572,101.852,1024.74,-146.228,107.307,834.959,-149.438,176.51
001078:1036.48,-105.236,151.03,1038.35,-108.52,153.991,1037.62,-101.834,154.226,1045.68,-112.649,151.116,1041.82,-94.7483,152.038,1051.23,-118.873,129.606,1038.73,-83.8046,132.324,1057.42,-126.696,101.564,1018.51,-73.4056,111.463,1056.06,-131.315,77.8806,994.199,-88.81,103.852,1047.13,-111.872,77.8108,1036.85,-87.8268,79.3278,1053.98,-115.506,44.4923,1021.17,-82.5863,47.0099,1074.82,-115.894,10.2802,1019.32,-76.9034,14.4798,1021.23,-135.777,96.0039,1022.71,-148.271,90.345,1026.23,-159.196,101.487,1026.8,-146.563,107.398,838.051,-148.846,175.173
001079:1034.15,-105.023,150.86,1036.56,-108.339,153.822,1035.62,-101.662,154.042,1046,-112.65,151.007,1041.82,-94.7566,151.922,1053.52,-118.988,129.579,1040.96,-84.0958,132.247,1060.1,-126.599,101.453,1021.28,-74.3125,111.148,1057.79,-130.887,77.8045,997.325,-90.3178,103.41,1048.31,-111.917,77.7533,1037.95,-87.9006,79.2817,1055.12,-115.601,44.4519,1021.98,-82.5014,47.0034,1074.5,-115.755,10.4317,1017.87,-76.3406,14.7893,1021.62,-135.882,95.7845,1023.38,-148.288,90.1313,1028.09,-159.346,101.145,1028.32,-146.778,107.055,841.143,-148.25,173.478
001080:1034.12,-105.137,150.496,1036.53,-108.465,153.418,1035.49,-101.796,153.67,1045.71,-112.735,150.527,1041.25,-94.8802,151.5,1053.1,-118.906,129.155,1039.42,-84.1138,131.961,1060.48,-126.349,101.02,1022.2,-74.3658,110.979,1058.36,-130.63,77.4381,1001.75,-90.487,103.279,1046.19,-111.506,77.8785,1034.88,-87.5387,79.4762,1052.84,-115.304,44.6438,1017.9,-82.0617,47.373,1074.03,-115.752,10.4741,1016.16,-75.858,14.911,1024.94,-136.064,95.7075,1025.79,-148.396,90.0565,1026.93,-159.051,101.222,1028.28,-146.617,107.118,844.267,-147.652,172.48
001081:1033.12,-105.232,150.154,1035.3,-108.546,153.095,1034.06,-101.867,153.339,1043.89,-112.754,150.343,1039.44,-94.9104,151.347,1052.05,-118.919,129.068,1037.8,-84.1421,131.956,1061.22,-126.346,100.699,1019.99,-74.6154,111.104,1058.52,-130.427,76.7662,1000.52,-91.1277,103.435,1047.78,-111.695,77.6337,1036.11,-87.6582,79.2857,1053.64,-115.501,44.4845,1017.93,-82.1074,47.2863,1073.38,-115.577,10.5337,1013.84,-75.5687,15.149,1025.56,-136.265,95.0945,1026.39,-148.348,89.4632,1028.3,-159.066,100.353,1029.58,-146.863,106.251,844.661,-147.033,170.746
001082:1034.98,-105.547,149.816,1036.72,-108.769,152.719,1035.54,-102.133,152.968,1043.99,-112.693,149.842,1039.34,-94.9662,150.844,1052.03,-118.625,128.637,1036.49,-84.1869,131.54,1062.81,-126.129,100.579,1017.07,-74.7275,110.987,1059.93,-130.403,77.113,1000.09,-91.6613,103.628,1049.75,-111.716,77.5839,1037.01,-87.8039,79.2418,1056.74,-115.75,44.3804,1019.02,-82.2807,47.2926,1074.46,-115.68,10.6306,1012.49,-75.2635,15.3884,1025.36,-136.154,94.8788,1026.61,-148.266,89.0387,1029.82,-159.247,99.8088,1030.59,-146.992,105.916,847.786,-146.43,169.385
001083:1032.48,-105.432,149.698,1034.42,-108.635,152.59,1033.27,-102.03,152.854,1042.47,-112.544,149.734,1037.93,-94.9065,150.76,1050.69,-118.357,128.645,1035.85,-84.2054,131.565,1061.67,-125.786,100.768,1015.72,-74.7798,111.242,1059.26,-129.93,77.6177,996.716,-91.6234,104.292,1047.23,-111.423,77.7927,1034.93,-87.6727,79.4307,1055.12,-115.449,44.4913,1017.69,-82.0388,47.3927,1072.94,-115.402,10.632,1010.97,-74.7638,15.4691,1024.41,-135.863,94.6291,1026.85,-147.947,88.5423,1030.72,-159.108,99.0902,1030.19,-146.854,105.44,850.989,-145.841,167.328
001084:1033.71,-105.554,149.458,1035.78,-108.762,152.351,1034.54,-102.174,152.616,1044.08,-112.63,149.55,1038.98,-94.9801,150.626,1052.17,-118.186,128.542,1036.16,-84.2449,131.588,1062.85,-125.055,100.231,1016.98,-75.4104,111.25,1060.45,-129.038,76.475,1000.26,-92.7487,104.215,1047.66,-111.199,77.7997,1034.62,-87.5001,79.4999,1054.47,-115.369,44.5785,1015.63,-81.7365,47.579,1073.12,-115.386,10.6472,1010.31,-74.277,15.5662,1027.46,-136.082,94.1325,1028.47,-147.811,88.1024,1030.85,-158.75,98.501,1031.93,-146.894,104.808,853.866,-145.892,165.961
001085:1032.74,-105.511,149.118,1034.82,-108.753,151.983,1033.52,-102.175,152.263,1043.4,-112.697,149.055,1038.42,-95.076,150.215,1051.42,-118.029,127.965,1035.88,-84.316,131.24,1061.44,-124.391,99.7366,1014.26,-75.0303,111.452,1058.49,-127.872,76.1966,993.61,-91.8966,105.088,1047.02,-110.783,77.2881,1034.03,-87.1532,79.0263,1054.18,-115.29,44.185,1013.48,-81.3146,47.3364,1074.01,-115.532,10.3759,1005.1,-73.4831,15.8369,1026.09,-135.552,93.7488,1027.95,-147.338,87.3426,1032.45,-158.899,97.471,1032.62,-146.937,104.175,854.615,-144.625,164.221
001086:1031.8,-105.779,148.776,1033.91,-108.955,151.59,1032.76,-102.411,151.903,1043.18,-112.686,148.711,1038.08,-95.2058,149.89,1052.69,-117.92,127.8,1035.71,-84.4448,131.02,1065.01,-124.462,99.6805,1011.27,-75.5976,111.136,1063.05,-128.02,76.5369,988.501,-93.0745,104.792,1048.28,-110.779,77.723,1034.82,-87.2792,79.4357,1054.81,-115.206,44.5989,1014.52,-81.5103,47.6783,1072.34,-115.186,10.8595,1005.15,-73.5192,16.0335,1026.37,-135.411,92.8478,1028.79,-146.91,86.5271,1034.78,-158.346,96.3095,1034.17,-146.666,102.912,855.006,-144,162.473
001087:1031.1,-105.932,148.531,1032.96,-109.024,151.352,1031.91,-102.531,151.679,1041.53,-112.497,148.57,1036.4,-95.0998,149.76,1049.82,-117.407,127.777,1034.02,-84.2127,130.955,1061.36,-123.71,99.681,1008.88,-75.2636,111.006,1060.03,-127.306,76.4589,986.757,-92.6358,104.407,1047.09,-110.607,77.6929,1034.19,-87.196,79.3549,1054.13,-115.241,44.6466,1013.09,-81.2915,47.7318,1072.38,-115.222,10.8818,1002.33,-72.8616,16.2985,1025.9,-135.223,92.3895,1028.8,-146.721,86.0477,1036.28,-158.305,95.7069,1035.11,-146.613,102.353,858.243,-143.402,160.743
001088:1029.84,-105.934,148.097,1031.84,-108.968,150.918,1030.59,-102.494,151.219,1041.13,-112.344,148.181,1035.79,-95.0156,149.336,1050.69,-117.211,127.422,1034.75,-84.3396,130.469,1064.44,-123.674,99.5049,1013.35,-76.4004,110.42,1065.05,-127.15,76.7285,995.034,-95.2085,104.047,1047.05,-110.629,77.2407,1033.98,-87.3141,78.8395,1053.48,-115.328,44.3072,1012.21,-81.2909,47.3528,1071.53,-115.096,10.676,1000.94,-72.5303,16.1319,1026.25,-135.206,91.6815,1028.79,-146.381,85.3793,1034.66,-157.578,94.8507,1033.81,-146.247,101.455,858.643,-142.775,159.344
001089:1031.16,-106.27,147.679,1032.45,-109.229,150.489,1031.4,-102.79,150.798,1039.84,-112.412,147.863,1034.97,-95.2459,148.979,1049.38,-117.287,127.42,1033.66,-84.6442,130.404,1067.04,-124.339,100.046,1013.07,-76.6078,110.671,1070.97,-128.069,77.8316,997.368,-95.3885,104.409,1048.68,-110.974,77.6183,1035.52,-87.7552,79.2279,1055.55,-115.478,44.5621,1012.97,-81.4786,47.7428,1072.55,-115.114,10.8274,998.76,-72.1814,16.6816,1025.25,-134.706,91.0005,1027.78,-145.57,84.3807,1033.86,-156.997,93.4692,1032.97,-145.954,100.4,861.883,-142.172,157.245
001090:1031.08,-106.66,147.591,1032.28,-109.581,150.388,1031.48,-103.177,150.715,1039.68,-112.6,147.685,1034.99,-95.4426,148.892,1049.19,-117.248,127.027,1032.71,-84.5198,130.15,1067.2,-124.161,99.4428,1011.09,-76.6247,110.43,1073.75,-128.134,77.0028,994.626,-95.9705,104.373,1047.6,-110.739,77.0722,1034.04,-87.4267,78.715,1054.74,-115.457,44.1244,1011.06,-81.0963,47.3727,1072.48,-115.218,10.4693,998.804,-72.0932,16.2737,1028.15,-135.083,90.0671,1030.44,-145.726,83.6826,1033.17,-156.362,92.7419,1032.96,-145.677,99.3883,864.804,-142.214,155.844
001091:1029.97,-106.592,147.156,1031.43,-109.475,149.919,1030.76,-103.139,150.261,1039.28,-112.334,147.26,1034.6,-95.3577,148.492,1047.7,-116.506,126.877,1032.46,-84.4775,129.963,1061.41,-122.315,99.7267,1010.47,-76.7689,110.52,1064.82,-125.089,78.2009,990.997,-95.6178,104.845,1045.96,-110.373,77.2246,1033.03,-87.4176,78.7838,1054.5,-115.288,44.0776,1010.76,-81.1504,47.2662,1072.52,-115.022,10.2727,996.777,-71.6799,16.2762,1029.15,-135.057,89.3241,1031.72,-145.547,82.7168,1036.99,-156.595,91.3829,1036.01,-145.986,98.2896,868.081,-141.607,154.085
001092:1028.98,-106.673,146.729,1029.86,-109.458,149.474,1029.39,-103.219,149.827,1036.61,-112.07,146.858,1032.65,-95.3624,148.116,1044.94,-115.928,126.72,1031.26,-84.6246,129.804,1060.16,-121.626,99.9272,1008.72,-77.245,110.74,1060.73,-123.95,78.9834,988.459,-96.3587,105.492,1047.03,-110.143,77.3205,1034.77,-87.5015,78.8234,1056.51,-115.304,44.252,1012.47,-81.1735,47.4217,1073.66,-115.245,10.6319,996.335,-71.3577,16.7734,1028.77,-134.539,88.543,1032.44,-144.864,81.5264,1038.24,-156.221,89.7571,1036.04,-145.733,97.1004,868.47,-140.974,152.316
001093:1027.1,-106.434,146.605,1028,-109.201,149.362,1027.28,-102.958,149.699,1034.87,-111.802,146.853,1030.64,-95.14,148.048,1044.32,-115.756,126.826,1029.78,-84.5347,129.776,1061.35,-121.727,100.457,1008.29,-77.3542,110.714,1064.18,-123.738,80.1846,989.26,-96.7289,105.463,1046.71,-110.121,77.2302,1034.11,-87.501,78.7146,1054.8,-115.085,44.2505,1010.85,-81.035,47.3779,1072.4,-114.978,10.5919,994.414,-71.1451,16.8093,1024.91,-133.367,88.1357,1028.87,-143.461,80.9124,1035.52,-155.03,88.799,1032.8,-144.731,96.3665,871.749,-140.362,150.184
001094:1026.32,-106.784,146.443,1027.42,-109.464,149.18,1026.64,-103.294,149.545,1034.74,-111.76,146.749,1030.12,-95.2991,147.918,1044.04,-115.288,127.017,1029.45,-84.6895,129.723,1061.01,-121.195,101.327,1007.71,-77.81,110.369,1058.42,-122.554,82.3649,990.393,-97.4934,104.711,1045.9,-109.79,77.6209,1033.04,-87.4928,79.002,1054.98,-114.935,44.5005,1010.35,-81.1544,47.5679,1072.57,-115.072,10.7013,994.206,-71.2169,16.7905,1025.15,-132.585,87.2419,1028.65,-142.346,79.6396,1038.27,-154.49,86.9692,1035.45,-144.432,94.9786,872.068,-139.709,149.112
001095:1028.05,-106.912,146.116,1029.16,-109.638,148.837,1028.18,-103.447,149.203,1036.6,-112.022,146.358,1031.67,-95.5467,147.585,1046.61,-115.457,126.634,1029.8,-84.9103,129.534,1064.58,-120.936,100.723,1004.06,-77.9666,110.478,1062.84,-121.936,81.494,983.793,-97.3406,105.032,1047.62,-109.637,77.3716,1033.77,-87.3664,78.851,1055.22,-114.731,44.316,1009.79,-81.0059,47.4796,1072.8,-114.844,10.5449,993.502,-70.9687,16.7492,1027.3,-131.981,86.3146,1032.18,-141.617,78.368,1041.97,-153.992,85.326,1037.89,-144.064,93.6705,872.88,-138.437,146.997
001096:1026.8,-106.899,145.684,1027.85,-109.601,148.398,1026.62,-103.41,148.839,1034.7,-111.868,145.928,1029.76,-95.4482,147.155,1046.93,-115.677,126.307,1028.59,-84.9317,129.413,1062.96,-120.703,100.668,1005.16,-78.2303,110.473,1064.34,-121.727,81.0888,985.71,-97.5233,104.758,1045.71,-109.399,77.3517,1031.75,-87.18,78.8594,1053.04,-114.252,44.4053,1009.33,-80.8642,47.3609,1072.14,-114.739,10.2425,992.096,-70.6936,16.6479,1021.91,-130.327,86.0176,1022.97,-138.842,77.9556,1033.14,-151.375,84.428,1032,-142.378,93.0484,879.009,-137.813,144.814
001097:1024.59,-106.966,145.317,1026.31,-109.684,148.037,1024.76,-103.512,148.469,1035,-111.916,145.677,1028.84,-95.568,146.875,1048.86,-115.552,126.279,1027.18,-84.9481,129.291,1064.77,-120.678,101.473,1001.17,-78.3574,110.354,1068.26,-121.947,83.2226,979.211,-97.7646,104.664,1044.74,-108.748,77.5493,1029.15,-86.6532,79.0501,1052.52,-113.85,44.5037,1006.69,-80.5995,47.5118,1072,-114.546,10.2124,990.68,-70.5184,16.5408,1019.42,-129.791,85.593,1020.95,-138.071,77.2596,1031.13,-150.725,83.3651,1029.54,-141.937,92.2026,876.384,-137.872,142.733
001098:1022.25,-106.535,144.988,1024.25,-109.284,147.7,1022.7,-103.197,148.128,1033.38,-111.542,145.366,1027.1,-95.2996,146.628,1047.02,-114.826,126.126,1025.38,-84.744,129.248,1060.53,-119.026,101.178,1000.03,-78.3625,110.467,1064.15,-120.098,82.511,976.794,-97.4352,104.854,1041.91,-107.886,77.6858,1026.5,-86.1104,79.1613,1049.46,-113.211,44.7169,1004.73,-80.3124,47.6283,1070.81,-114.164,10.3573,989.705,-70.1141,16.5993,1018.69,-128.957,84.7678,1021.22,-137.166,76.0664,1031.6,-150.108,81.8417,1028.92,-141.411,91.0745,879.619,-137.229,141.271
001099:1023.76,-106.797,144.563,1025.72,-109.482,147.283,1023.75,-103.388,147.669,1034.72,-111.588,145.035,1027.69,-95.4271,146.158,1049.51,-114.847,125.989,1025.22,-84.9291,128.83,1065.8,-119.667,101.996,997.051,-78.6166,110.095,1065.81,-119.982,85.3643,975.816,-97.8841,104.341,1044.86,-108.075,77.5376,1027.67,-86.2999,79.0059,1052.09,-113.417,44.5887,1004.4,-80.3844,47.6268,1071.55,-114.217,10.293,988.724,-70.1758,16.608,1017.51,-128.508,83.9536,1020.98,-136.472,74.9946,1032.01,-149.545,80.3045,1028.17,-141.024,89.7857,882.685,-137.281,139.108
001100:1020.34,-106.655,144.268,1022.4,-109.368,146.986,1020.62,-103.363,147.365,1032.05,-111.535,144.794,1025.27,-95.5068,145.97,1047.51,-114.532,125.972,1023.78,-85.0686,128.899,1063.51,-118.827,102.238,996.286,-78.899,110.389,1063.59,-118.725,86.0026,973.068,-97.8113,104.798,1043.65,-107.513,77.6297,1026.73,-85.976,79.0992,1050.32,-112.932,44.6447,1002.42,-80.0796,47.7063,1071.51,-114.231,10.1413,987.58,-70.0336,16.5599,1016.03,-127.742,83.2957,1019.57,-135.341,74.0188,1029.97,-148.562,78.837,1026.19,-140.426,88.6418,880.551,-135.987,137.006
001101:1021,-107.027,143.854,1022.8,-109.619,146.548,1020.72,-103.618,146.938,1031.81,-111.416,144.398,1024.49,-95.4883,145.589,1047.83,-114.249,125.562,1022.64,-84.9173,128.546,1066.02,-118.843,101.637,997.45,-79.316,110.013,1069.5,-119.682,84.8999,978.828,-99.2978,104.441,1044.71,-107.406,77.2578,1026.99,-85.9399,78.7625,1050.49,-112.838,44.5125,1001.92,-80.119,47.5759,1070.87,-113.826,10.2627,987.115,-70.0555,16.5919,1017.09,-127.527,82.3431,1018.92,-134.62,73.3156,1028.33,-147.349,77.928,1026.43,-139.846,87.471,886.497,-136.028,135.139
001102:1018.37,-106.622,143.82,1020.1,-109.218,146.492,1018.17,-103.298,146.874,1029.11,-111.037,144.224,1022.38,-95.3274,145.441,1045.45,-113.64,125.411,1021.16,-84.8943,128.415,1060.57,-117.497,101.77,996.595,-79.6649,109.88,1064.44,-118.149,85.4045,976.232,-99.3333,104.237,1043.97,-106.666,77.2819,1026.64,-85.4965,78.7362,1050.81,-112.45,44.4867,1001.89,-80.0554,47.5713,1071.65,-113.752,10.3359,985.044,-70.0336,16.8041,1017.31,-127.045,81.5789,1020.62,-134.022,72.4709,1028.41,-146.41,76.796,1025.36,-139.087,86.3419,886.966,-135.403,132.995
001103:1016.78,-106.395,143.475,1018.77,-109.015,146.123,1016.91,-103.174,146.495,1027.95,-110.856,143.84,1021.06,-95.3091,145.099,1042.83,-113.028,125.319,1019.32,-85.0622,128.386,1054.27,-115.905,101.826,993.7,-80.1596,110.217,1053.77,-115.789,85.7558,973.408,-99.4691,104.735,1040.46,-105.986,77.7092,1023.34,-85.2492,79.154,1048.76,-111.932,44.7143,999.83,-79.9734,47.826,1070.51,-113.476,10.3483,983.766,-69.8697,16.8872,1014.35,-126.14,81.1026,1018.65,-132.891,71.6981,1027.38,-145.482,75.5206,1023.32,-138.405,85.371,892.958,-135.442,130.738
001104:1015.58,-106.737,142.962,1017.41,-109.284,145.588,1015.79,-103.524,145.992,1026.03,-110.83,143.394,1020.28,-95.5467,144.728,1041.06,-112.639,125.03,1019.41,-85.1434,128.278,1052.59,-115.38,101.431,997.815,-80.6752,110.251,1055.4,-116.158,84.861,978.823,-100.388,104.952,1039.29,-105.358,77.8199,1023.31,-84.9354,79.2379,1048.22,-111.441,44.7983,1000.37,-79.9102,47.8292,1070.1,-113.291,10.3945,983.452,-69.9808,16.8651,1018.33,-126.048,79.6103,1022.23,-132.266,70.1515,1028.26,-144.41,73.6231,1024.86,-137.976,83.5089,893.335,-134.796,128.568
001105:1014.4,-106.744,142.831,1016.11,-109.213,145.461,1014.44,-103.532,145.863,1024.25,-110.527,143.363,1018.4,-95.45,144.661,1039.06,-112.053,125.221,1016.8,-85.0302,128.366,1051.02,-114.898,102.025,994.548,-80.842,110.28,1052.51,-115.735,86.1419,975.618,-100.437,104.805,1037.58,-104.812,78.0858,1021.29,-84.6777,79.4873,1046.14,-110.791,45.0465,998.078,-79.648,48.0711,1069.84,-113.218,10.382,982.815,-70.1179,16.9188,1013.93,-125.214,79.154,1017.49,-131.116,69.5813,1023.32,-143.207,72.7306,1020.2,-137.106,82.7131,891.165,-133.495,126.831
001106:1011.58,-106.548,142.413,1013.72,-109.083,145.042,1011.88,-103.422,145.428,1023.07,-110.516,142.973,1016.55,-95.4334,144.293,1038.83,-111.797,125.046,1015.6,-85.0042,128.272,1048.24,-114.024,102.457,991.509,-80.5124,110.677,1042.31,-113.549,87.8916,971.034,-99.7327,105.57,1038.71,-104.303,78.0604,1021.75,-84.2789,79.4649,1045.87,-110.371,44.9146,996.915,-79.4125,47.9624,1069.27,-112.977,10.0861,982.339,-70.0153,16.4471,1010.41,-123.754,78.5155,1015.77,-129.373,68.4583,1023.69,-142.02,70.817,1018.6,-136.174,81.3315,897.19,-133.525,124.539
001107:1011.54,-106.54,141.835,1013.89,-109.077,144.472,1011.94,-103.493,144.842,1023.3,-110.472,142.522,1016.36,-95.5198,143.872,1037.97,-111.371,124.815,1015.08,-85.1563,128.162,1043.87,-112.878,102.354,992.276,-81.0918,110.997,1033.71,-111.942,87.8962,972.641,-100.342,106.219,1037.31,-103.742,77.8903,1020.19,-84.028,79.3315,1045.38,-110.011,44.7705,995.22,-79.2266,47.8978,1070.49,-113.024,9.8706,981.385,-69.9898,16.4747,1008.84,-122.901,77.8874,1013.87,-128.175,67.6458,1021.95,-140.964,69.5831,1017.15,-135.487,80.3239,894.752,-132.91,122.456
001108:1009.42,-106.371,141.348,1012.06,-108.939,143.976,1009.91,-103.362,144.334,1022.9,-110.429,142.041,1015.67,-95.5185,143.412,1039.37,-111.303,124.434,1015.69,-85.2201,127.85,1045.43,-112.698,101.973,991.978,-81.3162,110.802,1030.96,-111.423,87.832,970.809,-100.551,106.088,1039.52,-103.454,77.6649,1021.75,-83.7813,79.1156,1046.08,-109.864,44.4666,994.907,-79.1747,47.6519,1069.38,-112.922,9.58542,980.265,-70.0605,16.0795,1005.02,-121.99,77.0854,1009.89,-126.811,66.8497,1017.02,-139.333,68.3611,1012.35,-134.347,79.0828,898.129,-132.264,120.209
001109:1010.02,-106.38,141.151,1012.52,-108.891,143.78,1010.31,-103.358,144.137,1022.51,-110.16,141.913,1015.28,-95.423,143.279,1038.04,-110.721,124.462,1014.11,-85.0176,127.927,1043.52,-112.055,102.009,990.927,-81.4971,110.969,1029.72,-111.435,87.6629,970.534,-100.837,106.225,1037.68,-102.654,77.998,1020.01,-83.2693,79.4109,1043.36,-109.129,44.8104,993.726,-79.035,47.8378,1069.43,-112.731,9.61985,982.413,-70.3965,15.7826,1002.62,-121.335,76.2272,1008.04,-125.814,65.9063,1014.6,-138.139,66.9984,1009.36,-133.534,77.777,901.279,-132.306,117.967
001110:1007.89,-106.746,140.897,1010.63,-109.166,143.522,1008.11,-103.734,143.892,1021.91,-110.1,141.806,1013.43,-95.5694,143.189,1038.78,-110.171,124.461,1012.31,-85.0172,127.972,1042.44,-111.114,101.963,986.337,-81.831,110.971,1021.7,-110.378,87.9303,964.005,-101.37,106.224,1040.53,-102.188,77.7213,1020.86,-83.0277,79.2099,1045.89,-108.991,44.4743,992.257,-78.8969,47.7184,1070.96,-112.656,9.24917,980.411,-70.2529,15.6785,998.311,-120.731,75.308,1003.15,-124.843,64.9813,1009.6,-137.028,65.7179,1005.04,-132.895,76.5119,901.846,-131.693,115.806
001111:1004.68,-106.409,140.698,1007.57,-108.899,143.32,1004.83,-103.439,143.692,1019.24,-109.993,141.534,1010.27,-95.3896,142.99,1036.57,-109.929,124.256,1009.52,-84.8255,128,1038.75,-110.502,101.92,984.143,-81.4687,111.44,1015.47,-109.385,88.2093,962.873,-100.755,106.932,1039.7,-101.591,77.6499,1019.62,-82.4944,79.2079,1045.06,-108.393,44.1978,991.321,-78.6119,47.4998,1070.63,-112.332,8.78238,980.912,-70.3607,15.0697,994.563,-119.782,75.0993,999.761,-123.646,64.4896,1006.11,-136.043,64.8179,1001.27,-132.156,75.9033,902.229,-131.041,113.986
001112:1004.35,-106.362,140.178,1007.4,-108.814,142.83,1004.45,-103.426,143.161,1019.65,-109.798,141.216,1010.38,-95.402,142.601,1037.6,-109.566,124.176,1009.32,-84.9097,127.823,1041.08,-110.327,102.015,982.292,-81.7589,111.44,1014.93,-109.36,88.6593,960.776,-101.066,107.004,1039.5,-101.127,77.6625,1018.62,-82.3084,79.188,1044.76,-108.254,44.2425,989.607,-78.7067,47.539,1070.79,-112.232,8.79163,979.574,-70.375,15.0431,990.898,-119.498,74.6408,994.527,-123.04,63.9693,1000.38,-135.485,64.0397,996.984,-131.936,75.1981,908.435,-131.08,111.262
001113:1003.04,-106.42,140.06,1005.51,-108.872,142.717,1003.12,-103.512,143.019,1015.87,-109.773,141.065,1007.91,-95.4185,142.472,1032.46,-109.219,124.228,1007.01,-84.7869,127.957,1037.4,-110.014,102.989,980.533,-80.9302,112.423,1010.54,-108.043,91.2397,959.27,-99.6843,108.83,1037.24,-100.686,77.8375,1017.65,-82.0085,79.3563,1044.78,-107.797,44.1922,989.268,-78.4889,47.5397,1070.1,-111.758,8.74162,977.183,-70.4961,15.0927,984.366,-118.554,74.8465,987.263,-121.751,63.8399,993.566,-134.548,63.3627,991.126,-131.349,74.8987,908.898,-130.444,108.709
001114:1005.35,-106.702,139.794,1007.13,-109.096,142.474,1005.59,-103.79,142.772,1015.39,-109.785,140.817,1009.22,-95.5196,142.247,1030.3,-108.932,124.025,1006.97,-84.6655,127.873,1036.31,-109.767,102.782,979.56,-80.5561,112.692,1012.11,-108.196,90.824,957.633,-99.0697,109.344,1035.77,-100.326,77.6112,1017.4,-81.8008,79.0888,1044.4,-107.444,43.8619,987.847,-78.278,47.2937,1072.67,-111.833,8.12287,976.062,-70.5985,14.8139,979.555,-118.179,74.3234,981.454,-121.1,63.0648,986.411,-134.029,62.3736,985.365,-131.165,74.1521,912.098,-130.483,106.422
001115:1005.81,-106.713,139.373,1007.49,-109.15,142.063,1005.85,-103.85,142.334,1014.86,-109.816,140.466,1008.68,-95.5918,141.916,1028.06,-108.577,123.896,1006.18,-84.7458,127.843,1030.53,-108.789,102.818,983.009,-81.1674,112.926,1000.81,-106.681,91.2758,967.124,-100.26,109.612,1034.03,-99.5751,77.8378,1015.79,-81.2795,79.3327,1044.26,-107.037,43.966,986.965,-78.1801,47.4464,1071.25,-111.36,8.34384,974.293,-70.7682,14.9249,971.293,-117.46,74.3136,970.955,-119.955,63.1307,975.752,-132.926,62.1339,977.024,-130.499,73.8686,912.572,-129.845,104.229
001116:1005.18,-106.652,138.079,1006.48,-108.997,140.827,1004.77,-103.82,141.053,1013.11,-109.441,139.545,1007.21,-95.52,140.962,1026.46,-107.881,123.52,1005.69,-84.8063,127.376,1033.14,-108.419,102.676,987.171,-81.7595,112.641,1007.97,-107.187,91.1095,974.99,-101.096,109.373,1033.25,-98.8571,77.7053,1015.52,-81.0324,79.1215,1043.26,-106.541,43.8549,986.168,-78.1829,47.2177,1070.8,-111.108,8.15812,973.173,-70.7406,14.6607,969.213,-117.276,74.1015,966.519,-119.535,62.6636,967.299,-132.502,61.7752,971.295,-130.345,73.7445,913.046,-129.207,102.035
001117:1004,-106.489,137.627,1005.1,-108.842,140.384,1004.01,-103.797,140.621,1010.77,-109.242,139.195,1006.29,-95.5442,140.694,1021.46,-107.122,123.531,1004.21,-84.6877,127.525,1023.34,-106.79,103.096,983.793,-80.9581,113.405,1000.75,-105.566,91.6641,967.185,-99.0582,110.699,1027.82,-97.7931,78.192,1012.06,-80.4266,79.5488,1041.49,-105.787,44.1685,985.338,-78.0264,47.4522,1070.9,-110.708,8.35912,971.786,-70.9236,14.9055,959.964,-116.495,74.8965,957.645,-118.88,63.0067,957.764,-132.219,62.0159,961.836,-129.962,74.4208,913.518,-128.569,99.8395
001118:999.655,-106.372,136.731,1001.47,-108.795,139.456,999.222,-103.699,139.73,1009.78,-109.438,138.282,1002.91,-95.6235,139.88,1024.86,-107.54,122.824,1000.85,-84.584,127.161,1033.03,-107.986,102.683,976.065,-79.7853,113.729,1015.43,-107.651,91.5551,956.054,-96.8348,111.47,1029.48,-97.5806,78.0245,1010.62,-80.1421,79.6411,1040.46,-105.12,44.2284,983.762,-77.8422,47.591,1069.95,-110.044,8.44675,972.575,-71.0934,14.7753,955.917,-116.542,75.7823,953.401,-119.015,63.6457,952.429,-132.522,62.7246,956.446,-130.134,75.3786,917.062,-127.923,97.1463
001119:1001.22,-106.711,135.785,1003.15,-109.106,138.569,1000.29,-104.027,138.824,1012.09,-109.678,137.565,1004.03,-95.9162,139.133,1029.09,-107.861,122.198,1000.81,-84.5723,126.598,1045.87,-110.181,102.219,971.029,-78.6727,113.386,1034.33,-112.023,91.0091,949.295,-94.9344,110.872,1031.36,-97.1736,77.4352,1010.53,-79.7803,79.1424,1041.3,-104.84,43.9117,982.546,-77.7414,47.383,1070.72,-109.798,8.34084,972.002,-71.1368,14.5885,950.432,-115.99,76.7593,947.41,-118.609,64.6008,947.56,-132.445,63.7767,952.001,-129.873,76.4662,920.29,-127.957,94.4491
001120:998.971,-106.253,135.331,1001.22,-108.701,138.069,998.738,-103.766,138.35,1010.12,-109.284,136.97,1003.04,-95.8021,138.702,1023.81,-106.562,121.92,1000.87,-84.5472,126.651,1028.53,-106.611,102.297,977.907,-79.0883,114.167,1006.48,-106.979,91.7822,959.464,-95.1807,112.552,1025.65,-95.5449,77.7799,1006.89,-78.8413,79.4775,1038.53,-103.647,44.0323,980.322,-77.1815,47.4957,1071.37,-109.425,8.16492,971.079,-71.0615,14.504,941.956,-115.414,78.9331,938.62,-118.227,66.7096,937.952,-132.159,66.0629,942.66,-129.374,78.8355,917.778,-127.342,92.7581
001121:998.01,-106.151,134.895,1001.04,-108.64,137.624,997.247,-103.682,137.907,1012.11,-109.337,136.44,1002.32,-95.8704,138.199,1028.19,-106.562,121.366,999.607,-84.6127,126.294,1035.58,-107.123,102.063,974.478,-78.5525,114.22,1008.12,-107.697,92.3468,956.59,-94.0609,112.807,1027.28,-94.9845,77.2998,1005.64,-78.5364,79.2094,1036.86,-102.811,43.9944,977.969,-77.1088,47.5144,1069.31,-108.365,8.518,971.589,-71.2485,14.4666,935.651,-114.744,81.0183,930.882,-117.733,68.8492,930.911,-131.894,68.4508,936.365,-128.842,81.2075,923.938,-127.327,90.6264
001122:995.124,-106.039,134.837,997.518,-108.497,137.512,995.089,-103.847,137.813,1006.93,-109.009,136.122,999.977,-96.1712,138.022,1018.08,-104.999,121.308,999.145,-85.0641,126.406,1015.91,-103.257,102.436,980.437,-79.0751,114.754,989.879,-103.441,93.1256,961.103,-93.5056,113.964,1019.5,-93.2485,77.6748,1002.71,-77.8898,79.4129,1033.61,-101.923,44.1549,978.085,-77.131,47.4275,1067.36,-107.985,8.83466,969.509,-71.3129,14.6008,928.229,-113.685,84.5775,922.806,-117.11,72.4947,922.878,-131.384,72.4904,929.302,-127.929,85.1401,924.414,-126.683,88.4106
001123:992.343,-105.534,134.568,995.136,-108.088,137.212,991.275,-103.206,137.547,1006.9,-108.952,135.804,996.703,-95.6556,137.723,1024.38,-105.767,120.957,994.987,-84.3842,126.274,1035.85,-105.895,102.316,968.314,-77.2787,115.259,1014.45,-106.473,93.7133,945.369,-91.3831,114.939,1025.46,-93.6845,77.3926,1003.56,-77.6788,79.4314,1034.99,-101.696,44.1061,975.085,-76.6737,47.7282,1069.77,-107.669,8.62164,968.74,-71.4152,14.6408,922.699,-111.803,87.0565,915.051,-114.995,75.3154,915.134,-129.117,75.439,923.618,-125.861,87.7621,923.856,-127.306,91.3583
001124:992.3,-105.484,134.23,995.495,-108.055,136.87,991.052,-103.271,137.199,1006.82,-108.565,135.48,1000.21,-96.5999,137.397,1021.79,-104.571,120.92,997.526,-85.3956,126.265,1043.46,-107.242,102.792,954.047,-75.5014,116.159,1027.43,-110.301,94.8306,917.86,-86.4793,116.377,1013.32,-90.3737,78.2538,1009.29,-78.6658,79.5669,985.595,-91.0498,47.8249,1009,-83.7528,45.1852,985.404,-89.7598,17.3027,1043.8,-85.9932,6.72178,912.008,-109.244,91.4028,903.962,-112.563,79.3372,912.246,-128.006,79.0795,921.665,-124.753,91.8106,914.846,-125.872,96.5023
001125:992.882,-105.211,134.14,996.24,-107.9,136.693,993.14,-103.264,137.111,1004.35,-107.939,135.257,1004.11,-97.0018,137.2,1014.32,-103.122,120.715,1004.46,-86.2969,125.972,1031.66,-105.046,101.849,965.77,-76.9481,115.919,1015.93,-107.943,93.0634,929.017,-88.1205,117.101,1001.24,-87.9354,78.9258,1016.51,-79.6769,79.3403,951.08,-83.9753,50.5722,1046.41,-90.7724,42.4896,920.776,-76.4391,24.2422,1117.86,-100.025,-0.610614,906.595,-106.883,95.6117,896.554,-110.158,84.8913,898.749,-123.899,85.5204,911.047,-120.861,97.0162,896.956,-124.501,103.381
001126:990.016,-105.047,133.903,993.191,-107.756,136.399,989.961,-103.054,136.834,1001.41,-107.893,134.901,1000.55,-96.8531,136.853,1013.5,-103.495,120.46,1000.47,-85.7613,125.881,1038.42,-107.237,102.982,960.694,-74.8914,117.032,1027.23,-110.775,96.1923,924.177,-85.3742,119.07,1001.74,-88.0336,78.9077,1013.05,-78.9691,79.5672,958.032,-84.9792,50.0034,1038.32,-89.0935,43.1161,935.69,-78.7947,22.7083,1101.76,-97.1957,0.937877,901.196,-104.034,99.7271,889.243,-107.127,89.3699,894.102,-120.77,89.9022,908.791,-118.065,100.972,882.082,-123.796,111.057
001127:990.229,-105.25,133.445,992.138,-107.738,135.923,990.787,-103.444,136.318,997.39,-107.3,134.324,998.884,-96.897,136.201,1005.37,-101.89,120.157,1000.27,-85.853,125.398,1023.9,-104.76,104.202,974.976,-76.1074,116.976,1015.2,-109.175,99.1453,944.563,-87.1589,119.783,997.752,-86.6907,78.7321,1009.56,-77.8818,79.2826,965.305,-86.0918,49.2456,1028.78,-87.1223,43.5053,954.242,-82.1362,20.8564,1082.26,-93.388,2.67156,907.522,-102.327,103.452,894.592,-105.377,93.6501,890.519,-117.341,94.7663,906.426,-114.772,105.161,875.46,-124.358,117.971
001128:989.83,-105.45,133.502,991.17,-107.923,135.936,988.405,-103.415,136.353,999.237,-108.181,133.781,992.569,-96.4775,135.845,1013.32,-103.44,119.231,990.689,-84.9536,125.118,1034.26,-105.865,104.096,965.883,-74.627,117.986,1022.73,-109.687,100.437,938.99,-85.0435,121.251,1015.58,-89.1293,77.0586,997.482,-75.3175,79.1084,1032.27,-98.4802,43.7889,974.487,-76.7431,47.3942,1066.49,-103.83,9.57899,967.749,-72.1617,14.4564,898.584,-96.298,109.011,882.174,-98.6037,100.701,866.141,-107.811,102.231,884.254,-105.716,110.94,869.068,-124.953,124.128
001362:191.398,-68.4824,0.702089
