000586:1054.57,18.5646,152.201,1055.76,14.9653,155.274,1057.05,20.9764,155.15,1060.23,7.52027,152.14,1061.4,23.1526,151.664,1062.8,-2.12003,133.164,1068.81,27.0701,132.255,1059.9,-9.81188,109.016,1073.32,38.0543,111.085,1049.9,-5.96163,89.9856,1060.6,50.7441,101.848,1069.34,-0.0227098,83.2724,1067.89,21.2402,82.7598,1072.68,-7.58524,48.2329,1054.33,25.3633,49.252,1097.88,-18.8308,10.9832,1058.23,28.8621,13.9888,1028.13,79.906,116.785,1023.83,83.5461,128.343,1012.52,95.8542,128.739,1018.27,92.0441,116.985,0,0,0
000587:1054.41,19.083,151.796,1055.25,15.48,154.876,1056.86,21.5072,154.718,1059.07,7.93399,151.659,1060.5,23.6245,151.154,1062.09,-1.87501,132.53,1068.21,27.4915,131.582,1060.58,-9.85064,108.502,1074.02,38.8595,110.57,1048.29,-5.73969,89.791,1063.11,51.9086,101.812,1070.63,0.102769,82.3578,1069.51,21.5684,81.8134,1072.05,-7.52272,47.8116,1053.91,25.8953,48.8179,1097.54,-18.6684,10.9318,1057.56,29.4294,14.059,1027.12,80.7296,117.336,1020.77,84.0199,129.023,1008.86,96.3326,129.738,1016.51,92.9323,117.875,0,0,0
000588:1053.51,19.3667,151.329,1054.17,15.8229,154.412,1055.83,21.8612,154.254,1056.66,8.46203,151.357,1058.28,24.1135,150.772,1058.61,-1.33383,132.556,1064.99,27.9337,131.476,1056.41,-9.48291,108.726,1072.49,38.8895,110.3,1050.39,-6.10539,89.9018,1065.17,51.4951,101.291,1066.94,0.461128,82.8296,1066.24,21.8315,82.2128,1070.1,-7.29193,48.1802,1054.45,26.0939,48.984,1094.81,-18.1712,11.3901,1057.93,30.0894,14.0863,1026.45,81.2424,118.017,1020.35,84.6353,129.987,1007.85,97.1238,130.813,1015.42,93.6172,118.698,0,0,0
000589:1052.11,19.7914,151.216,1052.77,16.234,154.281,1055.12,22.2173,154.098,1056.07,8.80869,151.079,1059.51,24.2214,150.518,1057.88,-0.878719,132.216,1068.19,27.8221,131.147,1052.86,-8.74726,108.13,1073.73,39.059,110.033,1046.64,-6.2688,88.4137,1058.5,52.7049,101.379,1068.11,0.788235,82.6999,1069.84,21.837,81.9837,1069.96,-6.85369,48.0394,1055.45,26.2629,48.8047,1097.05,-18.2243,10.9167,1057.36,30.3557,13.9304,1024.42,81.8719,119.038,1017.85,84.9101,131.172,1006.34,97.547,132.299,1014.71,94.3916,119.971,0,0,0
000590:0,0,0,0,0,0,0,0,0,0,0,0,0,0,0,0,0,0,0,0,0,0,0,0,0,0,0,0,0,0,0,0,0,0,0,0,0,0,0,0,0,0,0,0,0,0,0,0,0,0,0,0,0,0,0,0,0,0,0,0,0,0,0,0,0,0
000591:1053.83,21.0548,150.36,1055.49,17.5899,153.381,1054.19,23.3032,153.341,1060.45,10.4271,150.438,1058.69,25.6226,149.935,1059.12,0.362297,131.83,1066.84,29.5299,130.188,1055.21,-7.84566,108.291,1073.04,40.7503,109.443,1041.09,-5.24523,89.0616,1058.93,53.5907,101.225,1063.17,1.54283,82.4058,1062.06,22.6759,81.6355,1067.08,-6.57353,47.8492,1050.36,26.8999,48.7777,1096.43,-18.1389,10.8926,1059.63,31.3655,13.6274,1026.34,83.2261,120.349,1020.81,86.187,132.316,1007.71,98.8351,133.547,1014.7,95.6864,121.278,0,0,0
000592:1054.94,21.4074,150.216,1056.57,17.8886,153.202,1055.08,23.5836,153.187,1060.69,10.5282,150.121,1058.91,25.7168,149.671,1058.79,0.424862,131.363,1065.6,29.5523,129.776,1054.1,-7.57372,107.812,1070.09,41.2576,109.354,1042.72,-4.50536,88.4771,1054.35,55.0017,101.573,1062.25,1.58351,81.971,1060.84,22.7225,81.2541,1067.1,-6.47229,47.5964,1049.81,27.2884,48.6353,1095.85,-18.1315,10.8609,1057.66,31.7947,13.9011,1024.36,83.7616,121.068,1019.73,86.317,133.032,1006.53,98.9001,134.562,1012.81,96.1448,122.266,0,0,0
000593:1053.53,21.9519,150.02,1055.1,18.4529,153.023,1053.75,24.1547,153.001,1059.98,11.1659,150.063,1058.41,26.341,149.549,1060.2,0.99279,131.473,1066.58,30.1087,129.773,1057.96,-7.39792,107.966,1072.53,41.4195,109.092,1045.33,-4.70186,88.9337,1057.28,54.7091,101.311,1064.74,2.11413,82.0989,1063.4,23.2952,81.3591,1067.3,-5.97068,47.6893,1050.48,27.864,48.6801,1095.81,-18.08,10.7296,1059.32,32.2402,13.6168,1024.83,84.4048,121.821,1020.34,87.0198,134.116,1007.21,99.8339,135.744,1013.26,97.0073,123.148,0,0,0
000594:1052.49,22.5683,150.122,1054.38,19.101,153.159,1052.93,24.8138,153.08,1060.22,11.9297,150.286,1058.61,27.071,149.707,1060.46,1.79597,131.849,1066.41,30.8936,130.03,1057.16,-6.50371,108.32,1069.26,42.1498,109.266,1042.29,-4.30222,89.1636,1048.35,55.3788,101.463,1064.24,2.73473,82.4988,1062.59,23.8774,81.6804,1067.28,-5.64458,47.8365,1049.13,28.173,48.7929,1096.47,-17.8556,10.6711,1058.86,32.6671,13.3732,1022.4,84.8663,122.312,1020.75,87.4829,134.619,1008.39,100.31,136.383,1011.78,97.4517,123.773,0,0,0
000595:1051.33,23.1339,150.137,1052.93,19.6455,153.143,1051.78,25.3519,153.07,1058.08,12.3831,150.131,1057.77,27.5484,149.556,1057.6,2.16017,131.538,1066.28,31.163,129.684,1053.84,-6.50941,108.049,1070.22,42.2606,109.09,1044.1,-4.67455,88.4442,1050.41,55.1666,102.078,1061.3,3.06767,81.953,1061.67,24.2348,81.0306,1064.48,-5.42181,47.489,1049.51,28.667,48.236,1095.27,-17.9079,10.4478,1059.84,33.1797,13.007,1024.72,85.3048,123.525,1022.2,87.8281,136.075,1009.86,100.822,137.906,1014.54,98.1238,125.065,0,0,0
000596:1052.83,23.6538,150.3,1053.42,20.0874,153.34,1052.89,25.9599,153.17,1054.6,12.7141,150.301,1054.49,28.1162,149.855,1055.8,2.93376,131.948,1061.02,31.9215,130.579,1054.7,-5.6501,108.394,1067.64,43.1182,109.927,1048.82,-4.26146,88.9473,1058.92,56.3285,102.221,1062.89,4.29083,82.5084,1061.7,25.5352,81.6658,1067.67,-4.74881,47.7712,1050.62,29.3036,48.3317,1097.82,-17.2205,10.3559,1059.73,33.7494,12.6766,1026.01,85.5406,124.193,1021.32,87.7659,137,1009.21,100.89,139.406,1017.07,98.6481,126.275,0,0,0
000597:1051.95,24.3316,150.266,1052.73,20.7833,153.334,1051.79,26.6181,153.133,1054.33,13.3796,150.39,1053.53,28.7668,149.916,1055.99,3.42182,132.164,1059.78,32.5338,130.816,1055.52,-5.4509,108.482,1064.1,43.7498,110.334,1048.09,-4.44831,88.8068,1053.08,56.9594,102.872,1063.38,4.67782,82.7914,1061.29,25.946,81.9923,1068.11,-4.3426,47.9758,1050.78,29.7302,48.532,1096.92,-16.8726,10.5618,1061.43,34.0846,12.6362,1023.26,85.8442,125.249,1020.16,87.9973,138.006,1008.25,101.111,140.515,1014.3,98.8718,127.436,0,0,0
000598:1051.25,24.8417,150.532,1052.03,21.2901,153.547,1051.47,27.2021,153.4,1053.67,13.9492,150.391,1053.62,29.5108,149.932,1054.89,4.15645,131.958,1060.59,33.3716,130.532,1051.75,-4.73309,108.545,1066.01,44.4897,110.045,1042.23,-3.45999,89.3804,1056.9,57.1702,103.259,1062.7,5.4355,82.4169,1061.64,26.8438,81.445,1068.17,-3.93588,47.5146,1051.22,30.3297,47.9652,1097.97,-17.0266,10.0821,1059.72,34.1577,12.2391,1024.49,86.1593,126.602,1020.5,88.1336,139.725,1009.64,101.498,142.416,1017.05,99.502,128.976,0,0,0
000599:1051.13,25.6122,150.746,1051.94,22.068,153.751,1050.9,27.989,153.586,1053.1,14.7187,150.581,1052.13,30.2763,150.082,1054.97,4.86616,132.14,1058.13,34.0877,130.6,1053.08,-4.40117,108.936,1062.27,45.2129,110.301,1044.83,-3.4617,89.8792,1052.95,57.9875,103.873,1063.96,5.99616,82.2661,1061.45,27.424,81.284,1070.36,-3.58593,47.3862,1050.82,30.8265,47.919,1098.32,-17.0609,10.2528,1057.39,34.2832,12.6259,1022.76,86.5256,128.017,1020.76,88.2432,141.283,1010.3,101.638,144.33,1015.6,99.8945,130.777,0,0,0
000600:1049.93,26.1486,151.008,1050.74,22.6065,154.008,1050.16,28.5198,153.816,1052.03,15.2385,150.754,1052.46,30.7805,150.244,1053.73,5.45233,132.253,1059.36,34.5696,130.676,1049.61,-3.90392,109.132,1063.52,45.9589,110.623,1043.11,-3.6669,89.6285,1052.17,59.1067,104.866,1062.95,6.55636,82.2673,1062.37,27.9113,81.1285,1067.83,-3.16299,47.4886,1051.56,31.1445,47.7181,1095.68,-16.7103,10.4836,1056.74,34.524,12.5582,1023.24,87.0876,129.4,1021.14,88.3616,142.535,1012.83,101.623,145.918,1018.49,100.366,132.462,0,0,0
000601:1048.59,26.8595,151.077,1049.51,23.3325,154.065,1048.9,29.2452,153.875,1051.26,16.0045,150.749,1051.59,31.5477,150.248,1053.84,6.2512,132.184,1058.23,35.4083,130.626,1051.65,-3.17938,109.048,1057.39,46.7765,110.929,1046.05,-2.98921,89.4129,1041.58,59.5728,105.937,1064.25,7.35191,82.1219,1062.74,28.7584,80.9594,1070.73,-2.6687,47.2,1050.93,31.7967,47.6009,1098.48,-16.7747,10.2106,1054.8,34.7135,12.5922,1019.09,87.2111,130.831,1019.17,88.2149,143.986,1012.73,101.501,147.671,1016.09,100.492,134.184,0,0,0
000602:1049.1,27.5339,151.461,1049.86,24.0304,154.488,1049.35,29.9699,154.288,1051.05,16.7668,151.317,1051.96,32.4082,150.79,1053.44,6.92534,132.821,1058.95,36.3477,131.272,1051.56,-2.90621,109.395,1060.75,47.657,111.418,1046.56,-3.09888,89.2687,1047.84,60.1148,106.368,1063.36,7.89916,82.7053,1062.58,29.4073,81.4667,1069.66,-2.15332,47.5423,1051.45,32.2445,47.7515,1097.57,-16.5982,10.2337,1054.6,34.7387,12.4798,1020.51,87.2254,131.957,1017.66,88.1291,145.28,1010.06,101.405,149.029,1016.37,100.498,135.41,0,0,0
000603:1049.4,28.0252,151.854,1050.24,24.5046,154.825,1049.52,30.4552,154.615,1050.97,17.2349,151.367,1051.21,32.8284,150.862,1053.64,7.54405,132.648,1056.58,36.6667,131.088,1052.75,-2.37033,109.197,1056.31,48.0242,111.462,1052.31,-3.48556,88.4281,1043.47,60.6182,106.938,1062.94,8.5573,82.4212,1061.22,29.896,81.1452,1069.66,-1.67857,47.3502,1050.6,32.4794,47.5463,1095.97,-16.3659,10.4873,1054.69,34.7798,12.4274,1020.19,87.2169,133.09,1019.15,87.8552,146.49,1013.42,101.165,150.513,1018.21,100.537,136.808,0,0,0
000604:1048.28,28.661,152.213,1049.35,25.1189,155.155,1048.95,31.0613,154.967,1050.75,17.8191,151.629,1052.18,33.4261,151.177,1052.43,8.22317,132.889,1058.81,37.3311,131.28,1048.2,-1.5533,109.661,1059.79,48.9266,111.756,1041.52,-2.12666,89.5658,1047.78,61.7566,107.688,1060.38,9.31044,82.7187,1059.91,30.6287,81.3342,1067.94,-1.10168,47.6661,1048.79,33.0986,47.8233,1098.1,-16.3445,10.5901,1054.39,34.9271,12.6844,1021.05,87.7837,134.961,1018.85,88.0402,148.564,1012.04,101.357,152.895,1018.22,101.114,139.01,0,0,0
000605:1047.63,29.2113,152.525,1048.51,25.6818,155.471,1048.38,31.6249,155.273,1049.34,18.4252,151.96,1051.8,34.0285,151.468,1050.33,8.86901,133.308,1058.78,37.9434,131.55,1046.23,-1.1041,110.424,1058.67,49.6433,112.255,1043.27,-2.00348,90.7378,1042.55,62.566,108.841,1059.5,9.8378,82.9753,1060.67,31.1153,81.4493,1066.57,-0.641107,47.7162,1049.97,33.5245,47.6521,1096.47,-15.9446,10.4368,1053.92,35.3911,12.4463,1017.98,88.1495,137.216,1016.45,88.0575,150.846,1009.74,101.283,155.589,1015.1,101.395,141.684,0,0,0
000606:1047.98,29.719,153.079,1049.34,26.1717,156.033,1049.04,32.1455,155.808,1051.09,18.927,152.481,1053.11,34.5887,152.004,1051.99,9.39069,133.783,1059.57,38.5061,132.001,1044.73,-0.556641,110.689,1059.65,50.0562,112.443,1037.17,-1.59615,90.7326,1043.99,62.8735,108.985,1058.51,10.4656,83.3387,1059.24,31.6816,81.8022,1065.15,0.0192188,48.0454,1048.66,33.8346,47.9394,1096.66,-15.3889,10.7314,1054.43,35.4011,12.6493,1016.58,88.0918,139.185,1014.95,87.8566,153.082,1009.18,101.241,158.026,1014.97,101.501,143.866,0,0,0
000607:1047.58,30.1154,153.581,1049.16,26.5717,156.509,1048.64,32.5392,156.306,1051.28,19.3703,152.844,1052.22,35.0907,152.403,1052.94,9.8934,134.049,1057.56,39.1682,132.368,1044.68,-0.164857,111.061,1056.86,50.8378,113.115,1031.67,-1.16399,91.6323,1042.16,63.4425,110.287,1059.03,11.1546,83.7428,1058.36,32.4419,82.2266,1064.92,0.588502,48.4465,1048.54,34.285,48.2829,1094.76,-14.8711,11.3111,1055.67,35.5226,12.8056,1018.76,88.4409,141.437,1017.49,87.8398,155.48,1012.07,101.275,160.8,1017.7,101.902,146.483,0,0,0
000608:1048.31,30.788,153.903,1049.83,27.2306,156.84,1049.42,33.2142,156.613,1051.19,20.0379,153.163,1052.52,35.748,152.729,1051.51,10.6632,134.357,1057.06,39.7847,132.687,1040.86,0.653816,111.376,1057.09,51.4389,113.65,1027.05,-0.609684,91.7196,1043.01,63.8885,111.272,1057.35,11.8884,83.7616,1057.31,33.0615,82.1863,1063.89,1.18047,48.3227,1048.51,34.705,48.0132,1095.19,-14.4815,11.0824,1057.42,35.8019,12.3465,1021.04,88.2861,142.824,1021.12,87.4969,156.892,1016.74,100.841,162.42,1020.95,101.648,148.101,0,0,0
000609:1046.23,31.3467,154.346,1047.84,27.7657,157.286,1047.35,33.7577,157.068,1050.06,20.5254,153.633,1050.76,36.2589,153.211,1052.05,11.1506,134.843,1055.24,40.3476,133.236,1043.96,1.0676,111.81,1053.42,52.0253,114.458,1027.66,-0.0103181,92.3816,1040.37,64.4287,112.502,1057.96,12.5916,84.1008,1056.33,33.7506,82.6055,1065.59,1.88938,48.4437,1048.28,35.1517,48.2679,1097.78,-13.8064,11.0561,1058.69,35.9679,12.4225,1021.63,88.3877,144.569,1022,87.2947,158.571,1019.19,100.519,164.359,1023.06,101.639,150.089,0,0,0
000610:1045.31,31.8789,154.861,1047.16,28.2929,157.792,1046.69,34.2448,157.578,1049.78,21.0875,154.115,1050.94,36.703,153.732,1051.57,11.8425,135.357,1056.09,40.9025,133.742,1041.94,1.93813,112.329,1053.26,52.7374,115.017,1024.21,0.65372,92.9455,1037.9,65.5486,113.164,1057.8,13.4847,84.8117,1057.25,34.4038,83.2842,1064.47,3.15978,49.0916,1049.62,35.6129,48.7468,1094.93,-12.6514,11.7228,1059.78,35.843,12.8474,1020.42,88.5287,145.997,1020.56,86.8697,159.919,1019.69,99.9518,166.231,1023.72,101.623,151.997,0,0,0
000611:1045.57,32.2729,155.367,1047.25,28.704,158.281,1046.79,34.6753,158.077,1049.89,21.5948,154.483,1050.38,37.3367,154.094,1052.05,12.3846,135.633,1054.99,41.6883,134.09,1042.02,2.3888,112.719,1053.68,53.7794,115.782,1021.67,1.21234,93.813,1041.73,66.332,114.8,1057.51,13.9068,85.0389,1055.93,34.8845,83.5038,1063.85,3.57458,49.1945,1048.41,35.7255,48.8195,1091.03,-11.663,12.1042,1057.78,35.9172,12.9464,1021.66,88.3486,148.323,1021.86,86.3885,162.191,1019.7,99.2566,168.766,1023.51,101.254,154.592,0,0,0
000612:1045.6,32.9446,155.864,1046.94,29.3845,158.767,1046.64,35.3415,158.551,1048.25,22.3986,155,1049.92,37.9554,154.624,1049.03,13.3615,136.323,1055.65,42.2482,134.674,1037.04,3.19345,113.376,1056.1,54.0708,116.22,1019.7,0.677714,93.7215,1043.62,66.8075,115.179,1057.61,14.9968,85.7118,1058.46,35.5864,84.0737,1062.76,4.97924,49.7171,1051.05,36.2218,49.0654,1090.71,-10.7685,12.3593,1058.14,35.8601,13.3143,1021.25,88.335,150.327,1021.04,85.94,164.227,1019.63,98.6488,171.323,1023.72,101.083,157.133,0,0,0
000613:1044.12,33.6092,156.25,1045.56,30.0337,159.19,1045.42,35.9836,158.921,1048.1,22.9736,155.53,1050.09,38.5674,155.112,1050.57,13.7447,136.776,1057.59,42.8906,135.155,1038.31,3.49163,113.454,1058.8,54.8998,116.663,1019.03,0.918226,93.3155,1045.86,67.7816,115.687,1059.49,15.4311,85.755,1060.33,36.0431,84.1584,1063.77,5.6222,49.6858,1052.31,36.48,48.9955,1089.19,-9.57787,12.5021,1058.04,35.9684,13.4195,1022.62,88.1229,152.064,1023,85.227,165.94,1021.38,97.6523,173.542,1024.64,100.572,159.37,0,0,0
000614:1043.6,34.0262,156.642,1045.09,30.4457,159.689,1042.23,36.7392,159.459,1047.47,23.4801,155.878,1047.59,39.3719,155.457,1048.76,14.5287,136.915,1055,43.6935,135.854,1043.84,3.4974,113.369,1054.84,55.7763,116.877,1022.24,1.20041,93.5859,1040.3,68.1325,115.647,1054.9,16.4476,86.3132,1055.68,37.026,84.6452,1058.91,6.56433,50.3704,1046.55,37.1924,49.3089,1086.48,-8.37791,13.0727,1058.63,36.1316,13.1478,1021.71,87.7389,153.027,1020.42,84.7413,167.202,1016.46,97.2178,175.467,1016.66,100.587,160.877,0,0,0
000615:1042.6,34.499,157.569,1044,30.8998,160.474,1044.16,36.8691,160.206,1046.35,23.8685,156.502,1048.48,39.525,156.109,1048.58,14.7718,137.335,1054.79,43.8728,135.834,1036.5,4.48252,113.914,1056.24,55.999,117.662,1017.59,1.69509,93.809,1044.08,68.1881,117.711,1055.26,16.7227,86.0029,1056.1,37.1862,84.4061,1059.69,7.0983,49.8923,1049.69,36.9882,49.0976,1086.27,-7.32367,12.8181,1059.14,36.2811,13.3478,1020.45,87.4267,155.143,1021.62,84.0986,169.029,1019.33,96.2394,177.034,1022.1,99.6264,162.897,0,0,0
000616:1040.06,35.0147,158.05,1041.67,31.3753,161.066,1039.24,37.6747,160.845,1045.2,24.3123,156.998,1045.78,40.1984,156.655,1046.45,15.5406,137.711,1053.86,44.5877,136.799,1039.86,4.86378,113.946,1052.88,57.1139,118.21,1017.7,2.96094,94.2108,1038.27,69.7704,118.105,1051.56,17.8086,86.7712,1052.77,38.1496,85.1657,1057.37,8.45093,50.5942,1046.56,37.9128,49.4789,1085.95,-6.00653,13.2127,1061.82,36.2449,13.2018,1019.54,87.3289,156.66,1019.74,83.456,170.519,1017.49,95.4237,179.547,1016.36,99.7079,165.2,0,0,0
000617:1041.87,35.4582,158.587,1043.29,31.8645,161.635,1041.08,38.1633,161.339,1046.61,24.8831,157.692,1047.06,40.8475,157.232,1047.38,15.9041,138.551,1053.54,45.2195,137.547,1039.82,4.80631,114.859,1052.75,57.4481,118.786,1014.31,2.39864,95.2729,1038.79,69.4514,118.626,1050.88,18.0691,87.5901,1051.47,38.396,86.0078,1056.35,9.02981,51.2413,1044.56,37.9305,50.1959,1086.05,-4.53214,13.6463,1060.2,36.5399,13.8158,1021.04,86.6378,158.744,1022.15,82.5921,172.689,1020.02,94.5164,182.021,1018.36,98.9391,167.589,0,0,0
000618:1041.4,35.9077,158.912,1042.79,32.3043,161.948,1040.29,38.6306,161.641,1046.43,25.3805,157.965,1046.24,41.4131,157.497,1048.21,16.4109,138.708,1053.69,45.9756,137.726,1041.02,5.13658,114.974,1055.82,58.5269,118.953,1013.06,2.6172,95.5828,1046.23,70.555,119.014,1052.5,18.7401,87.5909,1052.36,39.0794,86.038,1057.17,9.95398,51.1779,1045.42,38.2855,50.108,1085.22,-3.12694,13.6726,1060.89,36.6084,13.7809,1023,86.4528,160.273,1023.66,81.8794,174.168,1019.21,93.4453,183.981,1017.97,98.3887,169.607,0,0,0
000619:1041.81,36.3897,159.798,1043.2,32.7746,162.835,1041.11,39.1273,162.507,1047.03,25.8612,158.729,1047.3,41.95,158.26,1047.99,16.9745,139.282,1053.73,46.5295,138.326,1038.23,5.91041,115.376,1056.35,59.1358,119.472,1009.66,3.43492,95.8664,1047.94,71.0343,119.844,1049.51,19.3454,88.0327,1049.66,39.5835,86.4702,1055.12,10.7947,51.4935,1044.85,38.5768,50.3195,1082.55,-1.76147,14.0699,1061.68,36.8529,13.8986,1023.59,86.0667,162.182,1024.3,81.0797,176.061,1019.75,92.4566,186.263,1018.75,97.8393,171.895,0,0,0
000620:1040.16,36.885,160.16,1041.69,33.2688,163.225,1039.52,39.6147,162.855,1046.46,26.3503,159.255,1046.36,42.4071,158.732,1047.37,17.3278,139.915,1053.27,46.9501,138.848,1036.03,6.17438,116.148,1054.99,59.4818,119.994,1003.63,3.97623,97.1097,1046.34,71.233,120.362,1048.8,19.6704,88.3441,1048.38,39.8107,86.8676,1055.95,11.5512,51.5748,1044.31,38.766,50.5616,1083.4,-0.386932,14.061,1061.2,37.0803,14.2939,1023.45,85.2695,163.487,1025.38,80.0769,177.34,1021.5,91.2771,187.81,1019.07,96.8325,173.464,0,0,0
000621:1039.52,37.345,160.916,1040.48,33.7316,163.967,1038.51,40.0759,163.557,1043.74,26.853,159.861,1044.14,42.9026,159.313,1044.19,17.9368,140.434,1051.18,47.5026,139.407,1035.04,6.64997,116.585,1053.73,60.2356,120.452,1010.09,3.46373,97.1065,1048.2,72.1224,120.623,1047.66,20.4967,88.9474,1048.44,40.5085,87.3894,1055.16,12.5012,52.0502,1046.59,39.0076,50.7694,1081.73,1.21798,14.6094,1063.92,37.4948,14.2685,1027.42,84.8737,165.097,1029.29,79.2061,178.838,1026.64,90.128,189.83,1024.31,96.1785,175.556,0,0,0
000622:1041.09,37.9471,161.615,1042.24,34.3113,164.663,1040.38,40.6661,164.267,1045.69,27.3666,160.505,1046.09,43.5073,159.935,1046.3,18.3568,141.013,1052.03,48.131,140.037,1036.81,7.33071,117.192,1052.18,60.6365,121.315,1009.18,5.21528,98.5877,1040.37,71.5488,122.414,1049.32,21.0881,89.3974,1050.17,41.1325,87.9035,1053.39,13.6147,52.3335,1046.19,39.3468,51.0587,1079.71,3.00231,14.6266,1064.22,37.6297,14.2508,1026.51,84.0194,166.884,1030.53,78.1633,180.634,1029.93,89.0047,191.859,1025.59,95.2321,177.524,0,0,0
000623:1040.32,38.3454,162.406,1041.55,34.7026,165.475,1039.39,41.0701,165.031,1046.02,27.7835,161.28,1045.86,43.9643,160.693,1048.16,18.7845,141.551,1052.79,48.6996,140.616,1039.27,7.57032,117.463,1052.44,61.5222,121.724,1009.25,4.86352,98.6069,1043.23,72.6077,122.551,1051.58,21.6984,89.4539,1051.24,41.7467,88.0447,1055.13,14.4487,52.229,1046.79,39.7564,51.0534,1076.52,4.51674,14.8874,1061.63,38.0921,14.5085,1027.23,83.4526,168.058,1030.91,77.1254,181.727,1030.32,87.6776,193.414,1026.18,94.3748,179.171,0,0,0
000624:1038.71,38.8142,162.945,1040.26,35.1279,165.995,1037.92,41.5314,165.586,1045.58,28.1673,161.718,1044.64,44.4158,161.181,1048.21,19.1502,141.902,1051.37,49.2876,141.097,1039.69,8.07336,117.794,1046.81,62.3536,122.75,1008.77,6.01703,99.3262,1032.33,73.1721,124.542,1052.31,22.3273,89.6217,1051.15,42.4074,88.3586,1057.23,15.5711,52.1655,1047.56,40.4439,51.2013,1077.29,6.02545,14.7546,1062.57,38.5147,14.7291,1025.11,83.0543,169.646,1031.16,76.3534,182.932,1033.4,86.464,195.008,1026.78,93.5391,181.083,0,0,0
000625:1039.05,39.1796,163.356,1040.28,35.5198,166.4,1038.33,41.9121,166.021,1045.07,28.6612,162.197,1044.63,44.8876,161.658,1047.56,19.6599,142.464,1051.36,49.8295,141.678,1039.92,8.62524,118.351,1052.56,62.7393,123.124,1012.55,6.80647,100.139,1044.26,73.1998,124.787,1049.17,22.8738,90.33,1048.78,42.8191,89.1183,1053.94,16.7157,52.6787,1047.5,40.8881,51.6044,1073.47,7.73742,15.1032,1064.05,38.9671,14.8045,1028.1,82.259,170.889,1030.61,75.2838,184.17,1028.85,85.1711,196.286,1026.12,92.5037,182.436,0,0,0
000626:1039.59,39.7052,163.83,1041.08,36.0067,166.879,1038.92,42.4271,166.487,1046.22,29.0636,162.698,1045.22,45.335,162.16,1048,19.8531,142.851,1051.02,50.3232,142.288,1036.93,8.26776,118.647,1050.31,63.6045,124.335,1005.29,5.74319,100.04,1041.34,74.0976,126.72,1048.43,23.4034,90.5535,1047.61,43.3764,89.5207,1053.25,17.7416,52.9033,1046.64,41.48,51.9641,1072.13,9.3298,15.3697,1062.78,39.4133,15.3624,1029.08,82.0325,172.617,1032.15,74.6698,185.528,1032.42,84.141,197.94,1029.17,91.8492,184.435,0,0,0
000627:1039.87,40.396,164.528,1040.98,36.6619,167.541,1039,43.0718,167.191,1044.99,29.5782,163.244,1044.54,45.8266,162.701,1046.45,20.2554,143.26,1050.4,50.7781,142.774,1037.9,8.54485,119.085,1050.87,64.3491,125.18,1014.21,6.2193,100.587,1041.06,74.788,128.404,1047.69,24.0486,90.9634,1047.92,43.9893,89.965,1052.39,18.8857,53.1187,1047.92,42.0414,52.1421,1073.01,10.6928,15.1374,1063.24,39.6354,15.4122,1030.5,81.7272,173.908,1033.57,73.8653,186.577,1034.2,82.9438,199.337,1031.06,91.1728,186.046,0,0,0
000628:1037.9,40.8579,164.894,1039.12,37.1151,167.9,1037.46,43.5351,167.571,1043.8,30.0646,163.627,1043.95,46.3128,163.124,1044.73,20.7654,143.698,1050.6,51.3451,143.259,1034.14,9.05123,119.714,1049.04,65.1127,126.088,1007.09,6.87392,101.721,1036.55,75.4916,129.842,1046.36,24.5685,91.178,1047.47,44.4671,90.2243,1051.43,19.7692,53.0771,1047.74,42.6408,52.1269,1070.08,11.7753,15.0406,1061.86,40.2049,15.4125,1028.34,81.0365,175.004,1032.54,72.9083,187.301,1034.86,81.5667,200.293,1030.31,90.0557,187.349,0,0,0
000629:1038.53,41.2675,165.332,1039.56,37.494,168.298,1038.11,43.9065,168.023,1044.34,30.3265,163.947,1045.3,46.5374,163.485,1045.82,20.8958,143.854,1052.94,51.5721,143.714,1036.2,8.85105,119.762,1053.62,65.5895,127.152,1012.45,6.32641,101.37,1040.69,75.6155,131.963,1046.34,25.2455,91.572,1048.42,45.0944,90.7836,1049.3,21.0019,53.74,1049.48,43.3899,52.7392,1064.33,13.4038,16.1183,1062.32,40.7251,16.262,1033.09,80.7471,176.114,1037.22,72.4308,188.109,1036.84,80.6113,201.017,1032.55,89.2633,188.394,0,0,0
000630:1039.69,41.5713,165.898,1040.35,37.782,168.853,1039.39,44.2235,168.639,1043.94,30.6834,164.53,1045.15,46.9972,164.147,1044.29,21.3194,144.425,1051.35,52.3375,144.446,1036.63,9.47964,120.01,1051.49,66.3514,127.652,1019.11,7.2702,101.507,1041.14,76.019,132.082,1044.05,26.0289,92.2562,1046.22,45.9512,91.5635,1048.4,22.2805,53.9481,1048.43,44.2727,53.0733,1064.46,14.9815,15.7823,1061.46,41.4697,16.1295,1033.9,80.1119,176.989,1037.34,71.3992,188.799,1037.83,79.3333,202.093,1034.43,88.3783,189.631,0,0,0
000631:1039.56,42.1464,166.405,1039.96,38.3391,169.331,1038.86,44.7465,169.152,1042.79,31.1841,164.979,1044.16,47.3546,164.627,1042.99,21.8514,144.861,1050.84,52.6113,145.057,1034.6,9.96052,120.605,1054.04,66.7338,128.713,1016.95,7.51445,102.287,1043.63,76.3739,133.663,1045.04,26.859,92.7197,1047.64,46.6284,92.1642,1048.71,23.4444,54.3998,1048.26,45.1213,53.7122,1064.21,16.2005,16.1654,1059.38,42.3226,16.9364,1035.67,79.7379,178.26,1038.06,70.7405,189.769,1037.91,78.2216,203.13,1035.47,87.5545,190.989,0,0,0
000632:1039.35,42.477,166.662,1039.36,38.6255,169.588,1038.41,45.0733,169.436,1040.91,31.3421,165.265,1042.36,47.6014,164.919,1040.8,21.8844,145.054,1048.54,52.9141,145.3,1033.51,10.0943,120.712,1051.5,67.2127,128.994,1021.08,8.41385,102.445,1042.11,76.6538,134.127,1044.5,27.0507,92.5698,1047.58,46.9966,92.1208,1048.51,24.125,54.2069,1050.17,45.8762,53.5127,1062.52,17.4156,16.0018,1059.38,43.1976,16.972,1037.98,79.3266,178.609,1040.8,69.9013,189.882,1041.42,77.0013,203.619,1038.68,86.7686,191.702,0,0,0
000633:1038.03,42.7389,166.755,1038.08,38.9258,169.65,1037.3,45.3414,169.515,1040.22,31.8432,165.262,1041.39,48.0392,164.984,1039.48,22.6048,145.13,1047.5,53.5574,145.601,1028.79,10.9728,121.151,1052.82,68.1867,130.025,1010.95,9.13787,103.55,1046.22,77.1664,136.115,1041.65,27.8751,93.1152,1044.11,47.6522,92.7192,1047.28,25.054,54.6615,1047.2,46.3473,54.1179,1061.25,18.9148,16.5121,1056.39,43.9633,17.5568,1040.49,78.7791,179.903,1044.48,69.2718,190.759,1043.37,75.8331,204.459,1039.4,85.6607,192.968,0,0,0
000634:1037.42,43.3545,166.87,1037.43,39.549,169.77,1036.58,45.966,169.599,1039.95,32.4278,165.454,1041.02,48.5082,165.091,1040.56,22.8983,145.285,1047.48,53.818,145.728,1030.66,10.3424,121.516,1051.78,68.5064,130.49,1010.96,7.33292,103.702,1043.39,77.6211,136.846,1043.47,28.151,92.8768,1045.76,47.8696,92.6382,1047.28,25.8477,54.5349,1048.53,47.0077,54.0271,1060.82,19.8807,16.3392,1058.55,44.733,17.5653,1040.64,78.4806,180.195,1045.08,68.6602,190.799,1044.14,74.8751,204.742,1039.77,85.0083,193.518,0,0,0
000635:1036.79,43.6841,167.181,1037.15,39.8612,170.071,1036.17,46.2593,169.933,1040.29,32.7404,165.716,1041.12,48.744,165.434,1039.08,23.4519,145.552,1047.51,54.0671,146.102,1025.45,11.5836,121.872,1050.88,68.7768,131.039,1004.1,9.27126,104.517,1042.66,77.8262,137.567,1040.15,28.8524,93.165,1042.65,48.3735,93.0137,1045.81,26.7689,54.7879,1046.66,47.713,54.414,1058.33,21.181,16.7809,1056.97,45.7715,18.0815,1040.89,78.0638,180.622,1046.23,68.0549,190.852,1047.34,73.8328,204.95,1041.59,84.1747,194.078,0,0,0
000636:1037.43,44.0402,167.35,1037.53,40.2251,170.207,1036.74,46.6262,170.089,1040.64,33.1036,165.803,1041.76,49.1173,165.514,1041.27,23.6647,145.523,1048.25,54.5024,146.289,1029.73,11.3421,121.737,1054.61,69.4399,131.375,1008.22,8.36131,104.157,1047.4,78.1365,138.104,1042.03,29.3953,93.4403,1044.25,49.0189,93.427,1045.11,27.5965,55.2382,1047.63,48.5723,54.9026,1057.67,22.3531,17.2111,1058.59,46.9565,18.3828,1043.16,77.4332,181.3,1047.17,67.1775,191.366,1046.14,72.6662,205.545,1042.26,83.2337,194.858,0,0,0
000637:1037.85,44.5765,167.43,1037.63,40.7788,170.299,1036.68,47.1669,170.193,1040.09,33.686,165.993,1040.92,49.7029,165.684,1041.95,24.1755,145.858,1047.44,55.1935,146.728,1037.98,11.8791,121.919,1050.99,70.0509,131.947,1026.82,9.13442,104.243,1043.84,78.2812,138.593,1044.13,30.0761,94.0465,1045.49,49.7569,94.1409,1046.57,28.5246,55.6889,1047.67,49.3119,55.5523,1057.98,23.6699,17.5446,1057.79,47.9942,18.8558,1045.54,76.8843,181.638,1051.06,66.6446,191.486,1049.66,71.8044,205.667,1044.29,82.3138,195.166,891.061,172.097,265.606
000638:1037.51,44.8927,167.391,1037,41.0951,170.244,1036.41,47.4788,170.124,1038.4,34.0518,165.968,1039.62,49.9348,165.651,1037.16,24.6009,145.925,1045.33,55.3204,146.708,1022.78,12.2414,122.763,1049,70.3098,132.142,1003.63,9.28007,106.04,1041.87,78.8436,138.767,1041.78,30.3793,93.9161,1044.56,49.904,94.034,1045.43,29.2247,55.6073,1048.02,49.9171,55.4474,1055.09,24.805,17.6786,1054.93,49.111,19.3009,1048.18,76.6313,181.786,1053.71,65.9978,191.311,1056,70.819,205.951,1050.46,81.7819,195.75,895.096,170.799,265.609
000639:1036.21,45.1169,167.433,1035.8,41.3357,170.272,1035.12,47.7301,170.17,1038.19,34.3893,165.921,1038.94,50.359,165.65,1038.63,25.0376,145.763,1045.2,55.9999,146.803,1026.56,12.7715,122.535,1050.74,71.3061,132.551,1004.1,9.68524,106.031,1046.79,79.2669,139.662,1041.8,31.1119,93.8979,1043.43,50.757,94.1194,1044.42,29.9397,55.6102,1046.51,50.7644,55.5457,1053.24,26.1572,17.8092,1054.82,50.5046,19.0923,1049.49,76.1634,182.163,1054.59,65.4139,191.42,1054.87,69.8425,206.006,1049.91,80.8966,196.107,895.503,170.161,265.692
000640:1037.24,45.5925,167.55,1036.73,41.8142,170.404,1035.89,48.1836,170.272,1038.6,34.8488,166.036,1038.85,50.7355,165.749,1038.17,25.4969,145.837,1044,56.2635,146.927,1022.35,13.3803,122.712,1051.04,71.7387,132.73,993.688,10.2932,106.454,1048.82,79.6653,139.775,1042.06,31.5297,94.1042,1042.93,51.1007,94.4186,1044.71,30.5349,55.9346,1045.72,51.4311,56.0554,1051.87,27.2296,18.3455,1053.91,51.894,19.7088,1050.04,75.803,182.108,1055.34,64.9184,191.142,1054.65,68.9791,205.8,1049.41,80.1673,196.134,896.075,169.52,265.049
000641:1037.07,46.082,167.55,1036.53,42.282,170.399,1035.97,48.7018,170.267,1038.4,35.3051,165.967,1038.43,51.2697,165.698,1036.62,25.9134,145.691,1043.05,56.8054,146.766,1015.63,13.8677,122.994,1047.92,72.5305,132.881,981.996,11.4895,107.672,1046.33,80.2704,140.443,1041.65,31.8097,93.5999,1042.54,51.4903,94.0028,1045.84,31.2506,55.335,1046.31,52.3637,55.6118,1052.41,28.511,17.7038,1053.46,53.3268,19.5418,1052.9,75.6124,182.073,1059.3,64.4424,190.692,1061.29,68.0665,205.656,1054.88,79.5718,196.374,897.054,168.243,264.824
000642:1037.61,46.2297,167.633,1037.26,42.3859,170.432,1036.49,48.8004,170.364,1039.18,35.3827,165.951,1039.11,51.3487,165.801,1037.18,26.1516,145.678,1043.48,57.149,147.142,1015.1,14.4056,122.983,1049.23,73.3026,133.762,979.045,12.1179,107.778,1046.24,80.9016,141.608,1041.45,32.7214,94.0829,1042.49,52.425,94.6311,1044.2,32.2156,55.9892,1046.13,53.323,56.296,1049.93,29.6608,18.5379,1053.89,54.399,20.0299,1053.71,75.2079,181.933,1060.16,63.9758,189.953,1062.13,66.9765,204.756,1055.75,78.5354,196.064,897.622,167.6,264.18
000643:1037.01,46.8168,167.58,1036.52,43.0097,170.374,1035.64,49.4259,170.312,1038.4,36.0538,165.874,1038,51.992,165.687,1037.76,26.7142,145.567,1041.94,57.7802,147.125,1022.65,14.5365,122.955,1044.76,74.1031,134.142,997.017,11.7511,107.554,1041.67,81.4711,142.321,1040.9,33.2595,94.0818,1041.07,52.9821,94.7597,1042.96,33.0785,55.9663,1044.31,54.2367,56.4213,1051.35,30.8781,18.1021,1055.88,55.9185,19.7162,1052.9,75.036,181.478,1060.89,63.6691,189.053,1064.16,66.2309,203.981,1056.25,77.9228,195.701,898.593,166.318,263.953
000644:1036.32,47.3672,167.311,1035.83,43.5517,170.124,1035.38,49.9986,170.05,1037.37,36.5703,165.699,1037.94,52.546,165.51,1035.04,27.1538,145.44,1042.36,58.3373,146.97,1016.29,15.0786,123.191,1046.83,74.7949,134.216,988.926,13.0063,108.392,1041.22,81.7799,142.678,1038.83,33.5725,93.7182,1040.84,53.3977,94.4032,1040.64,33.643,55.8056,1043.6,55.0179,56.228,1051.08,31.897,17.9132,1055.45,56.9888,19.7796,1056.3,74.8249,181.225,1064.36,63.3818,188.52,1068.35,65.6221,203.436,1060.24,77.4051,195.457,899.158,165.673,263.306
000645:1034.77,47.8105,167.175,1034.7,43.9799,169.965,1034.3,50.4072,169.912,1037.13,37.0375,165.537,1037.88,52.9869,165.455,1033.37,27.792,145.361,1042.66,58.898,147.061,1008.28,16.134,123.196,1048.26,75.5363,134.468,970.417,14.3704,108.818,1041.07,82.3255,142.91,1036.41,34.3575,94.0079,1039.19,54.1273,94.7607,1037.86,34.5458,56.3197,1041.64,56.0172,56.7865,1048.9,32.8164,18.5165,1054.62,58.0588,20.3123,1057.56,74.4871,180.825,1068.09,62.8968,187.667,1072.63,64.5966,202.692,1061.74,76.5273,195.151,902.706,164.981,262.907
000646:1035.32,48.1338,166.882,1034.54,44.2849,169.642,1034.15,50.7156,169.62,1035.84,37.244,165.235,1036.28,53.1485,165.153,1034.45,27.8069,145.004,1040.14,58.9998,147.004,1015.33,15.2469,123.104,1047.96,75.8378,135.07,982.417,12.387,108.587,1045.59,82.5896,143.764,1038.15,34.9399,93.6973,1039.02,54.7947,94.7526,1036.74,35.342,56.1121,1039.07,57.1652,56.9151,1049.84,33.807,18.0162,1053.09,59.863,20.2401,1061.35,74.3668,180.226,1071.62,63.013,186.729,1072.71,64.3752,201.241,1062.71,76.0188,194.087,903.27,164.333,262.257
000647:1036.32,48.5893,166.649,1035.24,44.7422,169.408,1034.49,51.2203,169.377,1035.42,37.744,164.944,1035.31,53.6892,164.844,1033.71,28.3312,144.552,1038.39,59.6397,146.549,1016.84,15.567,122.892,1043.66,76.8415,134.673,990.32,12.3759,108.542,1041.72,83.6532,143.271,1038.71,35.5415,92.7404,1039.27,55.5379,93.864,1037.61,36.0076,55.1775,1039.9,58.2522,56.0096,1048.05,34.8751,17.3658,1050.65,61.5777,19.7887,1064.41,74.3999,179.592,1074.97,62.6539,185.851,1078.39,63.672,200.831,1067.88,75.7459,193.912,904.4,163.038,261.295
000648:1035.89,49.1781,166.374,1034.49,45.3453,169.123,1034.36,51.7966,169.087,1034.47,38.2781,164.689,1035.65,54.1699,164.564,1032.73,28.7115,144.399,1040.01,59.9563,146.436,1014.27,15.9664,122.884,1047.04,77.2763,134.649,984.812,12.9735,108.745,1043.46,84.064,143.234,1039.73,35.782,93.047,1041.87,55.8019,94.2093,1037.26,36.6053,55.6497,1041.83,59.1056,56.5095,1048.25,35.6545,17.7133,1053.04,63.0886,20.1921,1064.46,74.2249,178.989,1074.06,62.4315,184.961,1076.9,63.1662,199.873,1067.52,75.2625,193.231,901.973,162.443,260.74
000649:1036.18,49.7288,165.78,1034.59,45.8886,168.54,1034.31,52.3574,168.497,1034.25,38.7436,164.135,1034.93,54.6217,163.999,1032.61,29.0535,143.834,1038.43,60.3061,145.981,1016.37,16.125,122.367,1044.35,77.7105,134.644,992.784,13.0248,107.826,1044.07,84.6352,143.51,1038.26,36.1678,92.3582,1039.3,56.2229,93.6944,1037.8,37.0585,55.0747,1040.59,60.0032,56.1555,1047.39,36.2811,17.4592,1051.97,64.4887,20.2195,1065.88,74.321,178.173,1075.45,62.6119,183.838,1078.19,63.0509,198.514,1068.75,75.0492,192.195,902.523,161.789,259.751
000650:1036.29,50.1676,165.528,1034.56,46.2644,168.273,1034.66,52.7386,168.317,1033.98,38.9091,163.871,1036.82,54.7758,163.877,1032.06,29.2887,143.521,1042.72,60.3842,145.914,1017.14,16.7698,121.829,1053.23,77.7032,134.669,998.18,14.2795,107.087,1049.92,84.465,143.577,1038.68,36.8381,91.7832,1042.41,56.9597,93.2314,1036.67,37.7505,54.5045,1040.63,61.3761,55.7195,1049.17,36.3557,16.4846,1052.3,65.9862,19.6416,1067.29,74.0813,177.407,1074.48,62.4418,182.72,1075.84,62.5421,196.976,1068.38,74.457,191.035,903.548,160.489,258.813
000651:1031.63,50.8986,165.233,1031.5,46.8999,167.786,1033.11,53.193,168.019,1035.78,39.2554,163.41,1038.64,55.0054,163.727,1032.73,29.8612,143.054,1041.88,60.8568,145.339,1016.65,16.5384,121.958,1042.4,79.2143,134.85,985.255,13.8123,107.833,1037.9,86.0568,143.912,1040.07,37.3086,91.1727,1043.3,57.4064,92.5054,1037.12,38.1618,54.0868,1039.6,62.5098,55.329,1049.21,36.4522,15.9504,1051.25,67.6252,19.2079,1066.19,74.2883,177.114,1075.53,62.55,181.341,1079.58,62.2233,195.088,1070.24,74.2625,190.584,910.113,159.72,258.637
000652:1032.56,51.2198,165.285,1032.34,47.2496,167.856,1034.41,53.537,168.112,1036.99,39.7213,163.491,1040.75,55.4618,163.898,1033.75,30.538,143.158,1045.14,61.3717,145.494,1017.01,17.5717,121.898,1046.96,79.5429,134.709,986.809,14.9174,107.561,1040.86,86.2011,143.431,1040.5,37.9366,91.0742,1044.71,58.0225,92.4497,1036.75,38.8542,53.8271,1040.3,63.677,55.0978,1048.35,36.8254,15.5111,1051.27,69.3263,18.8661,1068.04,74.2562,176.155,1079.11,62.6277,180.195,1082.04,62.1396,193.847,1070.79,74.0557,189.494,910.747,159.059,257.273
000653:1033.82,51.7902,164.782,1033.49,47.7679,167.319,1035.46,54.117,167.592,1037.33,40.1301,162.843,1041.17,55.9681,163.314,1033.29,30.8318,142.377,1044.75,61.9078,144.898,1017.79,17.262,121.451,1045.19,80.644,134.836,991.047,14.2549,107.159,1039.11,87.3521,144.081,1040.2,38.4883,90.1436,1044.49,58.8027,91.656,1036.42,39.3129,53.1173,1039.55,65.1104,54.5293,1047.76,36.8756,14.8916,1050.3,71.0573,18.5756,1068.61,74.5428,175.178,1078.73,62.9331,178.628,1082.73,61.9017,192.048,1072.36,73.8127,188.319,919.959,158.876,257.616
000654:1033.06,52.4526,164.518,1033.06,48.4065,167.042,1035.09,54.7493,167.33,1038.11,40.6574,162.523,1042.13,56.503,163.044,1035.01,31.331,142.057,1045.97,62.3648,144.765,1021.11,17.7669,121.185,1045.85,81.4494,135.319,994.586,14.895,106.847,1039.5,88.4166,145.086,1039.35,39.0125,89.9413,1042.54,59.4134,91.6226,1036.67,39.6541,52.7962,1035.2,66.381,54.6568,1051.24,36.6066,13.9948,1046.24,72.9277,18.6312,1069.92,75.1979,174.15,1082.45,63.7858,176.98,1087.76,62.2022,190.04,1074.77,73.9124,186.896,915.358,157.027,256.241
000655:1031.21,53.0272,163.997,1031.46,49.0175,166.557,1033.39,55.3689,166.821,1036.54,41.2984,162.066,1039.96,57.1623,162.604,1033.27,31.9693,141.56,1043.03,62.9919,144.449,1020.7,18.6745,120.303,1040.78,82.0257,135.271,995.706,16.2011,105.155,1032.83,88.6268,145.237,1036.6,39.4376,89.5547,1039.34,59.9341,91.3299,1034.37,39.9789,52.679,1032.77,67.2486,54.5856,1049.43,37.144,14.0594,1044.07,74.3452,18.8037,1068.7,76.103,172.339,1081.97,65.0046,174.9,1090.81,63.3638,187.635,1076.89,74.7527,184.753,915.989,156.36,254.871
000656:1030.13,53.6086,163.675,1030.14,49.5884,166.235,1032.28,55.9417,166.482,1035.45,41.7906,161.759,1039.63,57.6817,162.267,1033.27,32.2987,141.267,1044.26,63.4872,143.977,1022.06,18.4054,120.539,1044.58,82.8574,134.455,999.254,15.5502,106.068,1037.5,89.6262,143.812,1037.36,39.9264,89.1549,1040.72,60.6181,90.9221,1034.79,40.3101,52.2929,1033.99,68.4171,54.226,1047.36,36.9819,13.7832,1043.27,75.9541,18.5248,1069.89,76.5931,170.096,1081.44,65.4926,172.461,1088.88,63.6147,185.162,1076.63,75.0148,182.467,919.589,155.631,254.439
000657:1030.04,54.0835,163.807,1030.03,50.0395,166.378,1032.35,56.452,166.643,1035.6,42.3015,161.887,1039.49,58.3115,162.514,1032.89,32.9652,141.476,1043.93,64.2947,144.519,1017.91,19.1055,120.698,1046.11,84.0854,135.63,992.292,15.7133,105.463,1041.74,90.9464,145.178,1036.53,40.7223,89.3574,1039.6,61.499,91.2053,1034.07,40.6704,52.374,1033.75,69.3818,54.2377,1046.21,36.9319,13.8014,1043.38,77.2447,18.2659,1073.91,77.3445,168.834,1086.87,66.8194,170.232,1094.23,64.1637,182.073,1080.83,74.9743,180.395,925.805,155.484,253.842
000658:1030.15,54.6952,163.608,1030.33,50.6194,166.199,1032.78,57.0628,166.458,1036.07,42.7662,161.75,1040.29,58.835,162.433,1034.37,33.3888,141.293,1044.31,64.7451,144.431,1017.63,19.3042,120.74,1044.06,84.6389,135.874,983.804,16.009,105.891,1038.34,91.5147,145.293,1039.05,41.2972,88.5371,1041.46,62.2484,90.5802,1034.61,41.1318,51.6861,1033.39,70.795,53.7436,1045.1,36.9834,13.2276,1040.58,78.8697,18.1482,1073.63,77.8586,166.861,1085.51,67.577,167.724,1095.45,64.5587,179.09,1083.42,75.1533,178.032,929.534,154.74,252.686
000659:1032.36,55.2369,163.355,1032.5,51.1119,165.933,1034.25,57.5413,166.222,1036.04,42.9388,161.216,1040.22,58.9957,161.964,1032.56,33.5475,140.523,1042.55,64.6588,143.953,1024.69,20.1354,119.677,1039.45,84.7688,136.088,1009.84,18.1831,104.278,1032.92,92.0948,146.108,1035.22,41.6096,88.0354,1038.53,62.5834,90.1369,1032.35,41.3235,51.3893,1030.46,71.518,53.6083,1043.17,37.1574,13.1245,1037.98,80.1915,18.2793,1077.3,79.6921,165.378,1091.51,70.0747,165.916,1104.44,67.0269,176.462,1089.21,76.9077,175.634,927.463,153.48,251.838
000660:1033.62,55.4581,163.427,1034.12,51.2876,166.008,1035.85,57.7855,166.32,1038.08,43.0962,161.119,1042.03,59.353,162.061,1035.38,33.8244,140.307,1043.84,65.268,144.227,1027.9,20.4659,119.412,1038.7,85.9345,137.526,1012.24,18.7236,103.551,1030.58,93.0579,148.338,1036.95,42.1641,87.5965,1039.55,63.4298,89.8915,1033.13,41.4808,50.925,1030.95,72.7513,53.2207,1041.61,36.9539,12.8033,1035.73,81.6541,18.0742,1081.58,80.5517,164.103,1097.12,71.8557,163.628,1112.31,68.2718,172.815,1095.8,77.1813,173.062,931.2,152.733,251.021
000661:1032.36,55.645,163.546,1033.09,51.5444,166.135,1035.29,58.0127,166.465,1037.85,43.5241,161.145,1042.76,59.7266,162.151,1034.42,34.6462,140.459,1046.14,65.6544,144.526,1023.36,22.0977,119.759,1041.83,86.1366,138.078,1000.34,20.4776,104.205,1034.15,93.4151,148.722,1036.14,42.8233,87.9961,1040.35,63.9753,90.2191,1030.26,41.6654,51.3571,1029.47,73.3444,53.5103,1041.75,36.9847,12.8907,1037.44,83.2222,17.7436,1086.87,82.2722,161.862,1100.84,74.5544,160.936,1118.74,71.0404,168.888,1104.08,78.9494,169.604,932.204,151.387,249.702
000662:1031.12,56.5653,163.419,1031.85,52.3951,166.028,1034.23,58.9234,166.319,1037.53,44.1636,160.873,1042.78,60.5131,162.018,1034.25,35.1809,140.203,1048.2,66.2597,144.56,1020.24,22.1557,119.862,1047.25,87.1188,139.673,996.738,20.5133,104.029,1038.64,94.4278,151.646,1036.23,43.3746,87.0514,1041.47,64.6904,89.429,1030.97,42.0424,50.4339,1031.18,74.8544,52.6607,1041.72,36.6362,12.1485,1036.82,84.6714,17.4644,1089.6,82.2588,161.463,1103.24,75.552,159.385,1119.94,71.2928,165.651,1105.62,78.1946,167.678,938.622,151.22,249.05
000663:1031.84,56.8031,163.722,1033.19,52.6434,166.368,1035.45,59.2686,166.634,1039.86,44.5967,161.165,1044.67,61.1983,162.386,1036.52,35.9774,140.631,1049.09,67.3435,145.244,1021.08,23.5385,120.648,1047.36,89.6375,141.144,995.255,22.221,104.707,1038.32,97.3415,152.859,1034.71,43.8307,87.6332,1038.87,65.2524,89.9675,1028.66,41.8591,51.0734,1027.75,75.1784,53.1503,1040.24,36.9389,12.7823,1036.37,86.3575,17.482,1087.69,82.1226,157.512,1106.68,76.2162,152.868,1121.86,69.5892,157.678,1102.65,75.6585,162.369,939.173,150.543,248.373
000664:1028.78,57.5728,163.771,1030.29,53.3606,166.46,1031.98,59.965,166.697,1037.77,44.992,161.063,1041.71,61.6846,162.39,1037.48,36.2138,140.355,1048.14,67.7042,145.206,1026.03,23.418,120.192,1047.84,90.2139,141.608,1001.66,21.9803,103.684,1042.23,99.1461,153.25,1037.2,44.4652,86.868,1040.57,66.1907,89.3878,1029.53,42.1287,50.3171,1027.22,76.5412,52.7106,1041.62,36.6379,12.0373,1033.45,87.9005,17.3437,1091.93,85.0754,155.005,1116.74,80.857,150.16,1136.34,74.9951,153.274,1110.66,79.3644,158.168,942.954,149.777,247.188
000665:1025.71,58.0984,163.804,1027.47,53.9424,166.519,1030.14,60.5518,166.772,1036.85,45.805,160.983,1041.18,62.4803,162.412,1038.41,37.3871,140.385,1049.92,68.5096,145.548,1022.33,25.2509,120.065,1054.17,90.8874,142.62,988.078,23.5526,103.059,1039.47,99.7532,155.082,1038.92,45.4486,87.3067,1041.49,67.0782,89.8942,1029.52,42.5464,50.7682,1027.57,77.3783,53.1064,1039.46,36.7856,12.6071,1035.08,89.3142,17.2781,1051.04,87.6735,155.016,1065.35,84.5412,150.572,1064.89,79.097,152.296,1050.87,82.2838,156.719,946.746,149.002,245.646
000666:1027.84,58.4386,164.119,1029.91,54.2418,166.845,1031.67,60.9375,167.114,1037.21,46.1477,161.319,1039.92,63.0514,162.807,1036,37.9673,140.802,1044.73,69.3724,146.247,1021.83,26.4382,120.143,1043.44,92.042,143.58,994.044,24.8918,102.201,1034.31,100.846,155.643,1035.68,46.1318,87.8248,1037.73,67.9423,90.3933,1029.81,42.6946,51.0144,1025.75,78.1681,53.3279,1039.55,36.8316,12.7778,1031.46,90.5728,17.4851,1072.41,88.0561,154.045,1089.43,84.9748,148.372,1104.58,78.637,149.72,1087.95,81.7292,155.482,944.683,147.729,244.42
000667:1030.69,59.1195,164.013,1032.58,54.9856,166.769,1033.67,61.6415,167.023,1037.21,46.8906,161.225,1039.35,63.7887,162.595,1036.52,38.5227,140.639,1041.31,69.8857,145.838,1025.51,26.4439,120.473,1038.18,91.8847,142.909,1003.58,24.6158,103.366,1025.32,100.273,154.815,1037.15,46.5923,87.7276,1037.53,68.6059,90.233,1032.07,42.6167,50.6954,1026.5,78.9052,53.103,1040.13,36.4546,12.3633,1030.41,91.7917,17.0212,1035.87,89.1867,152.837,1051.11,86.8281,148.649,1053.44,81.8038,149.821,1038.72,84.1577,153.982,951.105,147.537,243.408
000668:1028.31,59.8517,164.036,1030.53,55.743,166.777,1031.72,62.3702,167.109,1037.36,47.5025,161.246,1039.69,64.187,162.594,1038.53,39.0431,140.814,1044.36,69.8703,145.941,1026.8,27.1389,121.241,1044.31,91.5661,143.347,999.682,25.7384,105.231,1034.42,102.084,155.647,1038.55,47.1503,87.8902,1039.16,69.0178,90.4682,1032.04,43.0879,50.8307,1025.52,79.626,53.5268,1042.15,36.5281,12.3273,1030.01,92.7467,17.4474,1049.63,97.0709,155.322,1065.38,95.9622,152.823,1072.45,93.4139,153.152,1056.9,94.5366,155.536,949.022,146.262,242.181
000669:1028.04,60.1054,163.921,1031.06,56.0757,166.648,1032.43,62.7537,167.072,1039.32,48.0755,161.158,1040.37,64.7851,162.548,1041.41,39.8222,140.827,1043.91,70.5595,145.984,1030.49,28.2548,121.696,1040.8,91.8068,143.639,993.438,27.5096,106.994,1033.81,102.587,155.891,1037.56,47.7585,88.116,1036.32,69.6486,90.7332,1032.02,43.389,51.0214,1024.39,80.363,53.7746,1042.92,36.6363,12.4782,1031.74,93.6943,17.3845,1068.61,102.43,154.525,1089.78,102.805,152.675,1103.59,101.817,152.009,1082.26,101.459,153.744,952.833,145.472,240.616
000670:1029.52,60.639,164.017,1032.3,56.6747,166.717,1033.58,63.2981,167.218,1038.38,48.8278,161.146,1038.74,65.3473,162.509,1040.05,40.6487,140.808,1041.01,70.977,145.931,1029.37,29.4842,121.068,1043.74,91.4905,142.874,997.603,28.1586,105.347,1038.52,103.092,155.313,1036.89,48.5164,88.6568,1034.57,70.2785,91.2378,1031.98,43.8712,51.5834,1024.29,81.0037,54.3609,1041.15,36.6803,13.3356,1030.77,94.4107,18.1011,1038.7,106.519,158.721,1058.04,107.144,159.497,1053.42,107.959,159.495,1034.66,107.34,158.417,956.676,144.685,239.75
000671:1028.65,61.1288,164.112,1031.89,57.1855,166.786,1033.23,63.8258,167.297,1038.84,49.4284,161.014,1039.13,66.0129,162.481,1038.68,41.5705,140.706,1041.47,71.8126,146.162,1023.68,31.0486,121.028,1035.31,92.72,144.406,993.604,30.1273,105.004,1027.27,104.292,157.919,1036.16,49.1538,88.7772,1034.94,70.9248,91.2678,1032.82,44.1237,51.7181,1024.94,81.4773,54.3329,1041.12,36.811,13.7239,1027.95,94.9382,18.496,1062.79,107.245,159.11,1088.38,108.281,158.765,1104.63,109.189,158.179,1079.25,108.114,158.234,957.306,143.989,238.325
000672:1032.83,61.8411,164.091,1033.78,57.6361,166.585,1034.41,64.1267,167.053,1037.98,50.0211,160.77,1038.65,66.3597,162.583,1035.46,42.9952,140.805,1043.11,72.7302,146.44,1016.16,33.1779,121.208,1032.32,93.2532,145.716,991.672,31.6047,103.958,1021.77,105.261,158.396,1033.27,50.3511,88.9829,1034.55,71.8587,91.3973,1030.03,44.491,52.3043,1026.45,82.3324,54.2131,1044.15,37.1301,13.5937,1026.14,95.6143,18.5945,1063.51,109.642,159.524,1088.06,111.292,158.778,1110.16,112.776,156.951,1084.61,110.885,157.714,961.152,143.187,236.739
000673:1031.48,62.2355,164.238,1032.32,58.0451,166.728,1032.07,64.5033,167.229,1035.77,50.4198,160.931,1035.96,66.6334,162.617,1034.38,43.214,140.925,1039.75,72.7025,146.306,1018.27,33.4404,121.378,1028.86,92.467,145.097,991.898,32.3016,105.045,1017.83,105.043,158.165,1032.18,50.5506,89.1882,1032.55,72.0477,91.5824,1029.09,44.6521,52.4398,1024.79,82.7511,54.5094,1043.17,37.1201,13.6154,1026.76,96.3996,18.6491,1040.82,112.511,163.56,1062.28,114.299,165.513,1078.7,118.123,164.398,1056.59,116.167,162.272,961.689,142.49,235.688
000674:1029.45,62.9299,164.234,1030.4,58.777,166.737,1029.64,65.1777,167.236,1034.75,51.3049,161.1,1033.98,67.4093,162.764,1034.56,44.1642,141.273,1037.99,73.3801,146.669,1017.93,34.7779,121.462,1029.08,92.6868,145.666,988.65,33.9767,104.906,1022.01,105.599,159.298,1031.57,51.1528,89.6756,1030.57,72.5946,92.0886,1029.42,44.9537,52.8179,1022.94,83.3157,54.9972,1043.07,37.178,14.0412,1023.88,96.9557,19.2211,1042.72,115.114,165.462,1059.98,116.863,168.187,1073.82,121.417,167.11,1056.34,119.558,164.2,962.41,141.787,233.875
000675:1031.49,63.4159,164.014,1031.75,59.2391,166.446,1031.05,65.586,167.008,1033.79,51.876,160.577,1034.15,67.7638,162.36,1031.27,45.0109,140.798,1037.88,73.612,146.329,1013.88,36.1533,120.781,1031.36,93.0504,146.023,989.201,35.3826,103.692,1027.49,107.746,161.042,1030.04,51.7397,89.5706,1031.04,73.0075,91.8853,1028.58,45.3175,52.7616,1024.12,83.9053,54.819,1043.03,37.0062,14.1792,1022.75,97.4605,19.5069,1053.45,120.389,170.167,1070.44,122.052,174.134,1085.1,128.184,173.49,1067.61,126.484,169.235,966.284,140.979,232.626
000676:1031.09,63.9896,164.162,1030.98,59.819,166.582,1030.08,66.0996,167.16,1032.03,52.4833,160.628,1033.54,68.2903,162.437,1028.3,45.7243,140.855,1038.07,74.0211,146.396,1012.07,37.3758,120.471,1029.87,92.8239,145.987,993.608,37.0568,103.223,1017.89,107.189,161.507,1028.81,52.5102,89.7618,1031,73.7589,91.987,1028.29,45.8223,52.8348,1023.84,84.5753,54.9279,1043.06,37.2859,14.3895,1021.25,98.1493,19.7738,1029.59,121.019,173.826,1040.38,122.292,178.964,1047.06,129.101,178.634,1035.85,127.822,173.185,970.175,140.167,231.369
000677:1031.04,64.181,164.165,1031.5,60.0145,166.529,1029.37,66.3124,167.237,1033.4,52.9529,160.841,1034.26,68.6211,162.584,1030.16,46.2238,141.202,1039.05,74.4425,146.605,1012.96,38.0766,120.413,1031.94,92.2267,145.319,991.744,38.0144,103.6,1023.63,107.418,161.086,1029.92,53.2865,90.2508,1032.13,74.5327,92.4189,1029.86,46.4533,53.0229,1023.52,85.249,55.2677,1045.33,37.2271,14.3407,1021.47,98.5126,19.9766,1042.99,126.138,180.216,1052.59,126.939,188.439,1065.48,136.997,189.769,1055.83,136.286,181.042,971.251,138.762,229.606
000678:1031.13,64.702,163.887,1031.59,60.4993,166.211,1028.79,66.8112,167.002,1032.63,53.4684,160.6,1032.88,69.0283,162.324,1029.85,46.8158,140.981,1036.93,74.847,146.407,1015.26,39.183,119.77,1032.19,92.3835,144.879,997.741,39.9631,103.291,1026.28,108.635,161.33,1030.32,54.0759,89.9895,1032.12,75.3458,92.157,1030.18,46.9592,52.6296,1024.73,85.9259,54.7985,1043.29,37.381,14.2501,1021.9,98.891,19.6002,1042.92,129.293,185.691,1051.69,129.497,195.908,1062.53,141.208,198.388,1053.89,141.139,187.565,974.706,138.636,228.298
000679:1029.5,65.2488,163.867,1030.15,61.0742,166.183,1027.4,67.4185,166.97,1032.06,54.2486,160.566,1032.35,69.7932,162.222,1030.84,47.6566,140.936,1037.97,75.7034,145.981,1014.28,40.4496,119.504,1040.42,92.9874,143.343,989.251,41.8555,103.841,1036.23,109.558,160.151,1031.47,54.6073,89.6921,1032.82,75.9353,91.6946,1030.37,47.2835,52.2126,1024.6,86.4377,54.3299,1043.28,37.2858,13.9469,1022.33,99.4487,19.2284,1041.62,130.566,190.692,1048.22,129.492,202.619,1049.9,141.761,206.58,1043.9,143.045,193.995,975.327,137.923,226.489
000680:1029.42,65.6296,163.92,1030.17,61.46,166.219,1027.04,67.8233,167.027,1032.15,54.872,160.586,1032.09,70.32,162.291,1031.28,48.4966,140.959,1037.41,76.4397,146.084,1014.74,41.5897,119.087,1038.91,93.4642,143.291,989.165,42.8279,103.151,1031.2,110.067,160.609,1032.72,55.645,89.7517,1033.31,76.9133,91.7371,1030.74,48.0302,52.2576,1023.82,87.1677,54.3918,1042.81,37.4796,14.2546,1021.12,99.8838,19.4845,1031.66,131.027,195.874,1038.13,129.197,208.889,1037.33,142.033,213.853,1031.52,144.088,200.173,979.256,137.095,225.205
000681:1028.75,66.4073,163.544,1028.78,62.2837,165.815,1025.76,68.6322,166.628,1028.38,55.853,160.077,1029.7,71.2946,161.74,1024.82,49.6066,140.529,1034.45,77.4664,145.448,1008.97,43.2548,118.622,1037.32,94.1583,142.218,993.049,45.0967,103.124,1028.91,110.213,160.247,1027.19,56.5159,89.7511,1029.68,77.8283,91.4357,1027.85,48.4878,52.2019,1022.19,87.8185,54.0695,1041.62,37.6809,14.2368,1018.54,100.521,19.2338,1023.85,131.068,200.008,1028.28,128.205,214.027,1025.67,141.515,220.111,1021.81,144.619,205.406,979.885,136.382,223.749
000682:1029.36,66.8609,163.153,1029.55,62.7405,165.459,1026.54,69.0838,166.225,1030.29,56.4833,159.906,1031.3,71.7987,161.57,1027.73,50.3298,140.512,1037.23,78.0731,145.485,1010.17,44.4208,118.192,1039.96,94.4955,142.187,987.35,46.3396,102.46,1027.1,110.203,160.26,1032.14,57.2527,89.6337,1034.12,78.5038,91.348,1029.88,48.9285,52.217,1024.3,88.3535,54.0182,1042.79,37.8538,14.4583,1021.46,101.191,19.1754,1012.33,129.701,202.536,1016.56,126.282,216.897,1010.9,139.373,223.426,1007.25,143.002,208.447,983.832,135.547,222.453
000683:1028.74,67.469,163.102,1029.16,63.3572,165.402,1026.02,69.7234,166.159,1030.57,57.2301,159.738,1031.83,72.5675,161.448,1027.95,51.2316,140.274,1038.28,78.9519,145.208,1009.55,45.518,117.912,1041.57,95.2037,141.761,984.91,47.3097,102.488,1025.55,110.179,160.257,1031.39,58.1797,89.2544,1033.29,79.4309,90.882,1029.43,49.4723,51.7987,1022.59,89.1761,53.5984,1042.6,37.7627,14.1127,1020.13,101.888,18.7742,1006.1,128.217,204.987,1008.32,123.904,219.476,1001.81,136.752,226.707,1000.15,141.303,211.628,984.556,134.827,220.604
000684:1028.18,68.1542,162.618,1028.83,64.0575,164.943,1025.81,70.3987,165.701,1030.82,57.9453,159.543,1031.65,73.3198,161.227,1028.84,51.8318,140.297,1036.77,79.8308,145.224,1014.75,46.2592,117.577,1038.79,95.7843,141.445,991.78,48.5537,102.035,1019.33,109.622,159.501,1028.85,58.8446,89.6232,1029.58,80.1592,91.2891,1027.19,50.0425,52.1663,1020.1,89.866,53.9287,1043.5,38.0798,14.0721,1022.9,102.543,18.4309,996.825,125.765,204.892,997.416,120.788,219.031,987.841,132.785,226.555,987.791,137.94,211.885,985.622,133.4,218.81
000685:1029.05,68.5661,162.379,1029.8,64.4589,164.691,1026.95,70.8065,165.409,1031.81,58.4298,159.112,1033.44,73.8094,160.891,1029.38,52.6224,139.844,1039.49,80.4508,144.738,1014.75,47.4909,117.284,1039.62,96.5933,141.282,990.394,49.7504,101.813,1014.37,109.683,159.668,1031.23,59.5142,88.8791,1032.36,80.735,90.4663,1029.36,50.5166,51.7099,1021.11,90.4716,53.4525,1044.5,38.2046,14.0809,1022.15,102.934,18.5018,989.089,122.793,203.716,987.761,117.178,216.919,977.11,128.002,224.574,978.289,133.785,210.876,975.792,128.297,218.846
000686:1029.6,69.4114,161.714,1030.49,65.3007,164.019,1027.67,71.6536,164.746,1032.89,59.28,158.48,1034.48,74.7732,160.318,1029.59,53.5636,139.349,1040.37,81.5465,144.303,1014.09,48.4538,116.819,1040.09,97.5588,140.885,990.804,50.7737,101.454,1012.8,109.4,159.028,1028.88,60.5462,88.7016,1030.1,81.7756,90.2036,1028.47,51.201,51.5678,1020.33,91.2178,53.1721,1043.04,38.4408,14.1227,1021.76,103.294,18.1155,984.002,119.838,201.901,981.08,113.939,214.272,969.235,123.689,221.824,971.872,129.694,209.015,963.894,121.991,217.648
000687:1030.78,69.7857,161.227,1031.49,65.6379,163.535,1028.9,72.0111,164.268,1033.66,59.6083,158.062,1035.96,75.2473,159.952,1030,54.0516,138.943,1042.96,82.3107,143.855,1015.57,49.2144,116.503,1044.69,98.8111,140.291,994.878,51.9804,101.423,1016.22,109.8,158.02,1029.42,61.0709,88.022,1031.49,82.4676,89.4475,1027.74,51.5037,51.1039,1020.08,91.8605,52.5989,1043.08,38.7295,13.6872,1022.08,103.866,17.4829,977.101,116.793,198.683,972.673,110.445,210.04,958.32,118.811,217.578,961.859,125.209,205.858,952.653,114.38,216.57
000688:1028.34,70.4039,161.013,1029.24,66.2837,163.283,1026.9,72.6016,164.044,1031.49,60.2643,157.694,1034.4,75.7796,159.673,1027.49,55.0997,138.652,1042.38,82.8743,143.64,1012.43,50.6108,116.433,1046.88,99.7254,140.221,989.834,53.1323,101.669,1017.64,110.069,157.645,1026.63,62.0938,88.1291,1029.06,83.1223,89.4798,1027.31,52.4564,51.3552,1017.67,92.2846,52.8859,1046.35,39.1773,13.8108,1022.05,103.943,17.6771,973.126,113.456,195.578,968.148,106.78,205.472,951.723,113.406,212.884,955.24,120.093,202.652,940.826,107.599,218.357
000689:1027.63,71.0981,160.596,1028.76,66.9503,162.884,1026.25,73.2569,163.629,1030.33,60.6489,157.381,1031.91,76.2655,159.316,1026.92,55.4231,138.419,1037.35,83.1539,143.271,1013.06,51.2041,116.359,1041.43,100.022,139.423,987.276,54.5207,102.214,1013.63,109.472,155.918,1024.53,62.2417,87.7122,1025.12,83.2824,89.088,1025.85,52.6327,50.9938,1016.1,92.6342,52.4879,1044.45,39.3035,13.5172,1023.58,104.43,17.0198,970.714,110.116,191.459,965.432,103.101,200.005,947.815,108.054,207.374,951.502,115.019,198.524,928.385,102.305,220.051
000690:1028.64,71.9271,160.27,1030.11,67.7735,162.572,1027.59,74.05,163.339,1031.45,61.3213,157.147,1033.04,76.9495,159.14,1028.15,56.2298,138.171,1037.95,83.8514,143.043,1013.9,52.1412,116.133,1037.76,100.656,138.886,988.138,55.7324,102.142,1004.16,108.906,154.418,1027.2,63.254,87.189,1027.35,84.2559,88.5618,1029.24,53.5374,50.6007,1016.78,93.5677,52.2161,1046.99,39.4055,13.2844,1021.78,104.47,17.1022,962.905,106.862,186.808,958.794,99.5089,193.916,944.379,102.944,201.531,946.586,110.269,194.127,916.097,97.0995,222.059
000855:223.373,-184.462,1.72398
