000386:931.835,-2.87944,155.817,928.481,-5.84353,159.075,933.765,-2.46965,158.7,925.202,-15.7091,158.085,945.57,-7.2369,157.703,919.419,-20.7448,142.727,961.194,-13.7804,141.287,905.58,-10.145,123.037,944.524,-9.4607,120.742,906.612,15.4104,117.776,877.439,11.5587,111.5,943.243,-25.08,89.0176,976.597,-19.3867,88.0607,908.083,-21.1385,52.5275,958.923,-17.5066,49.8926,900.245,-33.8377,15.0862,968.346,-28.3183,12.4848,1005.4,-0.599963,72.0076,1027.79,7.01073,64.1437,1053.01,2.54513,51.8684,1024.99,-4.54885,59.8799,0,0,0
000387:932.36,-2.42429,155.894,931.353,-5.68942,159.269,937.059,-2.42335,158.735,927.764,-15.471,157.911,949.361,-7.32921,157.517,921.095,-20.4926,142.246,963.622,-14.171,140.367,894.425,-8.03449,123.33,944.299,-10.5218,119.77,891.681,17.3241,118.873,873.031,10.2636,111.303,944.154,-25.129,88.7166,976.94,-19.6941,87.447,913.222,-21.4134,52.0555,962.652,-18.0031,49.3093,899.28,-33.2755,15.7837,969.685,-28.6358,12.5663,893.587,13.7307,96.4577,923.478,19.2237,94.0807,910.902,19.7607,88.199,880.022,14.4515,90.2776,0,0,0
000388:930.74,-2.21387,155.69,928.021,-5.22558,158.985,933.617,-2.13562,158.538,923.93,-15.1185,157.824,945.377,-7.32803,157.438,916.784,-20.0034,142.404,960.54,-14.3763,140.867,896.159,-8.24858,122.973,940.554,-9.99675,120.593,896.682,16.7734,117.523,868.554,12.0396,111.735,944.077,-24.9985,88.4962,978.696,-20.0771,87.3894,910.622,-21.0836,52.0344,963.359,-18.225,49.2301,898.403,-33.1813,15.7081,970.639,-28.7211,12.2954,973.933,2.30068,84.8066,1006.65,7.67305,78.2998,1023.81,4.49173,69.188,986.784,-0.485715,75.4999,0,0,0
000389:931.028,-1.90439,156.181,930.201,-5.19162,159.549,934.591,-1.98041,159.044,925.933,-15.1981,158.32,944.661,-7.07684,157.95,921.549,-20.4388,142.673,958.017,-13.8317,141.052,896.617,-7.78071,123.291,942.585,-9.41364,120.784,893.554,17.9187,118.287,879.976,12.5971,112.577,945.586,-25.0349,88.866,974.658,-19.4661,87.8634,916.818,-21.4956,51.8104,963.226,-18.1165,49.3582,899.269,-32.832,15.7442,967.42,-28.381,12.712,886.954,13.6095,98.7732,913.213,18.628,96.6691,898.864,19.0943,91.2972,871.395,14.2748,92.9938,0,0,0
000390:933.279,-2.12474,156.185,932.253,-5.37757,159.557,936.621,-2.1667,159.008,927.785,-15.2208,158.201,945.811,-7.04861,157.829,922.352,-20.306,142.602,957.698,-13.6533,140.905,898.021,-7.97365,123.443,939.827,-9.3311,120.683,895.115,17.2999,118.712,877.404,12.1189,112.398,946.089,-24.9628,89.0017,974.744,-19.4307,87.9726,916.884,-21.3386,51.8617,964.479,-18.2737,49.2897,898.235,-32.5579,15.8134,969.615,-28.6963,12.3154,900.904,10.9913,98.1368,927.145,15.8041,95.6062,916.448,15.8856,90.0457,888.915,11.2403,92.1491,0,0,0
000391:932.961,-2.10625,156.375,932.322,-5.39322,159.719,936.016,-2.17939,159.216,928.198,-15.3276,158.367,944.977,-7.20235,158.043,924.481,-20.4315,142.774,955.657,-13.7658,141.192,898.72,-7.38035,123.692,936.119,-8.88869,121.242,890.685,18.6811,119.327,873.181,13.5924,113.415,947.543,-25.189,89.0909,973.452,-19.6126,88.2802,919.788,-21.4778,51.7445,962.994,-18.0599,49.5753,898.822,-32.8863,15.7176,965.602,-28.2483,12.9575,879.593,13.2125,100.629,903.473,17.7806,98.5567,890.374,18.1146,93.5103,864.84,13.7217,95.1282,0,0,0
000392:933.329,-2.01124,156.467,932.809,-5.28799,159.808,936.239,-2.17079,159.311,929.14,-15.265,158.46,945.415,-7.38059,158.187,925.596,-20.283,142.716,956.42,-14.1112,141.362,901.906,-6.94225,122.976,935.312,-9.16141,121.464,893.438,18.852,117.716,869.16,13.7229,113.73,948.426,-25.0116,88.7784,974.708,-19.7464,88.0493,917.512,-21.1385,51.6539,962.394,-18.1198,49.4125,898.286,-32.3374,15.6296,967.462,-28.1958,12.5269,877.528,12.8627,101.245,898.263,17.0978,99.3088,886.247,17.3627,94.4847,863.834,13.3085,95.9133,0,0,0
000393:935.99,-1.98132,156.453,935.89,-5.21388,159.744,938.136,-2.15699,159.266,931.399,-15.0974,158.304,943.941,-7.34854,158.053,927.541,-20.0401,142.718,951.501,-14.0429,141.334,903.089,-6.84628,123.602,933.185,-8.76211,121.794,889.76,18.8584,119.353,876.994,14.7435,114.378,949.012,-25.1101,88.8798,970.882,-20.0178,88.3888,921.94,-20.9913,51.2882,963.164,-18.2905,49.4037,899.697,-32.3188,15.3121,968.784,-28.5073,12.3609,875.686,12.107,102.291,896.699,16.0144,100.023,884.81,16.1639,95.3842,861.871,12.3749,97.0946,0,0,0
000394:933.608,-1.74084,156.517,933.434,-4.99541,159.796,935.455,-1.89446,159.303,928.889,-14.8867,158.315,940.828,-6.97682,158.043,925.995,-19.973,142.674,950.102,-13.502,141.287,903.299,-7.08338,123.463,936.844,-8.0843,121.8,892.635,18.4293,118.822,887.37,15.4036,114.379,948.393,-25.0021,88.8771,970.357,-19.6952,88.3419,920.918,-21.0322,51.4315,963.641,-18.4211,49.3545,897.986,-31.9347,15.7259,970.911,-28.7734,12.2438,869.13,12.2128,102.927,886.098,15.9699,100.947,872.392,16.1885,96.5869,853.471,12.534,98.0028,0,0,0
000395:934.161,-1.62,156.786,933.295,-4.9327,160.041,937.875,-1.69619,159.559,930.504,-14.6903,158.222,945.329,-6.94398,158.068,923.953,-19.8544,142.404,955.117,-13.6721,141.119,894.323,-6.87013,123.894,935.052,-8.25547,122.056,880.138,18.4076,119.237,871.697,15.173,115.139,948.136,-24.8792,88.6494,974.133,-19.7241,87.9483,916.157,-21.2027,51.7908,963.022,-18.2167,49.2441,896.392,-32.2232,16.2843,969.513,-28.3283,12.4957,863.558,11.7981,104.131,883.559,15.4896,102.486,869.09,15.4498,98.1122,850.321,12.3011,99.2561,0,0,0
000396:934.745,-1.80094,157.35,933.949,-5.01548,160.401,937.267,-1.83089,160.33,934.584,-15.1168,158.899,945.305,-7.52126,158.84,930.377,-20.2236,142.994,952.296,-14.095,142.005,908.914,-7.34162,122.933,932.21,-7.90521,122.421,888.928,18.8653,117.693,882.303,16.0046,115.713,950.249,-25.1871,89.3597,967.27,-19.6478,89.3041,921.025,-21.0614,51.835,962.346,-18.0852,50.1093,900.517,-32.6664,15.8847,971.475,-28.6511,12.4998,848.75,13.3653,105.08,863.164,17.0404,102.716,845.367,17.3844,98.7198,836.007,13.6994,99.9763,0,0,0
000397:933.713,-1.59305,156.838,933.274,-4.84239,160.05,936.558,-1.70452,159.589,931.852,-14.6046,158.237,941.907,-7.10933,158.156,928.872,-19.9609,142.488,949.694,-13.8441,141.594,907.672,-7.32745,123.448,933.574,-7.96529,123.089,895.635,17.655,118.046,881.963,16.5961,116.322,948.704,-25.0117,89.1764,968.193,-19.992,89.0398,919.814,-20.8004,51.9213,962.442,-18.1068,49.9434,895.978,-31.8744,16.428,968.346,-28.0606,13.1589,863.704,10.5448,105.283,878.655,13.8885,103.563,865.455,13.6639,99.4188,851.813,10.8146,100.501,0,0,0
000398:933.835,-1.34686,156.926,933.411,-4.51424,160.139,935.59,-1.63765,159.684,928.553,-14.3993,158.494,941.221,-7.1397,158.322,924.984,-19.3856,142.933,952.265,-14.0507,141.726,903.518,-6.13693,123.719,940.29,-7.98765,122.756,894.517,19.2052,118.969,889.128,17.3134,116.173,947.305,-25.0309,89.5371,971.176,-20.4306,89.1242,919.303,-20.4521,51.9334,964.135,-18.2983,49.9603,897.026,-31.7852,15.972,971.238,-28.303,12.6092,867.501,10.1203,106.62,877.939,12.5693,104.394,863.596,12.2888,101.067,850.892,9.90792,102.501,0,0,0
000399:938.177,-1.74716,157.301,937.672,-4.92733,160.347,939.207,-1.9897,160.281,935.217,-15.1569,159.016,946.484,-7.75079,158.883,931.818,-20.1226,143.288,954.984,-14.1441,142.04,911.389,-6.99556,123.258,937.497,-7.14718,122.4,891.429,19.4135,119.001,886.993,17.7004,116.483,952.685,-25.3004,89.5729,970.929,-19.8568,89.4078,923.018,-20.8148,51.787,963.729,-18.2759,50.2985,899.849,-32.0166,15.9786,971.677,-28.6725,12.478,838.688,13.7475,109.645,843.943,16.1455,107.489,821.399,16.8974,104.917,817.735,14.0174,105.779,0,0,0
000400:936.611,-1.35344,157.509,935.956,-4.54012,160.557,937.273,-1.55806,160.482,932.535,-14.7154,159.126,943.187,-7.20444,158.987,929.496,-19.6936,143.407,951.488,-13.6132,142.081,910.106,-6.5316,123.483,936.485,-6.72789,122.452,892.31,19.9539,119.345,889.748,17.897,116.773,952.04,-25.1981,89.6541,969.872,-19.7275,89.4351,923.172,-20.7124,51.6956,964.93,-18.349,50.0623,898.679,-31.8308,15.9424,973.12,-28.8558,12.0915,840.8,13.992,111.172,844.758,16.1034,109.123,820.962,16.7782,106.906,818.531,14.2145,107.658,0,0,0
000401:936.994,-1.63492,157.27,936.516,-4.77113,160.301,938.784,-1.94035,160.214,935.112,-14.8194,158.897,947.807,-7.80675,158.815,932.466,-19.5946,143.272,959.292,-14.5492,142.05,911.323,-5.75648,123.093,942.911,-7.75304,122.416,888.558,20.5312,118.615,887.426,17.7293,116.959,954.24,-25.3275,89.783,974.508,-20.439,89.5821,922.508,-20.511,52.0502,963.97,-18.5628,50.5338,899.616,-31.5221,16.179,971.423,-28.7044,12.7027,826.814,15.4339,112.145,826.275,17.7188,110.533,800.784,18.8864,108.312,802.51,16.1456,108.631,0,0,0
000402:937.325,-1.22529,157.364,937.317,-4.41588,160.425,937.525,-1.41161,160.331,935.177,-14.5936,159.09,943.061,-7.11433,158.913,933.094,-19.6603,143.503,950.431,-13.5793,142.19,914.36,-6.07095,123.484,934.495,-6.75157,122.612,891.65,20.4942,119.278,886.599,18.1759,117.133,952.63,-25.2961,90.0219,967.646,-19.846,89.9769,925.066,-20.6463,51.9104,962.957,-18.386,50.595,900.294,-31.2785,16.0107,971.479,-28.6258,12.5166,813.92,16.2879,112.872,810.664,18.3706,111.42,784.261,19.3289,109.487,788.423,16.8293,109.669,0,0,0
000403:937.08,-1.105,157.598,936.493,-4.25042,160.579,938.876,-1.32108,160.501,937.243,-14.2584,158.909,946.653,-7.57105,158.91,934.385,-19.1568,143.187,955.008,-14.7955,142.23,913.44,-4.74231,123.462,938.019,-8.0007,123.218,891.562,21.6376,118.798,888.578,18.3388,118.126,954.515,-25.1494,89.6679,969.75,-20.6868,89.8119,925.546,-20.2877,51.7449,963.656,-18.5557,50.4298,900.49,-31.3986,16.0102,968.448,-28.6018,12.8713,807.647,15.1657,113.611,807.178,17.1497,112.385,777.865,17.6311,110.538,782.542,15.6561,110.525,0,0,0
000404:940.735,-1.15681,157.533,939.282,-4.21852,160.485,942.719,-1.3984,160.418,937.211,-14.1123,158.743,950.11,-7.78673,158.734,930.515,-18.9364,143.204,959.008,-15.2683,142.096,906.112,-4.48763,123.87,940.273,-8.49908,123.054,889.158,21.4768,119.177,884.114,18.227,118.15,954.008,-25.4107,89.9801,974.302,-21.3373,89.9298,924.732,-20.1492,52.1577,968.921,-18.5107,50.5096,899.486,-31.4154,16.5761,972.34,-28.2442,13.0469,805.566,14.7684,114.811,804.489,16.1745,113.195,773.969,16.3143,111.798,779.2,14.8978,112.09,0,0,0
000405:938.917,-0.772136,157.71,938.524,-3.80656,160.623,940.201,-0.961998,160.519,938.154,-13.6993,158.686,945.192,-7.17972,158.716,932.257,-18.7567,143.08,951.143,-14.5629,142.179,908.516,-4.86056,123.318,934.062,-7.62416,123.461,884.302,21.1822,118.608,888.518,19.2779,118.286,952.122,-25.7199,90.3662,966.243,-21.4839,90.6901,927.228,-19.9836,52.0393,966.707,-18.5542,50.8778,900.913,-31.1398,16.1758,972.184,-28.5103,13.0979,811.252,11.1197,115.673,808.539,12.2763,113.9,779.987,12.3475,112.666,786.627,11.1316,113.086,0,0,0
000406:936.793,-0.483675,157.719,936.039,-3.55971,160.649,938.007,-0.754713,160.524,934.813,-13.5843,158.755,943.166,-7.08921,158.768,928.566,-18.699,143.186,950.543,-14.507,142.285,905.67,-4.71087,123.598,934.577,-7.44652,123.764,884.614,21.6146,119.006,888.559,19.5032,118.896,950.825,-25.4589,90.2903,966.843,-21.2042,90.5554,926.837,-19.9231,51.9685,967.688,-18.4362,50.7235,901.715,-30.9176,16.1393,972.876,-28.3714,12.9993,812.868,11.1073,116.026,808.259,12.0709,114.005,778.549,11.8291,112.801,787.034,10.797,113.446,0,0,0
000407:937.622,-0.188699,157.732,936.964,-3.25648,160.65,938.617,-0.407739,160.527,936.948,-13.3782,158.776,944.023,-6.7931,158.748,932.345,-18.8317,143.136,950.983,-14.1981,142.275,910.045,-5.28752,123.227,934.264,-7.02679,123.745,883.809,21.0299,118.499,888.938,19.8269,118.736,954.276,-25.7227,90.3359,968.172,-21.2276,90.7348,929.53,-19.9083,51.9444,968.496,-18.224,50.8981,901.773,-30.782,16.1903,971.641,-28.1043,13.2659,814.086,10.1688,116.397,807.445,10.8399,114.372,779.579,10.4279,113.418,789.8,9.65929,114.038,0,0,0
000408:934.627,-0.680583,157.883,933.627,-3.81199,160.835,934.432,-1.05115,160.74,932.836,-13.8185,159.17,939.138,-7.31877,159.15,930.101,-18.696,143.641,944.814,-14.7256,142.483,912.903,-3.94574,123.668,924.475,-8.07566,123.461,887.743,22.7669,119.888,878.967,18.677,118.957,951.176,-25.5117,90.7239,964.769,-21.2222,91.0178,926.085,-20.0444,52.3289,961.987,-18.7252,51.5159,901.815,-30.5503,16.3599,968.593,-28.2778,13.7307,872.571,19.5575,118.194,873.33,21.7682,118.351,867.989,25.0204,115.681,867.563,22.2005,114.126,0,0,0
000409:934.827,-0.482816,157.949,933.192,-3.59043,160.857,934.955,-0.831564,160.801,931.92,-13.4177,159.117,939.225,-7.10136,159.13,927.865,-18.1373,143.678,944.293,-14.5941,142.45,915.118,-3.28221,123.888,921.567,-7.51629,123.696,897.024,23.3908,120.246,875.232,20.0532,119.625,950.061,-25.4628,91.0648,964.813,-21.47,91.2677,926.202,-19.8577,52.4578,962.129,-18.9814,51.6345,904.855,-30.4782,16.0206,968.551,-28.4839,13.6925,916.409,22.2518,119.167,925.567,24.9177,119.985,932.63,29.3279,116.695,923.944,25.9444,114.475,0,0,0
000410:935.844,-0.217433,157.825,934.235,-3.24748,160.706,935.933,-0.641771,160.682,934.122,-13.2042,159.07,941.452,-7.29446,159.045,931.153,-18.1768,143.706,949.07,-15.1771,142.321,915.894,-3.69125,124.272,931.787,-7.93826,123.3,893.817,22.8143,121.245,889.245,20.5979,119.085,952.56,-25.7975,90.8254,967.675,-22.1286,91.0911,926.353,-19.6053,52.3027,962.433,-18.9639,51.6096,903.991,-30.4919,15.8606,968.951,-28.3956,13.7048,901.987,19.8646,120.133,905.387,21.8407,120.775,911.833,25.7832,118.068,908.497,23.0788,115.897,0,0,0
000411:935.01,-0.201436,157.815,933.151,-3.33427,160.695,935.195,-0.584985,160.658,932.288,-13.3363,158.965,941.041,-6.99864,158.933,929.11,-18.373,143.471,950.253,-14.517,141.955,913.754,-3.77713,124.269,935.145,-6.97317,123.049,893.442,23.501,121.651,891.493,21.3371,119.403,952.371,-25.8447,90.2549,969.642,-21.7042,90.3053,924.542,-19.9639,52.0053,963.34,-18.9626,50.9313,903.484,-30.4014,15.7152,970.416,-28.579,13.1396,895.351,21.6623,121.166,896.495,23.479,122.312,899.478,27.6148,119.966,898.525,25.1409,117.377,0,0,0
000412:934.165,-0.205737,158.056,932.216,-3.27063,160.926,934.637,-0.663483,160.915,931.546,-13.301,159.285,941.006,-7.39288,159.302,928.167,-18.1855,143.856,950.444,-15.2211,142.621,915.23,-3.6138,124.279,932.054,-7.42085,123.966,898.008,23.1574,120.94,887.488,21.6983,120.047,951.885,-25.6642,90.8088,969.64,-22.0869,91.0206,925.417,-19.4739,52.3022,963.344,-19.1504,51.4822,903.346,-30.0898,15.8816,967.869,-28.709,13.7124,921.308,20.4661,118.915,928.112,22.7451,119.138,936.415,26.5955,115.853,929.781,23.5521,114.128,0,0,0
000413:932.982,0.0729022,157.692,930.943,-3.0066,160.569,933.584,-0.383819,160.559,930.495,-13.0907,158.989,940.243,-7.13683,158.946,926.944,-18.0734,143.654,949.282,-15.0999,142.265,913.515,-3.10949,124.114,929.836,-7.66081,123.474,893.814,24.1295,121.033,883.4,21.1131,119.782,951.372,-25.7594,90.7628,969.212,-22.104,90.9057,924.652,-19.6473,52.345,962.221,-19.077,51.519,906.314,-30.2331,15.5335,969.443,-28.5088,13.4978,920.232,21.6565,119.704,926.692,23.8812,120.478,935.927,28.0822,117.403,929.724,25.1437,115.125,0,0,0
000414:934.974,0.301243,157.619,933.287,-2.71339,160.446,934.857,-0.221393,160.472,931.865,-12.8048,158.814,939.145,-7.16852,158.799,927.416,-17.7498,143.518,946.232,-15.3503,142.189,912.596,-3.00005,124.201,929.818,-7.70918,123.547,894.351,23.925,121.346,889.634,21.7945,119.873,949.868,-25.7337,90.6962,965.074,-22.4469,91.0388,927.143,-19.3211,52.0498,961.805,-19.1115,51.5845,907.109,-30.2216,15.3846,967.841,-28.5848,13.8344,904.485,19.2804,120.824,907.484,20.9706,121.161,912.863,24.6093,118.577,909.948,22.2105,116.65,0,0,0
000415:934.454,0.111396,157.681,932.848,-3.02958,160.546,934.73,-0.217528,160.525,932.418,-12.9205,158.836,939.674,-6.5115,158.807,928.764,-17.8188,143.465,947.02,-14.0057,142.02,913.178,-2.64055,124.174,931.55,-6.51778,123.394,892.926,24.685,121.264,891.851,21.8583,120.103,950.136,-25.504,90.7649,965.181,-21.3857,90.8986,926.396,-19.8478,52.2507,961.253,-18.9025,51.4242,904.942,-29.9125,15.8094,967.624,-28.2848,13.5767,909.145,24.5643,121.161,912.809,27.1323,123.033,919.003,32.1707,120.113,915.393,28.9706,116.882,0,0,0
000416:935.689,0.235184,157.531,934.249,-2.87758,160.403,935.439,-0.104002,160.401,933.469,-12.848,158.804,939.035,-6.52738,158.731,930.156,-17.8932,143.579,945.416,-14.1112,142.106,915.111,-2.8345,124.34,930.182,-6.62316,123.367,892.565,24.6138,121.76,892.273,21.89,119.825,952.084,-25.6689,90.9958,965.363,-21.5769,91.2509,928.947,-19.793,52.2225,961.648,-18.917,51.6579,907.063,-29.9772,15.4599,968.321,-28.2412,13.535,897.255,22.5302,121.725,897.27,24.7158,123.279,901.123,29.2017,120.682,901.07,26.3836,117.691,0,0,0
000417:934.541,0.514548,157.528,932.984,-2.60735,160.461,934.65,0.194021,160.446,931.81,-12.6299,159.044,939.31,-6.32515,158.928,927.821,-17.7675,143.857,947.824,-14.2561,142.173,911.619,-2.20642,124.556,934.814,-7.29116,122.953,892.912,25.6934,121.705,896.021,21.2827,119.474,950.337,-25.8635,90.786,966.193,-21.8989,90.8657,927.207,-19.8293,52.0229,962.159,-19.1302,51.2064,906.237,-29.9034,15.1381,968.79,-28.5952,13.1668,890.765,26.9002,121.808,891.759,29.6042,124.117,891.474,34.8672,121.464,890.396,31.6151,117.787,0,0,0
000418:934.938,0.465076,157.254,932.767,-2.58802,160.127,935.623,0.114811,160.14,931.048,-12.4224,158.657,941.556,-6.4339,158.538,925.422,-17.3575,143.632,951.331,-14.3963,141.869,909.216,-2.11257,124.844,935.796,-7.00774,123.133,892.999,25.0399,122.252,892.739,21.9329,120.219,949.893,-25.6572,90.8555,969.507,-22.0554,90.7503,924.446,-19.6105,52.3706,963.322,-19.1505,51.2579,905.617,-29.8459,15.4811,968.954,-28.3791,13.2538,920.773,25.8286,121.657,925.914,28.3254,123.491,933.33,33.3852,120.61,928.668,30.2734,117.346,0,0,0
000419:931.716,0.825,157.215,930.118,-2.22938,160.082,932.137,0.482946,160.066,929.959,-12.1544,158.539,937.88,-6.04844,158.439,927.256,-17.2016,143.541,946.637,-13.9024,141.875,913.959,-1.95408,124.625,932.809,-6.37217,123.164,895.896,25.7642,122.335,895.448,22.8003,119.885,948.496,-25.5522,91.0837,963.949,-21.7416,91.2046,925.47,-19.4449,52.3032,960.337,-18.7186,51.5689,905.814,-29.9081,15.2242,967.818,-28.0526,13.3165,904.28,23.871,122.057,906.495,26.0286,123.567,909.513,30.5683,121.031,907.425,27.8097,118.074,0,0,0
000420:936.859,0.619717,157.256,935.412,-2.50691,160.12,936.515,0.337227,160.107,934.03,-12.4891,158.505,939.475,-5.92341,158.422,928.831,-17.491,143.402,942.937,-13.3103,141.869,914.507,-2.51157,124.498,921.603,-5.37071,123.665,893.381,25.5369,122.398,880.311,23.1607,120.588,949.322,-25.5835,90.7823,962.483,-21.3147,90.9762,926.63,-19.7643,51.9554,960.405,-18.7424,51.2413,905.897,-29.9045,15.1254,967.422,-28.1821,13.0836,922.37,22.4022,120.825,927.435,24.6709,121.772,937.644,28.8065,118.717,932.981,25.9043,116.362,0,0,0
000421:934.204,0.842556,157.437,932.127,-2.20584,160.258,934.33,0.480686,160.294,930.37,-12.1318,158.637,939.015,-6.10487,158.593,925.26,-16.912,143.539,946.866,-14.0092,142.013,911.708,-1.13817,124.32,928.153,-5.98882,123.572,895.354,26.9075,121.647,884.093,23.9425,120.67,950.212,-25.6659,90.6684,967.621,-22.0921,90.7281,924.925,-19.5735,51.8792,962.289,-19.0752,50.958,904.878,-29.9406,14.9173,968.099,-28.2455,12.7423,924.575,23.3087,121.483,929.636,25.4411,122.636,938.213,29.8336,119.796,933.401,27.1028,117.151,0,0,0
000422:933.978,0.913422,157.412,932.059,-2.1069,160.198,933.628,0.534262,160.228,930.75,-12.0488,158.407,937.716,-6.08844,158.391,927.649,-16.8259,143.202,945.456,-14.1181,141.767,915.259,-1.23371,123.876,930.708,-6.19051,123.297,897.18,26.4216,121.128,892.202,24.0571,120.133,951.761,-25.6209,90.3875,967.15,-22.1827,90.5577,925.079,-19.3794,51.7598,962.514,-19.1096,50.8621,903.611,-29.7831,15.1033,969.339,-28.2819,12.7023,919.052,22.2669,120.784,920.934,24.2897,121.653,927.666,28.3919,118.869,925.886,25.7594,116.487,0,0,0
000423:935.1,0.908234,157.124,933.836,-2.07382,159.989,934.882,0.571455,159.994,932.707,-12.0077,158.461,938.118,-6.02714,158.377,927.687,-16.9876,143.475,942.724,-14.1734,142.082,913.663,-1.74315,123.908,923.431,-6.78647,123.633,893.799,25.7559,120.735,882.967,22.3089,120.345,947.947,-25.8171,91.0528,961.544,-22.3838,91.3666,925.429,-19.3025,51.986,959.996,-19.3652,51.3693,904.792,-29.4444,14.7919,967.182,-28.5783,12.9071,918.95,20.9416,120.107,922.014,23.3768,120.508,931.026,27.2115,117.216,928.364,24.1698,115.298,0,0,0
000424:935.153,0.843317,157.375,933.19,-2.16249,160.169,934.607,0.488254,160.198,930.693,-12.0808,158.404,937.963,-6.10236,158.377,925.618,-16.8885,143.328,944.874,-14.13,141.8,911.565,-1.4822,124.437,928.726,-6.03557,123.527,895.096,26.4531,122.204,889.693,24.2037,120.591,950.099,-25.9433,90.4658,966.444,-22.5307,90.605,924.856,-19.4217,51.6449,963.85,-19.2676,50.667,903.522,-29.7947,14.8189,970.79,-28.5279,12.3919,919.777,21.568,121.359,923.732,23.5499,121.772,932.498,27.3532,118.856,928.723,24.7483,116.927,0,0,0
000425:934.126,1.23776,157.205,932.798,-1.77648,160.031,933.247,0.882591,160.061,931.167,-11.8497,158.382,935.595,-5.74482,158.344,926.547,-16.8172,143.375,940.395,-13.869,142.062,912.415,-1.34785,123.814,923.644,-6.23103,123.83,893.6,26.6942,120.886,886.726,23.3999,120.884,948.139,-25.7833,90.9042,961.245,-22.2212,91.2706,924.339,-19.2613,51.8289,960.441,-18.9855,51.1631,902.276,-29.6256,14.723,968.303,-28.2169,12.5593,913.311,19.9737,120.926,914.161,22.0594,121.153,921.656,25.5632,118.152,920.916,22.9109,116.384,0,0,0
000426:931.238,1.18366,157.175,929.429,-1.87576,160.023,931.902,0.8045,160.017,929.858,-11.9445,158.322,938.757,-5.84762,158.27,927.218,-16.9377,143.208,949.525,-14.2024,141.696,913.498,-1.10424,123.649,936.409,-6.99171,123.036,894.412,27.0198,120.754,895.248,22.555,120.273,950.393,-25.826,90.489,968.133,-22.3729,90.5661,922.165,-19.3109,51.833,961.641,-19.2455,50.7781,902.576,-29.3035,14.7067,969.89,-28.4546,12.2746,917.284,23.2398,121.376,917.41,25.6613,122.523,924.09,30.0655,119.49,924.173,27.1227,116.87,0,0,0
000427:935.266,1.20447,157.36,933.584,-1.82583,160.238,935.936,0.822829,160.233,932.983,-11.8905,158.591,941.378,-5.88141,158.51,926.825,-16.9216,143.371,948.947,-14.376,141.842,909.793,-1.42209,123.716,932.669,-7.45558,123.048,890.678,26.2737,120.522,892.179,21.597,120.014,946.993,-25.803,90.5795,964.421,-22.4124,90.6973,922.181,-19.2756,51.7436,961.12,-19.0826,50.7687,902.279,-29.3546,14.5896,969.106,-28.1208,12.2832,936.072,22.4578,120.182,942.137,24.9914,121.207,955.787,29.5371,117.873,949.819,26.4316,115.348,0,0,0
000428:930.85,1.59533,157.27,928.75,-1.43772,160.159,931.645,1.32483,160.145,928.403,-11.4299,158.63,937.754,-5.17986,158.44,923.014,-16.7065,143.6,946.081,-13.4883,141.842,908.637,-1.38974,124.122,927.399,-6.54336,123.098,890.08,26.4613,121.088,883.147,22.0619,120.356,946.649,-25.8638,90.9577,964.829,-22.0991,90.9113,921.49,-19.5502,52.1258,959.898,-19.0196,51.0593,904.596,-29.2491,14.5773,968.519,-27.8401,12.3933,948.41,23.9399,121.03,954.414,26.5894,122.66,971.293,31.599,119.336,965.835,28.4111,116.213,0,0,0
000429:931.109,1.27185,156.857,929.324,-1.73402,159.724,931.978,0.943558,159.711,928.918,-11.6273,158.146,937.739,-5.67866,158.036,923.563,-16.7122,143.266,946.236,-14.1864,141.626,906.267,-0.817584,123.881,930.353,-7.1554,122.989,887.61,27.0581,120.851,885.924,22.5044,120.402,946.363,-26.1126,91.0991,964.036,-22.7754,91.1927,922.66,-19.402,52.2056,960.359,-19.2658,51.3117,904.887,-29.0332,14.6105,968.304,-27.8793,12.708,924.078,26.2897,122.023,926.896,29.3699,124.014,937.508,34.9257,120.581,934.94,31.3516,117.141,0,0,0
000430:932.015,1.52957,156.729,929.892,-1.49101,159.664,933.198,1.1987,159.628,929.462,-11.4852,158.26,940.189,-5.42864,158.069,922.313,-16.7731,143.325,948.796,-14.0853,141.607,903.194,-1.41949,123.715,926.664,-7.68335,122.753,882.454,26.186,120.472,873.138,20.4017,120.095,947.1,-25.9339,90.8204,967.805,-22.5026,90.743,920.283,-19.2435,52.1482,962.239,-19.2047,50.8783,903.411,-28.6361,14.5262,971.201,-27.9954,12.0559,936.979,24.6813,120.722,940.48,27.8917,122.6,956.436,33.2697,118.843,953.594,29.5633,115.518,0,0,0
000431:930.041,1.53445,156.604,927.791,-1.44963,159.507,931.329,1.19857,159.491,926.688,-11.4246,158.067,938.41,-5.52137,157.905,919.975,-16.6741,143.294,948.897,-14.2746,141.507,901.965,-1.11837,123.973,932.547,-7.53298,122.733,886.278,26.8012,120.921,884.383,21.644,120.34,944.967,-26.209,90.937,966.332,-22.9996,90.8585,919.579,-19.1018,52.1566,960.783,-19.3924,51.0109,904.638,-28.6634,14.2468,969.484,-28.3177,12.3151,931.761,25.5834,121.891,937.251,28.5827,123.48,947.873,33.8062,120.069,942.885,30.333,117.011,0,0,0
000432:930.938,1.66249,156.748,929.062,-1.21974,159.616,932.031,1.30477,159.648,928.856,-11.1883,158.209,938.494,-5.70219,158.039,923.235,-16.489,143.408,946.484,-14.8388,141.745,907.738,-0.753564,123.602,927.897,-8.16136,122.751,890.945,26.978,120.058,882.919,21.683,119.824,945.015,-26.4728,91.2886,963.105,-23.6427,91.4812,921.338,-18.9767,52.2748,960.377,-19.4501,51.4634,902.537,-28.653,14.486,968.214,-27.9397,12.682,941.125,24.3235,121.368,947.592,27.1881,122.867,962.715,32.4521,119.453,956.601,29.0745,116.357,0,0,0
000433:931.542,1.52396,156.387,929.103,-1.40374,159.212,932.836,1.10067,159.271,928.493,-11.4378,157.717,940.747,-5.92079,157.583,922.225,-16.5596,142.834,950.869,-14.927,141.128,907.468,-0.72209,123.308,931.379,-7.7817,122.389,893.167,27.267,120.162,881.666,22.3688,120.015,945.994,-26.2812,90.2904,967.691,-23.4594,90.2748,917.494,-19.0284,51.8309,960.589,-19.3837,50.6307,901.703,-28.6712,14.2656,968.74,-27.8511,12.0839,953.148,23.5032,121.132,959.592,25.9917,122.483,975.642,30.9739,119.207,969.966,27.9972,116.251,0,0,0
000434:931.228,1.84144,156.107,929.394,-1.1062,159.012,932.454,1.52912,158.992,928.878,-11.0594,157.637,938.431,-5.22437,157.392,922.569,-16.3882,142.942,945.569,-14.104,141.032,905.649,-0.732843,123.787,927.54,-7.62028,122.133,888.271,27.0912,120.972,882.635,21.4806,119.5,943.359,-26.0874,90.7355,961.18,-22.9009,90.7654,921.084,-19.1663,51.867,959.228,-19.3088,50.8859,904.077,-28.5856,14.1735,968.108,-27.9097,12.249,935.652,26.4173,120.751,940.908,29.5008,122.55,954.051,34.8919,119.033,949.383,31.3604,115.744,0,0,0
000435:930.724,1.7827,156.036,928.719,-1.07587,158.862,932.066,1.42541,158.897,927.797,-11.0161,157.427,938.93,-5.64283,157.221,919.846,-16.2838,142.69,948.206,-14.8389,140.929,903.666,-0.355274,123.174,929.455,-7.60941,122.258,890.536,27.5969,119.724,882.698,23.1874,119.82,941.998,-26.6762,90.6753,962.993,-24.0225,90.7326,918.979,-19.0453,51.8706,960.03,-19.6831,50.8516,905.135,-28.2246,13.7778,969.673,-27.8642,12.0003,936.681,25.8983,121.032,942.541,28.6582,122.432,957.38,33.8737,119.006,951.952,30.665,116.022,0,0,0
000436:932.584,1.41526,155.78,930.827,-1.52522,158.65,933.774,1.12124,158.67,929.848,-11.433,157.293,939.907,-5.63112,157.045,921.926,-16.7471,142.584,946.436,-14.3531,140.657,902.283,-0.995368,123.673,925.918,-7.26687,121.981,884.813,26.9362,120.995,876.428,22.3778,119.843,942.633,-26.5149,90.2708,961.316,-23.2688,90.2982,920.318,-19.4761,51.5788,958.487,-19.3586,50.5852,905.944,-28.6243,13.6979,967.723,-27.5785,12.0412,923.664,27.9508,121.415,929.864,31.0244,123.524,941.93,36.724,120.142,936.256,33.2211,116.561,0,0,0
000437:931.302,1.69617,155.762,929.335,-1.18198,158.626,932.911,1.37653,158.644,927.885,-11.0769,157.298,939.586,-5.552,157.054,920.168,-16.4378,142.62,948.009,-14.623,140.691,901.641,-0.514535,123.362,929.752,-7.77878,121.747,887.089,27.373,120.012,881.406,22.3665,119.351,942.098,-26.6262,90.4765,962.449,-23.6872,90.4636,919.177,-19.3396,51.9799,958.167,-19.3702,50.9922,903.674,-28.7305,14.3316,965.759,-27.6515,12.8018,923.737,28.6106,121.191,928.796,31.79,123.537,937.909,37.7804,120.24,933.391,34.1961,116.384,0,0,0
000438:930.032,2.05127,155.567,928.803,-0.858539,158.477,930.322,1.77567,158.463,927.588,-10.9279,157.232,933.521,-5.09641,156.942,921.565,-16.7299,142.547,937.537,-14.098,140.695,906.636,-1.42038,123.072,920.524,-7.56185,121.777,890.893,26.8097,119.846,883.429,21.8234,118.916,940.229,-26.8538,90.5647,953.82,-23.458,90.893,922.141,-19.3844,51.6267,956.15,-19.2782,51.0821,905.926,-28.4975,13.7075,966.188,-27.6869,12.5948,922.52,27.6823,120.989,926.856,30.9005,123.25,935.809,36.8035,119.954,931.907,33.1674,116.174,0,0,0
000439:928.759,2.15459,155.831,927.766,-0.750917,158.741,929.108,1.84585,158.71,926.66,-10.8249,157.473,931.801,-5.04564,157.191,920.661,-16.5314,142.653,935.745,-14.0341,140.858,905.833,-1.03709,122.933,921.172,-7.55087,121.721,890.405,27.0424,119.259,888.498,22.1011,118.411,937.964,-26.5307,90.3643,950.767,-23.151,90.7233,921.705,-19.4292,51.3899,955.033,-19.1385,50.8523,905.059,-28.5852,13.7537,965.722,-27.4616,12.4471,920.069,27.8997,120.175,923.594,31.0457,122.408,931.277,36.875,119.154,928.017,33.3295,115.394,0,0,0
000440:929.281,1.97167,155.59,927.812,-0.867348,158.439,929.707,1.69487,158.433,926.073,-10.8119,157.011,932.794,-5.16097,156.775,919.369,-16.2809,142.324,936.594,-14.0792,140.61,906.556,-0.757051,122.673,918.723,-6.98905,121.84,893.699,27.449,119.139,882.208,23.3501,118.479,938.16,-26.7275,90.6601,952.254,-23.5884,90.9961,921.282,-19.3436,51.6228,955.113,-19.3151,51.1336,905.771,-28.6774,13.7274,964.567,-27.4864,12.6235,940.101,25.2604,119.036,947.902,28.1743,120.108,960.14,33.1761,116.579,952.717,29.8159,113.93,0,0,0
000441:928.807,2.05076,155.679,927.538,-0.837871,158.586,928.973,1.71532,158.568,925.979,-11.0217,157.347,932.104,-5.31206,157.083,919.973,-16.7633,142.694,935.561,-14.447,140.93,904.137,-1.50998,123.361,916.748,-7.69572,122.194,887.548,26.7826,120.203,877.335,22.3154,119.091,939.713,-26.9193,90.2638,953.078,-23.6782,90.6957,920.685,-19.3889,51.3412,954.553,-19.1823,50.8887,903.336,-28.7064,13.6654,964.269,-27.4321,12.5986,918.886,26.6645,119.273,924.049,30.1182,120.498,931.817,35.3357,116.612,927.077,31.4533,113.855,0,0,0
000442:929.165,2.0049,155.326,928.205,-0.823509,158.185,928.572,1.72453,158.158,926.064,-10.7954,156.772,928.6,-5.17188,156.557,921.337,-16.3914,142.157,928.38,-14.1082,140.55,910.98,-1.23499,122.803,910.408,-7.05119,122.053,895.711,27.0532,119.79,882.02,23.3955,118.416,938.691,-26.8669,90.4285,947.145,-23.7086,91.1132,924.509,-19.1194,51.1824,954.401,-19.2178,51.0858,904.771,-28.6311,13.6286,963.905,-27.7278,12.7923,934.508,26.1324,118.313,942.858,29.4081,119.001,951.609,34.3564,115.148,943.557,30.6022,112.915,0,0,0
000443:928.54,2.19078,155.112,927.709,-0.655017,158.012,928.399,1.93532,157.965,926.407,-10.7062,156.735,929.569,-4.96141,156.482,920.622,-16.5073,142.136,930.19,-13.9339,140.502,906.426,-1.45444,122.54,910.483,-6.90099,121.964,886.075,26.933,119.276,874.972,23.2086,118.578,938.505,-27.073,90.4502,948.361,-23.8182,91.0498,923.116,-19.1571,51.2371,953.189,-19.4713,51.094,905.151,-28.2118,13.3511,963.99,-28.0801,12.5301,922.858,26.3429,118.476,928.28,29.869,119.56,937.731,35.0615,115.579,932.485,31.0923,112.982,0,0,0
000444:926.789,2.14303,154.907,925.669,-0.679363,157.809,926.841,1.91276,157.777,924.132,-10.7567,156.626,929.399,-4.91026,156.365,917.102,-16.6942,142.113,930.846,-13.7252,140.462,902.575,-2.27758,122.478,907.378,-6.57933,122.054,886.229,26.0111,118.911,865.264,22.9605,118.777,935.688,-27.1843,90.4507,948.354,-23.6675,90.9388,919.942,-19.3229,51.3495,953.584,-19.0665,50.9835,903.139,-28.5916,13.4762,963.433,-27.5087,12.561,935.458,24.0339,118.059,943.026,27.2761,118.581,956.571,31.9749,114.599,949.446,28.272,112.518,0,0,0
000445:927.289,2.07894,154.559,925.569,-0.636056,157.471,928.21,1.76276,157.478,923.849,-10.7591,156.481,932.952,-5.47255,156.198,914.834,-16.7351,142.013,936.871,-14.9051,140.352,898.921,-2.39938,121.956,912.252,-8.13675,121.486,884.504,25.3954,117.654,863.562,21.657,117.965,934.719,-27.4471,90.313,951.674,-24.5698,90.7335,916.991,-18.9387,51.4768,951.812,-19.2649,51.1859,904.942,-28.3671,13.1502,961.032,-27.5895,12.9283,945.018,22.6657,117.119,954.532,25.9058,117.552,969.671,30.6972,113.526,960.854,26.9948,111.427,0,0,0
000446:926.908,2.02572,154.02,925.527,-0.711875,156.975,927.934,1.83648,156.958,924.342,-10.6808,156.104,933.277,-5.05998,155.737,914.143,-16.8263,141.86,935.156,-14.3919,139.952,892.612,-2.63854,122.326,902.96,-8.27823,121.195,873.346,24.9468,118.505,841.513,19.8681,118.368,934.611,-27.6903,90.4071,951.608,-24.4344,90.6568,916.456,-19.4398,51.7538,951.611,-19.2335,51.25,904.061,-28.7054,13.4968,961.592,-27.4737,13.0295,923.553,25.7759,118.577,934.095,29.8182,120.14,948.081,35.689,115.95,938.31,31.2383,112.87,0,0,0
000447:923.945,1.988,154.13,923.007,-0.878317,157.134,924.639,1.87583,157.073,922.515,-11.0286,156.243,928.5,-4.67998,155.873,914.476,-17.3852,141.845,929.345,-13.3363,139.981,898.603,-3.44488,122.075,901.278,-7.13192,121.047,880.917,25.1229,118.449,851.261,20.2405,117.66,931.928,-27.4622,90.2734,944.953,-23.2339,90.6644,916.828,-19.6603,51.4429,947.85,-18.5078,51.1824,906.143,-28.7851,12.9444,960.708,-27.07,12.7734,927.381,25.7079,118.121,936.941,29.4925,119.745,949.676,35.1133,115.854,940.863,30.9424,112.759,0,0,0
000448:923.118,2.11897,153.996,922.265,-0.706439,156.954,923.516,1.96605,156.894,922.019,-10.8211,155.921,926.735,-4.72653,155.579,915.662,-17.1229,141.342,927.807,-13.5063,139.609,902.578,-3.18949,121.313,901.918,-6.94213,120.75,882.926,25.1976,117.441,855.908,21.2667,117.189,933.615,-27.4352,89.7461,945.235,-23.5052,90.248,917.338,-19.4127,51.0926,947.851,-18.7413,50.8902,905.147,-28.361,12.9248,960.956,-27.2617,12.5467,925.686,25.419,117.187,932.667,28.9193,118.547,946.14,34.2472,114.716,939.796,30.363,111.84,0,0,0
000449:923.012,2.18151,153.507,921.607,-0.539265,156.396,923.514,1.99562,156.378,921.059,-10.6496,155.307,927.948,-4.91732,155.002,914.826,-16.9465,141.006,928.896,-13.8923,139.339,903.922,-3.47915,121.18,900.403,-7.00644,120.882,888.935,24.6695,117.471,852.351,21.7905,117.366,932.711,-27.6275,90.2233,945.253,-24.0407,90.7958,916.77,-19.0128,51.5176,947.627,-18.5884,51.5336,905.678,-28.6519,13.1312,958.544,-27.1541,13.3906,952.72,21.3172,116.666,966.967,24.4179,116.748,984.613,28.9705,112.805,971.015,25.3811,111.089,0,0,0
000450:922.169,2.02939,153.582,920.63,-0.728936,156.64,922.742,1.9136,156.516,919.667,-10.8715,155.844,927.141,-4.86026,155.489,913.178,-17.5397,141.566,929.311,-13.9951,139.839,898.288,-4.19842,121.178,902.935,-8.14099,120.668,882.746,23.8818,116.384,851.729,19.5962,116.486,933.357,-28.1443,90.3656,947.14,-24.329,90.8812,917.345,-19.2918,51.5827,948.709,-19.0388,51.4787,904.142,-28.1211,13.2128,957.981,-27.7039,13.4986,931.482,26.1585,115.664,940.973,30.7016,116.644,951.291,36.3471,112.003,942.437,31.4178,109.556,0,0,0
000451:922.839,1.89424,153.284,921.341,-0.957374,156.306,923.197,1.75704,156.184,919.507,-11.1297,155.353,926.315,-4.81234,155.016,912.38,-17.6096,140.913,928.652,-13.4595,139.136,899.63,-4.13495,120.861,906.31,-7.3051,120.104,887.052,24.4506,116.728,863.168,20.2174,116.092,931.547,-27.591,89.57,944.964,-23.3477,89.9955,916.335,-19.5344,51.0639,946.11,-18.5231,50.9414,906.477,-28.512,12.8269,956.362,-27.2131,13.2277,929.858,25.4216,116.031,938.126,29.3054,117.343,947.522,34.798,113.331,939.89,30.5318,110.563,0,0,0
000452:924.139,1.68989,152.984,922.691,-1.16745,156.037,924.333,1.61847,155.904,920.001,-11.3547,155.179,926.376,-4.81559,154.798,911.163,-18.1124,140.873,928.262,-13.3444,139.011,896.094,-5.14521,120.852,906.435,-7.2912,119.878,883.646,23.5304,116.753,861.963,19.695,115.859,930.705,-28.1573,89.8275,944.774,-23.6312,90.229,917.049,-19.7576,51.1969,947.526,-18.7275,51.0642,906.999,-28.3148,12.7593,957.293,-27.4254,13.3156,922.183,24.811,116.996,929.178,28.6984,118.405,938.538,34.2338,114.522,932.227,29.9775,111.667,0,0,0
000453:924.263,1.38132,152.942,922.182,-1.33024,155.97,924.438,1.296,155.88,919.582,-11.3519,155.116,927.192,-5.29984,154.812,911.006,-17.7493,140.877,928.606,-14.1803,139.323,897.333,-4.42208,120.265,903.348,-8.31921,120.17,884.19,23.6976,115.242,854.943,19.0516,115.624,932.271,-28.178,90.1255,946.656,-24.2604,90.683,916.834,-19.4407,51.445,946.206,-18.6358,51.5749,908.86,-28.5893,12.5882,954.757,-26.9315,13.7078,953.334,22.7639,113.288,963.302,27.1478,113.609,980.293,32.2258,108.639,970.962,27.4259,106.807,0,0,0
000454:921.961,1.56299,152.723,920.391,-1.13861,155.766,922.148,1.48595,155.631,918.64,-11.2674,154.965,925.261,-5.2674,154.642,911.347,-17.9368,140.757,927.592,-14.3602,139.202,897.629,-4.6626,120.072,905.594,-8.49183,119.906,883.642,23.735,114.863,862.289,19.4761,114.929,930.02,-28.5459,90.1309,943.72,-24.7611,90.8007,916.104,-19.1756,51.4933,946.91,-19.0357,51.5685,904.726,-27.6505,13.0058,956.287,-27.5922,13.7875,927.746,24.7767,112.903,933.137,29.4286,113.181,944.805,34.4957,108.128,939.975,29.4785,106.371,0,0,0
000455:920.73,1.5307,152.352,919.578,-1.15344,155.473,920.581,1.47961,155.294,918.513,-11.3466,154.851,923.84,-5.16589,154.48,911.977,-18.1506,140.774,924.875,-14.0761,139.207,893.48,-5.24644,120.078,901.297,-8.60177,119.764,873.296,22.71,114.67,854.551,18.0933,114.707,930.134,-28.4608,89.8479,941.081,-24.2092,90.6144,918.365,-19.5359,50.9747,943.713,-18.4434,51.4492,907.431,-28.3709,12.4012,950.982,-26.8015,13.8804,904.726,22.3038,113.462,907.267,26.4781,113.175,908.559,30.5406,108.863,906.609,26.1131,107.654,0,0,0
000456:922.143,1.69237,152.208,921.246,-0.898522,155.191,923.189,1.61644,155.018,919.949,-11.031,153.959,926.802,-5.30007,153.651,911.77,-17.5258,139.741,929.171,-14.7284,138.43,886.1,-5.04456,120.095,908.261,-9.10536,120.282,862.45,21.2836,114.307,858.752,18.3048,115.466,932.509,-28.057,88.6589,943.213,-24.7092,89.5312,919.91,-19.0494,50.221,945.091,-18.4834,50.7947,905.93,-28.6938,12.7097,949.618,-26.7902,14.0387,811.081,8.96631,113.67,802.078,10.4838,110.747,771.816,9.81012,109.182,784.123,8.5469,110.616,0,0,0
000457:919.692,1.67011,151.953,919.498,-0.941497,154.945,920.451,1.61943,154.763,919.724,-11.0744,153.802,923.237,-5.22765,153.517,915.809,-17.7601,139.482,925.996,-14.3138,138.346,898.808,-5.08782,119.438,916.664,-8.20742,119.901,879.814,22.4327,113.553,889.216,20.0823,114.186,930.49,-27.9871,88.4849,936.872,-24.3346,89.6506,919.364,-19.0008,50.179,944.198,-18.2676,50.7406,902.308,-28.3995,13.025,952.347,-26.8229,13.8284,808.524,11.0746,113.208,795.826,12.7362,110.738,763.035,12.2946,109.305,779.156,10.9188,110.293,0,0,0
000458:918.909,1.16226,151.792,918.108,-1.43388,154.797,920.698,1.11702,154.641,918.503,-11.544,153.836,926.6,-5.76426,153.511,912.293,-18.1876,139.52,930.896,-14.9134,138.164,891.375,-5.87674,119.74,914.888,-8.95842,119.614,872.091,21.1791,113.85,874.129,18.7754,114.04,927.563,-28.2643,88.1685,938.491,-24.7062,89.1306,916.138,-19.0544,50.1547,941.317,-18.3437,50.6868,906.288,-28.4896,12.3925,949.24,-26.9069,14.1855,813.19,11.4737,111.779,805.216,13.4469,109.432,778.243,13.2785,107.531,789.922,11.5468,108.455,887.315,41.6271,103.639
000459:920.233,0.965075,151.548,918.971,-1.70886,154.596,922.617,1.00685,154.419,917.728,-11.8067,153.555,929.02,-5.58514,153.195,908.491,-18.4117,139.285,932.496,-14.6244,137.679,881.749,-6.57403,120.054,906.301,-9.18621,119.32,857.936,19.9569,114.683,846.833,16.4836,114.455,928.743,-28.3038,87.9062,944.262,-24.5125,88.4537,912.902,-19.0934,50.2831,943.804,-18.5789,50.2179,902.526,-28.1502,12.8318,950.94,-27.4837,13.8286,829.33,11.7505,110.935,823.653,13.9027,108.412,794.117,13.6158,106.454,803.688,11.7065,107.676,887.49,41.6067,102.573
000460:917.852,0.747875,151.37,916.974,-2.05845,154.48,920.122,0.89093,154.266,917.551,-12.2062,153.475,927.167,-5.18007,153.132,910.714,-18.9688,139,930.768,-13.5534,137.477,886.997,-7.26268,119.295,906.225,-8.64421,118.726,864.061,20.1723,113.894,849.845,15.2401,113.384,928.483,-27.958,87.8446,941.682,-23.1392,88.3913,911.897,-19.4299,50.3148,939.88,-17.8129,50.3084,903.795,-28.3938,12.4678,950.116,-26.9792,13.6289,822.357,13.0489,109.259,819.075,16.0479,107.512,793.692,16.5058,104.88,800.376,13.7544,105.474,887.571,41.5934,101.524
000461:918.041,0.42779,151.399,917.103,-2.29095,154.509,920.859,0.588636,154.313,917.99,-12.2409,153.631,929.371,-5.53936,153.229,911.081,-18.9312,139.114,932.347,-14.0851,137.574,887.398,-7.31957,119.107,901.966,-9.25613,118.674,866.264,19.1437,112.922,839.045,14.5879,113.004,927.888,-28.1688,88.024,941.025,-23.6869,88.5694,914.085,-19.5754,50.4913,936.527,-18.3774,50.864,909.763,-27.9806,12.3248,941.922,-26.8907,14.8664,822.889,13.6712,108.803,823.632,16.9295,107.353,799.672,17.8399,104.539,802.62,14.8106,104.865,890.448,41.2602,100.358
000462:914.707,0.548098,150.997,913.93,-2.15647,154.131,917.163,0.723788,153.925,915.183,-12.1537,153.333,924.911,-5.43839,152.936,910.95,-19.0514,138.743,928.894,-14.117,137.375,890.734,-7.54826,118.102,906.001,-9.88155,118.001,871.121,18.9041,111.195,857.11,13.78,111.326,927.335,-28.0421,87.9044,938.705,-23.5008,88.603,912.83,-19.4151,50.5152,937.562,-18.1631,50.7459,904.925,-27.8313,12.6384,946.013,-26.7193,14.4224,815.578,14.8612,106.85,815.747,18.6501,105.705,791.807,19.8983,102.59,795.051,16.3745,102.617,887.916,41.5503,99.0473
000463:915.703,-0.166842,150.459,913.951,-2.80193,153.513,917.915,-0.0441587,153.341,912.309,-12.5445,152.531,924.989,-6.31002,152.175,905.824,-18.9833,138.056,929.81,-14.9151,136.657,884.149,-7.03859,117.949,909.249,-10.0573,117.357,871.493,18.6334,111.177,860.656,14.9538,110.737,926.777,-27.9378,87.7132,941.83,-24.0426,88.2585,911.872,-19.1207,50.7027,941.617,-18.8154,50.5457,904.047,-27.3176,13.2484,948.848,-27.2892,14.4571,819.966,15.0569,106.738,824.344,18.4789,105.525,798.991,19.8554,102.715,798.323,16.6569,102.757,888.088,41.5278,97.6362
000464:913.785,-0.136203,150.916,912.832,-2.86274,154.034,915.722,0.041978,153.876,912.526,-12.8342,153.108,921.186,-6.13527,152.757,908.685,-19.6978,138.109,923.82,-14.6585,136.887,890.347,-8.79462,117.106,906.089,-10.5457,117.048,873.03,16.4738,109.562,868.632,12.9053,109.533,926.049,-27.8554,86.9637,935.292,-23.3395,87.8026,913.047,-19.1627,49.9057,936.509,-18.4866,50.2175,904.067,-27.3125,12.6448,945.28,-27.3893,14.3873,826.561,15.0165,105.259,833.686,18.7106,104.489,807.801,20.4746,101.738,804.408,17.025,101.406,0,0,0
000465:912.416,-0.476858,150.419,911.114,-3.19304,153.57,915.664,-0.306178,153.38,910.319,-12.9645,152.732,924.223,-6.29484,152.354,904.034,-19.6536,137.878,929.128,-14.7257,136.461,881.865,-8.89607,117.044,905.882,-11.0561,116.538,868.164,15.7395,109.245,853.642,11.1956,109.285,922.547,-27.5956,87.1465,939.034,-23.1274,87.5069,906.603,-19.2547,50.5427,940.025,-18.4577,49.9802,900.001,-27.3325,13.3757,951.416,-27.1743,13.7907,827.766,15.2157,104.728,838.48,19.2803,104.153,812.77,21.4548,101.119,805.74,17.5937,100.679,888.255,42.1769,94.8139
000466:911.79,-0.955619,150.356,910.517,-3.62532,153.504,916.227,-0.712619,153.309,910.773,-13.1917,152.664,927.247,-6.56467,152.204,903.336,-19.7386,137.775,933,-15.0232,136.18,880.125,-9.29253,116.877,903.495,-11.7699,115.821,866.042,14.4883,108.93,842.526,9.62137,107.831,921.13,-27.6075,87.4041,940.426,-23.3471,87.5488,904.466,-19.0085,50.9246,938.421,-18.882,50.2404,903.95,-26.5964,13.0628,950.887,-27.5131,13.8336,839.497,14.1359,102.578,856.375,18.2959,101.54,835.995,20.3024,98.122,823.054,16.2972,98.1969,0,0,0
000467:908.534,-0.858215,150.799,907.361,-3.60178,153.983,913.327,-0.473977,153.698,909.264,-13.2264,152.989,925.9,-5.92178,152.46,903.534,-20.1805,137.853,934.947,-13.9556,136.101,884.097,-10.3049,116.237,908.31,-10.7573,114.818,873.03,14.0356,107.66,849.216,10.068,105.167,922.159,-27.9887,87.7286,942.364,-22.8904,87.7205,904.09,-19.4808,51.3453,938.83,-18.685,50.4872,905.159,-26.4066,13.1622,949.64,-27.1942,14.1269,856.283,13.0685,100.199,872.697,17.6052,99.2132,853.549,19.7437,95.4364,840.768,15.3709,95.514,891.402,41.813,91.8541
000468:909.284,-1.51489,150.675,908.057,-4.30825,153.787,914.347,-1.13334,153.558,909.134,-13.8662,152.563,927.303,-6.45585,152.129,902.092,-20.3832,137.289,937.194,-14.1551,135.643,881.593,-9.98035,116.007,912.445,-10.3307,114.638,873.188,14.7003,107.85,854.063,11.1684,105.477,921.016,-27.7006,87.2409,942.895,-22.68,87.182,903.759,-19.2933,50.9939,938.217,-18.7462,50.1219,906.833,-26.3297,12.738,948.027,-27.5926,14.0938,853.997,14.3792,98.5498,874.486,19.2101,97.0894,852.74,21.2638,93.0297,836.391,16.6115,93.613,891.302,42.4934,90.4581
000469:905.869,-1.36314,151.012,904.827,-4.14509,154.184,911.103,-0.972002,153.937,907.437,-13.8622,153.128,924.857,-6.48965,152.686,904.274,-20.7873,137.582,936.796,-14.3938,136.121,891.268,-11.0071,115.01,917.314,-11.0089,114.293,886.845,13.3053,105.2,868.402,10.4282,103.589,921.341,-27.8799,87.172,941.813,-22.7168,87.2761,903.344,-19.4441,50.9104,939.257,-18.6644,49.9683,903.945,-26.7597,12.7804,949.873,-27.6219,13.7682,863.382,14.1385,95.6703,882.559,19.2089,94.0943,858.967,21.2231,89.9848,844.151,16.38,90.6134,891.477,42.4707,89.0425
000470:905.422,-1.49637,150.981,904.954,-4.42961,154.194,910.793,-1.05529,153.908,908.011,-14.3135,153.188,923.255,-6.20623,152.718,903.69,-21.3764,137.533,931.36,-13.1994,136.153,892.307,-12.1265,114.978,911.136,-9.63003,114.319,889.157,12.7466,105.476,866.286,10.4642,102.906,914.917,-27.0569,87.3425,931.746,-20.8282,87.579,903.531,-19.6299,50.8095,931.878,-17.5803,50.3837,909.648,-27.1428,12.1893,942.465,-26.8994,14.4196,885.425,12.6586,92.2278,909.844,17.906,89.8547,891.664,19.3976,84.9997,871.829,14.337,86.489,888.935,42.7543,87.0651
000471:903.907,-1.78329,150.397,902.805,-4.58463,153.671,907.802,-0.956646,153.216,905.769,-14.1602,152.754,920.056,-5.62791,152.236,901.093,-21.0117,137.222,930.679,-12.5932,136.369,893.321,-12.1777,114.309,916.629,-9.95819,114.709,895.789,11.6272,102.908,874.032,9.69748,100.795,910.42,-26.6034,87.4188,930.145,-20.5504,87.8358,899.956,-19.4035,51.1913,925.285,-16.5403,50.9724,911.274,-27.5072,11.7608,934.036,-25.4943,15.4408,993.046,-0.532926,67.9679,1016.29,5.85507,60.9808,1036.25,1.91288,50.6187,1010.57,-3.46699,57.598,891.825,42.4255,86.2103
000472:903.663,-1.8863,150.623,902.363,-4.80602,153.941,907.121,-1.00026,153.502,904.582,-14.5539,153.149,918.609,-5.52288,152.614,899.867,-21.5839,137.354,930.425,-12.1333,136.541,891.581,-13.1733,114.235,922.113,-9.9059,114.278,893.891,10.6579,102.757,884.389,8.57935,99.4564,911.146,-26.0816,87.0148,930.756,-19.3312,87.4074,900.621,-19.4442,50.8732,922.888,-15.7481,50.8466,911.452,-27.6547,11.6161,928.933,-25.0115,15.8736,985.298,2.29128,63.5432,1004.01,10.0171,56.9357,1019.17,6.67633,45.6573,998.411,-0.0968726,52.3413,0,0,0
000473:903.266,-2.47647,150.61,902.555,-5.32327,153.953,904.884,-1.27479,153.636,902.56,-15.0633,153.703,913.859,-4.90457,152.863,900.919,-22.4055,138.161,929.158,-11.2458,136.617,900.584,-15.4851,114.374,938.448,-11.0659,112.24,911.948,8.1928,102.582,926.107,2.89016,94.9361,912.024,-26.6778,87.394,931.665,-18.6757,87.1722,905.266,-20.2706,50.5132,929.639,-16.2045,50.0832,912.776,-27.45,11.2547,934.751,-25.5409,14.7915,983.205,4.4719,60.4979,990.192,14.4796,54.4037,1001.29,11.7058,42.0148,989.688,2.21639,48.3616,0,0,0
000474:903.07,-2.74261,151.077,902.304,-5.59004,154.401,904.15,-1.44408,154.122,901.56,-15.3432,154.198,911.829,-4.97095,153.358,900,-22.8211,138.49,925.154,-11.0779,137.196,898.043,-15.6293,114.16,930.72,-10.0364,113.181,905.864,8.52658,101.978,912.927,4.61891,96.57,913.151,-27.4462,87.6451,931.55,-19.1314,87.5479,906.863,-21.0402,50.5595,930.277,-16.7457,50.1549,912.72,-27.7345,11.1052,934.258,-25.8139,14.7301,973.77,7.05848,58.1052,982.833,17.4009,51.2134,994.681,14.4309,38.2232,980.663,4.66265,45.4916,0,0,0
000475:903.788,-3.03657,151.001,902.935,-5.88389,154.349,905.144,-1.64654,154.018,901.936,-15.4992,154.04,913.329,-4.98227,153.131,898.783,-22.9013,138.135,928.173,-10.9215,136.689,892.163,-15.3772,113.702,934.57,-10.0185,111.771,898.561,8.55235,101.187,917.722,4.63243,93.5346,913.639,-27.4942,87.4432,934.876,-19.1498,87.1024,906.458,-21.0768,50.753,934.155,-17.2033,49.8358,909.453,-27.2149,11.9228,936.259,-26.5604,14.8664,971.155,9.50297,56.324,978.062,19.9337,49.725,987.817,17.1961,36.8934,975.985,7.37803,43.8837,0,0,0
000476:901.19,-2.98774,151.245,900.586,-5.86732,154.625,902.118,-1.51019,154.294,899.476,-15.559,154.48,909.01,-4.74086,153.494,898.175,-23.2583,138.389,923.259,-10.572,137.05,895.885,-16.1197,113.369,932.75,-9.97133,111.723,905.964,7.67445,100.283,923.091,3.76818,92.5531,913.033,-27.4914,87.5944,931.86,-18.7235,87.3443,907.124,-21.2258,50.8362,932.493,-17.1524,50.0604,909.208,-27.0547,12.0253,933.735,-26.6785,15.2534,969.561,11.7787,52.8654,973.651,22.9324,46.3449,979.996,20.4099,33.0643,971.508,9.88681,40.0238,0,0,0
000477:905.019,-3.66611,151.534,904.746,-6.62882,154.959,905.451,-2.08253,154.585,902.927,-16.246,154.687,910.325,-4.93224,153.693,899.805,-23.8804,138.245,921.019,-10.1374,136.96,892.529,-16.5618,113.079,928.104,-9.21264,110.943,898.648,7.64658,100.187,913.996,4.58528,90.6107,913.71,-27.5053,87.1252,930.33,-18.077,86.9986,906.441,-21.3134,50.5793,929.508,-16.2998,49.956,907.652,-27.2173,11.855,933.232,-26.0906,15.0856,963.93,14.1065,50.9635,968.379,25.7161,44.6024,974.073,23.5594,30.9764,965.204,12.5896,37.8815,0,0,0
000478:903.285,-3.29546,151.809,903.297,-6.25988,155.316,903.805,-1.70057,154.915,902.911,-16.0703,155.315,909.336,-4.83723,154.226,900.799,-24.2222,138.813,920.281,-10.3224,137.591,892.864,-17.2594,113.407,928.386,-9.55323,111.544,895.764,6.40886,100.289,916.013,3.96213,91.0009,912.923,-27.6844,87.6099,928.146,-18.2168,87.5869,907.282,-21.4326,50.967,927.472,-16.62,50.5922,909.059,-26.8244,12.2087,930.957,-26.2405,15.8517,959.38,16.6843,49.3117,962.416,28.459,42.7287,968.81,26.3129,28.6838,961.209,15.2005,35.8773,890.239,43.2529,74.3558
000479:904.931,-3.54831,151.796,904.78,-6.57967,155.383,905.276,-1.91219,154.915,903.908,-16.3694,155.385,910.85,-4.92486,154.235,901.316,-24.6728,138.688,921.116,-10.1496,137.411,888.257,-17.8511,113.369,929.404,-9.26028,110.954,887.35,5.33725,100.455,911.082,4.17757,89.9125,915.108,-27.5691,87.1786,929.946,-17.8093,87.0608,908.62,-21.5276,50.6149,924.266,-16.6617,50.4911,911.284,-26.6076,11.8681,926.265,-26.3793,16.0445,951.197,20.3322,49.0308,961.405,32.5039,42.3676,970.294,30.9906,27.8074,955.636,19.461,35.2973,887.806,43.5291,72.7337
000480:903.438,-3.75441,152.007,902.525,-6.70171,155.416,904.56,-2.15062,155.185,904.26,-16.7075,155.419,910.848,-4.96553,154.177,900.907,-25.0047,138.683,922.205,-9.72763,137.083,886.56,-18.4678,113.057,928.555,-8.05931,110.442,881.064,5.01508,100.596,912.979,4.83283,90.3432,915.408,-27.7437,87.2838,928.626,-17.1259,87.0183,907.338,-21.9233,50.6908,926.322,-16.677,50.1399,911.223,-27.0702,11.9012,933.716,-26.9926,14.7026,935.01,23.4966,50.1162,941.421,35.6225,42.964,948.27,34.2609,28.6842,941.547,22.2625,35.9523,0,0,0
000481:906.438,-4.17558,152.098,905.304,-7.15295,155.54,906.966,-2.52599,155.337,905.53,-17.1077,155.674,911.767,-5.141,154.374,902.188,-25.6725,138.856,922.25,-9.68973,137.279,888.137,-20.0565,113.5,929.864,-8.04908,111.269,883.527,2.73186,101.353,918.593,3.50702,92.0248,917.333,-27.9802,87.1356,929.643,-16.9387,86.8425,909.579,-22.4371,50.4471,926.858,-16.8327,49.9592,912.492,-27.2792,11.7392,933.074,-26.8377,14.6483,927.464,25.5842,51.4269,931.996,38.1653,44.8507,937.11,37.2583,30.4838,932.619,24.7429,37.2318,0,0,0
000482:904.443,-3.78108,152.077,903.312,-6.74159,155.555,904.987,-2.17033,155.348,903.612,-16.7942,155.843,909.883,-4.98269,154.513,901.137,-25.553,139.07,920.378,-9.8268,137.586,889.359,-20.23,113.402,928.043,-8.13583,111.663,885.427,1.9874,100.866,918.952,3.62766,92.4294,914.829,-27.8374,87.6508,927.459,-17.037,87.3042,907.494,-22.2532,50.9839,928.967,-17.3555,50.1729,907.502,-27.0117,12.5824,937.441,-27.7286,14.4872,919.819,27.7667,52.5209,922.819,40.9031,46.6925,926.19,40.7285,32.2073,923.27,27.6655,38.2274,890.95,43.8366,67.6215
000483:904.697,-3.93743,152.555,903.702,-6.9728,156.053,905.203,-2.29738,155.888,904.681,-17.0716,156.324,910.463,-4.93489,155.046,902.096,-25.8908,139.33,920.517,-9.36184,138.056,885.618,-20.7603,113.459,927.386,-7.1814,112.485,874.336,1.29897,100.477,914.389,4.45134,93.8727,915.604,-27.8074,87.6432,927.33,-16.5322,87.3434,909.647,-22.5241,50.8106,928.719,-17.2889,50.1618,909.126,-27.1086,12.4654,936.257,-27.8086,14.4817,908.828,29.5239,56.1771,913.862,42.8521,50.9533,917.36,43.2746,36.6282,912.056,29.9947,42.1186,891.125,43.8119,65.8592
000484:904.372,-3.53837,152.635,902.982,-6.57743,156.176,905.245,-2.00327,156.057,903.569,-16.8977,156.706,912.074,-4.91984,155.41,900.526,-26.0513,139.711,924.731,-9.77307,138.445,881.67,-21.4006,113.973,932.201,-7.48623,113.358,869.575,0.444379,101.066,914.342,4.15057,95.9229,915.705,-27.9902,87.5943,930.288,-16.7434,87.1432,909.624,-22.9461,50.7709,928.885,-17.2702,50.1979,910.315,-27.5599,12.3513,933.53,-27.0796,14.8361,897.511,31.2854,59.4829,899.922,45.4052,55.6482,897.733,46.9088,41.4714,895.079,32.8707,45.5932,888.599,44.0962,64.616
000485:904.545,-3.65053,152.766,903.325,-6.76306,156.323,905.3,-2.09349,156.222,903.391,-17.0808,156.839,911.496,-4.8033,155.562,899.063,-26.3891,139.852,923.235,-9.30192,138.599,876.516,-22.1472,114.393,930.64,-6.64467,113.996,861.418,-0.333102,101.608,912.196,4.70292,97.2488,914.65,-28.1839,87.9004,929.07,-16.5665,87.4202,911.287,-23.219,50.7828,930.155,-17.5207,50.215,912.966,-27.5584,12.025,935.757,-27.5685,14.5423,886.999,31.9774,63.4552,890.28,46.1169,60.39,887.494,48.2004,46.5796,883.963,34.0818,49.9506,883.744,43.9629,60.7674
000486:905.203,-3.84021,152.942,903.755,-6.97664,156.533,905.881,-2.2602,156.471,903.093,-17.1833,157.119,911.951,-4.74233,155.896,897.425,-26.4947,140.212,924.927,-8.87476,139.004,872.449,-22.9997,114.889,932.441,-5.78064,114.944,856.086,-2.12696,101.559,913.277,5.31389,98.8895,915.445,-28.1616,88.1478,931.975,-16.2988,87.5066,909.691,-23.2739,51.0427,932.51,-17.4625,50.1212,910.6,-27.539,12.343,939.691,-27.4342,13.9772,882.186,31.9204,68.057,882.38,45.8342,65.9543,877.158,48.259,52.8458,876.807,34.3391,55.2083,882.137,46.1684,69.2417
000487:903.955,-3.88489,153.469,902.564,-7.14922,157.113,904.302,-2.33024,157.062,901.881,-17.4795,157.75,910.24,-4.6376,156.58,897.958,-27.205,140.643,921.916,-8.22625,139.585,877.25,-25.1563,115.147,926.414,-4.71292,116.193,864.809,-4.73811,101.075,904.781,5.52243,101.005,915.661,-28.0986,88.1007,930.902,-15.4563,87.5311,908.49,-23.4778,50.9996,932.912,-16.8261,49.997,907.141,-27.7551,12.5835,940.752,-26.8596,13.7379,874.88,31.2061,72.8843,874.601,45.0079,71.903,868.452,48.1486,59.2812,868.786,34.2813,60.5194,865.307,47.3902,75.5257
000488:904.717,-3.98208,153.678,903.741,-7.29985,157.334,905.12,-2.44376,157.317,903.303,-17.6537,158.046,910.122,-4.65139,156.9,898.95,-27.5205,141.001,920.302,-8.17039,140.093,878.893,-26.1016,115.233,925.356,-4.76068,117.298,866.252,-6.09262,100.364,908.316,4.47139,102.993,912.85,-28.2321,88.7533,925.073,-15.3942,88.3246,911.95,-23.9018,51.0815,929.343,-16.9853,50.6705,912.053,-28.0708,12.2603,934.954,-26.7004,14.5421,869.179,29.2192,78.0169,863.825,43.0391,78.3808,853.125,46.7672,66.4442,858.311,32.9214,66.3285,847.882,50.0099,87.1316
000489:901.502,-4.06537,154.236,900.506,-7.44039,157.879,901.535,-2.48325,157.88,900.016,-17.6879,158.472,906.201,-4.36967,157.416,897.06,-27.7838,141.247,916.84,-7.4607,140.555,879.022,-27.5985,115.312,921.848,-3.8171,118.646,868.991,-7.94495,99.5618,903.357,4.15137,105.938,913.734,-28.4378,88.7222,925.946,-15.0739,88.3155,910.845,-23.9808,51.2582,932.768,-16.8041,50.5043,909.946,-28.0545,12.747,942.417,-26.9944,14.0855,863.81,27.0797,83.7971,858.607,40.7918,85.3194,847.266,45.3867,73.9244,852.367,31.6312,72.6947,836.208,51.9652,95.8487
000490:899.622,-4.19521,154.267,898.899,-7.59676,157.922,900.101,-2.66864,157.894,899.677,-17.7784,158.425,905.786,-4.58041,157.455,897.07,-27.9903,141.287,915.816,-7.48128,140.627,879.864,-28.5048,115.432,917.11,-3.57711,119.289,869.809,-9.34423,99.4793,891.697,4.34319,108.037,912.176,-28.5371,89.0249,923.371,-15.1849,88.6891,910.088,-23.9732,51.3394,928.916,-16.9178,50.8644,911.041,-28.36,12.5239,939.199,-27.2605,14.3496,857.353,24.6418,90.2593,852.755,37.4583,93.0281,840.693,43.0022,82.9027,845.161,30.0711,80.3398,824.747,53.8871,104.733
000759:48.3766,182.433,-0.219806
