000728:1013.88,-86.4913,158.318,1014.14,-90.197,161.818,1014.64,-83.613,161.672,1017.7,-98.2678,159.693,1021.73,-81.1224,159.027,1019.7,-109.371,138.266,1029.46,-75.7081,138.022,1014.2,-117.148,111.437,1035.94,-68.5692,110.358,1007.61,-112.331,89.0159,1028.15,-65.4887,84.491,1021.61,-102.449,82.2456,1026.05,-79.0237,82.666,1027.83,-106.258,46.4997,1025.05,-74.3202,47.5231,1041.82,-111.466,9.80696,1031.06,-71.5278,12.5111,1013.32,-46.1959,51.8197,1010.41,-35.7398,46.8614,1006.35,-35.2818,34.8613,1009.99,-46.052,39.6253,0,0,0
000729:1014.43,-86.6,158.361,1014.66,-90.31,161.838,1015.04,-83.7137,161.702,1017.31,-98.2524,159.638,1021,-81.0851,159.004,1019.03,-109.247,138.185,1027.57,-75.5135,138.015,1013.99,-116.999,111.338,1033.47,-68.2979,110.446,1010.09,-112.357,88.7751,1027.87,-65.4454,84.5981,1021.62,-102.341,82.3297,1025.44,-78.8727,82.8023,1028.19,-106.144,46.6515,1024.91,-74.1897,47.7185,1042.02,-111.332,10.0333,1030.34,-71.4149,12.8362,1015.01,-46.3459,51.7346,1012.24,-35.9504,46.6809,1008.06,-35.5202,34.7152,1011.79,-46.2574,39.5398,0,0,0
000730:1014.51,-86.4787,158.51,1014.69,-90.2007,161.993,1015.08,-83.589,161.85,1017.78,-98.2615,159.756,1021.22,-81.0327,159.105,1019.65,-109.332,138.228,1027.92,-75.5095,138.049,1014.16,-117.055,111.406,1033.78,-68.303,110.522,1007.55,-112.091,89.0255,1026.88,-65.4498,84.8557,1021.96,-102.334,82.2109,1025.51,-78.7859,82.6811,1028.35,-106.23,46.523,1024.45,-74.118,47.6306,1042.1,-111.489,9.95495,1030.56,-71.4547,12.6938,1013.26,-46.3368,51.6896,1010.43,-35.9115,46.589,1006.51,-35.5655,34.5152,1010.17,-46.3209,39.4054,0,0,0
000731:1015.63,-86.3947,158.438,1015.71,-90.1025,161.92,1016.18,-83.4936,161.777,1018.44,-98.1208,159.696,1021.92,-80.8709,159.037,1020.13,-109.242,138.194,1028.43,-75.3719,137.983,1014.79,-117.038,111.344,1034.6,-68.2457,110.435,1008.93,-111.974,88.9663,1028.62,-65.5856,84.7667,1022.55,-102.441,82.221,1026.35,-78.8618,82.6905,1028.66,-106.239,46.5237,1025.78,-74.0575,47.5681,1041.62,-111.461,9.90529,1031.67,-71.311,12.5885,1014.64,-46.4344,51.4853,1011.39,-35.9435,46.3785,1007.36,-35.5797,34.2761,1011.39,-46.4122,39.1734,0,0,0
000732:1014.05,-86.2933,158.416,1014.3,-90.0051,161.873,1014.79,-83.4159,161.743,1017.47,-97.9455,159.594,1021.11,-80.7859,158.969,1019.05,-108.799,138.16,1027.79,-75.1798,137.999,1013.8,-116.457,111.39,1033.66,-68.0487,110.479,1008.99,-111.835,88.9222,1026.28,-65.2408,84.7909,1020.6,-101.742,82.5183,1024.64,-78.3412,82.9451,1027.61,-105.756,46.83,1024.98,-73.8298,47.8043,1041.87,-111.456,10.2013,1031.59,-71.4379,12.7547,1014.63,-46.5058,51.5343,1012.29,-36.1745,46.2648,1008.61,-35.9382,34.2134,1011.71,-46.6042,39.2758,0,0,0
000733:1012.95,-85.9261,158.299,1013.2,-89.6709,161.758,1013.9,-83.1126,161.631,1017.18,-97.8847,159.503,1021.36,-80.7828,158.879,1019.67,-109.005,138.004,1029.77,-75.4709,137.872,1014.39,-116.807,111.224,1036.59,-68.3268,110.423,1009.07,-111.879,88.8224,1027.79,-65.2878,84.8839,1021.98,-101.847,82.22,1026.68,-78.4499,82.6868,1028.08,-105.713,46.7466,1025.51,-73.6338,47.8,1042.43,-111.552,10.2231,1031.22,-71.2952,13.0217,1013.77,-46.6373,51.904,1011.09,-36.3467,46.8213,1007.04,-36.081,34.8493,1010.48,-46.7153,39.7403,0,0,0
000734:1014.74,-85.8994,158.391,1014.6,-89.6374,161.846,1015.29,-83.0539,161.706,1016.75,-97.7291,159.494,1021.19,-80.6387,158.862,1018.08,-108.75,137.908,1028.77,-75.2676,137.757,1013.84,-116.474,110.986,1035.8,-68.0664,110.243,1011.59,-111.891,88.1475,1027.3,-64.8532,84.5769,1022.42,-101.839,82.0085,1027.75,-78.4344,82.4274,1027.46,-105.749,46.58,1026.32,-73.6069,47.4974,1041.76,-111.405,10.1024,1032.33,-71.008,12.5986,1012.77,-46.4766,51.7981,1010.3,-36.3634,46.6843,1005.38,-36.1149,34.8868,1008.67,-46.5678,39.7938,0,0,0
000735:1015.79,-85.9984,158.353,1015.51,-89.7393,161.846,1016.19,-83.1579,161.713,1016.95,-97.817,159.639,1021.18,-80.6688,159.042,1017.94,-108.765,138.124,1028.14,-75.1575,138.074,1014.44,-116.495,111.09,1035.22,-67.9554,110.549,1013.51,-111.781,88.1854,1028.51,-64.9705,84.6819,1023.04,-101.629,82.1176,1028.17,-78.1625,82.5689,1028.04,-105.548,46.6113,1026.77,-73.4736,47.5498,1042.78,-111.361,10.0082,1032.25,-71.1264,12.6238,1014.09,-46.6971,51.7632,1011.04,-36.5244,46.6061,1006.9,-36.4443,34.7121,1010.7,-46.9471,39.6727,0,0,0
000736:1015.26,-85.5955,158.457,1015,-89.3578,161.894,1015.72,-82.7645,161.757,1016.64,-97.4692,159.477,1020.64,-80.312,158.86,1017.56,-108.496,137.875,1026.98,-74.8083,137.768,1012.92,-116.293,111.093,1033.52,-67.5358,110.379,1012.09,-111.678,88.4766,1027.64,-64.6827,84.736,1021.66,-101.308,82.2263,1026.27,-77.7916,82.6796,1028,-105.398,46.8737,1026.35,-73.2,47.8381,1042,-111.287,10.539,1032.92,-71.1017,12.9678,1013.55,-46.4916,51.4795,1010.7,-36.3246,46.2938,1006.97,-36.1701,34.2476,1010.67,-46.716,39.2194,0,0,0
000737:1015.75,-85.5213,158.424,1015.53,-89.2962,161.89,1016.09,-82.7054,161.762,1016.75,-97.4507,159.56,1020.56,-80.3033,158.959,1017.8,-108.439,137.958,1026.86,-74.8569,137.962,1014.94,-116.199,110.864,1033.71,-67.6253,110.621,1014.63,-111.542,87.8621,1027.65,-64.6878,85.0339,1022.76,-101.227,82.0882,1027.31,-77.7403,82.5766,1027.36,-105.228,46.7306,1025.77,-73.0369,47.71,1041.69,-111.318,10.2968,1032.57,-70.9402,12.7478,1014.9,-46.5448,51.36,1013.03,-36.3777,45.9965,1008.32,-36.3318,33.9742,1011.17,-46.8589,39.1282,0,0,0
000738:1014.16,-85.1145,158.36,1014.12,-88.9182,161.862,1014.59,-82.3162,161.727,1016.29,-97.2134,159.661,1019.94,-80.0083,159.06,1018.07,-108.338,138.109,1026.92,-74.6057,138.111,1015.16,-116.126,110.913,1034.27,-67.5011,110.601,1013.64,-111.166,87.9029,1028.48,-64.6714,84.6827,1021.8,-100.883,82.1616,1026.23,-77.3254,82.6637,1026.56,-104.907,46.8034,1025.42,-72.6739,47.7546,1041.3,-111.31,10.3006,1033.74,-71.0237,12.6488,1014.04,-46.5527,51.2922,1010.96,-36.3675,45.9669,1006.26,-36.458,33.9702,1010.27,-46.9995,39.1029,0,0,0
000739:1014.56,-84.7733,158.272,1014.6,-88.5911,161.805,1014.96,-81.9862,161.665,1017.24,-97.0581,159.697,1020.87,-79.8338,159.086,1018.64,-108.267,138.132,1027.87,-74.5229,138.13,1015.17,-116.016,110.874,1035.03,-67.3516,110.593,1012.66,-110.819,87.8115,1027.73,-64.244,84.6244,1020.61,-100.611,82.0469,1025.06,-77.0307,82.5529,1025.99,-104.768,46.7589,1023.9,-72.2788,47.7953,1041.29,-111.319,10.3154,1032.02,-70.6176,12.8725,1013.07,-46.3208,51.3346,1010.09,-36.1266,46.052,1006.11,-36.297,33.981,1009.78,-46.8262,39.1249,0,0,0
000740:1012.76,-84.6882,158.365,1012.84,-88.4683,161.84,1013.43,-81.8882,161.71,1015.85,-96.7294,159.571,1019.61,-79.555,158.963,1018.21,-107.854,138.054,1027.31,-74.1914,138.022,1015.46,-115.655,110.921,1034.8,-67.0527,110.627,1013.39,-110.808,87.8833,1028.54,-64.31,84.9879,1021.04,-100.574,82.3579,1025.38,-77.0278,82.8263,1025.96,-104.713,47.1028,1023.7,-72.2239,48.0971,1041.09,-111.237,10.6442,1031.63,-70.3586,13.0976,1012.61,-46.4652,51.5862,1009.51,-36.2966,46.2043,1004.94,-36.437,34.2038,1009.02,-46.9751,39.3888,0,0,0
000741:1014.22,-84.5846,158.357,1014.33,-88.4059,161.828,1015.04,-81.8487,161.708,1017.08,-96.837,159.569,1021.45,-79.7443,158.973,1018.66,-107.995,138.015,1029.07,-74.5168,138.044,1015.19,-115.641,110.824,1036.34,-67.2718,110.657,1013.35,-110.514,87.9049,1029.25,-64.0601,84.9631,1020.25,-100.399,82.3705,1025.33,-76.9436,82.8839,1025.44,-104.508,47.1196,1023.5,-71.9305,48.1896,1041.43,-111.175,10.5325,1030.78,-69.9287,13.2305,1012.42,-46.21,51.4934,1008.99,-36.0351,46.1894,1004.03,-36.1549,34.1915,1008.38,-46.6897,39.3026,0,0,0
000742:1014.37,-84.3807,158.522,1014.45,-88.2293,161.993,1015,-81.6359,161.88,1016.84,-96.7109,159.666,1020.78,-79.497,159.099,1018.18,-107.922,137.948,1028.05,-74.2027,138.029,1015,-115.593,110.661,1035.86,-66.9603,110.621,1014.07,-110.169,87.5855,1030.67,-64.0345,84.9135,1020.29,-100.262,82.0085,1025.02,-76.6272,82.5873,1025.27,-104.304,46.8321,1023.22,-71.4692,47.9478,1041.19,-111.044,10.3303,1031.21,-69.6867,13.0713,1012.28,-46.1384,51.8453,1008.27,-36.0017,46.7046,1002.97,-36.0679,34.8179,1008.01,-46.5982,39.7514,0,0,0
000743:1014.25,-84.4861,158.293,1014.43,-88.307,161.782,1014.95,-81.7241,161.675,1017.14,-96.6908,159.562,1021.48,-79.5131,159.025,1018.34,-107.74,137.954,1029.46,-74.0951,138.068,1014.55,-115.357,110.779,1037.54,-66.7495,110.626,1013.32,-110.096,87.797,1030.69,-63.7342,84.8294,1020.36,-99.9755,82.1165,1025.76,-76.3679,82.6361,1025.33,-104.172,47.1129,1023.63,-71.1953,48.1681,1041.42,-110.982,10.7983,1031,-69.2978,13.4554,1012.63,-45.6826,51.9577,1009.18,-35.5066,46.781,1003.52,-35.5395,34.931,1007.98,-46.0799,39.9281,0,0,0
000744:1014.47,-84.1585,158.326,1014.58,-88.0034,161.789,1015.13,-81.4142,161.69,1016.79,-96.4327,159.45,1021.23,-79.2899,158.918,1018.11,-107.493,137.773,1029.34,-73.9942,137.881,1014.83,-115.208,110.673,1038.4,-66.7782,110.429,1014.22,-109.973,87.8311,1031.85,-63.5995,84.614,1020.83,-99.6913,81.8513,1026.48,-76.1124,82.3748,1024.91,-103.941,46.8607,1023.99,-70.7702,47.8948,1041.45,-111.249,10.4947,1031.98,-68.922,13.0686,1011.48,-45.2757,52.1765,1007.84,-35.1123,47.1798,1001.39,-34.977,35.4326,1006.13,-45.5208,40.2384,0,0,0
000745:1013.54,-83.771,158.512,1013.76,-87.6561,161.961,1014.48,-81.0746,161.869,1016.61,-96.2428,159.599,1021.41,-79.1036,159.066,1018.75,-107.535,137.884,1030.33,-73.9026,138.026,1015.53,-115.32,110.73,1039.1,-66.5223,110.602,1015.77,-110.026,87.8801,1031.54,-63.1136,84.8657,1021.55,-99.6359,82.0866,1027.53,-75.9853,82.6472,1025.77,-103.851,47.1022,1025.44,-70.579,48.1477,1041.56,-110.979,10.7365,1032.23,-68.5616,13.343,1013.82,-45.0787,52.4353,1010.46,-34.9675,47.4907,1004.11,-34.7833,35.7468,1008.69,-45.3047,40.4686,0,0,0
000746:1014.8,-83.7595,158.662,1014.93,-87.591,162.11,1015.43,-81.0007,162.032,1016.51,-95.9097,159.719,1021.36,-78.7605,159.205,1017.06,-106.923,138.012,1028.9,-73.3423,138.143,1013.22,-114.613,110.906,1036.69,-65.7497,110.831,1014.54,-109.613,87.8742,1029.39,-62.3988,85.3546,1020.07,-99.3601,82.1642,1026.11,-75.7036,82.6822,1025.6,-103.743,47.1218,1024.81,-70.1823,48.1449,1041.15,-110.867,10.7809,1030.96,-67.8548,13.4326,1011.29,-44.2666,53.2551,1008.84,-34.1923,48.309,1002.04,-33.9113,36.7106,1005.73,-44.3901,41.4515,0,0,0
000747:1014.53,-83.3784,158.636,1014.73,-87.265,162.093,1015.22,-80.6691,162.027,1017.26,-95.8416,159.723,1021.56,-78.6494,159.234,1019.04,-107.093,137.97,1029.27,-73.3603,138.208,1015.02,-114.696,110.686,1036.35,-65.6605,111,1013.47,-109.321,87.57,1027.81,-61.8665,85.6255,1021.55,-99.2942,81.9875,1026.68,-75.505,82.6325,1026.84,-103.745,46.8528,1025.17,-69.7376,48.0277,1041.73,-111.011,10.4513,1032.08,-67.2029,13.1304,1008.96,-43.374,54.3135,1005.89,-33.29,49.7726,1000.3,-32.8391,38.1785,1004.43,-43.3395,42.5239,0,0,0
000748:1014.29,-83.3094,158.585,1014.73,-87.1772,161.992,1015.19,-80.57,161.931,1017.22,-95.5656,159.454,1021.6,-78.402,158.967,1019.11,-106.688,137.63,1028.95,-72.9694,137.795,1015.33,-114.511,110.677,1035.28,-65.1284,110.574,1014.02,-109.318,87.9516,1026.39,-61.3382,85.3095,1021.09,-98.9474,81.741,1026.2,-75.1493,82.3447,1025.44,-103.44,46.8255,1024.42,-69.244,47.9149,1040.39,-110.818,10.6306,1032.46,-66.6541,12.9986,1008.67,-42.6072,55.294,1007.43,-32.6436,51.073,1001.84,-31.7624,39.7043,1004.42,-42.1818,43.721,0,0,0
000749:1014.47,-82.8483,158.531,1014.87,-86.72,161.977,1015.53,-80.137,161.927,1017.75,-95.2575,159.624,1022.73,-78.1352,159.118,1019.98,-106.523,137.944,1030.9,-72.9486,138.134,1015.54,-114.225,110.854,1037.35,-65.2115,110.97,1013.24,-108.807,88.1132,1026.89,-61.2079,85.8789,1021.91,-98.8326,82.0261,1027.81,-75.089,82.6268,1026,-103.336,46.9305,1025.94,-68.9967,48.0061,1039.68,-110.686,10.571,1032.51,-65.9569,12.9629,1008.35,-41.594,56.3604,1006.83,-31.329,52.5149,1000.55,-30.1511,41.1048,1003.29,-40.8494,44.7632,0,0,0
000750:1015.4,-82.7714,158.606,1015.75,-86.6387,162.041,1016.16,-80.0138,162.001,1018.33,-95.1467,159.605,1022.89,-77.9682,159.106,1020.4,-106.384,137.832,1030.93,-72.7663,138.007,1015.94,-114.21,110.887,1037.26,-64.8863,110.93,1012.18,-108.807,88.4036,1026.6,-60.7412,86.0652,1023.31,-98.799,81.6972,1028.86,-74.9467,82.2762,1027.29,-103.534,46.6804,1026.54,-68.7592,47.7938,1040.76,-110.938,10.5319,1033.09,-65.4868,12.8397,1005.07,-40.0719,57.3312,1002.63,-29.6431,53.9884,995.181,-27.963,42.7068,998.857,-38.8321,45.8717,0,0,0
000751:1017.06,-82.442,158.65,1017.13,-86.282,162.045,1017.63,-79.6884,162.015,1018.42,-94.6964,159.502,1022.96,-77.5877,158.99,1019.36,-105.904,137.73,1029.93,-72.4804,137.826,1015.54,-113.971,110.973,1035.55,-64.54,110.952,1011.92,-108.562,88.7162,1027.25,-60.4028,86.4775,1023.01,-98.6841,81.6445,1028.5,-74.8739,82.2361,1026.83,-103.441,46.6544,1025.21,-68.2762,47.8592,1041.16,-111.062,10.3944,1031.57,-64.6128,12.9422,1007.72,-39.3648,59.0507,1004.85,-29.0053,56.3798,997.742,-26.8107,45.3684,1001.9,-37.6522,47.8472,0,0,0
000752:1016.86,-82.2629,158.623,1017.01,-86.1193,162.005,1017.22,-79.4885,162.004,1018.2,-94.495,159.444,1022.17,-77.3333,158.966,1018.86,-105.612,137.693,1028.62,-72.1496,137.829,1014.84,-113.753,111.051,1034.79,-64.2052,111.009,1010.97,-108.333,88.9687,1028.78,-60.1962,86.6153,1022.08,-98.2506,81.6746,1026.86,-74.3725,82.3266,1027.27,-103.215,46.5158,1024.72,-67.704,47.8244,1041.98,-111.094,10.0959,1031.84,-63.9154,12.6867,1009.34,-38.5526,60.8345,1006.16,-28.116,58.8586,998.579,-25.3807,48.0974,1003.15,-36.3185,49.8719,0,0,0
000753:1017.59,-81.9986,158.69,1017.71,-85.8595,162.039,1017.81,-79.2208,162.059,1018.07,-94.1787,159.412,1022.07,-77.0148,158.935,1017.85,-105.304,137.633,1027.59,-71.7961,137.77,1013.59,-113.441,110.974,1033.71,-63.7118,111.021,1012.48,-108.224,88.6811,1028.66,-59.5566,86.773,1020.39,-98.023,81.8771,1025.3,-74.0875,82.5205,1025.57,-103.12,46.9107,1023.82,-67.2971,48.1726,1040.38,-111.003,10.6317,1030.9,-63.2266,13.1005,1007.91,-37.0769,62.3995,1004.82,-26.5701,61.0395,997.744,-23.2558,50.3541,1002.32,-34.3092,51.5027,0,0,0
000754:1017.81,-81.6964,158.586,1017.98,-85.557,161.91,1018.11,-78.9495,161.958,1018.61,-93.9337,159.272,1022.76,-76.846,158.814,1018.97,-105.169,137.465,1028.68,-71.8026,137.676,1014.36,-113.306,110.7,1034.86,-63.667,111.112,1010.86,-108.068,88.3018,1029.77,-59.2165,87.2572,1021.7,-98.0198,81.7191,1026.88,-74.1307,82.4324,1025.9,-102.946,46.9235,1025.29,-66.9027,48.1939,1039.67,-110.71,10.8165,1033.07,-62.4496,13.1512,1008.86,-35.472,63.9596,1006.3,-24.8915,63.2322,999.455,-20.951,52.6688,1003.58,-32.1121,53.1983,0,0,0
000755:1017.05,-81.0728,158.575,1017.01,-84.9307,161.9,1017.38,-78.3942,161.848,1017.92,-93.489,159.226,1021.23,-76.2919,158.659,1016.33,-104.468,137.314,1026.92,-71.3286,137.424,1015.53,-113.459,110.689,1031.35,-62.6841,111.296,1012.25,-107.953,88.0073,1028.7,-58.1879,87.9579,1021.4,-97.7695,81.5212,1026.36,-73.7872,82.187,1025.63,-102.821,46.9617,1026.73,-66.618,47.9587,1039.87,-110.838,10.4605,1033.76,-61.683,12.968,1006.32,-33.8022,65.7292,1000.56,-22.7049,65.8774,993.095,-18.1418,55.5485,997.437,-29.3519,55.3764,0,0,0
000756:1013.82,-80.5217,158.636,1014.16,-84.3878,161.953,1014.84,-77.896,161.913,1016.69,-93.0047,159.303,1020.36,-75.8543,158.749,1016.98,-104.165,137.467,1027.81,-71.0144,137.531,1017.08,-113.373,110.87,1032.58,-62.3147,111.353,1011.45,-107.863,88.3806,1029.37,-57.4265,88.1752,1021.95,-97.6614,81.6896,1026.81,-73.5914,82.3772,1025.06,-102.662,47.2096,1025.79,-65.9776,48.2631,1041.1,-110.916,10.5108,1034.96,-60.7237,13.0252,1005.53,-31.7511,67.6898,1001.09,-20.8465,68.3355,992.837,-15.7219,58.4639,996.076,-26.7286,57.7836,0,0,0
000757:1013.98,-79.8844,158.632,1014.07,-83.7678,161.96,1014.69,-77.292,161.916,1016.37,-92.5784,159.348,1019.59,-75.4057,158.796,1016.51,-103.903,137.48,1027.2,-70.8791,137.602,1016.95,-113.293,110.76,1032.01,-62.1015,111.664,1010.06,-107.544,88.2659,1030.07,-56.9608,89.0374,1022.96,-97.5772,81.4148,1027.41,-73.3979,82.179,1026.68,-102.829,46.8545,1027.23,-65.4071,48.0128,1040.06,-110.932,10.3041,1035.33,-59.4334,12.7598,1002.6,-30.1253,70.3474,996.037,-19.0092,72.0961,986.507,-13.0868,62.4979,991.701,-24.2908,60.7428,0,0,0
000758:1015.61,-79.7972,158.735,1015.91,-83.6964,162.045,1016.48,-77.2289,162.021,1018.24,-92.4725,159.361,1021.68,-75.3019,158.852,1017.79,-103.762,137.469,1029.28,-70.8029,137.632,1017.39,-113.168,110.725,1034.31,-61.9627,111.81,1010.73,-107.413,88.2115,1032.64,-56.6665,89.6758,1022.67,-97.4511,81.4964,1027.29,-73.245,82.3115,1027.26,-102.768,46.9198,1026.96,-64.8412,48.2083,1041.3,-111.112,10.2376,1033.83,-58.4584,13.1031,1002.23,-28.6361,72.9942,995.293,-17.4127,75.6871,984.928,-10.6006,66.3952,990.535,-21.9161,63.697,0,0,0
000759:1018.46,-79.3448,158.678,1018.49,-83.2251,161.995,1018.85,-76.7549,161.948,1019.83,-91.9729,159.364,1022.21,-74.773,158.822,1018.59,-103.316,137.573,1028.61,-70.4149,137.657,1017.98,-112.937,110.864,1032.82,-61.6007,111.845,1010.46,-107.259,88.4524,1033.76,-56.0425,89.7644,1024.76,-97.3552,81.4863,1028.25,-73.0635,82.3558,1029.87,-102.893,46.8549,1027.77,-64.3771,48.3055,1041.8,-111.21,10.3528,1033.13,-57.4498,13.3584,1004.85,-27.4018,75.1328,995.56,-16.0271,78.9365,985.108,-8.37384,69.942,992.935,-19.8327,66.1439,0,0,0
000760:1017.98,-78.8621,158.558,1018.13,-82.753,161.862,1018.74,-76.3386,161.832,1019.73,-91.5258,159.23,1022.95,-74.4643,158.731,1017.87,-102.807,137.503,1029.71,-70.1693,137.573,1016.48,-112.383,110.828,1034.5,-61.2674,111.741,1010.57,-106.975,88.3839,1034.72,-54.9852,89.9151,1022.25,-96.7586,81.4845,1026.77,-72.5828,82.3715,1027.44,-102.298,46.9128,1026.54,-63.4756,48.3342,1041.51,-111.243,10.2368,1032.49,-56.4699,13.397,1003.05,-25.3774,77.3912,994.467,-14.4503,81.7433,985.236,-6.32595,73.2723,992.392,-17.3636,68.9223,0,0,0
000761:1017.75,-78.2575,158.467,1018.33,-82.1868,161.761,1018.91,-75.8009,161.728,1021.26,-91.1369,159.162,1023.79,-74.0719,158.646,1020.21,-102.617,137.483,1030.67,-70.0073,137.563,1018.02,-112.255,110.726,1035.66,-61.1283,111.844,1007.7,-106.586,88.4251,1037.78,-54.6344,90.42,1021.98,-96.5264,81.6942,1025.44,-72.2955,82.6713,1026.74,-102.154,47.2411,1025.01,-62.8338,48.7792,1041.23,-111.213,10.5241,1032.55,-55.4076,13.6761,1002.33,-23.9306,79.9811,992.825,-13.0899,85.2264,982.872,-4.24641,77.1787,991.096,-15.1888,71.9405,0,0,0
000762:1017.41,-77.572,158.445,1017.97,-81.5285,161.762,1018.8,-75.1944,161.725,1020.96,-90.68,159.24,1023.6,-73.6944,158.708,1019.9,-102.339,137.561,1030.28,-69.7944,137.641,1017.06,-112.001,110.809,1034.9,-60.5836,112.227,1007.39,-106.437,88.4929,1036.03,-53.2376,91.7176,1022.35,-96.3491,81.4489,1025.85,-72.0846,82.4584,1027.71,-102.208,46.9012,1025.62,-62.3636,48.4935,1042.43,-111.19,10.1733,1032.97,-54.372,13.3527,1002.15,-22.0559,83.6752,994.142,-12.0073,89.7501,986.084,-2.65999,82.5191,992.703,-12.8177,76.4544,0,0,0
000763:1016.25,-77.116,158.499,1016.81,-81.0566,161.765,1017.71,-74.7414,161.747,1019.83,-90.0998,159.065,1022.64,-73.1629,158.601,1018.88,-101.604,137.346,1029.09,-69.206,137.442,1016.8,-111.418,110.65,1034.66,-59.869,112.108,1009.32,-106.365,88.199,1035.19,-52.0677,92.1891,1020.42,-95.6594,81.3568,1023.84,-71.3989,82.3691,1026.17,-101.745,46.9702,1023.92,-61.3404,48.5712,1042.39,-111.451,10.3115,1032.53,-53.3223,13.4877,1001.67,-20.4186,86.327,994.916,-10.7671,93.0138,987.257,-0.85642,86.3281,992.572,-10.6331,79.66,0,0,0
000764:1019.29,-76.9367,158.234,1019.86,-80.9181,161.458,1020.84,-74.6045,161.477,1021.74,-89.9403,158.646,1024.46,-73.0264,158.204,1019.19,-101.354,136.932,1028.88,-68.9104,137.065,1015.29,-110.927,110.311,1033.09,-59.0382,112.038,1008.25,-106.145,87.8633,1034.37,-50.267,92.7487,1020.02,-95.3589,81.3387,1023.31,-71.0454,82.4189,1025.15,-101.521,47.1365,1023.79,-60.7566,48.7085,1040.87,-111.113,10.5823,1032.56,-52.2868,13.5533,1000.46,-18.1476,89.0824,995.534,-9.35716,96.3092,989.093,0.964041,90.4443,992.72,-7.9942,83.1944,0,0,0
000765:1018.52,-76.4369,158.116,1018.98,-80.378,161.344,1020.02,-74.0655,161.335,1020.82,-89.3205,158.552,1023.13,-72.3318,158.099,1019.41,-100.834,136.912,1027.86,-68.2769,136.963,1017.11,-110.744,110.268,1031.55,-58.3445,111.97,1009.26,-105.883,87.8867,1033.44,-49.5726,93.2347,1022.34,-95.3661,81.0891,1024.67,-70.8509,82.1535,1027.98,-101.848,46.908,1024.36,-60.3125,48.5979,1042.26,-111.358,10.5842,1031.94,-51.3009,13.6669,1005.44,-17.4862,91.9921,999.57,-8.86263,100.186,990.639,2.18996,95.027,995.171,-6.54723,86.8412,0,0,0
000766:1017.84,-75.8665,158.279,1018.66,-79.8395,161.493,1019.97,-73.588,161.502,1021.68,-88.9201,158.693,1024.98,-72.0352,158.262,1020.14,-100.48,137.023,1030.8,-68.1628,137.129,1016.72,-110.361,110.142,1036.18,-58.1416,112.18,1008.1,-105.727,87.4201,1035.91,-48.8386,94.1899,1020.09,-94.8541,81.4477,1023.76,-70.4612,82.5105,1025.02,-101.258,47.3644,1023.61,-59.4914,48.9661,1041.45,-111.231,10.768,1033.07,-50.2609,13.7703,1004.63,-15.8072,95.0279,997.791,-7.52785,103.871,989.082,3.98497,99.2293,994.549,-4.41922,90.393,0,0,0
000767:1016.68,-75.6105,157.949,1017.22,-79.5113,161.113,1018.6,-73.2778,161.153,1019.44,-88.295,158.249,1022.43,-71.4394,157.844,1018.62,-99.6377,136.77,1028.75,-67.5559,136.841,1017.14,-109.731,110.175,1035.88,-57.6885,112.062,1010.04,-105.445,87.8476,1039.26,-48.5991,94.7959,1021.66,-94.4707,81.3296,1024.86,-70.0876,82.3818,1026.65,-101.091,47.2154,1023.66,-58.8828,48.9195,1042.96,-111.36,10.618,1032.62,-49.2274,13.7785,1005.27,-14.4459,98.1964,998.038,-6.23882,107.859,987.72,5.96953,103.743,993.482,-2.31387,94.1116,0,0,0
000768:1016.46,-74.8765,157.77,1017.33,-78.8289,160.96,1018.68,-72.6132,160.973,1020.46,-87.856,158.203,1023.43,-71.011,157.786,1019.79,-99.4143,136.792,1030.16,-67.2999,136.782,1017.09,-109.66,110.145,1037.83,-57.1482,111.899,1008.23,-105.303,87.8304,1040.09,-46.9459,94.8476,1021.29,-94.1418,81.1312,1024.52,-69.7072,82.2436,1025.63,-100.7,47.2222,1023.29,-58.0421,48.9412,1040.89,-111.131,10.8297,1032.54,-48.2195,13.9935,1004.9,-12.6174,100.849,997.985,-4.98071,111.064,987.726,7.56676,107.687,993.21,-0.128283,97.5223,0,0,0
000769:1016.55,-74.4668,157.665,1017.56,-78.3787,160.837,1019.02,-72.178,160.843,1020.89,-87.3077,158.041,1024.1,-70.4795,157.574,1019.8,-98.7914,136.665,1031.11,-66.8403,136.555,1016.82,-109.042,110.074,1036.91,-56.57,111.764,1007.06,-104.82,87.8937,1034.91,-46.2217,95.6925,1021.44,-93.9301,81.0642,1025.27,-69.5088,82.1025,1025.51,-100.691,47.1501,1023.27,-57.6008,48.8151,1041.4,-111.133,10.6449,1032.16,-47.1507,13.8072,1004.22,-11.6595,103.749,996.346,-4.48409,114.542,986.606,8.35497,111.847,993.037,1.15252,101.088,0,0,0
000770:1017.52,-73.9089,157.604,1018.54,-77.8129,160.768,1019.92,-71.6345,160.787,1021.28,-86.7897,157.913,1024.33,-69.9786,157.446,1019.57,-98.3607,136.451,1030.8,-66.5129,136.457,1016.84,-108.938,109.788,1037.27,-56.0136,112.14,1009.53,-105.169,87.3088,1036.28,-45.5031,97.2446,1020.91,-93.6109,80.8956,1024.87,-69.174,81.983,1024.7,-100.434,47.1372,1023.82,-56.9192,48.7768,1039.98,-110.921,10.7298,1033.41,-46.0243,13.7556,1003.1,-10.3713,106.436,994.946,-3.30259,117.65,985.206,9.87795,115.172,991.92,2.80532,103.991,0,0,0
000771:1017.35,-73.6015,157.508,1018.65,-77.4949,160.645,1020.14,-71.3635,160.695,1022.16,-86.4284,157.735,1025.86,-69.7047,157.285,1020.64,-97.8759,136.384,1033.79,-66.3829,136.388,1016.42,-108.246,109.789,1043.43,-56.0266,112.246,1007.6,-104.708,87.3285,1043.38,-45.3459,98.2928,1020.59,-93.2,81.1369,1025.31,-68.935,82.1804,1024.3,-100.079,47.3576,1023.57,-56.4491,49.0033,1039.85,-110.909,10.8699,1032.5,-45.2624,14.0147,1003.18,-8.96228,109.412,994.152,-2.1183,120.942,983.558,11.2944,118.868,991.198,4.48698,107.366,0,0,0
000772:1017.1,-72.8522,157.197,1018.1,-76.7489,160.444,1018.95,-70.6539,160.38,1022.64,-85.6478,157.261,1024.05,-69.0046,157.008,1019.97,-97.1704,136.073,1033.42,-65.5138,135.856,1012.9,-107.85,110.243,1042.96,-54.2969,112.248,1001.75,-104.601,87.5968,1037.4,-42.9158,99.354,1021.57,-92.7604,81.114,1025.37,-68.4461,81.8444,1023.78,-99.8132,47.2745,1021.53,-55.8732,48.8663,1039.46,-110.74,10.6592,1030.27,-44.4866,13.9126,1007.71,-7.35424,112.331,1000.97,-1.12744,123.847,993.467,12.6706,122.658,1001.19,6.70338,110.787,0,0,0
000773:1018.77,-72.4066,157.224,1020.02,-76.3458,160.419,1020.26,-70.2151,160.371,1024.35,-85.3275,157.032,1024.21,-68.557,156.797,1021.59,-96.8757,135.713,1031.56,-65.0241,135.496,1014.99,-107.609,109.89,1039.95,-53.5378,112.095,1001.9,-104.062,87.394,1037.03,-41.8769,99.9591,1021.59,-92.4357,80.8063,1023.28,-67.9213,81.6333,1025.51,-99.7818,47.0192,1020.1,-55.147,48.8702,1040.08,-110.821,10.6701,1028.43,-43.5209,14.2159,1009.19,-6.54895,114.97,1004.66,-0.964634,126.876,997.438,13.0768,126.306,1002.89,7.73896,114.016,0,0,0
000774:1017.88,-71.8252,157.25,1019.24,-75.7894,160.423,1019.4,-69.6675,160.379,1023.76,-84.8585,156.978,1023.82,-68.1065,156.756,1021.02,-96.4386,135.649,1030.9,-64.5086,135.384,1014.91,-107.364,110.063,1036.43,-52.2256,112.394,1002.78,-103.88,87.9449,1028.51,-39.4339,101.321,1021.35,-92.0513,80.6044,1023.34,-67.4443,81.4018,1025.07,-99.6102,46.9472,1019.65,-54.3958,48.7946,1040.77,-110.816,10.6004,1028.56,-42.4304,14.2127,1008.44,-5.27789,117.978,1005.95,-0.478579,130.22,999.636,13.6904,130.396,1003.16,9.14571,117.732,0,0,0
000775:1015.87,-71.1019,157.191,1017.36,-75.0497,160.342,1017.39,-68.9295,160.296,1021.81,-84.0528,156.904,1021.94,-67.3626,156.628,1019.26,-95.6471,135.725,1029.05,-63.8762,135.356,1014.93,-106.828,110.106,1034.64,-51.7076,112.34,1003.77,-103.774,87.9149,1026.7,-38.9286,101.776,1019.17,-91.4613,80.9141,1021.45,-66.9447,81.6579,1023.97,-99.2422,47.106,1019.45,-53.9094,48.8648,1041.3,-110.85,10.4848,1030.47,-41.7724,13.9269,1009.27,-4.81863,120.419,1007.54,-0.219699,133.156,1000.24,14.2658,133.717,1003.2,9.9358,120.554,0,0,0
000776:1020.65,-70.7227,156.986,1021.78,-74.6495,160.128,1021.34,-68.503,160.051,1024.04,-83.54,156.575,1023.39,-66.785,156.305,1019.41,-94.973,135.427,1028.18,-63.1991,134.989,1013.74,-106.216,110.091,1031.61,-50.4024,112.486,1004.73,-103.573,87.9365,1023,-36.7977,103.011,1021.36,-91.2674,80.3918,1023.17,-66.6388,81.1111,1027.51,-99.374,46.6047,1020.81,-53.239,48.5052,1042.96,-111.101,10.2687,1027.38,-40.6144,14.2206,1009.34,-3.66609,123.241,1008.44,0.297152,136.147,1001.95,14.7871,137.316,1003.85,11.1267,123.961,0,0,0
000777:1016.58,-69.9765,157.058,1018.02,-73.9036,160.165,1017.87,-67.7847,160.086,1022.17,-82.8492,156.503,1022.32,-66.1646,156.243,1018.85,-94.3026,135.365,1028.65,-62.5733,134.856,1013.97,-105.688,110.135,1029.31,-49.1926,112.638,1003.69,-103.301,88.0563,1016.94,-34.928,103.971,1020.08,-90.6496,80.423,1022.67,-66.0428,81.0332,1025.38,-98.9563,46.7934,1019.9,-52.6325,48.5338,1042.41,-111.034,10.4992,1029.47,-40.0212,14.044,1009.1,-2.70201,125.783,1011.09,0.67384,138.889,1006.29,15.224,140.584,1005.58,12.1305,126.985,0,0,0
000778:1016.76,-69.1466,156.956,1017.98,-73.0648,160.068,1017.67,-66.9402,159.963,1021.53,-82.004,156.419,1021.66,-65.3382,156.15,1018.46,-93.5387,135.303,1027.87,-61.9067,134.787,1014.17,-105.195,109.959,1028.06,-48.6197,112.731,1006.14,-103.206,87.4891,1013.95,-34.4157,104.856,1021.51,-90.1298,80.0621,1024.21,-65.4819,80.669,1027.16,-98.6139,46.425,1020.85,-51.767,48.2526,1043.98,-111.141,10.2048,1028.46,-39.015,14.0866,1008.76,-2.04956,128.275,1010.43,1.0676,141.671,1005.47,15.7001,143.717,1005.07,12.9126,129.861,0,0,0
000779:1017.92,-68.5088,156.93,1019.38,-72.4196,160.01,1018.92,-66.2929,159.897,1023.13,-81.3549,156.214,1023.16,-64.6675,155.884,1019.55,-92.922,135.167,1029.12,-61.3478,134.511,1013.83,-104.621,110.093,1030.8,-47.9805,112.753,1002.76,-102.59,88.0359,1018.47,-33.6286,105.939,1020.21,-89.7552,80.3404,1023.01,-65.1603,80.8598,1025.91,-98.3194,46.7312,1020.35,-51.4562,48.4594,1043.31,-110.975,10.4622,1029.88,-38.6311,14.0858,1009.04,-1.18074,131.153,1010.69,1.57845,144.734,1003.69,16.271,147.161,1003.45,13.8694,133.107,849.421,90.2736,231.828
000780:1017.27,-67.7477,156.987,1018.76,-71.7239,160.042,1018.15,-65.5601,159.947,1022.73,-80.865,156.126,1022.53,-64.113,155.863,1019.8,-92.5155,134.859,1028.67,-60.7921,134.35,1014.16,-104.485,109.786,1030.03,-46.8864,113.129,1002.9,-102.674,87.5203,1018.85,-32.1508,107.232,1020.47,-88.9919,79.6577,1022.94,-64.2244,80.2256,1026.26,-97.829,46.2213,1020.24,-50.2881,48.016,1043.2,-110.961,10.2031,1029.82,-37.5991,13.8815,1010.45,-0.471076,133.074,1012.18,1.74718,146.754,1006.1,16.2869,149.556,1005.74,14.427,135.409,850.048,88.9458,231.209
000781:1017.81,-67.2411,156.818,1019.06,-71.1888,159.878,1018.4,-65.0044,159.774,1022.22,-80.1588,156.005,1022.33,-63.3674,155.723,1018.71,-91.7171,134.929,1028.81,-59.9332,134.336,1013.06,-103.718,109.886,1032.01,-46.0715,113.137,1004.96,-102.363,87.4446,1021.79,-31.5316,107.652,1020.87,-88.4362,79.9469,1024.17,-63.6356,80.402,1026.35,-97.4412,46.4732,1020.35,-49.74,48.1949,1044.6,-110.97,10.2604,1029.45,-37.1241,13.9653,1010.92,0.00584918,135.091,1013.3,1.82122,148.845,1008.13,16.2414,152.051,1007.02,14.7809,137.828,853.015,88.0721,231.402
000782:1017.14,-66.5154,156.678,1018.39,-70.4501,159.746,1017.54,-64.2391,159.596,1021.4,-79.367,155.855,1020.99,-62.4895,155.58,1017.64,-90.9614,134.896,1027.47,-58.9174,134.213,1011.11,-103.168,109.999,1031.36,-44.4893,113.353,1001.89,-102.042,87.5084,1024.58,-29.4615,108.428,1019.6,-87.9369,79.8931,1022.67,-63.0132,80.2623,1026.12,-97.1952,46.4368,1019.31,-49.1261,48.1277,1042.91,-110.887,10.5014,1026.57,-36.6294,14.2347,1012.35,0.851804,137.512,1014.06,2.05031,151.188,1009.38,16.2152,154.962,1008.75,15.3846,140.804,858.706,86.9776,231.762
000783:1018.32,-65.8743,156.638,1018.29,-69.8977,159.682,1019.29,-63.5515,159.487,1019.41,-78.8631,155.771,1021.68,-61.8414,155.666,1019.07,-90.3561,135.058,1025.6,-58.2685,134.453,1014.81,-102.864,110.1,1026.58,-43.7445,113.892,1005.98,-101.996,87.7376,1020.07,-28.3061,109.351,1019.5,-87.264,79.9005,1021.75,-62.3185,80.3225,1025.21,-96.6421,46.5439,1018.82,-48.3119,48.2394,1043.55,-110.773,10.302,1029.53,-35.9039,14.1821,1011.53,1.67181,139.134,1012.37,2.12439,153.59,1013.12,16.7501,158.464,1013.16,16.671,143.647,859.255,85.646,231.821
000784:1017.43,-65.1306,156.785,1017.31,-69.1313,159.834,1018.32,-62.7587,159.598,1018.39,-78.0468,155.845,1020.8,-60.9921,155.704,1018.48,-89.5502,135.102,1024.91,-57.3985,134.399,1014.23,-102.255,110.283,1023.43,-42.3773,114.179,1007.93,-102.102,87.6689,1014.56,-26.473,110.336,1021.04,-86.8935,79.5979,1023.51,-61.8737,79.8969,1027.37,-96.6803,46.1135,1021.15,-47.9336,47.6703,1043.31,-110.894,10.1021,1028.62,-35.3325,13.8818,1011.6,2.11292,140.941,1013.58,2.0152,155.287,1016.24,16.351,160.634,1015.09,16.8578,145.901,862.518,84.0862,231.711
000785:1017.51,-64.4344,156.572,1017.44,-68.4443,159.58,1018.55,-62.0585,159.366,1018.39,-77.3304,155.473,1021.66,-60.3137,155.327,1017.61,-88.7759,134.757,1025.66,-56.8102,133.986,1012.62,-101.713,110.102,1025.43,-41.9909,113.908,1006.56,-101.791,87.636,1017.11,-26.3423,110.83,1018.23,-85.9756,79.5603,1022.26,-61.1124,79.7381,1023.76,-95.7662,46.2911,1021.01,-47.2556,47.5806,1039.96,-110.5,10.4288,1030.45,-35.1276,13.7019,1014.36,2.71498,142.722,1016.8,2.56864,157.426,1020.63,17.1725,162.906,1019.18,17.7362,147.814,868.085,83.6308,231.693
000786:1018.16,-63.8767,156.617,1018.22,-67.9219,159.626,1019.17,-61.4823,159.408,1019.51,-76.8875,155.483,1022.29,-59.7082,155.349,1019.58,-88.4887,134.693,1026.35,-56.0927,133.901,1015.27,-101.76,110.051,1024.13,-40.7138,114.181,1008.46,-101.671,87.6997,1013.48,-24.5528,111.749,1021.56,-85.8342,79.1775,1025.04,-60.7224,79.2985,1025.15,-95.6907,46.0063,1021.92,-46.8749,47.2254,1040.45,-110.763,10.2504,1031.08,-35.2753,13.4327,1012.34,3.35072,144.571,1015.83,2.68215,159.296,1020.07,17.1496,165.226,1017.53,18.2347,150.108,868.624,82.2868,231.751
000787:1018.62,-63.3473,156.769,1018.5,-67.3798,159.754,1019.24,-60.8822,159.554,1019.16,-76.2453,155.473,1021.21,-58.9066,155.344,1018.99,-87.7881,134.608,1025.03,-55.2573,133.86,1014.2,-101.246,110.052,1026.51,-40.1312,114.346,1008.16,-101.494,87.6573,1023.7,-24.7903,112.63,1020.62,-85.1343,79.0395,1023.46,-59.8866,79.1409,1025.11,-95.3217,45.7498,1021.82,-46.1866,46.9213,1038.25,-110.557,10.1892,1029.12,-34.636,13.2392,1015.77,3.43321,146.383,1016.59,2.71012,161.24,1019.39,17.1814,167.246,1019.69,18.3767,152.037,869.23,80.9323,231.119
000788:1017.04,-62.6194,156.79,1017.06,-66.6521,159.762,1018.09,-60.159,159.551,1018.81,-75.5343,155.522,1021.51,-58.2306,155.358,1019.78,-87.2384,134.764,1026.7,-54.6868,133.946,1014.05,-100.894,110.221,1028.63,-39.6478,114.49,1005.53,-101.327,87.7491,1023.07,-24.2943,113.268,1022.04,-84.7281,79.2516,1025.4,-59.4951,79.2823,1025.42,-94.9344,45.9623,1022.85,-45.8458,47.0277,1039.86,-110.577,10.2508,1030.69,-34.5752,13.2224,1015.72,3.9393,148.345,1017.83,2.98361,163.344,1020.68,17.4917,169.615,1019.9,18.9021,154.268,877.549,80.2294,231.28
000789:1017.99,-61.6991,156.824,1017.92,-65.7612,159.798,1018.96,-59.2689,159.576,1018.81,-74.7797,155.528,1021.47,-57.4743,155.351,1019.49,-86.61,134.664,1025.38,-53.9177,133.836,1014.28,-100.588,110.158,1024.19,-38.3661,114.8,1006.95,-101.038,87.6561,1018.19,-22.6419,114.297,1022.22,-83.973,78.9817,1025.71,-58.6716,78.9677,1025.42,-94.3365,45.9234,1024.32,-45.1105,46.8311,1037.1,-110.262,10.7081,1031.14,-34.4671,13.3306,1015.63,4.40775,149.986,1016.74,2.83553,165.005,1021.42,17.0994,171.782,1021.76,19.1527,156.42,878.16,78.867,230.983
000790:1019.33,-61.2507,156.968,1019.24,-65.3161,159.933,1020.41,-58.7563,159.707,1020.34,-74.2139,155.643,1023.37,-56.7769,155.486,1020.86,-85.9881,134.819,1027.86,-53.0084,133.94,1014.19,-100.154,110.525,1028.66,-37.0464,115.279,1006.12,-100.998,87.9572,1024.48,-21.1333,115.351,1023.12,-83.5146,79.0002,1026.93,-58.0928,78.8556,1025.46,-94.1173,45.9228,1024.49,-44.6662,46.6368,1038.48,-110.538,10.5418,1030.98,-34.3844,13.1383,1018.72,4.93627,151.507,1019.74,2.94101,166.236,1022.41,16.8091,173.317,1022.9,19.3037,158.284,881.224,77.9483,231.178
000791:1017.02,-59.875,156.89,1016.65,-63.9015,159.866,1018.31,-57.4474,159.609,1017.42,-72.8849,155.662,1021.98,-55.7614,155.444,1018.74,-84.9661,134.896,1027.35,-52.3693,134.002,1013.21,-99.4886,110.383,1025.89,-36.2958,115.77,1007.51,-100.683,87.1815,1016.21,-20.0315,116.709,1023.76,-82.9564,79.0973,1029.1,-57.7729,78.9179,1024.17,-93.2354,46.2244,1024.8,-44.0453,46.8583,1037.22,-110.131,10.8408,1030.31,-34.1364,13.5357,1015.73,5.3061,152.977,1018.59,2.9247,167.661,1023.55,16.6225,175.017,1022.15,19.4747,160.006,884.379,77.019,231.018
000792:1019.14,-59.5141,157,1018.72,-63.5851,159.982,1019.71,-57.0054,159.737,1018.42,-72.4819,155.803,1021.06,-55.0483,155.637,1019.01,-84.4625,135.059,1024.24,-51.2266,134.254,1013.6,-99.1573,110.627,1024.41,-34.7069,116.386,1007.17,-100.417,87.4986,1021.34,-18.3905,117.563,1023.35,-82.263,79.1054,1026.45,-56.7611,78.9438,1025.84,-93.0767,45.9939,1025.06,-43.5786,46.5688,1039.15,-110.225,10.5608,1032.76,-34.1917,12.9463,1017.34,6.00089,154.466,1018.72,3.23384,168.968,1021.27,16.6283,176.587,1021.35,19.8697,161.816,887.54,76.0821,230.515
000793:1018.35,-58.9844,157.133,1017.96,-63.0437,160.089,1019.18,-56.4333,159.859,1018.22,-71.8507,155.798,1021.02,-54.2962,155.669,1019.15,-83.7976,134.962,1024.67,-50.2881,134.241,1014.42,-98.8833,110.641,1023.82,-33.3357,116.932,1007.43,-100.503,87.5289,1020.87,-17.2757,118.903,1023.34,-81.6372,79.165,1026.38,-55.9886,78.8909,1024.63,-92.7439,46.2248,1023.39,-43.0851,46.6799,1039.02,-110.222,10.8453,1031.05,-34.0986,13.096,1018.32,6.29576,155.928,1020.22,3.4166,170.365,1022.65,16.7223,178.045,1022.32,20.0557,163.359,890.712,75.1405,230.009
000794:1017.7,-58.1144,157.199,1017.63,-62.2154,160.163,1018.8,-55.6328,159.905,1019.8,-71.2071,155.977,1022.24,-53.7504,155.826,1022.24,-83.3698,135.347,1026.5,-49.9337,134.586,1016.8,-98.551,111.154,1025.62,-32.6216,117.737,1005.6,-100.175,88.0943,1023.14,-15.7146,120.236,1023.76,-81.2197,79.5923,1025.55,-55.6819,79.3631,1025,-92.427,46.409,1022.02,-42.7326,46.9646,1038.41,-110.163,10.9322,1029.96,-33.6802,13.1995,1017.99,7.12692,157.685,1020.54,3.92812,171.859,1022.48,16.8795,179.663,1021.61,20.5177,165.241,891.22,73.7637,229.721
000795:1016.11,-57.2169,157.344,1016.09,-61.3073,160.318,1017.69,-54.7352,160.024,1018.53,-70.3563,156.047,1022.27,-52.9346,155.82,1021.31,-82.6779,135.322,1027.17,-49.2166,134.461,1014.22,-97.8925,111.325,1027.17,-31.7474,117.933,1002.8,-99.438,88.4118,1021.72,-14.8247,121.356,1023.12,-80.7523,79.464,1026.54,-55.2057,79.0499,1023.01,-92.1153,46.4201,1022.49,-42.4448,46.6893,1036.58,-109.91,11.0482,1030.46,-33.4973,12.9219,1018.53,7.38264,159.01,1021.4,3.93472,173.211,1024.91,16.7678,181.208,1023.89,20.6709,166.736,894.402,72.8135,229.211
000796:1016.78,-56.7075,157.384,1016.61,-60.7972,160.353,1018.32,-54.2014,160.049,1018.78,-69.7566,156.111,1022.62,-52.2981,155.893,1021.32,-82.0117,135.516,1026.92,-48.3702,134.643,1013.42,-97.2191,111.666,1026.74,-30.5211,118.421,1002.24,-99.0395,88.6804,1022.69,-13.3028,122.061,1022.75,-80.0626,79.8298,1025.86,-54.4688,79.3606,1023.11,-91.74,46.8102,1022.14,-41.9615,46.9969,1034.91,-109.572,11.7143,1028.41,-33.1575,13.4129,1018.62,8.01594,160.234,1021.36,4.30597,174.216,1024.56,16.836,182.376,1023.77,20.9981,168.142,897.596,71.8586,228.699
000797:1017.89,-55.9492,157.556,1017.4,-59.9853,160.517,1019.02,-53.3718,160.191,1018.19,-68.7752,156.192,1021.8,-51.3075,155.918,1019.79,-80.9603,135.609,1025.24,-47.4631,134.66,1012.34,-96.4427,111.845,1026.22,-29.7663,118.614,1002.9,-98.9089,88.6985,1024.8,-12.9811,122.801,1022.81,-79.5411,79.9251,1025.77,-53.9754,79.345,1023.88,-91.5878,46.7983,1021.87,-41.7009,46.9261,1037.26,-109.924,11.5335,1029.16,-33.065,13.1438,1019.17,8.27427,161.285,1022.22,4.56129,175.393,1025.12,17.1737,183.582,1023.79,21.3367,169.251,900.802,70.8989,228.183
000798:1017.82,-55.2894,157.607,1017.23,-59.3062,160.587,1019.04,-52.6777,160.244,1017.99,-68.0493,156.347,1021.58,-50.5097,156.029,1019.62,-80.3654,135.905,1024.56,-46.61,134.842,1011.46,-96.0244,112.338,1024.34,-28.7066,119.1,1000.82,-98.254,89.4588,1022.1,-11.8314,123.724,1023,-79.3301,80.157,1025.77,-53.6189,79.5265,1023.59,-91.4507,46.9096,1022.19,-41.2678,46.9238,1036.31,-110.111,11.4946,1028.78,-32.8603,13.0158,1018.84,8.81913,162.127,1022.74,4.9099,176.102,1025.79,17.3582,184.415,1023.65,21.7201,170.234,901.379,69.5021,227.53
000799:1017.27,-54.5987,157.78,1016.82,-58.6427,160.762,1018.7,-52.0042,160.392,1018.34,-67.417,156.553,1022.38,-49.9392,156.25,1020.22,-79.6866,136.148,1025.6,-45.9982,135.075,1011.75,-95.2776,112.594,1023.66,-27.7295,119.595,1000.25,-97.7401,89.4817,1018.77,-10.3308,124.377,1022.79,-78.5713,80.2962,1025.3,-52.923,79.6101,1024.44,-91.1303,47.0638,1021.04,-40.8294,47.0925,1037.75,-110.116,11.8182,1028.14,-32.694,13.3044,1016.31,9.4876,163.193,1021.65,5.35725,177.117,1025.44,17.6485,185.576,1021.67,22.1955,171.464,904.595,68.5336,227.01
000800:1020.15,-54.0557,157.956,1019.35,-58.0909,160.953,1021.41,-51.3854,160.58,1019.49,-66.7509,156.7,1023.93,-49.0841,156.397,1020.3,-79.006,136.192,1026.48,-44.903,135.134,1010.9,-94.7223,112.548,1027.91,-26.3777,119.906,1002.13,-97.5335,89.0129,1026.18,-9.12397,125.24,1022.76,-78.0063,80.2475,1026.4,-52.1628,79.3866,1022.91,-90.7941,47.0914,1023.69,-40.4577,46.644,1033.87,-109.771,12.1144,1029.76,-32.7351,12.8044,1017.4,10.0723,164.415,1021.06,5.74265,178.185,1022.31,17.8459,186.708,1020.34,22.5717,172.812,907.824,67.5603,226.487
000801:1020.02,-53.5432,158.091,1019.28,-57.5918,161.08,1021.01,-50.8654,160.702,1019.37,-66.1947,156.794,1022.63,-48.4823,156.539,1020.1,-78.3831,136.394,1023.4,-44.1134,135.463,1011.76,-94.2935,112.942,1021.28,-24.9748,121.136,1002.97,-97.4096,89.4046,1019.17,-7.29199,127.231,1022.04,-77.4281,80.6916,1023.84,-51.5454,79.8738,1023.6,-90.5262,47.4034,1021.51,-40.0726,47.1043,1036.39,-109.858,12.2663,1028.95,-32.5536,13.1381,1016.98,10.9375,165.839,1022.31,6.48018,179.274,1024.83,18.3009,187.751,1021.15,23.135,174.181,911.065,66.5822,225.961
000802:1020.75,-52.7394,158.258,1019.88,-56.7742,161.237,1021.63,-50.0378,160.851,1020.01,-65.4262,156.862,1022.75,-47.675,156.552,1021.94,-77.8196,136.451,1023.69,-43.4582,135.45,1013.54,-94.0043,113.138,1023.16,-24.4588,121.316,1003.43,-97.205,89.7556,1023.13,-6.85891,128.098,1025.26,-77.0997,80.6223,1026.35,-51.1353,79.7848,1024.64,-90.1544,47.3545,1022.87,-39.7156,46.975,1034.85,-109.626,12.3928,1028.61,-32.4638,13.0742,1017.62,11.5286,167.115,1022.21,6.97575,180.641,1023.88,18.8349,189.161,1021.08,23.7738,175.521,914.402,65.5922,225.069
000803:1022.1,-52.1712,158.497,1021.1,-56.2038,161.493,1022.99,-49.4437,161.082,1020.31,-64.7871,157.091,1023.33,-47.0306,156.785,1021.16,-77.079,136.65,1022.87,-42.7707,135.659,1013.1,-93.2687,113.139,1021.39,-23.6299,121.748,1005.6,-96.9654,89.098,1021.22,-5.92296,128.864,1023.68,-76.4898,80.7116,1025.13,-50.5804,79.784,1023.59,-89.8284,47.416,1022.93,-39.4244,46.8528,1034.79,-109.628,12.4963,1029.95,-32.4278,12.8572,1018.35,12.1866,168.027,1022.81,7.59262,181.541,1024.82,19.433,190.066,1022.16,24.3818,176.472,917.661,64.6014,224.185
000804:1020.06,-51.2325,158.597,1018.89,-55.2444,161.585,1020.9,-48.5213,161.159,1017.85,-63.7966,157.199,1021.62,-46.21,156.875,1019.28,-76.1646,136.906,1021.85,-42.0609,135.871,1011.94,-92.6277,113.703,1020.33,-22.6387,122.627,1006.22,-96.7704,89.7382,1018.62,-4.40115,130.48,1023.99,-75.9543,81.0348,1026.13,-50.1647,80.0255,1023.39,-89.4491,47.6919,1023.3,-39.0627,47.0189,1035.54,-109.772,12.6011,1030.18,-32.3162,12.9178,1016.9,13.1205,168.941,1022.66,8.36653,182.214,1025.53,19.9832,190.763,1021.47,25.0999,177.407,920.939,63.6085,223.648
000805:1019.82,-50.4056,158.587,1018.55,-54.4057,161.582,1020.81,-47.7271,161.141,1017.67,-63.0641,157.205,1021.87,-45.5982,156.828,1019.98,-75.6427,136.941,1022.42,-41.6784,135.86,1012.75,-92.2851,113.953,1021.07,-22.1699,123.091,1006.04,-96.2379,90.348,1019.25,-3.62368,131.718,1024.99,-75.6365,80.9902,1027.18,-49.896,79.9542,1022.67,-89.129,47.666,1023.16,-38.7559,46.9337,1032.58,-109.528,12.7396,1028.75,-32.1254,12.8819,1016.4,13.8913,170.142,1022.27,9.08176,183.519,1024.8,20.7717,192.045,1020.63,25.9482,178.6,921.497,62.1855,222.981
000806:1018,-49.5149,159.004,1016.76,-53.4645,162.017,1019.27,-46.762,161.541,1016.95,-62.0928,157.581,1021.51,-44.4689,157.114,1020.23,-74.8851,137.199,1023.87,-40.6603,135.961,1013.7,-91.801,114.112,1025.08,-21.4427,122.935,1006.33,-95.6751,90.5399,1024.91,-3.63924,131.779,1025.2,-75.3528,81.2084,1027.85,-49.4334,80.0031,1021.89,-88.9511,47.9162,1022.39,-38.4877,47.041,1034.92,-109.576,12.6911,1030.46,-32.1489,12.6507,1018.84,14.34,170.866,1025.05,9.5863,184.533,1026.61,21.546,193.108,1022.16,26.6292,179.402,921.812,61.4684,222.288
000807:1017.19,-48.9044,159.181,1016.01,-52.8887,162.181,1018.99,-46.2094,161.716,1017.42,-61.6367,157.658,1023.09,-44.0876,157.267,1021.45,-74.448,137.221,1027.02,-40.2636,136.138,1013.67,-91.2069,114.217,1025.33,-20.307,124.112,1004.88,-95.0536,90.4554,1018.96,-1.59655,134.065,1027.56,-74.9405,81.2518,1031.07,-49.0597,79.9726,1023.7,-88.6823,47.8725,1024.25,-38.2133,46.9568,1035.9,-109.51,12.7308,1029.27,-32.1642,12.7827,1017.55,15.6197,171.995,1025.36,10.7435,185.295,1028.17,22.4625,193.731,1022.06,27.6339,180.371,925.177,60.4542,221.024
000808:1017.46,-48.3234,159.297,1016.22,-52.3031,162.322,1019.6,-45.6003,161.82,1017.55,-61.0269,157.803,1024.71,-43.4965,157.386,1021.47,-73.8804,137.354,1029.28,-39.6527,136.197,1012.56,-90.6211,114.453,1027.76,-19.4826,124.413,1004.54,-94.5776,90.6141,1017.69,-0.481982,134.799,1027.79,-74.5346,81.1502,1033.38,-48.6737,79.7002,1021.96,-88.3409,47.8758,1026.25,-37.9545,46.5916,1031.9,-109.001,13.0457,1028.93,-31.94,12.6319,1016.76,16.4791,173.054,1024.8,11.5337,186.313,1029.44,23.1966,194.846,1022.79,28.4556,181.522,925.49,59.7345,220.329
000809:1017.58,-47.3827,159.588,1016.25,-51.3795,162.617,1019.49,-44.716,162.101,1017.16,-60.3107,158.071,1023.48,-42.8483,157.601,1021.23,-73.4032,137.605,1026.71,-39.2656,136.442,1012.53,-90.1908,114.762,1024.53,-19.0296,125.082,1004.13,-93.8562,91.0455,1016.35,0.371825,136.035,1027.64,-74.1923,81.3618,1031.76,-48.3575,79.9873,1022.59,-88.0427,47.9605,1025.1,-37.7305,46.8407,1032.65,-108.858,13.1132,1029.16,-31.9798,12.7473,1017.91,17.3264,173.833,1026.28,12.3091,187.157,1029.7,24.0243,195.571,1022.99,29.3133,182.207,931.87,58.4207,219.201
000810:1016.65,-46.8271,159.738,1014.75,-50.7883,162.782,1018.42,-44.1221,162.265,1015.22,-59.5617,158.372,1022.22,-42.0623,157.953,1019.28,-72.5793,138.101,1026.73,-38.2611,137.018,1010.03,-89.3362,115.268,1030.43,-17.956,126,1003.22,-93.3468,91.2345,1029.31,1.52936,137.112,1026.08,-73.4034,82.095,1031.17,-47.5658,80.605,1020.61,-87.3934,48.681,1026.6,-37.4798,47.1932,1028.89,-107.908,14.088,1029.89,-32.0001,13.0802,1020.6,18.354,174.923,1026.4,13.4351,187.977,1026.57,25.0087,196.169,1022.6,30.1788,183.14,932.181,57.6967,218.501
000811:1016.02,-46.2477,159.876,1014.09,-50.1753,162.934,1017.93,-43.5324,162.402,1015,-58.9358,158.535,1021.84,-41.4663,158.086,1019.46,-72.0163,138.376,1026.25,-37.7765,137.279,1010.74,-88.8308,115.74,1028.87,-17.4988,126.816,999.899,-92.4278,92.0671,1027.68,1.984,138.723,1026.18,-73.2198,82.3748,1030.64,-47.4265,80.8521,1021.27,-87.3109,48.7123,1025.97,-37.5211,47.2748,1030.56,-107.898,13.9549,1030.59,-32.1132,12.935,1020.29,19.0688,175.994,1025.67,14.3407,189.029,1025.65,26.0388,196.964,1021.82,31.0288,183.957,935.498,56.6726,217.587
000812:1017.34,-45.4614,159.86,1015.41,-49.3984,162.927,1018.98,-42.7498,162.396,1016.55,-58.2917,158.54,1021.9,-40.7301,158.065,1021.9,-71.6098,138.374,1025.69,-37.1655,137.322,1014.56,-88.6959,115.661,1029.97,-16.8394,127.152,1002.02,-92.0077,92.0845,1034.08,2.86809,139.436,1027.33,-72.9002,82.5004,1029.78,-46.9709,81.0281,1022.25,-87.1193,48.7643,1024.81,-37.1887,47.4558,1031.44,-107.944,13.9704,1029.98,-32.0523,12.9808,1023.59,20.1721,176.92,1028.65,15.5107,190.155,1027.1,27.4475,197.937,1023.83,32.3237,184.767,938.924,55.6384,216.655
000813:1017.17,-44.6349,160.227,1015.21,-48.5521,163.29,1018.78,-41.9219,162.756,1016.49,-57.4893,158.824,1021.55,-39.9681,158.317,1022.52,-70.904,138.643,1025.22,-36.54,137.582,1016.15,-88.2253,116.186,1027.07,-16.084,128.098,1005.22,-91.9329,92.7359,1028.54,3.81432,141.318,1029.38,-72.4602,82.6865,1031.62,-46.588,81.1505,1023.11,-86.7526,48.8741,1026.23,-37.0658,47.4738,1031.78,-107.667,14.1313,1030.41,-32.136,12.9906,1022.68,21.1431,177.921,1028.27,16.6201,191.18,1028.57,28.6874,198.776,1024.8,33.4182,185.575,942.267,54.6041,215.73
000814:1016.29,-43.9807,160.181,1014.05,-47.8426,163.25,1018.02,-41.2477,162.706,1015.5,-56.7984,158.783,1021.08,-39.3421,158.208,1022.62,-70.4487,138.625,1025.64,-36.1525,137.457,1016.69,-87.98,116.46,1027.9,-15.8111,128.297,1005.34,-91.4699,93.4726,1028.46,4.0951,142.137,1031.19,-72.5083,82.4946,1033.69,-46.6171,80.9044,1024.23,-86.7803,48.6267,1027.83,-36.9943,47.1865,1031.3,-107.547,13.9947,1030.62,-31.9494,12.8215,1022.89,21.9701,178.59,1028.3,17.5486,191.977,1027.19,29.8109,199.443,1023.6,34.4642,186.136,942.661,53.8655,214.652
000815:1017.04,-43.0589,160.113,1014.79,-46.9093,163.167,1018.66,-40.3563,162.637,1015.89,-55.9314,158.724,1020.83,-38.6078,158.13,1022.37,-69.6488,138.761,1024.01,-35.6271,137.669,1016.27,-87.2898,116.865,1025.66,-15.3504,129.33,1004.98,-91.0533,93.9902,1027.93,4.78554,144.054,1029.48,-71.7341,83.0738,1030.94,-46.0635,81.5215,1024.04,-86.1311,49.0542,1026.43,-36.8265,47.7137,1030.92,-106.891,14.5186,1030.81,-31.9444,13.1909,1022.64,23.0747,179.935,1027.71,18.925,193.371,1025.17,31.3395,200.412,1022.07,35.6851,187.087,946.105,52.8158,213.348
000816:1015.79,-42.5533,160.21,1013.62,-46.3511,163.284,1017.33,-39.826,162.733,1015.18,-55.2944,158.913,1019.57,-38.0418,158.285,1022.75,-69.0622,139.107,1022.03,-35.087,138.049,1018.28,-86.742,117.177,1021.87,-14.8791,130.053,1006.57,-90.6894,94.1396,1023.43,5.37965,145.103,1029.03,-71.4548,83.6365,1029.2,-45.8535,82.1179,1023.83,-85.8251,49.4226,1024.28,-36.7779,48.182,1030.5,-106.474,14.7976,1028.69,-31.8451,13.5542,1020.12,24.1709,180.713,1025.31,20.0973,194.144,1024.47,32.6258,201.181,1021.12,36.9071,187.83,949.474,51.7688,212.409
000817:1016.23,-42.0487,160.3,1013.79,-45.8115,163.374,1017.58,-39.2817,162.842,1014.63,-54.6241,158.958,1018.72,-37.2843,158.372,1021.74,-68.3416,139.144,1020.72,-34.1709,138.136,1018.71,-86.3281,117.266,1020.96,-13.8571,130.539,1009.47,-90.4596,94.2951,1025.44,6.24661,146.207,1028.67,-70.8979,83.7448,1028.55,-45.1781,82.1771,1023.99,-85.4305,49.4759,1023.85,-36.2652,48.2197,1032.71,-106.555,14.6656,1029.34,-31.8317,13.4897,1019.86,25.1578,181.939,1023.78,21.0993,195.47,1021.36,33.8498,202.472,1019.48,38.1093,189.055,949.857,51.0227,210.964
000818:1016.55,-41.326,160.45,1014.25,-45.0629,163.562,1018.33,-38.5284,163,1016.46,-53.9107,159.289,1021.14,-36.5754,158.65,1025,-67.844,139.616,1024.52,-33.6072,138.6,1021.29,-85.8654,117.773,1026.03,-13.452,131.447,1007.6,-89.7258,94.7918,1028.9,6.70159,147.662,1031.26,-70.7737,84.1318,1031.07,-45.0374,82.4911,1025.16,-85.3287,49.6524,1024.31,-36.3807,48.3596,1034.72,-106.372,14.6655,1029.63,-31.9937,13.4671,1019.18,26.1807,182.974,1023.52,22.3927,196.506,1020.21,35.2577,203.185,1017.75,39.2342,189.795,953.336,49.9628,210.004
000819:1013,-40.3845,160.696,1012.74,-44.429,163.706,1018.63,-38.1772,163.227,1015.33,-53.2565,159.476,1022.16,-36.2149,159.059,1021.69,-66.7816,139.999,1023.49,-32.8704,138.471,1021.28,-85.4724,118.692,1024.4,-12.9795,130.798,1012.42,-90.0402,95.5523,1025.49,7.02785,146.662,1026.46,-69.4755,84.9763,1026.91,-43.8588,82.7306,1023.93,-84.7476,49.7062,1023.97,-35.9358,48.2317,1033.71,-106.026,14.2482,1029.71,-31.9956,12.759,1006.75,28.2123,184.195,1007.03,24.933,197.652,1001.13,38.2793,203.594,999.758,42.0851,190.055,956.821,48.8949,208.677
000820:1014.87,-40.073,160.702,1014.7,-44.0952,163.699,1020.14,-37.8059,163.249,1016.65,-52.8047,159.431,1021.75,-35.5999,159.012,1022.92,-66.3018,140.044,1021,-32.1243,138.591,1023,-85.0976,118.789,1021.64,-12.4107,131.124,1012.61,-89.4747,96.0377,1024.87,7.39595,147.389,1026.65,-69.0132,85.3927,1025,-43.2736,83.2086,1024.62,-84.3059,49.9864,1023.1,-35.743,48.5993,1032.16,-105.262,14.6872,1030.11,-32.0279,12.9048,1003.12,29.4721,185.206,1002.52,26.4812,198.965,995.452,40.2349,204.7,994.739,43.7654,190.882,957.111,48.152,207.597
000821:1015.7,-39.5494,160.649,1015.58,-43.5443,163.679,1021.1,-37.3162,163.193,1016.48,-52.2101,159.586,1022.19,-35.2196,159.076,1021.61,-65.7887,140.413,1020.59,-32.0059,138.83,1020.02,-84.4726,119.314,1022.13,-12.7407,131.39,1010.36,-88.7653,96.8061,1024.99,7.05471,147.946,1024.62,-68.7499,85.83,1023.86,-43.2383,83.6118,1022.75,-84.037,50.3627,1022.42,-35.7083,48.9076,1031.69,-105.207,14.9169,1029.76,-32.0166,13.1353,1001.19,30.0588,186.072,999.385,27.2283,200.181,991.552,41.3699,205.824,992.005,44.7653,191.689,957.702,46.6705,206.161
000822:1014.1,-38.8849,160.792,1014.19,-42.899,163.793,1019.46,-36.6518,163.325,1016.02,-51.5654,159.693,1021.25,-34.5799,159.207,1022.25,-65.0899,140.685,1020.42,-31.3129,139.152,1020.82,-83.7572,119.843,1020.57,-11.8338,132.265,1009.68,-88.1565,97.6277,1021.69,8.23358,149.358,1026.62,-68.0944,86.2879,1024.73,-42.592,84.0775,1026.37,-83.6722,50.4677,1023.5,-35.4398,49.1364,1033.39,-104.833,15.0461,1029.59,-31.9402,13.2229,998.088,30.7854,187.044,996.828,27.9096,200.952,989.33,41.8714,206.478,989.148,45.281,192.532,960.995,46.3252,205.163
000823:1013.32,-38.4662,160.951,1013.37,-42.4586,163.977,1018.5,-36.1806,163.496,1015.18,-51.0867,159.944,1019.88,-34.0053,159.409,1021.96,-64.7197,141.033,1019.17,-30.7762,139.423,1021.43,-83.4828,120.213,1019.02,-11.5706,132.44,1009.56,-87.5254,98.3205,1019.84,8.29599,149.632,1027.7,-68.0129,86.5229,1024.99,-42.3741,84.3246,1027.03,-83.5242,50.5462,1022.64,-35.2864,49.3087,1035.64,-104.755,14.8272,1028.67,-31.9087,13.3073,993.733,31.4733,187.703,990.667,28.769,201.795,982.296,42.9755,207.225,983.739,46.2373,193.125,961.372,45.5708,203.702
000824:1012.81,-37.831,160.862,1012.99,-41.789,163.877,1018.22,-35.5283,163.39,1014.63,-50.272,159.94,1020.19,-33.334,159.352,1020.23,-63.7863,141.256,1020.1,-30.2565,139.499,1018.19,-82.582,120.814,1020.06,-11.5115,132.621,1008.24,-87.0864,99.2494,1019.12,7.9892,150.106,1025.32,-67.227,86.9106,1024.12,-41.8757,84.5849,1025.56,-82.9164,50.8933,1023.45,-35.1514,49.4082,1033.64,-104.2,15.3332,1029.06,-31.9398,13.441,990.624,31.8341,188.228,986.799,29.3066,202.553,977.765,43.7658,207.882,979.945,46.8538,193.596,0,0,0
000825:1013.92,-37.3012,161.017,1014.46,-41.2525,164.034,1019.45,-34.9884,163.557,1016.64,-49.7652,160.15,1021.48,-32.7956,159.534,1022.61,-63.4018,141.493,1020.45,-29.729,139.775,1020.12,-82.3313,121.059,1018.02,-10.9973,133.121,1007.4,-86.5859,99.6758,1014.51,8.3592,150.883,1026.95,-66.9198,87.2273,1024.38,-41.4987,84.9593,1027.7,-82.6158,51.0613,1023.25,-34.914,49.7324,1035.36,-103.981,15.4127,1029.84,-32.0856,13.553,988.308,32.1949,188.512,985.465,29.7123,202.874,976.599,44.2288,208.133,977.725,47.2343,193.807,968.399,43.3914,200.624
000826:1014.99,-36.8265,160.83,1015.69,-40.7719,163.861,1020.27,-34.4798,163.383,1018,-49.3437,160.091,1021.79,-32.2665,159.421,1024.45,-63.1498,141.519,1020.13,-29.3355,139.765,1022.97,-82.3762,121.118,1015.22,-10.8945,133.159,1009.39,-86.4442,99.9418,1009.48,8.16909,150.986,1029.28,-66.9238,87.0403,1025.43,-41.3283,84.8022,1029.47,-82.7439,50.7687,1023.57,-34.729,49.5051,1036.32,-104.226,15.0881,1029.58,-31.9772,13.2298,983.106,32.5384,188.2,978.992,30.2999,202.715,969.501,45.0212,207.77,971.701,47.7952,193.347,971.938,42.2947,199.256
000827:1013.65,-36.1861,160.842,1014.66,-40.1168,163.875,1019.49,-33.8801,163.394,1018.52,-48.7265,160.173,1023.12,-31.8496,159.465,1026.21,-62.5535,141.777,1023.56,-29.1965,139.906,1023.77,-81.6552,121.626,1019.83,-11.1196,133.301,1008.25,-85.6854,100.796,1011.08,7.7767,151.299,1030.48,-66.4025,87.3669,1027.22,-41.0954,85.0961,1029.8,-82.0884,51.0484,1024.26,-34.5747,49.7315,1036.24,-103.69,15.3213,1029.56,-31.9504,13.4164,979.298,32.4418,187.693,974.727,30.3697,202.062,963.98,44.9569,206.871,966.727,47.5593,192.611,972.142,41.5561,199.275
000828:1014.62,-36.0404,160.997,1015.73,-39.9574,164.027,1020.18,-33.6407,163.556,1019.03,-48.4082,160.317,1022.8,-31.3093,159.619,1025.68,-62.0552,141.893,1021.68,-28.3912,140.066,1023.25,-81.1875,121.775,1016.16,-10.3527,133.581,1010.82,-85.4526,100.882,1006.02,7.94784,151.495,1028.79,-65.8967,87.5289,1025.3,-40.4508,85.1922,1028.67,-81.8869,51.2544,1024.88,-34.4096,49.7062,1033.96,-103.235,15.812,1030.04,-31.9123,13.3911,976.247,32.4153,186.952,971.185,30.6199,201.172,960.83,45.1508,205.748,964.114,47.4778,191.687,962.806,41.8464,199.729
000829:1014.84,-35.5875,160.864,1015.97,-39.4639,163.912,1020.23,-33.2013,163.437,1018.85,-47.9028,160.348,1022.81,-30.9437,159.567,1025.19,-61.5574,142.118,1022.05,-28.2213,140.109,1022.72,-80.6163,122.265,1017.69,-10.6855,133.1,1009.24,-84.4849,102.207,1007.07,7.2836,150.475,1028.99,-65.4813,87.8967,1025.75,-40.2196,85.544,1028.34,-81.219,51.6505,1023.68,-34.1894,50.1813,1035.94,-102.738,15.9074,1029.76,-31.9311,13.7063,974.088,32.2495,185.789,968.906,30.6673,200.228,956.83,45.3621,204.68,960.205,47.4463,190.42,960.525,39.9501,197.461
000830:1015.34,-35.1518,161.071,1016.53,-39.048,164.129,1020.3,-32.7124,163.662,1018.94,-47.5139,160.596,1021.55,-30.3927,159.803,1025.43,-61.2245,142.342,1019.31,-27.6131,140.377,1023.62,-80.478,122.551,1013.42,-10.1587,133.597,1011.15,-84.43,102.4,1002.2,7.39001,151.059,1030.05,-65.1169,87.8399,1025.2,-39.6792,85.5433,1030.45,-81.1099,51.4741,1024.3,-33.944,50.0715,1037.5,-102.616,15.8087,1029.47,-31.8708,13.6401,970.361,32.2703,184.839,964.44,30.9186,198.936,952.092,45.3381,203.028,956.208,47.2005,189.159,948.765,38.4156,198.613
000831:1015.47,-34.7664,161.12,1016.94,-38.6308,164.169,1020.3,-32.3048,163.7,1019.48,-46.9667,160.698,1022.06,-29.9173,159.896,1026.05,-60.5588,142.559,1019.57,-27.1004,140.54,1024.79,-79.9394,123.082,1012.59,-9.81443,133.831,1012.86,-84.0048,103.357,998.977,7.2598,151.164,1029.73,-64.5432,88.1012,1024.85,-39.2327,85.7711,1029.58,-80.5246,51.7583,1023.82,-33.6399,50.2594,1035.16,-102.06,16.2289,1029.85,-31.8766,13.6597,966.757,31.586,183.287,960.758,30.4209,197.093,948.517,44.6289,200.988,952.671,46.2983,187.417,936.742,38.3578,200.079
000832:1016.41,-34.6839,161.251,1017.79,-38.5215,164.316,1021.24,-32.2021,163.855,1020.44,-46.7968,160.934,1023.41,-29.7635,160.116,1026.52,-60.2413,142.893,1021.86,-26.9408,140.878,1022.99,-79.351,123.509,1016.16,-9.9795,133.998,1008.65,-83.3988,103.906,1001.55,6.42906,150.946,1030.79,-64.1536,88.5723,1026.6,-38.9542,86.2241,1029.93,-80.0468,52.2405,1024.61,-33.5035,50.6832,1035.85,-101.443,16.6124,1028.59,-31.6649,14.1146,964.458,30.7244,181.666,956.358,29.8072,195.018,943.316,43.5957,198.615,949.53,45.0172,185.53,933.851,37.9897,201.08
000974:476.396,74.3557,0.332178
