002298:938.348,3.24466,160.663,940.081,-0.0409287,163.42,939.819,6.59009,163.876,946.948,-3.91929,158.996,946.911,12.1701,160.271,956.674,-8.88282,137.039,945.333,21.5193,141.285,961.177,-16.0697,108.702,926.798,34.2243,124.922,942.333,-16.7404,90.6518,895.447,24.4463,127.54,956.08,1.18516,85.8771,946.352,18.6265,87.5399,968.169,6.30166,46.993,938.467,13.1152,50.1167,1004.81,17.0962,8.51742,949.312,10.0951,12.5075,882.979,3.17153,152.715,880.008,-7.96472,155.55,875.937,-10.4007,169.027,880.776,1.50664,166.704,0,0,0
002299:937.595,2.96718,160.496,939.543,-0.378244,163.235,939.498,6.25774,163.736,947.283,-4.45512,158.933,948.125,11.6121,160.209,957.148,-9.55725,137.072,947.676,20.8736,141.236,962.188,-16.817,108.869,926.566,33.3615,124.839,942.27,-16.9847,91.2845,890.526,23.7059,127.337,955.769,0.766872,85.9447,947.17,18.1999,87.6313,966.717,6.20561,47.1678,938.6,12.917,50.2593,1004.29,16.6484,8.56424,949.463,9.42747,12.7732,878.538,2.46942,153.248,877.513,-8.80213,156.133,875.226,-11.2849,169.715,878.104,0.776484,167.31,0,0,0
002300:937.267,2.56052,160.43,939.25,-0.722734,163.201,939.269,5.86071,163.662,946.707,-4.71498,158.924,947.073,11.2728,160.148,956.357,-9.75136,137.256,945.046,20.331,141.418,960.654,-16.8346,108.951,923.601,32.3825,125.264,941.519,-17.4793,90.8303,888.677,22.5794,128.049,953.467,0.198492,86.2765,943.988,17.4793,87.973,966.455,5.37041,47.3431,937.253,12.3051,50.4791,1003.43,15.8322,8.82437,949.512,9.51797,12.9253,877.869,1.49532,154.082,876.731,-9.61091,156.932,874.259,-12.0524,170.334,877.049,-0.15089,168.001,0,0,0
002301:938.546,1.88133,160.172,940.376,-1.34361,162.974,940.716,5.19008,163.43,947.16,-5.14133,158.916,948.609,10.7379,160.096,956.105,-10.0094,137.373,945.454,20.0103,141.505,960.75,-17.266,109.268,920.843,32.3819,125.527,941.552,-18.37,91.2942,883.16,22.6258,128.266,952.63,-0.0798445,86.2321,943.815,17.1837,87.8714,965.306,4.78881,47.5173,937.332,11.9252,50.4599,1002.76,15.5027,9.16175,950.327,9.53134,12.8761,874.773,1.14806,154.404,874.029,-10.1179,157.14,873.133,-12.8,170.681,875.525,-0.745715,168.496,0,0,0
002302:938.08,1.46853,160.263,939.505,-1.73169,163.063,940.247,4.76989,163.533,945.476,-5.44597,158.974,947.814,10.3034,160.177,953.502,-10.1474,137.423,945.881,19.403,141.587,958.355,-17.2136,109.109,923.201,31.5332,125.707,943.73,-18.7354,90.4437,886.281,21.8838,128.676,950.898,-0.387406,86.0292,943.586,16.5395,87.6418,965.368,4.74564,47.0306,938.539,11.2494,49.9185,1000.01,15.6977,8.84849,947.569,8.87596,12.7136,872.993,0.515132,154.855,872.365,-10.7255,157.512,870.073,-13.4072,170.964,872.366,-1.37047,168.886,0,0,0
002303:940.129,0.937991,160.743,941.458,-2.26436,163.52,942.352,4.24414,164.002,947.027,-6.05261,159.236,949.318,9.74206,160.456,955.258,-10.7109,137.563,945.731,18.7888,141.896,960.92,-17.3404,108.927,920.413,30.8334,126.128,942.892,-18.7241,90.0393,881.264,21.0554,129.224,953.618,-0.867526,86.5173,944.877,16.1613,88.1915,968.256,3.82126,47.5843,937.25,10.8997,50.7901,1006.26,14.7456,9.20933,948.001,9.02373,13.4061,870.515,-0.133835,155.464,870.457,-11.4355,158.082,867.74,-14.1371,171.546,869.868,-2.00769,169.506,0,0,0
002304:940.289,0.538028,160.777,941.642,-2.6685,163.555,942.158,3.88178,164.017,947.14,-6.48105,159.115,948.378,9.47889,160.348,955.637,-11.1306,137.273,943.656,18.5184,141.631,961.056,-17.8854,108.729,917.9,30.5764,126.073,942.738,-19.2231,90.0234,880.755,20.7433,129.495,953.19,-1.41283,85.6999,943.402,15.6899,87.4095,966.231,3.22515,46.9776,934.861,10.4331,50.169,1003.63,14.2442,8.91561,945.736,8.50678,13.2208,870.817,-1.12504,156.017,869.883,-12.3631,158.721,866.299,-14.8964,172.138,869.267,-2.8438,170.054,0,0,0
002305:939.755,0.430533,160.704,941.14,-2.77443,163.489,942.195,3.79174,163.913,946.589,-6.66312,158.967,948.927,9.25988,160.115,953.314,-11.4469,137.034,945.333,18.0437,141.335,957.721,-18.2529,108.619,921.227,30.2113,126.223,942.11,-19.7521,89.6775,882.27,20.3028,130.583,949.417,-2.09066,85.3564,942.602,14.9404,86.9355,963.02,2.66567,46.6743,937.528,9.89651,49.4096,999.729,14.2933,8.75201,950.522,8.62426,12.2927,872.037,-1.82783,156.396,870.252,-13.1978,158.901,866.926,-15.9338,172.375,870.402,-3.7589,170.503,0,0,0
002306:938.275,-0.0448796,160.718,940.005,-3.23969,163.516,940.82,3.31952,163.94,946.544,-7.11782,159.018,948.09,8.85354,160.175,954.003,-11.8872,137.157,944.164,17.723,141.497,956.856,-18.4534,108.582,920.78,30.0692,126.282,937.371,-19.9594,89.3547,880.982,20.2657,130.472,948.857,-2.58335,85.5788,940.875,14.5133,87.1766,961.048,1.92325,47.0849,934.016,9.41486,49.8849,999.499,13.3815,9.14604,949.474,8.27843,12.6232,869.272,-2.3112,156.897,867.871,-13.7529,159.251,865.144,-16.6659,172.763,868.12,-4.39036,171.071,0,0,0
002307:940.058,-0.600403,160.457,941.506,-3.68866,163.238,942.203,2.84216,163.673,946.715,-7.25987,158.736,947.546,8.62285,159.875,953.472,-11.8733,136.988,941.693,17.6341,141.372,957.477,-18.6457,108.744,916.589,30.0498,126.616,939.958,-20.7454,90.0056,878.93,19.8672,131.251,949.191,-2.87344,85.832,939.901,14.191,87.4037,963.611,1.24046,47.2356,933.595,8.97095,50.1549,1000.97,12.5987,9.39847,947.646,8.16265,12.954,869.7,-3.50429,157.266,868.104,-15.0144,159.653,865.338,-17.8309,173.267,868.624,-5.51477,171.547,0,0,0
002308:937.875,-0.725424,160.439,939.639,-3.82633,163.225,940.784,2.66948,163.621,945.953,-7.57043,158.606,948.148,8.28056,159.691,952.719,-12.2517,136.634,943.886,17.0115,140.931,955.635,-18.8843,108.328,917.118,29.164,126.178,938.613,-21.1363,89.2455,872.93,19.0852,131.089,947.077,-3.37212,85.0001,940.113,13.6474,86.4641,959.173,0.548899,46.8212,933.938,8.67869,49.3519,995.737,11.858,9.39786,948.604,8.28204,12.5059,866.466,-4.37103,157.302,866.509,-16.0639,159.748,866.049,-18.9148,173.47,867.549,-6.39103,171.648,0,0,0
002309:938.304,-1.1908,160.649,939.622,-4.2391,163.46,940.651,2.31413,163.862,944.392,-7.79026,158.93,946.457,8.16576,160.008,950.072,-12.463,137.207,941.491,17.0634,141.421,953.676,-19.0628,108.905,915.429,29.2269,126.581,938.814,-21.2754,89.7677,874.629,18.8094,131.441,945.833,-4.00129,85.5479,939.648,13.1778,86.9072,957.2,-0.119042,47.0902,935.615,8.10756,49.2699,990.142,11.2492,9.78971,950.326,7.83091,12.0126,867.81,-5.28142,158.054,865.879,-16.8106,160.398,865.247,-19.6454,174.027,868.66,-7.30251,172.367,0,0,0
002310:936.956,-1.82082,160.429,938.058,-4.83958,163.213,939.173,1.66827,163.64,942.821,-8.32059,158.614,944.959,7.5812,159.764,949.479,-12.8387,136.931,940.614,16.5282,141.307,952.666,-19.1428,108.459,915.775,28.7705,126.769,938.975,-21.6914,88.8093,875.743,18.3307,131.863,946.699,-4.41491,85.5312,939.933,12.753,86.9328,959.508,-0.977584,47.1205,934.961,7.76991,49.5167,995.364,10.177,9.67077,947.902,7.84809,12.5426,868.347,-6.07051,158.526,866.284,-17.6771,160.754,865.286,-20.6031,174.375,868.76,-8.17624,172.881,0,0,0
002311:939.486,-2.72543,160.743,940.656,-5.67294,163.545,941.722,0.816109,163.97,944.482,-8.91172,158.971,946.527,6.99963,160.097,949.619,-13.2692,137.109,939.345,16.2209,141.386,954.211,-19.7028,108.78,911.926,28.6608,126.577,940.496,-22.4517,89.5242,871.479,17.9993,131.413,942.615,-4.97735,85.2811,936.517,12.3345,86.5433,951.768,-2.03178,47.3127,933.624,7.3948,49.0329,982.891,8.86917,10.6057,953.186,7.92643,11.466,867.091,-6.69584,158.483,865.926,-18.5954,160.907,864.903,-21.3402,174.886,867.364,-8.67689,173.155,0,0,0
002312:937.592,-2.81522,160.8,938.729,-5.73189,163.596,940.149,0.681595,163.981,942.731,-9.04335,158.998,945.896,6.69678,160.027,948.276,-13.4762,137.179,940.521,15.5837,141.405,952.347,-19.8642,109.013,912.145,27.6659,126.946,939.787,-23.2699,89.5073,868.817,17.0923,132.143,943.256,-5.42546,85.3663,938.691,11.7911,86.538,952.22,-2.88124,47.473,936.237,7.02862,48.9865,980.077,7.99729,11.1404,952.981,8.38519,11.7104,863.913,-7.33525,158.532,863.324,-19.1739,160.794,863.715,-22.0537,174.586,865.5,-9.45178,172.979,0,0,0
002313:935.92,-3.03566,160.812,937.313,-5.93373,163.579,938.489,0.447603,163.988,942.451,-9.26211,158.926,945.253,6.4241,159.991,949.038,-13.6199,137.086,941.104,15.2185,141.474,952.66,-19.9642,108.952,911.943,27.0166,127.506,938.53,-23.676,89.5176,867.723,16.2867,133.183,944.142,-5.52401,85.4155,939.339,11.5805,86.629,950.594,-3.02929,47.7131,934.94,6.84416,49.1926,975.397,7.51974,11.7122,949.959,8.01146,12.1404,861.724,-8.13353,158.744,861.623,-19.8473,160.89,862.457,-22.7354,174.455,863.623,-10.2601,172.953,0,0,0
002314:937.285,-3.85241,160.863,938.509,-6.71486,163.651,939.991,-0.34422,164.054,942.564,-9.89594,159.076,946.173,5.78468,160.13,947.595,-14.1386,137.285,941.15,14.7449,141.616,950.578,-20.2809,109.267,909.448,26.393,127.658,938.794,-24.1707,89.8604,864.16,15.3872,133.294,941.781,-6.16092,85.3566,938.551,11.0911,86.4541,949.793,-4.23069,47.3829,938.264,6.40986,48.444,969.198,6.25486,11.792,951.122,8.2345,11.3063,859.121,-8.97833,158.831,858.076,-20.6343,161.062,860.27,-23.4029,174.566,862.354,-11.032,172.983,0,0,0
002315:936.72,-4.2196,160.967,937.978,-7.0836,163.771,939.326,-0.694036,164.166,942.097,-10.2833,159.254,945.712,5.40812,160.281,947.274,-14.5937,137.561,940.508,14.303,141.869,951.182,-20.7559,109.496,907.836,25.8757,127.945,936.517,-24.6552,90.0647,862.388,14.8814,133.428,941.352,-6.74351,85.6904,938.129,10.53,86.7695,947.008,-4.82162,47.7751,936.326,5.89242,48.7425,967.427,5.71931,11.9995,950.796,8.04717,11.3179,858.881,-9.65455,159,858.928,-21.3231,161.053,861.408,-24.2643,174.501,862.261,-11.8841,173.095,0,0,0
002316:938.193,-5.47008,161.002,939.847,-8.35235,163.904,940.323,-1.83192,164.012,942.427,-11.1267,159.698,944.251,4.83779,160.682,943.872,-14.1134,137.803,939.381,13.9089,142.509,948.28,-20.4813,109.202,908.942,24.2197,128.305,935.42,-24.9018,92.2904,868.668,13.9392,134.556,942.405,-6.83721,85.5154,939.985,10.346,86.7266,946.561,-5.51661,48.5541,937.738,6.00541,49.0133,965.752,4.9472,12.1579,947.43,7.58451,12.6446,862.538,-11.6734,158.42,861.743,-24.3625,161.074,861.936,-27.1425,176.02,862.516,-13.6248,173.36,0,0,0
002317:934.761,-5.48735,161.328,936.962,-8.36476,164.271,936.941,-1.84783,164.325,941.896,-11.2863,160.028,942.273,4.75678,160.924,945.855,-14.5122,137.98,938.036,13.5952,142.747,950.918,-21.0916,109.136,908.303,23.8107,128.794,933.516,-25.6756,91.9859,870.277,13.3044,135.45,942.86,-7.39145,85.4316,937.62,9.88867,86.7854,946.904,-6.20373,48.4704,931.962,5.53651,49.3917,971.701,4.41756,11.5016,945.297,7.30222,12.7681,861.505,-12.4178,158.733,861.015,-25.0386,161.305,860.64,-27.8789,176.081,861.033,-14.46,173.533,0,0,0
002318:934.402,-5.66744,161.411,936.578,-8.54503,164.354,936.792,-2.05153,164.401,941.512,-11.5394,160.049,942.926,4.38236,160.917,944.835,-14.7357,138.063,939.419,12.9258,142.795,948.443,-21.0793,109.347,909.7,22.9181,129.014,930.464,-25.5953,92.2638,869.87,12.5519,135.88,942.806,-7.79032,85.6275,938.236,9.30895,86.9656,948.694,-6.67778,48.533,931.336,5.18161,49.6681,977.318,3.67488,11.1006,943.132,7.37493,13.2622,861.412,-12.9487,158.886,860.951,-25.5877,161.333,861.174,-28.636,176.07,861.575,-15.1805,173.652,0,0,0
002319:932.487,-5.7226,161.81,934.507,-8.5481,164.793,934.231,-2.01822,164.779,939.078,-11.4511,160.5,938.764,4.62221,161.267,943.016,-14.791,138.492,934.897,13.0736,143.118,947.248,-21.4085,109.687,905.477,22.7076,129.354,929.915,-26.2734,92.2691,872.012,11.6237,136.354,942.379,-8.34024,85.6461,935.826,8.94541,87.0082,951.996,-7.38161,48.1379,932.228,4.74046,49.3697,976.928,3.29051,10.8995,941.286,7.13668,13.1663,864.033,-14.0255,159.016,862.323,-26.5284,161.475,861.755,-29.5119,176.119,863.437,-16.2218,173.753,0,0,0
002320:929.353,-5.96966,162.312,931.143,-8.72989,165.394,932.421,-2.46462,165.221,936.668,-11.6675,160.785,936.41,4.42733,161.425,944.5,-15.4473,138.754,933.714,12.9044,142.896,945.681,-21.3657,109.507,905.595,22.3172,129.009,932.381,-26.948,90.2392,873.406,10.4962,136.025,943.815,-8.88518,85.7446,937.004,8.55244,86.8887,950.181,-7.81098,48.1962,932.879,4.26045,49.5373,974.516,2.79841,11.5184,943.145,6.5384,12.8462,863.275,-14.7141,159.138,861.199,-27.3068,161.429,863.593,-30.9038,175.977,864.908,-17.3514,174.106,0,0,0
002321:929.783,-6.37508,162.228,931.368,-9.18768,165.194,931.404,-2.68572,165.154,935.318,-12.1452,160.767,935.522,4.05161,161.538,940.121,-15.604,138.814,932.367,12.5176,143.424,946.606,-22.1846,109.643,905.263,22.0641,129.439,929.079,-27.1062,91.4344,873.24,10.5327,136.383,942.315,-9.34952,86.3538,935.733,8.26064,87.6648,951.671,-8.90353,49.0511,931.027,4.34411,50.3059,981.039,0.674798,11.4035,942.206,6.58392,13.8911,863.574,-15.5301,158.897,860.346,-28.1324,161.111,856.955,-31.2191,175.824,860.24,-17.8496,173.734,0,0,0
002322:930.868,-6.72094,162.501,932.28,-9.55995,165.455,932.256,-3.04807,165.415,935.459,-12.6109,160.994,935.594,3.62425,161.735,939.369,-16.1093,139.087,931.799,12.0119,143.616,945.722,-22.5245,110.262,902.188,21.4226,129.783,929.794,-27.1177,92.5946,870.54,9.70406,136.898,942.206,-9.77794,86.5612,935.569,7.87596,87.8375,953.631,-9.49109,48.9311,932.783,3.84552,50.1761,979.006,0.168461,11.5376,940.957,6.24678,13.8683,862.004,-16.3171,158.779,858.338,-28.8523,160.881,854.943,-32.0831,175.454,858.805,-18.7988,173.48,0,0,0
002323:930.892,-7.21266,163.069,932.202,-10.0085,166.048,932.122,-3.51343,165.98,935.326,-12.9296,161.455,935.449,3.315,162.201,939.833,-16.2478,139.329,931.725,11.6865,143.884,946.346,-22.7064,110.219,901.662,20.9258,129.912,929.625,-27.7846,92.2265,870.102,8.90268,136.987,943.991,-10.0952,86.329,937.14,7.51229,87.5575,952.578,-10.0591,48.7501,931.879,3.32526,49.8971,978.048,-0.545063,11.2961,940.814,5.81547,13.3722,862.645,-17.2698,158.813,859.305,-29.8264,160.878,855.7,-33.0586,175.466,859.194,-19.7237,173.548,0,0,0
002324:930.915,-7.66963,162.982,932.306,-10.4686,165.957,932.553,-4.04548,165.916,935.611,-13.3872,161.471,936.755,2.75885,162.265,939.689,-16.5464,139.478,932.734,11.1298,144.084,946.109,-22.9093,110.459,903.021,20.1766,130.469,931.015,-28.0196,92.4544,870.286,8.04397,137.781,941.726,-10.3781,86.5006,935.484,7.12653,87.706,950.1,-10.8273,48.9023,928.313,3.01435,50.0486,975.683,-2.23189,11.3032,936.491,5.31721,13.5248,860.243,-17.837,158.7,856.718,-30.3133,160.525,854.523,-33.801,174.911,858.472,-20.5577,173.261,0,0,0
002325:933.293,-8.25536,162.994,934.64,-11.0178,166.006,934.98,-4.6236,165.939,937.037,-13.7886,161.733,939.089,2.30418,162.523,939.368,-16.8267,140.001,934.776,10.7311,144.597,944.886,-23.1646,110.877,904.347,19.6179,130.995,932.724,-28.8795,91.9891,869.371,7.47109,137.957,939.879,-10.8675,87.0862,935.969,6.53838,88.185,945.805,-11.3818,49.6783,930.086,2.50467,50.2734,965.356,-2.83576,12.7554,934.882,5.12131,14.0327,860.683,-18.7495,158.856,856.79,-31.1955,160.459,856.424,-34.9824,174.792,860.708,-21.7869,173.429,0,0,0
002326:933.277,-8.95869,163.473,934.353,-11.707,166.504,934.764,-5.34579,166.434,936.058,-14.3355,162.155,938.027,1.71438,163.021,938.609,-17.0062,140.35,933.122,10.226,145.072,944.67,-22.9853,110.804,902.029,19.1245,131.208,931.844,-28.9378,91.339,868.649,7.03445,137.59,942.469,-10.9766,87.1378,937.33,6.28864,88.2776,949.561,-11.9055,49.4914,929.8,1.9591,50.3455,967.728,-3.33618,12.6402,931.562,4.79134,14.228,861.021,-19.4948,158.962,857.404,-31.9594,160.278,856.829,-36.0811,174.575,861.26,-22.8208,173.542,0,0,0
002327:932.958,-9.47459,163.605,934.6,-12.1504,166.64,934.503,-5.83964,166.56,937.131,-14.5474,162.326,937.999,1.39758,163.186,939.757,-17.0232,140.604,932.173,9.93897,145.269,945.98,-22.9847,111.154,897.069,18.7837,131.554,933.597,-29.1368,91.7942,863.018,6.66886,138.003,940.868,-11.3706,87.5779,934.72,5.69392,88.6821,949.448,-12.3268,49.837,929.531,1.3086,50.6078,964.683,-3.76405,13.2255,931.185,4.28305,14.4729,859.546,-20.0996,158.751,856.346,-32.6189,160.028,857.935,-36.8247,174.421,861.82,-23.4879,173.442,0,0,0
002328:933.496,-9.6183,163.796,934.889,-12.2994,166.84,934.998,-5.97475,166.716,936.819,-14.8342,162.442,937.927,1.2018,163.209,939.369,-17.5331,140.776,931.328,9.48496,145.355,945.218,-23.3489,111.377,897.171,18.0529,131.678,933.324,-29.1765,92.025,864.265,5.51083,138.393,939.344,-12.1054,88.0313,933.617,5.00749,89.038,945.73,-13.1286,50.3653,929.909,0.480307,50.762,961.245,-4.43861,13.7075,933.63,3.79136,14.2152,861.838,-21.2254,158.855,858.203,-33.6415,159.992,858.981,-37.9399,174.224,863.335,-24.7571,173.381,0,0,0
002329:932.947,-10.0387,164.029,934.077,-12.7011,167.091,934.29,-6.37844,166.915,935.011,-15.2325,162.706,936.253,0.89556,163.408,936.873,-18.0437,141.214,929.33,9.14344,145.74,944.496,-23.8013,111.73,896.08,17.5321,132.07,936.507,-29.7204,91.916,864.849,4.42789,138.907,937.405,-12.8119,88.9374,932.67,4.42062,89.7694,943.162,-14.2612,51.2445,931.975,-0.511271,51.1485,954.322,-5.48691,14.996,936.71,3.07805,14.1437,863.1,-22.3616,159.06,859.161,-34.5826,160.117,858.974,-38.8775,174.165,863.662,-25.9287,173.405,0,0,0
002330:930.019,-9.98827,164.258,931.485,-12.674,167.314,931.195,-6.36232,167.115,934.2,-15.3401,162.721,934.251,0.73288,163.412,938.139,-18.1768,141.115,928.784,8.72586,145.751,946.106,-23.8417,111.459,896.415,17.386,132.233,935.383,-29.7625,91.5109,866.945,4.81316,139.161,938.866,-12.9479,88.944,932.439,4.09975,89.8349,944.648,-14.5217,51.2119,931.314,-1.14654,51.2647,955.213,-5.92524,15.0306,936.524,2.45646,14.1863,862.348,-22.8612,158.866,858.505,-35.0877,159.533,856.785,-39.706,173.461,861.429,-26.6997,173.071,0,0,0
002331:932.149,-10.6796,164.448,933.286,-13.3462,167.515,933.107,-7.01561,167.314,934.837,-15.9027,162.844,934.92,0.197944,163.568,938.484,-18.5624,141.204,927.906,8.1487,145.893,947.064,-23.9556,111.449,896.261,16.5903,132.606,937.154,-29.7274,91.2855,868.245,3.75706,139.806,940.509,-13.67,88.6293,932.393,3.42103,89.6285,947.069,-15.3944,50.6576,927.284,-1.36487,51.2083,962.798,-7.01288,13.7467,931.59,2.88187,14.3204,861.504,-23.4942,158.56,856.947,-35.5597,158.992,852.752,-40.2181,172.666,858.408,-27.4258,172.554,0,0,0
002332:931.697,-11.1242,164.663,932.954,-13.8105,167.714,932.708,-7.44338,167.512,934.88,-16.4303,162.918,934.545,-0.283968,163.599,938.147,-19.2369,141.199,927.234,7.63177,145.798,945.318,-24.6249,111.707,894.916,16.3527,132.367,935.885,-29.9548,92.1562,866.265,3.53521,139.665,938.423,-14.2119,89.0159,929.612,2.75061,90.0012,946.78,-15.3481,50.8591,924.653,-2.48983,51.6451,963.221,-6.18779,13.8496,926.214,1.46937,15.0135,861.642,-24.4143,157.975,856.398,-36.4332,158.458,852.367,-41.0672,172.18,858.712,-28.2935,171.999,0,0,0
002333:929.377,-11.1373,164.315,931.109,-13.8907,167.375,930.671,-7.5136,167.167,935.096,-16.6819,162.574,933.845,-0.53201,163.243,940.107,-19.5442,140.85,927.408,7.20487,145.599,946.479,-24.8409,111.109,894.291,16.1154,132.418,932.901,-30.0195,91.364,863.392,3.60036,139.827,941.655,-14.3613,88.65,929.416,2.42765,89.8546,955.134,-15.4753,50.0188,918.649,-3.26836,51.932,979.833,-5.96742,12.0156,914.947,0.37262,15.9209,862.286,-25.1591,157.895,857.523,-37.2704,157.867,854.312,-42.5781,171.505,860.781,-29.657,171.881,0,0,0
002334:927.938,-11.3627,164.142,929.522,-14.1017,167.304,929.439,-7.78603,167.03,934.452,-16.9095,162.413,932.305,-0.742169,162.944,942.776,-20.1339,140.731,926.495,6.98703,145.061,945.14,-24.7989,110.752,893.992,15.6129,132.124,933.67,-30.115,89.6361,863.238,2.65698,140.085,945.494,-14.6855,88.1847,930.67,2.01873,89.4778,960.407,-15.1612,48.9821,913.065,-3.68768,52.2585,991.602,-4.95649,10.5533,903.926,-0.285249,16.6904,861.832,-25.8198,158.118,857.504,-37.8941,157.746,857.255,-43.8661,171.107,862.504,-30.7316,172.147,0,0,0
002335:926.491,-11.6978,164.094,928.021,-14.4331,167.244,927.89,-8.1438,166.975,933.013,-17.22,162.312,930.919,-1.09043,162.873,942.119,-20.3582,140.69,925.119,6.62145,145.018,945.061,-24.8736,110.505,891.464,15.0212,131.778,934.376,-30.3509,89.1144,858.94,2.08115,139.277,945.904,-14.8208,88.3257,930.686,1.78665,89.5972,961.031,-15.492,48.9671,913.11,-4.24622,52.273,990.432,-5.46669,10.6494,902.258,-0.985712,16.6928,862.183,-26.6454,157.659,857.61,-38.6687,157.305,856.762,-44.5738,170.647,862.569,-31.4856,171.67,0,0,0
002336:925.165,-11.9774,163.867,927.534,-14.7475,167.03,926.913,-8.4529,166.737,934.443,-17.6705,162.09,931.418,-1.48788,162.629,944.266,-20.8909,140.43,925.624,6.15733,144.808,946.105,-25.4291,110.382,892.055,14.6144,131.829,931.453,-30.8585,89.1053,859.115,1.61178,139.541,943.19,-15.2362,88.2162,927.38,1.44588,89.5304,956.35,-16.0658,49.2814,909.46,-4.27662,52.4929,987.359,-6.30982,11.0634,901.926,-0.703194,16.8817,861.957,-27.3591,157.422,858.174,-39.4948,156.838,858.998,-45.7502,170.185,863.66,-32.5441,171.429,0,0,0
002337:925.613,-12.3923,163.55,927.625,-15.1209,166.711,927.31,-8.86211,166.431,933.709,-17.8956,161.842,931.367,-1.92312,162.345,942.696,-21.0186,140.262,925.773,5.65527,144.535,944.524,-25.6377,110.511,892.655,14.4963,131.636,933.329,-31.0604,89.4841,857.798,1.96583,139.419,944.025,-15.6703,87.8546,928.275,0.624819,89.1705,959.22,-15.9418,48.708,907.974,-5.39005,52.2616,990.792,-5.48955,10.3376,895.911,-2.0045,17.2138,857.561,-27.6608,156.802,852.819,-39.7957,155.899,853.835,-46.3794,169.236,859.604,-33.1415,170.818,0,0,0
002338:924.014,-12.6085,163.627,926.415,-15.3958,166.827,926.182,-9.12352,166.539,933.294,-18.3588,162.103,931.592,-2.35312,162.586,942.157,-21.5868,140.703,926.487,5.12793,144.914,943.503,-25.9186,110.94,896.156,13.9194,131.8,930.282,-30.8663,89.6577,861.799,1.41086,139.194,940.401,-16.169,88.4325,926.138,0.278032,89.7022,953.74,-16.5764,49.4511,908.37,-5.32459,52.5722,984.327,-6.3207,11.1369,901.27,-1.22791,16.8558,857.557,-28.1697,156.514,852.016,-40.2552,155.189,853.673,-47.3612,168.379,859.926,-34.1666,170.396,0,0,0
002339:923.16,-12.7676,163.201,925.228,-15.5683,166.372,925.168,-9.30669,166.083,931.667,-18.5784,161.536,930.346,-2.61028,162.029,940.76,-21.735,140.142,925.706,4.74259,144.424,943.491,-25.9919,110.368,895.397,13.4472,131.472,931.984,-31.0489,88.9549,862.525,0.878825,138.939,940.904,-16.1876,88.0765,926.451,0.0728672,89.3685,955.784,-16.6421,49.1276,907.941,-5.80695,52.4442,986.63,-6.24736,10.9801,898.302,-1.95844,17.1616,857.928,-28.8807,155.876,852.357,-40.9077,154.319,853.374,-48.2291,167.37,860.032,-35.0699,169.628,0,0,0
002340:921.508,-13.4193,162.955,924.157,-16.171,166.165,923.336,-9.91866,165.832,932.114,-19.0262,161.322,929.465,-3.05255,161.81,943.679,-22.1433,139.814,924.846,4.39781,144.081,947.253,-26.4878,109.873,892.466,13.5307,131.021,931.554,-31.7848,88.1709,858.467,1.17448,138.172,942.28,-16.9739,87.364,926.915,-0.657106,88.672,952.984,-17.3973,48.9123,910.079,-6.33138,51.8028,978.445,-6.36588,11.6467,903.593,-1.57655,16.3956,857.525,-29.433,155.274,852.809,-41.623,153.562,853.487,-49.0672,166.73,858.994,-35.7709,169.179,0,0,0
002341:922.917,-13.736,162.451,925.368,-16.4834,165.61,924.809,-10.2552,165.325,932.676,-19.3238,160.738,930.681,-3.44017,161.279,943.069,-22.3303,139.311,925.899,4.02495,143.724,946.387,-26.747,109.596,892.726,12.866,130.957,930.942,-32.2066,88.4227,857.585,0.228887,138.388,942.551,-16.75,87.4264,927.939,-0.663544,88.7614,952.378,-16.8272,49.0751,909.05,-6.56432,52.0627,979.98,-5.94003,11.6494,902.588,-2.63564,16.6358,857.453,-30.5311,154.681,852.778,-42.6925,153.007,853.858,-50.0838,166.142,859.525,-36.7982,168.521,0,0,0
002342:920.538,-14.0186,162.277,923.382,-16.8161,165.423,922.354,-10.499,165.11,931.978,-19.8943,160.418,929.29,-3.74744,160.94,944.139,-23.2253,138.852,925.546,3.69536,143.343,948.276,-27.5891,109.207,892.39,12.5093,130.839,928.473,-32.4188,88.4644,858.223,-0.748843,138.859,942.671,-17.6303,87.2727,928.121,-1.03458,88.5839,950.534,-17.9855,49.0709,911.218,-6.48585,51.7599,973.917,-7.07819,12.0623,906.845,-1.83675,15.9816,858.185,-31.6445,154.103,852.925,-43.7142,152.471,853.206,-50.9406,165.51,859.411,-37.8162,167.813,0,0,0
002343:921.131,-14.4812,161.868,923.624,-17.2198,165.013,922.578,-10.9389,164.685,930.984,-20.157,159.977,928.393,-4.08425,160.53,942.21,-23.3084,138.483,924.179,3.31897,143.072,947.765,-27.6934,108.81,892.541,12.0165,130.927,932.595,-33.0699,87.5876,860.476,-1.24132,139.176,940.375,-17.9482,86.9849,927.116,-1.50243,88.2555,945.517,-18.327,49.1539,912.12,-6.82114,51.3492,964.946,-7.4898,12.767,909.975,-1.87762,15.5118,857.079,-32.3142,153.422,851.504,-44.2045,151.679,850.73,-51.351,164.519,857.013,-38.4385,166.931,0,0,0
002344:920.577,-14.9306,161.707,922.967,-17.7164,164.85,921.84,-11.4215,164.539,930.181,-20.6904,159.926,927.164,-4.52516,160.54,942.001,-23.8806,138.527,921.991,3.18331,143.145,947.969,-28.0849,108.747,887.628,12.3523,130.727,931.096,-33.1349,87.3386,853.923,-0.491156,138.26,942.036,-18.3545,86.7844,927.069,-1.61145,88.1604,948.083,-18.9,48.7652,910.304,-6.8895,51.3107,968.771,-8.11506,12.1899,906.536,-1.89374,15.607,857.22,-32.8387,152.58,853.079,-44.9073,150.661,850.423,-52.1632,163.546,855.653,-39.1299,166.143,0,0,0
002345:921.985,-15.3149,161.627,924.229,-18.1284,164.77,923.062,-11.7592,164.448,930.973,-21.2165,159.672,928.08,-4.96354,160.267,942.485,-24.4976,138.058,923.042,2.54495,142.8,948.64,-28.7595,108.191,889.921,11.4368,130.585,931.234,-33.7674,86.7016,857.966,-2.05982,138.584,943.246,-18.7742,86.4907,928.655,-2.09766,87.8954,947.935,-18.9416,48.5563,910.81,-7.48765,51.1202,967.769,-7.34152,12.1252,906.097,-2.36943,15.4535,857.751,-33.6,151.826,852.107,-45.424,149.739,849.018,-52.8072,162.405,855.889,-40.003,165.163,0,0,0
002346:921.177,-15.6977,161.418,923.528,-18.5628,164.545,922.154,-12.1764,164.24,930.181,-21.718,159.424,926.762,-5.41793,160.074,941.382,-24.953,137.859,921.048,2.23284,142.685,947.862,-29.0853,108.096,886.542,11.6141,130.588,931.053,-33.8804,86.7235,855.61,-1.45676,138.388,940.894,-18.9598,86.4813,926.313,-2.27743,87.8986,945.779,-19.1328,48.5657,911.299,-7.86721,50.9302,961.932,-7.41862,12.6024,907.31,-2.82644,15.127,856.375,-34.0212,151.04,850.818,-45.8257,148.726,847.732,-53.4435,161.284,854.456,-40.6603,164.275,0,0,0
002347:920.44,-15.8926,161.037,923.265,-18.7986,164.148,921.479,-12.4033,163.841,931.164,-22.0649,158.998,927.204,-5.72601,159.641,943.586,-25.4712,137.446,922.466,1.93733,142.152,949.534,-29.5507,107.859,888.263,11.7044,129.787,930.465,-33.9642,86.8098,856.694,-1.1138,137.272,941.553,-19.5325,86.2024,927.137,-2.6773,87.5541,944.281,-19.7983,48.5654,912.939,-8.04129,50.6572,956.878,-8.33192,13.0721,909.895,-2.75736,14.7968,856.083,-34.2116,150.351,851.578,-46.3019,147.892,848.545,-54.1226,160.656,853.977,-41.0657,163.773,0,0,0
002348:919.84,-16.3583,160.847,922.841,-19.2431,163.937,920.791,-12.8652,163.666,931.047,-22.4176,158.833,926.307,-6.0688,159.558,944.182,-25.7168,137.272,920.347,1.82314,142.148,950.541,-29.8903,107.613,884.817,11.6358,129.909,928.974,-34.3632,86.6447,854.773,-1.274,137.378,941.898,-19.6596,85.9057,925.439,-2.71119,87.4115,945.336,-19.9597,48.1034,909.334,-7.94237,50.5735,961.094,-9.07293,12.1413,907.607,-3.12881,14.5947,855.354,-34.7971,149.438,851.228,-46.881,146.926,848.054,-54.6595,159.66,853.333,-41.6408,162.814,0,0,0
002349:919.296,-16.6442,160.675,922.357,-19.5331,163.792,920.28,-13.1457,163.518,930.331,-22.6368,158.78,926.049,-6.36189,159.454,942.889,-25.8822,137.318,920.713,1.42823,141.961,949.177,-29.9695,107.681,883.928,11.1013,129.223,930.33,-34.5234,86.5269,852.481,-2.06928,136.069,939.797,-19.8391,86.0268,925.418,-3.16654,87.3439,942.994,-19.9662,48.3177,914.379,-9.05587,50.1457,954.637,-8.11175,12.9816,913.442,-4.10769,13.8559,854.551,-35.011,148.589,850.526,-47.0929,145.899,849.532,-55.2937,158.618,854.188,-42.1885,161.995,0,0,0
002350:917.749,-17.02,160.449,921.089,-19.9222,163.527,918.977,-13.557,163.281,929.895,-23.0906,158.542,925.581,-6.86051,159.249,942.853,-26.3989,137.193,920.916,0.971889,141.82,948.498,-30.3506,107.712,884.369,10.7055,128.956,927.37,-34.5516,86.8493,852.684,-2.31602,135.555,939.388,-20.2841,86.3037,924.767,-3.54621,87.6412,943.094,-20.3443,48.6035,912.756,-9.18391,50.6054,952.817,-8.83392,13.4422,910.127,-4.34762,14.5368,852.012,-35.4666,147.714,847.896,-47.5972,145.04,847.392,-55.785,157.819,852.269,-42.6443,161.156,0,0,0
002351:917.375,-17.3127,160.175,920.378,-20.224,163.251,918.635,-13.8634,162.989,928.768,-23.4151,158.234,925.094,-7.18385,158.953,941.397,-26.6879,136.891,920.493,0.705996,141.602,947.154,-30.6819,107.574,886.542,10.8854,129.076,925.585,-34.7912,86.7602,855.699,-1.83763,136.046,939.182,-20.6006,85.8088,924.146,-3.84313,87.1991,945.638,-20.8079,47.8923,910.584,-9.50587,50.253,961.119,-9.38531,12.0885,906.558,-4.64101,14.472,856.824,-36.3223,147.4,852.142,-48.4314,144.353,849.41,-56.8354,157.021,855.31,-43.773,160.733,0,0,0
002352:915.8,-17.4837,159.823,919.185,-20.4059,162.909,917.234,-14.0499,162.664,928.502,-23.6001,158.068,924.641,-7.41863,158.792,941.778,-26.9127,136.872,920.134,0.529873,141.494,947.185,-30.9537,107.817,888.472,10.8133,128.844,923.937,-34.6737,87.626,857.586,-1.76288,135.552,936.509,-20.8587,85.9079,921.428,-4.10851,87.2747,942.071,-20.9096,48.0082,909.773,-9.79651,50.1342,957.916,-9.56327,12.0539,908.769,-5.01901,13.8783,856.874,-37.0768,146.23,851.47,-49.1488,143.149,848.23,-57.5476,155.781,854.587,-44.5594,159.516,0,0,0
002353:915.752,-17.727,159.603,919.225,-20.6543,162.68,917.105,-14.3155,162.419,928.812,-23.914,157.801,924.639,-7.75089,158.508,942.341,-27.2568,136.595,920.618,0.127567,141.281,948.032,-31.2312,107.572,885.561,10.4634,128.901,923.619,-35.0152,87.2884,852.689,-2.04156,135.745,939.088,-21.2232,85.7394,923.721,-4.44134,87.0962,944.705,-21.5671,47.768,910.723,-10.22,49.984,957.567,-10.2561,12.0391,906.096,-5.20222,13.9514,852.275,-37.2041,145.309,847.43,-49.1394,141.97,846.346,-57.8499,154.323,852.318,-44.9906,158.287,0,0,0
002354:915.244,-18.2253,159.64,918.662,-21.1864,162.709,916.437,-14.8058,162.45,928.193,-24.4988,157.694,923.749,-8.22981,158.477,942.695,-27.8829,136.288,919.831,-0.237641,141.138,949.22,-31.8099,106.909,886.502,10.5411,128.751,925.339,-35.5915,85.9434,857.191,-1.85565,135.535,939.86,-21.7168,85.245,923.862,-4.853,86.7047,945.392,-21.7951,47.4102,910.434,-10.5771,49.7791,958.325,-10.0877,11.9157,906.107,-5.65707,13.9866,852.624,-37.6692,144.611,847.512,-49.6583,141.105,846.659,-58.5892,153.488,852.96,-45.6606,157.654,0,0,0
002355:916.924,-18.6888,159.356,919.979,-21.5899,162.417,917.891,-15.2521,162.167,928.184,-24.7067,157.444,923.685,-8.5341,158.24,940.551,-27.8843,136.144,919.018,-0.451985,140.963,946.08,-31.7953,106.994,886.771,10.2759,128.62,925.284,-36.0324,86.0957,858.385,-2.25827,135.38,938.173,-21.833,85.346,922.885,-5.10376,86.715,944.508,-22.0581,47.4931,909.592,-11.0048,49.8001,959.691,-10.4474,11.8074,906.279,-6.07922,13.8395,853,-38.1563,143.816,848.262,-50.0836,140.372,847.766,-58.9024,152.705,853.576,-46.0653,156.795,0,0,0
002356:914.917,-18.9423,159.15,918.216,-21.837,162.217,915.947,-15.5067,161.982,927.403,-24.9372,157.367,922.445,-8.81771,158.179,940.929,-28.1997,136.168,917.654,-0.631082,140.996,947.655,-32.3876,107.137,884.561,10.4231,128.644,924.943,-36.6347,86.4463,855.313,-1.63497,135.115,937.755,-22.1072,85.3839,920.878,-5.36613,86.8653,944.849,-22.0106,47.3588,906.163,-11.1207,50.0191,962.371,-10.4051,11.2549,903.244,-6.26436,14.0076,852.726,-38.5313,143.152,848.842,-50.468,139.604,847.812,-59.3168,151.892,852.924,-46.5048,156.064,0,0,0
002357:914.561,-19.4692,159.153,917.711,-22.3526,162.209,915.685,-16.0324,161.994,926.859,-25.4185,157.368,922.225,-9.35085,158.226,940.344,-28.6247,136.202,918.123,-1.18203,141.056,947.56,-32.7354,107.083,887.547,9.87916,128.69,927.426,-37.0495,86.0503,859.121,-2.07042,135.121,937.223,-22.6252,85.3734,921.009,-5.98336,86.8695,944.576,-22.2398,47.228,906.793,-11.5533,49.8736,963.091,-10.5465,10.9252,905.59,-6.61261,13.6401,854.104,-39.2212,142.438,850.194,-51.1208,138.746,848.512,-60.0278,150.973,853.557,-47.2762,155.293,0,0,0
002358:912.902,-19.7152,158.942,916.464,-22.6575,161.978,914.387,-16.3259,161.792,926.84,-25.8652,157.118,922.089,-9.79862,158.01,941.154,-29.1334,135.936,918.304,-1.6349,140.864,948.433,-33.2569,106.884,885.244,9.47799,128.539,926.469,-37.3445,86.1459,853.085,-2.42317,134.913,937.19,-22.7362,85.3674,920.371,-6.14016,86.9201,945.209,-22.2668,47.1271,905.623,-11.9065,49.9513,965.886,-10.7624,10.5289,904.401,-7.41619,13.6105,853.06,-39.627,141.639,849.771,-51.5107,137.742,849.614,-60.7332,149.853,854.157,-47.9603,154.353,0,0,0
002359:914.178,-20.2176,158.867,917.523,-23.0863,161.915,915.477,-16.7671,161.737,926.651,-26.0393,157.107,922.251,-9.98132,158.04,940.027,-29.1263,135.964,917.17,-1.6239,140.945,948.005,-33.2809,106.642,882.963,9.38591,128.63,927.938,-37.8872,85.3067,852.012,-2.768,134.985,935.379,-22.9648,85.4032,919.205,-6.34811,86.9199,942.378,-22.508,47.2008,905.461,-11.9915,49.7849,960.467,-11.2025,10.7858,904.279,-7.44324,13.3446,851.378,-39.9413,140.924,848.377,-51.7701,137.101,849.137,-60.8832,149.204,853.29,-48.1684,153.646,0,0,0
002360:911.976,-20.3073,158.835,915.552,-23.241,161.858,913.288,-16.8726,161.694,925.899,-26.4404,156.925,920.663,-10.3338,157.872,940.954,-29.7506,135.73,916.212,-2.22897,140.765,950.112,-33.9102,106.394,884.2,8.48054,128.388,928.91,-38.0734,85.2461,854.304,-3.76378,134.748,935.858,-23.341,85.3395,918.038,-6.78145,86.9998,942.453,-22.4039,47.0579,902.136,-12.3001,50.011,960.904,-11.0464,10.5293,900.892,-8.08228,13.6807,851.767,-40.5791,140.579,848.069,-52.2722,136.587,845.081,-61.2977,148.584,850.263,-48.7402,153.15,774.469,-25.6932,248.008
002361:911.096,-20.7347,158.625,914.36,-23.6807,161.646,912.201,-17.3167,161.515,923.857,-26.8266,156.873,918.972,-10.7719,157.882,938.396,-29.9898,135.939,914.529,-2.57813,141.073,947.995,-34.0535,106.607,882.649,8.17334,128.958,928.082,-38.2182,85.0839,853.078,-4.04379,135.239,935.015,-23.4782,85.6432,917.466,-7.04156,87.343,942.295,-22.4492,47.2409,902.181,-12.8025,50.1714,961.473,-11.0482,10.5834,899.486,-8.86852,13.8248,852.035,-40.8494,140.021,848.774,-52.4126,135.464,847.232,-62.0604,147.124,851.976,-49.5914,152.3,774.637,-25.729,246.08
002362:909.518,-20.8327,158.871,912.877,-23.8102,161.864,910.592,-17.4248,161.757,922.678,-27.0699,156.99,917.463,-11.0022,158.026,937.802,-30.303,135.993,913.455,-2.89111,141.173,947.328,-34.3681,106.618,880.001,7.67379,129.023,925.716,-38.3958,85.1485,849.896,-4.47613,135.228,936.166,-23.591,85.8338,917.57,-7.23071,87.6302,945.061,-22.1841,47.2162,900.36,-13.0723,50.606,964.174,-10.8271,10.471,892.938,-9.77968,14.8097,850.063,-41.3268,139.481,847.076,-52.864,134.864,847.841,-62.6749,146.452,852.638,-50.1738,151.66,774.741,-25.7545,244.472
002363:908.16,-21.239,158.722,911.561,-24.2145,161.698,909.491,-17.8687,161.634,921.771,-27.4026,156.964,916.957,-11.4649,158.043,936.51,-30.4929,136.2,913.848,-3.24768,141.293,946.19,-34.421,106.992,880.568,7.58818,128.938,927.093,-38.3576,85.5586,847.694,-4.11708,134.712,934.559,-23.7255,86.1798,917.018,-7.5694,87.9234,943.501,-22.0928,47.5632,900.159,-13.5627,50.8466,964.261,-10.819,10.6779,894.16,-10.6078,14.8523,848.14,-41.403,138.953,845.446,-52.9586,134.076,847.724,-63.1448,145.601,852.039,-50.5947,151.099,772.645,-26.0133,242.709
002364:906.724,-21.6351,158.846,909.89,-24.5984,161.799,907.636,-18.2391,161.745,919.679,-27.7288,157.053,914.611,-11.7865,158.162,935.569,-30.851,136.18,911.303,-3.45259,141.322,947.741,-34.9675,106.958,876.681,7.47848,129.105,929.074,-38.848,85.5409,846.059,-4.4334,134.89,934.735,-24.0588,86.0103,916.086,-7.84013,87.8303,944.535,-22.3351,47.4875,900.043,-13.9134,50.8586,962.418,-10.8152,11.1013,891.19,-11.2714,15.3757,846.751,-41.9572,137.911,844.803,-53.5022,133.043,845.859,-63.5561,144.503,849.688,-51.0439,149.985,772.809,-26.6941,240.796
002365:906.689,-22.0314,159.29,909.636,-25.0123,162.222,909.08,-18.5041,162.436,920.708,-27.9114,157.413,915.699,-12.0358,158.615,933.791,-31.084,136.517,911.606,-3.58572,141.31,942.645,-35.4156,107.245,879.937,7.52647,128.642,922.324,-39.3264,85.5929,852.518,-4.12648,133.983,933.005,-23.9921,85.9934,914.986,-7.83225,87.8768,945.127,-21.8159,46.864,901.618,-13.7022,50.7282,962.535,-10.8794,10.5897,890.082,-11.8946,15.2264,846.036,-42.1502,137.55,842.688,-53.7721,132.63,843.749,-63.8922,144.086,849.746,-51.2468,149.851,773.03,-27.3871,238.241
002366:906.084,-22.3837,159.131,908.812,-25.3844,162.047,908.268,-18.8581,162.293,919.442,-28.3321,157.296,914.205,-12.4427,158.541,932.433,-31.4876,136.518,910.7,-3.93429,141.347,941.263,-35.7958,107.539,879.347,7.60618,128.902,922.903,-39.1481,86.0726,850.726,-3.57113,134.329,934.93,-24.4701,85.7324,916.755,-8.3058,87.7141,946.953,-21.7741,46.6842,900.694,-13.9203,50.8409,963.915,-10.7242,10.5537,885.464,-12.4359,16.05,841.997,-41.8951,137.064,838.58,-53.3773,131.754,841.717,-63.9813,142.936,847.774,-51.4516,149.123,777.872,-27.6498,235.33
002367:904.66,-22.4477,158.649,907.407,-25.4588,161.549,906.825,-18.9762,161.802,917.918,-28.4925,156.885,912.688,-12.6386,158.169,931.303,-31.7169,136.195,908.636,-4.14937,141.094,940.956,-36.1196,107.113,873.878,7.19687,128.771,923.961,-39.4945,85.3832,846.093,-3.93614,134.037,933.166,-24.5232,85.5563,914.68,-8.38187,87.6086,948.336,-21.7889,46.4696,901.166,-14.0333,50.7428,963.292,-11.1542,10.6537,885.338,-13.283,16.2941,841.116,-42.32,136.455,839.045,-53.7672,131.25,841.532,-64.1623,142.388,846.33,-51.6811,148.434,778.095,-28.3459,232.763
002368:904.393,-22.9193,158.693,907.117,-25.9463,161.57,906.436,-19.3976,161.87,917.546,-28.9602,156.9,912.41,-13.0565,158.233,931.221,-32.2115,136.195,909.182,-4.44887,141.102,941.338,-36.842,107.442,877.09,7.18185,128.721,921.737,-39.5219,86.6067,850.236,-4.15239,134.028,934.691,-24.9527,85.534,916.124,-8.7566,87.6253,947.906,-21.6807,46.4842,899.764,-14.2733,50.8889,965.555,-11.0537,10.283,883.408,-13.9466,16.4305,838.444,-42.343,135.84,835.635,-53.6187,130.463,840.05,-64.2657,141.413,845.37,-51.9407,147.631,778.375,-29.0546,229.551
002369:902.936,-23.1473,158.576,905.539,-26.1837,161.401,905.038,-19.6553,161.726,915.517,-29.258,156.63,910.843,-13.2957,158.079,928.768,-32.5086,135.805,907.728,-4.54367,140.904,938.358,-37.3463,106.983,875.486,7.31874,128.796,919.17,-40.0926,85.9,848.406,-3.87255,134.37,932.81,-25.0846,85.0876,914.713,-8.81316,87.2618,947.795,-21.6643,46.1316,899.416,-14.1491,50.6473,964.112,-11.7315,10.2723,881.77,-14.8283,16.7651,837.041,-42.8118,135.039,835.383,-54.131,129.674,840.416,-64.6831,140.624,844.502,-52.3366,146.804,778.597,-29.7513,226.983
002370:902.123,-23.4886,158.361,904.821,-26.5956,161.155,904.3,-20.0426,161.542,914.88,-29.8036,156.416,909.743,-13.8015,157.948,928.133,-33.0432,135.662,906.637,-4.9695,140.768,937.533,-37.6676,106.991,875.762,7.03316,128.33,917.943,-39.5788,86.4288,851.43,-4.0979,133.32,932.129,-25.2899,85.09,913.378,-8.97542,87.3406,948.58,-21.6758,46.0647,897.583,-14.2021,50.8536,967.318,-12.3157,9.91038,881.427,-15.5981,16.9035,834.684,-43.1471,134.545,833.757,-54.5308,129.013,838.375,-65.2571,139.963,841.575,-52.8174,146.29,783.489,-30.0252,224.013
002371:902.688,-23.9526,158.292,904.847,-27.0203,161.082,904.599,-20.5086,161.483,913.099,-30.042,156.382,908.719,-14.0773,157.966,925.125,-33.0054,135.634,904.178,-4.94735,140.799,933.943,-37.5435,107.08,872.967,7.38531,128.382,916.576,-39.5713,86.4676,847.953,-3.56629,133.272,930.646,-25.1766,84.6375,911.966,-8.90785,86.9023,948.312,-21.6575,45.6388,895.509,-14.3829,50.5224,968.269,-12.352,9.59765,877.196,-16.18,17.0608,836.142,-43.4583,133.877,836.199,-54.9398,128.152,839.466,-65.7454,139.105,841.93,-53.2442,145.625,783.706,-30.7267,221.107
002372:901.463,-24.0932,158.151,903.382,-27.2232,160.904,903.527,-20.6973,161.331,911.679,-30.4524,156.087,908.476,-14.4831,157.729,924.106,-33.5142,135.326,905.334,-5.51101,140.625,934.423,-38.1207,106.695,875.053,6.80904,128.474,916.538,-39.8788,85.9195,848.243,-4.18331,133.619,931.618,-25.3949,84.6869,913.989,-9.20259,86.9905,948.05,-21.5347,45.9272,895.109,-14.5665,50.9337,972.64,-12.4693,9.56169,877.69,-16.8782,17.5481,836.908,-43.7445,133.508,836.583,-55.0086,127.526,839.682,-66.0457,138.201,842.871,-53.7364,144.984,784.009,-30.7875,218.192
002373:900.111,-24.2543,157.611,901.397,-27.5235,160.349,900.476,-21.1301,160.612,911.004,-30.9121,155.629,906.03,-15.154,157.091,924.842,-33.9816,134.901,903.581,-6.15041,140.128,937.641,-38.6282,106.164,870.326,6.25733,128.344,920.776,-40.2181,86.6762,850.128,-3.22459,133.954,933.844,-25.2691,84.0396,914.531,-9.15637,86.4354,949.014,-21.9535,45.6506,894.044,-14.8858,50.7957,970.832,-13.5599,9.32834,871.881,-17.8405,17.9302,839.915,-43.1034,133.402,835.778,-54.5102,127.475,838.896,-66.1385,138.128,847.047,-53.6409,144.698,786.537,-31.9249,215.403
002374:900.44,-24.8672,157.323,901.319,-28.0656,160.038,900.619,-21.7057,160.355,909.901,-31.1882,155.418,905.2,-15.512,156.98,923.237,-34.0277,134.853,902.309,-6.29633,140.155,936.209,-38.6373,106.011,871.212,6.04298,128.271,921.923,-40.3357,86.1779,852.455,-3.7854,133.755,933.24,-25.4737,84.2628,913.982,-9.45123,86.703,948.785,-21.947,45.9693,892.44,-15.0455,51.2374,972.893,-13.9953,9.41759,870.47,-18.5008,18.4418,840.953,-43.5036,132.644,836.133,-54.7849,126.671,837.676,-66.2438,137.307,846.58,-53.9101,143.952,784.518,-32.2014,212.379
002375:898.985,-25.1614,156.833,900.383,-28.3641,159.549,899.548,-22.0699,159.883,910.38,-31.4733,155.018,905.089,-15.9204,156.642,924.247,-34.0854,134.556,902.044,-6.64896,139.996,937.092,-38.658,105.71,867.969,5.80938,128.344,923.257,-40.5669,85.6947,846.067,-3.73538,133.754,931.465,-25.2094,84.1603,911.823,-9.49717,86.6811,947.696,-21.6138,46.0485,891.013,-15.3273,51.3452,973.166,-13.8389,9.52956,871.752,-19.3078,18.4284,839.203,-43.6363,132.278,835.041,-54.8263,126.035,837.573,-66.5957,136.438,845.78,-54.3192,143.374,787.129,-32.7015,209.241
002376:897.492,-25.4603,156.798,899.009,-28.7319,159.494,898.322,-22.4074,159.86,909.843,-32.0029,154.955,905.116,-16.44,156.624,924.413,-34.6614,134.52,902.784,-7.18611,140.043,937.175,-39.2042,105.628,868.676,5.48705,128.331,921.879,-40.7303,85.7054,843.922,-3.79586,133.58,931.294,-25.4641,84.3111,911.38,-9.74846,86.9265,947.845,-21.6566,46.0267,888.93,-15.4497,51.5983,974.815,-14.1139,9.12861,867.465,-19.5773,18.7538,837.933,-43.5571,131.918,833.652,-54.6949,125.363,837.209,-66.8689,135.637,845.676,-54.6262,142.894,787.348,-33.4059,206.324
002377:895.873,-25.7949,156.66,897.248,-29.0268,159.355,896.708,-22.7153,159.722,907.801,-32.2049,154.84,903.08,-16.6518,156.52,922.534,-34.8033,134.401,901.01,-7.33187,139.946,936.022,-39.4445,105.564,868.339,5.29434,128.298,922.096,-41.1506,85.641,845.011,-4.21809,133.685,930.455,-25.6449,84.0986,910.652,-9.96637,86.7004,948.13,-21.7829,45.7792,889.174,-15.8656,51.3341,975.43,-14.0208,8.93212,869.435,-20.2659,18.358,838.05,-43.9409,131.379,833.833,-54.9853,124.893,835.471,-66.9082,135.126,843.972,-54.7907,142.307,787.64,-34.1201,203.409
002378:894.187,-26.1253,156.414,895.584,-29.3548,159.078,895.051,-23.0712,159.483,905.967,-32.4589,154.537,901.34,-17.0574,156.277,919.99,-34.8035,134.18,898.985,-7.70192,139.772,934.135,-39.4067,105.664,866.28,5.21745,128.224,919.783,-40.8219,86.3445,842.113,-3.97752,133.526,927.447,-25.4529,84.1373,908.34,-10.1364,86.7371,943.524,-21.2439,46.0787,886.575,-16.207,51.4924,974.232,-13.6622,9.0329,870.63,-21.1923,18.199,836.704,-44.0133,130.897,832.555,-55.0231,124.065,834.668,-67.3085,134.164,843.056,-55.2019,141.693,790.198,-34.6145,200.57
002379:894.889,-26.6035,156.228,896.326,-29.8428,158.873,895.494,-23.5625,159.303,906.698,-32.9159,154.296,901.482,-17.5378,156.084,921.04,-35.1703,133.922,898.714,-8.09334,139.616,935.439,-39.7356,105.43,866.127,5.06432,128.144,920.424,-41.1463,86.1383,843.759,-3.99651,133.378,928.416,-25.6399,83.9553,908.38,-10.3718,86.6348,945.217,-21.4127,45.8488,887.378,-16.546,51.3464,975.557,-13.8344,8.83445,871.767,-21.6759,17.9741,835.656,-43.8219,130.748,831.896,-54.8771,123.702,832.991,-67.2904,133.79,841.133,-55.1468,141.525,790.485,-35.3325,197.319
002380:893.396,-27.0234,155.803,894.664,-30.2572,158.476,893.733,-23.9666,158.901,905.005,-33.2736,154.004,899.569,-17.8776,155.788,919.946,-35.5035,133.738,897.314,-8.35359,139.45,934.745,-39.8548,105.028,866.363,4.87737,127.846,918.859,-41.06,85.3678,845.566,-4.46579,132.856,929.19,-25.9639,83.8199,908.789,-10.6776,86.5058,944.403,-21.8499,45.9599,885.56,-17.1629,51.4943,975.526,-13.6174,9.11115,869.908,-21.9807,18.1798,838.459,-44.4282,130.367,834.045,-55.3961,123.248,833.068,-67.8394,133.303,842.17,-55.7738,141.166,790.802,-35.396,194.385
002381:891.518,-27.163,155.257,893.407,-30.4705,157.961,892.12,-24.1668,158.37,905.453,-33.7205,153.6,899.487,-18.2866,155.412,922.109,-36.0553,133.399,897.935,-8.82276,139.284,937.626,-40.5874,104.501,866.008,4.53223,127.963,920.244,-41.6765,84.6066,843.698,-4.43701,133.081,929.361,-26.1377,83.3404,908.38,-10.9351,86.1608,943.123,-21.6901,45.4538,885.308,-17.5998,50.9836,970.887,-13.4449,8.81994,869.884,-23.0034,17.571,835.899,-44.5337,130.416,831.148,-55.2973,123.024,831.307,-68.0864,132.786,840.65,-56.1952,140.933,791.091,-36.1147,191.132
002382:892.291,-27.8287,155.107,893.667,-31.0572,157.782,892.73,-24.7915,158.229,903.89,-33.9725,153.413,898.823,-18.733,155.244,918.628,-35.9079,133.35,895.873,-9.12024,139.216,933.995,-40.3594,104.831,863.144,4.41651,127.932,920.215,-41.8501,85.3679,839.479,-4.54804,133.088,926.758,-26.0154,83.6733,906.654,-11.1694,86.3597,942.022,-21.7249,45.5715,884.108,-18.3494,51.0242,972.121,-13.5222,8.6205,867.362,-23.8079,17.4489,834.644,-44.47,130.139,830.357,-55.1903,122.587,831.515,-68.1663,132.257,840.499,-56.324,140.566,791.309,-36.8222,188.203
002383:891.738,-28.4673,154.57,893.204,-31.6409,157.269,891.968,-25.391,157.722,903.662,-34.341,153.133,898.541,-19.2265,154.958,918.727,-36.1464,133.309,896.47,-9.45258,139.132,933.263,-40.6844,105.008,863.311,4.39392,127.869,915.904,-42.1144,85.9406,839.263,-4.46962,132.86,928.566,-26.4139,83.6861,908.788,-11.7083,86.3307,942.647,-21.8721,45.5398,885.606,-19.1434,50.8848,973.066,-13.1259,8.40305,869.34,-24.4869,16.9399,832.87,-44.6001,129.763,828.648,-55.2243,122.118,831.92,-68.4374,131.618,840.849,-56.6838,140.066,793.956,-37.3358,184.997
002384:889.732,-28.6061,154.277,891.406,-31.8239,156.94,890.11,-25.5531,157.404,902.113,-34.6873,152.679,896.701,-19.6082,154.525,917.023,-36.5337,132.77,894.701,-9.98113,138.687,931.901,-41.0015,104.72,861.597,4.09615,127.671,915.795,-41.9992,86.214,838.224,-4.43915,132.865,925.447,-26.6092,83.3807,905.698,-12.0701,86.0792,941.467,-21.8553,45.1657,885.164,-19.5508,50.5137,969.83,-13.0127,8.27338,868.227,-25.0727,16.7105,830.667,-44.8321,129.434,826.892,-55.4753,121.704,831.615,-68.8892,131.144,839.946,-57.0923,139.656,791.921,-37.6066,182.009
002385:888.465,-29.0387,153.813,889.71,-32.2072,156.521,888.409,-25.9796,156.968,899.344,-34.8709,152.361,894.06,-19.8452,154.223,914.069,-36.5312,132.572,892.268,-10.1218,138.533,930.624,-41.0349,104.149,862.434,3.96762,127.509,917.23,-42.5672,84.6398,843.261,-4.69631,132.594,924.17,-26.7209,82.9972,904.849,-12.3315,85.6704,939.924,-22.1255,44.8507,884.925,-20.2277,50.0326,969.65,-13.1834,7.90418,870.208,-25.961,15.9822,833.021,-45.0632,129.451,828.885,-55.7105,121.448,829.235,-69.1203,130.967,838.405,-57.3336,139.779,794.501,-38.1104,179.114
002386:887.058,-29.2321,153.345,888.435,-32.4082,156.024,887.381,-26.1815,156.483,898.518,-35.1327,151.889,893.778,-20.2031,153.704,912.54,-36.8704,132.202,893.32,-10.5474,138.033,927.917,-41.4547,104.319,865.095,3.85982,126.99,914.149,-42.7641,85.7658,843.139,-4.6522,132.19,922.727,-27.0039,83.1152,905.204,-12.7156,85.6061,938.092,-22.3735,44.9791,886.22,-20.9297,49.8764,967.573,-13.0221,8.05396,872.019,-26.5003,15.4498,831.664,-45.1526,129.145,826.912,-55.7635,121.266,827.768,-69.1307,130.777,837.487,-57.4091,139.445,794.793,-38.8325,175.849
002387:885.845,-29.8919,152.941,887.022,-33.0588,155.684,885.804,-26.8155,156.098,896.277,-35.6276,151.622,891.252,-20.5775,153.446,910.384,-37.2934,131.882,889.018,-10.5566,137.881,926.058,-41.8989,103.604,858.695,4.27302,127.054,913.987,-43.7256,84.0044,838.089,-4.51564,132.246,920.395,-27.2306,82.6638,901.702,-12.7842,85.1813,937.519,-23.1961,44.6751,883.964,-21.6727,49.6016,966.488,-12.8281,8.3072,869.463,-26.8474,15.3503,831.087,-45.2159,129.219,826.257,-55.7757,121.356,826.181,-69.1346,130.807,836.215,-57.4663,139.53,797.464,-39.3508,172.936
002388:887.766,-30.426,152.625,888.481,-33.5501,155.351,887.819,-27.3443,155.784,895.82,-35.9332,151.24,891.903,-21.0045,153.061,907.915,-37.4197,131.379,888.364,-10.8357,137.398,923.678,-42.1138,103.249,855.793,4.2463,126.709,915.246,-44.5247,83.7169,834.243,-4.53864,132.047,918.243,-27.2199,82.299,901.027,-12.8624,84.7032,937.648,-23.5226,44.268,886.069,-21.9955,48.9804,966.757,-13.0041,7.98195,872.241,-26.9654,14.546,828.721,-44.977,129.265,825.889,-55.8502,121.581,825.036,-69.0058,131.3,833.237,-57.0469,139.796,797.758,-40.075,169.661
002389:884.259,-30.7384,152.539,885.002,-33.8228,155.263,884.094,-27.6343,155.708,892.912,-36.0616,151.173,888.472,-21.183,153.053,905.599,-37.3682,131.418,886.926,-10.9745,137.481,921.741,-41.9609,103.176,861.078,4.09586,126.665,912.147,-44.3317,83.6272,845.17,-4.904,132.024,916.98,-27.2762,82.4244,900.257,-13.1248,84.8015,934.915,-23.3002,44.333,885.931,-22.4979,48.8417,963.965,-12.6018,7.91416,875.014,-27.7957,13.8342,828.926,-45.0121,129.553,823.514,-55.6353,121.947,821.119,-68.5982,131.652,831.899,-56.9119,140.123,798.012,-40.1309,166.703
002390:884.8,-31.0621,152.207,885.436,-34.1419,154.956,884.535,-27.9871,155.361,892.958,-36.3674,150.852,889.221,-21.6789,152.667,905.903,-37.6166,131.041,887.751,-11.6667,137.142,923.967,-42.2702,102.885,860.031,3.47305,126.796,916.887,-44.9605,83.2126,842.319,-5.4084,132.577,916.954,-27.4814,81.8692,901.084,-13.6368,84.2258,932.624,-23.4839,44.0546,887.345,-23.243,48.2119,957.989,-11.8583,8.26158,875.571,-27.8649,13.3101,825.935,-44.4956,130.346,820.658,-55.103,122.607,817.661,-68.2168,132.171,828.421,-56.5672,140.791,798.307,-40.8558,163.426
002391:885.295,-31.8318,151.696,885.423,-34.8605,154.441,884.962,-28.7851,154.868,891.287,-36.7885,150.306,887.993,-22.1945,152.254,902.266,-37.5546,130.482,885.68,-11.831,136.795,920.405,-42.1307,102.042,857.689,3.78886,126.668,918.439,-45.6926,81.3954,838.471,-4.64408,132.538,914.931,-27.2887,81.2045,900.114,-13.6653,83.5467,931.606,-23.4854,43.4532,886.144,-23.4476,47.6201,961.042,-12.1352,7.4077,875.581,-28.4386,12.7231,822.292,-43.7598,130.921,817.475,-54.4786,123.159,814.895,-67.6121,132.806,825.265,-55.8555,141.476,800.924,-41.3682,160.807
002392:884.726,-32.4022,150.83,884.565,-35.3333,153.653,884.592,-29.3747,154.048,889.419,-36.9257,149.932,886.877,-22.5018,151.815,899.903,-37.5077,130.536,884.101,-11.8804,136.695,919.606,-42.2981,102.149,858.295,3.40316,126.324,924.385,-46.9614,81.0862,839.096,-5.71212,131.878,911.646,-27.1687,81.7692,897.756,-13.6148,83.932,929.536,-23.8756,44.0582,886.1,-23.9935,47.9015,959.494,-11.8675,8.06929,876.758,-28.4495,12.5477,821.868,-43.9009,131.359,816.401,-54.4484,124.138,810.69,-66.8744,133.82,821.702,-55.3524,141.978,801.221,-42.0953,157.521
002393:881.916,-32.6168,150.81,882.006,-35.5585,153.645,881.794,-29.64,154.023,887.567,-37.1882,149.966,884.69,-22.9271,151.817,898.323,-37.7396,130.69,882.83,-12.4536,136.854,916.672,-42.3932,102.445,856.89,3.50044,126.761,919.899,-47.0611,81.0247,836.111,-4.56857,132.257,911.563,-27.6239,81.6975,897.529,-14.2868,83.9114,929.532,-24.1853,43.9556,884.14,-24.4821,47.989,960.32,-11.6609,7.894,873.914,-28.2009,12.7985,817.006,-42.5851,132.63,811.441,-53.1815,124.863,808.743,-66.4161,134.344,819.778,-54.8059,143.118,801.554,-42.1647,154.223
002394:881.747,-33.0674,150.259,882.389,-36.0938,153.102,881.889,-30.1135,153.464,889.034,-37.9105,149.357,885.342,-23.4111,151.27,899.829,-38.4641,129.957,882.618,-12.8035,136.337,916.13,-42.7971,101.637,858.395,2.65386,126.422,913.484,-46.5191,80.9321,840.45,-6.31891,132.358,909.56,-27.7657,81.1085,894.207,-14.218,83.4475,928.398,-24.5687,43.3395,881.947,-24.7039,47.4536,960.021,-11.8847,7.30614,873.294,-28.7694,12.1807,815.832,-42.6532,132.959,808.303,-52.8128,125.934,804.063,-65.1812,135.312,817.011,-54.0538,143.344,799.495,-42.4321,150.941
002395:879.297,-33.9867,149.832,879.984,-36.9377,152.654,879.202,-31.0705,153.041,887.557,-38.521,148.943,883.239,-24.2318,150.967,899.405,-38.6602,129.822,882.212,-13.4511,136.465,916.052,-42.7307,101.419,859.993,2.36454,127.068,914.346,-47.1092,80.1099,841.991,-6.19582,133.361,910.849,-27.9199,81.4383,895.364,-14.6429,83.8612,928.412,-24.7792,43.8008,881.054,-25.0072,48.0045,960.727,-12.0522,7.70111,872.584,-28.634,12.627,813.012,-41.7845,134.088,803.665,-51.5235,126.998,798.135,-63.7471,136.027,813.033,-53.093,144.198,802.053,-42.9347,148.953
002396:878.695,-34.1016,149.824,879.617,-37.0051,152.662,878.889,-31.181,153.008,887.032,-38.5181,148.998,882.395,-24.3504,150.905,898.221,-38.7341,129.964,880.349,-13.7108,136.376,914.291,-42.9474,102.045,857.3,2.29456,126.983,915.558,-47.6185,81.1187,836.34,-5.72258,133.332,908.433,-28.4377,81.6131,892.53,-15.2564,83.9419,927.577,-25.3212,43.7956,879.067,-25.5649,48.0322,960.89,-12.1014,7.49788,870.103,-28.3926,12.6464,809.261,-40.7855,135.185,799.975,-50.5233,128.318,796.136,-62.5934,137.349,810.631,-51.9605,145.293,802.186,-43.6418,145.33
002397:876.29,-34.4492,149.561,877.611,-37.3971,152.423,876.746,-31.5774,152.759,885.983,-38.983,148.905,881.285,-24.8457,150.826,897.097,-39.1489,130.139,879.915,-14.1287,136.551,911.73,-43.1743,102.346,858.151,2.18472,127.189,910.045,-47.3953,81.4921,839.202,-5.54303,133.222,905.128,-28.5875,82.14,889.215,-15.4484,84.4778,926.842,-25.5274,44.1354,877.272,-25.9201,48.4675,960.8,-11.8872,7.75804,868.047,-28.4926,12.9768,809.513,-39.8651,135.757,799.526,-49.3374,128.853,798.132,-61.6721,137.562,813.535,-51.2886,145.619,795.67,-44.342,141.802
002398:874.73,-34.9543,149.198,876.263,-37.8778,152.11,874.815,-32.1431,152.409,885.515,-39.3338,148.871,879.885,-25.3771,150.773,898.688,-39.2868,130.394,879.301,-14.5634,136.807,914.713,-43.2134,103.015,857.909,1.74215,127.767,910.207,-47.1583,82.8331,838.661,-5.6811,133.906,908.419,-28.7167,81.9279,890.623,-15.6652,84.4011,928.376,-25.8347,43.8994,875.227,-26.0625,48.4454,962.508,-11.9705,7.31585,863.766,-28.0626,13.1442,802.667,-38.0745,136.601,791.726,-47.0164,129.834,789.767,-59.0499,137.958,806.08,-49.2914,145.889,805.069,-43.5161,144.974
002399:875.286,-35.1201,149.103,875.792,-38.0065,152.028,875.646,-32.4115,152.268,882.114,-39.3861,148.724,879.666,-25.7484,150.611,892.765,-39.1677,130.236,879.585,-15.1864,136.671,909.816,-42.965,102.295,858.755,1.22785,127.95,914.539,-48.1181,79.9997,835.593,-5.38173,134.226,905.829,-28.8697,81.792,891.854,-16.2033,84.1038,925.998,-26.2495,44.0822,876.999,-26.5909,48.3228,961.071,-12.1054,7.84972,863.437,-28.0677,13.5117,797.206,-36.4558,137.051,785.949,-45.2637,130.34,785.728,-57.338,138.246,802.518,-47.706,146.183,797.403,-42.0318,147.66
002400:874.636,-35.4378,148.418,875.579,-38.3342,151.321,876.601,-32.9828,151.54,882.449,-39.7527,148.128,882.839,-26.7795,149.966,890.707,-39.1047,129.96,883.106,-16.5438,136.458,904.588,-42.5513,102.457,857.596,0.0678781,128.476,915.442,-48.6599,79.7176,824.796,-5.10571,134.976,899.115,-28.3336,82.2952,888.655,-16.5672,84.5253,923.482,-25.8454,44.4851,875.863,-27.0952,48.6524,959.962,-11.6982,8.15474,861.091,-28.1707,13.9699,791.184,-34.6191,138.171,782.022,-43.2572,131.276,785.057,-55.6793,138.677,799.502,-46.1708,146.811,797.992,-39.4801,146.307
002401:870.636,-35.3462,148.114,872.343,-38.3879,150.95,872.678,-33.0452,151.185,882.766,-40.4114,147.472,882.251,-27.4218,149.392,894.525,-40.0261,129.086,885.007,-17.5379,135.934,907.768,-43.0493,101.215,857.683,-1.08188,128.225,912.936,-48.5794,78.2441,820.393,-5.64874,134.919,901.156,-28.4376,81.8224,889.76,-16.6711,84.2916,921.819,-25.7734,44.446,875.131,-26.9959,48.707,956.875,-11.7052,8.50916,861.71,-28.2288,14.0974,788.824,-33.4389,138.343,779.37,-41.7476,131.707,781.293,-53.735,138.81,795.904,-44.5616,146.637,788.167,-36.2731,150.267
002402:874.717,-36.4156,147.151,874.789,-39.2212,150.02,876.641,-34.1856,150.207,879.788,-40.3114,146.724,882.174,-27.8586,148.682,887.467,-39.0037,128.787,883.095,-17.4086,135.562,901.91,-42.0276,100.992,859.694,-0.481213,128.055,917.169,-49.422,77.1732,825.264,-5.02753,134.962,898.677,-27.8405,82.2322,890.357,-16.5886,84.366,920.328,-25.9459,44.9125,876.475,-27.5869,48.7277,954.844,-11.4515,9.11013,860.041,-28.1125,14.0793,791.062,-32.3784,139.061,783.264,-40.8465,132.611,778.502,-52.1236,139.914,791.643,-42.8737,147.55,783.198,-34.0127,153.513
002586:491.342,132.676,1.36882
