001620:978.855,-78.8279,164.655,978.983,-82.6617,167.158,979.403,-76.0028,167.731,979.08,-88.2126,162.551,980.685,-71.8379,163.949,975.312,-93.2867,142.066,986.179,-63.3366,146.963,963.587,-98.5425,119.62,996.263,-47.0504,138.104,965.553,-94.7483,109.327,981.295,-50.1721,149.05,981.984,-85.1226,90.0205,985.871,-64.7868,91.6665,990.665,-87.3013,51.591,985.656,-61.4159,52.4578,1006.03,-89.4397,12.8633,994.78,-57.0534,15.0445,993.661,-80.5455,168.196,998.179,-93.8613,167.714,1003.71,-100.347,180.968,997.717,-86.4175,181.27,0,0,0
001621:977.774,-78.5905,164.728,978.14,-82.3865,167.23,978.583,-75.7127,167.783,978.995,-87.861,162.534,980.468,-71.3998,163.907,976.293,-93.0365,141.95,986.21,-62.8372,146.767,964.685,-98.5267,119.747,995.926,-46.643,137.926,962.505,-94.551,110.048,981.707,-50.4815,149.166,982.452,-85.0212,89.8178,985.732,-64.5318,91.3902,990.84,-87.2866,51.3105,985.354,-61.3128,52.1259,1006.22,-89.3246,12.5394,994.84,-56.9376,14.5815,993.606,-80.8879,167.384,998.678,-94.0966,166.995,1004.45,-100.423,180.158,997.841,-86.6127,180.343,0,0,0
001622:977.593,-78.5736,164.738,977.948,-82.3457,167.229,978.508,-75.678,167.81,978.618,-87.7545,162.577,980.607,-71.3352,163.944,975.837,-93.0271,141.973,985.709,-62.6422,146.648,965.965,-98.9518,119.818,994.772,-46.2703,137.358,966.76,-95.2395,110.254,979.75,-49.9479,148.113,979.955,-84.9383,89.9488,983.483,-64.4246,91.4948,989.539,-86.9497,51.2617,985.405,-61.178,52.0341,1005.77,-89.1599,12.1885,994.368,-56.8787,14.4,994.767,-81.254,166.337,999.237,-94.6114,166.021,1004.49,-100.813,179.473,998.543,-86.8663,179.557,0,0,0
001623:978.582,-78.4919,164.515,979.125,-82.3209,166.993,979.568,-75.649,167.569,979.826,-87.8245,162.434,981.14,-71.4262,163.751,975.607,-93.0379,142.073,985.909,-62.7973,146.566,960.234,-98.5026,120.877,997.098,-46.403,137.433,954.033,-93.6025,113.033,984.315,-50.1159,148.223,980.604,-84.9822,90.3439,983.895,-64.5072,91.8831,989.582,-86.8943,51.7008,983.194,-61.0583,52.6578,1005.55,-89.1264,12.5867,994.214,-56.9088,14.7352,994.808,-81.5492,165.815,999.863,-95.0079,165.224,1005.53,-101.607,178.619,998.848,-87.5109,178.97,0,0,0
001624:978.218,-78.4572,164.786,978.735,-82.1803,167.277,979.539,-75.5433,167.829,979.59,-87.4906,162.611,981.632,-71.1502,163.914,975.061,-92.6207,142.047,986.351,-62.4723,146.596,961.156,-98.6877,120.578,996.429,-46.3241,137.497,962.804,-95.7132,111.721,980.68,-50.4783,148.399,978.016,-84.6124,90.3256,982.335,-64.2391,91.7489,988.239,-86.8434,51.7556,983.339,-61.0498,52.4935,1006.54,-89.4631,12.5519,994.735,-57.0035,14.6419,995.979,-82.4426,165.015,1001.51,-95.7825,164.547,1009.38,-102.332,177.909,1002.05,-88.3269,178.12,0,0,0
001625:977.631,-78.0244,164.648,978.284,-81.8381,167.122,979.161,-75.1865,167.684,979.58,-87.3809,162.334,982.205,-71.0352,163.711,975.706,-92.4985,141.723,987.877,-62.5619,146.398,961.984,-97.9742,120.034,998.218,-46.4568,137.554,960.215,-93.6274,111.262,979.94,-50.373,148.79,979.653,-84.4907,89.862,984.463,-64.1959,91.3332,987.109,-86.5158,51.5452,983.084,-60.8262,52.2674,1006.8,-89.3222,12.3851,995.918,-57.0861,14.4657,994.95,-82.4938,164.273,1002.42,-95.8834,163.387,1010.31,-102.848,176.451,1000.89,-88.7299,177.067,0,0,0
001626:976.085,-77.5654,164.689,976.426,-81.3373,167.191,977.215,-74.7008,167.731,977.856,-86.9036,162.562,980.363,-70.5931,163.876,974.907,-92.2468,142.071,987.176,-62.259,146.701,964.664,-98.3023,120.29,998.612,-46.2262,137.839,968.342,-94.9793,110.812,983.946,-50.3376,148.798,978.868,-84.2204,90.1096,983.649,-63.9527,91.5623,988.191,-86.4338,51.5679,984.618,-60.8708,52.2206,1004.55,-88.9807,12.6638,994.756,-56.9436,14.5506,998.773,-82.8089,164.035,1003.88,-95.9506,162.89,1010.71,-103.112,175.777,1003.89,-89.2979,176.711,0,0,0
001627:975.985,-77.367,164.496,976.692,-81.1094,167,977.419,-74.4808,167.513,978.715,-86.5856,162.442,980.836,-70.3246,163.654,975.809,-92.0021,142.092,987.09,-62.0109,146.318,960.989,-98.0179,121.309,995.276,-45.8273,137.197,952.828,-93.5588,113.809,978.607,-49.9815,148,980.907,-84.4535,90.0771,984.668,-64.1149,91.4272,989.086,-86.4802,51.4984,983.69,-60.8355,52.2307,1006.19,-89.1806,12.3866,993.463,-56.7462,14.5454,995.753,-82.7503,163.18,1003.38,-96.2092,162.218,1011.15,-103.326,175.376,1001.59,-89.1494,176.073,0,0,0
001628:977.161,-77.4786,164.504,978.071,-81.2555,167.018,978.682,-74.6349,167.541,980.083,-86.7293,162.517,982.318,-70.4628,163.822,976.924,-91.9259,142.184,987.529,-62.0299,146.554,962.635,-97.377,120.946,995.595,-46.2747,137.504,951.228,-92.3021,112.894,981.791,-50.8319,148.255,979.711,-84.1033,90.0086,982.999,-63.8111,91.4172,988.683,-86.4047,51.4297,982.602,-60.59,52.2063,1006.55,-89.1946,12.4045,994.487,-56.7392,14.4396,997.815,-83.0891,162.76,1005.66,-96.4207,161.761,1013.48,-103.514,174.678,1003.46,-89.4417,175.447,0,0,0
001629:975.049,-77.0771,164.265,976.108,-80.8696,166.763,976.707,-74.2458,167.281,978.815,-86.4236,162.332,980.535,-70.1847,163.552,976.206,-91.8172,142.109,986.543,-61.8171,146.303,958.78,-97.584,121.943,995.13,-45.6917,137.435,942.898,-92.2393,115.655,979.198,-50.025,148.231,981.122,-84.0502,90.0149,984.044,-63.675,91.4021,989.342,-86.2467,51.3512,982.841,-60.4793,52.1541,1005.26,-88.9207,12.3506,993.524,-56.5857,14.2342,998.879,-83.577,162.05,1007.06,-96.9714,160.891,1013.8,-104.191,173.77,1003.45,-90.0468,174.673,0,0,0
001630:976.524,-76.967,163.987,976.766,-80.6653,166.522,977.516,-74.0716,167.014,977.249,-86.0538,162.115,979.399,-69.8823,163.33,973.301,-91.319,141.942,984.591,-61.7249,146.274,960.398,-97.4598,120.83,994.009,-46.2138,137.441,960.961,-94.1973,112.077,980.102,-50.7396,148.088,978.845,-83.9318,89.8606,982.829,-63.7966,91.2756,988.297,-86.1447,51.2802,983.298,-60.4638,51.9865,1004.49,-88.9697,12.3075,992.438,-56.3508,14.4433,1001.1,-83.6831,161.545,1008.13,-96.854,160.028,1014.94,-104.35,172.675,1006,-90.4631,173.999,0,0,0
001631:975.876,-76.8181,164.123,976.742,-80.5903,166.618,977.234,-73.9601,167.139,978.954,-86.1145,161.947,980.392,-69.8305,163.243,975.166,-91.2271,141.493,985.9,-61.5296,145.944,957.638,-96.7105,120.413,996.184,-45.7961,136.978,951.099,-92.5005,112.386,981.797,-50.2229,147.679,978.585,-83.4045,89.4767,981.971,-63.1817,90.905,987.036,-85.7425,51.0526,982.436,-60.0134,51.7332,1002.89,-88.7827,12.2981,993.151,-56.1783,14.1148,1003.33,-84.208,160.552,1009.47,-97.3465,159.12,1016.28,-104.757,171.839,1008.04,-90.847,173.012,0,0,0
001632:975.876,-76.7175,164.168,976.505,-80.4432,166.705,977.018,-73.8064,167.197,978.565,-85.8862,162.058,979.957,-69.5492,163.35,975.472,-91.0743,141.588,986.373,-61.3046,146.091,960.414,-96.794,119.954,998.155,-45.758,136.973,957.012,-93.2158,110.821,983.952,-50.4352,147.503,981.264,-83.6975,89.4558,984.404,-63.3722,90.8945,989.786,-86.009,50.8745,983.625,-60.1066,51.6637,1004.78,-88.8004,12.0379,992.933,-55.8462,14.0667,1004.25,-84.7399,159.756,1009.86,-97.6581,158.223,1015.56,-105.001,170.762,1007.9,-91.354,172.063,0,0,0
001633:974.91,-76.3318,164.12,975.565,-80.0751,166.62,976.157,-73.4401,167.097,977.961,-85.6718,161.919,979.68,-69.3878,163.11,976.229,-91.2023,141.465,986.282,-61.2742,145.662,962.702,-97.5346,121.168,996.82,-45.3524,136.901,955.848,-93.3293,114.532,983.504,-50.0591,147.94,981.082,-83.6215,89.1939,983.907,-63.2176,90.5374,988.494,-85.91,50.5891,982.646,-60.0038,51.3251,1004.61,-88.7628,11.6456,992.186,-55.7491,13.6016,1005.79,-85.2001,159.51,1012.1,-98.2318,158.04,1015.7,-105.382,170.532,1007.41,-91.6319,171.732,0,0,0
001634:973.038,-75.9773,164.098,973.818,-79.6549,166.626,974.22,-73.0266,167.087,976.773,-85.1468,161.947,978.082,-68.876,163.126,975.293,-90.6385,141.491,985.148,-60.8557,145.804,964.027,-97.4823,120.598,993.539,-45.1626,137.084,963.753,-95.0669,112.276,977.64,-49.9701,147.97,979.897,-83.2511,89.3665,982.781,-62.955,90.7038,989.271,-85.8069,50.702,983.058,-59.8703,51.4088,1005.59,-88.9708,11.71,992.985,-55.6665,13.6473,1003.97,-84.9629,158.75,1010.52,-97.8513,157.024,1017.99,-105.496,169.382,1009.28,-91.8469,170.862,0,0,0
001635:970.639,-75.5433,163.904,971.574,-79.2393,166.409,972.178,-72.632,166.875,975.59,-84.8522,161.707,977.635,-68.6767,162.872,975,-90.4478,141.195,986.531,-60.7538,145.333,962.271,-97.3352,121.055,996.46,-44.8001,136.571,956.651,-94.125,114.177,979.259,-49.4843,147.47,979.869,-82.9009,88.867,983.724,-62.6582,90.1063,988.137,-85.4306,50.3968,984.018,-59.5906,50.9383,1004.21,-88.6086,11.6433,992.972,-55.4379,13.3658,1004.51,-84.6912,158.175,1011.25,-97.7567,156.41,1018.89,-105.579,168.919,1009.94,-91.7156,170.425,0,0,0
001636:972.182,-75.5126,163.918,972.817,-79.1911,166.419,973.433,-72.5746,166.88,975.524,-84.6576,161.691,977.355,-68.4519,162.853,974.039,-90.0903,141.281,985.094,-60.4909,145.32,958.567,-96.3691,121.354,996.092,-44.7486,136.505,949.633,-92.1543,115.131,982.219,-49.8018,147.537,981.695,-83.073,88.9946,984.813,-62.7747,90.2124,990.355,-85.6041,50.355,984.499,-59.6396,50.9945,1006.09,-88.7333,11.4373,992.862,-55.3026,13.3505,1005.67,-84.7803,157.679,1013.2,-97.8786,155.881,1017.67,-105.42,168.345,1008.03,-91.5494,169.865,0,0,0
001637:970.976,-75.1082,163.957,972.031,-78.8435,166.442,972.577,-72.2455,166.9,976.315,-84.554,161.682,978.516,-68.4494,162.824,976.294,-90.1637,141.339,987.565,-60.6991,145.243,963.231,-96.7107,122.124,996.363,-44.6091,136.592,950.318,-91.9479,117.302,979.027,-49.1269,147.67,981.792,-82.7327,88.9535,984.99,-62.5551,90.1447,988.843,-85.1339,50.2393,982.267,-59.2712,50.9689,1005.69,-88.5038,11.1816,991.701,-54.9736,13.0943,1005.04,-84.7746,157.515,1012.7,-97.8827,155.411,1018.02,-105.838,167.705,1008.07,-91.9095,169.521,0,0,0
001638:973.924,-75.2732,163.92,974.835,-78.9735,166.428,974.908,-72.3274,166.885,977.547,-84.4014,161.752,978.331,-68.1321,162.933,976.35,-89.769,141.388,984.408,-60.015,145.491,961.087,-96.0334,121.474,996.352,-44.3429,136.799,946.691,-91.6456,115.34,987.579,-49.6396,147.778,981.864,-82.5236,89.0205,982.894,-62.1551,90.3281,990.992,-85.2347,50.2021,983.094,-59.154,50.9706,1004.45,-88.2201,11.4447,992.352,-54.8045,13.1129,1009.71,-85.3352,157.173,1016.07,-98.2692,155.146,1017.4,-105.715,167.39,1008.93,-92.0425,169.163,0,0,0
001639:971.678,-74.9105,163.723,972.349,-78.5827,166.235,972.627,-71.944,166.692,975.101,-83.9751,161.551,976.447,-67.7511,162.756,974.521,-89.3675,141.181,983.925,-59.7068,145.394,961.156,-96.0049,120.994,994.969,-43.9914,136.865,951.685,-92.5727,114.097,982.754,-49.0783,147.828,982.336,-82.2895,88.7634,984.148,-61.969,90.066,991.226,-85.0388,49.993,982.828,-58.9335,50.7817,1004.84,-88.2104,11.2615,990.784,-54.6482,13.1505,1005.51,-84.9937,156.849,1013.59,-97.9547,154.734,1017.27,-105.66,166.894,1006.99,-91.9307,168.753,0,0,0
001640:971.618,-74.9169,163.545,972.587,-78.6286,166.041,972.737,-71.9567,166.5,976.033,-84.0329,161.284,977.273,-67.7169,162.527,976.157,-89.4375,140.857,984.462,-59.4286,145.088,963.262,-96.0806,121.054,994.823,-43.1196,136.82,949.599,-91.7552,115.163,982.349,-48.1774,148.117,982.296,-82.1362,88.4036,983.391,-61.6233,89.7263,989.705,-84.8591,49.7702,980.842,-58.4939,50.5839,1006.74,-88.2129,10.7589,991.967,-54.3603,12.6155,1004.98,-85.3195,156.186,1013.99,-98.3332,153.805,1016.88,-106.194,165.799,1005.56,-92.3924,167.911,0,0,0
001641:972.804,-74.6067,163.619,973.41,-78.3011,166.159,973.62,-71.6377,166.594,976.534,-83.8748,161.397,977.777,-67.5335,162.614,975.734,-89.4455,140.883,986.125,-59.5813,145.241,964.916,-96.515,119.866,1000.26,-43.7944,136.457,962.893,-94.2284,111.103,989.136,-48.7134,147.003,981.631,-82.135,88.514,983.738,-61.7245,89.8851,990.334,-84.844,49.9278,981.463,-58.5325,50.8383,1005.44,-88.1374,11.2194,989.948,-54.2116,13.3779,1004.29,-85.4509,155.765,1011.06,-98.2072,153.18,1014.44,-106.306,165.101,1005.5,-92.7878,167.444,0,0,0
001642:972.028,-74.3241,163.775,972.85,-78.0918,166.288,973.41,-71.4464,166.723,976.126,-83.8017,161.531,978.217,-67.5563,162.74,975.237,-89.335,141.202,985.944,-59.5844,145.407,960.69,-95.9465,121.555,995.915,-43.3074,137.122,948.586,-91.8503,115.404,980.705,-47.9489,147.936,981.385,-81.7222,88.8079,983.82,-61.3728,90.1161,989.695,-84.5504,50.0303,981.186,-58.2674,50.8932,1006.7,-88.0778,11.0138,990.422,-54.037,12.9872,1003.65,-85.8442,154.599,1012.33,-98.5539,151.418,1018.73,-107.496,162.835,1007.71,-93.9329,165.764,0,0,0
001643:974.154,-74.4655,163.719,974.393,-78.137,166.257,974.668,-71.4626,166.676,975.871,-83.5381,161.61,977.35,-67.2413,162.793,975.695,-89.1103,141.308,983.451,-59.0318,145.527,966.809,-96.4973,121.315,992.586,-42.9401,137.024,961.324,-93.7245,114.383,981.072,-48.168,147.419,983.744,-81.739,88.7838,984.645,-61.1908,90.12,991.08,-84.5761,49.986,982.008,-58.1703,50.8048,1005,-87.7998,11.1997,989.485,-53.6187,13.0212,1004.07,-86.1014,154.074,1013.72,-98.7883,151.17,1015.33,-107,162.646,1003.65,-93.5578,165.296,0,0,0
001644:972.928,-74.1678,163.48,973.726,-77.8986,166.024,974.065,-71.2152,166.453,976.361,-83.3628,161.511,977.803,-67.0423,162.714,974.926,-88.7874,141.318,984.666,-58.8447,145.446,958.406,-95.2326,121.476,997.539,-43.0094,136.72,945.854,-91.0817,114.874,985.381,-48.2145,146.922,982.359,-81.5887,88.739,983.971,-61.0803,90.0722,990.662,-84.3849,49.9736,981.153,-57.8729,50.8588,1006.9,-87.8075,10.9809,989.416,-53.5377,13.1427,1000.67,-85.7113,153.223,1010.82,-98.4739,150.163,1015.69,-107.153,161.658,1003.24,-93.5665,164.486,0,0,0
001645:973.569,-74.1166,163.609,974.457,-77.8895,166.148,974.491,-71.1877,166.558,977.547,-83.4943,161.418,979.156,-67.1221,162.686,977.52,-88.9403,141.149,986.439,-59.0357,145.465,966.527,-95.3285,120.78,998.457,-42.9328,137.144,955.316,-90.9938,113.378,987.723,-47.8238,147.721,982.009,-81.5645,88.5991,983.308,-61.1328,89.9581,989.171,-84.4124,49.9124,980.196,-58.0051,50.7498,1005.12,-87.7595,11.1027,989.8,-53.5243,13.0088,1002.64,-86.1812,152.416,1011.11,-98.5383,148.714,1013.66,-107.507,159.633,1002.78,-94.357,163.131,0,0,0
001646:972.026,-73.6892,163.338,972.714,-77.4174,165.891,973.136,-70.7156,166.302,975.356,-82.8816,161.302,977.852,-66.5538,162.539,973.882,-88.3577,141.07,985.718,-58.3772,145.33,961.032,-95.0774,120.64,997.99,-42.193,136.816,952.521,-91.4141,112.704,983.239,-47.1868,147.096,980.248,-81.2697,88.7647,983.202,-60.7808,90.0408,987.03,-84.0255,50.3064,979.236,-57.5273,51.0471,1005.83,-87.6043,11.2543,989.364,-53.1351,13.2804,997.993,-85.5713,151.26,1008.24,-98.0739,147.586,1012.19,-107.135,158.635,999.438,-93.8106,162.099,0,0,0
001647:971.49,-73.8373,163.207,972.566,-77.5395,165.734,972.751,-70.8548,166.144,975.758,-82.828,161.188,977.603,-66.5449,162.428,974.684,-88.079,141.056,984.778,-58.1044,145.218,959.558,-94.7038,121.745,993.99,-41.6006,137.135,941.731,-90.3235,115.785,980.812,-47.0329,147.736,981.059,-80.8486,88.713,982.982,-60.3483,89.929,987.714,-83.9373,50.3013,978.578,-57.276,51.0128,1005.34,-87.4913,11.4959,989.028,-53.0302,13.0993,996.543,-85.3695,150.353,1007.11,-97.7847,146.544,1013.83,-107.164,157.376,1000.7,-93.8924,160.998,0,0,0
001648:968.538,-73.1802,162.971,969.05,-76.7203,165.609,970.623,-70.3417,165.808,975.535,-82.5095,160.812,977.1,-66.1946,161.795,978.68,-88.269,140.307,986.156,-58.0907,144.263,964.404,-94.7301,121.539,996.303,-41.6768,136.068,947.511,-90.5672,114.777,984.356,-47.152,147.189,982.949,-80.8989,87.9778,983.877,-60.3351,89.0399,987.241,-83.699,49.6205,977.872,-56.8449,50.4758,1006.06,-87.7406,10.9099,989.815,-52.7956,12.4423,999.894,-85.7771,150.287,1008.4,-97.8642,145.983,1013.93,-107.391,156.476,1003.56,-94.5961,160.625,0,0,0
001649:969.2,-73.3132,162.87,970.436,-77.0137,165.417,970.672,-70.3674,165.837,974.754,-82.2865,160.953,977.244,-66.0654,162.296,974.812,-87.4144,140.841,985.41,-57.6094,145.279,962.26,-93.6375,120.448,996.499,-41.2558,137.317,947.739,-89.4745,112.633,982.025,-46.4268,147.918,979.087,-80.3072,88.5283,980.966,-59.8959,89.7924,985.889,-83.6405,50.2114,977.427,-56.969,50.8221,1004.39,-87.2842,11.4316,989.389,-52.6889,12.8653,1002.35,-85.574,149.341,1012.33,-97.7069,145.318,1013.16,-106.678,155.812,1000.45,-93.7524,159.672,0,0,0
001650:967.899,-72.9439,162.824,969.293,-76.7465,165.368,969.062,-70.0568,165.813,974.457,-82.234,160.857,977.159,-65.8963,162.38,977.338,-87.4422,140.728,986.127,-57.3486,145.599,974.151,-93.403,118.633,994.167,-40.5964,137.659,959.563,-88.5224,108.338,977.221,-45.1615,147.98,980.223,-80.0616,88.5232,981.471,-59.5587,89.9355,984.977,-83.4089,50.3871,977.068,-56.7424,50.9891,1004.62,-87.3323,11.6633,991.314,-52.9614,12.9143,1000.51,-85.0933,148.821,1011,-97.1726,144.034,1012.13,-106.856,154.183,998.543,-93.9581,158.857,0,0,0
001651:967.193,-72.69,162.508,968.823,-76.4341,165.041,968.803,-69.8019,165.468,974.363,-81.8376,160.682,976.508,-65.6823,162.039,974.999,-86.8935,140.822,985.545,-57.3054,145.294,961.362,-93.1428,120.968,995.104,-41.0274,137.704,947.228,-89.0268,113.931,978.488,-45.894,148.212,978.68,-79.4522,88.6023,980.909,-59.187,89.8855,984.728,-82.9669,50.286,976.212,-56.3289,50.8988,1004.82,-87.2607,11.3851,989.733,-52.6162,12.6705,995.409,-85.2006,148.494,1007.51,-97.1176,144.091,1015.44,-106.949,153.975,1000.25,-94.1161,158.226,0,0,0
001652:968.046,-72.8474,162.53,969.828,-76.5891,165.09,969.581,-69.8697,165.52,975.392,-81.8279,160.733,977.457,-65.4903,162.161,976.153,-86.8555,140.584,986.6,-56.7538,145.302,963.351,-93.1824,119.823,996.057,-40.3986,137.707,950.029,-89.4288,111.413,978.124,-45.7014,148.323,980.165,-79.4849,88.1286,982.55,-58.9431,89.4323,985.27,-83.089,50.0262,977.443,-56.2311,50.5253,1003.88,-87.0071,11.4082,989.517,-52.552,12.6128,994.589,-85.2445,147.562,1005.75,-96.8621,143.63,1014.68,-106.252,153.496,1000.35,-93.7459,157.29,0,0,0
001653:968.993,-72.891,162.394,970.534,-76.5823,164.934,970.244,-69.8783,165.397,975.807,-81.6142,160.501,977.642,-65.2973,162.008,975.427,-86.3417,140.317,986.643,-56.3529,145.244,961.922,-92.7971,119.183,1000.28,-39.6676,137.79,952.715,-90.1663,109.609,988.543,-44.9115,148.414,977.9,-78.8783,88.3009,980.273,-58.4704,89.6068,984.962,-82.727,50.2163,977.789,-55.9989,50.6221,1002.94,-86.9582,11.6436,991.024,-52.4826,12.5213,1002.26,-84.9054,146.985,1011.57,-96.3945,142.508,1017.81,-106.017,152.299,1005.4,-93.6746,156.646,0,0,0
001654:969.913,-72.7603,162.398,971.146,-76.4394,164.961,970.774,-69.7177,165.412,975.092,-81.4007,160.582,977.022,-65.039,162.104,975.216,-86.1333,140.507,984.984,-56.0605,145.517,965.54,-92.7655,119.04,995.312,-39.6249,138.143,957.214,-90.332,108.814,980.531,-45.0866,148.628,980.558,-78.8546,88.2895,982.024,-58.3338,89.6637,987.17,-82.7831,50.0766,977.967,-55.8165,50.6121,1005.48,-87.0894,11.3801,989.511,-52.2378,12.6148,998.058,-84.9804,146.607,1009.36,-96.3542,141.812,1014.09,-106.017,151.225,999.662,-93.792,155.916,0,0,0
001655:969.06,-72.2451,162.257,969.848,-75.8914,164.865,971.112,-69.4471,165.335,976.269,-81.5241,160.307,978.839,-65.116,161.707,977.441,-86.4623,139.788,985.429,-55.9605,144.719,970.836,-93.1498,119.009,991.797,-38.6135,137.519,962.842,-90.0401,107.851,981.304,-44.5739,147.225,977.906,-78.3329,87.9186,979.748,-57.8609,88.9692,985.189,-82.59,49.5605,976.741,-55.665,50.0712,1005.87,-87.3228,11.1143,987.127,-52.0656,12.1254,998.51,-84.4746,147.184,1005.07,-94.8841,141.293,1007.66,-104.796,149.533,1001.14,-94.2052,155.696,0,0,0
001656:970.595,-72.3705,162.218,970.93,-75.8828,164.81,972.398,-69.4711,165.285,975.748,-81.1195,160.228,978.627,-64.7898,161.66,975.013,-85.7866,139.743,984.266,-55.4975,144.807,965.963,-92.4666,118.761,991.482,-38.5304,138.016,964.639,-91.0792,106.392,982.38,-45.0115,148.258,976.134,-77.9273,88.074,979.255,-57.6414,89.0356,984.719,-82.5019,49.6822,977.75,-55.7553,50.0117,1005.14,-87.2126,11.3488,987.777,-52.0789,12.0557,1001.44,-84.2824,146.74,1008.19,-94.3735,140.975,1012.4,-104.068,148.935,1005.87,-93.8589,155,0,0,0
001657:969.87,-72.2345,162.159,970.505,-75.7658,164.756,971.721,-69.3132,165.228,976.531,-81.0428,160.258,978.532,-64.623,161.664,977.196,-85.8323,139.88,984.529,-55.2432,144.898,966.701,-92.8325,119.578,992.84,-37.8942,138.369,961.878,-90.8708,108.316,986.119,-44.3179,148.741,978.644,-77.9384,88.283,980.096,-57.5108,89.3051,985.886,-82.3425,49.9455,976.826,-55.676,50.4205,1005.65,-86.9211,11.6026,987.253,-52.2642,12.3222,1009.01,-83.878,146.416,1018.01,-93.7872,140.315,1020.98,-103.56,147.858,1012.32,-93.5355,154.242,0,0,0
001658:970.31,-71.9866,162.135,970.581,-75.5624,164.71,971.862,-69.1297,165.219,975.734,-80.9346,159.887,979.598,-64.4808,161.548,977.209,-85.5543,139.204,986.575,-55.0776,144.845,976.047,-91.9406,116.413,991.39,-37.5064,138.421,971.157,-89.9276,101.027,981.881,-43.4977,148.966,979.255,-77.6116,87.6897,982.266,-57.2315,88.7954,985.325,-82.1416,49.5635,979.443,-55.4578,49.8596,1004.05,-86.7881,11.5819,986.579,-52.09,12.2909,1017.23,-83.3534,145.81,1029.08,-93.5165,138.917,1032.68,-103.949,146.213,1020.63,-93.637,153.426,0,0,0
001659:970.857,-72.0448,162.028,971.382,-75.5461,164.608,972.857,-69.1166,165.115,976.587,-80.6655,160.004,979.048,-64.2412,161.534,975.254,-85.2057,139.517,983.529,-54.5587,144.709,963.284,-92.0859,118.548,988.777,-36.9892,138.095,965.154,-91.3745,105.49,981.582,-43.3468,148.376,974.696,-77.0131,88.09,977.03,-56.6477,89.0843,985.069,-81.7781,49.6886,977.292,-55.1515,50.0806,1004.04,-86.8092,11.5531,986.09,-52.1973,12.2427,1021.83,-83.1345,145.146,1032.94,-93.1097,138.92,1040.66,-103.263,146.361,1029.87,-93.1653,152.873,0,0,0
001660:972.494,-71.9264,162.129,972.776,-75.4474,164.659,974.138,-68.9623,165.174,976.936,-80.5823,159.865,979.161,-64.0633,161.402,975.244,-84.9189,139.447,983.104,-54.4611,144.709,962.587,-91.6405,119.425,988.948,-37.1791,139.042,963.967,-90.178,107.938,984.617,-43.8306,150.437,977.344,-76.7383,88.0497,979.516,-56.395,89.0592,985.461,-81.5409,49.7343,977.834,-54.9039,50.0754,1004.02,-86.7316,11.6285,985.949,-52.2291,12.2159,1038.66,-82.6374,144.739,1055.13,-92.2803,138.206,1063.88,-102.494,144.748,1047.61,-92.6763,151.555,0,0,0
001661:973.426,-71.7524,162.279,973.237,-75.2869,164.812,974.503,-68.8057,165.34,975.615,-80.3936,159.74,978.891,-63.848,161.493,974.092,-84.7139,138.977,981.753,-54.0589,144.765,968.203,-91.3528,116.646,989.041,-36.577,138.769,966.903,-90.6282,100.905,990.332,-42.9902,149.586,975.36,-76.2527,87.9203,977.125,-55.8849,89.0454,984.17,-81.2258,49.7519,976.531,-54.7341,50.1458,1003.65,-86.6225,11.8137,985.082,-52.3982,12.4551,1053.34,-82.2469,142.891,1071.98,-91.9999,135.644,1073.19,-102.093,142.06,1054.55,-92.2402,149.541,0,0,0
001662:974.177,-71.8234,161.855,973.852,-75.3449,164.369,975.028,-68.8507,164.936,976.365,-80.4013,159.374,978.998,-63.7344,161.208,975.62,-84.6122,138.641,982.565,-53.7442,144.652,971.727,-91.1156,116.082,988.05,-36.2717,138.886,974.904,-90.2397,100.303,985.741,-43.2028,150.04,978.879,-76.0942,87.4259,980.386,-55.5607,88.6258,985.739,-81.0145,49.4731,977.939,-54.3425,49.8494,1003.87,-86.5916,11.8025,984.096,-52.5441,12.5119,1035.9,-82.3137,143.262,1051.33,-91.8691,136.084,1053.8,-102.067,142.519,1038.71,-92.4168,149.982,0,0,0
001663:972.484,-71.5398,161.923,972.514,-75.0613,164.45,973.623,-68.5506,165.009,975.588,-80.062,159.514,978.104,-63.4321,161.317,974.833,-84.3126,138.933,981.03,-53.3249,144.793,967.142,-91.3363,117.231,987.61,-35.7676,139.155,967.164,-90.8301,102.538,989.262,-42.5946,150.23,976.463,-75.5433,88.0243,977.408,-55.0022,89.1911,984.305,-80.5258,49.8363,976.251,-53.9775,50.2415,1003.57,-86.5385,11.7735,983.842,-52.4726,12.4141,1054.2,-81.8139,142.276,1073.08,-91.1092,135.045,1076.68,-101.155,140.999,1058.19,-91.7835,148.461,0,0,0
001664:972.509,-70.9988,161.625,972.362,-74.5935,164.121,973.497,-68.0641,164.667,975.129,-79.8432,159.014,978.01,-63.1474,160.841,974.364,-84.0354,138.408,981.735,-53.2381,144.478,969.695,-90.8492,116.734,989.022,-35.6601,139.558,970.344,-89.6216,102.035,992.819,-42.5607,151.457,977.399,-75.083,87.5178,978.644,-54.6052,88.7011,984.414,-80.32,49.5339,975.544,-53.7812,49.9308,1004.08,-86.5504,11.6674,983.093,-52.7523,12.2717,1064.63,-81.0731,141.564,1088.41,-90.2096,133.551,1092.59,-100.9,138.707,1068.7,-91.576,146.947,0,0,0
001665:971.955,-70.8912,161.586,971.798,-74.4614,164.083,972.934,-67.9164,164.619,973.896,-79.5641,158.962,976.744,-62.871,160.787,972.632,-83.6753,138.318,979.017,-52.7766,144.361,967.563,-90.8823,116.965,984.535,-35.1706,139.521,967.418,-90.1302,102.774,987.031,-42.2514,151.394,975.418,-74.5932,87.4254,976.309,-54.087,88.5816,984.043,-80.0737,49.4459,975.731,-53.5649,49.7625,1004.43,-86.5081,11.6374,984.463,-52.8369,12.0285,1062.65,-81.3284,140.906,1084.65,-90.2857,133.161,1086.73,-100.55,138.384,1064.95,-91.4664,146.345,0,0,0
001666:969.95,-70.5964,161.546,970.151,-74.1622,164.028,971.364,-67.667,164.587,974.058,-79.3121,158.95,976.772,-62.6548,160.836,972.899,-83.34,138.371,980.612,-52.6207,144.5,965.53,-90.3086,116.721,984.885,-34.9905,139.866,964.668,-89.7149,101.76,984.113,-41.9572,152.147,974.102,-74.3004,87.7147,975.692,-53.9263,88.882,983.211,-79.6251,49.7607,976.072,-53.1963,50.0433,1003.13,-86.4886,11.9425,983.386,-52.7982,12.5035,1053.03,-80.0073,141.652,1072.52,-88.8354,133.831,1080.93,-99.6595,139.018,1061.53,-90.684,147.123,0,0,0
001667:972.717,-70.6507,161.494,972.362,-74.2234,163.943,973.526,-67.6881,164.526,973.862,-79.2227,158.746,977.257,-62.5114,160.673,970.72,-82.7772,138.172,979.92,-52.2123,144.424,965.852,-89.5416,116.954,984.084,-34.5915,140.103,965.356,-88.4251,103.121,985.48,-41.9981,152.75,974.127,-73.4182,87.4709,976.69,-53.0205,88.5685,980.919,-79.1013,49.6726,974.608,-52.5799,49.7807,1002.33,-86.3435,11.8841,982.215,-52.6488,12.0824,1056.97,-79.5641,141.605,1076.61,-88.1506,133.604,1084.67,-99.0812,138.444,1065.27,-90.3381,146.715,0,0,0
001668:971.109,-70.4533,161.442,971.172,-73.9945,163.872,972.609,-67.5424,164.47,974.527,-79.0419,158.462,977.892,-62.2679,160.61,972.154,-82.554,137.665,981.109,-52.0444,144.44,966.23,-88.8048,114.614,983.689,-34.747,140.532,967.25,-88.7162,97.0291,979.969,-41.9743,153.764,972.07,-73.329,87.3743,975.074,-53.0995,88.611,978.331,-78.6296,49.8848,973.506,-52.3321,50.031,1001.37,-86.1531,12.1373,983.606,-52.855,12.5249,1058.71,-79.4189,140.57,1079.89,-87.7647,132.354,1089.68,-98.5735,136.792,1068.56,-90.1168,145.342,0,0,0
001669:969.609,-70.1962,161.283,969.912,-73.7799,163.699,971.086,-67.3074,164.3,973.862,-78.8434,158.355,976.34,-62.0917,160.434,971.966,-82.2674,137.659,979.78,-51.7784,144.239,963.693,-88.6408,115.903,985.595,-34.1074,140.39,957.667,-87.3541,101.096,987.484,-41.2295,153.75,972.827,-72.8548,87.2605,974.359,-52.5699,88.4965,979.831,-78.332,49.6506,972.583,-51.9418,49.9232,1003.5,-86.1301,11.747,984.144,-52.8084,12.1144,1064.33,-78.4644,141.647,1083.77,-86.8897,133.555,1094.08,-97.8223,138.25,1074.8,-89.2432,146.641,0,0,0
001670:971.729,-70.2219,161.313,971.33,-73.7952,163.736,972.682,-67.3474,164.354,972.849,-78.7513,158.337,976.007,-62.0715,160.513,969.147,-81.9903,137.684,977.938,-51.627,144.47,964.244,-88.4785,115.286,983.441,-33.7585,140.633,965.942,-88.2696,99.0311,986.551,-40.5491,153.792,969.919,-72.303,87.6493,972.177,-52.1283,88.9164,978.527,-77.973,49.8106,972.703,-51.6839,50.0317,1001.49,-86.1629,11.779,981.821,-52.5032,12.1987,1060.08,-77.6801,141.571,1078.26,-85.8525,133.282,1086.38,-96.7452,137.776,1068.63,-88.4877,146.341,0,0,0
001671:971.566,-70.3407,161.086,971.239,-73.8328,163.494,972.788,-67.3582,164.088,972.962,-78.4931,158.144,976.25,-61.8426,160.229,969.491,-81.4789,137.634,977.856,-51.2518,144.216,961.014,-88.0863,116.757,984.296,-33.6591,141.026,962.023,-87.8165,103.006,988.019,-41.2258,154.987,970.411,-72.007,87.3736,972.201,-51.8385,88.5227,978.802,-78.0325,49.6043,972.006,-51.5733,49.7014,1001.51,-86.0375,11.7131,981.254,-52.2407,11.8595,1061.61,-77.8529,140.598,1080.34,-85.6174,132.446,1086.79,-96.0948,136.543,1069.03,-88.3119,144.992,0,0,0
001672:972.244,-70.4356,161.071,971.81,-73.9817,163.474,972.979,-67.4826,164.092,972.842,-78.6453,158.119,976.115,-61.9436,160.315,969.122,-81.3367,137.694,977.644,-51.1818,144.581,963.356,-87.5167,116.421,985.802,-33.5837,141.627,959.678,-86.45,102.401,994.759,-41.2237,155.711,970.331,-71.483,87.8011,971.651,-51.2871,89.0572,979.971,-77.7463,49.8143,972.428,-51.2835,49.9917,1002.83,-85.8438,11.7608,981.045,-52.1856,11.8932,1066.17,-76.9462,140.497,1083.56,-84.2879,132.107,1089.49,-94.8254,135.769,1072.98,-87.4792,144.466,0,0,0
001673:972.645,-70.1645,161.171,972.057,-73.7452,163.596,972.917,-67.2184,164.179,972.832,-78.5573,158.154,975.736,-61.7084,160.389,970.567,-81.4492,137.465,977.219,-50.9437,144.57,968.745,-88.016,115.462,983.652,-33.4124,141.586,965.339,-87.3694,100.108,992.839,-41.1279,155.474,973.396,-71.3282,87.0019,973.942,-50.8921,88.3639,980.772,-77.6876,49.275,973.254,-50.8783,49.4432,1001.29,-85.8048,11.694,980.143,-52.0583,11.747,1064.57,-75.9062,139.672,1082.71,-82.8998,131.194,1089.29,-93.4407,134.423,1072.03,-86.4198,143.215,0,0,0
001674:973.702,-70.2641,161.149,972.779,-73.7661,163.549,974.032,-67.2953,164.153,971.546,-78.1968,158.24,975.177,-61.5445,160.451,967.062,-80.7224,137.898,974.351,-50.6025,144.929,963.001,-87.2149,116.87,977.971,-33.5741,142.624,958.146,-86.1885,103.558,986.365,-41.6559,157.461,971.751,-70.7699,88.0452,972.279,-50.4559,89.3555,982.213,-77.4796,49.8902,973.105,-50.7273,50.1699,1002.9,-85.622,11.9462,979.721,-51.9498,12.009,1081.46,-75.9762,141.259,1101.55,-82.6038,134.122,1109.92,-91.7289,137.16,1091.27,-85.2077,144.589,0,0,0
001675:972.68,-70.6325,161.089,971.854,-74.1045,163.503,973.098,-67.57,164.133,972.023,-78.3056,158.365,974.88,-61.4872,160.637,967.362,-80.5429,138.109,976.161,-50.1203,145.248,959.697,-86.7815,117.345,987.645,-32.783,143.053,956.62,-85.9023,104.216,1001.61,-41.5274,158.09,970.616,-70.4747,88.275,971.319,-50.0275,89.5505,982.562,-77.4298,49.9205,973.717,-50.5997,50.052,1002.2,-85.3323,11.9223,979.606,-51.7976,11.6554,1078.07,-75.5537,141.075,1093.2,-81.881,133.46,1098.53,-91.3061,136.524,1085.07,-85.1218,144.474,0,0,0
001676:973.402,-70.4315,160.959,972.141,-73.9488,163.348,973.308,-67.4405,163.979,970.919,-78.2716,158.055,974.114,-61.4954,160.42,966.754,-80.3643,137.841,974.332,-50.2137,145.318,964.679,-86.5197,116.583,984.079,-32.6814,143.726,961.263,-85.4844,102.684,1000.48,-40.9186,159.222,971.166,-70.0487,88.1664,971.152,-49.7279,89.5995,982.136,-77.0437,49.932,972.478,-50.2539,50.1885,1001.07,-85.0671,12.1533,977.864,-51.5797,11.9712,1077.26,-74.742,142.051,1092.43,-80.829,133.96,1096.47,-90.5487,136.551,1083.15,-84.6191,145.003,0,0,0
001677:971.59,-70.1049,161.29,970.725,-73.6916,163.677,972.141,-67.1839,164.298,971.342,-78.2585,158.189,974.174,-61.3496,160.605,967.95,-80.4848,137.637,975.557,-50.1927,145.151,962.989,-86.0724,115.731,986.684,-32.4051,143.19,956.646,-84.537,100.851,1000.6,-39.9704,158.63,971.59,-70.2724,87.3524,971.501,-49.879,88.8108,981.924,-77.1289,49.1722,971.739,-50.1375,49.5131,1002.61,-85.2696,11.345,978.653,-51.5378,11.4648,1078.77,-74.0223,142.433,1092.32,-80.3482,134.357,1098.33,-90.3337,137.317,1086.6,-84.1204,145.768,0,0,0
001678:971.12,-70.2326,161.262,969.931,-73.7118,163.644,971.659,-67.278,164.256,969.385,-77.8876,158.197,972.567,-61.0819,160.675,964.947,-79.7284,137.829,974.121,-49.6801,145.488,958.608,-85.5187,116.164,988.213,-32.2451,144.073,953.198,-85.0885,101.178,1003.96,-40.4252,160.217,970.396,-69.508,87.8879,970.669,-49.1911,89.3127,982.551,-76.7198,49.6157,972.101,-49.7364,49.9305,1002.87,-84.9529,11.8509,978.311,-51.3751,11.7739,1060.86,-71.0996,144.029,1073.56,-76.8244,136.355,1073.59,-85.6561,139.011,1063.02,-80.141,147.038,0,0,0
001679:969.995,-70.0808,161.128,968.732,-73.5453,163.486,970.699,-67.1907,164.095,967.101,-77.5841,157.901,970.576,-60.838,160.447,962.04,-79.2866,137.701,971.449,-49.4147,145.315,953.523,-84.6443,115.895,982.561,-31.9393,144.02,941.939,-83.5328,100.609,990.204,-39.1797,160.906,969.306,-69.2364,88.31,969.789,-48.953,89.7179,980.051,-76.322,50.1841,970.354,-49.3586,50.5505,1001.89,-84.8477,12.3,977.768,-51.1708,12.279,994.863,-60.1422,149.276,1001.89,-64.6421,143.436,989.28,-70.6069,145.967,984.071,-66.3477,152.117,0,0,0
001680:970.577,-70.2121,161.22,968.989,-73.6533,163.604,971.125,-67.3022,164.19,966.696,-77.5649,158.043,970.697,-60.9091,160.57,963.262,-79.2406,137.914,971.961,-49.4063,145.555,962.461,-85.5937,116.248,984.981,-31.7339,144.425,964.349,-86.2694,100.652,994.448,-39.091,161.293,969.761,-68.7967,88.3455,970.066,-48.6351,89.7532,981.4,-76.0028,50.1458,971.469,-49.3555,50.4636,1002.54,-84.2855,12.3897,976.81,-50.9939,12.3247,992.597,-59.9919,149.806,1000.74,-64.5221,143.429,986.822,-71.0029,145.807,980.333,-66.6661,152.495,0,0,0
001681:968.061,-70.1283,161.409,967.032,-73.5795,163.784,968.885,-67.2649,164.36,966.402,-77.5381,158.209,969.935,-60.9061,160.789,963.033,-79.0194,138.124,972.457,-49.4878,145.909,960.633,-85.3356,116.465,982.333,-32.0108,145.234,959.968,-86.5356,100.63,986.353,-39.0643,162.395,969.233,-68.4885,88.6284,969.764,-48.4544,90.0541,981.888,-75.8761,50.3043,970.964,-49.104,50.7253,1005.27,-84.6663,12.2957,977.345,-50.8839,12.4465,982.397,-58.7637,150.501,989.263,-62.8692,144.326,976.142,-69.0187,146.405,970.8,-65.1164,152.918,0,0,0
001682:967.977,-70.3967,161.714,966.806,-73.8555,164.079,969.427,-67.5282,164.699,966.503,-77.7172,158.465,971.278,-61.0294,161.119,961.899,-79.0271,138.187,975.199,-49.3829,145.973,958.328,-84.9479,116.268,990.212,-31.9014,144.964,962.373,-85.645,100.51,993.396,-39.293,162.565,966.093,-68.2782,88.5476,969.2,-48.2364,89.8822,976.802,-75.3007,50.4151,970.05,-48.7866,50.5515,1001.88,-84.0011,12.2642,977.382,-50.9419,12.2436,985.647,-58.2962,152.705,989.06,-62.4687,147.372,977.064,-68.044,149.998,975.342,-64.0766,155.69,0,0,0
001683:970.581,-70.6412,162.09,968.916,-74.0963,164.423,971.479,-67.792,165.056,967.08,-77.9783,158.596,971.769,-61.2841,161.382,961.017,-78.9448,138.274,974.362,-49.5332,146.511,957.414,-84.4308,115.848,988.498,-31.6524,145.999,960.909,-85.673,98.6636,995.338,-38.6145,163.61,967.266,-68.018,88.8215,970.212,-48.105,90.3087,978.685,-75.0936,50.7073,970.684,-48.6116,51.0154,1002.75,-83.8724,12.8849,976.557,-50.7982,12.9985,998.143,-59.8454,151.565,1002.64,-64.055,144.872,996.212,-71.15,147.005,993.706,-67.1712,154.092,0,0,0
001684:968.445,-70.86,162.068,967.046,-74.2396,164.41,969.851,-68.0495,165.035,966.623,-77.9025,158.718,972.024,-61.4602,161.517,961.389,-78.5312,138.656,976.167,-49.7243,146.882,958.693,-84.1956,116.581,989.241,-32.276,146.768,967.649,-86.4366,99.8182,990.943,-39.0518,164.734,966.038,-67.5738,89.4408,970.311,-48.018,90.8733,977.116,-74.5829,51.0964,971.422,-48.5743,51.2415,1002.86,-83.4145,12.7902,977.665,-50.504,12.7782,993.87,-58.309,152.325,995.702,-61.876,146.162,992.655,-68.3888,147.937,992.951,-65.1123,154.519,0,0,0
001685:967.876,-70.5707,162.163,966.391,-74.0114,164.489,969.082,-67.7783,165.113,965.202,-77.7983,158.66,970.137,-61.2521,161.501,958.995,-78.3234,138.609,973.232,-49.482,147.087,956.279,-84.065,116.647,984.275,-31.6195,147.727,966.88,-86.6561,99.74,987.851,-38.1013,166.259,964.327,-67.0353,89.601,968.526,-47.5056,91.096,976.268,-74.2385,51.173,970.457,-48.3573,51.3535,1002.26,-83.0605,12.8941,978.003,-50.4836,12.6478,999.719,-57.9637,153.175,1004.32,-61.3749,146.548,1005.41,-68.4949,147.774,1002.7,-65.3309,154.85,0,0,0
001686:965.688,-70.5267,162.399,964.784,-74.0152,164.722,967.067,-67.7813,165.362,964.565,-77.8905,158.836,968.987,-61.2608,161.745,959.824,-78.4287,138.724,971.755,-49.5271,147.473,955.917,-83.5439,116.028,977.895,-32.2032,148.274,958.72,-85.4596,98.4691,977.317,-38.9372,167.181,965.412,-66.9349,89.9077,968.476,-47.3233,91.5382,977.37,-74.1012,51.3834,970.101,-48.1345,51.744,1003.14,-82.8374,13.0729,977.26,-50.3512,13.0276,999.302,-56.9006,156.231,1008.04,-60.3891,150.573,1011.29,-66.7031,151.919,1003.95,-63.3835,158.078,0,0,0
001687:963.568,-70.3835,162.588,962.919,-73.9037,164.898,964.992,-67.6015,165.57,963.952,-77.8078,159.131,967.952,-61.0877,162.014,960.381,-78.3667,139.093,971.131,-49.1433,147.764,954.231,-83.3846,117.275,976.485,-31.3308,148.834,951.027,-83.7667,101.849,975.044,-37.8293,168.065,966.1,-66.8674,90.1617,968.412,-47.062,91.832,976.682,-73.8685,51.5204,969.586,-47.9289,51.8531,1001.26,-82.2824,13.0464,976.951,-50.2628,12.8191,998.068,-55.9765,155.755,1006.17,-59.2312,150.247,1009.19,-65.266,151.418,1002.75,-62.2203,157.403,0,0,0
001688:960.999,-70.1616,162.445,960.538,-73.6819,164.804,962.552,-67.4282,165.414,962.984,-77.6227,159.165,967.598,-61.0408,162.004,961.886,-78.4931,139.169,974.023,-49.3119,147.808,961.308,-84.705,116.976,983.787,-31.6507,148.974,961.525,-87.1042,100.253,986.286,-38.0741,168.201,966.323,-66.769,90.139,969.715,-47.1101,91.7455,975.92,-73.6546,51.6407,971.762,-48.142,51.7587,999.387,-81.5052,13.4396,978.845,-50.1548,12.7992,1006.97,-55.9536,158.221,1016.92,-59.4209,152.987,1020.2,-65.3266,154.368,1011.64,-62.0217,160.112,0,0,0
001689:961.603,-70.3008,162.797,960.826,-73.7986,165.107,962.913,-67.5376,165.761,961.857,-77.5948,159.354,966.565,-61.0224,162.265,959.637,-78.1061,139.404,972.246,-49.0137,148.212,961.717,-84.1094,117.6,981.114,-30.8277,149.663,966.834,-86.0506,101.767,980.129,-37.2378,169.13,966.213,-66.3234,90.6371,969.644,-46.6792,92.2995,977.175,-73.3054,51.9624,971.822,-47.8592,52.1616,1000.09,-81.1451,13.683,977.616,-50.0373,13.0815,992.931,-55.6745,156.931,1000.35,-58.8996,150.922,999.152,-65.1211,151.963,993.32,-62.129,158.422,0,0,0
001690:963.718,-70.8538,162.835,962.85,-74.347,165.116,964.651,-68.0791,165.799,963.046,-78.0398,159.252,966.811,-61.4257,162.23,961.395,-78.4437,139.195,970.67,-49.2236,148.223,958.165,-83.8396,117.304,978.959,-30.9267,150,958.823,-85.5739,101.358,979.594,-36.9206,169.738,968.763,-66.4723,90.3849,970.837,-46.8031,92.2179,976.55,-73.0429,51.8597,972.007,-47.9178,52.089,998.79,-80.3465,13.6698,978.881,-50.0704,12.9119,989.188,-53.7538,157.694,999.958,-56.9979,152.021,995.484,-62.5587,153,985.966,-59.5301,159.13,0,0,0
001691:960.566,-70.2744,163.312,959.854,-73.8471,165.562,961.321,-67.4956,166.275,961.704,-77.9787,159.612,964.877,-61.1372,162.637,960.606,-78.3637,139.523,970.079,-49.1918,148.846,957.796,-82.9089,117.634,979.436,-31.1025,151.106,953.418,-82.6044,102.339,983.451,-37.7093,171.328,967.812,-66.3673,90.8442,969.618,-46.6371,92.8413,975.833,-72.7275,52.1696,971.325,-47.6107,52.4529,997.532,-79.8728,13.8663,980.141,-50.0167,12.9579,1002.36,-56.7273,154.961,1010.88,-59.6461,147.99,1011.52,-66.5956,148.224,1004.57,-63.9658,155.683,0,0,0
001692:960.008,-70.0064,163.846,958.832,-73.5196,166.116,960.395,-67.2084,166.8,959.427,-77.5165,160.177,962.335,-60.7381,163.134,958.385,-77.9642,140.172,965.831,-48.8436,149.409,956.075,-82.9446,118.225,971.976,-30.7705,151.928,956.075,-83.9494,102.39,979.144,-36.8694,172.58,967.503,-66.2373,91.244,968.817,-46.5993,93.2149,976.272,-72.6435,52.1659,972.005,-47.936,52.4361,996.555,-79.3979,13.7754,980.277,-50.1062,12.6953,1014.59,-55.6055,158.373,1025.44,-58.6674,152,1034.28,-65.5186,152.382,1025.01,-62.7202,159.295,0,0,0
001693:961.021,-70.3865,163.906,959.606,-73.9664,166.156,961.085,-67.6194,166.875,960.359,-78.1183,160.229,963.017,-61.2201,163.283,960.766,-78.4448,140.222,966.546,-49.1006,149.859,959.707,-83.1294,118.193,972.365,-30.7111,152.752,957.926,-83.467,102.606,981.257,-36.6238,173.293,971.653,-66.1015,91.3062,971.978,-46.2826,93.4792,978.168,-72.5179,52.1976,972.883,-47.676,52.5937,996.741,-78.9446,13.8968,978.673,-49.7827,12.851,1023.75,-56.1999,156.854,1032.84,-58.7067,149.903,1044.69,-66.118,149.536,1037.66,-63.9467,157.065,0,0,0
001694:962.972,-70.7872,164.038,961.437,-74.3396,166.305,963.183,-68.0306,167.017,960.751,-78.2479,160.342,963.872,-61.4621,163.472,957.662,-78.2114,140.375,965.398,-49.0661,150.162,955.163,-83.0687,118.01,969.237,-30.1027,153.302,953.884,-84.5765,101.119,975.852,-35.0466,173.864,966.623,-65.7063,91.8218,967.924,-46.1571,94.0107,976.707,-72.0514,52.4459,972.464,-47.763,52.8575,996.115,-78.3886,13.973,979.903,-49.9282,12.8133,1010.91,-53.4271,157.964,1016.96,-55.5318,151.105,1026.98,-62.5936,150.632,1023.07,-60.8586,158.07,0,0,0
001695:963.488,-70.9084,163.998,962.298,-74.5711,166.248,963.832,-68.214,166.956,961.969,-78.7097,160.093,964.731,-61.7636,163.292,958.558,-78.5979,140.031,965.137,-49.292,150.122,954.902,-82.9146,117.322,964.716,-29.9076,153.807,949.887,-83.9235,99.7344,967.24,-33.9946,174.686,965.984,-65.5464,91.7741,966.873,-45.9419,94.092,975.189,-71.8595,52.6887,971.332,-47.6296,53.151,994.277,-77.5996,14.6149,979.399,-49.6987,13.2827,1000.55,-50.0853,159.194,1007.15,-51.6022,152.669,1015.05,-58.0597,151.665,1010.26,-56.8769,158.802,0,0,0
001696:958.344,-70.1889,164.101,957.268,-73.9554,166.307,958.838,-67.6039,167.033,958.765,-78.5847,160.112,961.455,-61.6542,163.343,958.133,-78.5981,140.135,965.058,-49.6747,150.404,956.797,-81.9232,117.506,965.214,-30.249,154.649,955.868,-81.2272,100.379,963.883,-33.7324,175.962,968.18,-65.696,91.582,969.281,-46.2254,94.0694,976.793,-71.7879,52.4397,971.891,-47.5156,53.0463,995.922,-77.5002,14.2942,978.329,-49.5615,13.4709,1001.83,-51.0747,158.293,1009.56,-52.6441,150.798,1018.11,-60.0697,149.286,1012.01,-58.8366,157.422,0,0,0
001697:956.745,-70.062,164.244,956.023,-73.8874,166.474,957.745,-67.5582,167.184,958.47,-78.6639,160.233,960.975,-61.6671,163.523,957.492,-78.5445,140.195,964.144,-49.6955,150.625,948.528,-81.0704,117.188,965.311,-30.4805,154.914,938.421,-80.0979,99.438,963.174,-33.6132,176.197,965.692,-65.2455,91.6238,966.814,-45.8797,94.1601,973.802,-71.3075,52.4475,971.958,-47.5223,52.8794,993.704,-76.9469,14.2507,981.531,-49.8808,12.9152,995.239,-49.5451,158.748,1001.89,-50.7647,151.48,1008.71,-57.8242,149.789,1003.55,-56.9201,157.731,0,0,0
001698:958.28,-70.5498,164.084,956.924,-74.2768,166.33,958.272,-67.8985,167.036,957.42,-78.6323,160.229,959.799,-61.7086,163.408,957.718,-78.6589,140.394,961.807,-49.513,150.729,956.455,-83.0498,117.894,961.126,-30.2754,155.472,949.861,-84.0526,100.653,961.873,-33.7664,177.191,969.543,-65.375,91.9375,969.194,-45.8414,94.4449,977.418,-71.5792,52.4713,974.35,-47.8424,52.9264,993.219,-76.3982,14.4196,980.313,-49.4486,12.7896,988.245,-47.6311,163.095,993.432,-48.6738,156.655,996.878,-54.7912,155.182,993.448,-54.0738,162.276,0,0,0
001699:957.204,-70.425,164.316,956.8,-74.3559,166.291,957.672,-67.9745,167.329,956.286,-78.5678,160.149,959.216,-61.9214,163.679,960.17,-78.7358,140.532,960.913,-49.7111,151.727,964.072,-83.1237,117.559,961.571,-30.7412,157.777,961.089,-83.9097,100.661,962.274,-33.1282,178.849,971.24,-65.0137,92.1966,972.191,-46.0805,95.158,977.037,-70.7743,52.6525,973.244,-47.6455,52.6942,991.633,-75.5103,13.7513,982.32,-50.0494,12.0472,981.377,-43.9536,164.832,992.252,-45.0802,158.337,1000.19,-51.6645,156.227,989.668,-50.6306,163.381,0,0,0
001700:956.257,-70.4082,164.688,955.068,-74.2435,166.893,956.19,-67.8344,167.634,956.405,-78.9063,160.497,959.009,-61.9971,163.787,957.322,-78.6686,140.531,962.962,-50.1686,151.268,956.815,-82.3095,117.715,964.57,-30.9842,156.976,948.21,-82.8353,99.8518,968.263,-33.3161,179.73,967.692,-64.9932,91.9567,968.31,-45.8468,94.6513,975.117,-70.7683,52.3092,973.697,-47.7077,52.7979,991.022,-75.4212,14.1433,980.018,-49.438,12.6489,987.529,-44.6072,165.236,992.593,-45.0588,158.564,997.775,-51.2021,156.355,994.097,-51.0264,163.717,0,0,0
001701:955.516,-70.3616,164.549,955.304,-74.3937,166.454,956.331,-67.9937,167.515,955.653,-78.9115,160.036,959.513,-62.3779,163.65,957.987,-78.7275,140.399,962.538,-50.5579,152.039,957.778,-81.9759,117.635,962.332,-31.749,159.546,950.678,-81.7094,101.147,959.925,-33.603,181.918,967.893,-64.6067,92.2739,970.847,-46.1441,95.4254,974.845,-70.0754,52.8167,973.042,-47.5333,52.8545,989.298,-74.1146,14.1611,981.289,-49.6838,12.5196,975.45,-42.9096,166.637,983.129,-43.4061,159.927,993.377,-50.1493,157.064,986.109,-49.8107,164.512,0,0,0
001702:954.454,-70.319,164.626,954.63,-74.4022,166.52,955.194,-67.9391,167.578,955.689,-79.0144,160.067,958.806,-62.3393,163.68,959.655,-78.9511,140.451,960.989,-50.4908,152.326,959.965,-82.2017,117.439,956.242,-31.6592,160.351,949.681,-81.8552,100.636,951.493,-33.5718,183.18,969.321,-64.6478,92.3864,971.066,-46.0925,95.6622,974.681,-69.9854,52.9035,973.181,-47.6617,52.9073,988.078,-73.5483,14.3524,984.353,-49.937,12.203,973.618,-42.9015,169.284,984.151,-43.5296,162.578,994.849,-50.342,159.672,984.549,-49.8655,167.171,0,0,0
001703:955.168,-70.4266,164.85,955.031,-74.4876,166.719,955.812,-68.0503,167.794,954.544,-78.9589,160.237,957.917,-62.4218,163.835,957.247,-78.9106,140.613,958.872,-50.6788,152.384,957.981,-82.0303,117.403,954.784,-32.1854,160.408,949.729,-81.6596,100.179,951.762,-33.7029,183.707,967.359,-64.9345,92.6164,969.197,-46.522,95.933,974.259,-69.8207,53.1491,972.959,-47.7694,53.2708,987.556,-73.1114,14.7266,983.202,-49.9651,13.0344,971.049,-41.6023,172.353,982.825,-42.6978,166.597,990.746,-48.5105,164.37,979.285,-47.5551,170.887,0,0,0
001704:953.603,-70.3366,164.663,953.401,-74.4385,166.48,954.383,-67.9716,167.618,953.088,-78.9053,160.07,957.259,-62.5488,163.622,956.848,-78.7327,140.607,959.608,-50.8577,152.198,962.379,-81.9568,118.38,955.39,-32.1814,160.156,959.627,-80.8606,103.398,948.899,-33.4458,183.339,967.607,-64.4506,92.4601,970.394,-46.2907,95.7418,973.806,-69.1794,52.911,973.935,-47.6649,52.8966,987.03,-72.4475,14.3766,983.849,-50.1163,12.4698,965.487,-41.0861,172.895,978.595,-42.3245,167.265,984.418,-48.1227,165.09,971.62,-46.9931,171.441,0,0,0
001705:953.704,-70.4361,164.699,953.647,-74.5175,166.518,954.661,-68.0863,167.615,953.325,-78.8944,160.12,957.945,-62.6793,163.628,957.433,-78.827,140.718,960.183,-51.0707,152.367,960.563,-82.5132,118.608,954.997,-32.3719,160.842,950.993,-82.2641,103.448,947.664,-33.4385,184.434,969.626,-64.6959,92.6961,972.553,-46.6921,96.0011,973.498,-68.9812,53.2466,974.386,-47.9966,53.2178,986.7,-71.6734,14.797,985.042,-50.0838,12.7646,966.824,-41.7088,175.904,983.008,-43.5365,170.416,989.234,-49.3966,168.684,973.377,-47.6763,174.949,875.652,-45.7648,281.377
001706:958.039,-71.0191,165.248,956.972,-75.0252,167.007,958.537,-68.6635,168.121,953.879,-78.9116,160.463,959.013,-62.8435,164.077,955.388,-78.294,141.022,958.512,-50.7607,152.889,960.381,-81.5096,118.425,950.86,-31.7918,161.72,963.66,-82.1231,102.63,949.191,-33.3454,186.353,967.782,-64.2345,93.0937,971.917,-46.4478,96.4045,971.406,-68.4622,53.7116,974.927,-47.825,53.4529,985.404,-71.1273,15.3477,985.193,-50.076,13.2083,992.029,-45.1193,181.737,1011.8,-48.4678,176.441,1027.73,-55.1234,176.121,1007.96,-51.7951,182.263,873.152,-45.2889,281.129
001707:954.824,-70.3943,164.893,954.339,-74.5222,166.624,956.378,-68.3177,167.78,954.235,-78.8272,160.226,958.306,-62.8405,163.796,957.353,-78.2822,140.97,959.639,-51.1656,153.062,961.1,-80.9487,118.059,956.42,-33.6496,162.943,959.975,-80.9412,102.356,946.924,-33.701,189.028,966.96,-63.3965,93.7998,968.843,-45.5915,97.3213,974.321,-68.2636,53.8522,974.932,-47.646,53.9588,985.695,-70.292,15.4264,985.296,-50.0065,13.3362,937.224,-35.7483,187.126,944.591,-37.5647,184.403,940.097,-39.8348,183.535,933.647,-38.1543,186.962,876.091,-45.1384,278.59
001708:952.622,-70.2856,164.731,952.063,-74.4775,166.411,953.222,-68.1865,167.601,952.491,-78.8142,160.234,954.59,-62.8056,163.766,958.94,-78.6986,141.046,955.641,-51.1128,153.017,965.48,-80.7677,117.646,948.921,-33.6142,162.18,966.493,-79.4886,102.479,946.497,-34.2888,188.164,971.077,-64.0429,93.3638,970.893,-46.1179,97.0751,974.979,-68.1403,53.6152,975.026,-47.7773,53.8015,983.985,-69.6856,15.5382,984.081,-50.1867,13.7396,973.788,-41.9077,192.976,992.216,-46.3177,191.156,998.942,-49.4939,192.601,980.811,-45.0936,195.185,879.106,-45.0005,275.34
001709:950.499,-70.3514,164.683,950.364,-74.5113,166.333,951.442,-68.2517,167.577,951.141,-78.4938,160.596,953.953,-62.8275,163.972,956.212,-78.2265,141.917,955.787,-51.0596,153.556,961.926,-80.7201,119.36,950.591,-34.4536,162.722,957.43,-79.612,106.445,947.046,-35.2429,188.981,967.781,-63.4793,94.9479,968.986,-45.8433,98.5016,971.423,-67.4083,54.8958,971.817,-47.6319,55.0562,984.036,-69.1877,16.0502,982.79,-50.0582,14.3221,972.11,-42.4871,199.267,987.397,-47.4819,199.386,993.87,-49.0894,202.157,979.02,-44.0706,202.807,879.382,-44.353,272.53
001710:949.803,-70.0096,165.008,949.545,-74.2672,166.629,951.006,-67.9476,167.929,950.457,-78.366,161.07,953.514,-62.7322,164.303,954.974,-78.5305,142.409,955.931,-51.1519,153.634,962.254,-81.0152,119.943,950.282,-34.8202,162.261,961.564,-79.1521,108.255,946.307,-35.2238,188.941,966.623,-63.854,94.9427,968.557,-46.1288,98.4698,971.338,-67.4178,54.6161,972.834,-47.7451,54.8058,982.184,-68.8827,15.7703,982.422,-50.1223,14.3322,967.595,-43.6181,206.481,979.59,-50.069,208.023,986.644,-50.944,212.749,975.405,-44.3804,211.972,882.277,-44.1885,270.308
001711:951.657,-70.1824,165.018,951.95,-74.5209,166.608,953.13,-68.1628,167.952,952.933,-78.5394,160.931,955.651,-62.9163,164.16,956.053,-78.7035,141.953,955.477,-51.134,152.931,959.089,-80.2497,118.521,944.29,-34.7259,160.19,949.117,-77.8742,106.253,938.07,-34.4031,186.184,965.45,-63.778,94.1102,966.119,-46.0815,97.5883,970.481,-67.2259,54.1158,969.029,-47.6312,54.561,981.293,-68.438,15.9804,980.17,-50.0955,14.8723,958.961,-44.3821,211.621,970.784,-52.6009,214.477,979.536,-53.0705,221.473,968.51,-44.5707,219.366,879.899,-43.7602,266.567
001712:950.67,-70.1834,165.005,950.92,-74.595,166.541,952.155,-68.2004,167.993,952.485,-78.5722,161.266,954.976,-63.0732,164.4,957.024,-78.9761,142.757,956.059,-51.2305,153.323,963.439,-80.1619,119.606,945.922,-35.1457,159.815,959.134,-76.6526,108.817,937.254,-34.4523,185.498,967.247,-63.974,95.1007,967.637,-46.2179,98.6133,973.017,-67.015,54.8411,971.017,-47.615,55.4578,981.352,-68.016,16.7445,979.463,-50.0692,16.0262,952.05,-44.7365,217.3,960.21,-53.9217,221.152,966.154,-53.6242,229.427,959.54,-44.1215,226.391,882.955,-43.6166,263.991
001713:951.638,-70.2072,164.643,951.844,-74.6136,166.149,953.147,-68.2617,167.624,953.76,-78.544,160.938,955.227,-63.1532,163.991,958.33,-79.1842,142.46,955.211,-51.2636,152.847,965.355,-80.417,119.135,944.204,-35.2128,158.996,962.049,-77.1622,108.498,934.879,-33.8249,184.862,967.602,-64.142,95.0646,966.628,-46.3913,98.6226,973.268,-66.792,54.8748,970.645,-47.7357,55.6316,983.651,-67.6254,16.6917,979.866,-50.1518,16.4246,945.189,-44.7101,221.543,951.463,-54.904,226.375,956.042,-53.7909,235.909,951.441,-43.2235,231.892,883.224,-42.9693,260.819
001714:951.451,-70.4134,164.812,952.133,-74.8391,166.328,953.156,-68.4879,167.796,953.995,-78.5292,161.059,955.337,-63.215,164.133,957.279,-78.8576,142.423,954.537,-51.1665,152.808,960.783,-79.4478,118.634,943.878,-35.4078,158.74,948.276,-76.0141,107.896,934.538,-33.9519,184.909,965.772,-63.6604,94.7398,964.541,-46.063,98.2919,972.372,-66.4623,54.4737,969.922,-47.692,55.2201,981.441,-66.7664,16.5893,980.514,-49.9487,16.0081,936.981,-44.2291,224.779,941.231,-54.8875,230.333,942.662,-52.9803,240.427,940.294,-41.9057,235.769,883.48,-43.0231,258.012
001715:950.571,-70.3986,164.398,950.974,-74.7996,165.892,952.159,-68.4985,167.403,952.667,-78.3658,160.968,954.039,-63.274,163.948,957.105,-78.9115,142.655,952.571,-51.2104,152.923,965.523,-80.1239,119.276,938.326,-36.0372,159.005,960.513,-77.1305,109.473,925.267,-34.5796,185.125,964.806,-63.4724,95.3573,963.119,-45.9109,98.9904,970.605,-65.9073,55.049,968.416,-47.4387,55.8652,978.808,-66.0073,17.0519,977.03,-49.7234,16.7737,929.696,-43.8148,227.304,933.894,-54.6234,233.787,934.967,-51.7706,244.152,932.621,-40.5635,238.575,886.471,-42.8679,255.404
001716:949.969,-70.4203,164.569,950.536,-74.8398,166.054,951.488,-68.5508,167.604,952.385,-78.4139,161.175,953.645,-63.4584,164.125,957.909,-79.0396,142.898,952.36,-51.5482,152.959,965.096,-80.0065,119.831,938.348,-36.8641,158.495,954.286,-76.0872,111.28,922.808,-35.1232,184.334,967.527,-63.6348,95.5854,965.005,-46.1773,99.2361,972.184,-65.615,55.069,969.179,-47.6521,56.0665,979.183,-65.5781,16.9675,977.299,-50.0655,16.8506,918.564,-42.4843,228.013,922.435,-53.2698,235.154,919.984,-49.499,245.426,917.985,-38.3203,239.246,886.753,-42.2177,252.578
001717:950.215,-70.4783,164.394,950.85,-74.9044,165.867,952.104,-68.6688,167.457,952.767,-78.4246,160.984,954.772,-63.6058,164.006,957.083,-78.8293,142.686,952.852,-51.5697,152.823,964.534,-79.7433,119.315,937.27,-36.7882,158.207,957.308,-76.0978,110.391,917.947,-34.3725,183.988,962.82,-63.0255,95.7024,961.171,-45.7996,99.3275,968.889,-65.0135,55.0485,966.687,-47.5145,56.0247,976.605,-65.2667,16.7824,975.628,-50.3828,16.6032,908.099,-40.2972,227.639,910.041,-50.778,234.988,905.876,-46.4521,244.73,905.687,-35.5479,238.678,889.749,-42.0623,249.597
001718:949.501,-70.7016,164.341,950.297,-75.059,165.822,951.378,-68.8657,167.421,952.442,-78.51,160.855,953.818,-63.8008,163.861,956.976,-78.8355,142.511,951.133,-51.866,152.636,965.009,-79.6767,119.064,931.506,-37.0884,157.64,957.076,-76.1273,110.106,908.248,-34.1105,182.943,962.491,-63.1634,96.019,960.511,-46.1576,99.6356,968.638,-64.7959,55.2993,968.979,-47.9637,56.1763,974.334,-64.5197,17.1147,977.701,-50.3004,16.518,895.498,-38.0963,225.531,896.66,-48.0407,233.103,891.007,-43.1323,242.973,891.494,-32.7887,236.153,890.043,-41.4092,247.119
001719:950.015,-70.7079,164.391,950.893,-75.0735,165.882,951.612,-68.8361,167.485,953.288,-78.5645,160.941,954.043,-63.7573,163.966,959.217,-79.0078,142.536,951.502,-51.7294,152.68,970.633,-80.3004,118.968,930.446,-36.6754,157.355,962.929,-76.6295,109.858,904.972,-33.4864,182.029,965.964,-63.2859,95.8857,962.917,-46.1412,99.5696,970.553,-64.6549,55.1683,969.811,-47.9763,56.1602,973.88,-64.075,17.1675,978.104,-50.4795,16.4399,887.867,-36.5232,222.53,887.073,-45.8307,229.846,879.948,-40.8341,239.192,882.543,-31.1723,232.608,874.194,-37.8573,242.465
001720:950.286,-70.7864,164.304,951.148,-75.0966,165.789,951.878,-68.9134,167.403,953.728,-78.6513,160.668,954.759,-63.9289,163.77,958.815,-78.8567,142.112,952.122,-52.1115,152.419,969.394,-79.9459,118.277,930.252,-37.3479,157.001,961.862,-76.4914,108.376,903.17,-33.9576,181.226,963.833,-63.0661,95.8663,961.337,-46.2137,99.5517,968.304,-64.2478,55.389,968.169,-47.9083,56.4205,971.376,-63.63,17.6184,976.701,-50.3332,16.8076,880.293,-34.7872,218.067,876.933,-42.9848,225.011,868.683,-37.773,233.426,873.736,-29.2537,227.153,861.537,-32.8237,235.988
001721:950.982,-70.8553,164.302,951.918,-75.2304,165.751,952.561,-69.0381,167.485,953.801,-79.0783,160.605,955.345,-64.3872,163.802,958.136,-79.1769,142.004,952.306,-52.8019,152.346,966.269,-79.4422,118.365,929.43,-38.3726,156.093,952.335,-73.696,109.627,899.61,-34.7401,179.078,965.133,-63.177,96.0101,962.308,-46.3422,99.8613,970.103,-63.7617,55.3011,967.739,-47.4086,56.8113,971.925,-63.0624,17.2507,974.923,-49.8503,17.0038,871.356,-32.5729,212.038,867.223,-39.475,218.907,853.997,-33.6204,225.963,859.874,-26.5046,219.63,841.088,-27.1627,231.904
001722:950.559,-71.0487,163.791,951.449,-75.3156,165.25,952.274,-69.217,166.989,953.661,-79.0447,160.106,955.321,-64.3922,163.354,958.979,-78.7961,141.493,952.863,-52.8321,151.952,967.966,-78.9468,117.893,931.337,-39.0218,155.494,958.159,-73.5542,109.304,898.777,-36.0274,177.936,965.459,-62.8091,95.9254,962.718,-46.1393,99.71,970.328,-63.6369,55.2752,968.259,-47.5349,56.6809,970.997,-62.6802,17.2387,975.409,-49.9327,16.4532,864.134,-30.9931,205.52,858.639,-36.4377,212.48,843.232,-29.8703,218.319,850.095,-24.281,211.843,828.706,-23.638,229.755
001723:953.12,-71.1563,163.771,953.512,-75.3974,165.272,954.95,-69.3062,166.96,953.627,-79.172,159.986,957.624,-64.5036,163.264,956.415,-78.7008,141.243,954.482,-53.0458,151.672,965.196,-79.0977,118.223,932.028,-39.1026,155.353,958.777,-73.5717,109.723,895.584,-36.3359,177.246,963.158,-62.8374,95.3249,963.468,-46.3123,99.002,966.653,-63.4525,55.0704,969.997,-47.6227,56.0675,967.711,-62.2496,17.2273,977.003,-50.0764,15.9391,858.005,-29.3051,198.491,852.544,-33.3397,204.638,834.658,-27.0223,208.926,841.229,-22.9336,203.204,811.394,-18.6247,229.327
001724:954.225,-71.7026,163.459,954.523,-75.7609,164.956,955.517,-69.7741,166.678,954.37,-79.3528,159.412,956.463,-64.6636,162.846,958.129,-78.2648,140.536,951.072,-53.3021,151.311,968.356,-78.1748,116.825,926.379,-40.1617,154.434,958.767,-73.1375,107.032,893.109,-38.3975,175.052,965.569,-62.504,95.2775,962.813,-46.3436,99.0821,970.062,-62.9261,54.7649,969.273,-47.8018,56.1663,969.292,-61.2827,16.9083,976.1,-49.9243,15.6294,852.408,-28.1967,190.517,845.584,-30.4054,195.834,825.483,-24.1166,198.45,833.541,-21.9302,193.507,796.97,-13.5181,227.731
001826:216.314,164.808,0.717144
