000366:1026.81,-48.2408,158.657,1028.67,-51.6778,161.399,1028.32,-45.1837,161.758,1034.55,-56.0328,157.386,1035.5,-39.7694,158.507,1036.49,-61.9049,137.205,1040.28,-30.6661,140.181,1037.21,-71.5132,110.534,1040.68,-18.1051,122.637,1021.74,-71.9664,92.6171,1018.81,-17.529,125.995,1032.61,-53.1509,87.5123,1037.66,-34.641,88.2709,1028.02,-50.1495,50.3473,1051.95,-36.1045,49.1158,1029.41,-49.9656,14.5483,1084.27,-41.6909,10.3121,1004.73,-18.6523,173.697,1007.38,-27.4901,183.8,1000.81,-20.5889,197.218,996.685,-11.2864,186.762,0,0,0
000367:1027.26,-48.3961,158.23,1029.28,-51.8357,160.933,1028.82,-45.3344,161.312,1035.54,-56.172,156.819,1036.05,-39.8971,157.967,1037.72,-62.0757,136.605,1040.25,-30.7196,139.738,1038.48,-72.005,110.255,1039.97,-17.8597,123.097,1020.01,-72.2719,92.9608,1019.54,-17.6152,127.806,1032.98,-53.2651,86.976,1037.14,-34.7297,87.83,1028.39,-50.2026,49.9953,1051.17,-36.1455,48.8451,1029.79,-49.996,14.3434,1084.51,-41.9762,10.2466,1005.23,-19.1322,174.582,1008.24,-28.0946,184.482,1001.74,-21.3559,197.898,997.399,-11.9343,187.636,0,0,0
000368:1028.9,-48.6897,157.843,1030.46,-52.0993,160.556,1030.14,-45.6289,160.936,1035.47,-56.2663,156.529,1036.26,-40.0383,157.735,1037.15,-61.9187,136.464,1040.15,-30.7541,139.689,1037.74,-71.5862,109.937,1041.41,-17.8096,123.074,1020.58,-72.1081,92.1948,1021.98,-17.3549,127.63,1034.45,-53.2796,86.791,1039.17,-34.9042,87.6192,1028.52,-50.2132,49.8241,1053.06,-36.4391,48.4806,1028.34,-49.8543,14.3268,1084.46,-42.1114,9.97564,1008.18,-19.6127,175.344,1011.16,-28.7837,185.021,1003.84,-22.2972,198.575,999.59,-12.6622,188.58,0,0,0
000369:1030.5,-49.0059,157.592,1031.97,-52.3889,160.281,1031.5,-45.9309,160.668,1036.36,-56.3792,156.278,1036.49,-40.1609,157.504,1037.88,-61.8187,136.369,1039.56,-30.7047,139.567,1038.99,-71.3047,110.028,1042.15,-17.5092,123.018,1022.1,-71.8342,92.6824,1025.02,-16.9647,127.562,1035.55,-53.3295,86.914,1040.08,-35.0603,87.6547,1027.64,-50.3983,50.1745,1053.13,-36.8386,48.6329,1025.64,-49.8951,15.0161,1085.39,-42.4867,10.095,1009.07,-20.262,176.165,1009.93,-29.6833,185.662,1002.31,-23.4514,199.509,1000.3,-13.5527,189.733,0,0,0
000370:1030.52,-49.0773,157.502,1031.83,-52.4399,160.204,1031.42,-45.9772,160.552,1035.65,-56.3892,156.117,1035.9,-40.1838,157.318,1036.63,-61.8447,136.114,1038.3,-30.8125,139.419,1038.85,-71.7131,109.682,1038.68,-17.489,123.43,1023.23,-73.0155,91.7769,1020.44,-17.1326,128.781,1034.54,-53.4582,86.4905,1038.84,-35.2328,87.2558,1027.76,-50.6375,49.7619,1052.55,-37.0705,48.2323,1027.39,-50.047,14.5596,1085.37,-42.6093,9.79222,1007.87,-20.8816,176.817,1010.43,-30.4939,186.132,1003.23,-24.5255,200.019,999.36,-14.4142,190.432,0,0,0
000371:1030.9,-49.1923,156.958,1032.2,-52.5469,159.641,1032.01,-46.1293,159.985,1036.04,-56.4759,155.479,1036.59,-40.3931,156.697,1036.17,-61.7812,135.53,1039.27,-31.0968,138.845,1036.23,-71.3361,109.307,1042.75,-17.4793,123.151,1019.23,-72.4364,91.6321,1025.32,-16.7952,129.068,1033.76,-53.5604,86.1742,1038.91,-35.5489,86.899,1026.41,-50.7182,49.8873,1053.34,-37.344,48.1786,1026.92,-49.996,14.9573,1087.61,-42.6902,9.98677,1009.52,-21.4542,177.129,1011,-31.3785,186.208,1003.41,-25.6885,200.322,1000.62,-15.2301,190.987,0,0,0
000372:1032.11,-49.2618,156.625,1033.52,-52.5752,159.285,1033.24,-46.1852,159.62,1037.2,-56.3951,155.139,1037.71,-40.4052,156.299,1037.21,-61.6888,135.367,1040.07,-31.1679,138.535,1038.48,-71.4147,109.535,1042.74,-17.6548,122.989,1020.83,-72.4509,92.5928,1024.51,-17.1637,129.188,1034.5,-53.7288,86.2347,1039.98,-35.8593,86.8745,1024.98,-50.7502,50.1021,1053.21,-37.6711,48.2338,1026.75,-50.2057,15.0526,1090.06,-43.1915,9.79985,1011.51,-22.4037,177.545,1013.7,-32.5159,186.59,1007.16,-26.9388,200.872,1003.52,-16.2956,191.551,0,0,0
000373:1031.76,-49.2447,156.155,1033.14,-52.5843,158.787,1032.93,-46.2241,159.115,1036.93,-56.5416,154.559,1037.58,-40.6232,155.722,1037.49,-61.9006,134.756,1040.17,-31.5237,138.157,1038.75,-71.6564,108.974,1041.22,-17.5862,123.503,1020.46,-72.9548,91.8264,1022.78,-16.9221,130.701,1035.94,-53.8913,85.7091,1040.95,-36.0127,86.4742,1027.4,-51.1713,49.8511,1053.67,-37.6354,48.139,1028.05,-50.4361,15.2135,1087.33,-42.5819,10.3899,1013.25,-23.284,177.99,1016.03,-33.7989,186.653,1011.35,-28.8245,201.132,1007.28,-17.766,192.195,0,0,0
000374:1030.94,-49.5033,155.874,1032.28,-52.833,158.486,1032.01,-46.4931,158.834,1035.99,-56.7066,154.307,1036.36,-40.7711,155.522,1036,-61.8789,134.627,1039.09,-31.5233,138.129,1036.27,-71.2725,108.817,1041.01,-17.5555,123.627,1016.22,-72.3027,91.8447,1024.63,-17.2727,131.04,1034.53,-53.7684,85.763,1039.54,-35.9288,86.4968,1026.01,-51.3329,49.9149,1052.43,-37.8563,48.115,1025.63,-50.5231,15.4822,1086.04,-42.8453,10.2872,1015.45,-24.5913,178.804,1019.02,-35.2896,187.421,1014.7,-30.4867,202.015,1009.6,-19.2243,193.138,0,0,0
000375:1030.88,-49.4681,155.541,1031.95,-52.7962,158.158,1031.59,-46.4588,158.485,1035.09,-56.6446,154.04,1035.19,-40.7506,155.242,1035.46,-61.8438,134.459,1037.75,-31.5506,138.027,1038.07,-71.421,108.628,1039.92,-17.3322,123.974,1021.97,-72.8517,91.2142,1025.86,-16.8244,131.673,1034.64,-53.9107,85.4769,1039.25,-36.091,86.282,1026.08,-51.5708,49.792,1052.32,-37.8755,47.9722,1025.8,-50.7121,15.4605,1086.07,-42.5533,10.3706,1018.43,-25.2559,179.124,1022.16,-36.1592,187.434,1017.84,-31.7514,202.075,1012.52,-20.2841,193.533,0,0,0
000376:1029,-49.4491,155.344,1030.5,-52.7872,157.906,1030.23,-46.4679,158.263,1035.06,-56.6904,153.644,1035.33,-40.7814,154.887,1035.96,-61.8759,133.914,1038.79,-31.4747,137.581,1037.59,-71.5576,108.36,1039.04,-16.7767,124.012,1019.78,-73.0165,91.488,1021.15,-16.3921,132.478,1033.83,-53.6976,85.1553,1038.41,-35.7689,85.9288,1026.08,-51.7499,49.7555,1051.36,-37.6103,47.9464,1026.53,-51.2178,15.6185,1084.66,-42.5164,10.6243,1018.14,-26.0274,179.142,1023.75,-37.2593,187.325,1021.75,-33.1532,202.223,1014.4,-21.3091,193.756,0,0,0
000377:1027.69,-49.6991,154.891,1029.36,-53.0345,157.432,1029.26,-46.7882,157.799,1035.03,-57.0191,153.126,1036.32,-41.3608,154.384,1036.62,-62.1016,133.542,1042.18,-32.3738,137.243,1038.31,-71.4018,108.067,1044.46,-17.7355,123.983,1018.89,-72.3986,91.5979,1023.57,-17.0204,133.029,1034.91,-54.1246,85.0978,1041.22,-36.5908,85.8375,1022.57,-51.6793,50.0789,1051.59,-38.2581,48.0501,1024.33,-51.0266,15.9736,1086.62,-42.9279,10.6435,1018.21,-26.9557,179.59,1023.94,-38.3439,187.612,1021.47,-34.4084,202.516,1013.9,-22.3977,194.217,0,0,0
000378:1028.65,-49.6428,154.836,1029.9,-52.9947,157.367,1030.06,-46.765,157.733,1034.55,-57.0198,153.033,1036.41,-41.3123,154.329,1035.22,-61.9941,133.393,1041.95,-32.2734,137.283,1036.14,-71.0783,107.726,1046.52,-17.5908,124.462,1017.76,-72.1531,90.8573,1028.56,-17.2762,134.072,1033.84,-53.8309,84.8138,1040.22,-36.2308,85.5697,1023.39,-52.0152,49.837,1050.03,-38.1296,47.8934,1025.3,-51.4786,15.9043,1081.95,-42.8176,10.9124,1017.7,-28.1069,180.162,1023.35,-39.5863,187.957,1019.84,-35.9388,202.735,1012.49,-23.8286,194.732,0,0,0
000379:1029.19,-50.1572,154.601,1030.88,-53.5022,157.08,1030.85,-47.2915,157.497,1036.14,-57.4577,152.704,1036.9,-41.7421,154.072,1036.32,-62.2781,133.13,1040.66,-32.4982,137.145,1035.6,-71.1882,107.717,1040.76,-17.6519,124.785,1014.46,-72.0073,91.4212,1021.67,-17.5381,134.807,1032.05,-53.9263,85.0183,1037.48,-36.3427,85.8303,1023.02,-52.1377,50.0336,1050.1,-38.2112,48.0755,1023.89,-51.7478,16.2065,1084.42,-43.1028,10.8811,1017.57,-28.997,180.238,1023.53,-40.6385,187.901,1021.39,-37.1424,202.802,1013.46,-24.8715,194.898,0,0,0
000380:1029.31,-50.4513,154.512,1030.76,-53.812,156.961,1030.89,-47.6203,157.417,1035.74,-57.7377,152.656,1036.83,-42.0048,154.088,1035.3,-62.3614,133.118,1041.29,-32.5181,137.315,1034.04,-70.9973,107.784,1044.86,-17.3747,125.271,1013.38,-71.8377,91.6789,1029.12,-17.5116,135.464,1031.28,-53.6383,85.0147,1037.16,-35.9858,85.8089,1022.45,-52.4552,50.1022,1048.65,-38.1341,48.1126,1025.02,-52.1644,16.2521,1082.47,-42.9426,10.8787,1021.79,-30.1851,180.77,1027.51,-41.9569,188.213,1024.33,-38.7818,203.088,1016.65,-26.383,195.453,0,0,0
000381:1028.89,-50.3712,154.241,1030.45,-53.7399,156.672,1030.65,-47.5654,157.114,1035.89,-57.7551,152.252,1037.71,-42.1336,153.669,1036.27,-62.5169,132.679,1043.45,-32.8994,136.932,1035.68,-71.4669,107.436,1045.48,-17.4642,125.426,1013.77,-72.4253,91.4396,1025.31,-17.2318,136.318,1033.65,-54.0559,84.5744,1040.83,-36.5647,85.3534,1021.45,-52.4626,49.9224,1051.98,-38.5807,47.6317,1022.56,-52.1985,16.2304,1086.21,-43.4516,10.4355,1022.66,-31.435,180.974,1029.33,-43.4739,188.125,1028.28,-40.7241,203.132,1019.57,-28.0273,195.759,0,0,0
000382:1029.81,-50.6861,154.186,1031.34,-54.0755,156.582,1031.19,-47.8874,157.065,1036.48,-58.1577,152.122,1037.52,-42.4043,153.61,1037.71,-62.9116,132.469,1042.13,-32.9739,136.961,1039.74,-71.7276,106.974,1041.26,-17.4032,125.787,1018.4,-72.3567,90.9806,1022.01,-17.6972,136.963,1034.92,-54.0919,84.5781,1040.65,-36.3734,85.4461,1022.66,-52.7935,50.0848,1051.93,-38.5139,47.8874,1022.3,-52.5245,16.6909,1085.59,-43.5874,10.7787,1023.83,-32.6805,180.875,1031.74,-44.8284,188.004,1030.58,-42.1682,202.988,1020.59,-29.3682,195.645,0,0,0
000383:1029.31,-51.1058,154.154,1030.95,-54.4505,156.53,1030.78,-48.3007,157.035,1036.16,-58.2986,152.088,1036.95,-42.6249,153.644,1037.06,-62.6821,132.505,1041.37,-33.0287,137.097,1037.44,-71.2144,107.19,1041.39,-17.5895,126.167,1013.52,-71.9701,91.5798,1022.32,-18.2218,137.438,1034.36,-53.9057,84.6166,1040.41,-36.3962,85.4394,1021.71,-52.7906,50.0789,1052.47,-38.805,47.6724,1021.13,-52.5791,16.691,1087.27,-43.9623,10.2991,1024.9,-33.9176,180.927,1032.33,-46.0449,187.892,1032.15,-43.5762,202.857,1022.6,-30.7729,195.719,0,0,0
000384:1029.05,-51.2958,154.19,1030.72,-54.6492,156.562,1030.81,-48.5096,157.085,1035.94,-58.4819,152.117,1037.31,-42.8092,153.731,1035.94,-62.7725,132.479,1042,-33.1002,137.232,1035.53,-71.1786,107.065,1043.13,-17.3209,126.788,1012.1,-71.8266,91.2677,1026.15,-18.2304,138.591,1032.27,-53.966,84.6071,1038.96,-36.4202,85.4537,1020.47,-53.0297,50.186,1050.64,-38.7138,47.8164,1020.73,-52.8636,16.7903,1085.62,-43.8165,10.5236,1025.82,-34.9129,180.85,1032.15,-47.1064,187.475,1032.44,-45.0161,202.394,1024.02,-32.132,195.639,0,0,0
000385:1031.57,-51.8361,154.345,1032.61,-55.189,156.683,1032.94,-49.0587,157.248,1035.24,-58.8832,152.199,1037.18,-43.2152,153.885,1033.29,-62.8583,132.574,1039.82,-33.2209,137.496,1033.39,-70.8672,107.158,1039.07,-17.0163,127.276,1015.97,-71.7859,91.1722,1022.08,-17.9386,139.025,1030.79,-53.8181,84.8281,1038.63,-36.3418,85.6059,1020.64,-53.2867,50.295,1053.87,-39.0814,47.6248,1018.59,-52.9575,17.1562,1087.6,-44.0842,10.2233,1027.1,-36.2584,180.803,1034.02,-48.6449,187.065,1035.36,-47.0969,202.043,1026.35,-34.0012,195.662,0,0,0
000386:1030.02,-51.9745,154.607,1031.91,-55.3769,156.921,1031.76,-49.223,157.506,1037.36,-59.2758,152.334,1038.18,-43.5074,154.06,1037.33,-63.3245,132.615,1042.55,-33.6517,137.649,1036.89,-71.1074,106.979,1043.17,-17.6576,127.453,1014.6,-71.754,90.9753,1027.57,-18.9548,139.385,1032.14,-54.0733,84.758,1038.15,-36.4933,85.6439,1021.97,-53.6968,50.0811,1050.99,-39.1242,47.7305,1019.6,-53.5209,16.9398,1083.44,-43.9758,10.4229,1028.4,-37.4213,180.926,1034.48,-49.8035,187.008,1036.34,-48.4877,201.919,1028.16,-35.3829,195.755,0,0,0
000387:1030.91,-52.3075,154.5,1032.3,-55.7441,156.782,1032.26,-49.5877,157.411,1036.25,-59.657,152.163,1037.55,-43.9026,153.964,1035.56,-63.5778,132.432,1041.7,-33.9441,137.699,1036.83,-71.2601,106.751,1041.53,-17.5739,128.004,1017.31,-71.886,90.7052,1027.95,-18.8476,140.152,1032.94,-54.113,84.5162,1039.94,-36.5594,85.4504,1022.01,-53.7645,49.8971,1053.87,-39.2512,47.3572,1019.38,-53.5444,16.7858,1087,-44.1055,9.88285,1032.37,-38.748,180.763,1038.54,-51.2545,186.417,1041.21,-50.5046,201.265,1032.95,-37.2584,195.549,0,0,0
000388:1029.92,-52.7331,154.764,1031.66,-56.1642,157.018,1031.78,-50.0432,157.679,1036.55,-60.0821,152.377,1038,-44.3863,154.23,1035.2,-63.8979,132.694,1042.86,-34.3906,138.047,1033.83,-71.3206,107.277,1042.16,-17.8742,128.842,1013.7,-71.8557,91.4267,1025.32,-19.3187,141.404,1031.46,-54.443,85.0564,1038.69,-36.8707,86.0121,1023.39,-54.349,50.3897,1053.01,-39.2503,48.0561,1021.99,-54.4748,17.1757,1084.61,-43.8323,10.8429,1031.05,-39.9123,180.66,1037.09,-52.5008,185.934,1040.63,-52.1447,200.723,1032.33,-38.8188,195.398,0,0,0
000389:1029.8,-53.1536,155.023,1031.43,-56.6007,157.274,1031.52,-50.4513,157.975,1036.22,-60.4531,152.718,1037.84,-44.6817,154.652,1035.37,-64.1628,133.03,1042.97,-34.4448,138.502,1035.46,-71.4451,107.33,1043.44,-17.7642,129.177,1016.72,-71.9487,91.0979,1027.94,-19.3449,141.347,1031.82,-54.5938,85.0816,1039.32,-36.8978,86.0674,1021.82,-54.5642,50.3382,1052.79,-39.2104,47.8838,1019.41,-54.7704,17.0824,1084.46,-43.7569,10.4243,1034.46,-41.0019,180.427,1040.57,-53.6414,185.438,1043.93,-53.5727,200.18,1035.64,-40.208,195.159,0,0,0
000390:1030.73,-53.652,155.228,1032,-57.0663,157.6,1032.19,-50.966,158.193,1035.21,-60.7951,152.734,1037.02,-45.1352,154.734,1034.1,-64.4316,133.093,1039.9,-34.7437,138.179,1031.26,-70.8866,107.329,1032.57,-17.5005,129.651,1016.6,-72.0851,89.5327,1022.59,-20.0735,142.263,1029.87,-54.6338,84.9825,1036.46,-36.9011,85.936,1019.15,-54.5478,50.1661,1050.28,-39.0354,48.4082,1022.84,-56.0331,17.0727,1082.97,-43.6269,10.8823,1033.92,-42.0948,180.044,1038.79,-54.4131,184.395,1048.42,-55.6235,198.943,1040.44,-42.4264,195.08,0,0,0
000391:1028.23,-53.6563,155.351,1029.89,-57.1296,157.581,1029.69,-50.9798,158.322,1034.84,-61.0151,153.091,1035.77,-45.1914,155.108,1034.55,-64.6196,133.417,1041.03,-34.7673,139.145,1035.05,-71.5908,107.701,1039.97,-17.7779,130.301,1016.25,-71.9515,91.3769,1025.94,-19.8197,142.421,1032.25,-54.8132,85.3916,1038.49,-36.9104,86.5042,1023.23,-55.2661,50.6624,1050.61,-39.0956,48.4655,1020.94,-55.5439,17.4516,1080.15,-43.242,11.2118,1034.82,-42.9967,179.536,1041.93,-55.7622,183.879,1047.3,-56.5834,198.473,1038.07,-43.0905,194.171,0,0,0
000392:1029.15,-54.3283,155.565,1030.56,-57.7657,157.775,1030.38,-51.6178,158.564,1034.2,-61.4675,153.242,1034.99,-45.5913,155.379,1033.27,-64.745,133.488,1038.83,-34.9018,139.512,1033.74,-71.3614,107.631,1037.83,-18.3296,131.082,1016.55,-71.7801,91.1746,1025.77,-21.4567,143.455,1031.48,-54.7437,85.5366,1037.84,-36.79,86.6759,1022.13,-55.4925,50.8361,1050.62,-39.0407,48.5228,1019.24,-55.9671,17.7201,1080.16,-43.3482,11.1472,1037.73,-44.606,179.132,1045.14,-57.2194,183.3,1050.39,-58.1246,197.616,1040.75,-44.78,193.527,0,0,0
000393:1028.53,-54.6922,155.62,1030.19,-58.1541,157.797,1029.96,-52.0454,158.631,1034.29,-61.9015,153.258,1034.83,-46.1196,155.481,1033.36,-65.0493,133.583,1038.09,-35.4462,139.746,1033.15,-71.3992,107.732,1035.6,-18.8859,131.689,1015.44,-71.7026,91.1109,1024.51,-21.7329,144.07,1029.88,-54.9381,85.7259,1035.71,-37.0895,87.0101,1023.34,-55.6575,50.8469,1050.68,-38.8997,48.7339,1019.48,-56.4628,17.7182,1080.8,-43.1294,11.4237,1037.75,-45.3095,178.861,1044.41,-57.9981,182.568,1051.33,-59.3756,196.826,1042.45,-45.9609,193.214,0,0,0
000394:1028.38,-55.2748,155.837,1030.13,-58.7008,158.009,1029.94,-52.583,158.899,1033.97,-62.2598,153.544,1034.29,-46.4281,155.835,1032.35,-65.2087,133.853,1036.57,-35.4225,140.14,1031.7,-71.6119,108.105,1032.34,-18.9815,132.144,1016.09,-72.2441,91.7548,1019.38,-22.4378,144.373,1027.9,-54.8811,86.0272,1033.82,-36.9362,87.3048,1022.4,-55.7852,50.8533,1049.85,-38.7867,48.6995,1019.21,-56.9971,17.3793,1080.05,-43.2487,11.0153,1038.3,-46.7169,178.457,1045.83,-59.3963,182.128,1053.79,-60.8357,196.369,1043.75,-47.4182,192.775,0,0,0
000395:1029.15,-55.5606,156.133,1030.91,-59.0262,158.251,1030.69,-52.9213,159.192,1034.67,-62.6471,153.661,1035.53,-46.8873,156.068,1033.27,-65.512,133.924,1037.96,-35.7731,140.447,1034.1,-71.7748,108.092,1032.81,-18.609,132.99,1019.82,-72.2196,91.3913,1019.15,-21.541,145.54,1028.5,-55.0076,86.3286,1034.76,-37.0918,87.7047,1022.12,-55.768,51.3714,1050.37,-38.6168,49.2641,1018.29,-57.2305,18.0441,1080.05,-43.1488,11.7696,1037.09,-46.9697,177.749,1044.23,-59.7229,180.653,1053,-61.9088,194.725,1043.55,-48.4131,191.912,0,0,0
000396:1030.27,-55.9441,156.215,1031.88,-59.4694,158.328,1031.73,-53.3178,159.296,1035.48,-63.2221,153.713,1036.41,-47.3325,156.164,1033.64,-66.0763,133.959,1039.52,-36.1777,140.629,1033.68,-71.8915,108.048,1036.79,-18.9906,133.284,1021.95,-71.9201,91.2214,1024.45,-22.2339,145.889,1029.21,-55.3338,86.2681,1035.84,-37.2522,87.7087,1022.49,-56.1748,51.242,1050.13,-38.6388,49.2075,1017.54,-57.3564,17.9673,1077.61,-42.7676,11.8005,1037.9,-47.7699,177.37,1044.33,-60.4061,179.909,1052.51,-62.9486,193.704,1043.88,-49.5936,191.3,0,0,0
000397:1029.09,-56.2205,156.49,1030.55,-59.7439,158.588,1030.69,-53.6016,159.566,1033.44,-63.4354,153.897,1035.18,-47.5533,156.413,1031.23,-66.1025,134.103,1038.87,-36.3223,140.956,1031,-71.6241,108.186,1036.7,-18.9747,134.108,1017.8,-71.5996,91.198,1022.21,-22.3889,147.099,1029.43,-55.4961,86.2737,1037.18,-37.3736,87.6978,1022.52,-56.5795,51.2454,1051.11,-38.6816,49.0975,1018.73,-57.8486,17.8505,1076.73,-42.5221,11.752,1037.05,-48.4,176.618,1043.89,-60.9902,178.649,1051.73,-63.9772,192.15,1042.69,-50.6883,190.299,0,0,0
000398:1030.37,-56.2642,156.664,1031.46,-59.8659,158.717,1031.87,-53.7447,159.732,1033.83,-63.8281,153.856,1036.57,-47.9933,156.451,1031.83,-66.4913,133.95,1040.66,-36.9214,141.026,1033.12,-71.6687,107.747,1040.21,-19.463,134.471,1022.92,-71.5024,90.1479,1026.67,-22.4459,147.597,1029.95,-55.4988,86.0454,1038.4,-37.4108,87.5376,1021.58,-56.7802,51.2442,1051.6,-38.507,49.0459,1016.83,-58.5607,18.1171,1077.44,-42.4387,11.878,1038.27,-49.0257,176.289,1045.55,-61.6252,177.769,1052.42,-65.1151,190.946,1042.99,-51.7911,189.642,0,0,0
000399:1031.04,-56.8507,156.637,1032.19,-60.4054,158.689,1032.37,-54.2588,159.737,1034.13,-64.1334,153.876,1036.02,-48.2199,156.498,1031.98,-66.6363,133.984,1038.86,-36.8296,141.07,1032.76,-71.7541,107.929,1037.58,-19.2325,134.394,1023.69,-71.6189,90.7168,1024.29,-22.6183,147.333,1029.86,-55.7323,86.2621,1037.51,-37.5063,87.7302,1022.25,-57.1428,51.3024,1051.88,-38.685,49.0751,1016.99,-58.9098,18.0254,1077.47,-42.5079,11.6251,1039.94,-49.6749,175.591,1047.98,-62.3611,177.099,1054.63,-65.8157,190.394,1044.32,-52.4078,189.055,0,0,0
000400:1030.44,-57.5236,156.784,1031.73,-61.0463,158.827,1032.13,-54.9434,159.903,1033.86,-64.5575,154.077,1036.42,-48.7649,156.808,1031.33,-66.6995,134.279,1039.43,-37.1722,141.649,1032.18,-71.699,108.217,1035.61,-19.4749,135.743,1024.58,-72.0823,90.6003,1019.41,-22.9114,148.953,1028.51,-55.7631,86.5984,1037.11,-37.6923,88.1133,1021.06,-57.2874,51.5357,1051.32,-38.6626,49.2529,1015.53,-59.2529,18.1765,1075.28,-42.2436,11.8453,1037.35,-50.2099,175.25,1045.32,-62.6643,176.245,1054.37,-66.5984,189.147,1044.04,-53.439,188.38,0,0,0
000401:1032.1,-58.2468,156.843,1033,-61.7258,158.884,1033.61,-55.6456,159.992,1034.08,-65.0332,154.145,1037.05,-49.2335,156.982,1031.03,-66.8913,134.359,1040.24,-37.3927,141.946,1032.33,-71.6951,108.164,1039.06,-19.8161,136.275,1027.36,-72.4632,90.119,1027.16,-23.9218,149.5,1029.4,-55.8597,86.6487,1038.35,-37.704,88.1961,1022.65,-57.6775,51.4529,1052.83,-38.5438,49.1604,1013.79,-59.6002,18.3157,1073.83,-41.79,11.8178,1041.8,-51.1975,174.447,1048.87,-63.446,175.086,1055.66,-67.4915,187.646,1046.37,-54.5869,187.298,0,0,0
000402:1032.89,-58.7496,157.089,1033.92,-62.2475,159.101,1034.46,-56.137,160.234,1034.33,-65.4735,154.212,1037.49,-49.6398,157.13,1030.07,-67.0506,134.274,1039.05,-37.6039,142.061,1029.39,-71.4988,108.2,1035,-19.6364,136.997,1024.22,-72.0489,90.21,1021.91,-23.758,150.672,1027,-55.9569,86.548,1036.55,-37.8149,88.1154,1020.66,-57.8971,51.5219,1052.63,-38.5728,49.0804,1011.75,-59.8316,18.5212,1074.63,-41.8647,11.7735,1042.5,-51.7086,173.549,1050.14,-63.9512,173.666,1059.14,-68.5802,186.016,1049.24,-55.6628,186.215,0,0,0
000403:1031.66,-59.114,156.91,1032.58,-62.6412,158.899,1033.28,-56.5384,160.065,1033.25,-65.9641,154.026,1036.84,-50.1443,156.994,1029.69,-67.5115,134.147,1039.77,-38.1794,142.131,1029.48,-71.5978,107.948,1036.81,-20.3026,137.416,1023.93,-71.7651,89.7886,1023.84,-24.6604,151.195,1028.06,-56.3326,86.4855,1038.13,-38.1964,88.1217,1021.16,-58.3099,51.5004,1054.39,-38.8828,48.9808,1012.06,-60.1758,18.5063,1076.06,-41.9957,11.6469,1043.39,-52.4629,172.761,1051.9,-64.579,172.428,1059.84,-69.5607,184.392,1048.88,-56.7795,185.081,0,0,0
000404:1029.59,-59.6402,157.061,1030.64,-63.1294,159.026,1031.36,-57.0615,160.235,1032.03,-66.3339,154.093,1035.22,-50.4956,157.182,1029.42,-67.7249,134.21,1038.89,-38.3536,142.426,1028.71,-71.7224,107.913,1039.43,-20.3742,138.092,1022.58,-72.1158,89.3661,1028.42,-24.8095,152.082,1027.91,-56.702,86.6533,1037.23,-38.4228,88.3944,1020.8,-58.7483,51.6186,1052.33,-38.6082,49.2708,1012.47,-61.1216,18.4125,1074.09,-41.584,11.867,1047.86,-53.3953,172.011,1056.38,-65.4579,171.169,1062.63,-70.6087,182.856,1051.56,-57.9152,184.078,0,0,0
000405:1026.48,-59.6936,157.064,1027.93,-63.2219,158.988,1028.78,-57.168,160.227,1030.18,-66.4978,153.913,1033.55,-50.675,157.094,1027.46,-67.7111,133.99,1037.35,-38.4756,142.629,1026.32,-71.5407,107.846,1035.57,-20.5305,139.542,1017.71,-71.6854,89.7544,1021.24,-25.2133,154.546,1025.11,-56.3541,86.747,1034.91,-38.1013,88.6063,1017.84,-58.5902,51.7327,1049.33,-38.1835,49.395,1013.26,-61.4827,18.0583,1075.92,-41.567,11.3897,1046.68,-53.9064,171.525,1055.14,-65.4828,170.226,1063.74,-70.9639,181.172,1052.45,-58.7428,182.864,0,0,0
000406:1026.59,-60.2478,157.104,1027.77,-63.7714,159.033,1028.74,-57.7354,160.268,1029.31,-66.9517,154.067,1032.7,-51.1385,157.295,1026.66,-68.0025,134.314,1036.53,-38.8797,143.101,1026.44,-71.5291,108.107,1036.68,-21.0652,140.507,1020.5,-71.7199,89.4703,1027.11,-25.9006,155.53,1025.77,-56.8632,86.8766,1035.42,-38.5691,88.8378,1019.06,-59.2461,51.738,1049.79,-38.3568,49.4512,1012.62,-61.9406,18.1397,1074.62,-41.159,11.5722,1050.55,-54.3778,170.371,1057.48,-65.5627,168.646,1066.18,-71.3226,179.056,1056.62,-59.583,181.282,0,0,0
000407:1026.53,-60.296,157.277,1027.28,-63.7423,159.382,1028.04,-57.6621,160.44,1030.44,-67.162,154.265,1032.88,-51.1135,157.334,1028.17,-68.3581,134.331,1038.27,-38.8716,142.608,1023.74,-71.3185,108.126,1034.73,-19.979,139.522,1013.36,-70.6083,88.7275,1029.49,-25.3854,155.203,1026.86,-57.1239,86.7188,1035.62,-38.4635,88.5837,1018.31,-59.2664,51.4947,1049.32,-38.0069,49.8895,1015.67,-62.8484,18.1131,1073.33,-40.7939,11.9514,1054.91,-55.2636,170.053,1058.22,-66.0197,168.075,1067.55,-72.1209,178.588,1061.74,-60.8268,181.448,0,0,0
000408:1025.99,-60.9356,157.185,1026.98,-64.4226,159.248,1027.4,-58.3166,160.362,1030.42,-67.9051,154.031,1032.05,-51.7545,157.241,1029,-68.9563,134.034,1036.57,-39.302,142.758,1026.53,-71.7575,107.612,1028.72,-20.1408,140.368,1014.64,-70.5932,88.1966,1020.69,-25.5389,156.349,1028.16,-57.352,86.7724,1036,-38.5876,88.8187,1018.1,-59.4247,51.6832,1048.23,-37.9658,50.22,1015.79,-63.1368,18.2804,1073.56,-41.009,12.142,1055.99,-55.7399,169.449,1060.86,-66.2334,167.194,1070.89,-72.4379,177.234,1063.43,-61.4215,180.387,0,0,0
000409:1026.7,-61.1251,157.006,1027.89,-64.669,159.061,1028.47,-58.5987,160.162,1031.49,-68.2825,153.855,1033.4,-52.1948,157.084,1029.52,-69.1829,134,1037.67,-39.8672,142.844,1026.46,-71.6296,107.731,1031.35,-21.023,140.964,1014.62,-70.2835,88.2903,1025.76,-26.4143,157.233,1026.13,-57.3301,86.8561,1034.2,-38.6617,88.94,1017.3,-59.7412,51.6977,1047.79,-37.9341,50.1979,1015.58,-63.8353,18.2223,1075.04,-40.8828,11.9611,1059.88,-56.0686,169.362,1065.15,-66.3021,166.708,1076.07,-72.8428,176.235,1067.89,-62.0936,179.793,0,0,0
000410:1027.48,-61.6511,156.993,1028.05,-65.1848,159.021,1028.76,-59.1298,160.155,1029.61,-68.7388,153.777,1031.65,-52.6771,157.095,1026.58,-69.3875,133.957,1034.24,-40.2079,143.128,1023.31,-71.48,107.67,1028.59,-21.4022,141.811,1011.74,-69.9242,88.1658,1027.25,-26.9569,158.313,1024.86,-57.3527,87.0168,1032.52,-38.6689,89.2412,1017.71,-59.9974,51.7059,1048.51,-37.9522,50.2148,1013.26,-64.0937,18.3706,1075.35,-40.8916,11.8506,1059.31,-56.4664,168.329,1064.01,-66.2702,165.294,1071.8,-72.7553,174.162,1064.48,-62.535,178.12,0,0,0
000411:1025.1,-62.2117,157.142,1025.63,-65.723,159.124,1026.51,-59.6691,160.311,1028.46,-69.3135,153.713,1030.76,-53.2197,157.125,1027.88,-69.9553,133.657,1036.26,-40.7723,143.032,1025.88,-71.9359,107.333,1033.74,-22.0131,141.75,1012.91,-70.1857,87.9818,1030.09,-27.7102,158.18,1029.15,-57.9709,86.5382,1037.27,-39.1682,88.7993,1017.52,-60.3452,51.4801,1048.72,-38.0119,49.9628,1014.72,-64.5738,17.9897,1074.65,-40.792,11.6832,1058.7,-56.8696,166.52,1064.14,-66.5046,163.214,1072.03,-73.0906,171.807,1064.19,-63.0913,176.017,0,0,0
000412:1025.01,-62.4988,156.99,1025.65,-66.1074,158.936,1026.34,-60.0558,160.143,1028.52,-69.9467,153.401,1030.1,-53.7877,156.91,1027.47,-70.4869,133.338,1034.37,-41.2973,142.98,1024.75,-72.1314,107.115,1029.83,-22.1738,142.281,1012.98,-69.9703,87.8099,1026.41,-27.1211,158.859,1026.64,-57.995,86.4455,1034.26,-39.1464,88.8505,1016.65,-60.6067,51.3362,1048.31,-37.8228,49.8801,1013.36,-65.1702,17.8895,1075.13,-40.6371,11.5794,1057.74,-56.4848,165.899,1062.56,-65.7223,162.259,1070.21,-72.3959,170.229,1063.03,-62.871,174.76,0,0,0
000413:1026.65,-62.8816,156.977,1027.05,-66.4726,158.909,1027.65,-60.4264,160.114,1028.99,-70.268,153.316,1029.92,-54.0447,156.879,1027.52,-70.6508,133.266,1033.16,-41.5704,143.181,1025.31,-72.1943,106.971,1029.87,-22.8633,143.124,1012.57,-70.0232,87.5637,1030.48,-28.3698,160.229,1027.59,-58.2016,86.6645,1034.35,-39.308,89.1449,1017.08,-61.065,51.5374,1047.5,-37.9868,50.1455,1013.83,-65.7973,17.9961,1076.88,-40.8253,11.4689,1060.82,-56.9027,165.126,1066.67,-65.7322,161.317,1071.97,-72.1488,168.687,1063.73,-63.094,173.4,0,0,0
000414:1024.8,-63.0642,156.908,1025.86,-66.7635,158.799,1026.59,-60.675,160.024,1029.72,-70.9148,152.956,1030.48,-54.4926,156.611,1028.85,-71.3979,132.665,1034.42,-41.9932,142.835,1027.03,-72.7141,106.343,1029.49,-23.0619,143.146,1013.89,-70.0299,86.8069,1025.83,-28.4595,160.433,1025.51,-58.3738,86.2562,1032.55,-39.2674,88.8063,1015.06,-61.3418,51.3702,1046.04,-37.8547,49.9636,1012.87,-66.067,17.959,1076.02,-40.8015,11.4559,1054.4,-56.33,163.026,1057.91,-64.572,158.819,1064.1,-71.16,165.503,1058.35,-62.7727,170.599,0,0,0
000415:1029.39,-63.9757,156.686,1029.82,-67.5916,158.571,1030.84,-61.4973,159.806,1031.8,-71.475,152.709,1032.73,-54.9538,156.47,1028.42,-71.6042,132.403,1034.41,-42.0742,142.822,1025.65,-72.9155,106.336,1028.65,-23.1472,143.489,1012.09,-69.9528,86.9331,1025.1,-28.9794,160.729,1026.2,-58.7296,86.4231,1033.04,-39.4035,89.0362,1016,-61.807,51.5731,1046.6,-37.819,50.1882,1013.49,-66.5494,18.0213,1075.86,-40.604,11.5461,1043.88,-54.4795,157.801,1041.21,-61.1644,153.371,1045.76,-67.1982,158.764,1047.41,-60.6316,164.08,0,0,0
000416:1029.32,-64.5898,156.526,1029.58,-68.1404,158.411,1030.58,-62.0902,159.656,1031.26,-71.8133,152.643,1031.96,-55.3837,156.43,1028.79,-71.6848,132.516,1033.82,-42.388,143.064,1025.93,-72.8308,106.559,1030.71,-23.6093,143.965,1014.68,-70.43,86.8594,1030.75,-29.5395,160.957,1026.88,-58.8312,86.7152,1033.35,-39.5643,89.3879,1016.03,-62.1409,51.7756,1046.29,-37.9843,50.3831,1012.84,-66.8025,18.1086,1074.3,-40.1801,11.5875,1054.53,-55.2003,155.746,1057.8,-61.849,150.612,1059.64,-68.1596,155.423,1054.73,-61.6486,161.441,0,0,0
000417:1029.65,-64.8776,156.359,1029.63,-68.4953,158.203,1031.19,-62.4457,159.465,1030.58,-72.3657,152.306,1032.13,-55.9018,156.201,1027.51,-72.0684,132.08,1033.77,-42.9588,143.023,1023.46,-72.8066,106.204,1031.3,-24.1543,144.67,1008.4,-69.6739,86.282,1030.8,-29.8565,161.639,1026.95,-59.0403,86.2373,1033.9,-39.7477,89.0761,1015.33,-62.4264,51.5998,1046.43,-37.8654,50.165,1011.03,-67.3687,18.176,1074.77,-40.3117,11.5817,1048.78,-54.6579,150.674,1052.21,-60.3237,144.25,1050.77,-67.1833,147.587,1045.97,-61.7796,154.893,0,0,0
000418:1028.22,-65.5829,156.164,1028.68,-69.1833,157.991,1029.93,-63.1615,159.304,1031.29,-72.9667,152.132,1031.97,-56.5143,156.088,1027.79,-72.3997,131.965,1034.5,-43.4037,142.985,1022.25,-72.9003,105.982,1032.32,-24.5981,144.507,1008.77,-70.3732,85.8879,1033.65,-30.4781,161.402,1024.12,-58.9876,86.3457,1031.32,-39.7991,89.1788,1014.68,-62.5533,51.6362,1046.41,-37.908,50.1859,1010.18,-67.4677,18.343,1074.45,-40.1201,11.7062,1052.41,-56.0201,153.1,1051.81,-61.9378,147.069,1058.33,-69.1159,150.965,1057.52,-63.4137,157.964,0,0,0
000419:1025.65,-65.8212,155.697,1026.23,-69.3937,157.538,1027.7,-63.3857,158.83,1029.61,-73.1184,151.854,1030.79,-56.7416,155.761,1027.66,-72.7145,131.84,1034.17,-43.7427,142.816,1021.36,-73.461,106.081,1031.34,-25.3331,144.743,1006.73,-70.9895,85.986,1030.33,-31.3484,161.746,1023.7,-59.5472,86.0725,1031.07,-40.3645,88.9548,1013.34,-62.9055,51.3982,1046.42,-38.2621,49.8326,1008.31,-67.4999,18.0303,1074.04,-40.1491,11.3976,1050.82,-55.2434,152.167,1056.77,-61.0092,146.071,1060.95,-67.8152,149.43,1052.69,-62.2597,156.511,0,0,0
000420:1023.17,-66.1201,155.479,1024.01,-69.7031,157.308,1025.25,-63.6803,158.642,1028.87,-73.4933,151.711,1029.85,-57.0701,155.608,1027.82,-73.1723,131.707,1035.23,-43.9879,142.742,1021.98,-73.8952,105.939,1030.63,-25.3478,144.677,1007.8,-71.3006,86.2105,1025.62,-31.4426,161.687,1024.86,-59.8429,86.1629,1032.58,-40.4878,89.0436,1015,-63.3343,51.3697,1047.55,-38.3427,49.8449,1007.7,-67.5177,18.0311,1072.47,-39.7507,11.4094,1041.38,-55.4134,153.216,1042.93,-61.1312,147.569,1050.35,-67.8685,151.241,1046.92,-62.3769,157.89,0,0,0
000421:1022.1,-66.3554,155.423,1022.84,-69.9628,157.227,1024.22,-63.9334,158.561,1027.48,-73.7939,151.574,1028.46,-57.3284,155.529,1027.29,-73.367,131.6,1033.45,-44.239,142.85,1021.21,-73.9551,105.985,1029.84,-25.7841,145.329,1005.37,-71.1539,86.248,1028.08,-31.8162,162.432,1024.31,-59.9196,86.0443,1031.34,-40.4963,89.0511,1014.52,-63.6309,51.2714,1047.24,-38.2671,49.7293,1006.05,-67.9392,18.0221,1072.24,-39.6795,11.2886,1044.58,-54.6803,150.672,1050.41,-59.8113,144.491,1053.91,-66.3754,147.12,1045.9,-61.5382,154.302,0,0,0
000422:1022.78,-67.1034,154.93,1022.86,-70.6417,156.704,1024.61,-64.661,158.091,1026.06,-74.2364,151.1,1027.61,-57.873,155.127,1023.62,-73.4783,131.211,1033.1,-44.6293,142.538,1017.29,-74.0074,105.698,1034.97,-26.3488,144.954,1005.7,-71.6466,85.9377,1037.12,-32.6027,161.843,1022.47,-60.049,85.9719,1030.57,-40.7119,88.9728,1014.25,-63.8033,51.1584,1047.13,-38.3141,49.6288,1006.67,-68.2597,17.7245,1070.8,-39.5523,11.2686,1045.23,-55.0819,149.326,1046.97,-59.9281,143.239,1049.91,-66.2912,145.869,1046.68,-61.8463,152.954,0,0,0
000423:1021.43,-67.478,154.663,1021.68,-71.0016,156.38,1023.28,-65.0243,157.794,1024.7,-74.5566,150.653,1025.52,-58.2233,154.759,1023.93,-73.6103,130.769,1029.52,-45.0308,142.493,1019.96,-73.8595,105.228,1024.85,-27.4159,145.732,1004.44,-71.2857,85.6334,1022.16,-34.1621,162.841,1024.94,-60.096,85.7723,1031.31,-40.8154,88.9897,1014.59,-63.8454,51.175,1045.3,-38.24,49.7967,1009.52,-68.5976,17.5644,1070.13,-39.537,11.4678,1042.2,-55.7071,147.043,1049.74,-60.1998,140.374,1053.05,-66.6984,142.086,1043.72,-62.6207,149.778,0,0,0
000424:1020.6,-67.9606,154.572,1021.06,-71.5161,156.225,1022.62,-65.498,157.691,1024.56,-75.239,150.277,1024.8,-58.81,154.47,1024.1,-74.1974,130.185,1027.79,-45.7072,142.244,1019.42,-73.9678,104.633,1018.48,-28.2098,146.095,1000.63,-70.5365,85.2986,1012.08,-34.7901,163.41,1025.27,-60.6335,85.4655,1030.78,-41.3135,88.8956,1014.43,-64.1471,51.0191,1044.2,-38.3113,49.8155,1009.24,-68.8048,17.3219,1069.86,-39.5095,11.4997,1034.86,-55.1562,143.656,1042,-58.8913,136.628,1047.35,-65.4023,137.381,1038.68,-62.169,145.435,0,0,0
000425:1020.22,-68.613,154.178,1020.09,-72.1135,155.815,1022.18,-66.141,157.314,1022.42,-75.5471,150.011,1023.9,-59.2275,154.254,1020.93,-74.2148,130.052,1027.75,-45.7984,142.124,1016.48,-74.154,104.762,1022.88,-28.2737,145.867,1000.12,-71.1056,85.585,1019.22,-34.9831,162.682,1023.65,-60.5352,85.3872,1030.56,-41.1835,88.7776,1013.08,-64.2752,50.9543,1043.56,-38.2348,49.6535,1009.97,-69.0901,16.9893,1068.58,-39.41,11.2663,1036.21,-54.5935,141.308,1044.29,-57.985,134.196,1045.7,-64.0968,134.611,1036.26,-61.3022,142.733,0,0,0
000426:1022.64,-69.3024,153.932,1022.18,-72.7715,155.762,1023.76,-66.8475,156.926,1022.48,-76.1511,149.561,1024.27,-59.8607,153.708,1019.4,-74.5223,129.717,1024.33,-46.6767,141.691,1014.84,-74.5031,104.044,1022.24,-29.4104,145.066,1007.56,-71.8916,85.384,1021.85,-36.3867,164.4,1021.74,-60.7503,85.7252,1029.73,-41.5853,88.9534,1011.24,-64.3138,51.0334,1044.94,-38.3097,49.7518,1007.04,-69.2365,17.1979,1069.94,-39.3115,10.8776,1038.42,-56.2146,143.949,1038.91,-60.0133,137.197,1043.2,-66.5427,138.584,1045.42,-63.1171,145.818,0,0,0
000427:1018.48,-69.5741,153.364,1018.62,-73.077,155.207,1020.07,-67.1469,156.364,1021.8,-76.5316,149.154,1023.29,-60.234,153.316,1021.3,-75.0762,129.339,1026.17,-46.9855,141.33,1014.68,-74.8987,103.766,1026.89,-29.4329,144.909,1003.81,-71.8235,85.1811,1024.74,-36.2422,164.348,1021.53,-61.2172,85.269,1029.32,-41.9214,88.546,1011.42,-64.7567,50.8236,1045.53,-38.3941,49.4829,1006.68,-69.2734,17.2163,1070.83,-39.1068,10.8632,1034.57,-55.1425,144.597,1035.59,-58.9387,138.181,1037.98,-65.0964,139.654,1039.4,-61.6442,146.607,0,0,0
000428:1017.78,-69.8609,153.099,1017.73,-73.2799,154.915,1019,-67.4355,156.081,1019.74,-76.5901,148.888,1020.48,-60.4527,153.042,1019.87,-75.0454,129.249,1021.81,-47.405,141.354,1015.66,-75.0019,103.663,1022.64,-30.8348,145.09,1003.72,-72.245,85.202,1026.62,-38.2949,164.505,1022.99,-61.4131,85.5792,1028.95,-42.2695,88.9677,1012.26,-64.9293,51.0803,1043.84,-38.6718,49.9627,1007.28,-69.5393,17.3714,1070.2,-39.1928,11.1656,1049.72,-56.7561,143.648,1053.14,-60.3814,137.223,1059.38,-66.493,138.33,1058.54,-63.2509,145.291,0,0,0
000429:1017.14,-70.4244,152.566,1017.33,-73.9161,154.324,1018.38,-68.0547,155.562,1019.61,-77.3152,148.255,1019.41,-61.0748,152.534,1019.07,-75.5596,128.784,1020.24,-47.8503,141.19,1013.67,-75.1068,103.177,1021.99,-31.2054,145.581,1002.54,-71.9848,84.7599,1030.86,-38.4073,165.785,1021.09,-61.3334,85.5954,1026.85,-42.1292,89.1213,1010.28,-64.8868,51.1349,1042.01,-38.4598,50.1176,1006.79,-69.4124,17.39,1069.98,-39.0643,11.2624,1063.74,-54.9396,147.577,1068.29,-58.3679,141.891,1081.71,-63.9803,142.835,1079.21,-60.9071,149.108,0,0,0
000430:1016.05,-70.4102,152.012,1015.77,-73.8661,153.784,1016.88,-68.0502,154.999,1017.32,-77.2728,147.858,1018.25,-61.1603,152.088,1019.85,-75.7738,128.516,1020.17,-48.1839,140.901,1018.54,-75.5727,102.844,1022.63,-32.2597,145.26,1008.53,-72.5504,84.3517,1029.47,-40.0387,164.922,1024.73,-61.6679,85.3566,1030.47,-42.4702,88.8867,1011.08,-65.1277,50.9878,1044.91,-38.7611,49.787,1004.06,-69.2827,17.4601,1070.97,-39.0153,10.8695,1051.8,-55.938,144.138,1060.38,-59.2119,137.939,1061.69,-64.504,138.425,1054.96,-61.6073,145.184,0,0,0
000431:1018.93,-71.463,151.619,1018.87,-74.913,153.328,1019.54,-69.1001,154.647,1019.63,-78.1148,147.23,1020.45,-62.16,151.558,1020.08,-76.1088,127.907,1021.02,-48.9059,140.491,1015.76,-75.5246,102.568,1022.2,-32.3881,145.34,1005.62,-72.7446,84.3353,1033.96,-39.4469,165.444,1022.45,-61.4339,85.229,1029.14,-42.5641,88.7835,1010.07,-64.8707,50.9931,1043.7,-38.746,49.9003,1004.86,-69.2729,17.5742,1071.78,-39.1233,11.0705,1072.79,-54.1307,147.814,1087.77,-57.549,142.053,1098.69,-62.7984,142.422,1084.81,-59.6683,148.797,0,0,0
000432:1016.07,-71.7406,151.63,1016.32,-75.2389,153.345,1017.06,-69.4244,154.613,1019.19,-78.705,147.295,1019.94,-62.6255,151.675,1020.29,-76.6359,128.088,1022.25,-49.6106,141.049,1015.2,-75.6308,102.63,1024.07,-33.7336,146.906,1002.3,-72.4214,83.9505,1030.78,-41.3547,167.438,1021.01,-61.8811,85.7156,1027.5,-43.0328,89.4901,1009.36,-65.1372,51.5028,1042.34,-38.7843,50.515,1006.19,-69.2872,17.7574,1071.6,-38.8811,11.675,1055.84,-55.7404,145.489,1066.12,-58.4464,138.699,1072.57,-64.2914,138.22,1063.65,-61.9689,145.72,0,0,0
000433:1017.5,-72.5771,151.156,1016.14,-75.8918,152.847,1017.43,-70.1645,154.132,1014.72,-78.6787,146.917,1015.54,-62.8025,151.362,1015.11,-76.1793,127.855,1015.33,-49.4027,140.892,1015.31,-75.5339,102.375,1019.79,-34.0384,146.863,1007.86,-72.9834,83.8969,1036.1,-42.6005,167.69,1022.57,-61.7766,85.3807,1028.03,-42.9121,89.1954,1009.8,-65.3383,51.2255,1043.87,-38.9373,50.0763,1005.95,-69.1858,17.5911,1072.62,-38.8719,11.1504,1061.05,-55.0687,145.821,1069.96,-57.5759,139.839,1072.58,-62.2366,139.51,1065.62,-60.2318,146.186,0,0,0
000434:1016.05,-72.7676,150.924,1014.75,-76.1632,152.567,1016.77,-70.5149,153.861,1013.5,-79.144,146.519,1016.58,-63.4649,150.967,1013.29,-76.4722,127.537,1018.91,-50.2995,140.736,1011.13,-75.1657,102.226,1026.07,-35.2281,147.341,1004.53,-72.4732,83.9081,1031.83,-43.0208,168.779,1021.61,-61.5224,85.3499,1029.79,-42.8871,89.1469,1008.91,-65.3636,51.2169,1044.77,-38.9458,49.9793,1004.91,-69.0995,17.6355,1070.03,-38.6049,11.2928,1032.03,-52.0212,147.57,1037.54,-53.8387,141.971,1031.91,-57.6103,141.234,1027.98,-56.2992,147.48,0,0,0
000435:1015.18,-73.3254,150.261,1013.43,-76.6408,151.923,1015.43,-71.0168,153.222,1011.52,-79.3422,146.122,1014.69,-63.6965,150.619,1013.19,-76.6697,127.313,1016.02,-50.2314,140.569,1014.6,-75.6852,101.642,1021.63,-35.1819,146.925,1005.96,-73.1076,83.0102,1028.52,-43.4315,167.642,1022.61,-61.8836,85.402,1029.29,-43.1011,89.2909,1008.3,-65.539,51.3488,1043.41,-38.9846,50.1729,1007.69,-69.2549,17.29,1071.59,-38.4419,11.0957,1029.54,-53.0132,145.355,1037.58,-54.9756,139.722,1026.73,-58.4993,139.135,1020.27,-57.0748,145.451,0,0,0
000436:1017.98,-73.8591,150.352,1016.14,-77.2793,151.982,1018.24,-71.6423,153.312,1013.11,-80.0165,146.195,1015.79,-64.4794,150.746,1011.8,-77.0669,127.515,1015.24,-51.006,140.866,1011.7,-75.4819,101.964,1021.95,-36.1867,147.322,1005.92,-72.3226,83.7674,1030.27,-44.1989,168.177,1018.51,-61.5813,85.7131,1025.11,-43.0546,89.7672,1006.51,-65.1948,51.6498,1041.64,-38.7645,50.613,1006.84,-69.2032,17.6543,1071.58,-38.5197,11.7199,1016.45,-52.4516,149.686,1020.7,-54.5558,144.755,1006.9,-57.5922,144.656,1004.03,-55.9818,150.278,0,0,0
000437:1016.68,-74.2474,149.893,1015.1,-77.7242,151.425,1016.84,-72.0512,152.846,1013.14,-80.6444,145.494,1015.27,-65.0914,150.103,1011.27,-77.6051,126.802,1015.52,-51.6329,140.434,1009.28,-75.6276,101.412,1016.73,-36.4491,147.576,1003.85,-72.3632,83.4533,1019.17,-43.9142,168.893,1018.94,-61.7111,85.4308,1026.2,-43.2699,89.5982,1008.1,-65.3187,51.4123,1042.72,-38.8713,50.5038,1007.62,-69.127,17.6285,1070.47,-38.5672,11.9588,1014.74,-52.4578,151.744,1017.25,-54.5845,146.926,1010.78,-57.9839,146.816,1009.36,-56.3446,152.354,886.634,-110.795,263.19
000438:1013.23,-74.6478,149.804,1012.31,-78.2101,151.294,1014.14,-72.6274,152.731,1012.9,-81.4392,145.278,1015.35,-66.1083,149.951,1012.73,-78.3005,126.628,1017.95,-53.0263,140.484,1009.73,-75.8731,101.203,1019.9,-38.4507,147.956,1001.15,-72.5207,83.2866,1016.49,-45.2902,169.116,1018.56,-61.7454,85.6208,1026.18,-43.6655,89.9226,1005.37,-65.1039,51.7679,1040.19,-38.9043,51.008,1006.21,-69.0076,17.9124,1069.52,-38.3978,12.5201,1008.5,-52.234,152.916,1010.95,-54.0435,148.172,1002.61,-57.1423,147.738,1001.18,-55.8434,153.202,886.808,-110.104,262.828
000439:1013.18,-75.4357,149.127,1012.34,-79.047,150.571,1014.67,-73.4991,152.067,1013.12,-82.1971,144.652,1016.2,-66.9598,149.4,1013.17,-78.7339,126.254,1018.23,-53.5801,140.174,1009.42,-75.6122,100.825,1020.9,-38.9197,147.469,998.578,-71.5138,83.3686,1016.45,-45.7478,168.403,1017.37,-61.6186,85.7116,1025.04,-43.6222,90.0721,1004.36,-65.0761,51.8827,1040.12,-38.9991,51.0956,1005.94,-68.674,18.0163,1071.23,-38.4257,12.397,1006.25,-51.7764,154.201,1009.94,-53.7216,149.744,999.262,-56.5303,149.433,996.327,-55.0641,154.66,889.848,-110.083,261.29
000440:1014.2,-76.276,148.461,1013.51,-79.8874,149.811,1015.77,-74.3712,151.376,1014.68,-82.9871,143.708,1017.82,-67.9113,148.562,1013.07,-78.9665,125.339,1019.81,-54.4791,139.733,1007.21,-75.5966,100.503,1019.16,-39.8156,148.461,995.424,-71.7195,83.6896,1014.22,-46.4392,170.267,1017.02,-61.3877,85.3387,1025.51,-43.7052,89.842,1004.17,-64.9749,51.7407,1039.18,-38.8866,51.0376,1006.87,-68.794,17.9495,1070.3,-38.4151,12.59,1014.22,-51.2715,153.994,1016.27,-52.5052,149.225,1012.56,-55.539,148.03,1011.74,-54.9111,153.595,893.12,-109.365,260.836
000441:1011.11,-76.2127,148.29,1010.67,-79.8718,149.636,1013.13,-74.3823,151.203,1014.13,-83.2445,143.655,1017.56,-68.2021,148.521,1014.12,-79.4209,125.36,1023.36,-55.0498,139.825,1007.97,-75.9193,100.28,1029.31,-40.9946,148.444,997.543,-71.9116,83.0874,1024.4,-48.0225,170.038,1016.97,-61.5804,85.6348,1026.74,-43.9372,90.1843,1003.76,-64.9534,51.9829,1041.12,-38.9576,51.1869,1006.69,-68.7106,17.9545,1072.21,-38.4303,12.618,1020.18,-53.1786,152.887,1019.99,-54.2787,147.86,1018.35,-57.6748,146.543,1019.82,-57.2056,152.369,896.104,-109.328,259.269
000442:1011.79,-77.2592,147.956,1011.58,-80.8535,149.257,1013.68,-75.4291,150.865,1014.38,-83.8498,143.106,1017.26,-69.042,148.095,1014.95,-79.5883,124.728,1018.6,-55.3204,139.433,1008.59,-75.8439,99.6943,1014.18,-40.1803,148.199,994.128,-72.162,82.6483,1004.1,-46.1084,169.36,1015.78,-61.5085,85.303,1023,-44.0638,90.0024,1004.49,-64.9618,51.6456,1039.46,-39.0696,51.0726,1007.53,-68.8378,17.7916,1072.26,-38.4251,12.5184,1010.41,-52.0505,152.86,1012.86,-53.4404,147.813,1010.67,-56.7716,146.66,1009.71,-56.0491,152.493,896.472,-108.677,257.133
000443:1014.16,-78.208,147.031,1013.44,-81.7658,148.272,1016.21,-76.4333,149.973,1014.15,-84.4248,142.385,1018.4,-69.9301,147.38,1013.04,-79.8471,124.434,1018.93,-56.1175,139.05,1008.93,-76.1535,99.4456,1015.13,-41.9734,147.787,1002.64,-72.9967,82.6358,1006.71,-48.6348,168.961,1014.24,-61.3914,85.5443,1022.72,-44.2237,90.2297,1004.25,-64.8755,51.7425,1039.73,-39.2591,51.2316,1007.56,-68.6466,17.8062,1070.61,-38.5052,12.8765,1015.5,-53.2849,156.233,1020.7,-55.0288,152.038,1019.63,-57.693,151.312,1015.45,-56.5658,156.346,902.453,-108.584,255.78
000444:1013.74,-78.7586,146.817,1012.87,-82.3141,148.018,1015.38,-76.923,149.75,1014.28,-85.067,141.986,1018.3,-70.4854,147.051,1013.72,-80.3525,123.903,1020.4,-56.7821,138.895,1010.11,-76.5618,99.0013,1018.12,-42.9845,148.401,1002.53,-73.2489,82.2774,1010.67,-50.1885,169.956,1015.79,-61.7032,85.1845,1024.83,-44.5913,90.027,1003.4,-64.8198,51.7053,1040.82,-39.2583,51.1027,1006.07,-68.4049,17.8769,1071.39,-38.5597,12.8848,1016.03,-54.0106,153.631,1018.13,-55.0065,148.739,1019.13,-58.1754,147.197,1018.24,-57.8737,152.969,902.735,-107.915,253.618
000445:1012.25,-79.373,146.167,1011.32,-82.906,147.348,1013.7,-77.609,149.131,1012.12,-85.3135,141.664,1015.66,-71.0894,146.78,1012.38,-80.313,124.048,1015.58,-57.0321,139.062,1009.88,-76.514,99.124,1006.99,-42.8293,148.494,999.918,-73.0038,82.8237,996.662,-49.3459,169.567,1015.15,-61.443,85.7004,1022.49,-44.5556,90.7181,1002.09,-64.4198,51.9608,1038.31,-39.1223,51.5477,1007.33,-68.2909,17.5347,1073.25,-38.4975,12.6706,1007.4,-53.0573,156.813,1013.55,-54.5753,152.552,1010.74,-57.1004,151.506,1005.17,-56.2031,156.679,905.859,-107.889,252.407
000446:1014.36,-80.0633,146.079,1012.33,-83.5134,147.205,1015.86,-78.4021,148.984,1010.84,-85.5879,141.368,1016.64,-71.8767,146.523,1008.49,-79.6583,123.989,1017.49,-57.8724,139.092,1005.51,-75.0653,99.4945,1013.06,-44.1939,148.814,1003.06,-73.1053,83.0657,1004.24,-50.7614,169.732,1014.21,-60.3512,85.7357,1024.59,-44.2049,90.5945,1001.5,-64.2068,52.0123,1042.26,-39.4445,51.1267,1003.87,-68.0995,18.2614,1071.08,-38.2287,12.8718,1006.62,-54.1003,156.896,1011.33,-55.4537,151.708,1007.07,-58.758,150.171,1003.6,-58.1455,156.258,906.228,-107.233,250.255
000447:1012.35,-80.1379,145.716,1010.83,-83.7343,146.777,1014.16,-78.5896,148.635,1009.75,-86.0356,140.976,1015.03,-72.4151,146.157,1008.76,-80.4944,123.642,1014.7,-58.5781,138.851,1004.75,-75.3002,98.7326,1008.96,-44.9532,148.989,1000.34,-72.5543,81.9278,999.04,-50.7285,170.232,1012.25,-60.85,85.4528,1021.18,-44.7774,90.564,1001.55,-64.2959,51.7194,1040.2,-39.3662,51.2084,1005.98,-68.4184,17.8952,1072.57,-38.4401,13.1847,1006.27,-55.1753,162.79,1016.66,-57.7226,157.979,1010.7,-61.0655,157.279,1000.18,-59.0107,163.068,909.345,-107.207,248.298
000448:1011.58,-80.6431,145.743,1009.74,-84.2124,146.777,1013.01,-79.054,148.636,1008.61,-86.5108,140.762,1014.06,-72.9248,145.986,1007.57,-80.848,123.177,1015.44,-59.1287,138.725,1003.46,-75.7045,98.5261,1015.72,-45.6238,149.463,999.55,-73.3236,81.8253,1009.77,-51.7509,171.01,1012.22,-60.9547,84.9254,1021.45,-44.9576,90.1803,1002.68,-64.3423,51.3572,1040.54,-39.3826,50.9104,1005.76,-68.2434,17.8272,1070.35,-38.4358,13.3439,1005.12,-56.2144,160.324,1010.04,-58.1504,154.703,1002.98,-61.97,153.453,998.605,-60.6702,160.021,909.562,-106.519,246.842
000449:1013.98,-81.4281,145.453,1012.55,-85.1739,146.456,1015.67,-79.9488,148.408,1011.15,-87.5822,140.626,1017.27,-74.0489,145.914,1011.35,-82.1241,123.191,1017.88,-60.0421,138.854,1011.37,-77.2718,98.1433,1019.91,-46.5431,149.627,1009.95,-74.6064,81.3836,1014.89,-52.6029,171.047,1011.89,-61.2451,85.0542,1020.71,-45.1574,90.4934,1002.97,-64.3629,51.2338,1041.69,-39.3026,50.8988,1004.82,-68.3814,17.5614,1072.17,-38.7316,13.2964,1008.28,-58.025,164.888,1015.28,-60.6673,159.388,1004.13,-64.4573,158.643,997.002,-62.3228,165.13,915.731,-106.431,245.077
000450:1012.68,-81.6399,145.445,1011.12,-85.4144,146.366,1013.82,-80.1886,148.355,1010.18,-88.0862,140.306,1015.14,-74.6291,145.599,1009.75,-82.5427,122.818,1016.17,-61.0627,138.652,1007.71,-76.9649,98.1729,1014.58,-47.69,149.832,1003.64,-73.7155,82.0809,1007.95,-52.9523,171.131,1012.88,-61.6145,84.8265,1021.63,-45.8518,90.435,1002.35,-64.327,51.2271,1040.62,-39.5124,51.0588,1002.96,-67.9842,17.8666,1072.39,-38.6193,13.654,1000.77,-57.9634,164.659,1006.5,-60.3265,158.904,996.133,-64.2646,157.809,990.228,-62.456,164.515,918.902,-106.403,243.464
000451:1011.7,-81.7629,144.898,1010.32,-85.624,145.79,1012.87,-80.3883,147.79,1010.62,-88.6124,139.667,1014.86,-75.1146,145.063,1011.9,-83.2603,122.121,1015.96,-61.7633,138.278,1012.4,-77.7285,96.9931,1010.03,-48.5608,149.952,1005.6,-73.8647,80.6628,999.12,-53.4803,171.356,1014.38,-62.0161,84.2261,1022.13,-46.2463,90.0813,1001.47,-64.3004,50.6765,1040.05,-39.3849,50.6284,1003.66,-68.2206,16.9761,1072.53,-38.7066,13.2603,989.341,-57.734,164.998,994.408,-60.0014,159.097,981.47,-63.8117,157.81,976.283,-62.1132,164.656,919.263,-105.741,240.92
000452:1008.88,-82.786,144.986,1006.8,-86.416,145.852,1010.2,-81.4765,147.856,1005.98,-88.5825,139.87,1011.77,-75.9573,145.292,1006.27,-82.0846,122.701,1014.14,-62.6464,138.871,1004.69,-75.7286,97.7281,1009.59,-50.3948,150.726,999.456,-73.6276,81.2626,996.433,-55.3723,171.942,1011.83,-61.0502,84.9218,1021.51,-46.426,90.683,999.662,-63.5947,51.1201,1040.33,-39.8359,50.8632,1003.63,-67.7301,17.2152,1071.42,-38.5655,13.5262,981.056,-59.2568,166.561,986.198,-61.7524,160.334,970.313,-65.7278,159.209,965.112,-63.797,166.427,922.372,-105.696,239.649
000453:1013.91,-84.1464,143.708,1010.59,-87.5565,144.546,1015.06,-82.8987,146.554,1006.56,-88.9007,138.904,1014.45,-77.1051,144.249,1002.79,-81.2362,122.461,1015.9,-63.5717,138.579,1003.55,-74.7628,98.1195,1012.49,-52.2993,150.636,1005.07,-74.4359,82.4185,1005.02,-58.3223,171.498,1011.42,-59.9384,85.0632,1024.02,-46.1984,90.7005,998.578,-63.2022,51.196,1043.66,-40.2414,50.4017,1004.06,-67.5551,17.1047,1073.32,-38.5148,12.9326,995.871,-63.031,166.413,996.828,-65.2355,159.6,987.929,-70.1302,158.11,987.839,-68.6813,165.954,925.562,-105.667,237.644
000454:1015.9,-84.4338,143.338,1012.54,-87.8252,144.165,1016.95,-83.2662,146.215,1008.43,-89.1667,138.696,1017.83,-77.8733,143.974,1000.68,-81.0736,122.568,1019.61,-64.4998,138.421,998.075,-73.9444,98.8487,1011.22,-52.9819,150.064,1002.32,-73.6516,84.3546,1004.42,-59.1557,170.156,1006.51,-59.5712,85.2601,1022.21,-46.4634,90.7919,996.167,-62.6609,51.2361,1041.75,-40.093,50.4232,1004.16,-67.4132,16.9043,1069.05,-38.2703,13.3824,1028.96,-70.8708,167.731,1032.09,-74.609,159.587,1041.34,-82.4957,158.827,1039.12,-79.4512,168.081,928.95,-104.921,235.999
000455:1012.33,-84.7916,143.632,1010.58,-88.4563,144.405,1012.16,-83.4501,146.606,1011.18,-90.6212,138.77,1013.33,-78.1998,144.277,1010.44,-83.481,122.095,1012.93,-64.4441,138.803,1010.22,-76.6841,97.3856,995.786,-52.0244,151.291,1006.46,-74.9092,82.0848,995.753,-58.5748,171.969,1014.71,-61.01,84.6217,1022.58,-46.6798,90.8376,999.443,-63.2411,50.618,1037.21,-39.5549,50.6246,1005.34,-67.4607,16.1675,1071.93,-38.5963,12.891,1064.25,-71.8134,170.425,1075.74,-75.7182,162.414,1102.21,-84.5262,161.265,1089.4,-81.0622,170.613,929.154,-104.97,233.811
000456:1015.08,-85.0331,143.781,1012.89,-88.7626,144.491,1015.1,-83.7343,146.696,1012.17,-90.6389,138.926,1017.36,-79.0218,144.102,1010.59,-83.4421,122.274,1017.87,-65.4749,138.666,1018.66,-77.28,99.4402,1005.42,-52.8374,152.074,1016.36,-76.4256,88.3759,1001.93,-59.0236,172.998,1014.6,-60.7576,83.8109,1022.91,-47.0869,90.0517,1001.49,-62.9986,49.858,1039.47,-39.6281,49.5257,1008.23,-67.4204,15.4516,1072.3,-38.6361,12.3902,1021.85,-78.6216,176.15,1020.8,-84.0228,166.892,1021.29,-93.2782,167.291,1024.05,-88.5053,177.682,932.535,-104.222,231.406
000457:1009.08,-84.9842,144.035,1008.85,-89.0178,144.527,1007.82,-83.4852,146.647,1006.18,-90.2631,138.727,1010.6,-79.0898,144.225,1007.03,-83.2338,122.233,1006.69,-64.8877,139.366,1027.88,-78.8933,97.6505,990.567,-52.2428,152.737,1029.4,-79.6134,88.0313,976.985,-56.057,173.679,1009.37,-59.8625,84.3096,1015.11,-46.4583,91.0391,1008.14,-63.9059,49.943,1042.95,-40.5669,49.6562,1004.28,-66.7388,16.4963,1074.49,-39.0749,12.5188,1017.72,-81.5904,179.373,1036.98,-91.8674,171.757,1033.33,-100.835,174.491,1013.63,-90.5371,182.396,935.772,-104.19,229.368
000458:1009.44,-85.072,143.835,1008.59,-89.1412,144.253,1008.25,-83.6198,146.406,1004.27,-90.2441,138.634,1010.64,-79.4079,143.991,1002.04,-83.0682,122.457,1007.29,-65.2652,139.325,1020.69,-77.7761,98.7819,990.146,-52.9324,153.206,1022.19,-77.8473,91.3904,974.056,-56.6705,174.761,1006.62,-59.7042,84.739,1015.18,-46.5502,91.3369,1006.88,-63.8843,50.3896,1045.87,-40.7538,49.6823,1004.99,-66.4712,16.7556,1074.98,-39.113,12.7744,1013.62,-84.5905,183.769,1033.87,-96.114,176.943,1027.73,-104.541,180.52,1007.34,-92.9729,187.592,936.079,-103.503,227.898
000459:1009.45,-85.2533,143.47,1009.85,-89.4674,143.86,1009.28,-83.9538,146.05,1007.72,-90.7048,138.484,1013.79,-80.1382,143.802,1004.82,-83.5494,122.508,1009.64,-66.0704,139.322,1018.83,-77.3947,98.9044,989.06,-54.5692,153.161,1011.68,-77.017,92.7848,969.23,-57.936,174.385,1004.73,-59.5345,85.2576,1012.79,-46.6527,91.9407,1004.7,-63.367,50.7406,1042.24,-40.5344,50.2756,1003.36,-65.6231,16.8612,1074.42,-38.7273,13.1567,1004.4,-87.5565,187.776,1021.71,-99.9032,181.942,1018.38,-107.942,186.579,1001.69,-95.5196,192.651,939.332,-103.47,225.846
000460:1006.31,-84.8714,142.677,1007.11,-89.1267,143.064,1006.28,-83.6941,145.268,1006.22,-90.2319,138.221,1011.59,-80.0837,143.38,1004.15,-83.0985,122.861,1008.7,-66.0045,139.267,1018.67,-76.9185,99.9583,988.238,-54.9256,152.996,1009.54,-77.0995,95.4313,967.093,-58.2322,174.061,1005.47,-58.805,85.8583,1012.74,-46.149,92.4775,1005.16,-63.0262,51.1758,1039.32,-40.3328,50.7938,1005.67,-65.5344,16.7912,1072.35,-38.6879,13.3384,995.688,-89.6653,191.307,1010.53,-102.847,186.163,1008.82,-110.855,191.734,994.939,-97.4939,197.135,942.601,-103.436,223.785
000461:1004.55,-84.9093,142.111,1005.08,-89.1628,142.487,1003.98,-83.7913,144.781,1004.35,-90.3389,137.614,1008.17,-80.1294,142.963,1001.82,-83.0775,122.38,1004.65,-66.044,138.624,1016.68,-75.6395,97.8674,982.485,-55.0315,150.505,1010.28,-75.0338,91.9976,959.879,-57.4424,169.973,1003.65,-58.9315,85.7636,1009.73,-46.3794,92.3706,1005.84,-62.8564,50.8259,1039.56,-40.5133,50.7977,1004.88,-64.9596,16.7589,1072.1,-38.5468,14.0128,988.224,-90.6004,195.127,1002.04,-104.846,190.25,998.431,-112.695,197.094,985.848,-98.1516,202.139,942.979,-102.762,221.57
000462:1003.75,-85.2237,141.644,1004.4,-89.6028,141.942,1003.35,-84.2459,144.332,1004.52,-90.9485,137.315,1007.78,-80.8195,142.639,1003.26,-84.0448,122.402,1004.55,-66.5356,138.527,1018.51,-76.6811,98.3769,983.309,-55.5064,150.257,1009.49,-75.4997,94.1644,962.39,-57.8524,169.709,1004.96,-59.0481,86.1564,1009.67,-46.2524,92.8857,1006.03,-62.8301,50.9837,1037.28,-40.2258,51.2218,1005.46,-64.958,16.5654,1071.9,-38.6301,14.1167,984.524,-91.8061,199.319,998.481,-106.747,195.257,991.541,-113.705,202.568,979.246,-98.5333,206.748,946.266,-102.727,219.493
000463:1002.42,-85.3631,141.839,1003.04,-89.8091,142.108,1002.59,-84.4919,144.537,1003,-91.2141,137.53,1009.21,-81.3944,142.799,1000.66,-84.4787,122.652,1008.7,-67.2193,138.493,1012.52,-76.7892,99.0754,986.527,-55.758,150.051,1003.4,-75.2871,95.7003,957.606,-57.1018,169.478,1003.7,-59.2616,86.3828,1012.28,-46.6122,92.9266,1004.52,-62.8335,51.2354,1039.3,-40.4837,51.3027,1004.8,-64.7161,16.7945,1070.73,-38.7218,14.5572,974.703,-91.277,202.456,986.359,-106.56,199.112,982.667,-113.288,207.099,972.852,-97.771,210.574,946.573,-102.035,218.01
000464:1000.76,-85.1323,142.199,1001.08,-89.4799,142.498,1000.73,-84.2111,144.923,1000.5,-90.6304,138.16,1006.53,-81.0178,143.261,999.795,-84.295,123.277,1005.49,-66.9459,138.846,1018.67,-77.5736,99.7881,985.668,-56.3757,150.446,1015.72,-77.3709,96.646,959.708,-57.9236,170.328,1002.1,-59.1675,86.7424,1009.11,-46.4713,93.2384,1004.23,-62.9256,51.518,1036.81,-40.4173,51.6814,1006.28,-64.9275,16.787,1068.98,-38.4103,14.8626,970.124,-90.6065,204.975,979.625,-105.977,202.713,972.769,-111.33,211.098,965.406,-95.7649,213.493,949.96,-102.014,215.556
000465:1001.61,-86.0835,142.144,1002,-90.4383,142.338,1002.04,-85.2343,144.924,1000.84,-91.3703,138.059,1008.08,-81.9114,143.173,997.83,-84.7418,123.287,1005.67,-67.1972,138.456,1013.71,-77.9615,100.48,982.606,-55.6621,148.761,1008.23,-77.1802,99.0649,954.655,-57.0332,168.037,997.815,-58.8504,87.4181,1005.82,-46.0858,93.6139,1003.56,-63.0896,51.9549,1036.86,-40.7513,52.0667,1007.9,-65.1854,17.0358,1072.18,-38.9394,14.6518,962.003,-88.5366,206.008,970.443,-103.964,204.815,963.831,-108.294,213.831,957.744,-92.765,215.083,946.807,-101.325,217.265
000466:999.698,-86.395,142.035,1000.38,-90.7325,142.211,999.809,-85.5076,144.862,1001.47,-91.8738,137.951,1005.7,-82.072,143.131,1001.37,-85.6816,123.097,1003.1,-67.2556,138.256,1019,-79.2271,99.6281,976.96,-55.2721,147.731,1008.9,-77.9155,97.5882,948.568,-56.2658,166.47,1001.87,-59.8078,87.3887,1006.39,-46.6006,93.6838,1006.2,-63.704,51.8179,1036.78,-41.2616,52.2702,1009.43,-65.4097,16.9353,1072.93,-39.2374,14.7653,954.31,-86.3059,206.091,962.144,-101.525,205.507,954.456,-105.08,214.78,949.095,-89.8165,215.409,937.846,-98.6021,221.632
000467:998.062,-86.0153,142.088,998.186,-90.3208,142.23,998.142,-85.182,144.926,998.574,-91.4364,138.051,1004.53,-81.9951,143.159,999.328,-85.3821,123.279,1004.77,-67.6231,138.027,1019.71,-79.0595,100.216,980.895,-56.1423,147.008,1011.37,-77.5654,98.784,949.641,-56.6422,165.481,1004.09,-59.7136,87.3421,1010.46,-46.7996,93.443,1007.4,-63.6322,51.7748,1039.76,-41.642,52.1556,1011.55,-65.4436,16.9001,1073.71,-39.5269,14.7698,945.874,-83.4301,205.868,953.322,-98.2741,205.916,940.898,-100.666,214.904,936.01,-85.8516,214.88,920.497,-92.5781,227.633
000468:997.384,-86.5616,141.934,997.686,-90.8467,142.041,997.552,-85.6846,144.824,998.317,-91.9244,137.963,1003.87,-82.25,143.132,999.584,-86.0989,123.173,1004.1,-67.5704,137.903,1021.76,-80.5632,99.7269,982.991,-56.3964,146.206,1015.1,-79.2593,97.7724,952.708,-57.2889,164.417,1003.97,-60.1429,87.5558,1009.7,-46.7751,93.6579,1007.31,-63.9361,51.9214,1039.24,-41.458,52.4958,1011.24,-65.5764,17.0366,1075.48,-39.2399,14.8403,941.183,-81.0646,205.222,945.421,-95.1664,206.12,933.071,-96.3991,215.171,931.344,-82.4111,214.307,905.85,-89.3969,235.108
000469:995.118,-86.1901,141.808,995.494,-90.3787,141.882,995.04,-85.3374,144.667,996.205,-91.1995,138.094,1001.38,-82.0174,143.104,999.425,-85.2911,123.712,1001.79,-67.6891,138.023,1024.19,-79.8947,101.431,982.716,-57.4786,146.506,1019.36,-78.7971,100.629,955.808,-58.5415,165.055,1002.8,-59.701,88.2088,1007.22,-46.7781,94.2562,1008.65,-63.7394,52.3528,1038.43,-41.6857,53.0068,1011.27,-65.4746,17.356,1073.42,-39.2138,15.1828,938.768,-78.2476,203.795,943.548,-91.8094,205.257,927.147,-91.9185,213.712,924.896,-78.5914,212.296,891.369,-86.9864,241.706
000470:993.023,-86.5954,141.646,992.938,-90.632,141.935,993.472,-85.8431,144.904,996.94,-91.8839,138.33,997.592,-82.0399,143.04,1002.14,-86.0266,123.544,1000.17,-67.9754,136.888,1027.5,-80.5413,102.592,974.549,-56.6019,145.206,1016.17,-78.0843,100.413,964.521,-60.4436,163.027,1013.33,-61.5871,87.5846,1012.85,-47.8837,93.5443,1004.83,-63.2012,52.0101,1030.5,-40.6955,53.4281,1011.17,-65.7876,16.3833,1067.15,-38.285,15.549,931.155,-74.433,201.938,919.176,-83.8847,201.687,911.57,-85.194,209.05,925.037,-75.8252,210.108,882.564,-85.0675,249.248
000726:107.622,107.523,0.0576246
