002274:998.01,-85.5501,165.675,999.911,-89.4708,168.964,1001.08,-82.7424,168.889,1007.02,-97.0325,165.543,1006.99,-79.6763,165.179,1007.09,-106.098,144.299,1013.38,-73.5311,143.325,991.776,-110.938,121.078,1013.47,-62.5147,120.233,970.706,-96.1301,109.463,994.446,-53.6812,108.447,1008.24,-101.252,89.7925,1009.04,-80.4247,89.2481,1018.19,-102.498,50.5446,1005.6,-83.9684,51.0622,1033.69,-103.706,11.1789,1006.71,-89.737,14.1812,970.004,-27.5207,115.413,962.08,-21.8232,125.666,950.628,-9.79305,124.835,959.352,-15.4026,114.408,0,0,0
002275:997.659,-85.441,165.809,999.583,-89.3715,169.113,1001.02,-82.6378,169.004,1006.6,-96.9672,165.707,1007.05,-79.6029,165.306,1006.24,-106.108,144.469,1013.03,-73.4922,143.367,989.978,-110.973,121.299,1013.14,-62.5028,120.17,972.753,-96.3053,109.573,992.321,-53.54,108.297,1005.95,-101.232,89.9184,1007.56,-80.4854,89.2731,1015.74,-102.424,50.8994,1005.12,-84.3339,51.2405,1033.09,-103.436,11.7068,1007.97,-90.402,14.5001,967.836,-27.3776,115.556,961.821,-21.6531,125.862,951.854,-9.56574,124.941,958.881,-15.2088,114.476,0,0,0
002276:998.534,-85.5419,165.621,1000.2,-89.455,168.929,1001.43,-82.7415,168.833,1006.45,-97.0163,165.535,1006.61,-79.6955,165.129,1005.8,-106.094,144.454,1012.52,-73.7136,143.423,989.472,-110.407,120.97,1013.4,-62.9434,120.221,969.419,-95.251,109.016,995.301,-54.0735,108.411,1007.15,-101.547,90.28,1008.45,-80.8803,89.6791,1016.51,-102.705,51.1555,1004.44,-84.5782,51.6056,1033,-103.766,11.8281,1005.47,-90.4175,14.8052,970.153,-27.2248,115.862,962.48,-21.413,126.278,951.685,-9.24417,125.357,960.159,-14.9435,114.796,0,0,0
002277:996.43,-85.2594,165.599,998.264,-89.194,168.919,999.379,-82.4873,168.791,1004.98,-96.8785,165.577,1004.83,-79.5603,165.141,1004.7,-106.048,144.488,1010.9,-73.7277,143.308,987.773,-110.438,121.282,1012.12,-62.9552,120.121,967.725,-95.0038,109.732,994.418,-53.6664,108.34,1005.93,-101.634,89.8766,1006.87,-81.0266,89.2274,1014.97,-102.738,50.8281,1003.57,-84.9187,51.1799,1030.38,-103.819,11.7696,1005.6,-91.22,14.6007,968.912,-26.8515,115.838,962.593,-21.137,126.245,952.021,-8.94162,125.381,959.093,-14.545,114.834,0,0,0
002278:996.323,-85.2893,165.612,998.191,-89.2265,168.923,999.571,-82.5453,168.824,1005.5,-96.9236,165.57,1006.12,-79.6985,165.154,1005.43,-106.014,144.564,1013.02,-73.951,143.447,986.902,-109.766,121.063,1013.51,-63.2168,120.181,965.93,-93.9864,109.237,993.651,-53.7705,108.4,1006.22,-101.621,90.3533,1008.31,-81.221,89.6712,1014.21,-102.621,51.2511,1005.04,-85.2276,51.4488,1026.61,-103.581,12.3395,1005.57,-91.5576,14.707,968.25,-26.7363,115.931,962.094,-20.8128,126.409,952.25,-8.52413,125.331,959.158,-14.3367,114.718,0,0,0
002279:995.771,-85.2412,165.66,997.639,-89.1697,169.001,999.273,-82.5015,168.836,1004.72,-96.8557,165.667,1005.9,-79.6565,165.195,1004.48,-106.003,144.613,1012.36,-73.9135,143.268,987.389,-110.262,121.367,1012.15,-63.0504,119.864,971.35,-95.3161,109.527,991.315,-53.1357,107.887,1004.31,-101.663,89.953,1006.71,-81.3052,89.1251,1012.99,-102.866,50.8448,1004.09,-85.6079,50.9187,1028.17,-103.875,11.879,1005.38,-92.0326,14.3333,968.726,-26.2721,115.832,963.902,-20.5587,126.29,954.123,-8.24849,125.4,960.129,-13.8752,114.785,0,0,0
002280:996.098,-85.1278,165.517,997.892,-89.0525,168.851,999.177,-82.3787,168.69,1004.42,-96.7425,165.492,1004.84,-79.5237,164.983,1003.62,-105.91,144.515,1011.18,-73.9454,143.203,984.261,-109.834,121.384,1012.33,-63.3205,119.913,963.675,-94.1378,110.153,995.672,-53.916,108.099,1004.92,-101.778,90.2065,1006.62,-81.4728,89.4139,1014.92,-102.983,50.9625,1003.96,-85.981,51.2123,1029.34,-103.538,11.9391,1004.79,-92.2878,14.5325,969.667,-26.3214,115.856,963.206,-20.2354,126.533,952.894,-7.70183,125.401,960.12,-13.6695,114.596,0,0,0
002281:993.446,-84.9133,165.107,995.204,-88.8167,168.466,996.697,-82.1881,168.282,1002.11,-96.5057,165.234,1003.15,-79.3978,164.703,1002.18,-105.746,144.471,1010.72,-73.9367,143.03,983.666,-109.737,121.47,1012.69,-63.425,119.649,966.645,-94.4352,110.249,995.16,-53.7337,107.691,1004.24,-101.799,90.2887,1006.63,-81.6275,89.3995,1015.15,-103.136,50.9361,1005.33,-86.3458,51.0574,1030.59,-104.015,11.7323,1005.86,-92.8252,14.3291,969.632,-26.0377,115.83,963.827,-20.0429,126.402,953.617,-7.59968,125.341,960.443,-13.511,114.619,0,0,0
002282:995.168,-85.0377,165.148,996.879,-88.9272,168.518,998.392,-82.2789,168.306,1003.31,-96.5205,165.235,1004.3,-79.3539,164.663,1002.87,-105.717,144.438,1010.63,-73.8027,142.915,986.25,-109.842,121.267,1011.79,-63.3138,119.362,970.018,-94.6956,109.726,994.011,-53.6326,107.255,1003.1,-101.842,90.358,1005.49,-81.676,89.3734,1012.46,-103.176,51.1827,1003.48,-86.5755,51.14,1028.09,-104.106,12.1111,1004.96,-93.354,14.3705,968.34,-25.6851,115.588,961.881,-19.6222,126.174,952.507,-7.15503,125.077,960.065,-13.1189,114.336,0,0,0
002283:993.366,-84.8971,165.024,995.273,-88.7895,168.387,996.732,-82.1482,168.168,1002.7,-96.4576,165.091,1003.63,-79.301,164.529,1002.09,-105.597,144.321,1011.19,-73.9321,142.791,983.231,-109.167,121.107,1012.18,-63.5554,119.104,962.725,-93.0896,109.777,992.097,-53.7578,106.914,1003.43,-102.05,90.2345,1005.94,-81.9837,89.269,1014.06,-103.227,51.0227,1003.81,-86.785,51.102,1030.82,-103.967,11.8797,1006.07,-93.6707,14.3716,967.971,-25.6558,115.333,962.926,-19.4238,125.991,953.324,-6.78704,124.759,959.131,-12.9068,113.979,0,0,0
002284:993.538,-84.7479,164.96,995.378,-88.6543,168.332,996.977,-82.0226,168.089,1002.41,-96.3819,165,1003.76,-79.2776,164.387,1001.35,-105.567,144.216,1011.36,-74.0717,142.551,982.364,-109.195,121.158,1013.39,-63.7903,118.814,964.179,-93.3018,110.002,994.594,-53.8256,106.73,1002.24,-102.065,90.0231,1005.44,-82.1239,88.9737,1012.02,-103.189,50.7563,1003.06,-87.0495,50.7096,1028.21,-103.978,11.5785,1004.36,-93.9936,14.0256,967.732,-25.3406,115.201,961.993,-19.129,125.835,952.814,-6.53741,124.606,959.483,-12.6413,113.818,0,0,0
002285:992.924,-84.5686,164.73,994.506,-88.4666,168.126,996.086,-81.871,167.856,1001.23,-96.2596,164.865,1002.26,-79.2225,164.264,1000.8,-105.465,144.159,1009.52,-74.1617,142.51,981.128,-108.728,120.865,1010.49,-63.814,118.695,962.269,-92.7193,109.285,990.987,-53.1803,106.364,1004.13,-102.296,89.7013,1006.47,-82.4382,88.7187,1014.83,-103.376,50.2703,1003.69,-87.23,50.4078,1029.72,-104.003,11.1785,1003.11,-93.9478,13.9644,966.586,-24.9419,115.034,960.98,-18.7724,125.685,952.084,-6.20093,124.482,958.603,-12.2355,113.695,0,0,0
002286:992.736,-84.2847,164.514,994.314,-88.1868,167.932,995.839,-81.5999,167.63,1000.7,-96.0257,164.715,1001.94,-79.0145,164.026,1000.1,-105.387,144.087,1009.59,-74.1631,142.267,982.064,-108.957,120.899,1012.49,-64.2103,118.245,964.933,-93.0155,109.591,995.239,-53.8085,105.77,1002.79,-102.288,89.708,1005.47,-82.4811,88.6622,1011.8,-103.179,50.3731,1001.45,-87.2491,50.4219,1026.69,-103.866,11.2132,1000.52,-94.0785,14.0212,967.554,-24.641,114.612,961.424,-18.3784,125.324,951.824,-5.7414,124.096,958.829,-11.8714,113.249,0,0,0
002287:991.654,-84.4914,164.169,993.329,-88.3641,167.564,994.59,-81.757,167.275,1000.1,-96.0899,164.312,1000.79,-78.9863,163.631,1000.26,-105.441,143.73,1009.11,-74.0137,141.97,985.691,-109.489,120.779,1011.56,-64.0008,118.272,967.626,-93.3985,110.053,996.335,-54.228,106.133,1003.59,-102.431,89.6801,1005.73,-82.4995,88.6122,1013.13,-103.473,50.3663,1002.74,-87.5274,50.3757,1027.46,-103.978,11.2414,1002.36,-94.4019,13.8155,969.182,-24.7801,114.314,961.72,-18.2029,125.016,952.166,-5.48336,123.589,960.393,-11.9329,112.74,0,0,0
002288:991.643,-84.4525,163.822,993.161,-88.3139,167.248,994.737,-81.7416,166.925,999.284,-96.0097,164.057,1000.63,-79.0311,163.362,998.269,-105.25,143.558,1007.64,-74.088,141.716,980.544,-108.789,120.553,1011.04,-64.1825,117.775,964.084,-92.7889,109.47,995.543,-54.0306,105.294,999.677,-102.191,89.5094,1002.32,-82.495,88.4032,1011.12,-103.322,50.1319,1000.76,-87.6925,50.133,1029.64,-104.222,10.71,1003.8,-95.0201,13.3841,969.124,-24.5694,113.905,962.687,-18.01,124.621,953.191,-5.26496,123.195,960.534,-11.6913,112.346,0,0,0
002289:992.859,-84.6423,163.523,994.274,-88.4888,166.942,995.593,-81.9138,166.635,1000.05,-96.1329,163.763,1000.81,-79.1329,163.077,999.211,-105.358,143.308,1007.5,-74.1364,141.527,982.416,-108.974,120.34,1010.71,-64.3362,117.628,964.57,-92.7777,109.448,995.332,-54.4508,105.198,1001.66,-102.257,89.3452,1003.82,-82.4918,88.3068,1012.13,-103.284,50.0371,1001.91,-87.5492,50.0704,1030.04,-104.281,10.6177,1005.87,-94.9519,13.1938,969.205,-24.5559,113.541,962.067,-17.8231,124.248,951.883,-5.03814,122.706,959.872,-11.6402,111.865,0,0,0
002290:993.093,-84.4352,163.566,994.528,-88.3045,167.005,995.548,-81.7006,166.679,999.727,-95.9901,163.847,1000.26,-78.9477,163.133,997.477,-105.122,143.457,1006.65,-74.0928,141.666,977.309,-107.99,120.215,1010.4,-64.4786,117.562,955.614,-91.3447,109.012,997.686,-54.5376,104.621,1000.1,-102.261,89.6449,1002.65,-82.5798,88.5637,1009.14,-103.33,50.3682,1000.33,-87.7091,50.2505,1025.58,-104.174,11.1065,1005.51,-95.0646,13.0866,968.855,-24.2742,112.976,961.311,-17.4452,123.656,950.857,-4.73803,122.013,958.938,-11.3928,111.241,0,0,0
002291:992.292,-84.4482,163.053,993.571,-88.2608,166.512,995.008,-81.7083,166.147,998.947,-95.8649,163.411,999.981,-78.9045,162.641,998.017,-105.209,143.09,1006.7,-74.1422,141.147,980.903,-108.984,120.207,1011.51,-64.7057,117.067,963.233,-93.1456,109.213,999.245,-55.046,104.264,1000.44,-102.462,89.0694,1002.27,-82.75,87.9749,1011.97,-103.62,49.678,999.929,-87.7518,49.7984,1029.19,-104.333,10.3117,1001.47,-94.6019,13.2458,969.169,-24.2999,112.494,962.232,-17.2329,123.043,951.593,-4.48276,121.212,959.336,-11.4088,110.549,0,0,0
002292:990.694,-84.348,162.699,992.25,-88.1607,166.152,993.522,-81.6276,165.762,998.174,-95.7942,163.034,999.147,-78.8569,162.244,996.995,-105.099,142.857,1005.99,-74.0965,140.897,976.975,-108.369,120.256,1011.05,-64.5072,117.042,954.846,-92.1288,109.725,998.853,-54.6113,104.423,998.732,-102.509,89.2902,1000.64,-82.7903,88.1345,1009.85,-103.97,50.0621,997.877,-87.7828,50.1262,1029.29,-104.644,10.6374,1002,-94.3161,13.225,969.189,-23.9432,112.246,962.123,-16.9716,122.619,951.952,-4.36749,120.801,959.709,-11.1924,110.29,0,0,0
002293:991.701,-84.3114,162.474,993.201,-88.0884,165.956,994.48,-81.5614,165.515,999.083,-95.6584,162.876,1000.19,-78.7279,162.031,997.563,-105.045,142.812,1006.55,-73.9181,140.64,979.243,-108.73,120.25,1009.9,-64.3464,116.421,959.599,-93.1555,109.571,992.501,-54.0087,103.303,999.377,-102.69,89.2634,1001.55,-82.9124,87.9892,1010.96,-104.29,49.9148,999.601,-87.9057,49.8639,1030.39,-105.234,10.4053,1005.27,-94.5064,12.6942,968.082,-23.6125,111.7,963.57,-16.7646,122.018,953.623,-4.10771,120.283,958.704,-10.8591,109.795,0,0,0
002294:992.036,-84.2792,162.254,993.364,-88.0675,165.745,994.492,-81.5418,165.316,998.164,-95.7081,162.74,999.011,-78.7683,161.892,995.97,-105.089,142.695,1004.84,-74.1213,140.615,976.897,-108.429,120.044,1009.09,-64.6955,116.6,957.07,-92.1274,109.361,996.262,-54.6639,103.677,998.413,-102.827,88.9884,1000.73,-83.0896,87.8073,1008.61,-104.204,49.9109,999.14,-87.8651,49.7943,1026.78,-104.9,10.6943,1005.35,-94.4269,12.797,968.278,-23.5135,111.269,961.651,-16.4645,121.503,951.037,-3.94339,119.613,958.102,-10.836,109.261,0,0,0
002295:990.295,-83.9889,162.173,991.632,-87.7609,165.651,992.703,-81.2607,165.232,996.695,-95.37,162.653,997.541,-78.4962,161.771,995.448,-104.859,142.631,1003.36,-73.8431,140.565,977.737,-108.659,119.986,1006.82,-64.4718,116.672,957.819,-93.1255,109.016,992.486,-54.5422,103.85,998.244,-102.512,89.2037,1000.04,-82.7145,88.0031,1008.58,-104.236,50.1307,998.653,-87.7005,49.9981,1026.54,-105.456,10.8746,1004.37,-94.3736,12.9312,965.792,-23.1751,110.794,960.785,-15.9657,121.008,950.882,-3.33818,118.841,956.58,-10.4641,108.477,0,0,0
002296:990.848,-84.0531,161.984,992.056,-87.7874,165.462,993.162,-81.2824,165.012,996.566,-95.3042,162.411,997.441,-78.4258,161.48,994.953,-104.839,142.501,1003.05,-73.8451,140.297,976.648,-108.686,120.094,1007.47,-64.6697,116.256,957.093,-93.2351,109.426,993.688,-54.863,103.238,998.418,-102.837,89.2291,1000.42,-83.0077,87.9793,1008.64,-104.521,50.1702,998.313,-87.723,50.0815,1029.72,-105.868,10.5892,1005.4,-94.0969,12.8759,966.251,-23.1239,110.193,960.131,-15.6234,120.374,950.592,-2.95638,118.004,957.445,-10.3636,107.656,0,0,0
002297:990.215,-83.8895,161.82,991.55,-87.6369,165.311,992.601,-81.1204,164.848,996.334,-95.2209,162.27,997.235,-78.2988,161.315,994.036,-104.744,142.343,1002.65,-73.7823,140.159,973.588,-108.031,119.686,1006.32,-64.6757,116.032,950.668,-91.8973,108.837,993.108,-55.0371,102.951,996.381,-102.85,89.1593,998.677,-83.015,87.9056,1006.26,-104.539,50.1876,997.372,-87.7439,49.9692,1024.38,-105.441,10.9437,1004.26,-94.0431,12.7175,966.134,-22.8652,109.654,960.918,-15.3928,119.756,951.807,-2.78642,117.344,957.455,-10.1489,107.099,0,0,0
002298:989.99,-83.82,161.84,991.365,-87.5872,165.33,992.446,-81.0291,164.858,996.15,-95.2041,162.247,996.895,-78.171,161.273,993.874,-104.784,142.237,1001.97,-73.6525,140.036,972.453,-108.009,119.49,1006.43,-64.6578,115.805,948.199,-91.6149,108.451,995.455,-55.2612,102.512,995.61,-102.893,88.9586,997.469,-82.8972,87.7065,1005.73,-104.754,50.0773,995.322,-87.5545,49.9619,1026.19,-105.954,10.7425,1002.37,-93.9108,12.8684,967.954,-22.8609,108.931,961.182,-15.084,119.126,952.1,-2.39419,116.492,959.324,-10.0117,106.182,0,0,0
002299:987.816,-83.4628,161.529,989.297,-87.21,165.002,990.377,-80.7338,164.535,994.813,-94.9402,161.971,995.824,-78.0668,160.959,993.123,-104.648,142.069,1002.97,-73.9111,139.847,971.426,-107.904,119.543,1008.04,-65.2586,115.639,943.619,-91.1495,108.994,996.701,-56.0676,102.329,996.8,-102.923,89.046,999.291,-83.066,87.7844,1003.86,-104.517,50.5157,994.198,-87.3801,50.381,1022.97,-105.848,11.3908,1000.99,-93.7094,13.415,969.779,-22.9957,108.163,962.019,-14.8184,118.45,951.643,-1.93015,115.526,959.707,-9.96969,105.124,0,0,0
002300:988.768,-83.4849,161.345,989.971,-87.2379,164.846,991.189,-80.7283,164.334,994.159,-94.9525,161.795,995.404,-77.9867,160.728,991.747,-104.743,141.844,1001.18,-73.7972,139.548,970.836,-108.171,119.272,1007.73,-65.1852,115.275,945.916,-91.5774,108.503,999.591,-56.2082,101.806,994.322,-103.033,88.7353,996.674,-83.025,87.4252,1003.08,-105.022,50.1814,992.14,-87.4641,50.1009,1025.65,-106.39,10.8241,999.808,-93.563,13.1149,970.385,-22.9324,107.488,961.594,-14.6272,117.748,950.766,-1.81211,114.732,959.997,-9.93894,104.374,0,0,0
002301:988.499,-83.576,161.321,989.729,-87.2814,164.795,990.52,-80.7308,164.279,993.787,-94.8315,161.68,993.945,-77.7551,160.584,992.064,-104.72,141.69,998.722,-73.395,139.34,974.925,-109.095,119.369,1004.79,-64.8702,115.096,949.791,-92.8781,108.914,999.704,-56.5321,101.501,993.652,-102.956,88.6071,994.572,-82.7559,87.3198,1001.88,-104.856,50.2847,991.647,-87.3503,50.1185,1021.66,-105.877,11.4101,1000.64,-93.6652,13.2342,971.041,-22.9993,107.043,962.325,-14.4597,117.32,950.352,-1.43624,114.186,959.422,-9.80982,103.811,0,0,0
002302:987.879,-83.5131,161.122,989.247,-87.2264,164.59,990.247,-80.6885,164.081,993.782,-94.8332,161.496,994.225,-77.7691,160.376,992.045,-104.783,141.517,999.158,-73.4942,139.125,971.993,-108.868,119.27,1004.71,-65.0152,114.913,944.017,-92.2865,108.78,997.289,-56.6248,101.394,993.939,-103.172,88.5013,994.929,-82.9163,87.1902,1002.98,-105.334,50.2657,991.165,-87.3438,50.2096,1026.26,-107.108,11.1271,1001.64,-93.9143,13.3445,969.439,-22.8347,106.342,961.37,-14.1324,116.517,950.251,-1.14829,113.149,958.691,-9.69919,102.887,0,0,0
002303:987.616,-83.0719,161.034,988.852,-86.8193,164.53,990.032,-80.3307,163.999,993.029,-94.6167,161.537,994.041,-77.6924,160.369,991.437,-104.702,141.588,999.323,-73.7148,139.127,972.551,-108.809,119.239,1005.74,-65.4239,114.824,947.567,-92.4107,108.487,999.797,-56.6336,101.075,993.775,-103.086,88.3935,995.082,-82.9639,87.0979,1002.92,-105.214,50.1433,990.816,-87.2827,50.1425,1027.02,-107.221,10.8942,999.186,-93.782,13.572,969.218,-22.5093,105.699,961.873,-14.0116,115.673,951.261,-1.27701,112.331,959.24,-9.63185,102.259,0,0,0
002304:986.137,-82.8777,160.675,987.729,-86.6347,164.162,988.863,-80.1997,163.626,992.881,-94.517,161.211,994.305,-77.7133,160.014,990.517,-104.577,141.394,1000.3,-73.8563,138.901,969.317,-108.458,119.2,1006.17,-65.6344,114.655,940.914,-92.1679,108.559,997.136,-56.6496,100.889,991.474,-102.862,88.6806,993.636,-82.8658,87.3222,999.971,-105.15,50.6249,989.379,-87.1555,50.4868,1022.23,-107.173,11.6536,998.26,-93.4774,13.8086,968.386,-22.1857,104.909,962.919,-13.7059,114.688,953.069,-1.04075,111.198,958.753,-9.42236,101.314,0,0,0
002305:987.416,-82.9249,160.692,988.641,-86.6571,164.191,989.746,-80.2312,163.676,992.356,-94.4533,161.31,993.917,-77.687,160.092,989.684,-104.559,141.597,999.121,-73.8055,139.13,971.917,-108.923,119.244,1004.35,-65.5717,115.022,949.695,-93.5106,108.075,995.957,-56.5558,101.236,991.944,-102.941,89.0556,994.235,-82.9035,87.7024,1000.57,-105.399,50.8855,989.752,-87.1054,50.7621,1026.14,-108.422,11.2956,998.532,-93.5656,13.8923,967.802,-22.1288,104.391,961.825,-13.4266,114.008,952.071,-0.859098,110.234,958.616,-9.51314,100.483,0,0,0
002306:985.919,-82.715,160.472,987.311,-86.4836,163.996,988.39,-80.0503,163.451,991.514,-94.4643,161.157,992.79,-77.6521,159.931,989.112,-104.669,141.364,997.61,-73.9023,138.885,968.972,-108.709,119.001,1001.85,-65.6261,114.716,942.667,-92.5369,107.982,990.801,-56.2548,100.882,992.404,-103.188,88.2671,993.747,-83.0753,86.9995,1002.3,-105.599,49.9208,988.224,-87.0459,50.1089,1031.37,-108.696,9.93425,998.769,-93.5456,13.1982,966.02,-21.9862,103.386,961.747,-13.1965,112.81,952.696,-0.743985,108.837,957.385,-9.47569,99.3053,0,0,0
002307:986.246,-82.67,160.456,987.498,-86.4061,163.974,988.759,-80.0037,163.433,991.32,-94.3251,161.186,993.204,-77.5693,159.894,988.876,-104.637,141.472,998.4,-73.9158,138.919,972.331,-109.445,119.179,1002.98,-65.8605,114.894,950.754,-94.1708,107.897,992.9,-56.943,101.136,991.284,-103.142,88.5255,993.36,-83.0045,87.1644,1000.33,-105.881,50.3766,988.07,-87.0108,50.3626,1027.19,-109.316,10.7039,996.772,-93.3031,13.689,966.484,-22.1302,102.714,961.537,-12.8866,112.087,951.675,-0.374071,107.714,957.039,-9.57572,98.247,0,0,0
002308:984.24,-82.4955,160.351,985.603,-86.2332,163.858,986.788,-79.8045,163.327,989.662,-94.2016,161.056,991.404,-77.3588,159.743,987.334,-104.603,141.331,997.369,-73.8626,138.749,966.303,-108.813,119.083,1003.03,-66.0829,114.572,937.31,-92.4098,108.079,994.512,-57.5741,100.617,991.532,-103.484,88.3098,994.024,-83.2213,86.9304,998.354,-106.186,50.3756,987.991,-86.9611,50.2302,1024.26,-109.825,10.8495,998.3,-93.3767,13.4079,967.828,-22.2954,101.737,961.883,-12.6837,111.086,951.624,-0.130908,106.422,957.788,-9.6724,97.0064,0,0,0
002309:984.686,-82.5682,160.21,986.057,-86.2938,163.73,987.112,-79.8574,163.198,989.805,-94.1915,161.005,991.414,-77.3382,159.632,987.443,-104.691,141.339,996.983,-73.8147,138.691,969.95,-109.845,119.241,1004.01,-66.3105,114.552,945.536,-94.5239,108.21,1000.16,-58.4855,100.413,988.889,-103.167,88.4196,991.126,-82.8498,87.0117,996.185,-106.118,50.4199,986.818,-86.8022,50.1663,1020.45,-110.046,10.9059,995.844,-93.1596,13.3626,969.998,-22.5241,100.845,962.428,-12.5085,110.176,951.381,0.0730621,105.206,959.199,-9.89291,95.8101,0,0,0
002310:983.523,-82.2549,160.205,984.776,-85.9897,163.723,986.089,-79.5732,163.188,988.463,-93.9982,161.012,990.637,-77.1759,159.608,986.493,-104.706,141.319,997.134,-73.8254,138.631,970.906,-110.365,119.272,1004.63,-66.3729,114.598,949.876,-95.3591,108.194,999.335,-58.6398,100.681,989.274,-103.214,88.1935,992.435,-82.8715,86.7635,996.586,-106.173,50.2073,988.65,-86.8082,49.8936,1021.96,-110.061,10.5855,998.331,-93.0064,13.0569,969.848,-22.705,100.314,962.494,-12.4861,109.538,951.726,0.0199206,104.291,959.447,-10.1617,95.0024,0,0,0
002311:982.52,-82.1155,160.14,983.963,-85.8478,163.686,985.283,-79.4631,163.13,988.199,-93.9739,161.106,990.336,-77.187,159.655,986.778,-104.845,141.448,996.953,-73.9888,138.676,967.346,-110.19,119.536,1004.47,-66.5875,114.576,941.086,-94.7988,108.601,999.895,-58.5759,100.41,989.525,-103.536,88.04,992.502,-83.1467,86.581,993.53,-106.433,50.3248,987.059,-86.7642,49.8569,1015.18,-110.509,11.1719,996.42,-93.0557,13.15,968.482,-22.3574,99.5811,961.933,-12.2351,108.541,951.941,0.0812159,103.261,958.811,-10.0251,94.2403,0,0,0
002312:983.492,-82.208,160.079,984.698,-85.912,163.613,986.033,-79.4886,163.075,987.959,-93.8805,160.996,990.355,-77.0184,159.538,986.079,-104.728,141.311,996.661,-73.7505,138.607,968.991,-110.336,119.141,1005.25,-66.5626,114.491,946.03,-95.3613,107.624,1002.61,-59.2428,100.242,988.769,-103.508,88.0818,992.11,-82.9944,86.627,993.724,-106.569,50.4432,987.739,-86.5946,49.9411,1016.95,-110.667,11.1854,997.239,-92.6573,13.232,967.374,-22.3057,98.7413,960.937,-11.822,107.493,950.897,0.425624,101.835,957.659,-10.039,93.0388,0,0,0
002313:982.36,-82.0225,160.109,983.662,-85.7282,163.612,984.872,-79.331,163.072,987.409,-93.7775,160.935,989.624,-76.9758,159.427,985.767,-104.783,141.286,996.438,-73.8802,138.458,968.93,-110.73,119.379,1004.9,-66.7429,114.434,945.899,-96.0745,108.125,1001.88,-59.3707,100.342,988.378,-103.638,88.1741,991.807,-83.1324,86.6785,993.293,-106.822,50.57,988.359,-86.7269,49.973,1013.32,-110.924,11.5928,997.476,-92.6558,13.2747,967.285,-22.2523,98.2227,961.337,-11.7492,106.853,951.62,0.460242,101.064,957.71,-10.0556,92.3717,0,0,0
002314:981.427,-81.8016,159.8,981.745,-85.539,163.211,983.114,-79.1978,162.913,985.449,-93.658,160.775,989.341,-76.9096,159.324,984.48,-104.795,141.095,996.697,-73.8875,138.275,970.188,-110.823,118.858,1004.83,-66.9705,114.067,946.624,-96.495,107.552,1002.59,-59.5966,99.8827,986.361,-103.48,87.4799,991.319,-82.9691,86.0213,992.492,-106.742,49.9092,988.026,-86.5473,49.4387,1014.66,-111.138,11.2151,997.706,-92.5794,13.131,967.957,-22.5216,97.2098,958.913,-12.3277,106.089,952.091,0.0685919,100.081,960.35,-10.2356,91.2585,0,0,0
002315:983.028,-81.8801,159.833,983.443,-85.6377,163.244,984.214,-79.2307,162.931,986.415,-93.7363,160.766,989.232,-76.8731,159.28,984.359,-104.856,141.081,994.77,-73.7876,138.166,969.366,-110.997,118.912,1001.69,-66.8464,113.922,945.065,-96.8559,107.517,1000.4,-59.4123,99.4756,985.656,-103.61,87.4588,989.728,-82.9677,86.0021,992.362,-107.088,49.842,988.444,-86.5649,49.3054,1012.65,-111.707,11.2807,998.721,-92.5406,12.9313,966.996,-22.5541,96.4723,959.072,-12.2836,105.241,952.358,0.0640302,99.0985,959.52,-10.3314,90.3853,0,0,0
002316:983.321,-81.9638,159.657,983.557,-85.7053,163.097,984.588,-79.2872,162.766,986.273,-93.7759,160.681,989.364,-76.8901,159.183,984.282,-104.965,141.066,994.828,-73.7133,138.11,970.625,-110.991,118.717,1001.32,-66.5999,113.674,946.244,-96.5426,107.223,1000.21,-58.8089,98.6721,985.655,-103.902,87.5929,990.161,-83.1969,86.0969,990.581,-107.218,49.9812,988.07,-86.6383,49.3199,1010.34,-111.873,11.3005,999.273,-92.7186,12.6015,968.348,-22.3042,95.4609,960.059,-12.0793,104.022,953.491,0.0872405,97.8595,961.067,-10.2811,89.3301,0,0,0
002317:981.611,-81.7918,159.72,981.938,-85.5272,163.187,982.897,-79.0988,162.85,985.249,-93.6057,160.906,987.993,-76.6723,159.333,984.323,-105.02,141.376,994.622,-73.6698,138.356,971.818,-111.69,119.092,1002.58,-67.1304,113.798,946.633,-97.8586,107.607,1006.39,-60.4869,98.5219,985.611,-103.827,87.8264,989.457,-82.997,86.3306,990.74,-107.311,50.0819,986.961,-86.5163,49.5076,1010.94,-112.117,11.2057,998.729,-92.5147,12.6031,970.309,-22.7294,94.8731,960.283,-12.034,103.459,952.902,0.173551,96.9625,962.284,-10.6448,88.4243,0,0,0
002318:982.075,-81.8672,159.512,982.167,-85.5955,162.943,983.49,-79.1993,162.628,985.121,-93.7245,160.522,988.827,-76.8482,158.986,984.172,-105.176,140.77,995.515,-73.9457,137.879,972.411,-111.578,118.055,1002.82,-67.2487,113.398,949.486,-97.2512,105.896,1003.44,-60.4132,98.4138,985.983,-104.219,87.1973,990.828,-83.3956,85.711,989.217,-107.546,49.8423,986.706,-86.539,49.1991,1009.52,-112.397,11.2098,997.847,-92.455,12.6147,969.163,-22.6324,94.2304,960.645,-11.8007,102.766,954.156,0.481488,96.0089,962.119,-10.4808,87.5297,0,0,0
002319:981.628,-81.8589,159.461,981.779,-85.5795,162.923,982.845,-79.1744,162.589,984.747,-93.6555,160.631,987.672,-76.7533,159.065,983.585,-105.09,141.094,993.691,-73.7598,138.168,971.283,-111.645,118.463,1000.22,-67.0356,113.695,946.726,-97.9736,106.191,1001.52,-60.057,98.2402,985.285,-104.101,87.785,989.503,-83.2504,86.2939,989.444,-107.625,50.2828,987.043,-86.5102,49.6106,1009.2,-112.707,11.5516,998.716,-92.3532,12.7479,968.141,-22.5065,93.5175,958.73,-11.5654,101.797,952.31,0.476195,94.8812,961.136,-10.6117,86.6514,0,0,0
002320:980.509,-81.5952,159.434,980.497,-85.2952,162.927,981.685,-78.9076,162.554,983.062,-93.4257,160.718,986.643,-76.5413,159.075,981.922,-105.094,141.159,993.264,-73.7352,138.122,971.881,-112.226,118.511,1000.32,-67.196,113.518,951.605,-98.9709,106.058,1000.85,-60.4716,97.9943,984.169,-104.237,87.5538,989.186,-83.3427,85.9687,988.864,-107.931,50.0693,987.203,-86.733,49.3063,1008.39,-112.796,11.4534,997.783,-92.3876,12.6414,967.372,-22.5294,92.7586,958.5,-11.3028,100.985,951.952,0.787504,93.7903,960.392,-10.588,85.6115,0,0,0
002321:981.292,-81.8805,159.661,981.413,-85.5612,163.131,982.337,-79.1068,162.775,984.354,-93.53,160.848,986.946,-76.5315,159.191,983.346,-105.12,141.317,993.009,-73.5921,138.285,972.452,-112.197,118.608,999.83,-67.1193,113.651,945.721,-98.9542,106.011,1002.55,-60.8811,97.8075,984.911,-104.413,88.1334,988.897,-83.403,86.5531,987.987,-108.103,50.7055,986.672,-86.744,49.8723,1004.62,-113.038,12.2494,998.283,-92.403,12.8531,969.674,-22.9374,91.7622,960.037,-11.4295,99.7351,953.038,0.51338,92.2506,961.954,-11.1562,84.3431,0,0,0
002322:980.784,-81.5976,159.407,980.839,-85.2856,162.915,981.871,-78.8629,162.529,983.495,-93.3776,160.745,986.733,-76.4632,159.036,982.237,-105.12,141.323,993.191,-73.717,138.217,973.636,-112.486,118.539,999.955,-67.2338,113.559,952.359,-99.7013,105.642,1003.38,-60.7557,97.4144,983.151,-104.396,88.2061,987.885,-83.4831,86.5875,986.672,-108.12,50.7215,986.286,-86.794,49.8334,1002.83,-113.085,12.18,996.324,-92.1921,12.8843,970.29,-23.1498,90.6365,961.438,-11.453,98.353,954.073,0.312264,90.5824,962.54,-11.563,82.9128,0,0,0
002323:979.969,-81.3755,159.556,980.02,-85.0882,163.064,981.14,-78.6686,162.678,983.103,-93.3267,160.897,986.355,-76.4144,159.154,982.266,-105.193,141.439,993.673,-73.9264,138.234,971.062,-112.489,118.878,1001.39,-67.634,113.618,946.62,-99.5068,106.255,1004.55,-61.2118,97.6572,984.568,-104.639,87.958,989.56,-83.7281,86.283,985.723,-108.315,50.5168,986.202,-86.8745,49.5596,1001.26,-113.554,12.0069,997.163,-92.3144,12.4926,969.785,-23.3139,89.9622,961.39,-11.4221,97.4756,954.615,0.208267,89.3738,962.526,-11.8655,81.9194,0,0,0
002324:981.928,-81.374,159.6,981.787,-85.0773,163.126,982.461,-78.6254,162.712,983.355,-93.2174,160.985,985.685,-76.2555,159.203,981.241,-105.095,141.576,989.819,-73.5157,138.321,968.935,-112.466,118.982,994.715,-66.954,113.697,944.75,-100.138,105.938,995.276,-60.039,97.4453,983.724,-104.599,88.2265,987.757,-83.5715,86.557,985.641,-108.497,50.7322,986.368,-86.9254,49.7097,999.879,-113.733,12.3399,997.617,-92.3262,12.5442,966.577,-23.0742,89.3231,959.247,-11.4653,96.5484,953.41,-0.0876472,88.4943,960.28,-11.9225,81.2921,0,0,0
002325:979.254,-81.1243,159.412,979.186,-84.8152,162.977,980.207,-78.414,162.522,982.085,-93.0687,160.964,985.208,-76.2093,159.137,981.472,-105.21,141.689,991.281,-73.6562,138.23,970.774,-113.31,119.296,996.297,-67.1267,113.417,946.337,-101.834,106.257,994.392,-59.7851,96.8445,983.962,-104.74,88.0979,988.757,-83.7677,86.3305,983.804,-108.416,50.6294,985.638,-86.8392,49.5106,997.492,-113.956,12.1882,996.529,-92.2338,12.3458,965.178,-23.0208,88.4192,958.846,-11.4939,95.2327,953.259,-0.402341,87.1164,959.315,-12.1931,80.3021,0,0,0
002326:980.152,-81.1798,159.387,980.291,-84.8732,162.969,981.112,-78.4389,162.518,983.597,-93.1775,161.004,986.15,-76.181,159.123,983.165,-105.481,141.739,991.413,-73.6961,138.32,973.589,-113.761,119.117,995.88,-67.3828,113.536,948.366,-101.972,105.906,994.608,-60.7855,97.0767,983.178,-104.964,88.3144,987.061,-83.8401,86.6077,983.917,-108.669,50.7668,985.702,-86.8886,49.6709,995.706,-114.079,12.315,997.181,-92.2385,12.3319,963.616,-23.4212,87.8737,957.082,-11.3513,94.5612,950.714,-0.288179,85.9971,956.91,-12.5988,79.3479,0,0,0
002327:979.823,-80.9604,159.23,979.73,-84.6753,162.852,980.621,-78.2587,162.405,982.109,-93.117,161.038,984.982,-76.1078,159.143,980.594,-105.473,141.757,990.206,-73.7729,138.435,970,-113.687,118.939,995.429,-67.5715,113.805,945.059,-101.648,105.411,995.439,-61.2799,97.3907,981.672,-104.842,88.057,986.546,-83.7434,86.3365,981.307,-108.537,50.5953,984.579,-86.7744,49.427,995.2,-114.263,11.9323,997.43,-92.2923,11.9465,964.929,-23.9314,86.7252,957.164,-11.3814,93.2763,951.177,-0.503662,84.156,958.714,-13.2702,77.6635,0,0,0
002328:978.387,-80.8591,159.283,978.427,-84.5694,162.918,979.523,-78.1926,162.439,981.798,-93.123,161.133,984.959,-76.1859,159.204,981.199,-105.673,141.915,991.452,-74.067,138.456,972.368,-114.391,119.103,997.502,-67.9231,113.6,949.404,-103.183,105.309,997.95,-61.3034,96.6819,981.046,-105.04,88.1618,986.242,-84.0317,86.4023,980.62,-108.612,50.6223,984.045,-86.8387,49.4564,993.812,-114.463,11.8953,995.202,-92.1179,12.1068,964.901,-24.0162,85.7268,956.347,-11.2929,92.0789,950.6,-0.544348,82.7366,958.934,-13.5156,76.427,0,0,0
002329:978.744,-80.8466,159.337,978.701,-84.557,162.98,979.527,-78.1591,162.493,981.52,-93.1043,161.218,984.011,-76.141,159.272,980.49,-105.61,141.947,989.874,-74.0835,138.504,972.985,-114.449,119.024,995.205,-67.9341,113.733,951.357,-103.537,104.926,996.457,-61.4019,96.8048,981.11,-105.111,88.007,985.884,-84.0947,86.2322,981.222,-108.976,50.4107,985.074,-87.0764,49.1727,994.315,-114.945,11.7093,997.254,-92.2926,11.6422,966.432,-24.2488,84.9165,956.597,-11.3352,91.193,950.381,-0.682235,81.667,959.967,-13.827,75.437,0,0,0
002330:979.55,-80.8553,159.237,979.412,-84.5697,162.907,980.048,-78.1574,162.417,981.278,-93.1113,161.243,983.457,-76.1054,159.278,979.631,-105.624,142.065,988.387,-74.0195,138.61,971.149,-114.449,119.298,994.413,-67.9742,113.905,949.17,-103.385,105.434,997.521,-61.6497,96.893,980.548,-105.033,88.0255,984.956,-83.9589,86.2679,980.076,-108.902,50.4262,983.059,-86.8131,49.2788,994.521,-115.165,11.5483,995.712,-92.0534,11.713,966.71,-24.4835,84.2831,956.623,-11.3376,90.3779,950.22,-0.846884,80.5976,960.184,-14.2064,74.5463,0,0,0
002331:979.146,-80.9028,159.254,978.939,-84.5964,162.937,979.766,-78.1943,162.44,980.932,-93.1032,161.294,983.729,-76.1384,159.317,979.532,-105.66,142.163,988.617,-74.052,138.695,973.983,-115.033,119.212,993.272,-67.9223,113.947,956.529,-105.104,104.718,992.497,-61.4716,96.828,979.706,-105.051,88.3489,984.837,-84.0455,86.5279,979.216,-108.916,50.678,983.857,-86.8937,49.3923,992.855,-115.445,11.6963,996.048,-92.0943,11.6601,966.009,-24.7636,83.4879,957.905,-11.5171,89.2139,952.009,-1.2123,79.1766,960.197,-14.7387,73.4884,0,0,0
002332:977.592,-80.5485,159.486,977.451,-84.2563,163.162,978.229,-77.8497,162.667,979.601,-92.8876,161.504,982.623,-75.9248,159.471,978.333,-105.672,142.372,987.857,-74.0563,138.762,973.26,-115.441,119.644,992.495,-67.9893,114.08,957.902,-105.722,105.372,990.546,-61.5721,97.2532,978.608,-105.238,88.4433,984.023,-84.1977,86.5756,978.672,-109.171,50.6993,984.035,-86.9958,49.3616,992.85,-115.916,11.5486,996.68,-92.1637,11.5532,964.845,-24.8732,82.8943,957.855,-11.5328,88.2803,952.06,-1.41254,77.9803,959.386,-15.0546,72.6111,0,0,0
002333:977.389,-80.5404,158.951,977.222,-84.2383,162.684,978.211,-77.8938,162.173,979.783,-93.0044,161.259,982.961,-76.1113,159.213,979.162,-105.945,142.228,988.686,-74.3861,138.723,973.435,-115.485,119.161,993.092,-68.3585,114.021,957.146,-105.695,104.376,990.941,-61.9663,96.915,979.764,-105.489,88.3082,985.285,-84.4786,86.4821,978.734,-109.29,50.6474,984.624,-87.0653,49.3073,991.207,-115.854,11.6137,997.355,-92.0949,11.4089,965.01,-25.2518,81.9105,957.527,-11.8259,87.0193,951.445,-2.00763,76.5797,959.204,-15.7174,71.5041,0,0,0
002334:977.99,-80.7493,159.196,977.641,-84.4283,162.928,978.506,-78.031,162.415,979.156,-93.0423,161.448,982.262,-76.0549,159.389,977.838,-105.91,142.412,987.489,-74.2218,138.845,972.835,-115.792,119.415,992.7,-68.2926,114.149,957.422,-106.532,104.469,992.682,-62.3379,96.9133,978.955,-105.557,88.3801,984.796,-84.4781,86.4764,976.827,-109.379,50.7074,984.323,-87.0858,49.1966,988.866,-116.235,11.6605,997.442,-92.1903,11.1665,965.509,-25.7658,81.006,957.516,-12.0672,85.8438,951.224,-2.45501,75.1072,959.598,-16.4436,70.2969,0,0,0
002335:977.576,-80.5912,158.955,977.284,-84.2884,162.693,978.295,-77.9125,162.157,979.303,-93.0766,161.249,982.876,-76.1435,159.145,978.402,-106.128,142.175,988.562,-74.488,138.499,975.755,-116.468,119.183,993.626,-68.581,113.667,961.029,-107.382,104.135,992.472,-62.4979,96.1378,977.788,-105.552,88.0909,983.935,-84.5007,86.14,975.502,-109.458,50.5883,983.456,-87.0759,49.0422,987.822,-116.508,11.6581,997.431,-92.2776,11.088,965.304,-26.2225,79.825,957.482,-12.4434,84.5152,950.18,-2.96135,73.6605,958.366,-17.0332,69.0099,0,0,0
002336:976.976,-80.4163,158.731,976.613,-84.0907,162.481,977.746,-77.7738,161.946,978.506,-92.9412,161.137,982.312,-76.1241,159.008,977.141,-106.119,142.167,987.68,-74.6623,138.516,974.002,-116.373,118.994,991.444,-68.7008,113.785,960.209,-107.387,103.605,988.569,-62.427,96.3517,976.889,-105.868,88.3446,983.417,-84.93,86.42,974.859,-109.603,50.8564,983.403,-87.233,49.3104,986.106,-116.564,11.876,996.905,-92.2441,11.3331,964.574,-26.3585,79.1203,957.695,-12.5792,83.4373,951.537,-3.32964,72.3644,958.753,-17.4373,68.0849,0,0,0
002337:975.579,-80.245,158.67,975.144,-83.9057,162.439,976.211,-77.5823,161.892,976.908,-92.7474,161.168,980.565,-75.8966,159.022,976.023,-105.991,142.2,985.982,-74.4541,138.572,972.051,-116.084,118.801,990.543,-68.6905,113.691,959.083,-107.279,102.916,989.225,-62.8382,95.9277,976.705,-105.885,88.288,982.904,-84.8569,86.3503,974.693,-109.751,50.8186,983.64,-87.2503,49.2008,983.804,-116.552,12.1138,996.776,-92.2035,11.2407,964.806,-26.7503,78.442,958.993,-12.9655,82.5273,953.15,-3.93198,71.3487,959.257,-18.0367,67.3269,0,0,0
002338:975.365,-80.0525,158.559,975.026,-83.7525,162.339,976.223,-77.464,161.793,976.994,-92.8404,161.111,981.185,-76.0456,158.947,975.833,-106.268,142.133,986.867,-74.8402,138.469,970.621,-116.39,118.823,991.009,-68.9385,113.696,959.42,-107.437,103.034,986.662,-62.6603,96.2336,975.907,-106.096,88.1498,983.158,-85.1496,86.1921,972.906,-109.787,50.8158,984.424,-87.3609,49.0655,981.564,-116.714,12.1327,997.809,-92.379,11.089,962.58,-27.0196,78.1141,957.702,-13.1801,82.0149,951.666,-4.24996,70.6565,956.991,-18.4222,66.817,0,0,0
002339:974.443,-79.8379,158.664,974.156,-83.5719,162.464,975.316,-77.2886,161.913,976.022,-92.8317,161.305,980.404,-76.0484,159.119,974.315,-106.368,142.224,985.558,-74.9457,138.57,970.936,-116.734,118.68,989.283,-69.0362,113.814,960.884,-107.739,102.498,984.879,-62.8305,96.2809,972.847,-105.997,88.0782,980.043,-84.9986,86.1312,971.441,-109.994,50.7514,982.531,-87.2065,49.0381,981.044,-117.264,12.0302,996.461,-92.2732,11.0976,962.234,-27.4982,77.4656,958.385,-13.6992,81.1548,952.643,-4.9867,69.6556,956.902,-19.123,66.0531,0,0,0
002340:974.951,-79.803,158.357,974.504,-83.5189,162.201,975.523,-77.2541,161.629,975.602,-92.7751,161.223,979.489,-76.0034,159.004,973.807,-106.435,142.397,983.961,-74.9324,138.717,968.99,-116.718,118.943,988.593,-69.1617,113.92,958.611,-107.877,102.895,987.138,-63.1671,95.9878,973.09,-106.157,88.5363,980.034,-85.1609,86.607,970.123,-109.924,51.2269,982.136,-87.1708,49.4808,978.486,-117.128,12.4436,995.745,-92.0692,11.3634,962.413,-27.9836,76.5975,958.196,-14.2153,79.8807,953.642,-5.91259,68.2186,958.357,-20.0535,64.9991,0,0,0
002341:974.87,-79.9072,158.341,974.45,-83.6145,162.172,975.448,-77.3227,161.604,975.705,-92.797,161.157,979.348,-75.9604,158.945,973.944,-106.399,142.225,983.118,-74.7203,138.555,969.07,-116.948,118.778,985.901,-68.8236,113.861,957.495,-108.522,102.426,982.768,-63.0157,96.0363,972.841,-106.037,88.1675,979.172,-84.9095,86.2189,970.171,-110.076,50.9519,982.256,-87.0996,49.1324,977.455,-117.447,12.4757,997.064,-92.2009,11.0381,960.785,-28.1707,75.9587,956.557,-14.3474,79.0602,950.77,-6.1495,67.3689,955.487,-20.3212,64.3468,892.998,-43.4963,188.013
002342:973.024,-79.6854,158.556,972.688,-83.4047,162.401,973.898,-77.1344,161.822,974.882,-92.7554,161.434,978.708,-75.9261,159.199,974.035,-106.519,142.487,983.739,-74.9305,138.71,969.391,-117.109,119.039,987.273,-69.1785,113.89,959.414,-108.709,102.628,984.448,-63.4244,95.933,972.564,-106.258,88.1201,979.231,-85.1749,86.1028,969.482,-110.322,50.8277,982.078,-87.279,48.9414,975.906,-117.819,12.3877,995.934,-92.2678,10.9255,960.984,-28.8079,75.4276,955.904,-14.9011,78.3593,950.658,-6.98117,66.5019,956.118,-21.2246,63.6607,895.913,-43.3159,186.653
002343:972.126,-79.6881,158.142,971.957,-83.4122,162.027,973.207,-77.1664,161.441,975.068,-92.9011,161.259,978.82,-76.0798,158.996,974.989,-106.855,142.45,984.257,-75.1761,138.69,969.937,-117.519,118.986,987.622,-69.5214,113.785,954.362,-108.575,102.873,985.053,-64.0196,95.5765,972.66,-106.377,88.1991,978.69,-85.2083,86.2569,969.444,-110.321,50.904,981.038,-87.0498,49.1614,975.914,-117.907,12.3018,996.555,-92.1697,10.8835,959.415,-29.108,74.9198,954.768,-15.1426,77.6626,948.96,-7.38333,65.752,953.968,-21.6755,63.122,896.133,-43.3597,184.524
002344:971.852,-79.8901,158.244,971.404,-83.5652,162.106,972.517,-77.2883,161.509,973.171,-92.8053,161.226,977.053,-75.9703,158.956,972.916,-106.687,142.45,982.298,-74.972,138.645,969.563,-117.701,118.991,987.021,-69.3743,113.771,956.856,-109.629,102.451,984.437,-64.0395,95.561,972.322,-106.589,88.3554,979.044,-85.4303,86.2986,968.238,-110.597,51.1416,982.049,-87.4037,49.1567,972.236,-118.014,12.8649,996.107,-92.256,10.9709,957.784,-29.3836,74.4183,954.224,-15.2588,76.8872,948.891,-7.57994,64.7164,952.885,-22.0684,62.3514,896.304,-42.6807,183.094
002345:971.103,-79.6676,158.052,970.83,-83.3537,161.96,972.125,-77.1293,161.345,973.647,-92.8029,161.257,977.643,-76.0289,158.941,973.968,-106.921,142.608,983.055,-75.2991,138.792,969.166,-117.892,118.962,986.813,-69.9208,113.778,953.151,-109.77,102.238,983.255,-64.8171,95.3794,971.848,-106.7,88.6677,978.278,-85.5916,86.6595,967.477,-110.506,51.4134,980.914,-87.2618,49.5236,971.931,-118.145,12.874,996.341,-92.1937,11.0695,957.326,-29.9342,73.982,953.623,-15.6908,76.3278,947.847,-8.15206,64.0332,951.949,-22.7588,61.8165,896.672,-42.7538,179.543
002346:969.373,-79.7917,157.911,969.071,-83.4507,161.826,970.491,-77.2581,161.189,972.034,-92.8914,161.18,976.63,-76.2173,158.84,972.519,-107.111,142.66,982.87,-75.5616,138.719,969.513,-118.543,119.207,986.855,-70.091,113.643,955.254,-110.965,102.586,983.272,-64.8202,95.0665,970.362,-106.995,88.7928,977.473,-85.9591,86.7362,966.91,-110.791,51.4795,981.09,-87.4872,49.5378,971.269,-118.375,12.8726,996.315,-92.1991,11.0625,957.858,-30.4016,73.3867,954.305,-16.2519,75.4663,948.23,-8.91029,63.2218,952.25,-23.4395,61.2483,899.752,-42.601,176.738
002347:968.42,-79.5493,157.903,968.234,-83.2117,161.808,969.643,-77.0344,161.16,971.822,-92.7378,161.143,976.309,-76.1192,158.778,972.86,-107.098,142.606,982.791,-75.6131,138.602,970.038,-118.705,119.131,986.312,-70.1419,113.482,953.301,-111.083,102.462,981.195,-64.7508,94.903,970.233,-107.101,88.8233,977.318,-86.1086,86.7552,966.248,-110.807,51.6016,981.703,-87.5711,49.562,968.292,-118.446,13.2214,997.057,-92.4414,11.0797,957.723,-30.7622,72.7383,955.43,-16.7509,74.5292,949.43,-9.58267,62.2598,952.145,-24.006,60.58,902.931,-42.461,173.564
002348:970.494,-79.8009,157.482,970.061,-83.4403,161.442,971.339,-77.2842,160.787,972.189,-92.9398,161,976.223,-76.2873,158.638,972.083,-107.269,142.576,980.731,-75.6339,138.698,968.623,-118.693,118.908,983.115,-69.9772,113.768,954.943,-111.2,101.801,979.212,-64.718,95.1288,969.394,-107.219,88.7843,976.176,-86.162,86.7393,965.202,-111.038,51.6296,981.376,-87.6273,49.5316,966.165,-118.572,13.3997,996.573,-92.3411,11.0312,956.896,-31.1508,72.1945,953.12,-17.0059,73.8166,947.259,-10.102,61.3919,951.454,-24.6477,59.8799,903.225,-42.5217,170.351
002349:966.81,-79.6446,157.344,966.567,-83.3047,161.299,967.753,-77.1567,160.636,970.237,-92.9702,160.873,973.775,-76.3568,158.51,972.249,-107.538,142.465,980.689,-75.9459,138.531,971.145,-119.408,118.704,984.289,-70.3142,113.471,954.451,-112.186,101.451,980.556,-64.7826,94.529,971.596,-107.617,88.5104,977.976,-86.5373,86.4652,966.801,-111.408,51.3192,982.514,-87.8968,49.2576,968.188,-119.156,13.0033,998.662,-92.6053,10.5995,957.811,-31.3573,71.5009,952.864,-17.2637,73.0641,946.424,-10.4968,60.6893,951.67,-24.9786,59.2359,903.549,-41.8693,167.484
002350:969.103,-79.8897,157.483,968.84,-83.5336,161.468,969.834,-77.3629,160.792,971.591,-93.1018,161.105,974.786,-76.4244,158.728,972.131,-107.587,142.765,979.804,-75.9026,138.836,969.431,-119.348,118.886,982.415,-70.2693,113.751,953.065,-112.462,101.279,977.367,-64.8387,94.7948,970.281,-107.758,88.8941,976.506,-86.6545,86.838,965.524,-111.539,51.5933,981.873,-87.9253,49.4766,965.844,-119.229,13.2458,998.12,-92.453,10.6332,956.91,-31.7281,71.3109,953.206,-17.5939,72.5672,947.344,-10.9908,60.0376,951.349,-25.5326,58.8948,906.835,-41.7414,163.922
002351:969.036,-79.771,157.369,968.612,-83.4166,161.353,969.694,-77.2509,160.65,970.551,-92.9832,160.957,974.295,-76.3786,158.522,970.652,-107.501,142.713,979.353,-75.9699,138.602,967.38,-119.348,119.26,982.22,-70.452,113.516,952.248,-112.648,102.189,977.566,-65.0584,94.5556,969.785,-107.78,88.8909,976.935,-86.7631,86.7338,964.144,-111.635,51.6676,982.36,-88.0589,49.3652,964.318,-119.504,13.3575,997.935,-92.5073,10.5452,957.362,-32.074,70.7957,953.266,-18.027,71.9849,947.457,-11.5632,59.4697,952.052,-26.0347,58.3676,907.058,-41.7877,161.415
002352:970.216,-80.1716,157.151,969.589,-83.7957,161.156,970.523,-77.6413,160.473,970.303,-93.2816,160.857,973.999,-76.6957,158.478,969.904,-107.717,142.618,978.208,-76.1751,138.694,967.428,-119.413,118.741,981.086,-70.4992,113.655,956.029,-112.993,100.85,975.591,-64.91,94.5966,970.409,-108.088,88.8102,977.339,-87.0443,86.7209,964.287,-111.812,51.6648,981.46,-88.0491,49.4969,965.063,-119.743,13.3103,997.112,-92.3995,10.7213,956.312,-32.2855,70.598,953.559,-18.2506,71.5276,947.406,-11.9116,58.9688,950.694,-26.3628,58.134,904.573,-41.3495,158.54
002353:971.22,-80.3987,157.119,970.448,-84.0169,161.114,971.342,-77.8506,160.414,970.297,-93.4887,160.8,974.096,-76.9347,158.361,969.741,-108.037,142.699,977.943,-76.5457,138.558,969.704,-120.209,119.428,980.387,-70.8495,113.687,962.646,-113.925,102.435,975.581,-65.2717,94.9008,970.776,-108.617,88.8712,977.822,-87.6,86.7303,965.106,-112.426,51.6538,983.087,-88.5624,49.4222,963.287,-119.9,13.5018,996.659,-92.3368,10.8106,956.226,-32.7203,70.3924,952.638,-18.5711,71.2749,945.659,-12.2802,58.6736,949.874,-26.8294,57.8671,907.766,-41.2104,154.596
002354:967.66,-79.9795,157.011,966.97,-83.5753,161.041,968.264,-77.4784,160.323,968.111,-93.1264,160.874,972.579,-76.6741,158.426,968.514,-107.814,142.854,977.702,-76.4276,138.777,967.406,-120.049,119.146,980.392,-70.8825,113.797,958.953,-114.626,101.147,973.431,-65.505,94.8882,969.213,-108.416,89.1435,977.166,-87.4875,86.9309,962.476,-112.23,51.9728,982.028,-88.4244,49.5849,962.225,-120.043,13.6607,997.691,-92.3184,10.5866,955.372,-33.0281,70.3845,953.218,-18.9298,71.0665,947.883,-12.8139,58.2911,950.697,-27.3452,57.7098,910.992,-41.068,151.352
002355:967.007,-80.1008,156.924,966.31,-83.7003,160.973,967.641,-77.6092,160.228,967.545,-93.2976,160.893,972.39,-76.8766,158.413,968.133,-108.119,142.955,978.529,-76.7299,138.731,968.638,-120.893,119.466,981.75,-71.1527,113.714,962.036,-115.989,101.552,975.409,-65.8059,94.722,968.815,-108.681,89.0116,977.408,-87.759,86.7198,962.517,-112.658,51.8168,982.664,-88.6793,49.3593,961.073,-120.279,13.6895,996.402,-92.1829,10.5852,955.512,-33.534,70.2693,951.938,-19.3896,70.9816,946.178,-13.3739,58.228,950.32,-27.9219,57.6236,911.308,-41.1287,148.476
002356:964.65,-80.1398,156.814,964.071,-83.7443,160.877,965.537,-77.6638,160.166,966.355,-93.447,160.915,971.016,-76.9825,158.463,968.065,-108.349,143.022,977.248,-76.8652,138.97,967.944,-120.885,119.472,979.367,-71.2825,114.32,960.608,-115.363,101.714,971.142,-66.3087,95.9041,968.655,-108.878,89.2002,976.54,-87.8531,86.9855,961.922,-112.843,51.9649,981.442,-88.6471,49.5889,959.914,-120.457,13.7403,996.112,-92.1555,10.5448,954.093,-33.8973,70.5698,951.914,-19.6413,71.0862,947.046,-13.7574,58.1089,949.863,-28.4153,57.7316,911.642,-40.4735,145.589
002357:963.967,-79.5274,156.792,963.426,-83.1559,160.89,964.78,-77.1083,160.159,965.878,-93.121,161.069,970.048,-76.6643,158.563,967.625,-108.345,143.215,975.831,-76.8214,139.102,966.235,-121.034,119.475,977.686,-71.3116,114.458,957.962,-115.77,101.227,969.868,-66.3757,96.0657,968.221,-109.027,89.23,975.411,-87.929,87.0155,960.796,-112.994,52.0582,980.214,-88.5973,49.6979,958.713,-120.702,13.8897,995.799,-92.0461,10.6058,952.051,-34.2744,70.8995,949.983,-20.1431,71.3986,944.881,-14.3883,58.4688,947.66,-28.9173,58.1154,914.962,-40.3464,141.233
002358:961.342,-79.5381,156.354,960.605,-83.1519,160.488,962.461,-77.1716,159.79,963.41,-93.2864,160.868,969.019,-76.9164,158.4,965.882,-108.653,143.109,976.563,-77.3083,139.208,964.786,-121.076,119.003,978.766,-71.8482,114.777,960.084,-115.414,100.364,968.24,-67.1258,96.7935,968.308,-109.433,89.2356,977.046,-88.4003,87.0427,959.906,-113.078,52.0688,980.752,-88.6669,49.7092,957.791,-120.686,13.6807,995.836,-91.996,10.448,951.933,-34.9406,71.2591,951.198,-20.5901,71.6387,946.383,-14.9284,58.4496,947.958,-29.6681,58.2506,912.376,-39.8943,139.102
002359:964.934,-80.2594,156.11,964.332,-83.8645,160.259,965.744,-77.8597,159.534,966.011,-93.7749,160.672,970.802,-77.4187,158.21,966.901,-108.881,143.095,975.637,-77.4734,139.174,964.022,-121.226,119.308,977.15,-71.8151,114.933,955.609,-115.831,100.841,968.35,-67.0208,96.9568,966.508,-109.349,89.5199,974.111,-88.3543,87.3604,959.017,-113.275,52.3541,979.572,-88.7598,49.9718,956.775,-120.911,14.0698,996.511,-91.9345,10.5091,949.515,-35.2469,71.7605,949.067,-21.0955,71.9935,943.703,-15.5634,59.0157,944.971,-30.0847,58.9487,915.541,-39.7357,136.173
002360:965.181,-80.5017,155.954,964.36,-84.1026,160.102,965.947,-78.1048,159.396,965.562,-94.009,160.51,970.792,-77.6678,158.085,966.015,-109.075,142.887,975.781,-77.7114,139.067,962.591,-121.405,119.023,977.37,-71.9461,115.076,957.16,-116.293,100.186,967.613,-67.1875,97.5176,966.579,-109.589,89.2706,974.888,-88.5939,87.102,958.662,-113.517,52.1673,980.118,-88.8908,49.7273,955.909,-121.173,13.9546,996.234,-91.9602,10.3041,949.71,-35.5921,72.3948,949.164,-21.4669,72.7058,943.353,-15.9076,59.804,944.826,-30.3936,59.6567,916.044,-39.8248,132.561
002361:962.589,-80.2003,155.856,961.957,-83.7951,160.035,963.395,-77.8242,159.303,964.243,-93.7979,160.574,968.752,-77.471,158.117,966.365,-109.181,143.1,973.833,-77.613,139.334,962.881,-121.536,118.91,974.903,-71.9849,115.297,951.178,-116.182,99.6997,964.809,-67.447,97.6503,967.262,-109.863,89.7906,974.297,-88.7377,87.6978,958.794,-113.727,52.6349,979.353,-88.937,50.2796,955.418,-121.26,14.3357,996.784,-91.9651,10.5314,947.86,-35.711,73.1208,948.158,-21.7403,73.4519,943.302,-16.1658,60.6223,943.91,-30.5225,60.4445,919.132,-39.6535,129.61
002362:962.041,-80.2462,155.981,961.454,-83.8513,160.153,962.653,-77.8494,159.423,963.295,-93.8096,160.63,967.365,-77.4202,158.182,965.178,-109.211,143.092,971.438,-77.529,139.375,961.751,-121.82,118.881,971.75,-71.9486,115.675,951.224,-116.96,99.2426,960.932,-67.7741,98.6322,966.035,-109.974,89.6892,972.469,-88.7495,87.6262,957.422,-113.899,52.6087,978.278,-88.8814,50.2123,953.115,-121.401,14.4795,996.001,-91.7441,10.4954,944.295,-36.014,74.181,945.727,-22.13,74.4576,940.649,-16.5826,61.6835,940.271,-30.8297,61.5782,916.697,-39.2327,126.051
002363:962.871,-80.4674,155.791,961.681,-83.9448,159.869,962.287,-77.8329,159.36,962.876,-93.7233,160.436,968.371,-77.6452,157.99,966.822,-109.558,142.888,973.629,-77.978,139.454,964.271,-122.651,118.675,978.207,-73.2757,115.867,952.443,-117.965,99.5505,964.005,-68.7024,98.7937,966.986,-110.1,89.2075,973.303,-88.853,87.5166,958.177,-114.082,52.2205,978.457,-88.7878,50.1151,953.701,-121.64,14.472,998.919,-92.0933,10.2483,950.139,-37.512,74.6256,955.978,-24.2988,75.6448,945.179,-17.7158,63.436,941.91,-31.4843,62.6405,917.031,-38.5775,122.789
002364:962.257,-80.2927,155.939,961.046,-83.7945,160.057,961.322,-77.6471,159.554,962.179,-93.7806,160.75,966.937,-77.5787,158.267,966.021,-109.935,143.137,971.583,-78.1413,139.724,964.469,-123.356,118.633,976.687,-73.7476,116.096,951.559,-118.157,99.2351,964.282,-69.7986,99.0981,965.244,-110.466,89.2306,970.556,-89.0229,87.6268,957.515,-114.46,52.1372,976.562,-88.7675,50.2051,952.38,-121.952,14.3651,997.383,-92.0168,10.3328,949.793,-38.1199,75.8362,954.912,-24.7156,77.2648,943.483,-17.9214,65.0664,941.091,-31.8742,63.8733,923.177,-38.928,119.372
002365:959.354,-80.5059,155.954,958.22,-83.9636,160.075,958.859,-77.8874,159.569,960.56,-93.8758,160.826,966.096,-77.9184,158.348,965.689,-109.98,143.451,972.855,-78.6345,140.118,965.998,-123.57,118.988,977.999,-74.2433,116.801,956.22,-119.584,99.2523,963.063,-69.9189,100.23,965.759,-110.654,89.9388,971.877,-89.4787,88.3588,957.147,-114.544,52.7292,977.141,-89.0447,50.7313,951.883,-121.987,14.7559,997.417,-91.8014,10.567,949.019,-38.0762,77.2465,954.516,-24.8843,78.7574,942.804,-18.0408,66.8309,939.905,-31.7558,65.5556,920.648,-38.4925,116.547
002366:962.974,-81.121,155.964,961.654,-84.5881,160.042,962.385,-78.5372,159.555,962.287,-94.3382,160.571,967.632,-78.3557,158.183,965.806,-110.138,142.987,972.083,-78.6717,139.935,964.142,-123.338,118.408,975.331,-73.6872,117.373,953.426,-119.01,98.275,959.566,-69.2916,101.984,966.478,-110.762,89.763,972.335,-89.5019,88.2401,957.419,-114.764,52.7855,977.909,-89.1639,50.7267,950.834,-122.104,15.1003,997.712,-91.8826,10.6949,946.462,-38.5949,78.9755,951.989,-25.664,80.5949,939.854,-18.7471,68.8973,937.065,-32.2188,67.4477,918.124,-38.0602,113.373
002367:960.511,-81.1429,156.066,959.314,-84.5884,160.149,959.818,-78.509,159.672,960.415,-94.2816,160.754,964.713,-78.1332,158.361,964.113,-110.132,143.272,969.156,-78.4935,140.245,962.969,-123.777,118.72,973.771,-74.0302,117.716,948.813,-119.041,98.8266,961.75,-70.9263,102.625,964.018,-110.751,90.0595,969.265,-89.3712,88.5648,954.188,-114.606,53.0702,975.974,-89.0327,50.94,948.334,-121.993,15.2252,998.513,-91.9384,10.5265,948.305,-39.5595,80.494,951.828,-26.1352,82.6115,940.205,-18.8727,70.7376,939.74,-32.8511,68.7709,0,0,0
002368:959.569,-81.1689,156.028,958.666,-84.6329,160.116,959.072,-78.5656,159.606,960.999,-94.4057,160.724,965.254,-78.3784,158.288,965.784,-110.363,143.325,970.471,-78.8499,140.247,964.374,-123.991,118.911,974.761,-74.4084,117.745,949.701,-119.586,99.0334,958.605,-70.7406,102.806,964.889,-110.878,90.3277,969.55,-89.5537,88.8724,955.288,-114.913,53.2889,975.846,-89.2077,51.2207,949.052,-122.36,15.4352,997.856,-91.9199,10.7707,943.911,-39.53,82.2918,948.545,-26.5579,84.8026,935.741,-19.0622,73.4864,934.192,-32.5845,71.1298,0,0,0
002369:958.308,-81.2478,156.349,958.586,-84.7053,160.293,959.026,-78.669,160.125,960.608,-94.7797,161.061,964.431,-78.6923,158.606,965.012,-110.919,143.42,968.991,-79.3115,140.729,963.296,-124.729,118.593,970.319,-74.5379,118.709,948.702,-119.212,99.3816,959.297,-70.7947,105.072,964.192,-111.242,89.9569,970.647,-89.7519,88.742,953.657,-115.072,53.1884,975.906,-89.2525,51.2895,947.955,-122.595,15.5217,995.287,-92.2024,11.0271,939.523,-40.4013,84.6501,937.133,-27.6699,87.9675,927.611,-19.9887,76.6097,931.358,-33.3614,73.5065,922.189,-37.3324,103.46
002370:952.568,-80.5778,156.241,952.639,-84.0195,160.244,953.135,-78.0214,160.021,954.701,-94.1802,161.214,958.707,-78.1826,158.72,960.444,-110.614,143.675,964.79,-79.0592,141.116,961.189,-124.68,118.278,967.305,-74.5722,119.073,950.986,-119.503,98.0596,956.859,-71.1544,105.497,962.92,-111.335,90.3705,969.67,-89.7834,89.1999,952.054,-115.147,53.4906,974.689,-89.206,51.6053,946.926,-122.718,15.5221,995.103,-92.1227,10.9099,936.885,-41.2008,87.0966,935,-28.7998,90.9818,925.908,-20.9057,80.0922,929.279,-33.9945,76.3938,925.677,-37.9362,98.9726
002371:952.873,-81.207,156.209,953.26,-84.6471,160.157,953.846,-78.6756,159.944,956.033,-94.6971,160.918,960.049,-78.6622,158.494,961.511,-110.911,143.204,965.384,-79.3035,140.791,958.705,-124.676,117.952,965.322,-74.3597,119.298,943.961,-118.768,98.0374,954.005,-71.1484,107.037,962.223,-111.636,90.0414,968.544,-90.0344,88.9211,952.048,-115.444,53.3195,975.059,-89.413,51.3969,946.159,-122.926,15.6238,996.404,-92.3774,10.8749,933.838,-41.6282,90.0111,931.465,-29.326,94.5095,921.301,-20.9075,84.0827,925.497,-33.8856,79.7251,925.758,-37.232,97.5111
002372:957.413,-82.0111,156.123,957.55,-85.445,160.137,958.233,-79.4882,159.872,958.46,-95.3607,161.047,963.224,-79.4326,158.596,961.684,-111.402,143.452,967.383,-79.916,141.128,960.44,-125.273,117.859,967.465,-75.0036,119.568,951.582,-120.116,97.2617,954.404,-71.4622,107.293,962.193,-111.953,90.5441,969.737,-90.4566,89.4365,951.665,-115.682,53.7079,974.966,-89.7187,51.7915,946.594,-123.018,15.703,995.656,-92.3459,11.028,933.257,-42.2677,92.2835,933.203,-30.6243,97.1838,922.039,-21.9677,87.4993,923.796,-34.2855,82.7304,925.391,-37.8944,99.7114
002373:952.511,-81.6466,156.205,952.708,-85.0496,160.22,953.376,-79.1632,159.938,954.978,-95.1026,161.221,960.252,-79.3346,158.753,959.452,-111.417,143.598,966.503,-80.1819,141.305,959.499,-125.557,117.804,967.57,-75.5056,119.822,952.355,-120.22,96.9149,953.583,-72.0898,108.004,959.66,-112.211,90.5622,967.906,-90.8277,89.4909,950.588,-115.927,53.736,974.609,-89.8922,51.8284,944.455,-123.146,15.9195,993.663,-92.2379,11.4517,929.396,-42.9854,94.4307,929.812,-31.5562,99.846,920.996,-22.6623,90.4332,921.984,-34.7665,85.1634,916.431,-39.2216,102.996
002374:954.436,-81.6219,155.96,954.666,-85.0792,159.906,956.203,-79.2086,159.683,956.6,-95.3316,160.912,961.408,-79.7729,158.7,961.101,-111.724,143.404,966.512,-80.9937,141.467,960.136,-125.961,118.076,971.311,-76.2485,120.611,949.76,-119.923,97.7972,955.097,-72.5789,108.046,963.61,-112.262,90.2101,968.644,-91.1439,89.4301,952.208,-115.814,53.613,975.178,-89.8578,51.932,946.18,-123.399,16.1836,997.08,-92.2074,11.8032,929.243,-44.2829,95.9304,930.933,-32.5582,102.309,918.658,-23.224,93.2364,916.869,-35.7321,87.3336,918.533,-38.8573,109.76
002375:950.152,-81.8259,156.324,950.891,-85.287,160.236,952.237,-79.4193,159.999,955.156,-95.5307,161.115,959.355,-79.8529,158.916,961.01,-111.904,143.523,965.62,-80.9911,141.708,959.703,-126.015,118.015,968.75,-76.251,121.056,945.191,-119.387,97.7182,952.403,-73.2423,109.218,962.067,-112.48,90.6617,966.06,-91.1939,89.9203,952.476,-116.249,53.928,974.023,-90.0026,52.3066,947.326,-123.687,16.3028,997.658,-92.2045,11.8745,927.417,-45.0685,98.4199,928.731,-33.5671,105.21,916.544,-23.9535,96.5326,915.059,-36.2422,90.159,912.42,-39.2224,113.577
002376:953.282,-82.0547,156.382,953.565,-85.5148,160.294,955.458,-79.7191,160.063,955.25,-95.7383,161.152,960.889,-80.3183,158.937,958.507,-111.893,143.426,966.03,-81.7049,141.666,955.971,-125.78,117.861,968.982,-77.1063,121.314,948.005,-119.889,96.9973,949.258,-73.7325,110.34,960.813,-112.545,90.3792,967.251,-91.65,89.6062,949.88,-116.239,53.7981,974.709,-90.2155,52.026,945.908,-123.905,16.256,997.747,-92.1223,11.781,922.133,-45.6292,100.844,925.099,-34.7124,107.973,912.982,-24.9977,99.8008,909.84,-36.6975,93.1011,906.695,-40.3552,115.57
002377:951.561,-82.1909,156.089,951.761,-85.615,159.994,953.204,-79.8463,159.768,953.693,-95.8001,160.934,958.291,-80.3325,158.73,957.771,-111.994,143.49,963.456,-81.7721,141.991,956.134,-125.925,117.614,966.235,-77.3817,122.114,947.045,-120.041,96.4153,948.616,-74.4617,111.795,961.123,-112.913,91.326,966.38,-91.9928,90.6895,951.197,-116.424,54.5139,975.535,-90.547,52.8672,945.333,-123.813,16.7096,998.751,-92.2567,12.1375,918.904,-46.4199,103.162,921.144,-35.6405,110.372,910.358,-25.9891,102.346,907.723,-37.5503,95.5069,900.342,-42.8006,119.72
002378:951.63,-82.0113,156.42,951.667,-85.4544,160.319,952.963,-79.6679,160.091,952.904,-95.7166,161.168,956.694,-80.212,158.935,957.268,-112.065,143.363,961.353,-81.75,141.791,955.463,-126.042,117.493,964.281,-77.4299,121.896,947.846,-119.785,96.2222,948.043,-74.8882,112.108,963.151,-113.207,90.3171,967.543,-92.1259,89.7092,951.573,-116.75,53.7153,975.239,-90.5566,52.0955,943.742,-123.978,16.486,997.783,-92.2116,11.9261,914.998,-46.8818,104.9,917.601,-36.629,112.572,906.941,-26.8264,105.108,904.19,-37.8504,97.7805,902.479,-45.3205,125.398
002601:520.977,-101.541,1.30297
