000148:1043.21,-43.6528,158.267,1042.99,-47.3221,161.627,1046.11,-41.4773,161.367,1046.91,-55.3775,160.096,1054.1,-41.0695,159.286,1043.15,-61.6807,141.965,1066.69,-40.0814,140.434,1029.05,-58.2327,123.377,1074.34,-36.0758,115.127,1014.27,-35.0882,122.395,1079.6,-29.3706,96.702,1043.87,-56.414,88.9542,1059.9,-42.8221,88.1455,1035.89,-53.0808,49.6143,1062.45,-47.6908,48.4341,1033.85,-53.334,10.3781,1072.35,-56.2252,9.53526,1098.01,-2.48672,59.1481,1097.55,11.6535,56.8059,1107.36,15.0004,41.1513,1108.76,0.875951,43.7833,0,0,0
000149:1042.8,-43.402,158.376,1042.62,-47.0657,161.76,1046.09,-41.2931,161.48,1047.41,-55.2464,160.319,1055.56,-41.1326,159.479,1044.07,-61.6795,142.265,1070.25,-40.5712,140.484,1027.84,-58.044,123.997,1080.45,-36.9263,114.671,1007.57,-34.4655,123.604,1083.76,-29.6763,95.6339,1044.66,-56.6441,88.917,1061.99,-43.439,88.0377,1034.31,-52.6944,49.7365,1061.38,-48.0183,48.561,1033.77,-53.185,10.3651,1072.59,-57.1209,9.81216,1096.83,-2.46482,59.3953,1097.22,11.5548,57.0764,1106.67,14.902,41.5797,1107.13,0.90251,44.2334,0,0,0
000150:1042.46,-43.2775,158.387,1042.18,-46.9234,161.757,1045.68,-41.1678,161.481,1046.73,-55.134,160.281,1055.51,-41.0378,159.467,1042.73,-61.5784,142.217,1071.34,-40.6444,140.473,1023.8,-57.5565,123.989,1080.77,-36.9027,114.828,1004.87,-33.5735,123.602,1081.7,-29.4929,96.2871,1045.87,-57.0078,88.7748,1065.01,-43.8723,87.8837,1035.73,-52.8203,49.5815,1065.88,-48.1136,48.2232,1032.3,-52.9682,10.3856,1075.05,-56.922,9.61952,1097.75,-2.36651,59.6807,1097.91,11.7607,57.3852,1108.03,15.167,41.7641,1108.46,1.05577,44.4167,0,0,0
000151:1040.33,-43.0761,158.435,1040.1,-46.7375,161.821,1043.47,-41.0125,161.506,1044.6,-54.9559,160.362,1052.84,-40.9868,159.485,1041.72,-61.4494,142.294,1067.74,-40.7161,140.324,1024.92,-57.501,124.3,1077.84,-37.2937,114.242,1008.16,-33.8124,124.222,1079.21,-29.6416,94.7603,1044.12,-56.76,88.7171,1062.19,-43.8165,87.737,1033.33,-52.6736,49.6504,1063.61,-48.4959,48.2376,1030.87,-52.5962,10.6979,1075.2,-57.4489,9.54225,1096.99,-2.12923,59.9495,1097.68,11.7558,57.9979,1107.94,15.3445,42.6523,1107.87,1.47885,44.9858,0,0,0
000152:1039.57,-42.9089,158.54,1039.08,-46.5238,161.912,1042.92,-40.8663,161.625,1044.04,-54.7904,160.48,1053.69,-41.0784,159.615,1041.05,-61.1889,142.475,1071.37,-41.2978,140.615,1023.9,-56.6217,124.24,1082.08,-38.0479,114.728,1009.76,-32.8068,123.857,1082.25,-29.927,95.7829,1045.33,-56.9707,88.9219,1065.35,-44.4342,87.9736,1035.7,-52.7349,49.551,1065.46,-48.6507,48.2408,1033.8,-52.6429,10.1324,1073.84,-56.9658,9.59707,1100.02,-2.09748,60.2621,1099.35,11.9791,58.4223,1110.41,15.5561,42.9019,1111.46,1.56763,45.1202,0,0,0
000153:1040.66,-42.884,158.565,1040.18,-46.5205,161.932,1043.79,-40.9064,161.61,1044.36,-54.7644,160.434,1053.37,-41.2091,159.557,1041.7,-61.1438,142.366,1069.57,-41.4844,140.302,1025.84,-56.7164,124.484,1081.73,-38.553,113.767,1011.25,-33.0945,124.618,1082.56,-30.0579,93.4426,1045.5,-56.6751,88.62,1064.57,-44.3165,87.6538,1034.22,-52.2952,49.5048,1064.62,-48.4758,48.1976,1031.29,-52.3997,10.5494,1074.4,-57.0868,9.72743,1099.23,-2.02638,60.0468,1099.96,11.7453,58.4292,1109.52,15.5513,43.3103,1109.38,1.82088,45.3176,0,0,0
000154:1039.72,-42.7103,158.693,1039.28,-46.3361,162.068,1042.54,-40.6709,161.736,1043.55,-54.5501,160.565,1051.92,-40.8512,159.651,1041.82,-61.0072,142.573,1068.4,-41.0752,140.438,1026.61,-56.6095,124.789,1081.96,-38.1554,113.977,1012.11,-32.9029,125.036,1084.89,-29.8459,93.851,1046.34,-56.8435,88.9118,1064.61,-44.286,87.9019,1034.49,-52.6122,49.711,1064.74,-48.5248,48.3373,1029.38,-52.5706,10.8382,1072.84,-56.8765,9.82693,1099.12,-1.92121,60.529,1100.7,11.7262,58.7172,1110.87,15.3912,43.6391,1109.75,1.79392,45.8477,0,0,0
000155:1040.23,-42.5662,158.627,1039.72,-46.2208,162.01,1043.18,-40.5822,161.714,1043.51,-54.5209,160.59,1052.12,-40.8767,159.688,1040.54,-60.991,142.621,1067.74,-41.1143,140.617,1026.67,-56.8442,124.678,1078.95,-38.0689,114.541,1014.44,-33.4061,124.686,1081.77,-29.8505,95.0059,1044.46,-56.5098,88.9919,1063.17,-43.9506,88.043,1034.16,-52.4965,49.6491,1064.89,-48.2596,48.2892,1030.33,-52.6927,10.5463,1074.16,-56.5805,9.52333,1100.73,-1.84378,60.9594,1101.87,11.8462,59.3125,1112.43,15.5937,44.1904,1112.01,1.93513,46.1902,0,0,0
000156:1039.77,-42.7097,158.887,1039.43,-46.3763,162.213,1042.82,-40.7275,161.923,1043.33,-54.6291,160.588,1051.41,-40.9177,159.74,1040.6,-60.9288,142.494,1065.33,-41.0019,140.576,1026.75,-56.407,124.628,1073.88,-37.5705,114.819,1012.51,-32.3009,124.965,1076.79,-29.4271,95.9847,1043.75,-56.5794,88.9885,1060.88,-44.012,88.1126,1034.53,-52.5348,49.6271,1062.63,-48.391,48.4371,1033.08,-52.7719,10.3049,1073.64,-57.0464,9.61713,1099.02,-2.02112,61.4834,1100.93,11.7633,59.8517,1112.49,15.6273,44.5934,1111.4,1.82671,46.5788,0,0,0
000157:1040.92,-42.7714,158.74,1040.44,-46.3899,162.092,1043.92,-40.7783,161.756,1044.01,-54.5339,160.55,1052.13,-40.9054,159.659,1041.11,-60.7251,142.675,1066.32,-41.0411,140.545,1028.88,-56.0505,125.308,1075.55,-37.8147,114.562,1016.14,-31.7434,126.291,1080.48,-29.5846,95.2268,1044.33,-56.6244,89.1237,1062.62,-44.2702,88.1255,1032.65,-52.2724,50.008,1065.79,-48.6195,48.4336,1028.91,-52.2379,11.1271,1079.17,-57.4201,9.46321,1104.08,-1.99588,61.5133,1105.17,11.6451,59.7917,1117.25,15.3766,44.6082,1117.13,1.74828,46.6902,0,0,0
000158:1042.03,-42.7537,158.776,1041.81,-46.3708,162.134,1045.32,-40.7228,161.819,1045.64,-54.4225,160.588,1054.22,-40.6717,159.727,1041.63,-60.3956,142.755,1067.68,-40.5623,140.695,1025.9,-55.4545,125.436,1075.06,-37.0284,115.035,1013.62,-31.0808,126.36,1075.3,-29.0278,96.6833,1043.1,-56.3008,89.3943,1061.24,-43.8086,88.3488,1033.76,-52.3881,49.9719,1063.33,-48.2757,48.5662,1033.19,-52.7381,10.5093,1075.58,-56.8938,9.47421,1100.45,-1.94242,62.2504,1103.28,11.8556,60.3042,1115.06,15.5288,45.0077,1113.13,1.74206,47.3198,0,0,0
000159:1039.62,-42.6151,158.81,1039.36,-46.2609,162.183,1042.7,-40.6862,161.842,1043.09,-54.4805,160.678,1051.07,-40.9203,159.793,1040.86,-60.6729,142.803,1064.39,-41.1248,140.632,1028.5,-55.8204,125.619,1073.05,-37.8676,114.542,1015.98,-31.2138,127.028,1076.17,-29.3071,95.1899,1043.16,-56.4606,88.9996,1060.19,-44.1501,88.0586,1032.72,-52.196,49.6528,1063.2,-48.4227,48.3006,1028.85,-52.3964,10.6226,1075.53,-57.2425,9.33401,1099.86,-1.76673,62.4777,1103.1,11.8447,60.9222,1113.82,15.793,45.9417,1111.62,2.18057,47.8579,0,0,0
000160:1038.75,-42.2424,158.817,1038.54,-45.874,162.214,1042.65,-40.3401,161.888,1042.5,-54.1075,160.783,1053.25,-40.6567,159.924,1037.93,-60.2183,143.019,1069.31,-41.0368,140.756,1023.11,-55.5119,125.94,1078.92,-37.7689,114.706,1015.01,-31.4285,127.089,1077.23,-28.9179,95.7522,1039.02,-56.1242,89.1735,1060.73,-44.1305,88.0123,1028.93,-51.7387,49.8234,1064.65,-48.4887,48.0481,1029.11,-52.2949,10.3524,1079.5,-57.6409,8.81143,1101.22,-1.91157,62.6762,1104.63,11.7833,60.9529,1115.53,15.5938,45.8696,1113.13,1.90768,47.9665,0,0,0
000161:1038.21,-42.6607,158.885,1038,-46.2688,162.273,1042.45,-40.6888,161.929,1042.78,-54.3486,160.777,1054.59,-40.776,159.898,1040.2,-60.3699,143.001,1072.16,-40.7695,140.759,1025.13,-55.2371,125.921,1082.14,-37.1486,114.73,1017.9,-30.8639,127.127,1075.69,-28.4588,96.129,1041.87,-56.3223,89.5469,1064.21,-44.019,88.2303,1030.32,-52.3651,50.2597,1066.11,-48.6475,48.3629,1027.79,-52.2189,11.1507,1077.72,-57.0998,9.10315,1099.51,-1.6065,63.1434,1105.22,11.9331,61.144,1116.52,15.6383,46.0947,1111.64,2.14196,48.4824,0,0,0
000162:1036.84,-42.2829,158.82,1036.89,-45.8724,162.217,1040.81,-40.2519,161.878,1042.61,-53.9596,160.775,1052.76,-40.2513,159.864,1041.54,-60.1806,143.085,1070.16,-40.3338,140.753,1027.01,-55.375,126.081,1080.93,-37.022,114.66,1017.56,-30.9862,127.4,1077.36,-28.7584,95.9931,1042.63,-56.4299,89.5087,1062.62,-44.0013,88.2678,1031.6,-52.2466,50.0393,1064.47,-48.5249,48.3323,1028,-52.1323,10.8166,1075.15,-57.0811,9.20765,1100.3,-1.57447,63.3609,1104.8,12.0759,61.4179,1116.46,15.8109,46.3422,1112.64,2.19776,48.6814,0,0,0
000163:1037.02,-42.2652,158.81,1036.96,-45.8537,162.192,1041.3,-40.3496,161.825,1042.25,-53.9239,160.703,1053.53,-40.5552,159.789,1040.59,-60.0168,143.008,1071.14,-40.887,140.523,1027.17,-55.1432,126.328,1082.07,-37.7494,114.223,1020.69,-31.1315,127.989,1077.15,-28.9353,95.0791,1041.46,-56.2335,89.3409,1062.92,-44.2677,88.0094,1030.18,-52.0089,50.0411,1065.28,-48.8073,48.1941,1028.84,-52.0848,10.8862,1078.32,-57.5532,9.02052,1099.92,-1.6395,63.5761,1105.07,11.7493,61.8938,1115.92,15.6912,47.1237,1111.67,2.30081,49.2032,0,0,0
000164:1038.53,-42.3645,158.823,1038.51,-45.9933,162.237,1042.44,-40.3745,161.87,1043.07,-54.1011,160.812,1053.39,-40.3975,159.913,1040.47,-60.2683,143.155,1069.59,-40.3524,140.769,1026.47,-55.2734,126.261,1080.42,-36.8886,114.493,1019.22,-30.6149,127.78,1076.68,-28.2204,95.3301,1041.46,-56.367,89.7257,1062.43,-43.9974,88.4289,1028.48,-51.94,50.502,1064.48,-48.645,48.6017,1027.32,-51.6707,11.2106,1079.87,-57.6606,9.04475,1100.83,-1.51511,63.8339,1106.14,11.7898,61.9635,1117.47,15.5022,47.2058,1113.1,2.23131,49.4622,0,0,0
000165:1036.1,-42.0304,158.844,1036.26,-45.6106,162.239,1040.45,-40.0378,161.864,1041.58,-53.5857,160.763,1052.66,-40.0049,159.827,1040.57,-59.808,143.171,1070.16,-40.0323,140.538,1031.75,-55.5847,126.596,1082.63,-36.8402,113.976,1032.81,-31.9133,128.265,1077.55,-28.1465,94.3977,1039.52,-56.0724,89.7354,1061.22,-43.8229,88.2898,1027.68,-51.7817,50.475,1065.97,-48.5702,48.3339,1027.69,-51.9974,11.1889,1082.76,-57.7965,8.69647,1100.96,-1.4834,63.8807,1106.29,11.733,62.0685,1116.22,15.5997,47.5448,1112.1,2.38565,49.7244,0,0,0
000166:1038.04,-42.3519,158.751,1037.79,-45.9196,162.176,1041.83,-40.3167,161.799,1041.64,-53.8515,160.766,1052.13,-40.1524,159.862,1038.33,-59.8125,143.218,1068.15,-40.0893,140.775,1024.61,-54.5724,126.403,1079.47,-36.8268,114.479,1020.38,-29.9203,127.889,1077.54,-28.4707,95.3304,1039.78,-56.2842,89.7763,1061.22,-43.9635,88.3942,1029,-52.1456,50.3838,1065.7,-48.6278,48.3625,1027.01,-51.894,11.1549,1079.52,-57.2886,8.88746,1102.26,-1.50831,64.1626,1106.2,11.9467,62.3782,1118.29,15.6682,47.5183,1115.18,2.27858,49.6974,0,0,0
000167:1037.37,-42.1219,158.943,1037.15,-45.7109,162.334,1040.55,-40.0665,161.969,1040.9,-53.7059,160.847,1049.31,-39.8403,159.92,1039.26,-59.9533,143.249,1063.83,-39.7554,140.781,1028.58,-55.4444,126.669,1075.04,-36.5212,114.707,1025.28,-30.8456,128.577,1079.6,-28.7716,95.7886,1041.53,-56.4428,89.6844,1059.97,-43.867,88.4493,1032.66,-52.1734,50.1076,1067.92,-48.7387,48.2221,1026.99,-51.6635,11.1381,1081.22,-57.6683,8.8478,1101.34,-1.61781,64.5134,1104.28,11.871,62.8351,1116.36,15.7392,47.9571,1114.32,2.23881,50.0115,0,0,0
000168:1037.2,-41.9888,158.879,1037.09,-45.5798,162.245,1040.62,-39.8999,161.913,1041.04,-53.5418,160.713,1050.33,-39.5993,159.791,1039.48,-59.9078,143.123,1065.3,-39.3739,140.656,1029.39,-55.9805,126.464,1075.76,-35.8874,114.761,1026.63,-31.9315,128.106,1076.43,-28.118,96.3128,1040.88,-56.3733,89.8375,1060.19,-43.6639,88.5508,1030.27,-51.967,50.3943,1066.28,-48.5149,48.4243,1025.42,-51.5787,11.2889,1079.49,-57.545,9.02806,1101.5,-1.60939,64.7521,1107.24,11.8418,62.8856,1119.45,15.7657,48.0192,1114.79,2.25521,50.2589,0,0,0
000169:1037.16,-42.167,159.025,1037.3,-45.7037,162.417,1041.3,-40.0829,162.052,1042.87,-53.5757,160.88,1053.41,-39.8553,159.975,1042.4,-59.7021,143.249,1071.13,-39.8934,140.735,1031.5,-54.8645,126.367,1083.31,-36.6704,114.376,1027.2,-30.5925,127.743,1079.37,-28.3109,95.5015,1042.8,-56.6019,89.6965,1063.68,-44.2881,88.2996,1029.38,-52.0706,50.2361,1065.57,-48.7094,48.1948,1027.29,-51.7836,10.7838,1080.18,-57.3851,8.51175,1101.93,-1.38958,64.6526,1107.72,12.0816,62.8349,1118.59,16.0321,48.1169,1113.97,2.57738,50.3089,0,0,0
000170:1038.11,-41.9507,159.018,1038.19,-45.5422,162.485,1041.97,-39.8827,162.09,1042.38,-53.5098,161.151,1052.34,-39.6368,160.18,1041.11,-59.7703,143.703,1067.64,-39.5116,141.078,1033.72,-55.3136,126.919,1079.27,-36.3233,114.593,1036.13,-31.1035,128.421,1077.05,-28.0499,95.2555,1040.44,-56.3236,90.1922,1060.57,-43.7594,88.7543,1028.44,-52.1626,50.6031,1066.16,-48.6623,48.4355,1026.39,-52.0508,11.0877,1083.12,-57.7251,8.30567,1102.32,-1.47317,65.1479,1108.82,11.9026,63.3093,1118.97,15.7431,48.6922,1113.85,2.40445,50.9017,0,0,0
000171:1035.55,-41.8044,158.997,1035.58,-45.351,162.403,1039.44,-39.6883,162.033,1040.24,-53.227,160.93,1050.57,-39.3046,159.968,1039.38,-59.4913,143.523,1067.42,-39.1648,140.834,1028.39,-54.9457,127.171,1080.65,-35.9299,114.561,1026.62,-30.3326,129.264,1077.69,-28.0094,96.0163,1040.57,-56.5178,90.2166,1061.37,-43.8785,88.7158,1027.85,-52.1849,50.708,1065.16,-48.5315,48.5415,1024.65,-52.1333,11.298,1079.76,-57.5758,8.73806,1100.08,-1.36974,65.7889,1107.6,12.0708,63.8611,1119.37,16.0643,49.0804,1112.84,2.5951,51.3979,0,0,0
000172:1036.92,-42.0265,158.983,1037.07,-45.5868,162.39,1040.82,-39.9182,161.988,1041.51,-53.4576,160.845,1051.7,-39.4749,159.921,1040.26,-59.8084,143.304,1067.12,-39.0994,140.593,1030.18,-55.3989,127.008,1078.62,-35.584,114.106,1028.19,-30.4515,129.238,1075.78,-27.4227,94.8509,1039.92,-56.6915,89.8333,1059.75,-43.8092,88.4225,1028.11,-52.2573,50.4763,1063.32,-48.0321,48.5181,1026.46,-51.9704,11.1809,1078.21,-56.7951,9.00458,1099.68,-1.36661,65.9297,1107.73,11.7966,64.0378,1118.67,15.7984,49.5824,1111.84,2.61477,51.8435,0,0,0
000173:1038.49,-42.101,158.905,1038.27,-45.6462,162.336,1041.61,-39.9156,161.928,1040.85,-53.3571,160.848,1049.2,-39.1101,159.906,1038.41,-59.467,143.469,1061.58,-38.3643,140.803,1027.92,-54.7766,127.389,1072.23,-34.706,114.685,1026.01,-29.4028,129.95,1075.37,-27.3084,96.0464,1040,-56.4486,90.0935,1057.82,-43.3365,88.6716,1031.31,-52.4117,50.3482,1065.63,-48.2785,48.3565,1025.66,-51.7098,11.2422,1078.6,-57.1213,8.72251,1099.08,-1.05949,66.4034,1106.38,12.2874,64.3608,1118.81,16.167,49.6036,1112.56,2.79609,52.0328,0,0,0
000174:1038.32,-41.8241,159.143,1038.29,-45.4136,162.58,1041.79,-39.719,162.178,1041.5,-53.2958,161.106,1049.87,-39.1784,160.145,1038.97,-59.4792,143.685,1062.61,-38.7232,140.938,1028.08,-54.7747,127.688,1071.66,-35.0711,114.901,1020.74,-29.307,130.511,1074.65,-27.2365,96.3821,1040.02,-56.4157,90.0796,1058.5,-43.5227,88.6196,1027.94,-52.3349,50.4606,1064.78,-48.4721,48.293,1023.17,-52.0135,11.2787,1082.21,-57.5994,8.16371,1099.48,-1.04395,66.4177,1105.18,12.2041,64.5945,1116.12,16.106,50.0397,1111.86,2.84311,52.1999,0,0,0
000175:1035.31,-41.8616,159.106,1035.46,-45.41,162.529,1039.13,-39.7086,162.113,1039.71,-53.2144,160.989,1049.11,-39.0943,160.029,1038.82,-59.5253,143.575,1063.63,-38.6264,140.76,1031.94,-55.144,127.439,1074.38,-35.0892,114.35,1032.95,-29.9741,130.01,1074.57,-27.2077,95.3309,1038.29,-56.6777,90.1927,1057.4,-43.6976,88.7053,1027.53,-52.427,50.54,1064.16,-48.2772,48.3915,1026.51,-52.3181,10.9095,1081.72,-57.3632,8.25377,1101.91,-1.20927,66.5092,1109.44,12.0284,64.6473,1120.95,16.0592,50.1332,1115.02,2.78566,52.3275,0,0,0
000176:1037.33,-41.9526,159.273,1037.15,-45.4637,162.704,1039.93,-39.6647,162.288,1039.22,-53.0508,161.194,1046.08,-38.6562,160.181,1037.45,-59.4269,143.803,1056.69,-37.8313,141.096,1032.89,-55.5389,127.331,1065.35,-34.229,115.127,1036.53,-30.9943,129.121,1073.84,-27.392,96.3949,1039.15,-56.8563,90.5765,1055.36,-43.4287,89.1634,1030.16,-53.0335,50.809,1066.3,-48.4555,48.5926,1025.67,-52.2458,11.5066,1084.19,-57.0249,8.29494,1102.01,-1.09003,66.6998,1107.95,12.3085,64.83,1119.61,16.3334,50.1838,1115.32,2.90243,52.3685,0,0,0
000177:1037.78,-41.5939,159.262,1037.58,-45.1579,162.707,1040.75,-39.3827,162.308,1039.74,-52.9074,161.22,1047.87,-38.5739,160.228,1037.2,-59.289,143.817,1059.87,-37.8818,141.023,1028.15,-55.2704,127.632,1070.13,-34.329,114.806,1027.09,-30.4599,129.943,1073.53,-27.0124,95.9878,1039.13,-56.4158,90.3509,1057.49,-43.1528,88.8504,1027.22,-52.2776,50.6985,1065.07,-48.1077,48.421,1023.27,-51.8103,11.342,1082.67,-57.1679,8.15189,1098.74,-0.939413,67.1984,1105.26,12.3259,65.4672,1116.02,16.4041,51.0071,1110.79,3.10495,53.0827,0,0,0
000178:1034.04,-41.6366,159.372,1034.09,-45.1718,162.8,1037.96,-39.4261,162.402,1038.08,-52.8433,161.288,1048.07,-38.6515,160.303,1037.4,-59.2334,143.875,1063.72,-37.9951,141.044,1031.12,-55.36,127.427,1075.71,-34.4867,114.55,1035.37,-31.2695,129.156,1073.45,-26.8124,95.4005,1038.56,-56.4972,90.6629,1059.29,-43.3531,89.0235,1025.28,-52.3737,51.204,1065.54,-48.2287,48.6961,1022.03,-52.0232,11.92,1083.12,-57.2409,8.41773,1101.04,-1.02633,66.9641,1108.8,12.0125,65.1148,1118.37,16.0419,50.9442,1112.23,2.984,53.1203,0,0,0
000179:1033.84,-41.2711,159.295,1033.65,-44.8066,162.744,1036.98,-39.1136,162.294,1036.08,-52.5445,161.191,1044.86,-38.4506,160.196,1034.03,-58.7786,143.773,1058.73,-38.0756,140.887,1025.02,-53.9605,127.508,1070.53,-34.794,114.28,1026.1,-28.9452,129.616,1072.01,-26.7593,94.7574,1038.23,-56.3877,90.2074,1058.07,-43.4913,88.6058,1026.28,-52.3407,50.6222,1066.37,-48.2492,48.1489,1023.39,-52.1178,11.2879,1085.92,-57.2826,7.74192,1098.62,-0.834958,67.1463,1105.78,12.2185,65.5306,1115.74,16.2923,51.3536,1110.04,3.24258,53.3126,0,0,0
000180:1034.64,-41.6564,159.291,1034.68,-45.2012,162.759,1038.07,-39.3875,162.325,1037.86,-52.8277,161.285,1046.18,-38.3642,160.294,1036.31,-59.0347,143.945,1059.92,-37.451,141.138,1028.7,-54.4126,127.522,1071.68,-33.9078,114.607,1027.86,-29.0617,129.626,1073.26,-26.6946,95.4118,1038.35,-56.4114,90.7607,1057.68,-43.0281,89.1056,1024.39,-52.4167,51.2789,1064.48,-48.0956,48.7325,1021.95,-51.8505,11.8867,1085.55,-57.2968,7.95223,1099.8,-0.84076,67.347,1106.22,12.2997,65.4775,1116.02,16.1476,51.2152,1111.28,3.05368,53.4155,0,0,0
000181:1033.9,-40.6533,159.658,1033.86,-44.2152,163.112,1036.62,-38.5369,162.65,1036.09,-52.1399,161.593,1042.98,-38.124,160.535,1033.69,-58.5977,144.198,1054.62,-38.1033,141.277,1026.85,-53.8468,127.808,1065.83,-35.07,114.666,1026.71,-28.8398,129.837,1073.17,-26.821,94.7955,1036.34,-56.2957,90.6906,1053.13,-43.4793,89.287,1026.95,-52.2064,50.8648,1062.32,-48.0056,48.8193,1026.81,-52.1401,11.0051,1083.35,-56.9404,8.26808,1101.49,-0.9017,66.9392,1107.88,12.0132,65.3808,1118.32,15.9809,51.245,1113.5,3.08388,53.1273,0,0,0
000182:1032.28,-41.0004,159.662,1032.08,-44.5284,163.098,1035.72,-38.8571,162.66,1035.53,-52.3187,161.518,1045.06,-38.3145,160.531,1034.37,-58.5526,144.062,1062.04,-38.1583,141.188,1026.59,-53.5835,127.721,1076.15,-35.0344,114.462,1028.18,-28.3857,129.89,1077.49,-26.9111,94.976,1039.19,-56.3164,90.4269,1060.51,-43.4805,88.7874,1025.17,-52.2589,50.8304,1065.77,-47.8351,48.3557,1023.33,-52.3163,11.2874,1083.8,-56.5516,7.902,1100.81,-0.923266,67.205,1105.63,12.0707,65.6881,1114.42,16.0611,51.6521,1111.29,3.12164,53.4593,0,0,0
000183:1032.91,-40.6895,159.633,1032.83,-44.2199,163.098,1036.27,-38.4805,162.633,1035.8,-52.0463,161.612,1044.2,-37.7458,160.528,1033.14,-58.5469,144.301,1058.72,-37.4519,141.257,1024.98,-53.9866,128.186,1070.53,-34.2545,114.763,1023.03,-28.3433,130.641,1077.34,-27.0596,95.6062,1036.52,-56.565,90.8539,1056.22,-43.323,89.1943,1024.39,-52.6331,51.2669,1063.1,-47.8501,48.8638,1024.03,-52.3398,11.5823,1083.77,-56.6705,8.24365,1102.48,-1.19145,67.2523,1106.28,11.9898,65.558,1115.81,15.8391,51.2287,1113.83,2.69148,53.216,0,0,0
000184:1034.98,-40.8671,159.78,1034.58,-44.3761,163.237,1037.48,-38.5579,162.764,1035.41,-51.9555,161.613,1042.36,-37.5057,160.531,1032.31,-58.3401,144.185,1053.72,-36.8523,141.165,1025.99,-53.9565,127.701,1066.52,-33.8055,114.364,1026.37,-28.9515,129.443,1075.61,-26.7828,94.2544,1037.55,-56.4728,90.8513,1054.88,-42.9253,89.2185,1025.24,-52.8722,51.3292,1060.29,-47.402,49.1168,1025.44,-52.8873,11.7295,1081.7,-56.1337,8.55034,1100.81,-0.979783,67.2967,1106.52,12.0415,65.6859,1114.9,16.0432,51.6622,1111.17,3.05787,53.5696,0,0,0
000185:1036.49,-40.6568,159.798,1036.3,-44.1808,163.26,1039.45,-38.4327,162.758,1038,-51.8765,161.617,1045.65,-37.6217,160.521,1034.99,-58.1983,144.182,1057.68,-37.2623,141.089,1029.53,-53.4123,127.843,1069.32,-34.2325,114.255,1029.87,-28.0555,129.97,1076.75,-26.7244,94.2772,1037.74,-56.3201,90.7549,1055.62,-43.1115,89.1122,1024.97,-52.5733,51.1767,1060.32,-47.4367,48.9708,1026.25,-52.6818,11.3777,1080.89,-56.1616,8.39448,1103,-1.0043,67.0565,1108.99,11.917,65.418,1117.52,15.8625,51.399,1113.68,2.97271,53.3307,0,0,0
000186:1032.94,-40.3882,159.675,1032.9,-43.9038,163.144,1036.32,-38.1706,162.68,1035.83,-51.6957,161.614,1044.84,-37.5359,160.525,1033.93,-58.2682,144.209,1060.36,-37.4433,141.168,1028.85,-54.0179,127.522,1074.57,-34.5762,114.391,1034.02,-29.5757,128.794,1078.84,-26.9119,94.6768,1036.84,-56.4263,90.7329,1057.57,-43.414,89.0305,1021.87,-52.3115,51.3474,1062.62,-47.8525,48.7558,1022.29,-52.2915,11.6567,1084.22,-56.7789,8.1362,1102.57,-1.10599,66.9578,1107.5,11.9319,65.3849,1115.18,15.8818,51.3839,1112.31,2.90178,53.2442,0,0,0
000187:1035.85,-40.2745,159.783,1035.59,-43.8737,163.281,1037.97,-38.0735,162.797,1036.11,-51.8411,161.752,1041.6,-37.3676,160.627,1032.44,-58.6329,144.215,1051.06,-37.0005,141.168,1026.8,-54.5871,127.735,1061.22,-33.8424,114.61,1023.98,-29.1532,129.723,1073.44,-26.512,94.7222,1036.97,-56.4751,90.286,1052.88,-42.8888,88.803,1023.93,-52.6986,50.7563,1060.13,-47.4926,48.5417,1023.77,-52.5256,11.1625,1084.41,-56.5221,7.74857,1101.24,-0.972019,67.2736,1105.62,11.9467,65.9241,1114.19,15.9478,51.9382,1111.95,3.05852,53.5502,0,0,0
000188:1035.16,-40.2089,159.947,1034.84,-43.7519,163.442,1037.62,-37.9885,162.908,1035.69,-51.5444,161.793,1043.07,-37.2922,160.68,1032.47,-58.1726,144.157,1054.67,-37.0276,141.038,1025.71,-53.7353,127.335,1067.21,-34.0772,113.912,1030.21,-29.2248,128.332,1072.81,-26.0468,93.0859,1037.3,-56.4313,90.3075,1055.42,-43.1719,88.6696,1024.12,-52.6474,50.8948,1061.21,-47.6451,48.5145,1022.67,-52.4911,11.5849,1081.3,-56.4999,8.23369,1100.66,-1.08382,66.7247,1107.68,11.4764,65.1737,1116.7,15.3358,51.4562,1111.44,2.81902,53.3341,0,0,0
000189:1033.78,-39.9685,159.851,1033.56,-43.5301,163.38,1036.41,-37.6395,162.86,1034.81,-51.3421,161.868,1041.66,-36.5444,160.703,1031.44,-58.2049,144.392,1052.97,-35.7559,141.2,1023.74,-54.3444,127.843,1065.24,-32.5429,114.306,1022.09,-29.0701,129.434,1074.16,-25.949,94.1914,1035.59,-56.3269,90.7779,1052.97,-42.2513,89.0434,1023.21,-52.8746,51.2726,1058.92,-47.0384,48.9124,1022.63,-52.5809,11.7483,1080.06,-56.0674,8.34087,1100.66,-1.03413,66.9948,1107.58,11.7987,65.0663,1117.2,15.4699,50.9767,1112.21,2.65245,53.2191,0,0,0
000190:1029.38,-39.6847,159.769,1029.51,-43.2254,163.296,1033.14,-37.4672,162.782,1033.57,-51.2428,161.913,1042.94,-36.8595,160.725,1032.15,-58.2617,144.555,1059.03,-36.7332,141.329,1024.66,-54.2366,127.935,1073.14,-33.865,114.351,1025.46,-29.3013,129.327,1074.6,-26.4611,94.4178,1034.2,-56.4269,90.9756,1054.56,-42.9018,89.1919,1021.73,-52.8189,51.4648,1059.92,-47.41,48.9981,1024.18,-52.6155,11.5857,1081.12,-56.0231,8.36141,1101.28,-1.2529,66.9327,1108.03,11.6892,65.1291,1117.75,15.4167,50.9453,1112.72,2.53308,53.0725,0,0,0
000191:1030.93,-39.4069,159.637,1030.84,-42.9556,163.153,1033.77,-37.1588,162.613,1033.24,-51.0029,161.652,1040.84,-36.4983,160.421,1031.39,-58.2263,144.235,1054.46,-36.3957,140.895,1027.11,-54.7409,127.617,1067.83,-33.6586,113.842,1030.63,-30.0791,128.878,1073.94,-26.2571,93.2673,1035.95,-56.6806,90.5613,1053.93,-42.8861,88.8595,1023.78,-53.1625,51.1524,1058.37,-47.0399,48.9593,1027.15,-53.3973,11.2881,1079.66,-55.6821,8.62894,1103.71,-1.4398,66.3945,1111.18,11.3692,64.6117,1120.38,15.1715,50.566,1114.99,2.37748,52.6506,0,0,0
000192:1030.15,-39.1894,159.661,1030.06,-42.7257,163.177,1033.53,-36.9457,162.619,1033.04,-50.7679,161.626,1042.12,-36.2451,160.397,1030.72,-58.0272,144.136,1057.15,-36.0567,140.649,1021.7,-54.3959,127.841,1070.94,-33.1539,113.459,1021.52,-29.3676,129.472,1071.21,-25.6216,93.0711,1035.06,-56.6308,90.2569,1055.04,-42.7863,88.3915,1022.31,-53.1499,50.9619,1058.24,-46.9794,48.5909,1024.09,-53.2527,11.4579,1077.95,-55.7378,8.5483,1099.51,-1.46019,66.4654,1107.59,11.133,64.5322,1116.74,14.8127,50.6324,1110.19,2.23812,52.9032,0,0,0
000193:1028.79,-39.3122,159.611,1028.86,-42.8421,163.167,1032.67,-37.1031,162.594,1033.05,-50.9249,161.757,1042.57,-36.5578,160.549,1031.22,-57.9617,144.38,1059.49,-36.5251,141.034,1021.94,-53.436,127.698,1074.27,-33.709,113.687,1019.05,-28.0047,128.923,1072.58,-25.6302,92.9821,1035.24,-56.5301,90.6585,1055.85,-42.945,88.829,1022.57,-53.1097,51.2705,1057.65,-46.9607,48.9925,1026.02,-53.3491,11.4107,1077.42,-55.4885,8.73188,1100.43,-1.56074,66.2793,1107.58,11.0581,64.2633,1115.71,14.4447,50.4082,1110.25,1.95572,52.7515,0,0,0
000194:1029.04,-39.0873,159.605,1029.22,-42.621,163.13,1032.57,-36.8308,162.565,1033.43,-50.7515,161.648,1041.94,-36.2103,160.385,1031.73,-58.1899,144.208,1056.99,-36.1062,140.778,1023.09,-54.6936,127.563,1069.67,-33.3918,113.503,1019.91,-29.8826,128.707,1069.95,-25.8363,92.6427,1034.02,-56.658,90.6285,1052.42,-42.6545,88.892,1023.02,-53.317,51.2379,1054.53,-46.4564,49.2545,1028.47,-53.5575,11.2525,1074.01,-54.5922,9.24828,1098.48,-1.56779,66.0909,1105.79,11.0454,64.1575,1115.48,14.6361,50.2081,1109.89,2.0765,52.4446,0,0,0
000195:1029.05,-38.7952,159.637,1029.1,-42.3427,163.166,1032.59,-36.6387,162.579,1033.03,-50.6224,161.661,1041.91,-36.3562,160.39,1031.09,-58.062,144.094,1057.51,-36.6481,140.615,1019.46,-53.8959,127.464,1070.92,-33.9341,113.299,1012.69,-28.6488,128.648,1068.88,-25.5029,92.4198,1035.98,-56.8185,90.0391,1055.48,-43.218,88.2733,1023.1,-53.4217,50.8238,1056.84,-47.0386,48.6682,1026.06,-53.4878,11.2838,1077.33,-55.2823,8.69674,1098.13,-1.75467,65.8562,1106.71,10.6544,64.0073,1116.39,14.1946,50.1845,1109.11,1.88119,52.3887,0,0,0
000196:1028.22,-38.9757,159.58,1028.04,-42.5103,163.114,1031.65,-36.8281,162.532,1031.83,-50.774,161.681,1041.08,-36.5323,160.438,1029.62,-58.1608,144.221,1057.34,-36.6938,140.828,1015.95,-53.9067,127.718,1071.74,-33.8954,113.573,1009.49,-28.5711,128.993,1072.44,-25.5675,92.5782,1035.42,-56.6982,90.3277,1054.71,-42.9378,88.646,1025.95,-53.5855,50.9722,1056,-46.5023,49.1604,1030.15,-53.9448,11.2842,1072.24,-54.3531,9.66922,1100.13,-1.93004,65.7979,1106.52,10.4808,63.9311,1117.05,13.8945,50.023,1111.62,1.59182,52.2206,0,0,0
000197:1027.55,-38.7278,159.457,1027.41,-42.2142,162.983,1031.74,-36.6012,162.41,1031.79,-50.3981,161.589,1043.49,-36.4792,160.308,1028.73,-57.6624,144.177,1062.29,-37.0527,140.74,1014.4,-53.313,127.29,1077.37,-34.5585,113.49,1011.49,-29.1808,127.628,1073.53,-26.0486,92.843,1032.99,-56.5096,90.5745,1056.17,-43.4002,88.6723,1021.74,-53.2477,51.3026,1058.03,-47.3629,48.9291,1024.97,-53.225,11.6535,1074.97,-55.1379,9.12237,1101.29,-2.24605,65.5027,1109.12,10.1358,63.6047,1120.12,13.5038,49.7102,1113.25,1.2381,51.967,0,0,0
000198:1027.1,-38.7413,159.535,1027.13,-42.2596,163.055,1031.21,-36.5834,162.466,1031.86,-50.4946,161.556,1042.51,-36.3041,160.286,1029.29,-57.9964,144.028,1059.96,-36.4786,140.475,1015.69,-54.3068,127.426,1074.09,-33.6505,113.031,1009.81,-29.8938,128.229,1069.16,-24.9963,91.7771,1033.02,-56.6334,90.214,1053.43,-42.8676,88.4043,1024.65,-53.7446,50.8886,1052.65,-46.3846,49.1285,1033.98,-54.5728,10.801,1069.73,-54.2614,9.71355,1100.33,-2.1526,65.2584,1108.22,10.0478,63.2918,1118.28,13.448,49.5965,1111.48,1.3262,51.8879,0,0,0
000199:1028.31,-38.7595,159.46,1028.2,-42.2531,163.013,1032.04,-36.538,162.4,1032.46,-50.3928,161.576,1041.91,-36.0877,160.269,1030.45,-57.8525,144.113,1058.22,-36.1391,140.612,1019.03,-53.9454,127.214,1071.43,-33.3061,113.223,1011.93,-29.4031,127.643,1068.97,-24.8917,91.8818,1035.6,-56.7517,90.3753,1054.34,-42.8084,88.5931,1026.28,-54.037,50.9789,1052.36,-46.3365,49.2865,1033.69,-54.5698,10.918,1068.62,-53.8289,9.72002,1099.54,-1.99781,65.2216,1107.58,10.2086,63.1088,1116.94,13.4189,49.4324,1110.25,1.34681,51.8667,0,0,0
000200:1025.66,-38.66,159.514,1025.64,-42.1469,163.048,1029.64,-36.4313,162.43,1030.86,-50.3011,161.53,1041.14,-35.9647,160.252,1029.07,-57.8559,143.936,1059.62,-35.9575,140.389,1013.34,-54.0457,127.085,1075.35,-33.1023,112.804,1004.48,-29.6034,127.37,1071.17,-24.6812,91.199,1034.28,-56.7979,90.0375,1054.38,-42.7434,88.1891,1025.38,-54.1346,50.8834,1052.45,-46.2026,49.0886,1031.07,-54.6121,11.3669,1066.22,-53.7291,10.1292,1099.69,-2.36437,64.9831,1107.65,9.72507,62.8479,1118.93,12.9062,49.1414,1111.54,0.93491,51.6516,0,0,0
000201:1027.47,-38.643,159.377,1027.55,-42.155,162.922,1031.4,-36.4505,162.312,1032.6,-50.4192,161.461,1042.22,-36.0938,160.172,1029.7,-57.9886,143.902,1059.31,-36.1577,140.424,1013.04,-54.0808,126.937,1073.7,-33.2595,113.091,997.962,-29.4862,127.145,1071.27,-24.8392,91.838,1033.6,-56.7109,90.1031,1052.7,-42.6996,88.3511,1025.02,-54.0749,50.8776,1050.5,-46.2021,49.2307,1033.77,-54.7282,10.9084,1067.15,-53.8189,9.9257,1098.8,-2.59942,64.8217,1105.78,9.4373,62.6387,1117.08,12.4189,48.9213,1110.81,0.507815,51.4473,0,0,0
000202:1026.53,-38.7682,159.312,1026.65,-42.2585,162.846,1030.46,-36.5145,162.227,1032.19,-50.4337,161.356,1041.32,-36.0032,160.036,1030.63,-58.0479,143.816,1058.33,-35.8818,140.308,1014.76,-54.1534,126.957,1071.86,-32.9394,112.94,1000.26,-29.3758,127.419,1069,-24.7654,91.5978,1034.77,-56.8458,90.1962,1052.79,-42.5495,88.4296,1026.93,-54.4949,50.8429,1050.88,-46.0216,49.277,1031.95,-54.7432,11.2158,1064,-52.9662,10.1314,1098.08,-2.44822,64.7302,1104.95,9.55319,62.4812,1116.02,12.5148,48.8063,1109.82,0.670552,51.38,0,0,0
000203:1023.77,-38.3895,159.187,1023.86,-41.8526,162.739,1028.4,-36.1903,162.065,1030.05,-50.0511,161.224,1041.54,-35.7944,159.892,1027.72,-57.7517,143.608,1061.44,-35.8541,139.889,1008.33,-53.7299,126.767,1074.34,-32.7933,112.169,992.998,-29.1527,126.923,1063.8,-23.8248,90.2688,1033.78,-57.003,89.6847,1055.53,-42.9675,87.6961,1025.79,-54.5081,50.6338,1053.58,-46.4397,48.7061,1032.42,-54.5673,11.2272,1067.67,-53.6391,9.81655,1097.52,-2.59643,64.504,1106.17,9.18205,62.2558,1118.36,12.1631,48.681,1110.21,0.523707,51.3125,0,0,0
000204:1026.73,-38.2261,159.246,1026.6,-41.7347,162.782,1030.44,-36.0549,162.161,1031.42,-50.0974,161.352,1040.97,-35.8809,159.993,1027.52,-57.9389,143.785,1057.21,-36.0111,140.24,1006.6,-54.3347,126.698,1069.51,-33.048,112.828,988.774,-30.5805,126.314,1063.31,-23.8879,90.8751,1032.77,-56.6835,90.1861,1051.02,-42.4978,88.492,1026.96,-54.5191,51.0439,1046.54,-45.6726,49.8372,1036.95,-55.4763,11.1758,1058.79,-52.6616,11.2963,1098.02,-2.66258,64.12,1105.65,8.98747,61.9884,1119.15,11.9198,48.3907,1111.53,0.393349,50.8902,0,0,0
000205:1027.67,-38.3908,159.043,1027.27,-41.8971,162.591,1031.05,-36.1935,161.953,1031.16,-50.1889,161.197,1040.17,-35.8452,159.816,1028.18,-58.1532,143.673,1055.45,-35.725,140.08,1010.51,-55.1354,126.681,1067.28,-32.6203,112.789,994.14,-31.59,126.322,1063.34,-23.9123,90.8366,1035.3,-56.8449,90.0429,1053.28,-42.4566,88.2921,1027.16,-54.6387,51.1384,1050.72,-46.1293,49.5817,1031.87,-55.1266,11.9838,1063.96,-53.4782,10.97,1097.3,-3.09343,64.0685,1105.62,8.51827,61.7906,1118.76,11.3836,48.1973,1110.77,-0.142639,50.8428,0,0,0
000206:1026.59,-38.4111,158.932,1026.38,-41.8714,162.522,1030.16,-36.1599,161.843,1031.11,-50.1108,161.189,1040.98,-35.7601,159.796,1028.77,-58.2254,143.636,1057.66,-35.5733,139.944,1011.92,-55.5153,126.473,1069.26,-32.3874,112.313,1001.35,-32.6006,125.5,1059.53,-23.0791,89.6907,1035.19,-57.1759,89.6836,1053.32,-42.5696,87.9009,1029.38,-55.2866,50.6384,1049.17,-45.758,49.2851,1036.54,-55.9615,11.262,1058.28,-52.3264,11.1773,1095.97,-3.12744,63.734,1105.34,8.18239,61.2576,1117.67,10.8892,48.0125,1108.5,-0.289437,50.8507,0,0,0
000207:1022.06,-38.2327,159.226,1022.45,-41.7254,162.733,1026.17,-36.0264,162.101,1029.8,-50.0618,161.185,1039.12,-35.7796,159.857,1029.59,-58.2343,143.42,1057.34,-35.6909,139.803,1012.09,-55.7898,126.271,1069.18,-32.384,112.349,995.781,-33.0843,125.393,1059.62,-23.0202,90.1657,1033.22,-56.8995,89.4452,1050.47,-42.4609,87.7602,1027.72,-54.7876,50.367,1047.67,-45.8876,49.0225,1035.06,-55.6054,11.0233,1059.02,-53.0085,10.8263,1095.93,-3.6923,63.5955,1104,7.51529,61.1827,1117.48,10.1861,47.9398,1109.28,-0.933167,50.7008,0,0,0
000208:1026.2,-38.0511,159.032,1025.85,-41.5465,162.56,1029.55,-35.8294,161.904,1030.61,-49.8687,161.031,1039.91,-35.5379,159.647,1026.81,-57.9583,143.318,1057.33,-35.4528,139.637,1002.49,-55.1739,126.24,1070.27,-32.3081,112.136,982.395,-32.5857,125.156,1062.44,-23.122,89.6595,1035.41,-56.7996,89.4753,1054.25,-42.3092,87.6538,1030.47,-55.0617,50.487,1051.18,-45.953,49.0441,1037.32,-55.849,11.3207,1060.98,-52.9634,10.9851,1094.88,-3.89646,63.3579,1100.15,7.21238,61.0713,1113.68,9.70878,47.857,1107.7,-1.29391,50.5206,0,0,0
000209:1024.62,-38.2505,159.037,1024.63,-41.7108,162.559,1028.41,-35.9176,161.918,1030.4,-49.8402,161.018,1040.15,-35.3295,159.642,1026.89,-58.0323,143.288,1058.21,-34.8967,139.625,1003.75,-55.8568,125.747,1070.81,-31.4236,112.163,984.073,-34.1024,123.697,1059.54,-22.5105,89.866,1033.22,-57.0691,89.802,1052.54,-42.3641,87.9179,1027.98,-55.1616,50.8774,1049.91,-46.2427,49.2153,1036.28,-55.4343,11.469,1061.22,-53.1956,10.9,1091.59,-4.64267,63.7353,1098.77,6.29346,61.0901,1111.33,8.56181,48.1121,1103.6,-2.26992,51.1224,0,0,0
000210:1025.33,-38.1098,158.921,1025.24,-41.6066,162.457,1028.93,-35.7866,161.823,1031.02,-49.8422,160.967,1040.95,-35.2854,159.595,1027.58,-58.1504,143.205,1059.81,-34.8275,139.575,1003.31,-56.2405,125.514,1073.1,-31.4313,112.051,985.374,-34.9494,123.071,1063.1,-22.6336,89.4474,1034.26,-56.8828,89.669,1053.99,-42.0098,87.7742,1028.16,-55.21,50.8132,1050.3,-45.9575,49.1326,1034.67,-55.7595,11.6612,1058.56,-52.8678,11.1169,1091.9,-4.89902,63.6554,1098.21,5.75669,61.0791,1111.87,7.85207,48.2852,1104.71,-2.69751,51.2201,0,0,0
000211:1024.97,-37.9388,158.974,1025.04,-41.4766,162.501,1028.27,-35.5829,161.864,1030.77,-49.7882,160.961,1038.92,-34.9425,159.549,1027.9,-58.4018,143.152,1055.45,-34.0919,139.502,1005.6,-57.2169,125.517,1067.49,-30.1677,112.313,986.263,-35.9702,123.032,1059.57,-21.5834,89.9899,1033.41,-56.8969,89.8409,1049.81,-41.4009,88.0304,1031.2,-55.8652,50.9177,1048.1,-45.7004,49.5499,1037.66,-56.5019,11.9044,1054.79,-52.6226,11.8217,1090.75,-5.46933,63.7115,1096.91,4.97375,60.8885,1110.32,6.79481,48.169,1103.23,-3.56794,51.331,0,0,0
000212:1024.29,-38.2858,158.921,1024.37,-41.7893,162.39,1027.52,-35.9175,161.766,1030.1,-49.84,160.674,1037.55,-35.1154,159.333,1027.38,-58.088,142.835,1053.49,-34.1035,139.225,1006.67,-57.0871,125.416,1065.21,-30.175,112.144,986.713,-36.5689,123.045,1061.14,-21.7822,89.7066,1032.36,-56.471,89.6565,1048.07,-41.2375,87.8672,1029.64,-55.2987,50.7292,1047.26,-45.7258,49.2772,1037.59,-56.0415,11.6511,1056.82,-52.8348,11.2513,1092.72,-6.20425,64.162,1096.03,4.07077,61.6467,1109.41,5.96728,49.2139,1105.35,-4.27284,52.0171,0,0,0
000213:1026.14,-38.1989,158.853,1026.08,-41.7061,162.374,1029,-35.7119,161.742,1030.98,-49.7414,160.789,1038.43,-34.6817,159.406,1027.44,-58.3592,142.956,1054.04,-33.3634,139.356,1004.86,-57.7191,124.956,1064.75,-29.0828,112.293,984.362,-37.2563,121.567,1059.9,-21.0178,89.8512,1034.03,-57.051,89.8662,1050.1,-41.3014,88.0394,1031.01,-55.8009,50.9398,1049.45,-45.9836,49.3347,1036.32,-55.8665,11.888,1056.21,-52.9544,11.4337,1089.24,-6.69994,64.1147,1092.71,3.45112,61.2318,1104.9,4.93835,48.9408,1100.63,-5.1427,52.0989,0,0,0
000214:1026.3,-38.2102,158.928,1026.47,-41.7318,162.408,1029.1,-35.738,161.797,1031.87,-49.8395,160.701,1038.1,-34.7705,159.334,1028.32,-58.4656,142.795,1052.44,-33.4924,139.223,1005.64,-58.1104,125.087,1062.89,-29.1171,112.555,983.041,-37.8439,122.051,1062.77,-21.2246,90.6824,1032.34,-56.9645,89.6345,1046.31,-41.1662,87.9292,1030.93,-55.9279,50.5768,1046,-45.7358,49.2436,1036.32,-56.1301,11.5762,1051.9,-52.3503,11.5124,1089.18,-7.41902,64.2199,1091.17,2.53688,61.2411,1103.72,3.80643,49.0433,1100.71,-6.08687,52.2704,0,0,0
000215:1024.49,-38.2798,158.956,1024.95,-41.8023,162.441,1027.88,-35.7791,161.811,1031.67,-49.8732,160.761,1038.55,-34.7022,159.372,1029.71,-58.7021,142.875,1054.28,-33.2135,139.169,1009.55,-58.8058,125.283,1064.3,-28.6086,112.305,987.006,-38.3784,122.46,1060.6,-20.8223,90.1397,1032.14,-57.1762,89.8985,1046.86,-41.2,88.102,1029.56,-55.8847,51.1122,1047.11,-45.905,49.5551,1033.5,-55.6547,12.429,1054.1,-52.8672,11.8089,1084.44,-7.84514,64.5314,1086.99,1.93274,61.3367,1097.13,3.04111,49.4278,1093.9,-6.67275,52.8678,0,0,0
000216:1026.05,-38.3452,158.799,1026.2,-41.8737,162.279,1028.55,-35.8261,161.628,1031.36,-49.8278,160.567,1036.57,-34.6236,159.163,1029.5,-58.6543,142.671,1049.67,-32.7787,138.936,1011.1,-59.3166,125.268,1057.32,-27.6826,112.377,990.183,-39.8153,122.294,1054.35,-19.4677,90.04,1034.66,-57.056,89.6982,1047.14,-40.8516,87.8996,1033.11,-56.3733,50.9375,1049.06,-46.1141,49.3596,1035.82,-56.2918,12.6143,1055.01,-53.0649,11.7313,1086.1,-8.40748,64.4932,1087.87,0.667336,61.162,1098.65,1.38116,49.7745,1096.01,-7.6373,53.3357,0,0,0
000217:1026.45,-38.1933,158.76,1026.84,-41.7537,162.234,1029.28,-35.7071,161.6,1031.98,-49.8102,160.513,1037.57,-34.6416,159.14,1029.68,-58.88,142.446,1049.49,-32.7461,138.829,1014.03,-60.0831,124.523,1055.8,-27.3165,112.408,997.288,-41.3151,120.589,1051.62,-18.8344,90.178,1031.59,-57.0669,89.4661,1043.76,-40.8157,87.8092,1029.81,-56.0385,50.8611,1044.78,-45.8153,49.3905,1034.47,-55.8252,12.3971,1052.05,-52.8701,11.8343,1084.05,-8.93038,64.4403,1088.11,-0.659424,60.714,1097.2,-0.393551,50.0815,1092.63,-8.62666,53.9887,0,0,0
000218:1025.08,-38.3877,158.836,1025.48,-41.913,162.304,1027.76,-35.819,161.681,1031,-49.8034,160.537,1036.34,-34.5253,159.163,1028.07,-58.6851,142.528,1049.53,-32.5322,138.864,1008.28,-59.7525,124.654,1057.73,-27.2511,112.406,987.995,-41.3144,120.62,1056.8,-19.3156,90.228,1030.86,-57.1036,89.6519,1043.62,-40.7918,87.8761,1031.03,-56.4237,50.7293,1047.24,-46.0991,49.0528,1033.8,-56.2201,12.2155,1051.15,-52.7978,11.4864,1083.03,-9.49286,65.2381,1085.57,-1.25661,61.5704,1096.79,-1.15054,50.9431,1093.12,-9.33578,54.8083,0,0,0
000219:1025.9,-38.2234,158.672,1025.96,-41.7728,162.145,1028.14,-35.7142,161.505,1030.01,-49.7934,160.441,1034.83,-34.6212,159.035,1027.07,-58.9082,142.478,1046.43,-32.7111,138.756,1008.71,-60.2296,124.953,1053.24,-27.084,112.598,990.24,-41.6744,121.4,1051.93,-18.5835,90.6356,1032.54,-57.3522,89.4972,1045.18,-41.1284,87.7608,1030.71,-56.3077,50.8198,1049.95,-46.596,48.976,1029.41,-55.5034,12.8956,1056.2,-53.6046,11.2843,1080.66,-9.75899,65.4589,1084.84,-2.14758,61.4966,1096.29,-2.42659,51.2512,1091.05,-9.98255,55.4142,0,0,0
000220:1024.74,-38.1653,158.608,1024.93,-41.7261,162.094,1027.32,-35.6516,161.462,1029.9,-49.7427,160.43,1035.21,-34.4768,159.055,1026.56,-58.8455,142.402,1047.5,-32.307,138.68,1005.23,-60.2674,124.814,1055.27,-26.4844,112.408,983.507,-41.8522,121.024,1050.32,-18.0141,90.3508,1031.48,-57.1222,89.2764,1043.7,-40.625,87.53,1033.04,-56.531,50.433,1046.21,-46.0905,48.9622,1037.6,-56.2574,11.97,1051.81,-53.1661,11.4647,1076.97,-10.2102,65.9609,1082.65,-2.99989,61.8559,1095.22,-3.54813,51.916,1088.03,-10.6847,56.2504,992.195,5.41565,117.981
000221:1024.66,-38.471,158.623,1024.93,-41.9945,162.087,1027.01,-35.8814,161.459,1029.79,-49.789,160.375,1033.89,-34.46,158.98,1027.62,-58.958,142.386,1044.85,-32.0182,138.64,1008.46,-61.0867,124.88,1051.28,-25.9346,112.625,984.246,-43.6165,120.945,1050.51,-17.6992,90.5694,1032.21,-57.3154,89.4819,1042.36,-40.6526,87.7607,1034.76,-56.8047,50.5047,1046.71,-46.3806,49.0414,1033.58,-55.8191,12.5697,1049.34,-52.9101,11.6833,1072.85,-10.594,66.5259,1077.6,-3.73527,62.3029,1088.62,-4.429,52.8093,1082.55,-11.2371,57.2178,989.268,5.80087,116.159
000222:1024.63,-38.311,158.722,1024.97,-41.8433,162.146,1027.1,-35.7064,161.552,1030.09,-49.6847,160.407,1034.8,-34.3903,159.003,1027.72,-59.0815,142.388,1045.58,-31.9226,138.742,1009.54,-61.6721,124.427,1050.13,-25.4158,112.936,992.666,-45.2614,119.45,1044.36,-16.5889,91.1427,1030.36,-57.4058,89.9658,1041.67,-40.7325,88.2793,1031.48,-56.6253,51.2402,1047.34,-46.3991,49.5071,1031.2,-55.6235,13.1825,1051.27,-52.9724,11.9758,1070.32,-10.8552,66.461,1076.12,-4.48764,61.8385,1089.11,-5.65749,52.5514,1081.83,-11.9714,57.3533,989.456,5.77287,114.637
000223:1025.11,-38.2955,158.586,1025.32,-41.8256,162.043,1027.24,-35.7069,161.392,1029.47,-49.6039,160.352,1033.35,-34.2311,158.915,1027.28,-59.0947,142.342,1042.7,-31.4501,138.488,1009.98,-62.3105,125.089,1047.66,-24.7114,112.726,990.749,-46.0386,120.885,1042.11,-15.9269,90.7123,1031.55,-57.3118,89.5064,1041.09,-40.3058,87.752,1032.72,-57.0109,50.9447,1045,-46.1187,49.3719,1033.41,-56.1378,13.2663,1049.36,-52.726,12.0978,1066.56,-11.5212,66.7569,1074.47,-5.74978,61.8474,1085.98,-7.11514,53.036,1076.85,-12.861,58.112,986.441,6.16853,113.21
000224:1025.68,-38.3967,158.768,1025.61,-41.9455,162.193,1027.75,-35.8164,161.554,1028.64,-49.6855,160.404,1032.92,-34.3549,159.008,1026,-59.0504,142.333,1041.29,-31.4581,138.582,1012.02,-62.2306,125.023,1045.77,-24.4358,113.048,1000.75,-46.1671,120.742,1042.24,-15.5838,91.2365,1030.35,-57.1971,89.7828,1039.83,-40.2151,88.0579,1033.55,-57.065,51.1144,1044.72,-46.1435,49.6232,1035.6,-56.2491,13.2974,1048.33,-52.7544,12.307,1067.61,-11.9756,66.7411,1076.88,-6.82771,61.4458,1089.37,-8.68225,53.0116,1078.86,-13.7929,58.4701,983.438,6.56252,111.79
000225:1024.43,-38.1402,158.74,1024.38,-41.7089,162.187,1026.45,-35.5564,161.558,1027.77,-49.4948,160.565,1032.24,-34.1563,159.143,1025.31,-59.0216,142.664,1041.17,-31.2195,138.875,1008.99,-62.5321,125.286,1044.79,-23.9726,113.369,995.856,-47.0972,120.64,1037.74,-14.8773,91.6053,1030.93,-57.122,90.2553,1041.19,-40.1486,88.493,1033.51,-56.7745,51.512,1047.72,-46.4427,49.7675,1034.05,-56.0262,13.5655,1052.12,-53.6105,12.0809,1070.59,-12.9968,66.8188,1082.88,-8.45289,60.8987,1098.78,-11.0521,52.6175,1084.85,-15.5478,58.7321,986.701,6.86493,110.167
000226:1024.81,-38.4163,158.639,1024.95,-41.9908,162.107,1026.96,-35.8398,161.469,1028.54,-49.7893,160.455,1032.57,-34.3645,159.069,1025.97,-59.2498,142.5,1040.2,-31.2584,138.764,1008.85,-62.6469,125.423,1042.7,-23.7301,113.55,994.808,-46.7492,121.329,1033.43,-14.6674,92.5381,1029.53,-57.1841,89.8585,1038.67,-40.038,88.1487,1031.86,-57.0131,51.014,1043.61,-46.0394,49.4709,1033.69,-56.2444,12.9589,1048.27,-52.6675,11.7054,1062.39,-12.9083,67.9937,1074.49,-8.42235,62.1153,1089.15,-10.9629,54.0052,1075.62,-15.3828,60.0349,986.671,7.60134,109.028
000227:1023.91,-38.4409,158.739,1024.11,-42.0263,162.16,1026.34,-35.9297,161.52,1028,-49.8102,160.375,1032.06,-34.5251,159,1025.49,-59.2649,142.358,1040.1,-31.4251,138.603,1008.71,-62.79,125.516,1042.72,-23.7226,113.495,995.495,-47.5174,121.622,1033.44,-13.9423,92.3478,1028.58,-57.1091,89.9047,1038.19,-40.1286,88.1983,1031.54,-56.806,51.0785,1045.25,-46.1592,49.4113,1033.75,-55.952,13.0839,1050.88,-52.8293,11.5693,1053.55,-11.6115,69.4422,1061.03,-7.56573,64.2433,1069.42,-9.60348,57.1743,1060.92,-13.6485,62.4272,986.74,8.32557,107.504
000228:1024.99,-38.3567,158.788,1026.81,-41.8644,162.254,1027.62,-35.9058,161.455,1030.47,-49.8102,160.414,1034.73,-34.629,159.004,1026.91,-59.529,142.384,1041.6,-31.5829,138.862,1006.71,-63.5038,125.009,1041.94,-23.4059,113.873,1001.26,-48.5459,120.303,1024.34,-13.3345,93.486,1032.64,-56.9299,90.2141,1041.19,-40.0446,88.5001,1031.86,-56.5154,51.875,1045.58,-46.0642,50.036,1030.46,-55.5234,14.1367,1050.67,-52.7815,12.2862,1049.21,-11.8855,70.0921,1064.02,-7.96778,63.9564,1071.22,-10.701,57.4223,1056.05,-14.5415,63.609,983.837,8.70306,105.711
000229:1020.68,-38.6653,158.74,1022.61,-42.0942,162.211,1023.25,-36.1437,161.368,1026.88,-49.7869,160.367,1030.09,-34.5108,158.945,1024.59,-59.3293,142.46,1037.42,-31.2181,138.766,1002.29,-63.0234,125.733,1039.23,-23.0682,113.531,987.722,-47.4107,122.091,1024.37,-12.8906,92.4228,1032.95,-57.2466,90.2666,1039.91,-40.1963,88.4673,1034.65,-57.1616,51.7529,1044.59,-46.1203,50.0518,1033.74,-56.1139,14.0196,1049.73,-52.6431,12.2901,1053.87,-12.3035,69.113,1064.18,-8.55801,62.7368,1068.59,-11.5324,56.5017,1058.11,-15.1782,62.892,0,0,0
000230:1023.02,-38.5083,158.686,1024.69,-41.9996,162.11,1025.07,-36.0039,161.332,1027.73,-49.885,160.242,1030.88,-34.6409,158.861,1023.13,-59.4066,142.26,1037.16,-31.3855,138.777,1000.5,-63.4459,125.201,1038.18,-22.7411,113.975,989.687,-48.45,120.887,1025.33,-12.3526,93.436,1031.39,-56.8874,90.1839,1038.98,-39.8749,88.4898,1034.33,-56.9357,51.7655,1044.83,-45.9252,50.1032,1037.34,-56.7604,13.7167,1051.25,-52.9219,12.3344,1069.47,-14.2822,67.0771,1083.07,-11.144,59.5767,1097.41,-15.573,52.8942,1082.88,-18.523,60.4965,983.965,10.1465,102.296
000231:1024.04,-38.5029,158.783,1025.82,-41.994,162.257,1026.09,-35.9455,161.477,1028.47,-49.8083,160.559,1031.7,-34.4157,159.123,1024.9,-59.6492,142.602,1036.74,-30.9805,139.012,1006.94,-64.6248,125.429,1036.67,-22.3157,114.022,1002.18,-50.5012,120.945,1023.31,-12.1702,93.1243,1030.93,-57.0122,90.3311,1037.62,-39.7388,88.5989,1033.52,-56.9953,51.6617,1045.34,-46.0944,49.8268,1033.17,-56.2971,13.6295,1050.54,-52.9772,11.8501,1054.99,-12.7181,68.0517,1069.69,-9.48188,60.792,1078.54,-13.3903,54.5204,1063.29,-16.5023,61.8424,981.096,9.78229,100.906
000232:1024.34,-38.7585,158.72,1025.95,-42.2157,162.155,1026.16,-36.1985,161.385,1028.37,-49.9431,160.36,1031.15,-34.6352,158.926,1024.82,-59.7778,142.497,1035.17,-31.1748,138.924,1004.71,-64.6712,125.702,1034.6,-22.3432,114.282,995.158,-50.3837,121.754,1017.72,-11.7966,94.0863,1031.89,-57.3046,90.4249,1037.55,-40.0472,88.7726,1035.32,-57.1148,51.7342,1043.48,-46.0493,50.2516,1037.45,-56.3427,13.4729,1050.23,-52.6004,12.2797,1046.77,-10.7649,69.3662,1059.87,-7.08978,62.6788,1067.69,-10.2471,56.2353,1053.84,-13.8339,62.9803,990.521,10.0248,99.016
000233:1023.44,-38.7661,158.456,1025.03,-42.2276,161.95,1025.28,-36.1294,161.215,1028.49,-50.0149,160.443,1031.53,-34.4688,159.026,1025.84,-60.1953,142.716,1037.38,-30.9451,139.192,1005.03,-65.4679,125.547,1036.86,-22.0124,114.523,990.768,-50.8838,121.111,1018.45,-11.7375,94.3342,1034.05,-57.8088,90.3414,1040.45,-40.28,88.6673,1035.87,-57.2212,51.541,1046.76,-46.3584,49.886,1034.25,-55.823,13.3144,1052.09,-52.9174,11.8961,1039.65,-10.0321,69.2431,1053.57,-5.48005,62.4524,1060.58,-8.44808,55.2655,1045.67,-12.8974,62.1618,981.448,10.4621,97.117
000234:1021.53,-38.5503,158.639,1023.4,-42.0004,162.07,1023.81,-35.9407,161.355,1027.5,-49.7146,160.397,1031.19,-34.291,158.982,1023.61,-59.7092,142.688,1037.25,-30.799,139.15,1001.24,-65.0266,125.745,1035.2,-21.7691,114.956,990.563,-51.2082,121.364,1013.54,-11.7675,95.9359,1029.95,-57.2964,90.6638,1037.64,-39.9954,88.859,1033.52,-57.0907,51.861,1046.49,-46.4626,49.9944,1034.26,-56.1238,13.5841,1054.14,-53.1307,11.8039,1039.71,-9.63438,68.8281,1056.04,-5.0491,61.6592,1065.09,-8.11412,54.1598,1047.34,-12.6242,61.4787,984.7,10.7725,95.4633
000235:1022.13,-38.7575,158.591,1023.92,-42.2047,162.031,1024.07,-36.1354,161.332,1027.62,-49.9799,160.413,1030.7,-34.5254,158.983,1025.52,-60.2916,142.708,1036.14,-31.1348,139.206,1007.73,-66.3217,125.677,1033.03,-22.1763,115.177,999.566,-52.807,121.161,1012.3,-12.2841,96.3203,1032.29,-57.7972,90.4293,1039.18,-40.4148,88.7287,1032.73,-57.1659,51.785,1048.34,-46.7801,49.8429,1030.19,-55.6849,13.873,1056.82,-53.2538,11.6588,1040.27,-9.25948,68.43,1056.22,-3.97757,61.5276,1065.4,-6.50649,53.3555,1048.36,-11.7674,60.4125,981.7,11.1538,93.7121
000236:1023.15,-38.5674,158.531,1023.6,-42.1383,161.926,1025.28,-35.9892,161.45,1027.07,-50.0558,160.466,1030.74,-34.6244,159.064,1026.2,-60.3569,142.71,1035.23,-31.3362,139.239,1012.8,-66.2903,125.808,1029.75,-22.2537,115.845,998.041,-52.9268,121.262,1012.76,-12.0729,97.7364,1028.37,-57.8008,90.1195,1035.75,-40.4584,88.6161,1031.9,-57.0169,51.2039,1045.33,-46.854,49.7207,1032.8,-55.3485,13.1609,1054.92,-53.3017,11.7084,1033.89,-8.05594,68.0795,1046.39,-2.67777,61.3082,1055.29,-5.04716,52.5403,1042.04,-10.3794,59.3753,981.86,11.8612,91.4364
000237:1021.83,-38.8516,158.389,1023.6,-42.2665,161.822,1023.63,-36.2231,161.203,1027.58,-50.0247,160.353,1030.29,-34.5199,158.977,1024.97,-60.3091,143.001,1034.53,-31.0342,139.804,1004.5,-66.2888,125.915,1027.68,-21.9226,116.768,990.391,-52.9542,121.379,1002.61,-12.4619,99.9064,1032.71,-57.8092,91.0346,1038.06,-40.309,89.4839,1036.56,-57.4097,51.8787,1045.59,-46.508,50.4863,1037.89,-56.3736,13.1266,1053.7,-52.6149,12.1146,1029.45,-6.50903,68.3415,1046.15,-0.26968,61.0425,1056.46,-2.5194,51.7108,1038.03,-8.76386,59.2313,985.215,12.1628,89.3824
000238:1019.96,-38.7877,158.711,1021.83,-42.2135,162.098,1022.25,-36.2297,161.508,1026.43,-50.0252,160.488,1030.24,-34.6544,159.109,1025.7,-60.58,142.958,1035.45,-31.2623,139.745,1010.85,-67.6104,125.946,1027.4,-22.1748,117.001,1004.8,-55.4608,121.33,996.838,-12.7726,100.913,1031.77,-57.7134,90.7069,1038.13,-40.2589,89.1521,1032.9,-57.1237,51.7905,1044.66,-46.3758,50.2848,1034.06,-56.2371,13.3134,1053.56,-52.5708,12.0723,1026.99,-5.09881,67.6197,1046.16,1.6044,60.4583,1056.71,0.109709,50.5619,1036.11,-6.71939,57.9481,979.173,12.202,88.1704
000239:1020.76,-38.5968,158.626,1022.64,-42.0475,162.046,1023.36,-36.0645,161.478,1027.3,-50.046,160.547,1031.72,-34.5655,159.162,1025.11,-60.7252,143.06,1037.24,-31.2636,139.919,1005.97,-67.4281,126.085,1028.42,-22.2357,117.462,997.02,-54.5239,121.762,994.052,-13.2054,102.235,1031.64,-57.6619,90.7211,1039.11,-40.1099,89.1416,1032.92,-57.1567,51.7314,1044.96,-46.3032,50.2857,1034.12,-56.0607,13.1678,1053.39,-52.4241,12.0296,1021.32,-3.73339,66.9969,1039.43,4.03017,60.0545,1048.25,3.14052,49.2115,1028.59,-4.7978,56.4343,982.51,12.5017,85.7408
000240:1019.83,-38.8159,158.745,1021.72,-42.2057,162.127,1022.1,-36.2135,161.579,1026.86,-49.9862,160.495,1029.9,-34.4028,159.1,1026.37,-60.7045,143.051,1034.91,-30.994,139.892,1009.21,-67.7282,126.197,1025.58,-22.2404,117.572,996.906,-54.9001,122.161,991.395,-13.8223,102.741,1033.26,-57.9239,90.9399,1038.53,-40.1871,89.3806,1035.2,-57.4216,51.8322,1044.02,-46.2724,50.6295,1035.38,-55.9617,13.3153,1052.15,-51.8811,12.3907,1015.36,-2.26038,67.4919,1031.49,6.33749,61.1688,1038.71,6.43689,49.8333,1021.09,-2.39536,56.4135,985.759,12.8147,83.6876
000241:1019.46,-38.939,158.741,1021.38,-42.3707,162.132,1022.14,-36.3351,161.681,1027.16,-50.349,160.604,1031.02,-34.5554,159.244,1027.44,-61.2244,143.111,1037.62,-31.1691,140.164,1010.19,-68.5747,126.071,1029.07,-22.6704,118.159,997.282,-55.2995,122.15,994.483,-15.2684,104.372,1034.44,-57.8379,90.7245,1040.65,-39.8794,89.2346,1035.03,-57.1297,51.5922,1045.61,-46.0339,50.4285,1035.54,-55.8834,12.8833,1053.48,-52.19,12.1231,1013.58,-1.1529,67.4643,1026.11,8.73898,61.7075,1030.45,9.60424,49.4852,1016.58,-0.582759,55.5038,979.818,12.8392,82.1136
000242:1020.87,-38.9143,158.625,1022.32,-42.2912,161.984,1023.23,-36.3206,161.59,1026.54,-50.2298,160.486,1030.64,-34.5352,159.113,1026.29,-61.0478,143.179,1036.88,-31.3568,140.352,1009.64,-68.4613,126.176,1028.29,-23.1192,118.856,998.287,-55.588,122.308,994.755,-15.9404,105.914,1036.24,-57.8358,91.0772,1042.72,-40.0001,89.6124,1035.45,-57.0877,52.0286,1045.67,-45.9408,50.9884,1036.46,-55.9478,13.2213,1052.77,-51.7271,12.7101,1010.79,0.268977,67.3793,1020.17,11.1224,62.1819,1021.47,12.8265,49.3549,1011.2,1.63974,54.7913,986.012,13.508,80.272
000243:1018.57,-38.9392,158.762,1020.47,-42.3616,162.09,1020.3,-36.1821,161.673,1024.87,-50.2226,160.683,1028.01,-34.2514,159.237,1020.74,-60.3828,143.347,1035.13,-31.3099,140.412,1003.62,-67.9273,126.398,1024.78,-23.2092,119.624,989.326,-54.5055,122.846,992.344,-17.2098,106.675,1032.55,-57.7229,91.5681,1039.84,-40.0486,90.0188,1035.42,-57.0433,52.274,1043.41,-45.9288,51.3165,1041.86,-56.2617,12.6045,1051.88,-51.7014,12.6995,1004.16,1.17476,68.2562,1007.79,13.5302,64.0381,1013,15.3406,50.4699,1010.56,2.2409,54.8357,982.911,13.8975,79.3122
000244:1018.97,-38.9433,158.851,1021.43,-42.3997,162.222,1020.92,-36.1686,161.838,1027.17,-50.3597,160.942,1029.54,-34.2312,159.494,1024.62,-60.7425,143.618,1036.1,-31.2999,140.781,1012.01,-69.2294,126.538,1022.88,-23.179,120.381,997.105,-56.3172,122.909,989.877,-17.5064,107.959,1032.23,-57.7104,91.6916,1038.45,-39.9399,90.2317,1031.65,-56.5569,52.4658,1042.01,-45.736,51.3938,1037.05,-55.7726,12.6819,1053.1,-51.8757,12.413,999.322,2.6314,69.4385,1001.06,15.5359,65.6859,1005.25,17.85,51.8505,1004.61,4.18759,55.7998,983.511,13.8185,75.4997
000245:1018.6,-39.4164,158.911,1020.75,-42.8201,162.277,1020.62,-36.5758,161.932,1025.58,-50.5386,160.98,1028.97,-34.357,159.547,1022.87,-60.6834,143.747,1035.89,-31.3509,141.065,1009.81,-69.3184,126.768,1023.58,-23.5828,121.186,999.401,-57.1511,122.966,988.915,-18.9165,109.707,1032.51,-57.6604,91.8623,1039.23,-39.8742,90.3898,1034.54,-56.8019,52.4371,1043.18,-45.795,51.4737,1039.02,-55.628,12.7006,1050.94,-51.3593,12.6601,994.472,3.02454,71.6044,997.361,16.6711,68.3452,999.99,19.5852,54.1768,997.793,5.19743,57.7177,980.924,14.1413,71.5033
000246:1021.1,-39.4373,158.878,1023.17,-42.8855,162.235,1022.47,-36.6231,161.935,1026.89,-50.726,160.905,1028.92,-34.4827,159.496,1023.8,-60.9335,143.645,1034.17,-31.5468,141.183,1009.92,-69.2812,126.558,1022.6,-23.9328,121.606,996.868,-56.315,123.117,991.448,-19.4056,110.529,1033.78,-57.711,92.017,1039.3,-39.8376,90.7223,1034.68,-56.7566,52.7316,1043.73,-45.7156,51.8369,1036.93,-55.4738,13.1505,1052.58,-51.3656,12.8921,989.955,4.48682,72.7108,990.133,18.3115,70.0475,990.944,21.7183,56.012,991.248,7.20285,58.9537,980.674,14.8971,71.1494
000247:1019.82,-39.3437,159.178,1021.84,-42.8004,162.519,1021.46,-36.5765,162.246,1025.48,-50.6549,161.034,1027.97,-34.5303,159.596,1023.74,-60.9788,143.696,1034.13,-32.0313,141.199,1012.41,-70.0563,126.7,1024.64,-25.0486,121.723,1001.97,-58.013,123.132,994.585,-21.2038,111.25,1033.94,-57.7599,91.9417,1039.32,-40.0567,90.7008,1034.09,-56.6082,52.7011,1042.2,-45.5964,51.951,1037.34,-55.6844,12.9652,1051.9,-51.2115,13.0487,980.834,4.33577,76.3004,980.825,18.4925,74.7154,978.098,22.7539,61.0253,978.565,7.92855,62.899,983.722,15.244,70.9584
000248:1020.56,-39.6129,158.897,1022.58,-43.0649,162.246,1022.34,-36.8374,162.014,1025.92,-50.828,160.839,1028.68,-34.683,159.444,1022.81,-60.9557,143.549,1034.68,-32.1213,141.18,1009.57,-69.8404,126.643,1025.57,-25.3803,122.066,1001.35,-57.7617,122.986,993.613,-22.2635,112.311,1032.52,-57.6477,91.8051,1038.33,-39.9262,90.6175,1034.34,-56.7271,52.5988,1041.89,-45.3199,51.9021,1039.38,-55.8993,12.8047,1050.73,-50.702,13.2006,975.312,3.95682,79.0126,974.4,18.0598,77.9393,969.133,22.5381,64.7188,970.061,7.82086,66.126,970.263,17.6753,77.7268
000249:1019.29,-39.7052,159.018,1021.26,-43.1349,162.367,1021.22,-36.9005,162.181,1025.07,-50.8118,160.953,1027.94,-34.6369,159.559,1023.54,-60.9735,143.794,1034.24,-32.1801,141.561,1013.36,-70.6189,126.707,1023.82,-25.7155,122.841,1012.63,-59.8615,122.32,988.375,-23.4974,114.051,1033.29,-57.604,92.4451,1039.16,-39.9702,91.2827,1032.58,-56.1876,53.2771,1042.12,-45.2958,52.4903,1035.97,-55.4386,13.3569,1051.25,-50.9952,13.4795,969.306,2.53859,83.4054,969.577,16.9684,83.0649,964.933,21.8827,69.8619,964.39,6.8198,70.5855,960.63,18.88,79.7594
000250:1020.22,-39.6814,158.991,1022.15,-43.1719,162.355,1022.89,-36.9527,162.2,1026.13,-51.0306,161.027,1030.53,-34.8706,159.675,1022.95,-61.0764,143.804,1037.83,-32.6443,141.652,1007.05,-70.167,126.985,1028.78,-26.5269,123.072,1000.8,-58.0941,123.154,990.819,-25.0979,114.984,1033.1,-57.444,92.1079,1040.41,-39.865,91.0002,1033.41,-56.0946,53.0313,1041.76,-44.8422,52.4241,1038.96,-55.5356,13.0169,1050.95,-50.6192,13.6267,964.729,0.593262,87.1248,967.16,14.9842,87.5601,958.871,20.2959,74.8907,956.169,5.30967,74.9095,945.12,21.5363,81.698
000251:1019.46,-39.8804,158.996,1021.53,-43.3364,162.347,1022.31,-37.1058,162.203,1026.31,-51.0075,160.933,1030.06,-34.8266,159.617,1024.23,-60.9719,143.734,1036.07,-32.4386,141.717,1012.89,-71.0135,126.777,1022.73,-26.064,123.92,1011.21,-60.5202,121.989,980.607,-25.033,117.029,1032.33,-57.4376,92.2191,1038.63,-39.8943,91.1309,1033.74,-56.1264,53.0897,1042.36,-44.9506,52.4148,1040.38,-55.7967,12.9778,1052.97,-50.7624,13.4784,960.894,-1.32886,91.1404,962.065,12.9191,92.1204,953.623,18.3571,79.8531,952.163,3.51284,79.3282,926.9,23.1111,85.9507
000252:1018.96,-39.8448,158.831,1020.81,-43.3336,162.156,1021.89,-37.113,162.057,1025.73,-51.1389,160.604,1029,-34.9694,159.35,1024.16,-61.0328,143.241,1035.08,-32.7395,141.435,1010.48,-70.7909,126.361,1024.17,-26.5941,124.133,1004.42,-59.3865,121.966,983.117,-26.3669,118.553,1032.68,-57.2456,91.5866,1038.42,-39.7629,90.6487,1030.63,-55.6194,52.8907,1038.64,-44.463,52.3369,1038.07,-55.5242,12.9186,1050.86,-50.577,13.6461,959.068,-3.1628,94.9342,958.789,10.8577,96.7659,948.654,16.5799,85.1163,948.603,2.03273,83.7665,914.554,25.3611,91.2332
000439:247.943,181.341,0.134856
