010137:1038.3,34.7361,155.905,1039,31.6618,159.204,1040.12,38.0104,158.667,1044.55,26.5213,155.794,1047.83,42.2106,154.522,1039.77,17.8803,139.983,1054.8,47.4322,134.812,1040.78,3.96984,108.068,1065.86,50.5724,106.157,1031.28,8.60415,88.9874,1065.13,56.6751,92.9384,1076.36,18.0436,79.7305,1048.36,40.6873,82.8769,1072.61,-3.76904,39.9215,1061.85,57.3327,47.1096,1063.61,-17.8434,17.5627,1067.75,59.0371,15.7084,986.429,30.1165,68.4844,979.719,41.9877,68.7254,980.446,39.7,54.6547,979.585,28.6902,60.2305,0,0,0
010138:1037.84,35.4561,156.125,1028.38,33.6803,161.868,1031.09,39.6144,161.073,1038.31,27.8585,156.894,1046.54,42.5268,155.11,1048.99,17.0867,134.697,1048.56,48.3259,135.891,1040.25,4.50533,106.089,1067.37,50.8959,105.65,1029.38,10.3283,88.5008,1061.59,57.6457,92.6043,1075.73,18.0866,78.6609,1046.82,40.9201,83.2652,1072.61,-3.76904,39.9215,1060.26,57.552,47.5432,1067.89,-18.5661,17.6523,1067.75,59.0371,15.7084,986.27,32.2105,68.2632,976.622,42.9641,68.5193,971.793,41.5707,56.5737,981.149,29.4961,60.5941,0,0,0
010139:1043.68,37.1794,154.952,1042.81,33.931,158.673,1043.97,39.8744,157.949,1044.63,28.2242,155.603,1047.5,42.8111,154.574,1048.33,16.9701,134.704,1045.57,48.771,136.807,1043.85,5.68709,105.322,1071.35,51.68,105.525,1029.18,11.2355,88.3172,1061.14,57.5817,92.1275,1074.84,18.2493,79.1686,1046.82,40.9201,83.2652,1071.15,-1.8148,40.603,1050.74,59.4036,50.1403,1071.07,-18.6078,16.7269,1072,58.307,11.3244,991.9,33.374,66.7311,974.454,44.9704,72.0274,973.483,43.9632,57.7004,978.222,32.0522,61.4111,0,0,0
010140:1044.4,36.2546,155.464,1043.95,33.1833,159.006,1045.87,39.3427,158.093,1046.49,28.5024,155.669,1052.1,43.7611,153.762,1052.41,18.2772,133.753,1047.2,49.2245,134.414,1042.34,6.36528,108.205,1069.19,51.2649,105.386,1026.14,11.7758,88.0314,1063.23,58.0201,91.7537,1075.58,18.1236,78.8993,1046.13,40.8175,82.7242,1067.64,-2.02956,45.4248,1048.9,59.6237,49.533,1071.07,-18.6078,16.7269,1067.75,59.0371,15.7084,986.374,34.8155,69.2998,979.766,46.1703,69.7883,971.688,46.7793,57.4137,976.604,34.8862,61.5969,0,0,0
010141:1034.79,37.1675,155.963,1036.62,33.984,159.039,1037.59,40.1595,158.421,1044.36,28.6549,154.95,1049.2,44.205,153.454,1039.35,20.1658,135.363,1046.84,49.1535,134.424,1045.54,6.00083,104.727,1074.21,50.7741,104.476,1027.27,12.441,90.0273,1064.55,58.7621,93.2137,1072.21,18.6628,79.5496,1046.82,40.9201,83.2652,1064.91,-0.693044,42.6001,1045.78,60.0541,50.3879,1061.82,-19.9719,16.4083,1064.53,59.476,16.6501,979.857,34.9236,73.1912,977.251,47.114,72.054,979.25,48.8046,58.2042,984.139,37.6804,56.554,0,0,0
010142:1037.96,38.2066,155.191,1039.15,35.0552,158.482,1039.85,41.0075,157.886,1045.56,29.6925,154.588,1048.5,44.6445,153.633,1036.93,21.3212,135.659,1048.08,49.3911,134.555,1032.22,9.99289,108.371,1076.6,51.1352,103.676,1026.28,14.9045,89.7731,1062.95,58.405,93.8728,1074.67,18.2636,78.9885,1054.4,42.4681,81.358,1068,-0.145573,41.4666,1044.22,60.2686,50.8141,1071.07,-18.6078,16.7269,1061.32,59.9133,17.5879,986.111,36.9022,68.8377,970.912,49.5202,71.6591,978.073,51.3792,55.0512,982.681,38.4317,56.964,0,0,0
010143:1035.37,38.907,155.132,1036.52,35.971,158.255,1039.44,41.8312,157.531,1040.27,30.3504,155.251,1048.49,45.0795,153.38,1038.05,21.5153,135.851,1047.23,49.2368,134.291,1034.91,10.392,109.835,1075.14,50.8698,103.36,1022,14.3389,93.0314,1065.99,59.085,92.6095,1067.84,18.7359,77.9374,1055.93,42.7796,80.9744,1068,-0.145573,41.4666,1047.17,60.9266,49.731,1069.49,-18.3093,17.1874,1061.32,59.9133,17.5879,991.689,38.604,67.3201,979.846,52.9305,72.1578,978.537,51.9118,56.7939,989.885,40.9628,56.0141,0,0,0
010144:1039.05,38.8359,155.471,1041.33,35.8698,158.379,1041.24,42.0789,158.115,1044.37,30.4489,155.141,1045.04,45.9704,154.411,1029.8,22.5226,139.171,1049.55,49.7185,133.871,1042.95,8.96467,109.324,1077.24,51.3088,102.768,1025.35,15.0911,90.9411,1066.64,59.2259,92.4282,1068.29,18.6606,77.8126,1055.93,42.7796,80.9744,1071.01,-0.710073,40.075,1047.33,60.9322,50.2477,1069.49,-18.3093,17.1874,1061.32,59.9133,17.5879,983.041,42.0547,69.9406,977.976,54.6866,71.5962,964.711,55.6088,62.0333,974.824,43.9649,62.6339,0,0,0
010145:1033.6,39.873,155.651,1034.22,36.7394,159.039,1038.1,42.8794,157.778,1039.7,31.0972,155.52,1050.68,46.601,152.586,1031.85,22.9493,138.122,1052.52,50.3645,132.828,1024.28,11.8296,107.823,1078.11,51.5153,102.07,1014.74,16.6967,92.7836,1054.31,61.3371,91.2086,1069.01,19.6605,78.1404,1049.95,42.1725,81.2542,1056.1,2.08975,46.9777,1050.09,61.5961,48.385,1067.91,-18.0115,17.6469,1058.19,60.3473,18.7829,987.222,43.9967,69.0711,983.752,58.5337,71.8918,968.8,57.0494,61.1496,980.268,47.2493,61.3861,0,0,0
010146:1033.28,40.3719,155.844,1035.79,37.3852,158.727,1036.68,43.3495,158.282,1042.16,31.5991,155.125,1046.51,46.5392,153.732,1033.26,23.1999,138.247,1053.66,50.5964,132.694,1026.89,12.2376,108.888,1079.46,51.7948,101.771,1014.85,16.6095,94.9581,1064.43,59.8335,93.4809,1061.54,18.788,82.385,1072.83,41.5056,79.5452,1082.02,-2.6879,36.471,1051.61,61.9267,47.9691,1061.75,-16.8271,20.0084,1060.87,61.0184,16.3169,988.846,47.4502,70.2392,982.34,60.8261,73.0742,967.392,59.32,62.3353,975.779,47.895,61.8339,0,0,0
010147:1037.04,41.312,154.393,1040.21,38.3024,157.172,1039.13,44.166,157.236,1045.93,32.34,154.13,1045.3,47.1872,154.016,1036.74,23.8944,137.069,1052.78,50.3849,133.373,1024.11,12.7645,109.948,1082.11,51.207,101.484,1019.96,17.6091,93.2754,1064.82,59.9367,93.0497,1082.45,23.0278,76.3496,1063.71,45.4505,79.5779,1077.22,-1.83959,37.7976,1048.47,62.3532,48.8297,1061.75,-16.8271,20.0084,1064.09,61.6813,15.9374,987.639,48.1916,71.6307,992.609,63.0624,72.1911,972.684,63.6836,61.3915,979.825,50.889,60.9729,0,0,0
010148:1036.8,41.7065,155.345,1039.7,38.4146,158.219,1039.17,44.865,158.014,1044.03,32.1623,154.97,1044.32,48.0854,154.282,1035.74,23.8281,134.667,1053.11,50.4821,132.81,1024.28,13.4432,107.522,1084.61,51.7291,100.796,1000.37,19.5973,99.274,1069.19,61.4181,92.2173,1076.76,23.9015,77.1996,1055.13,45.8346,82.9412,1075.62,-2.11323,38.2394,1046.9,62.5657,49.2586,1064.99,-16.3119,19.3535,1064.16,61.68,16.1994,990.364,51.4173,71.4292,988.883,65.0405,70.5363,964.239,64.3813,63.5003,974.153,52.2601,62.8151,0,0,0
010149:1035.42,41.2128,154.687,1038.03,38.2917,157.657,1037.57,44.4405,157.42,1044.1,32.7015,154.309,1043.24,48.1468,153.769,1036.95,24.0541,134.592,1055.64,51.0063,132.364,1022.74,13.167,107.62,1080.14,50.8289,101.448,1008.64,21.2124,97.3005,1062.25,61.7141,91.6404,1086.16,22.3415,73.6883,1051.74,47.2985,84.5204,1074.03,-1.2769,38.6778,1046.9,62.5657,49.2586,1058.66,-17.3413,21.192,1064.16,61.68,16.1994,988.795,53.2009,71.8527,987.769,67.0164,78.288,960.217,68.811,71.7573,959.889,54.8831,66.0001,0,0,0
010150:1040.92,42.7065,154.499,1044.36,39.5297,157.144,1041.72,45.6095,157.526,1049.16,33.3605,153.732,1044.19,48.5585,154.503,1037.05,24.0706,134.613,1058.01,51.4946,132.03,1025.45,14.6138,109.68,1086.02,52.0262,100.325,1008.82,22.3343,96.7418,1065.05,62.3304,90.7347,1077.31,23.8368,77.4578,1051.74,47.2985,84.5204,1083.46,0.936671,35.216,1045.34,62.7779,49.6868,1066.65,-16.0539,19.1586,1077.2,60.347,9.95485,982.876,56.134,73.4486,986.146,68.7731,78.7161,966.551,73.4662,70.2516,970.543,59.9318,63.293,0,0,0
010151:1041.04,43.5047,155.019,1044.31,40.1758,157.744,1041.88,46.4006,158.132,1049.47,33.9562,154.194,1045.69,49.2563,154.819,1039.29,24.1877,136.738,1060.73,52.0623,131.489,1019.73,13.6765,108.073,1065.48,54.9687,104.638,1010.89,26.6049,93.4448,1061.55,63.2569,91.2446,1068.09,25.2957,79.5952,1052.84,47.5151,84.4571,1070.12,2.58548,36.9309,1045.34,62.7779,49.6868,1066.65,-16.0539,19.1586,1065.77,62.0124,16.0094,980.29,58.6461,75.7478,966.11,71.4851,83.7462,965.567,77.5567,68.9189,988.188,61.1188,61.5947,0,0,0
010152:1037.9,43.4605,155.969,1041.91,40.0195,158.572,1038.64,46.5504,159.183,1046.37,33.8733,154.872,1041.28,49.6231,155.119,1033.24,25.8337,138.981,1059.84,51.2027,130.562,1025.65,16.3851,106.923,1086.27,52.0763,100.3,1007.64,25.8465,96.4321,1063.56,63.6618,91.3171,1068.26,25.7956,79.2225,1051.74,47.2985,84.5204,1051.33,2.58427,42.149,1045.34,62.7779,49.6868,1066.65,-16.0539,19.1586,1065.77,62.0124,16.0094,984.552,60.631,75.405,988.932,74.1083,80.1066,962.303,80.2061,74.069,970.929,67.6969,67.6884,0,0,0
010153:1035.33,44.7958,155.55,1036.06,41.5772,158.85,1038.39,47.5875,158.356,1038.09,35.6571,155.879,1041.48,50.7396,155.152,1029.38,26.7761,137.837,1059.01,52.8056,131.714,1016.81,17.8908,109.039,1075.27,53.2375,101.117,991.946,30.643,99.7529,1079.11,67.0745,86.9346,1067.83,29.6443,79.0915,1051.74,47.2985,84.5204,1059.1,4.50712,39.9934,1045.34,62.7779,49.6868,1066.65,-16.0539,19.1586,1065.77,62.0124,16.0094,984.863,62.7046,77.4349,990.515,74.9527,80.7454,969.419,82.8628,74.4676,974.362,68.3471,69.3973,0,0,0
010154:1042.06,44.9686,154.58,1042.52,41.75,157.903,1044.32,47.894,157.499,1042.15,36.3145,155.177,1039.52,52.4996,155.235,1033.98,27.6787,136.884,1059,54.4519,131.636,1019.73,18.4512,108.342,1079.67,54.1345,100.447,1007.13,31.0573,96.6219,1077.49,67.2845,87.329,1074.18,30.8605,77.7808,1051.74,47.2985,84.5204,1061.93,5.60493,38.0818,1045.34,62.7779,49.6868,1069.91,-15.5357,18.5,1076.51,60.4702,10.5658,982.349,65.1939,80.2263,980.787,81.7891,81.9892,971.129,85.0631,71.0969,973.583,68.0403,71.7365,0,0,0
010155:1041.77,45.3291,155.149,1043.92,41.8911,158.122,1043.08,48.3944,158.364,1045.52,35.9693,154.994,1039.76,52.5159,155.817,1034.09,27.7019,136.825,1058.01,54.2211,132.254,1019.5,19.5129,107.591,1078.89,54.5283,100.675,1016.93,33.0131,94.8155,1077.49,67.2845,87.329,1074.18,30.8605,77.7808,1048.72,47.7538,85.552,1052.79,8.33231,41.4668,1043.78,62.9897,50.1141,1069.91,-15.5357,18.5,1065.64,62.0151,15.4848,991.202,68.1701,80.2875,972.174,81.552,88.483,964.001,87.6996,78.8435,980.266,71.7247,70.1865,0,0,0
010156:1047.39,44.8577,154.609,1049.34,41.6178,157.652,1047.73,48.1714,157.955,1047.62,36.1529,155.103,1038.95,52.8925,155.787,1037.35,28.3485,136.02,1056.16,53.8421,132.432,1025.23,20.6452,105.68,1069.18,55.4835,102.764,1014.23,32.4231,96.2908,1075.88,67.4939,87.7225,1078.69,31.7763,75.809,1048.72,47.7538,85.552,1055.12,8.6631,42.8157,1046.79,63.6517,49.2889,1069.98,-15.5363,18.7675,1065.64,62.0151,15.4848,991.428,70.7883,82.1001,980.566,84.036,87.8347,976.041,89.6804,75.0371,989.4,73.69,70.9091,0,0,0
010157:1036.77,45.8592,157.656,1037.98,42.8074,160.673,1039.92,48.8888,160.095,1041.39,37.24,156.791,1040.17,53.1359,155.847,1035.69,29.8955,137.717,1050.38,54.7832,133.979,1016.61,22.1342,108.552,1070.49,56.6543,102.727,1013.15,33.7253,98.1671,1071.06,68.1198,88.8985,1078.69,31.7763,75.809,1045.79,49.2919,87.1111,1046.61,9.39917,43.1866,1046.79,63.6517,49.2889,1078.16,-14.2313,16.9762,1065.64,62.0151,15.4848,984.421,72.2832,84.9913,981.798,86.4414,88.0492,990.505,93.1071,74.0734,986.134,77.7216,72.0625,0,0,0
010158:1045.81,46.5998,154.988,1048.56,43.2666,158.155,1044.74,49.9003,158.773,1047.63,37.7036,155.569,1043.08,54.8754,154.621,1042.92,29.4401,134.908,1052.01,55.1691,132.932,1016.68,22.6658,108.805,1068.11,56.1699,102.957,1018.95,34.9073,96.7348,1074.15,68.7976,88.145,1071.84,33.4389,78.704,1054.79,51.1974,84.5957,1049.68,10.5066,42.3332,1051.33,64.6493,48.0453,1070.57,-14.4223,20.8851,1062.26,62.4417,15.9009,981.674,73.1814,86.491,985.685,87.65,91.547,983.331,96.2384,82.905,977.974,81.4322,77.4282,0,0,0
010159:1034.92,47.6943,157.358,1037.91,44.4278,160.296,1036.41,50.7506,160.368,1043.84,38.3284,156.22,1035.9,56.0045,156.503,1035.61,31.4003,137.282,1055.51,55.8928,132.581,1015.31,25.0328,109.666,1069.78,57.0525,103.015,1005.9,38.0522,100.763,1077.2,70.5737,87.6793,1080.27,32.0821,75.4124,1054.79,51.1974,84.5957,1051.29,10.7876,42.1662,1051.33,64.6493,48.0453,1070.57,-14.4223,20.8851,1062.26,62.4417,15.9009,990.566,77.7572,87.6361,988.688,92.4995,93.7319,987.478,98.3336,82.3815,980.726,83.6572,77.4964,0,0,0
010160:1029.32,48.0949,158.522,1033.15,44.8424,161.235,1033.16,51.2469,161.165,1039.44,39.1533,157.245,1035.44,55.8865,156.911,1041.5,31.2755,135.972,1056.85,56.1473,132.859,1016.51,26.9076,108.581,1075.77,58.2989,102.039,1000.16,40.0113,102.708,1075.68,71.3291,88.6088,1077.07,32.5739,76.218,1054.79,51.1974,84.5957,1052.83,11.0699,41.7369,1052.85,64.9831,47.6292,1072.04,-14.1599,19.8883,1062.26,62.4417,15.9009,991.094,78.8088,89.8968,975.366,92.6898,100.253,983.68,103.484,88.4011,979.578,86.9495,80.4581,0,0,0
010161:1031.54,49.0896,158.523,1033.59,46.0167,161.5,1036.54,52.064,160.862,1038.61,40.1181,157.678,1038.17,56.4617,156.634,1044.84,31.9133,135.693,1058.71,55.3913,131.861,1015.04,27.1482,108.932,1075.04,58.1556,102.004,1001.58,40.3092,102.359,1078.66,73.112,87.8847,1077.07,32.5739,76.218,1054.79,51.1974,84.5957,1059.18,12.2033,40.5371,1054.37,65.3177,47.2122,1072.04,-14.1599,19.8883,1060.58,62.6542,16.1083,995.073,80.8533,88.6188,987.706,95.7683,97.6581,970.595,104.935,91.2608,982.64,90.2163,82.298,0,0,0
010162:1043.14,49.398,156.288,1044.18,46.2547,159.741,1044.89,52.6221,159.229,1044.95,40.279,156.845,1042.26,57.8976,155.628,1034.19,33.6098,138.31,1059.82,56.7967,131.902,1024.04,28.8839,107.851,1077.95,57.6533,101.362,1001.39,40.8285,101.873,1078.66,73.112,87.8847,1070.69,33.5516,77.8198,1056.31,51.5169,84.2167,1057.6,13.0172,40.9739,1062.03,66.9998,45.1153,1072.04,-14.1599,19.8883,1060.58,62.6542,16.1083,990.978,82.9692,91.5207,990.995,98.0207,99.7433,979.84,107.052,93.3323,989.787,92.4506,81.7504,0,0,0
010163:1039.73,49.5938,156.707,1042.03,46.4241,159.951,1041.21,52.8003,159.658,1044.37,40.4665,156.793,1047.43,57.0891,154.935,1033.72,34.0378,138.557,1058.81,56.5848,132.08,1031.47,30.3468,106.349,1079.39,57.9598,100.996,1010.01,42.6296,100.014,1077.04,73.3156,88.2787,1072.26,33.8576,77.4274,1056.31,51.5169,84.2167,1054.54,14.6432,42.1038,1062.03,66.9998,45.1153,1072.04,-14.1599,19.8883,1056.05,62.2008,17.997,993.898,85.2064,92.1068,996.113,99.9268,97.3912,986.484,108.828,91.1017,993.873,95.5611,81.7339,0,0,0
010164:1029.05,52.0673,158.835,1031.86,48.8243,161.819,1032.8,54.5209,161.353,1039.54,42.0073,157.828,1037.32,58.4219,157.06,1036.41,33.9529,138.455,1059.37,57.2501,131.996,1029.97,30.5863,106.707,1070.14,60.4887,105.009,1003.02,44.8089,103.071,1069.01,74.3275,90.2364,1075.46,34.4706,76.9027,1056.31,51.5169,84.2167,1055.07,15.1839,44.2587,1062.03,66.9998,45.1153,1050.35,-10.086,26.9869,1056.05,62.2008,17.997,991.439,86.6016,95.0987,996.889,100.453,100.38,990.468,111.112,95.6644,978.217,97.4451,86.9019,0,0,0
010165:1034.42,52.1567,157.03,1036.28,48.8803,160.412,1036.63,54.8043,159.808,1040.49,42.0568,157.609,1037.32,58.9349,157.503,1034.1,34.1889,135.753,1059.02,57.1623,132.311,1022.75,31.7848,109.236,1083.74,58.8589,100.298,1008.76,47.6077,102.198,1059.56,72.2151,92.5025,1067.51,35.6809,78.8982,1056.31,51.5169,84.2167,1060.22,16.9038,38.2772,1062.03,66.9998,45.1153,1048.68,-9.79874,26.9045,1055.72,62.2076,16.6939,987.114,88.7028,97.0007,995.406,100.804,106.047,987.695,113.475,98.4559,983.779,100.91,87.0615,0,0,0
010166:1036.16,51.6827,157.637,1038.6,48.4808,160.896,1037.68,54.6077,160.519,1044.63,42.0545,157.376,1039.04,59.293,157.466,1037.89,34.9391,135.14,1054.71,58.4298,133.28,1021.35,32.0241,109.838,1087.27,59.0534,99.2766,1007.45,47.8326,103.055,1065.81,74.7293,91.014,1067.51,35.6809,78.8982,1056.31,51.5169,84.2167,1055.54,19.8806,39.8637,1062.03,66.9998,45.1153,1059.65,-6.8481,23.7438,1055.72,62.2076,16.6939,991.749,90.7708,98.223,998.039,103.06,105.927,983.223,114.461,99.3548,983.093,102.617,91.1794,0,0,0
010167:1037.06,53.9473,157.647,1037.2,50.624,161.175,1039.72,56.4544,160.45,1039.41,43.7578,158.506,1041.7,59.8477,157.345,1029.76,36.4279,138.605,1050.32,59.093,134.781,1028.73,33.4987,108.351,1074.09,59.6078,102.527,993.183,50.0164,107.343,1069.07,75.9552,91.3178,1067.51,35.6809,78.8982,1056.31,51.5169,84.2167,1057.33,21.2674,40.491,1062.03,66.9998,45.1153,1038.04,-7.26897,30.2537,1055.72,62.2076,16.6939,1000.41,92.8319,97.3738,993.86,106.143,109.337,986.268,117.749,101.738,987.525,105.217,92.4047,0,0,0
010168:1036.53,53.9548,157.578,1034.41,50.8292,161.687,1041.91,56.4212,159.637,1034.3,44.2873,159.947,1041.04,60.8207,156.876,1029.64,36.4192,138.351,1052.26,59.5456,133.759,1019.89,34.9105,110.723,1073.63,61.2233,101.898,1004.44,52.4757,104.596,1069.07,75.9552,91.3178,1058.07,37.1174,81.267,1056.27,52.06,84.228,1055.83,21.5219,41.1883,1062.03,66.9998,45.1153,1033.88,-5.87292,32.8429,1055.72,62.2076,16.6939,1000.86,93.889,99.407,993.079,106.822,112.414,986.883,118.25,104.435,998.026,108.247,93.2031,0,0,0
010169:1043.07,53.8157,156.044,1042.1,50.6331,159.972,1046.76,56.4379,158.561,1043.49,44.0168,158.004,1042.78,61.1969,156.616,1030.23,36.5541,137.916,1055.59,60.2602,133.115,1021.41,35.2062,110.63,1063.08,61.6568,105.687,1005.86,52.7857,104.25,1069.07,75.9552,91.3178,1058.07,37.1174,81.267,1062.38,53.3466,82.7047,1057.5,22.3668,41.2844,1061.97,67.5478,45.1317,1044.72,-4.01784,30.2903,1055.72,62.2076,16.6939,996.633,95.4454,101.775,994.74,108.205,113.84,987.599,121.345,109.021,992.124,109.401,94.9672,0,0,0
010170:1039.86,55.3216,156.647,1038.82,52.0454,160.557,1043.72,57.7582,159.127,1039.88,45.108,158.82,1043.77,61.4054,156.536,1026.4,37.8982,139.011,1054.07,59.9272,133.528,1018.45,35.6722,111.333,1061.56,61.3275,106.044,1012.1,54.0287,104.855,1069.07,76.4991,91.5926,1044.44,36.5467,85.2384,1056.09,54.2319,84.2743,1041.72,25.4221,44.8273,1063.44,67.8879,44.4489,1052.54,-2.67686,28.3325,1054.39,61.8716,17.9235,996.674,98.5699,103.638,986.299,109.676,117.192,991.859,122.443,108.75,999.367,111.728,94.7416,0,0,0
010171:1036.59,56.1815,157.48,1035.88,52.7761,161.275,1040.71,58.8171,160.11,1037.08,45.7244,158.67,1044.73,62.1565,156.373,1022.09,39.1349,140.196,1054.45,60.5508,133.556,1015.33,37.1967,111.544,1059.99,61.5404,106.412,1016.6,54.9668,104.561,1061.25,77.4878,94.0382,1043.17,36.7802,86.6485,1059.23,55.4202,84.0434,1039.37,24.8546,47.7272,1063.44,67.8879,44.4489,1049.44,-2.11934,29.2206,1055.98,61.6561,17.457,993.208,99.5831,108.414,993.749,111.468,117.777,986.542,124.573,112.974,986.987,111.578,99.9552,0,0,0
010172:1042.41,56.1917,156.781,1042.21,52.6303,160.559,1044.52,59.0941,159.75,1043.93,45.5864,157.759,1041.25,63.5379,157.475,1025.43,39.8295,139.375,1048.27,61.9448,134.842,1012.86,37.6719,113.732,1064.46,61.0173,107.044,1003.71,57.4111,109.021,1061.25,77.4878,94.0382,1056.62,39.536,82.4633,1059.23,55.4202,84.0434,1037.13,26.167,46.1054,1063.31,67.8902,43.927,1046.36,-1.01719,30.1042,1062.29,60.7867,15.319,990.112,99.9232,108.396,996.586,111.673,117.105,991.987,126.565,112.177,992.646,115.071,100.885,0,0,0
010173:1039.85,56.7145,157.447,1038.76,53.3765,161.346,1042.83,59.4297,160.344,1038.07,46.9149,158.987,1041.9,63.6662,157.596,1026.58,40.3619,140.941,1049.07,62.1081,134.862,1012.86,37.6719,113.732,1066.3,60.6864,104.934,1005.25,57.7237,109.176,1061.25,77.4878,94.0382,1056.75,39.5345,82.9806,1059.23,55.4202,84.0434,1029.37,27.3931,47.7099,1063.31,67.8902,43.927,1051.01,0.892742,28.7721,1063.89,60.569,14.8476,995.666,103.39,108.614,1000.27,112.923,119.933,995.61,128.355,115.282,987.357,115.697,104.082,0,0,0
010174:1042.53,57.8246,156.981,1042.21,53.9468,160.699,1045.1,60.5041,160.009,1041.32,46.415,158.045,1043.35,63.9875,157.258,1026.61,40.6179,138.936,1053.51,63.009,135.104,1023.22,40.2935,112.352,1066.09,60.6884,104.161,1015.17,60.4657,106.786,1061.25,77.4878,94.0382,1057.45,39.4959,84.066,1053.64,54.7799,85.5465,1033.86,28.2778,46.4611,1063.31,67.8902,43.927,1070.66,-1.71446,19.3958,1067.06,61.2339,14.2015,996.154,103.912,110.608,987.337,114.307,123.765,994.64,127.975,117.064,992.114,117.303,105.797,0,0,0
010175:1038.96,57.2249,158.084,1037.42,53.6479,162.222,1042.28,59.8496,160.847,1038.9,46.5846,159.929,1040.88,63.9645,158.102,1026.04,41.5418,139.556,1048.21,61.9253,134.957,1018.93,40.9825,113.901,1066.09,60.6884,104.161,1015.17,60.4657,106.786,1061.25,77.4878,94.0382,1062.96,41.8644,81.9816,1057.74,55.6423,84.6925,1038.37,29.1676,45.205,1063.31,67.8902,43.927,1052.57,1.71489,28.3267,1071.99,62.2325,13.886,995.267,104.603,113.206,1002.85,118.3,121.964,998.45,131.158,116.699,995.368,117.012,106.071,0,0,0
010176:1036.1,59.3212,158.285,1033.12,55.978,162.433,1041.18,61.1981,160.583,1033.33,48.4696,160.49,1040.65,63.9089,158.233,1025.06,42.3555,140.749,1045.98,61.9559,135.933,1014.59,41.6652,115.192,1066.09,60.6884,104.161,994.919,65.4299,113.256,1064.49,78.1762,94.0743,1063,42.4095,82.2499,1056.17,55.8612,85.083,1034.23,28.2412,48.5186,1063.31,67.8902,43.927,1055.88,3.91196,28.2256,1070.5,61.8958,14.6053,993.733,106.83,114.629,1004.35,120.218,123.192,1000.21,132.561,118.633,995.405,118.556,107.372,0,0,0
010177:1038.63,58.6977,158.825,1038.3,55.0325,162.659,1041.93,61.3871,161.526,1040.78,47.484,160.043,1039.32,65.2183,158.848,1037.46,41.1228,139.004,1048.96,62.6069,135.301,1022.08,43.1752,114.498,1078.79,63.3402,102.561,998.064,64.5047,113.287,1070.75,79.5642,93.1133,1063,42.4095,82.2499,1051.68,56.5132,87.0205,1039.78,30.0053,44.535,1063.24,67.8914,43.666,1043.43,6.08226,31.5099,1070.17,61.9026,13.2897,993.602,108.897,115.463,1004.51,121.779,124.764,997.608,133.355,120.856,994.785,123.702,109.103,0,0,0
010178:1041.85,59.2042,157.725,1041,55.4963,161.763,1045.35,61.8894,160.453,1042.68,47.7448,159.711,1041.83,65.7856,158.179,1025.15,42.3479,141.221,1041.39,64.226,136.697,1022.08,43.1752,114.498,1078.79,63.3402,102.561,1010.95,67.3958,110.997,1072.29,79.9133,92.7426,1063,42.4095,82.2499,1051.68,56.5132,87.0205,1041.24,31.3907,44.1276,1060.05,68.3088,44.5438,1036.05,6.87476,34.7386,1068.55,61.5692,13.4832,1002.82,110.539,116.431,1004.86,121.778,125.99,996.476,133.994,122.928,1004.97,124.765,107.431,0,0,0
010179:1030.33,60.0026,160.557,1029.35,56.4784,164.589,1035.64,62.6078,162.911,1034.57,48.9861,161.688,1037.44,66.411,159.417,1022.27,42.8008,142.11,1042.96,64.5735,136.34,1016.16,45.1285,116.156,1080.07,63.6776,101.157,996.539,69.3884,115.232,1070.68,80.109,93.1302,1053.64,43.2586,84.5857,1050.26,56.7288,87.9202,1038.17,31.876,44.9833,1058.46,68.5169,44.9814,1041.82,7.44219,31.6906,1063.89,60.569,14.8476,996.823,111.68,117.85,1007.93,122,126.064,995.216,135.155,124.807,1003.81,126.991,110.395,0,0,0
010180:1034.52,60.9631,159.764,1033.92,57.4212,163.607,1038.41,63.2901,162.338,1038.03,49.8283,161.038,1038.5,66.6332,159.444,1025.16,43.406,141.485,1043.43,64.651,136.693,1017.43,45.4253,115.321,1084.82,64.1361,100.044,992.308,68.4235,115.979,1064.37,80.8905,94.9322,1053.64,43.2586,84.5857,1050.66,56.724,89.4593,1036.59,33.2012,45.4247,1058.46,68.5169,44.9814,1047.9,8.5582,29.6685,1070.1,61.9039,13.0266,1002.6,113.121,117.526,999.82,123.398,131.093,999.716,136.819,125.62,1002.46,128.674,112.552,0,0,0
010181:1034.55,61.0616,159.719,1034.38,57.6736,163.522,1038.06,63.2851,162.35,1038.13,50.1618,161.248,1035.22,66.4338,160.217,1023.65,44.1577,141.813,1036.68,63.1245,138.728,1024.74,46.9572,113.872,1089.74,65.1467,99.7222,996.539,69.3884,115.232,1064.37,80.8905,94.9322,1053.64,43.2586,84.5857,1049.11,56.9409,89.843,1055.27,36.8474,42.0373,1058.46,68.5169,44.9814,1051,8.57083,28.781,1073.27,61.4653,11.8079,1002.9,113.65,118.796,1004.33,123.472,130.827,999.995,137.325,127.104,999.728,128.435,113.724,0,0,0
010182:1030.31,60.92,160.815,1030.43,57.5199,164.61,1035.46,63.2673,163.222,1037.22,50.0513,161.924,1033.62,67.1598,160.447,1023.65,44.1577,141.813,1041.84,64.26,137.715,1023.17,47.1768,113.972,1074.85,67.2037,105.677,997.1,70.4432,117.48,1064.7,80.9041,95.9699,1053.64,43.2586,84.5857,1047.44,57.6974,89.9821,1035.06,33.4414,45.8505,1058.46,68.5169,44.9814,1062.24,10.5437,26.9758,1073.34,61.464,12.0717,1006.06,114.895,119.894,1010.03,124.967,130.075,1002.42,140.148,127.095,1005.1,131.487,113.224,0,0,0
010183:1031.19,60.6848,160.512,1032.15,56.9525,164.227,1035.5,63.3569,163.234,1035.96,49.689,161.689,1031.53,67.2332,160.81,1023.65,44.1577,141.813,1042.16,63.2445,137.602,1024.89,47.4825,114.636,1089.74,65.1467,99.7222,1005.7,72.9155,116.496,1066.22,80.7074,95.3274,1044.58,44.6815,88.6127,1051.89,58.6721,88.6104,1038.07,37.31,45.5712,1058.46,68.5169,44.9814,1060.26,11.9194,25.8451,1073.34,61.464,12.0717,1001.51,116.898,121.738,1010.35,124.976,131.077,1001.47,139.761,128.872,1005.89,130.982,115.436,0,0,0
010184:1033.33,61.4409,159.679,1034.7,57.8135,163.282,1037.33,64.0527,162.465,1039.11,50.8243,160.752,1035.44,68.1131,159.996,1023.65,44.1577,141.813,1045.24,65.0142,136.946,1012.71,49.2466,116.167,1089.74,65.1467,99.7222,1001.25,74.0181,117.548,1066.22,80.7074,95.3274,1046.09,44.4063,87.2878,1050.33,58.8871,88.9955,1036.7,37.0032,46.5053,1058.46,68.5169,44.9814,1052.47,14.3407,28.3613,1073.34,61.464,12.0717,997.616,117.357,124.5,1001.62,126.35,134.113,996.808,141.676,130.472,1001.75,130.881,117.213,0,0,0
010185:1029.22,61.6161,160.801,1031.22,58.0901,164.322,1034.2,64.3164,163.513,1038.28,51.4319,161.35,1037.08,68.4583,160.073,1022.17,44.3812,142.133,1044.39,64.8326,137.022,1015.82,50.9138,116.762,1084.86,65.7833,100.866,991.103,75.3595,119.944,1067.66,81.054,94.7008,1046.09,44.4063,87.2878,1053.35,59.5392,88.2497,1042.45,38.0437,47.3299,1058.46,68.5169,44.9814,1052.47,14.3407,28.3613,1073.34,61.464,12.0717,1001.94,118.452,124.276,1004.48,128.121,134.763,998.176,142.569,130.675,1003.1,132.812,117.972,0,0,0
010186:1032.63,61.8223,159.752,1032.07,58.702,163.77,1036.55,64.3581,162.482,1036.25,52.5783,162.12,1036.07,68.7399,160.812,1026.58,47.4082,141.976,1050.18,66.1,135.98,1010.02,51.7819,118.388,1077.68,66.8638,105.615,994.258,76.0096,120.761,1075.89,82.8028,94.9248,1047.8,45.7955,87.9578,1057.9,60.5221,87.1256,1045.7,39.9301,44.007,1058.46,68.5169,44.9814,1047.21,15.6809,27.3445,1073.34,61.464,12.0717,1001.77,120.52,125.12,1000.38,127.002,135.69,1001.86,142.848,132.752,1006.11,134.6,119.095,0,0,0
010187:1036.41,63.9728,159.174,1037.6,60.1637,162.7,1038.68,66.321,162.357,1041.92,52.3988,160.073,1036.89,68.925,160.636,1026.65,47.4077,142.226,1040.65,66.12,138.853,1010.09,52.8364,118.905,1066.66,68.3246,108.727,999.878,77.3253,119.703,1074.44,83.0008,95.8323,1048.39,46.261,88.254,1060.9,61.7243,86.3856,1046.13,40.4677,45.8323,1056.93,68.1785,45.4014,1048.82,15.9672,27.163,1071.76,61.1247,12.5293,1004.45,121.256,124.234,1007.91,128.88,136.37,1004.57,145.157,133.443,998.769,134.749,120.814,0,0,0
010188:1035,64.0546,159.551,1035.71,60.3522,163.252,1038.29,66.3933,162.631,1037.7,53.0596,161.286,1032.93,69.6471,161.531,1031.02,48.3317,141.286,1039.2,65.7757,139.548,1010.09,52.8364,118.905,1066.66,68.3246,108.727,998.734,77.5241,121.034,1071.55,83.3959,97.6418,1049.37,46.1078,87.84,1060.8,62.8117,86.4124,1037.23,42.4227,49.6829,1054.49,68.5807,49.124,1070.51,14.4804,19.7709,1071.76,61.1247,12.5293,1004.34,121.771,124.259,1006.46,130.044,137.726,998.901,145.645,135.765,1004.27,136.788,120.045,0,0,0
010189:1032.67,63.9701,159.898,1034.83,60.3875,163.091,1036.66,66.2578,162.672,1040.34,53.6094,160.36,1033.82,69.8564,161.222,1032.48,49.7031,141.239,1042.87,67.1393,138.731,1010.05,53.3612,118.915,1066.66,68.3246,108.727,993.168,78.2845,123.13,1073.08,83.7485,97.2762,1043.25,46.4792,89.3599,1059.14,63.0212,86.5445,1037.19,42.9636,49.6928,1052.91,68.7878,49.555,1045.56,22.4997,28.1088,1070.32,60.7834,13.5122,1001.81,122.59,126.709,1000.89,130.595,140.273,994.226,147.53,137.336,1007.71,137.567,121.64,0,0,0
010190:1034.44,64.8945,160.628,1032.71,61.5615,164.638,1040.53,67.0229,162.779,1033.64,54.5059,162.526,1029.27,71.0015,161.787,1019.49,50.6203,145.096,1035.09,67.0697,139.746,1015.9,54.6074,118.079,1064.71,67.958,108.085,986.057,79.2206,125.055,1073.08,83.7485,97.2762,1036.97,46.8466,90.1046,1059.34,63.0187,87.3177,1023.5,45.0227,53.4662,1059.74,68.9728,47.7119,1044.53,22.7453,30.6432,1065.59,59.7857,14.6162,997.618,123.534,128.972,1004.74,134.296,140.487,1001.79,146.936,136.168,1001.72,138.085,123.03,0,0,0
010191:1029.81,65.2211,161.364,1034.32,61.0705,164.303,1041.19,67.0733,162.545,1034.43,54.5434,162.622,1032.19,71.6643,161.228,1019.49,50.6203,145.096,1040.2,68.2124,138.68,1015.9,54.6074,118.079,1066.66,68.3246,108.727,986.057,79.2206,125.055,1074.69,84.1009,97.1684,1035.49,46.5354,90.4736,1059.34,63.0187,87.3177,1024.97,45.3323,53.0606,1060.08,71.0383,45.9303,1051.49,26.4049,26.1181,1063.97,59.4554,14.808,1001.72,124.643,128.026,1012.35,134.662,140.126,1002.9,148.347,135.922,996.026,137.577,124.354,0,0,0
010192:1024.18,67.1916,162.273,1037.12,61.8944,163.596,1039.66,68.1664,162.994,1039.57,54.9114,161.114,1032.08,72.1544,161.675,1016.62,51.0553,145.976,1028.25,69.3346,140.88,1006.74,56.3353,120.304,1066.66,68.3246,108.727,986.134,79.2229,125.3,1074.69,84.1009,97.1684,1043.11,48.2077,87.2201,1059.34,63.0187,87.3177,1024.97,45.3323,53.0606,1060.08,71.0383,45.9303,1046.88,25.5131,27.4477,1059.17,60.1107,16.219,1003.58,125.539,129.714,1010.84,134.795,140.455,1001.35,149.482,137.039,1002.87,140.006,123.284,0,0,0
010193:1026.14,67.6456,161.698,1033.52,63.0813,163.997,1037.64,68.927,163.053,1035.83,56.0889,161.793,1023.94,73.5213,163.253,1006.81,48.91,148.597,1028.65,69.4013,141.2,1011.24,59.444,119.698,1069.84,67.9107,107.99,984.782,79.411,125.878,1073.08,84.2924,97.5522,1035.49,46.5354,90.4736,1059.34,63.0187,87.3177,1017.45,46.4602,55.1328,1060.08,71.0383,45.9303,1042.18,25.7142,28.524,1070.36,59.6752,13.2116,1000.43,126.332,130.165,1006.24,135.704,141.465,1003.94,151.286,136.976,999.993,142.313,126.067,0,0,0
010194:1028.85,68.272,160.9,1034.11,63.9371,163.453,1038.82,69.8893,162.376,1035.04,56.8876,161.355,1027.14,74.2856,162.182,1009.64,49.5198,147.993,1030.9,70.5034,139.887,1004,60.4826,121.651,1076.42,69.2585,108.115,1033.11,77.6399,110.27,1069.87,84.6743,98.3174,1035.49,46.5354,90.4736,1059.34,63.0187,87.3177,1031.12,44.4248,51.6434,1078.88,69.6605,39.7611,1035.96,26.7098,30.04,1068.8,58.7919,13.3875,1007.76,128.209,130.082,1000.83,134.183,142.906,1004.56,150.79,138.448,997.57,142.052,128.19,0,0,0
010195:1028.55,68.172,161.498,1031.26,64.4512,164.792,1033.97,70.0356,164.229,1037.38,57.4036,161.514,1025.37,73.8403,163.153,1009.64,49.5198,147.993,1042.12,69.7027,138.757,995.384,61.7154,123.921,1076.42,69.2585,108.115,999.732,85.6609,122.932,1071.4,85.0276,97.9531,1030.28,47.3213,92.053,1059.34,63.0187,87.3177,1041.76,48.7702,50.2345,1063.15,71.7225,45.0895,1043.13,28.7463,26.2918,1071.65,59.462,11.4179,1002.07,129.285,132.698,1009.26,136.465,141.836,1001.7,151.019,139.593,1004.64,143.997,127.377,0,0,0
010196:1029.38,68.3966,160.726,1028.93,64.6499,164.475,1034.75,70.76,163.171,1033.19,57.0673,161.842,1028.23,74.5403,161.889,1012.12,52.2244,146.681,1028.57,71.5846,140.558,987.617,62.5139,127.036,1079.64,68.8441,107.373,999.732,85.6609,122.932,1065,86.3302,99.7547,1038.46,48.2351,90.0084,1057.9,63.2287,88.2213,1034.36,47.207,52.4053,1047.91,68.3275,49.2608,1035.43,29.9747,28.5252,1071.46,60.018,10.909,1003.45,129.661,132.388,1012.09,137.231,141.476,994.148,152.099,141.264,997.03,144.604,128.584,0,0,0
010197:1029.38,68.3696,161.148,1029.49,64.4416,165.046,1032.87,71.021,164.343,1033.82,56.7781,161.999,1028.85,74.6512,162.286,1014.97,52.8426,146.071,1030.38,71.9667,140.705,993.587,63.9882,123.814,1089.72,71.1255,103.702,996.889,85.5049,123.594,1065,86.3302,99.7547,1044.64,49.4899,89.292,1057.9,63.2287,88.2213,1035.77,48.6008,52.0185,1075.11,64.7567,42.0959,1047.5,28.9731,22.3756,1068.22,60.4562,11.864,1003.45,129.661,132.388,1005.52,137.894,146.074,1001.56,153.062,140.952,1008.68,145.673,126.691,0,0,0
010198:1028.24,69.3923,162.235,1029.46,65.5046,165.685,1031.76,71.4607,165.263,1033.61,57.878,162.842,1027.62,74.3296,163.178,1022.13,54.3981,144.536,1031.76,72.2542,140.863,995.026,63.7865,123.478,1079.64,68.8441,107.373,1001.17,88.0736,123.908,1065.08,86.3328,100.014,1044.64,49.4899,89.292,1057.9,63.2287,88.2213,1027.93,52.4058,54.1712,1047.91,68.3275,49.2608,1045.74,35.9077,24.9839,1068.22,60.4562,11.864,1002.34,130.312,134.462,1010.69,141.996,146.001,1001.87,153.575,142.455,1014.93,146.737,127.383,0,0,0
010199:1029.07,69.7236,161.001,1029.23,65.997,164.709,1032.67,72.1731,163.938,1034.71,58.4765,161.834,1020.96,76.5562,164.405,1028.78,55.4852,142.27,1027.51,72.3953,141.277,999.404,64.7379,123.243,1084.79,70.0615,104.612,997.165,89.1337,126.418,1065.08,86.3328,100.014,1046.22,49.8083,89.1752,1057.9,63.2287,88.2213,1029.16,53.2638,53.0115,1043.1,70.028,50.579,1039.3,36.8555,26.0115,1068.28,60.4549,12.127,1001.23,130.453,136.027,1005.22,140.457,147.197,1005.19,154.867,144.547,1010.78,147.107,129.666,0,0,0
010200:1034.7,70.9495,160.166,1036.66,66.8935,163.529,1036.61,73.3693,163.532,1039.65,58.9673,161.044,1035.56,75.5411,162.841,1024.68,57.127,143.461,1029.57,72.8647,140.859,1003.92,64.1365,122.724,1074.89,69.4674,108.745,997.231,89.133,126.662,1065.08,86.3328,100.014,1038.85,50.9304,92.0941,1054.76,63.6507,88.9954,1026.12,53.7017,53.8471,1046.1,70.7027,49.757,1029.78,38.2647,27.6659,1063.45,61.1089,13.5512,1003.7,132.745,135.736,1003.89,141.093,148.52,1000.71,155.201,145.521,1009.14,147.739,130.037,0,0,0
010201:1033.17,70.1558,160.719,1032.37,66.4756,164.869,1035.34,72.8872,163.721,1035.22,58.9904,163.18,1035.44,75.5321,162.541,1024.68,57.127,143.461,1036.07,74.2904,140.474,1001.01,64.541,123.4,1070.36,69.5387,110.609,997.231,89.133,126.662,1071.32,87.7504,99.0798,1038.85,50.9304,92.0941,1048.52,64.4898,90.5344,1026.12,53.7017,53.8471,1045.71,70.7099,48.2102,1036.96,39.8057,24.1813,1063.45,61.1089,13.5512,1003.7,132.745,135.736,998.565,140.074,150.458,1004.92,156.408,144.922,1004.82,149.123,132.597,0,0,0
010202:1032.84,72.306,160.285,1033.05,68.3895,163.944,1035.43,74.3692,163.467,1034.07,60.4068,161.954,1037.01,75.3429,162.385,1021.7,57.5486,144.1,1036.07,74.2904,140.474,995.366,65.862,125.492,1070.36,69.5387,110.609,997.357,90.1671,127.678,1071.32,87.7504,99.0798,1038.85,50.9304,92.0941,1046.97,64.6985,90.9172,1027.6,54.0199,53.4424,1047.15,71.0496,47.5384,1035.52,39.4964,24.8809,1065.06,60.8914,13.0774,994.779,134.055,137.986,1005.51,141.995,149.485,1007.98,157.202,145.54,1004.9,149.125,132.847,0,0,0
010203:1034.59,72.4813,159.787,1035.89,68.4599,163.223,1035.12,74.6351,163.39,1037.08,60.3584,161.358,1029.4,76.2987,163.795,1028.86,59.1332,142.301,1036.2,74.2894,140.975,999.699,66.8259,125.019,1051.52,72.0345,116.324,985.794,93.112,131.126,1063.73,88.6956,102.273,1038.85,50.9304,92.0941,1072.73,61.2533,84.9336,1030.63,54.661,52.8859,1050.1,71.7296,46.4494,1044.65,42.9993,22.778,1068.19,60.4475,11.8618,1001.13,133.531,138.148,1010.04,141.613,148.754,1008.35,157.205,146.767,1009.21,150.306,132.651,0,0,0
010204:1030.39,71.5216,160.886,1029.66,68.0628,165.099,1032.16,74.2423,164.033,1034.11,61.0163,163.548,1032.14,76.9269,163.335,1025.87,59.5519,142.944,1036.28,74.2918,141.227,1001.1,67.1467,124.696,1064.26,70.3655,112.842,975.814,94.3088,133.415,1063.73,88.6956,102.273,1038.85,50.9304,92.0941,1046.97,64.6985,90.9172,1033.91,55.3128,53.0951,1057.63,71.2421,43.2439,1039.44,43.6754,22.3313,1069.81,60.7799,11.6664,1006.82,135.049,137.661,1007.2,142.897,150.695,1012.75,157.899,146.346,1021.66,152.855,128.781,0,0,0
010205:1030.64,72.2822,159.912,1031.94,68.7145,163.343,1034.53,74.7194,162.955,1034.19,62.0228,161.293,1033.21,77.1987,162.706,1016.73,60.7916,144.116,1035.08,74.4967,142.559,1006.85,68.4346,123.892,1046.81,72.7104,118.863,978.495,94.9885,132.802,1066.7,89.4083,101.299,1040.3,51.7835,91.7372,1045.42,64.9069,91.2993,1026.23,56.9332,55.1985,1051.61,72.07,46.0329,1035.75,44.1223,21.1724,1071.44,60.5611,11.1887,1005.2,135.69,138.011,1007.05,142.895,150.204,1011.1,158.518,146.701,1014.25,153.94,131.76,0,0,0
010206:1023.37,72.0347,162.497,1026.55,68.3256,165.533,1028.75,74.6631,165.099,1031.49,61.8572,162.283,1027.74,78.1194,163.331,1016.73,60.7916,144.116,1038.15,75.167,142.437,982.197,69.6989,128.281,1064.26,70.3655,112.842,977.074,95.1579,133.127,1068.15,89.7661,100.682,1038.77,52.0038,92.1153,1045.42,64.9069,91.2993,1027.71,58.8695,55.3469,1053.13,72.411,45.6155,1040.21,45.0641,19.5784,1074.39,61.0185,13.5012,1003.95,135.828,139.09,1000.17,143.005,153.222,1013.85,159.323,146.111,1002.17,151.402,136.333,0,0,0
010207:1024.59,73.7395,162.014,1022.68,70.3128,166.315,1028.05,76.214,165.377,1026.23,63.0293,163.031,1032.89,77.7783,160.97,1016.73,60.7916,144.116,1047.26,73.9876,140.219,985.533,72.42,130.392,1064.26,70.3655,112.842,977.074,95.1579,133.127,1068.15,89.7661,100.682,1032.68,52.8811,93.6205,1046.79,65.7765,90.6893,1029.14,59.7298,54.9581,1055.88,71.8168,46.3755,1032.27,48.3803,21.6459,1071.44,60.5611,11.1887,1005.52,136.207,139.515,1006.18,143.54,153.012,1009.62,159.65,148.081,1006.69,151.571,135.861,0,0,0
010208:1026.26,75.2274,161.26,1028.61,71.3482,164.615,1030.96,77.215,164.347,1030.54,63.743,161.635,1033.6,77.9555,160.623,1016.42,61.838,143.395,1036.56,75.8912,142.777,988.556,73.0692,130.741,1064.26,70.3655,112.842,982.455,96.5238,131.895,1070.57,90.1921,102.384,1029.65,53.3171,94.3687,1051.22,66.7735,89.3234,1032.29,60.3759,54.9175,1053.03,72.2352,48.2835,1038.21,49.6503,19.6144,1071.44,60.5611,11.1887,1005.52,136.207,139.515,1005.93,144.56,153.066,1006.69,159.866,148.976,1009.57,152.362,135.736,0,0,0
010209:1021.87,74.6049,162.312,1023.27,71.0452,165.735,1026.37,76.2342,165.119,1024.4,63.5277,163.427,1022.15,76.8692,163.595,1022.14,63.1158,142.16,1028.72,77.3824,143.66,984.341,72.619,131.452,1064.26,70.3655,112.842,986.515,97.5547,130.966,1069.68,90.1237,100.321,1032.59,53.95,93.6426,1051.22,66.7735,89.3234,1030.81,60.0509,55.3211,1053.03,72.2352,48.2835,1024.35,51.1208,23.4289,1069.81,60.7799,11.6664,1005.35,137.232,139.811,1011.51,145.09,151.353,1011,161.074,148.835,1011.01,152.758,135.673,0,0,0
010210:1024.69,74.8722,162.155,1026.99,71.3896,165.364,1026.89,76.6278,165.401,1026.72,64.1511,163.18,1019.03,77.2003,164.451,1020.66,63.3207,142.481,1028.57,77.3806,143.16,987.139,73.2639,131.07,1059.61,70.9781,114.184,986.515,97.5547,130.966,1069.68,90.1237,100.321,1038.51,55.2232,92.1821,1048.11,67.1867,90.0929,1038.66,61.8172,52.4317,1049.56,72.63,48.1096,1031.91,52.7107,21.751,1069.81,60.7799,11.6664,1006.84,137.102,139.482,1013.34,144.977,152.037,1012.68,160.973,149.015,1011.01,152.758,135.673,0,0,0
010211:1025.94,75.1926,161.421,1026.35,71.1118,164.971,1029.84,77.6259,164.489,1027.43,63.4235,162.39,1022.37,79.0304,164.197,1018.89,65.621,142.6,1028.57,77.3806,143.16,992.831,74.5599,130.545,1059.61,70.9781,114.184,987.955,97.3867,130.635,1069.74,90.1228,100.578,1037.05,55.4392,92.8139,1049.61,67.5198,89.7229,1042.06,62.6126,50.6685,1049.62,72.6289,48.3666,1026.81,54.4571,21.5931,1072.98,60.3389,10.4453,1004.13,137.881,141.406,1004.96,145.194,155.604,1012.68,160.973,149.015,1018.65,153.732,135.566,0,0,0
010212:1021.75,75.9864,161.963,1022.96,72.3435,165.385,1026.81,78.1867,164.7,1027.63,65.1825,162.512,1028.71,79.9834,162.83,1020.31,65.9435,142.291,1028.57,77.3806,143.16,973.725,76.9933,132.831,1059.61,70.9781,114.184,989.398,97.2184,130.304,1072.29,90.5148,103.301,1037.28,55.447,93.5756,1049.61,67.5198,89.7229,1036.31,62.4389,52.4494,1064.28,71.9378,47.1807,1026.75,54.4584,21.3357,1081.16,59.236,8.03615,1007.07,138.646,141.533,1013.62,144.977,153.016,1011.58,160.567,150.275,1018.89,153.738,136.324,0,0,0
010213:1023.52,76.731,161.89,1025.61,72.8603,165.015,1026.95,78.7906,165.085,1029.87,65.1276,161.844,1023.29,78.672,164.586,1005.52,63.5868,146.854,1029.88,77.7169,142.353,966.871,77.4719,133.77,1059.61,70.9781,114.184,993.743,96.7115,129.308,1069.74,90.1228,100.578,1043.55,54.4957,90.7842,1049.61,67.5198,89.7229,1030.18,65.46,54.4738,1052.77,73.3057,48.0561,1021.86,57.8064,22.5091,1073.38,60.3538,11.7697,1004.13,137.881,141.406,1009.89,143.296,154.825,1012.89,160.463,149.227,1010.13,152.887,138.01,0,0,0
010214:1027.84,78.6463,160.898,1030.95,75.1196,163.96,1028.73,79.887,164.446,1031.15,66.6407,161.864,1016.13,79.2158,164.79,1007.2,65.1456,144.606,1012.51,73.6962,145.839,969.601,78.061,134.295,1059.61,70.9781,114.184,989.234,98.2451,130.343,1069.95,90.1203,101.35,1045.72,54.7123,90.1954,1049.61,67.5198,89.7229,1032.87,66.0756,53.4957,1054.42,72.5602,47.6033,1018.78,58.7729,23.4252,1071.76,60.573,12.2471,1002.72,138.012,141.982,1017.22,143.19,153.03,1014.4,160.357,148.904,1007.59,151.582,138.829,0,0,0
010215:1027.63,77.5529,160.744,1026.06,73.985,165.072,1029.23,79.9662,163.891,1029.17,66.1487,162.998,1018.58,82.4786,164.262,1007.2,65.1456,144.606,1032.04,79.962,140.02,972.273,78.7097,133.682,1056.63,71.3877,115.416,989.234,98.2451,130.343,1069.95,90.1203,101.35,1052.08,55.9352,88.0741,1049.61,67.5198,89.7229,1033.34,66.1976,53.0665,1052.91,72.2206,48.017,1017.16,60.0592,23.9053,1066.98,61.2309,13.9378,1002.72,138.012,141.982,1014.36,143.442,154.165,1022.03,159.822,147.279,1010.8,151.349,138.893,0,0,0
010216:1029.88,78.177,159.469,1029.42,74.8185,163.542,1031.68,80.6777,162.597,1033.68,67.1221,161.492,1020.6,82.9706,163.678,1007.2,65.1456,144.606,1032.12,79.9643,140.272,977.646,80.014,132.449,1056.63,71.3877,115.416,987.709,98.9251,130.693,1070.02,90.1194,101.607,1055.06,56.0142,86.4451,1049.61,67.5198,89.7229,1034.89,66.4597,54.1016,1049.83,71.5446,48.5849,1020.47,62.5275,21.3857,1060.36,63.7449,15.8825,1002.72,138.012,141.982,1018.59,143.574,152.724,1019.86,158.51,149.345,1010.93,151.347,139.379,0,0,0
010217:1024.55,78.5124,160.527,1023.25,75.2373,164.773,1025.97,80.4978,163.572,1025.88,67.3592,163.42,1016.27,81.9557,164.333,1007.2,65.5632,146.491,1014.31,75.7793,144.552,978.043,80.539,133.925,1012.01,76.6549,126.287,979.042,99.92,132.426,1068.41,90.3041,101.986,1054.83,56.6887,88.6446,1046.5,67.931,90.4909,1034.3,66.4066,52.9063,1057.12,73.2473,45.482,1012.53,61.7636,25.2795,1060.36,63.7449,15.8825,998.698,136.867,143.119,1029.81,140.107,150.097,1025.02,156.642,148.779,1012.53,151.234,139.298,0,0,0
010218:1025.88,78.873,160.646,1025,75.7862,164.706,1028.36,81.1628,163.634,1029.39,68.3076,162.589,1019.37,82.6607,164.202,998.202,65.8253,145.257,1032.12,79.9643,140.272,979.257,82.4005,133.906,1049.13,71.8608,117.949,969.641,97.5217,134.326,1068.74,90.8588,103.303,1044.86,57.9479,88.5375,1041.77,68.5424,91.3819,1029.54,69.1431,54.9893,1058.57,73.5901,44.8061,1009.35,62.7189,25.6784,1062.36,63.5452,16.7266,998.619,136.865,142.87,1021.29,137.263,151.107,1021.68,153.896,151.054,1011.54,150.846,140.848,0,0,0
010219:1026.9,78.6859,160.203,1026.38,75.459,164.368,1025.92,80.7435,163.731,1028.98,67.4189,162.859,1014.5,81.5362,164.643,999.592,66.1437,144.955,1011.43,75.1174,144.981,970.802,83.4847,135.838,1049.13,71.8608,117.949,969.641,97.5217,134.326,1071.39,91.4042,103.901,1047.1,57.6792,88.8374,1038.61,68.9471,91.8882,1028.97,70.1638,54.2923,1068.15,75.6461,43.8444,1019.97,66.0598,24.992,1062.42,61.8993,16.1462,998.619,136.865,142.87,1018.65,136.497,152.196,1031.49,152.186,150.07,1010.32,150.455,141.651,0,0,0
010220:1023.13,78.7632,160.74,1020.77,75.3654,165.053,1024.51,80.7835,163.914,1024.95,67.7485,162.793,1012.74,82.7167,165.109,999.592,66.1437,144.955,1076.98,75.6324,135.273,966.61,84.0222,136.795,1049.13,71.8608,117.949,965.434,98.0186,135.292,1065.54,91.2257,104.055,1045.73,57.8499,88.7857,1034.02,69.555,93.0249,1035.61,72.2283,52.4118,1048.8,71.3692,47.8952,1018.25,66.5962,18.8693,1076.31,63.8082,11.2118,995.746,136.101,142.969,1018.21,135.966,150.414,1019.58,149.497,150.684,1007.49,149.664,141.999,0,0,0
010221:1023.61,79.5221,161.166,1021.97,76.2594,165.393,1024.14,81.6907,164.433,1026.21,68.7753,163.486,1015.22,83.3113,164.584,1002.38,66.7824,144.349,1055.81,70.8896,139.975,967.207,78.0423,134.266,1049.13,71.8608,117.949,959.533,100.689,136.65,1072.19,92.7435,103.281,1043.62,58.7367,90.5364,1034.02,69.555,93.0249,1036.33,73.4606,52.8638,1050.53,71.1709,47.9819,1009.29,68.3648,22.1141,1063.98,61.121,15.3914,991.693,134.966,143.858,1017.25,135.076,151.685,1015.03,149.849,151.645,1000.72,147.193,143.211,0,0,0
010222:1014.95,80.226,161.943,1014.91,76.9309,165.686,1022.35,81.8962,164.275,1018.11,69.5294,163.426,1016.51,83.6585,163.711,1003.41,69.1778,143.605,1076.98,75.6324,135.273,967.936,84.3506,136.493,1047.64,71.5255,118.288,966.34,100.886,135.087,1065.54,91.2257,104.055,1050.55,59.8721,88.0767,1029.29,70.1543,93.6484,1012.67,73.4281,60.6804,1055.22,72.1899,47.2524,1012.15,70.6347,21.8145,1065.61,60.3396,14.8979,998.46,136.86,142.374,1008.38,133.82,152.27,1013.27,149.96,151.211,1005.44,151.307,141.914,0,0,0
010223:1019.14,80.662,160.759,1019.23,77.2875,164.551,1025.79,82.7755,163.264,1023.01,69.5976,162.06,1016.1,85.1967,163.372,999.279,68.0667,147.09,1086.26,77.7066,133.3,967.936,84.3506,136.493,1047.64,71.5255,118.288,968.98,101.573,134.482,1065.61,91.2249,104.311,1047.36,60.2844,88.353,1029.29,70.1543,93.6484,1013.08,74.0581,60.6986,1059.87,73.2162,46.2586,1007.58,71.7691,23.183,1068.71,61.006,13.9881,998.46,136.86,142.374,1011.25,134.067,151.662,1008.97,149.802,152.388,995.611,148.047,142.489,0,0,0
010224:1019.38,82.5009,160.665,1020.16,78.9262,164.082,1026.09,84.2496,163.323,1026.25,70.6539,160.765,1017.24,85.5085,162.542,995.945,70.1506,144.447,1086.26,77.7066,133.3,966.472,85.0358,136.828,1049.13,71.8608,117.949,980.978,104.693,131.731,1062.18,91.583,104.284,1049.28,60.5125,87.0246,1029.29,70.1543,93.6484,1022.78,76.3121,58.0662,1058.27,73.4192,46.6947,1017.77,74.1133,20.4102,1067.29,60.6697,14.9687,987.581,135.355,145.778,1019.61,137.389,150.924,1013.06,149.959,150.475,995.146,149.566,142.327,0,0,0
010225:1020.46,82.426,160.646,1021.91,79.0145,163.896,1024.33,84.039,163.683,1027.34,70.6988,160.624,1014.21,84.7953,162.938,998.638,70.7926,143.596,1086.26,77.7066,133.3,969.255,85.6934,136.702,1046.04,72.261,118.656,970.304,101.917,134.178,1062.18,91.583,104.284,1046.93,60.8726,88.3751,1024.74,70.7552,94.7732,1010.97,77.3903,60.9991,1064.54,74.7954,45.5376,1013.14,74.7041,21.5152,1067.37,60.6728,15.2324,989.91,137.127,144.771,1007.56,137.913,152.95,1001.35,150.903,153.788,993.636,150.698,143.447,0,0,0
010226:1024.34,83.0953,159.277,1027.38,79.8836,162.307,1026.78,84.6217,162.582,1032.09,71.4532,159.602,1013.14,84.5532,162.928,998.638,70.7926,143.596,1084.71,77.3592,133.631,969.255,85.6934,136.702,1047.52,72.5966,118.317,963.289,102.722,135.79,1062.18,91.583,104.284,1047.65,61.2747,87.2704,1024.74,70.7552,94.7732,1014.57,77.2843,57.6139,1062.87,74.9984,45.7155,1013.14,74.7041,21.5152,1067.37,60.6728,15.2324,984.314,137.643,146.778,1005.28,140.079,152.379,1006.39,155.015,153.74,990.008,154.466,145.043,0,0,0
010227:1022.29,83.4377,159.11,1024.47,79.9455,162.192,1026.25,85.1447,162.273,1031.13,71.5583,159.083,1016.47,85.3324,162.576,1002.81,71.7635,142.685,1084.54,77.3544,133.111,971.917,86.3549,136.095,1047.46,73.1321,118.331,969.787,104.954,134.301,1062.18,91.583,104.284,1044.28,61.7025,87.4173,1024.74,70.7552,94.7732,1018.16,78.1468,56.2883,1059.6,75.4023,46.3303,1009.85,76.1627,21.9493,1067.37,60.6728,15.2324,989.687,139.665,146.124,1003.81,143.274,155.312,1001.44,157.881,155.561,984.391,154.915,147.067,902.511,141.656,165.836
010228:1023.94,84.436,158.248,1024.17,81.2336,161.774,1028.16,85.7763,161.209,1028.84,72.6728,158.881,1009.4,85.2365,164.063,1002.66,71.7589,142.192,1081.06,77.7433,133.023,971.917,86.3549,136.095,1045.91,73.3309,118.684,968.466,104.607,134.604,1065.71,91.2133,104.816,1053.33,62.5516,83.8005,1024.74,70.7552,94.7732,1026.04,79.9847,54.2574,1059.6,75.4023,46.3303,1012.6,77.9065,21.1264,1068.99,61.005,15.0406,982.213,141.807,148.284,987.505,145.117,158.739,991.443,162.544,157.668,975.077,157.564,148.844,905.108,142.492,164.717
010229:1019.92,83.5864,160.108,1019.72,80.1385,163.718,1024.87,85.5348,162.973,1022.72,72.1309,160.972,1012.9,86.0803,163.352,995.33,70.5061,145.061,1082.46,78.0884,132.176,973.252,86.6865,135.791,1045.91,73.3309,118.684,964.516,103.571,135.509,1065.71,91.2133,104.816,1048.9,63.7413,86.1143,1046.84,67.8949,90.6056,1013.31,80.3385,56.7729,1056.35,75.8044,46.9428,1010.81,80.2326,21.6628,1068.99,61.005,15.0406,973.514,142.542,149.931,989.687,148.407,158.801,985.162,163.953,158.488,970.143,159.868,149.665,901.923,142.757,164.835
010230:1017.78,84.0355,159.395,1017.68,80.4962,162.997,1023.82,85.8501,162.067,1020.66,72.3289,160.371,1014.08,86.3982,162.593,996.33,74.0806,142.279,1082.46,78.0884,132.176,977.271,87.685,134.876,1045.91,73.3309,118.684,963.204,103.226,135.81,1068.91,90.8462,104.065,1051.72,65.4594,84.6723,1023.24,70.9547,95.1467,1012.31,81.9767,54.2828,1054.92,76.0097,47.8981,1005.96,81.8724,22.3001,1068.99,61.005,15.0406,968.491,144.394,149.736,978.114,149.838,161.752,975.812,166.539,160.211,960.968,160.488,149.403,910.304,144.167,162.447
010231:1018.53,84.3531,158.855,1018.38,80.8569,162.331,1023.97,85.8774,161.661,1022.16,72.5454,159.468,1011.21,85.7046,163.194,990.524,73.1264,145.419,1080.56,77.7442,131.218,977.271,87.685,134.876,1042.51,73.7177,118.373,963.074,103.228,135.335,1096.32,96.7226,97.564,1053.11,65.7758,83.5502,1024.68,71.2859,94.7882,1013.18,83.5947,56.7192,1050.26,76.6096,49.4554,1011.55,84.8421,20.899,1069.19,61.0011,15.8291,966.926,144.512,149.568,967.459,153.112,163.988,962.521,167.411,161.519,959.128,162.065,149.799,910.304,144.167,162.447
010232:1018.62,84.8261,158.65,1019.35,81.1392,162.012,1023.19,86.3763,161.654,1023.63,72.3345,159.021,1010.58,85.5542,163.299,996.27,74.5972,142.293,1086.35,79.1398,128.334,1007.01,86.5302,128.201,1039.36,74.1102,118.823,965.507,103.92,134.017,1076.3,92.1057,100.961,1055.45,65.4493,82.6474,1035.97,73.9632,90.3755,1016.06,84.7925,56.5407,1055.27,76.122,51.2301,1010.04,85.0289,21.3527,1072.75,60.5758,15.9408,947.465,144.197,152.596,958.702,150.302,161.742,952.108,168.063,161.92,939.472,160.05,150.351,910.028,145.277,162.508
010233:1017.36,85.1237,158.273,1019.01,81.4174,161.44,1021.88,86.6167,161.284,1025.48,72.5074,158.022,1010.02,85.425,163.302,996.27,74.5972,142.293,1086.02,79.1301,127.293,982.787,89.5342,134.39,1031.51,76.1454,120.347,972.415,105.753,132.138,1076.47,92.6579,101.763,1041.3,63.5133,85.6343,1035.97,73.9632,90.3755,1009.8,86.1241,56.6385,1050.19,76.6109,49.1972,1002.27,85.9447,22.8432,1068.18,60.6839,18.1273,950.937,142.845,148.537,942.657,148.728,164.455,934.098,165.407,161.748,941.766,158.858,147.298,912.478,146.12,160.833
010234:1017.89,86.3868,157.531,1020.72,83.3131,160.433,1019.78,87.0306,160.821,1027.95,74.5387,156.88,1002.58,83.7395,163.134,996.27,74.5972,142.293,1087.78,78.9318,127.458,978.478,88.5302,134.346,1031.51,76.1454,120.347,965.507,103.92,134.017,1071.94,93.7566,104.219,1057.13,65.1558,80.6626,1035.97,73.9632,90.3755,1011.93,86.6163,56.4032,1047.13,77.0097,50.3171,999.282,86.3135,23.7406,1066.57,60.9019,18.5961,936.31,140.734,150.555,936.237,148.178,161.769,936.132,163.755,157.325,934.658,155.97,144.662,918.052,147.821,159.608
010235:1016.56,86.1199,158.299,1016.75,82.4841,161.781,1021.95,87.5381,160.971,1019.16,73.9175,158.836,1012.06,87.1306,160.715,1006.01,76.8919,140.154,1092.48,79.9836,126.443,976.984,88.7035,134.425,1029.92,76.3369,120.443,965.507,103.92,134.017,1071.87,93.7574,103.962,1054.2,65.5906,82.3206,1035.97,73.9632,90.3755,1009.9,86.1381,56.7866,1050.27,76.6136,49.4566,1003.17,89.47,22.3031,1071.98,63.1479,17.9373,933.857,138.041,149.589,928.523,145.473,161.73,922.82,158.107,159.242,921.706,152.676,145.611,918.052,147.821,159.608
010236:1017.99,86.147,157.803,1020.43,82.7484,160.834,1021.45,87.4041,161.133,1018.89,75.3919,158.518,1005.98,85.6223,162.52,1001.39,77.4527,140.377,1080.3,81.5695,131.853,985.017,90.7224,132.336,1047.32,74.1997,118.359,972.372,105.65,133.454,1073.47,94.1185,103.862,1051.43,66.0075,84.0446,1025.69,71.6665,92.0221,1016.8,87.4039,52.3637,1057.93,78.3432,47.6436,1000.73,91.6356,18.4282,1063.35,61.3365,19.5308,926.668,135.333,146.778,921.227,139.597,159.181,914.447,153.704,156.019,923.644,148.528,141.327,915.365,145.851,159.613
010237:1018.42,88.0204,157.642,1019.94,84.4066,160.977,1022.73,88.8263,160.413,1023.64,76.6926,157.775,1033.2,83.9091,156.439,1018.91,71.7638,139.804,1042.83,78.4194,136.473,985.146,87.2082,128.548,1026.49,84.5934,121.499,974.951,108.101,129.707,1009.68,103.222,124.168,1033.76,65.4183,87.1777,1055.39,70.0624,84.9524,1007.1,88.0572,56.3991,1051.79,77.84,48.5868,998.77,93.6751,17.0352,1063.55,61.3823,13.1936,926.37,135.743,144.498,921.538,140.838,154.263,909.242,149.432,153.015,914.219,144.427,143.826,906.697,138.871,156.413
010238:1018.42,88.0204,157.642,1016.34,84.8316,161.11,1022.57,88.8273,159.842,1026.8,77.4659,156.52,1036.39,84.7024,155.174,1022.07,72.5274,138.505,1046.09,80.4432,135.767,991.802,87.5733,127.61,1029.82,86.6127,121.352,978.409,107.735,129.497,1006,104.799,125.001,1033.63,66.6584,87.2108,1058.91,70.8462,84.0773,1006.77,89.2833,55.868,1051.79,77.84,48.5868,998.25,94.8978,15.9203,1070.76,61.6601,10.4093,917.554,130.983,143.627,912.365,136.076,151.733,900.696,143.56,150.956,905.729,138.552,142.36,892.851,129.229,154.442
010239:1018.08,88.0163,156.495,1019.44,85.6115,159.865,1022.57,88.8273,159.842,1023.15,77.9025,156.656,1036.39,84.7024,155.174,1025.25,73.2943,137.201,1045.94,80.4446,135.183,991.983,87.5788,128.181,1033,87.4086,119.996,978.409,107.735,129.497,1009.6,104.418,124.777,1036.71,67.4203,85.1721,1054.91,71.3143,83.7945,1010.07,90.0889,54.9545,1051.64,77.8428,47.9874,994.596,96.5257,17.0385,1066.85,62.1674,10.9052,917.583,128.732,141.9,911.948,133.839,148.413,894.538,139.682,147.857,905.729,135.206,139.507,876.423,124.443,157.065
010240:1017.91,89.2243,156.532,1019.44,85.6115,159.865,1022.22,90.0324,159.301,1023.15,77.9025,156.656,1032.53,85.126,154.74,1021.78,73.7469,137.961,1042.52,79.6537,135.925,988.487,87.9931,128.388,1022.98,86.24,122.919,981.368,108.554,128.219,1002.94,103.974,126.309,1029.76,67.1292,86.9241,1051.41,70.5314,84.668,1013.39,90.8979,54.0371,1051.64,77.8428,47.9874,994.546,97.7426,17.6807,1070.61,61.6634,9.79509,917.11,126.471,138.549,908.283,131.884,145.237,894.058,136.358,143.429,903.084,131.033,137.842,866.185,119.144,158.856
010241:1017.75,89.2254,155.962,1015.84,86.0338,160,1022.06,90.0335,158.73,1026.31,78.6784,155.399,1036.05,84.6982,154.013,1018.32,74.1976,138.718,1045.59,80.4405,134.011,985.157,88.4038,129.157,1029.82,86.6127,121.352,974.74,109.278,129.757,999.422,103.158,125.913,1033.01,67.8964,85.4793,1054.75,71.3164,83.1987,1006.41,91.7283,55.9697,1054.97,78.6408,46.4207,991.1,98.1413,18.7332,1070.46,61.6666,9.18088,916.629,124.208,135.197,910.397,129.339,139.59,896.4,132.741,137.761,902.725,127.68,133.928,1046.05,168.956,125.618
010434:164.811,-217.458,-2.85494
