000974:1199.74,-66.5975,168.636,1199.96,-67.8853,171.03,1198.61,-63.717,170.063,1208.33,-69.2152,167.411,1191.44,-58.7778,166.651,1209.21,-75.3969,146.428,1192.66,-57.2978,149.411,1241.49,-79.5271,130.209,1159.71,-51.1543,137.545,1247.74,-82.3488,150.074,1172.04,-56.5365,157.103,1188.33,-78.8478,100.256,1184.61,-61.0987,97.5699,1196.4,-84.8573,49.1849,1172.92,-64.7253,51.2968,1206.46,-73.252,12.5203,1182.92,-39.9491,18.0253,1224.99,-67.4124,189.136,1219.91,-68.3631,203.022,1216.32,-55.513,206.499,1216.82,-54.3434,193.08,0,0,0
000975:1199.74,-66.5975,168.636,1200.82,-68.0616,170.879,1198.61,-63.717,170.063,1208.33,-69.2152,167.411,1191.83,-58.1739,166.496,1209.21,-75.3969,146.428,1192.64,-57.2979,149.33,1242.96,-79.3987,131.101,1159.71,-51.1543,137.545,1246.14,-81.9653,151.081,1171.62,-56.4524,157.182,1188.33,-78.8478,100.256,1184.61,-61.0987,97.5699,1195.85,-84.9156,49.3218,1172.53,-64.6357,51.5369,1206.46,-73.252,12.5203,1182.87,-39.949,17.8588,1221.81,-66.7927,189.374,1223.03,-66.8939,202.681,1215.53,-52.806,206.005,1215.06,-53.156,193.054,0,0,0
000976:1199.74,-66.5975,168.636,1200.82,-68.0616,170.879,1198.55,-63.7182,169.851,1208.85,-69.1527,167.233,1191.38,-58.0886,166.491,1209.21,-75.3969,146.428,1192.64,-57.2979,149.33,1242.7,-79.3006,131.848,1160.13,-51.2371,137.462,1245.64,-81.8722,151.03,1170.78,-56.284,157.338,1188.78,-78.9387,100.227,1184.61,-61.0987,97.5699,1195.97,-84.9105,49.7239,1172.53,-64.6357,51.5369,1206.46,-73.252,12.5203,1180.96,-39.2205,18.652,1226.93,-65.2123,188.269,1220.36,-65.5169,202.581,1215.81,-50.507,204.885,1213.97,-51.4477,192.234,0,0,0
000977:1199.74,-66.5975,168.636,1200.82,-68.0616,170.879,1198.51,-63.719,169.704,1209.87,-69.0277,166.794,1190.93,-58.0034,166.487,1211.4,-75.1529,146.014,1192.64,-57.2979,149.33,1241.14,-79.4799,132.703,1160.64,-51.1701,137.359,1245.66,-81.8712,151.08,1168.23,-55.7803,157.647,1191,-79.3945,99.9528,1184.61,-61.0987,97.5699,1195.97,-84.9105,49.7239,1172.53,-64.6357,51.5369,1206.46,-73.252,12.5203,1182.29,-39.3143,17.9691,1227.55,-63.4412,187.62,1222.73,-62.8657,202.131,1221.67,-49.3601,204.442,1211.34,-49.5515,192.751,0,0,0
000978:1199.31,-66.5096,168.712,1201.85,-67.9364,170.526,1197.63,-63.5451,169.774,1209.87,-69.0277,166.794,1190.89,-58.0036,166.325,1210.96,-75.0621,146.096,1192.64,-57.2979,149.33,1242.81,-80.1614,132.649,1158.56,-50.7571,137.775,1243.22,-81.706,151.705,1167.4,-55.6127,157.804,1191.43,-79.4863,99.8581,1184.61,-61.0987,97.5699,1196.01,-84.9102,49.8916,1172.53,-64.6357,51.5369,1206.46,-73.252,12.5203,1186.29,-38.7418,15.776,1222.81,-62.3224,188.527,1220.94,-60.4278,202.473,1219.63,-46.9378,204.007,1214.73,-47.6832,190.983,0,0,0
000979:1199.31,-66.5096,168.712,1201.42,-67.8482,170.602,1197.63,-63.5451,169.774,1209.87,-69.0277,166.794,1190.89,-58.0036,166.325,1210.96,-75.0621,146.096,1192.64,-57.2979,149.33,1242.85,-80.1602,132.784,1159.29,-50.3913,137.729,1245.15,-80.9635,152.541,1169.99,-55.284,157.319,1193.61,-79.945,99.4502,1184.56,-61.1002,97.4377,1196.5,-84.8522,49.5033,1172.53,-64.6357,51.5369,1206.46,-73.252,12.5203,1187.55,-38.9917,15.1984,1222.81,-60.7743,188.265,1224.13,-59.3379,201.702,1216.36,-44.8182,203.781,1214.98,-46.3773,190.493,0,0,0
000980:1199.29,-66.5102,168.647,1194.65,-68.2115,171.365,1196.76,-63.3712,169.926,1209.87,-69.0277,166.794,1191.99,-57.7217,165.872,1211.53,-75.0007,146.075,1192.17,-57.2131,149.264,1242.83,-80.1604,132.699,1160.84,-50.1895,137.42,1245.81,-80.9024,152.774,1167.68,-55.1653,157.699,1193.61,-79.945,99.4502,1184.52,-61.1017,97.3057,1191.56,-84.9742,51.5699,1173.7,-64.3553,51.2439,1206.46,-73.252,12.5203,1186.97,-39.0647,15.1778,1224.05,-59.6401,187.903,1222.95,-57.3777,201.684,1215.34,-42.9616,202.93,1219.44,-45.7537,188.264,0,0,0
000981:1201.03,-66.1693,168.44,1190.17,-68.3223,172.153,1196.33,-63.2843,170.002,1209.87,-69.0277,166.794,1193.65,-57.5237,165.829,1209.45,-74.5446,146.853,1191.72,-57.1279,149.264,1242.83,-80.1604,132.699,1160,-50.0247,137.587,1243.92,-80.6801,153.277,1166.64,-55.1503,157.551,1193.61,-79.945,99.4502,1184.52,-61.1017,97.3057,1191.15,-84.8794,51.7448,1172.88,-64.1778,51.5919,1206.46,-73.252,12.5203,1186.97,-39.0647,15.1778,1224.88,-58.4132,187.601,1225.14,-55.5642,201.132,1212.77,-41.4714,202.952,1214.53,-44.2953,189.261,0,0,0
000982:1204.92,-65.7242,168.197,1192.15,-67.6839,172.06,1194.24,-62.1587,170.564,1209.44,-68.9388,166.871,1194.81,-57.3913,165.963,1209.12,-74.3022,146.915,1191.27,-57.0431,149.28,1243.17,-80.4085,132.617,1160,-50.0247,137.587,1238.3,-80.8768,155.42,1166.41,-54.9156,157.884,1193.61,-79.945,99.4502,1184.48,-61.1031,97.1735,1192.45,-85.1614,51.4203,1173.97,-63.8972,50.9687,1206.46,-73.252,12.5203,1184.82,-39.3572,15.7625,1223.2,-56.912,187.13,1225.37,-53.5569,200.562,1220.76,-38.7007,200.831,1215.96,-42.6929,188.594,0,0,0
000983:1206.52,-65.5335,167.844,1191.23,-66.9702,172.392,1193.92,-61.921,170.605,1208.98,-68.8505,166.882,1195.34,-57.3253,165.868,1209.34,-74.1486,147.274,1191.27,-57.0431,149.28,1236.22,-81.1327,133.433,1160,-50.0247,137.587,1241.91,-80.3611,155.104,1165.38,-54.3659,158.145,1193.63,-79.9443,99.5164,1185.34,-61.277,96.9824,1192.89,-85.2555,51.3121,1170.96,-63.2841,51.656,1206.46,-73.252,12.5203,1184.26,-39.4301,15.825,1228.27,-55.3012,186.021,1222.44,-52.6553,200.879,1219.66,-36.9945,200.161,1217.16,-41.2427,187.484,0,0,0
000984:1206.15,-65.295,167.77,1193.92,-66.6558,172.005,1191.82,-61.4893,171.145,1208.98,-68.8505,166.882,1189.34,-56.1337,166.944,1209.4,-74.1473,147.489,1193.91,-56.712,148.692,1242.79,-80.7177,132.02,1158.81,-49.6293,137.688,1241.67,-80.2622,155.874,1164.98,-54.2819,158.288,1193.63,-79.9443,99.5164,1187.5,-61.7125,96.5037,1192.89,-85.2555,51.3121,1170.25,-62.9571,52.0097,1206.46,-73.252,12.5203,1184.26,-39.4301,15.825,1227.34,-53.7273,186.191,1229.32,-50.3696,199.064,1219.32,-34.9071,199.411,1218.16,-40.251,186.816,0,0,0
000985:1206.3,-65.1422,167.883,1197.75,-66.2134,171.673,1194.25,-60.9284,171.058,1208.98,-68.8505,166.882,1177.54,-53.7735,169.333,1209.4,-74.1473,147.489,1192.62,-56.4557,148.938,1244.29,-80.8451,131.8,1158.38,-49.5477,137.706,1240.36,-79.9827,156.353,1167.69,-53.2683,158.339,1193.63,-79.9443,99.5164,1187.5,-61.7125,96.5037,1192.89,-85.2555,51.3121,1169.94,-62.7177,52.1737,1206.46,-73.252,12.5203,1183.7,-39.503,15.8876,1228.72,-52.4284,185.911,1231.99,-48.223,199.263,1215.65,-33.4187,199.285,1216.9,-37.9998,186.109,0,0,0
000986:1204.5,-64.7928,167.993,1198.17,-64.9186,171.601,1194.37,-60.7768,171.105,1206.85,-68.4054,167.4,1227.94,-63.8482,159.222,1209.01,-74.0554,147.704,1189.57,-55.8607,149.377,1244.31,-80.8445,131.867,1162.92,-48.9397,136.458,1241.06,-79.9212,156.755,1168.71,-52.4534,158.15,1193.63,-79.9443,99.5164,1187.91,-61.8005,96.3416,1193.41,-85.1975,51.0924,1173.76,-62.112,51.2147,1207.52,-73.4296,12.8242,1182.58,-39.6486,16.0126,1226.44,-51.3007,186.182,1229.21,-46.8668,199.121,1219.24,-31.5075,198.313,1211.67,-36.5702,186.128,0,0,0
000987:1203.18,-64.5306,168.158,1198.73,-64.8548,171.588,1195.59,-60.4956,171.062,1205.13,-68.0505,167.773,1177.54,-53.7735,169.333,1208.68,-73.9634,148.166,1189.57,-55.8607,149.377,1242.75,-81.0242,132.79,1162.5,-48.8575,136.542,1242.11,-79.8012,156.215,1167.99,-52.1371,158.352,1193.63,-79.9443,99.5164,1187.91,-61.8005,96.3416,1195.52,-84.9652,50.2125,1177.86,-61.1997,50.48,1206.96,-73.4924,12.9743,1182.44,-39.6519,15.4928,1220.41,-50.2032,186.27,1220.33,-44.592,199.139,1219.18,-30.0477,196.596,1217.99,-34.8419,184.192,0,0,0
000988:1201.55,-64.0293,168.446,1198.73,-64.8548,171.588,1196.12,-60.4307,170.968,1205.43,-67.5959,167.618,1178.56,-53.6407,169.066,1203.73,-74.5138,148.908,1191.2,-55.3602,148.432,1244.69,-81.7023,133.631,1162.5,-48.8575,136.542,1239.41,-79.9487,156.771,1168.49,-52.0705,158.175,1193.63,-79.9443,99.5164,1187.91,-61.8005,96.3416,1195.52,-84.9652,50.2125,1177.9,-61.1997,50.6454,1206.96,-73.4924,12.9743,1182.44,-39.6519,15.4928,1221.6,-48.9085,185.383,1221.58,-42.7482,199.029,1221.32,-27.7385,195.165,1216.53,-33.2067,184.295,0,0,0
000989:1197.88,-62.9446,169.16,1197.01,-64.5058,171.89,1197.19,-60.3006,170.779,1205.43,-67.5959,167.618,1181.09,-53.308,168.275,1203.73,-74.5138,148.908,1189.85,-55.2563,148.843,1245.61,-82.0436,133.934,1162.5,-48.8575,136.542,1239.3,-79.3936,156.757,1173.3,-51.3165,157.414,1193.63,-79.9443,99.5164,1187.87,-61.802,96.2092,1195.52,-84.9652,50.2125,1177.9,-61.1997,50.6454,1206.96,-73.4924,12.9743,1182.44,-39.6519,15.4928,1228.74,-47.2994,184.262,1222.5,-40.9058,197.769,1220.23,-26.5792,194.1,1215.86,-32.2804,183.437,0,0,0
000990:1197.88,-62.9446,169.16,1198.21,-64.3772,172.191,1198.9,-59.9538,170.478,1202.5,-66.8269,168.137,1185.38,-52.7722,167.844,1204.27,-74.4528,148.806,1188.63,-55.0001,149.284,1245.74,-82.0424,134.441,1161.35,-48.461,136.773,1238.89,-79.3,157.006,1170.8,-50.8186,157.95,1193.63,-79.9443,99.5164,1187.87,-61.802,96.2092,1195.52,-84.9652,50.2125,1177.04,-61.025,50.8616,1207.41,-73.5849,12.8538,1182.44,-39.6519,15.4928,1226.32,-46.0251,183.614,1227.74,-39.4888,196.3,1218.07,-25.0297,193.841,1215.38,-31.0453,182.531,0,0,0
000991:1197.43,-62.8583,169.171,1199.3,-64.2493,172.085,1197.75,-59.3933,170.425,1205.75,-66.4468,167.562,1187.5,-52.5035,167.467,1204.27,-74.4528,148.806,1188.22,-54.9146,149.431,1248.7,-82.6055,134.625,1161.35,-48.461,136.773,1238.41,-79.3593,157.426,1170.3,-50.8858,158.127,1193.63,-79.9443,99.5164,1187.85,-61.8027,96.143,1194.97,-85.0234,50.3489,1176.18,-60.8505,51.0779,1207.41,-73.5849,12.8538,1182.44,-39.6519,15.4928,1226.55,-45.2607,182.695,1227.59,-37.7832,195.307,1219.49,-23.1005,192.676,1218.42,-29.7467,181.121,0,0,0
000992:1196.97,-62.7721,169.181,1198.87,-64.1626,172.176,1199.66,-58.8924,170.399,1205.75,-66.4468,167.562,1189.31,-52.1496,167.651,1204.27,-74.4528,148.806,1188.22,-54.9146,149.431,1245.94,-82.9036,135.598,1161.35,-48.461,136.773,1244.74,-78.6907,156.625,1167.94,-50.3859,159.048,1193.63,-79.9443,99.5164,1188.71,-61.9773,95.951,1194.97,-85.0234,50.3489,1174.91,-60.5883,51.4681,1207.39,-73.585,12.7688,1182.42,-39.6528,15.4252,1227.78,-43.4068,182.422,1226.56,-36.0687,194.965,1216.75,-21.6313,192.268,1218.76,-28.9743,180.496,0,0,0
000993:1196.97,-62.7721,169.181,1196.31,-63.6401,172.709,1199.78,-58.7406,170.463,1206.88,-66.3194,167.534,1191.07,-51.946,168.015,1206.45,-74.2084,148.396,1188.22,-54.9146,149.431,1239.64,-83.861,137.569,1160.52,-48.297,136.94,1239.05,-78.742,157.964,1169.09,-50.1009,158.902,1191.92,-79.5759,99.9617,1188.71,-61.9773,95.951,1189,-85.6615,52.0109,1174.91,-60.5883,51.4681,1207.39,-73.585,12.7688,1182.4,-39.6537,15.3577,1226.53,-42.6973,181.865,1230.98,-35.1702,193.609,1217.57,-20.475,190.758,1218.65,-27.6629,178.89,0,0,0
000994:1197.51,-62.7077,169.087,1194.66,-63.2925,173.254,1201.11,-58.3055,170.4,1208.35,-65.7362,167.532,1194.3,-51.5398,167.609,1207.78,-74.0836,149.081,1188.22,-54.9146,149.431,1238.41,-84.1326,137.875,1161.09,-48.0804,136.688,1238.19,-78.5548,158.26,1169.21,-49.9504,158.949,1190.67,-79.2992,100.378,1188.71,-61.9773,95.951,1194.61,-85.0806,51.239,1174.93,-60.5875,51.5346,1207.39,-73.585,12.7688,1182.4,-39.6537,15.3577,1228.83,-41.245,180.81,1221.9,-32.7072,194.379,1220.77,-19.2367,188.407,1222.55,-26.5124,177.155,0,0,0
000995:1196.88,-62.2319,169.283,1198.32,-62.8439,172.273,1201.67,-58.2395,170.387,1207.36,-65.167,168.103,1193.49,-51.371,167.894,1206.71,-74.2054,149.352,1188.22,-54.9146,149.431,1238.38,-84.2835,138.149,1158.53,-47.591,136.996,1243.56,-77.8496,157.83,1169.75,-49.8828,158.932,1190.26,-79.2069,100.538,1188.71,-61.9773,95.951,1194.11,-85.1385,51.5424,1175.16,-60.4332,51.9718,1207.39,-73.585,12.7688,1182.38,-39.6545,15.2904,1230.25,-40.3306,179.97,1225.89,-31.4143,192.554,1223.49,-17.6803,187.231,1228.03,-26.1381,175.371,0,0,0
000996:1197.42,-62.1673,169.189,1198.32,-62.8439,172.273,1201.34,-58.0018,170.445,1204.9,-64.4882,168.692,1192.4,-51.5062,167.986,1204.95,-74.3899,149.165,1186.04,-54.4927,149.707,1235.01,-84.7878,139.375,1158.53,-47.591,136.996,1240.94,-77.9997,158.736,1171.11,-49.445,159.123,1188.15,-78.7479,101.142,1188.71,-61.9773,95.951,1190.07,-84.2983,52.1144,1173.24,-60.2387,52.0319,1207.39,-73.585,12.7688,1182.38,-39.6545,15.2904,1229.51,-38.844,179.25,1227.24,-30.3383,191.093,1220.78,-16.2157,187.154,1228.83,-24.4272,174.271,0,0,0
000997:1198.74,-61.7345,169.093,1197.89,-62.7571,172.349,1200.91,-57.9161,170.521,1205.03,-64.4871,169.184,1192.93,-51.4384,167.891,1206.14,-73.718,149.689,1186.04,-54.4927,149.707,1235.1,-84.7871,139.711,1158.53,-47.591,136.996,1241.44,-77.9394,158.383,1173.29,-49.0236,158.718,1187.72,-78.6565,101.236,1188.71,-61.9773,95.951,1192.27,-84.0646,51.6558,1172.81,-60.1519,52.1394,1207.39,-73.585,12.7688,1183.2,-39.8228,14.8489,1230.07,-38.6178,178.873,1230.65,-28.7192,190.139,1220.73,-14.7457,185.538,1229.07,-24.0444,172.419,0,0,0
000998:1198.85,-61.5828,169.058,1197.46,-62.6703,172.424,1195.89,-58.2704,171.914,1205.08,-64.4868,169.347,1196.13,-51.0311,167.322,1208.71,-73.4672,150.682,1185.61,-54.4081,149.788,1235.16,-84.7853,139.912,1158.53,-47.591,136.996,1241.57,-77.3802,159.225,1172.42,-48.8595,158.81,1187.72,-78.6565,101.236,1188.69,-61.9779,95.8848,1193.39,-83.9475,51.4678,1169.45,-60.1541,53.1734,1206.94,-73.4925,12.8894,1184.06,-39.9894,14.5423,1231.64,-38.2458,177.898,1222.15,-27.3015,189.956,1219.77,-13.5152,183.139,1223.82,-23.7358,171.67,0,0,0
000999:1198.27,-61.497,168.548,1205.32,-61.7024,170.194,1195.35,-58.3361,172.007,1204.21,-64.3116,169.5,1197.73,-50.8269,167.037,1208.38,-73.3739,151.094,1182.18,-53.7343,150.371,1236.39,-84.9701,140.934,1160.54,-47.3187,136.423,1240.33,-77.1002,159.853,1167.53,-47.5761,159.516,1187.72,-78.6565,101.236,1188.69,-61.9779,95.8848,1193.41,-83.9467,51.5347,1168.98,-60.2194,53.5525,1206.43,-73.4018,12.789,1184.06,-39.9894,14.5423,1229.19,-37.1359,177.8,1226.04,-25.448,188.376,1226.96,-12.5423,180.705,1226.58,-22.0264,170.173,0,0,0
001000:1197.59,-61.0206,168.535,1205.86,-61.6375,170.099,1195.35,-58.3361,172.007,1201.2,-63.6997,170.099,1202.56,-50.2114,166.162,1208.4,-73.3733,151.16,1180.14,-53.3118,151.035,1237.59,-84.852,140.971,1162.46,-47.0473,135.479,1240.48,-77.097,160.356,1167.11,-47.4944,159.593,1187.72,-78.6565,101.236,1189.31,-61.7612,95.676,1194,-83.8879,51.5662,1168.58,-60.1327,53.7415,1201.49,-72.5017,12.3607,1184.04,-39.9903,14.4747,1234.98,-35.7779,176.315,1230.26,-23.8225,186.66,1226.38,-11.8492,179.043,1228.93,-21.9499,169.051,0,0,0
001001:1199.2,-60.8257,168.249,1206.94,-61.5075,169.909,1199.85,-57.746,169.94,1201.2,-63.6997,170.099,1202.56,-50.2114,166.162,1208.42,-73.3727,151.226,1180.67,-53.2449,150.935,1238.17,-84.9451,141.374,1162.37,-47.0498,135.219,1240.61,-77.0958,160.858,1169.18,-47.2214,159.209,1187.72,-78.6565,101.236,1189.31,-61.7612,95.676,1194.04,-83.8868,51.7169,1168.6,-60.1327,53.8237,1201.49,-72.5017,12.3607,1184.86,-40.1587,14.0326,1234.78,-35.781,175.649,1230.64,-22.7353,185.535,1225.85,-11.0021,177.275,1230.83,-21.6394,167.591,0,0,0
001002:1200.4,-60.5438,168.122,1208.03,-61.3773,169.719,1203.16,-57.3486,169.698,1201.2,-63.6997,170.099,1201.42,-50.3488,166.109,1208.94,-73.3114,151.042,1190.5,-52.0316,150.35,1236.09,-85.178,142.558,1162.37,-47.0498,135.219,1239.37,-76.6644,161.078,1170.39,-46.7843,158.9,1187.72,-78.6565,101.236,1188.86,-61.6746,95.7059,1193.64,-83.7915,51.959,1171.24,-59.8054,53.1613,1201.55,-72.4988,12.5647,1182.54,-40.6048,14.3951,1233.63,-34.9152,175.112,1234.36,-22.74,183.929,1228.25,-10.5986,175.718,1230.72,-21.1748,166.178,0,0,0
001003:1203.91,-59.9989,168.185,1207.18,-61.2029,169.938,1203.16,-57.3486,169.698,1200.77,-63.6124,170.176,1203.15,-50.3842,165.055,1209.53,-73.2491,151.089,1187.85,-52.3695,150.852,1234.6,-85.5009,144.041,1164.89,-46.7077,134.459,1239.02,-76.7218,161.932,1168.33,-46.376,159.45,1187.72,-78.6565,101.236,1187.56,-61.4129,95.9942,1193.64,-83.7915,51.959,1173.12,-59.3036,53.0414,1202.5,-72.6802,12.5278,1179.68,-41.122,14.8196,1231.94,-34.8305,174.529,1232.51,-21.9627,183.036,1226.35,-9.52177,173.948,1221.01,-21.1114,166.917,0,0,0
001004:1206.14,-59.7364,168.049,1206.81,-61.1145,170.212,1203.72,-57.2822,169.685,1200.77,-63.6124,170.176,1200.21,-50.3378,165.495,1209.53,-73.2491,151.089,1187.42,-52.2854,150.933,1235.39,-86.1442,144.709,1163.97,-46.5467,134.368,1238.98,-76.7226,161.782,1168.33,-46.376,159.45,1187.72,-78.6565,101.236,1183.58,-60.6338,96.5262,1193.64,-83.7915,51.959,1173.12,-59.3036,53.0414,1202.5,-72.6802,12.5278,1179.68,-41.122,14.8196,1232.51,-33.588,173.592,1235.3,-20.7918,180.875,1226.74,-8.58632,173.36,1227.81,-20.0933,164.652,0,0,0
001005:1207.78,-59.5391,167.844,1206,-60.9392,170.562,1203.72,-57.2822,169.685,1200.77,-63.6124,170.176,1199.24,-50.3222,165.669,1209.6,-73.2473,151.287,1186.36,-51.5799,150.794,1233.42,-86.5203,146.51,1163.97,-46.5467,134.368,1236.97,-76.1039,162.562,1169.18,-45.7085,159.088,1187.72,-78.6565,101.236,1179.68,-59.8561,97.2534,1193.27,-83.6966,52.3013,1174.37,-58.8684,52.674,1202.5,-72.6802,12.5278,1180.62,-41.2854,14.7834,1233.87,-33.2145,171.99,1236.8,-20.2462,179.369,1230.44,-8.24668,171.013,1226.32,-19.8637,164.473,0,0,0
001006:1210.61,-59.2092,167.775,1207.69,-60.743,170.523,1201.53,-56.8546,170.001,1202.81,-63.3562,169.388,1198.89,-49.0039,166.669,1209.6,-73.2473,151.287,1189.18,-50.7858,149.732,1232.94,-86.5763,146.9,1167.32,-45.5338,133.146,1236.14,-75.9187,162.955,1171.77,-45.3641,158.606,1187.72,-78.6565,101.236,1179.68,-59.8561,97.2534,1193.81,-83.6379,52.1658,1177.05,-58.2971,53.4772,1203.39,-72.8645,12.2869,1184.96,-42.12,13.4523,1233.85,-33.2146,171.907,1229.52,-20.4164,180.089,1232.35,-8.31157,168.68,1225.87,-19.87,162.882,0,0,0
001007:1210.61,-59.2092,167.775,1208.86,-60.6115,170.661,1197.77,-55.9349,170.75,1202.88,-63.2054,169.222,1197.59,-48.7536,166.901,1209.6,-73.2473,151.287,1186.57,-51.1243,150.365,1234.32,-87.1609,147.547,1167.81,-45.4648,132.961,1236.78,-75.8564,163.19,1170.81,-44.5203,158.494,1187.72,-78.6565,101.236,1179.66,-59.8567,97.1876,1195.48,-83.4617,51.8423,1174.31,-58.3216,52.9042,1203.39,-72.8645,12.2869,1185.02,-42.1201,13.7026,1234.27,-32.9862,170.947,1234.9,-19.1584,177.6,1232.92,-8.15191,166.646,1225.65,-19.8732,162.135,0,0,0
001008:1210.61,-59.2092,167.775,1209.42,-60.5459,170.648,1196.19,-55.5911,171.512,1203,-62.9041,168.905,1196.3,-48.5036,167.132,1209.6,-73.2473,151.287,1186.57,-51.1243,150.365,1234.76,-87.4069,147.853,1168.72,-44.7922,132.778,1236.81,-75.8562,163.273,1172.07,-44.0806,158.345,1187.72,-78.6565,101.236,1179.66,-59.8567,97.1876,1196.58,-83.3442,51.5703,1174.31,-58.3216,52.9042,1203.43,-72.8627,12.423,1187.72,-41.7587,12.9672,1233.96,-32.994,170.007,1242.47,-18.5972,175.096,1236.78,-8.12233,165.386,1229.1,-20.5803,159.298,0,0,0
001009:1211.15,-59.1432,167.679,1205.94,-59.8529,171.258,1199.47,-55.1906,171.193,1204.6,-62.7107,168.538,1194.2,-48.0863,167.713,1209.6,-73.2473,151.287,1186.66,-51.1239,150.689,1235.81,-87.5938,148.19,1169.11,-44.1885,132.699,1234.84,-76.0981,164.705,1171.69,-43.9992,158.584,1187.72,-78.6565,101.236,1179.66,-59.8567,97.1876,1193.81,-82.788,51.7518,1172.75,-57.8212,53.5072,1203.02,-72.7687,12.6795,1187.72,-41.7587,12.9672,1234.55,-32.7608,169.567,1244.99,-17.8894,173.079,1234.22,-7.98946,163.511,1229.74,-20.7394,158.221,0,0,0
001010:1209.4,-58.7972,167.988,1205.94,-59.8529,171.258,1200.31,-54.6683,171.044,1205.64,-62.5817,168.183,1194.2,-48.0863,167.713,1209.6,-73.2473,151.287,1186.66,-51.1239,150.689,1236.45,-87.6837,148.709,1168.12,-43.4915,132.815,1234.84,-76.0981,164.705,1170.2,-43.3741,158.861,1187.72,-78.6565,101.236,1178.81,-59.6842,97.378,1198.18,-82.3156,50.5792,1171.96,-57.6463,53.9205,1203.04,-72.7676,12.7476,1187.72,-41.7587,12.9672,1235.48,-32.6134,168.791,1242.12,-17.4265,173.179,1234.15,-8.38878,162.466,1232.68,-21.2903,156.861,0,0,0
001011:1207.78,-58.4486,168.692,1204.2,-59.5074,171.562,1199.88,-54.5834,171.12,1205.62,-62.5821,168.117,1194.2,-48.0863,167.713,1208.33,-72.9755,151.663,1186.68,-51.1238,150.77,1237.85,-88.2715,149.51,1166.8,-43.2489,132.845,1234.86,-76.0975,164.772,1172.27,-43.0956,158.475,1187.72,-78.6565,101.236,1178.81,-59.6842,97.378,1198.16,-82.3172,50.5288,1171.98,-57.6455,53.9868,1203.04,-72.7676,12.7476,1187.72,-41.7587,12.9672,1239.01,-32.2455,167.232,1238.23,-16.8975,171.435,1233.26,-7.76878,161.647,1236.59,-21.2904,155.727,0,0,0
001012:1205.67,-58.0163,169.273,1204.2,-59.5074,171.562,1199.06,-54.4127,171.403,1207.25,-62.3879,167.83,1194.25,-48.0852,167.844,1204.6,-73.4052,152.702,1186.68,-51.1238,150.77,1237.31,-88.4793,150.173,1165.49,-42.8565,132.549,1234.97,-76.0948,165.106,1169.39,-42.5284,159.218,1187.72,-78.6565,101.236,1179.78,-59.8526,97.5828,1198.16,-82.3172,50.5288,1171.98,-57.6455,53.9868,1203.04,-72.7676,12.7476,1185.74,-42.5959,13.6361,1239.02,-32.6463,166.446,1238.17,-16.8991,171.233,1242.48,-9.19433,158.221,1237.83,-22.2367,154.766,0,0,0
001013:1204.12,-57.5184,169.824,1202.13,-58.9248,171.923,1199.59,-54.3457,171.309,1208.29,-62.2594,167.507,1194.25,-48.0852,167.844,1204.6,-73.4052,152.702,1186.68,-51.1238,150.77,1235.09,-89.0094,151.621,1163.35,-42.4535,132.844,1237.1,-75.7534,166.01,1169.53,-42.2278,158.941,1187.72,-78.6565,101.236,1179.8,-59.8518,97.6488,1196.51,-82.4946,50.9378,1173.18,-57.361,53.8772,1203.04,-72.7676,12.7476,1185.18,-42.6679,13.6995,1236.4,-32.7091,166.683,1236.92,-16.7507,170.287,1242.3,-8.33,157.577,1238.33,-22.5564,153.563,0,0,0
001014:1203.87,-57.2789,170.162,1201.72,-58.8384,172.064,1199.59,-54.3457,171.309,1208.39,-62.1072,167.488,1194.25,-48.0852,167.844,1205.14,-73.3438,152.601,1186.68,-51.1238,150.77,1236.07,-89.3484,152.097,1163.46,-42.1525,132.484,1235.52,-75.3814,167.059,1168.35,-41.5389,158.413,1187.72,-78.6565,101.236,1178.69,-59.5873,98.4608,1196.51,-82.4946,50.9378,1175.41,-56.9431,53.3371,1203.04,-72.7676,12.7476,1186.1,-42.8335,13.5949,1237.87,-33.0398,165.179,1237.85,-16.9905,168.625,1243.29,-9.43263,156.116,1236.84,-23.7391,152.892,0,0,0
001015:1201.27,-56.7652,170.619,1200.47,-58.5794,172.423,1199.61,-54.3451,171.375,1208.06,-61.868,167.546,1194.25,-48.0852,167.844,1203.95,-73.071,153.173,1186.68,-51.1238,150.77,1231.07,-89.8603,153.361,1163.46,-42.1525,132.484,1235.07,-75.2895,167.137,1167.38,-41.6786,158.846,1191.02,-78.2978,100.775,1177.81,-59.4156,98.5847,1200.49,-81.9259,50.0218,1175.41,-56.9431,53.3371,1203.04,-72.7676,12.7476,1184.98,-42.9773,13.7218,1236.8,-32.8799,164.82,1238.8,-17.2263,166.891,1244.7,-10.2966,153.636,1238,-24.5366,151.416,0,0,0
001016:1200.98,-56.5276,170.84,1200.47,-58.5794,172.423,1199.61,-54.3451,171.375,1206.74,-61.6073,167.712,1194.25,-48.0852,167.844,1202.67,-72.8009,153.48,1187.64,-51.1396,150.589,1228.85,-90.087,153.855,1163.46,-42.1525,132.484,1234.33,-74.9516,167.407,1166.86,-41.7485,158.942,1191.02,-78.2978,100.775,1177.41,-59.3287,98.7452,1196.44,-82.0911,51.4944,1174.98,-56.857,53.4446,1203.04,-72.7676,12.7476,1188.03,-43.7156,13.08,1237.69,-33.0398,164.484,1244.11,-18.159,165.261,1243.7,-10.3863,152.225,1235.45,-25.7179,150.813,0,0,0
001017:1198.99,-55.9479,171.398,1204.55,-57.6623,171.71,1200.09,-54.4288,171.43,1207.3,-61.5421,167.698,1194.27,-48.0846,167.91,1202.78,-72.6496,153.46,1187.66,-51.1391,150.655,1228.41,-90.1409,154.391,1169.79,-41.3097,131.708,1232.75,-74.5797,168.386,1166.84,-41.7491,158.877,1192.64,-78.1182,100.42,1176.15,-59.0699,99.095,1199.68,-81.7354,50.4249,1174.65,-56.619,53.5426,1203.04,-72.7676,12.7476,1188.47,-43.7986,12.9438,1240.99,-33.6977,162.668,1246,-18.5553,163.462,1244.46,-12.5216,150.348,1237.84,-26.5132,149.826,0,0,0
001018:1198.99,-55.9479,171.398,1204.13,-57.5759,171.852,1200.09,-54.4288,171.43,1203.16,-60.5199,168.777,1194.33,-48.083,168.106,1202.36,-72.5592,153.607,1188.74,-51.0027,150.52,1227.25,-89.8507,155.184,1170.85,-41.1685,131.578,1233.26,-74.6697,168.509,1168.31,-41.5396,158.269,1192.64,-78.1182,100.42,1175.82,-58.8313,99.1351,1199.68,-81.7354,50.4249,1174.65,-56.619,53.5426,1203.04,-72.7676,12.7476,1188.97,-43.8801,13.0267,1243.09,-34.9769,161.869,1246.61,-18.7173,162.289,1242.9,-12.6939,149.072,1243.05,-26.9206,148.34,0,0,0
001019:1198.99,-55.9479,171.398,1203.37,-57.4018,172.332,1198.81,-54.174,171.724,1203.16,-60.5199,168.777,1197.86,-47.7528,167.054,1199.83,-72.0202,154.286,1188.84,-50.851,150.501,1227.04,-89.9025,156.553,1172.34,-40.4223,131.561,1229.09,-75.7089,169.948,1170.93,-41.1887,157.947,1194.31,-77.9379,100.23,1177.35,-58.6346,98.5381,1199.68,-81.7354,50.4249,1174.28,-56.5336,53.9131,1203.04,-72.7676,12.7476,1188.97,-43.8801,13.0267,1250.29,-35.895,160.885,1248.97,-19.5073,161.109,1242.94,-14.1169,148.628,1239.53,-28.5695,149.369,0,0,0
001020:1198.56,-55.8628,171.474,1203.93,-57.3353,172.32,1198.81,-54.174,171.724,1203.16,-60.5199,168.777,1197.86,-47.7528,167.054,1200.07,-71.8668,154.709,1188.84,-50.851,150.501,1226.61,-89.8067,156.7,1172.86,-40.3515,131.456,1229.09,-75.7089,169.948,1170.85,-40.3584,157.466,1195.42,-77.8176,100.075,1177.35,-58.6346,98.5381,1200.23,-81.6759,50.2882,1174.02,-56.2949,54.242,1204.69,-72.5789,12.2128,1188.97,-43.8801,13.0267,1251.12,-36.6192,159.838,1248.8,-20.0664,159.952,1246.46,-15.1346,146.38,1237.75,-29.9123,148.21,0,0,0
001021:1201.8,-55.4626,170.991,1204.66,-57.1164,172.535,1198.4,-54.0888,171.865,1203.16,-60.5199,168.777,1198.39,-47.6836,166.959,1200.37,-71.5631,154.964,1186.35,-50.1984,150.903,1224.06,-89.9349,157.6,1171.07,-40.5647,130.885,1232.7,-76.3408,170.957,1174.8,-39.7938,155.968,1195.42,-77.8176,100.075,1176.94,-58.548,98.6986,1200.23,-81.6759,50.2882,1176.14,-56.0275,53.7118,1205.14,-72.6712,12.092,1188.97,-43.8801,13.0267,1251.57,-37.2622,159.254,1250.08,-21.8895,159.277,1243.89,-17.0496,145.508,1239.92,-31.1858,147.576,0,0,0
001022:1201.8,-55.4626,170.991,1203.9,-56.794,172.7,1200.65,-53.6682,171.472,1203.16,-60.5199,168.777,1198.88,-47.6147,166.701,1201.47,-71.4393,154.846,1186.35,-50.1984,150.903,1224.15,-89.9326,157.866,1169.76,-40.3242,131.012,1230.64,-75.8796,171.973,1174.4,-39.7135,156.128,1196.5,-77.6973,99.8375,1176.94,-58.548,98.6986,1196.82,-80.9242,51.4949,1176.24,-55.8746,53.6864,1205.14,-72.6712,12.092,1188.97,-43.8801,13.0267,1252.81,-38.2299,158.356,1251.87,-22.6057,157.708,1247.48,-18.3883,144.183,1247.26,-32.49,146.144,0,0,0
001023:1201.9,-55.3107,170.973,1203.46,-56.7083,172.775,1200.22,-53.5835,171.548,1202.73,-60.4334,168.853,1198.88,-47.6147,166.701,1200.17,-71.1714,155.087,1186.61,-49.7448,150.715,1224.24,-89.9304,158.131,1170.82,-40.1825,130.882,1231.39,-76.5183,172.544,1168.82,-38.6751,156.785,1196.61,-77.5455,99.8135,1176.94,-58.548,98.6986,1200.97,-80.4473,49.3961,1178.38,-55.6063,53.1548,1205.14,-72.6712,12.092,1189.45,-43.9625,13.0418,1258.23,-39.2376,156.889,1255.59,-23.6421,156.054,1251.89,-18.7752,143.449,1243.16,-33.0225,146.29,0,0,0
001024:1200.97,-55.1421,170.928,1203.44,-56.7085,172.694,1200.75,-53.5162,171.454,1201.43,-60.1742,169.083,1198.88,-47.6147,166.701,1200.71,-71.1096,154.987,1185.77,-49.4284,150.58,1221.91,-89.6079,158.585,1170.03,-39.8711,130.904,1231,-76.4265,172.903,1168.4,-38.5955,156.863,1196.72,-77.5448,100.228,1178.53,-58.3508,98.3462,1200.09,-80.2605,49.615,1177.33,-54.8895,53.1543,1204.58,-72.734,12.2422,1192.53,-43.8399,12.2297,1262.66,-40.3955,155.995,1256.11,-25.8704,155.45,1248.06,-21.0093,142.763,1245.29,-35.1769,145.741,0,0,0
001025:1202.63,-54.941,170.809,1203.44,-56.7085,172.694,1198.75,-52.7916,171.697,1201.43,-60.1742,169.083,1200.47,-47.4071,166.333,1200.28,-71.0203,155.067,1185.28,-49.3461,150.434,1220.42,-89.6251,159.098,1170.03,-39.8711,130.904,1233.56,-76.8813,173.686,1168.38,-38.5956,156.783,1195.85,-77.3617,100.418,1178.53,-58.3508,98.3462,1199.65,-80.1673,49.7243,1176.89,-54.8038,53.2619,1204.58,-72.734,12.2422,1192.59,-43.8373,12.4334,1259.82,-40.919,156.902,1251.6,-27.056,155.824,1250.2,-23.556,141.006,1250.26,-37.2691,145.259,0,0,0
001026:1203.16,-54.874,170.714,1203.44,-56.7085,172.694,1202.2,-52.0813,171.179,1200.67,-59.8498,169.217,1200.89,-46.7962,166.327,1199.87,-70.9306,155.212,1184.83,-49.2635,150.449,1220.42,-89.6251,159.098,1170.53,-39.8003,130.718,1233.54,-76.8814,173.603,1168.87,-37.6928,156.386,1192.92,-76.7203,101.444,1178.53,-58.3508,98.3462,1195.43,-80.3398,50.5769,1175.4,-54.5998,54.5668,1201.82,-73.0481,13.0767,1192.59,-43.8373,12.4334,1254.83,-41.6722,156.732,1251.4,-27.6194,154.659,1251.27,-25.1463,140.876,1243.51,-38.7182,146.087,0,0,0
001027:1205.55,-54.3006,170.382,1203.44,-56.7085,172.694,1204.7,-50.6578,171.014,1197.09,-59.1647,169.434,1200.94,-46.7951,166.459,1199.87,-70.9306,155.212,1185.87,-49.1268,150.168,1216.1,-89.6738,161.044,1173.63,-39.3739,130.003,1234.64,-76.7597,173.328,1167.32,-37.7566,156.274,1191.45,-76.7491,101.923,1179.06,-58.2849,98.2285,1192.65,-80.0843,51.4674,1173.46,-54.1197,54.1211,1201.82,-73.0481,13.0767,1192.59,-43.8373,12.4334,1249.04,-42.8076,156.488,1254.47,-28.5908,152.537,1255.32,-27.1519,138.771,1241.51,-38.7936,145.078,0,0,0
001028:1206.09,-54.2334,170.287,1203.01,-56.6229,172.769,1204.7,-50.6578,171.014,1201.36,-58.6398,168.594,1200.17,-46.4766,166.596,1199.01,-70.7523,155.372,1188.59,-48.6324,149.566,1216.36,-89.6706,162.004,1169.41,-38.4218,130.584,1235.51,-76.693,174.266,1166,-37.5198,156.301,1189.72,-76.3852,102.299,1179.06,-58.2849,98.2285,1191.32,-79.807,51.7255,1175.05,-53.9171,53.7238,1201.82,-73.0481,13.0767,1192.59,-43.8373,12.4334,1245.64,-42.9344,156.349,1251.73,-30.0964,152.312,1252.07,-28.7386,138.844,1244.19,-40.4741,145.273,0,0,0
001029:1205.82,-53.8445,170.196,1202.14,-56.4521,172.92,1204.26,-50.5738,171.09,1204.03,-58.3105,168.036,1199.74,-46.3936,166.673,1195.37,-71.034,156.115,1186.93,-48.1485,149.711,1216.38,-89.6703,162.087,1169.97,-38.3503,130.64,1237.5,-77.0592,174.679,1168.19,-36.2529,155.867,1189.72,-76.3852,102.299,1180.77,-57.9353,97.9344,1191.32,-79.807,51.7255,1174.19,-53.7466,53.9385,1201.82,-73.0481,13.0767,1192.59,-43.8373,12.4334,1249.31,-44.1698,155.172,1252.93,-32.0899,151.805,1247.6,-29.9188,139.461,1245.99,-41.93,143.842,0,0,0
001030:1205.36,-53.7601,170.206,1202.14,-56.4521,172.92,1204.26,-50.5738,171.09,1204.55,-58.2447,167.859,1197.57,-45.9798,167.059,1195,-70.9434,156.391,1184.77,-47.7346,150.052,1219.2,-90.2331,162.211,1171,-38.2074,130.428,1236.3,-77.4849,175.442,1169.43,-35.808,155.732,1189.74,-76.3851,102.382,1176.82,-57.1671,98.4603,1190.78,-79.8668,51.8608,1174.72,-53.6789,53.806,1200.12,-73.2363,13.3562,1194.22,-43.6215,11.9892,1254.07,-45.5772,154.299,1254.29,-33.6134,150.701,1258.33,-32.2056,136.599,1249.81,-43.5654,142.118,0,0,0
001031:1205.36,-53.7601,170.206,1202.51,-55.694,172.275,1204.26,-50.5738,171.09,1202.77,-58.0526,168.446,1197.14,-45.8971,167.136,1195,-70.9434,156.391,1184.83,-47.5842,149.902,1219.44,-90.2296,163.073,1171.52,-38.1359,130.323,1236.34,-77.4838,175.575,1168.15,-35.5715,155.905,1189.74,-76.3851,102.382,1176.38,-57.0822,98.4894,1189.26,-79.8936,52.2393,1174.45,-53.4375,54.0715,1200.12,-73.2363,13.3562,1194.22,-43.6215,11.9892,1258.09,-47.3792,153.648,1258.46,-35.6354,149.107,1257.12,-33.9568,136.611,1248.98,-44.8275,142.441,0,0,0
001032:1205.36,-53.7601,170.206,1202.55,-55.5428,172.028,1201.61,-50.0711,171.415,1202.25,-58.1185,168.623,1195.51,-45.4147,167.427,1195,-70.9434,156.391,1185.85,-47.4466,149.539,1219.59,-90.2261,163.553,1169.83,-37.8158,130.667,1236.05,-77.3882,176.135,1167.55,-35.6438,155.682,1189.74,-76.3851,102.382,1176.38,-57.0822,98.4894,1188.82,-79.8011,52.3472,1175.02,-53.3681,54.0722,1201.19,-73.1111,12.8878,1194.22,-43.6215,11.9892,1253.48,-49.3809,154.106,1261.56,-37.411,148.832,1262.16,-35.3435,136.341,1249.99,-45.206,144.757,0,0,0
001033:1204.93,-53.6753,170.283,1202.43,-54.8516,171.671,1199.22,-49.9569,171.749,1202.23,-58.1186,168.541,1194.98,-44.6419,167.282,1194.53,-71.0046,156.735,1185.85,-47.4466,149.539,1221.24,-90.6547,164.965,1171.93,-37.2268,129.576,1236.07,-77.388,176.218,1165.47,-35.9313,156.004,1188.07,-76.0206,102.889,1175.93,-56.9974,98.5184,1188.82,-79.8011,52.3472,1175.55,-53.3003,53.9396,1204.19,-73.4996,12.8842,1193.68,-43.6934,12.1374,1255.44,-50.9041,155.065,1264.89,-40.4694,148.546,1262.39,-37.4992,136.476,1249,-47.2416,146.3,0,0,0
001034:1203.6,-53.4213,170.446,1202.97,-54.7845,171.577,1195.93,-49.6775,172.118,1202.23,-58.1186,168.541,1194.63,-44.4081,167.275,1200.47,-70.323,155.723,1185.35,-47.3655,149.424,1219.96,-90.8141,166.5,1168.51,-36.5901,130.136,1234.11,-77.4756,177.194,1164.87,-36.0033,155.782,1188.07,-76.0206,102.889,1175.93,-56.9974,98.5184,1185.81,-79.1537,53.1679,1173.93,-52.9558,54.7008,1204.19,-73.4996,12.8842,1189.33,-44.2679,13.3193,1253.99,-51.5153,155.396,1262.6,-42.2054,148.728,1264.44,-40.1532,136.477,1249.29,-49.7838,146.035,0,0,0
001035:1201.43,-52.9981,170.827,1203.5,-54.7175,171.483,1195.93,-49.6775,172.118,1202.4,-57.816,168.373,1197.25,-44.0576,166.638,1202.7,-70.0736,155.57,1185.35,-47.3655,149.424,1219.96,-90.8141,166.5,1168.98,-36.5183,129.869,1231.44,-77.7766,178.114,1167.38,-35.6448,155.057,1187.64,-75.93,102.983,1175.93,-56.9974,98.5184,1186.87,-79.034,52.8155,1174.46,-52.8879,54.5687,1205.28,-73.3751,12.516,1189.33,-44.2679,13.3193,1248.45,-54.351,156.721,1263.37,-43.9725,148.006,1260.43,-41.8613,138.282,1253.32,-50.5665,144.857,0,0,0
001036:1199.67,-51.968,171.136,1203.75,-54.4132,171.626,1195.93,-49.6775,172.118,1204.49,-57.5518,167.746,1196.84,-43.9749,166.781,1202.7,-70.0736,155.57,1185.35,-47.3655,149.424,1213.55,-91.3323,168.044,1171.13,-36.0785,129.346,1230.83,-77.5882,179.261,1168.95,-35.429,154.846,1187.64,-75.93,102.983,1173.76,-56.572,98.8603,1185.97,-78.8512,52.8976,1174.46,-52.8879,54.5687,1208.07,-73.0609,11.7639,1189.33,-44.2679,13.3193,1250.33,-54.6996,156.527,1258.77,-44.7134,149.319,1262.31,-44.5218,137.941,1249.16,-52.5503,146.857,0,0,0
001037:1200.27,-51.7482,170.861,1201.56,-53.9898,171.956,1195.93,-49.6775,172.118,1204.49,-57.5518,167.746,1194.27,-43.4821,167.309,1201.86,-69.8949,155.796,1185.43,-47.2145,149.34,1210.54,-91.5137,169.247,1167.2,-35.3675,129.732,1231.03,-77.5862,180.008,1167.91,-34.741,154.821,1187.64,-75.93,102.983,1173.76,-56.572,98.8603,1189.22,-78.4908,52.0885,1174.97,-52.8201,54.3541,1210.31,-72.8089,11.1605,1189.33,-44.2679,13.3193,1241.6,-56.6577,159.702,1250.41,-49.1214,152.409,1261.47,-46.9165,137.081,1253.3,-54.3664,146.881,0,0,0
001038:1200.27,-51.7482,170.861,1201.56,-53.9898,171.956,1194.21,-49.3441,172.421,1204.03,-57.4665,167.757,1194.8,-43.4117,167.215,1201.46,-69.8047,156.007,1186.02,-46.9943,149.074,1210.6,-91.513,169.494,1167.2,-35.3675,129.732,1231.07,-77.5853,180.141,1164.73,-33.6627,155.063,1187.64,-75.93,102.983,1173.76,-56.572,98.8603,1189.77,-78.4307,51.9534,1181.31,-52.0037,52.5447,1206.81,-72.4819,11.6406,1189.33,-44.2679,13.3193,1234.01,-58.8631,161.621,1248.46,-51.541,153.695,1259.5,-47.8301,140.477,1240.21,-56.4117,150.483,0,0,0
001039:1197.24,-51.16,171.393,1201.56,-53.9898,171.956,1194.21,-49.3441,172.421,1202.73,-57.2092,167.988,1194.8,-43.4117,167.215,1201.03,-69.7158,156.087,1184.85,-46.4444,148.987,1210.15,-91.4189,169.488,1169.73,-35.0061,128.962,1230.6,-77.6441,180.517,1167.84,-33.0776,154.238,1186.82,-75.7473,103.302,1174.29,-56.5059,98.7432,1190.31,-78.3705,51.8182,1177.89,-51.0222,52.8096,1207.25,-72.5743,11.5195,1188.03,-44.0145,13.7475,1235.15,-60.8498,161.331,1243,-54.3693,155.207,1254.07,-50.8495,142.803,1239.13,-58.0271,152.829,0,0,0
001040:1197.2,-51.1603,171.23,1201.34,-53.6009,171.996,1194.21,-49.3441,172.421,1202.73,-57.2092,167.988,1191.41,-42.6068,167.681,1200.6,-69.627,156.167,1185.88,-46.306,148.705,1208.42,-91.0413,169.792,1170.22,-34.9336,128.775,1227.94,-77.9444,181.446,1168.6,-32.5533,153.973,1185.96,-75.5664,103.489,1174.29,-56.5059,98.7432,1191.94,-78.1895,51.412,1177.89,-51.0222,52.8096,1204.04,-72.9518,12.9304,1188.03,-44.0145,13.7475,1233.66,-62.2092,163.403,1256.03,-56.9788,153.835,1256.9,-55.5835,143.578,1249.86,-59.4948,152.054,0,0,0
001041:1197.2,-51.1603,171.23,1201.34,-53.6009,171.996,1199.45,-50.3448,171.709,1202.4,-56.9714,168.046,1189.26,-42.1996,168.065,1200.6,-69.627,156.167,1188.77,-45.5032,147.916,1206.62,-90.6646,169.815,1169.7,-34.8547,128.459,1223.33,-78.4275,181.507,1166.71,-32.5432,154.262,1185.96,-75.5664,103.489,1174.29,-56.5059,98.7432,1192.49,-78.1292,51.2764,1177.45,-50.9375,52.9175,1204.04,-72.9518,12.9304,1186.64,-43.7651,13.9043,1240.47,-63.8462,163.101,1248.03,-57.9304,155.191,1249.13,-56.5377,145.763,1240.84,-61.4288,154.189,0,0,0
001042:1196.77,-51.0765,171.306,1197.81,-52.9265,172.404,1194.06,-49.3479,171.962,1202.07,-56.7343,168.121,1190.82,-41.8373,167.31,1200.6,-69.627,156.167,1187.91,-45.3385,148.08,1205.8,-90.4754,170.098,1168.42,-34.4669,128.328,1214.51,-79.3836,182.978,1165.26,-32.311,153.827,1185.96,-75.5664,103.489,1174.81,-56.4396,98.626,1192.49,-78.1292,51.2764,1176.98,-50.8543,52.8922,1204.04,-72.9518,12.9304,1188.35,-43.3948,13.3683,1240.96,-65.6003,161.719,1256.46,-59.6186,152.366,1263,-59.1978,142.866,1254.93,-62.9259,151.576,0,0,0
001043:1196.77,-51.0765,171.306,1197.81,-52.9265,172.404,1193.2,-49.1814,172.113,1203.3,-56.449,168.075,1190.82,-41.8373,167.31,1200.6,-69.627,156.167,1187.91,-45.3385,148.08,1205.37,-90.3814,170.173,1167.11,-34.2311,128.457,1216.69,-79.7418,184.119,1164.1,-31.9263,154.048,1185.96,-75.5664,103.489,1174.39,-56.3544,98.7207,1192.49,-78.1292,51.2764,1176.98,-50.8543,52.8922,1203.48,-73.0146,13.0803,1192.81,-42.8186,12.6905,1244.88,-66.1599,161.579,1258.07,-61.7784,153.916,1267.99,-61.2206,142.051,1258.3,-64.7351,152.657,0,0,0
001044:1196.11,-50.6052,171.422,1198.35,-52.859,172.311,1193.2,-49.1814,172.113,1203.48,-56.1449,167.957,1190.82,-41.8373,167.31,1200.6,-69.627,156.167,1188.01,-45.1864,148.061,1205.35,-90.3819,170.108,1167.11,-34.2311,128.457,1217.07,-80.6793,184.265,1163.68,-31.8484,154.127,1185.96,-75.5664,103.489,1174.39,-56.3544,98.7207,1192.49,-78.1292,51.2764,1178.05,-50.717,52.6263,1203.48,-73.0146,13.0803,1192.81,-42.8186,12.6905,1247.36,-67.7786,163.051,1260.31,-63.2552,153.946,1270.69,-63.5773,143.879,1263.26,-66.5086,153.199,0,0,0
001045:1196.11,-50.6052,171.422,1198.88,-52.7915,172.217,1193.2,-49.1814,172.113,1202.8,-55.67,167.992,1194.31,-42.5637,165.703,1200.6,-69.627,156.167,1187.06,-45.0241,147.963,1205.35,-90.3819,170.108,1167.7,-34.0074,128.267,1216.34,-80.6398,185.185,1163.62,-31.8501,153.933,1185.96,-75.5664,103.489,1173.96,-56.2691,98.8154,1192.49,-78.1292,51.2764,1178.05,-50.717,52.6263,1203.93,-73.1069,12.9599,1192.43,-42.5782,12.6163,1256.39,-69.3463,162.045,1260.96,-65.9558,155.463,1273.15,-64.4949,144.881,1262.62,-67.194,154.76,0,0,0
001046:1195.43,-49.9851,171.096,1200.03,-52.5046,171.93,1193.2,-49.1814,172.113,1202.45,-55.4328,167.969,1192.71,-42.2212,166.574,1198.87,-69.2719,156.486,1186.16,-44.861,147.996,1204.87,-90.289,170.053,1170.21,-33.646,127.475,1218.31,-81.8484,186.053,1164.02,-31.9286,153.788,1185.96,-75.5664,103.489,1173.96,-56.2691,98.8154,1192.49,-78.1292,51.2764,1180.71,-50.3729,51.9601,1203.93,-73.1069,12.9599,1192.43,-42.5782,12.6163,1251.7,-70.9815,167.167,1260.23,-68.84,158.394,1273.99,-67.7832,146.659,1266.46,-69.721,157.081,0,0,0
001047:1195.43,-49.9851,171.096,1200.03,-52.5046,171.93,1191.89,-48.9325,172.274,1202.02,-55.3476,168.046,1193.76,-42.4223,166.349,1199.5,-69.0584,156.285,1184.82,-44.6163,148.045,1202.25,-89.7276,170.376,1170.66,-33.5745,127.157,1219.06,-81.7867,186.638,1166,-31.6369,153.159,1186.04,-75.5647,103.786,1175.01,-55.2954,98.2849,1192.49,-78.1292,51.2764,1181.25,-50.304,51.8267,1203.93,-73.1069,12.9599,1194.63,-42.2887,12.1083,1252,-72.6578,167.187,1260.76,-73.181,156.588,1269.16,-69.4977,148.357,1262.28,-68.3345,158.486,0,0,0
001048:1197.54,-49.7118,170.639,1203.13,-52.0989,170.878,1191.03,-48.7665,172.425,1202,-55.3477,167.964,1194.43,-42.6084,165.323,1197.3,-68.6169,156.552,1184.82,-44.6163,148.045,1199.69,-89.1663,170.893,1170.64,-33.5751,127.092,1220.56,-82.2086,187.414,1169.09,-31.1979,152.573,1186.06,-75.5646,103.868,1175.01,-55.2954,98.2849,1192.49,-78.1292,51.2764,1180.38,-50.1345,52.0433,1203.93,-73.1069,12.9599,1191.6,-41.7029,13.3046,1254.18,-73.9847,166.727,1266.63,-76.1419,155.86,1267.33,-72.3199,149.721,1256.05,-70.4733,160.008,0,0,0
001049:1195.64,-49.3822,170.419,1202.69,-52.0144,170.954,1189.64,-48.669,172.668,1201.95,-55.348,167.801,1194.15,-42.5249,165.839,1196.46,-68.439,156.76,1183.45,-44.3727,148.028,1198.79,-89.1279,171.293,1166.73,-32.869,127.548,1222.04,-83.0314,187.413,1166.46,-30.7338,152.729,1186.06,-75.5646,103.868,1175.01,-55.2954,98.2849,1192.49,-78.1292,51.2764,1179.59,-49.8124,52.168,1203.91,-73.107,12.8751,1191.6,-41.7029,13.3046,1250.42,-74.9794,168.003,1274.02,-80.0229,156.896,1266.47,-75.3802,153.456,1253.01,-71.9734,161.397,0,0,0
001050:1196.15,-49.3139,170.244,1202.67,-52.0146,170.872,1189.72,-48.5178,172.57,1201.97,-55.3479,167.883,1191.28,-41.9407,166.994,1196.05,-68.3503,156.905,1183.45,-44.3727,148.028,1196.54,-88.6649,171.342,1167.28,-32.6457,127.212,1218.24,-83.5872,188.622,1167.04,-30.359,152.131,1186.06,-75.5646,103.868,1175.54,-55.2287,98.1675,1192.49,-78.1292,51.2764,1179.59,-49.8124,52.168,1203.91,-73.107,12.8751,1191.6,-41.7029,13.3046,1249.7,-76.0613,168.511,1269.31,-80.0984,158.377,1265.91,-78.0052,152.635,1254,-74.1425,161.03,0,0,0
001051:1196.15,-49.3139,170.244,1202.67,-52.0146,170.872,1193.37,-48.0375,171.675,1204.62,-55.0133,167.242,1192.25,-42.1561,166.317,1196.61,-68.2875,156.888,1181.68,-44.0471,148.159,1196.54,-88.6649,171.342,1166.85,-32.4179,126.938,1217.31,-83.7016,189.461,1166.11,-30.2062,152.032,1187.12,-75.4436,103.552,1175.54,-55.2287,98.1675,1192.49,-78.1292,51.2764,1182.18,-49.4665,51.1698,1205.45,-73.3747,13.1946,1191.64,-41.7031,13.4721,1245.98,-77.9068,170.205,1272.22,-81.2803,159.793,1269.71,-78.1918,152.498,1255.02,-74.6313,161.99,0,0,0
001052:1196.15,-49.3139,170.244,1201.3,-51.763,170.888,1193.37,-48.0375,171.675,1205.41,-54.4894,166.846,1195.47,-42.294,165.084,1196.63,-68.2873,156.969,1181.55,-43.5106,148.184,1196.54,-88.6649,171.342,1169.81,-31.9785,125.735,1215.08,-84.0827,190.132,1164.48,-29.5962,151.803,1186.45,-75.505,103.175,1176.07,-55.162,98.0502,1191.94,-78.1895,51.412,1184.28,-49.1891,50.4683,1205.45,-73.3747,13.1946,1191.64,-41.7031,13.4721,1248.32,-79.3851,170.915,1260.22,-81.3752,161.7,1263.29,-78.7186,153.355,1249.98,-76.2084,164.213,0,0,0
001053:1196.69,-49.2453,170.15,1201.8,-51.6953,170.63,1195.45,-47.7622,171.139,1206.18,-53.9651,166.368,1194.1,-41.9169,164.517,1191.44,-68.761,158.182,1181.6,-43.2089,147.611,1197.54,-88.5537,170.825,1170.84,-31.8316,125.521,1208.38,-85.3695,192.336,1161.94,-29.6637,151.649,1186.45,-75.505,103.175,1176.07,-55.162,98.0502,1191.94,-78.1895,51.412,1186.41,-48.9109,49.848,1205.45,-73.3747,13.1946,1191.64,-41.7031,13.4721,1248.62,-80.4954,171.197,1255.49,-83.0783,165.493,1264.83,-79.9202,156.139,1248.98,-75.9228,165.698,0,0,0
001054:1196.74,-49.0945,170,1205.61,-51.2181,170.133,1196.47,-47.6244,170.789,1205.85,-53.7276,166.427,1193.21,-41.6788,165.738,1189.86,-68.9477,158.558,1177.75,-42.4771,148.281,1197.54,-88.5537,170.825,1171.3,-31.7588,125.187,1208.4,-85.3692,192.418,1162.01,-29.5136,151.566,1184.33,-75.0524,103.708,1176.58,-55.0952,97.8511,1191.99,-78.1894,51.5791,1186.95,-48.8413,49.7134,1206.57,-73.6627,12.0834,1190.66,-41.8483,14.1853,1241.87,-81.0098,175.776,1265.56,-85.529,166.237,1266.11,-82.1515,158.85,1237.78,-75.5896,167.929,0,0,0
001055:1196.74,-49.0945,170,1204.38,-50.6636,169.931,1195.4,-47.0712,171.047,1201.06,-54.3332,167.532,1199.88,-40.5596,164.027,1188.96,-68.9214,158.979,1177.75,-42.4771,148.281,1198.15,-88.3491,170.563,1170.71,-31.6812,124.645,1207.99,-85.2765,192.569,1164.01,-29.2191,151.015,1182.24,-74.6004,104.306,1177.1,-55.0285,97.7335,1191.55,-78.0971,51.6874,1186.95,-48.8413,49.7134,1205.45,-73.3747,13.1946,1190.66,-41.8483,14.1853,1239.48,-82.2606,176.683,1267.25,-86.4233,168.695,1264.16,-80.7998,160.12,1243.51,-76.9961,168.941,0,0,0
001056:1196.74,-49.0945,170,1204.94,-50.595,169.918,1195.5,-46.9192,171.03,1200.63,-54.2483,167.609,1220.04,-43.9203,161.472,1188.64,-68.6831,159.038,1177.3,-42.3966,148.297,1198.15,-88.3491,170.563,1169.8,-31.5248,124.595,1207.09,-85.3873,193.383,1164.48,-29.146,150.772,1182.45,-74.2988,104.259,1179.73,-54.694,97.0628,1191.57,-78.097,51.771,1186.51,-48.7567,49.8228,1205.45,-73.3747,13.1946,1190.66,-41.8483,14.1853,1241.91,-83.0774,179.798,1262.42,-86.9919,173.037,1265.64,-82.7674,164.741,1239.3,-78.3853,173.148,0,0,0
001057:1196.74,-49.0945,170,1205.5,-50.5264,169.905,1195.5,-46.9192,171.03,1202.88,-53.8271,167.209,1195.42,-39.4658,163.535,1188.96,-68.2323,158.979,1178.34,-42.256,148.096,1195.58,-87.7915,171.015,1169.42,-31.4469,124.859,1202.71,-85.8442,193.919,1163.02,-28.9197,150.351,1182.02,-74.2089,104.353,1179.3,-54.6089,97.1581,1191.13,-78.0048,51.8793,1185.74,-48.5832,50.3763,1205.41,-73.3749,13.0249,1190.7,-41.8485,14.3527,1231,-83.5944,184.812,1260.55,-87.1133,176.562,1265.38,-83.2832,167.364,1235.92,-78.2473,176.239,0,0,0
001058:1199.35,-48.7516,169.301,1207.12,-50.3207,169.621,1194.21,-46.6712,171.257,1206.14,-53.422,166.717,1202.93,-40.8788,162.084,1188.96,-68.2323,158.979,1178.3,-42.2572,147.966,1193.73,-87.8655,172.108,1169.5,-31.1454,124.478,1199.27,-86.4826,194.56,1163,-28.9202,150.286,1180.34,-73.8489,104.79,1180.36,-54.4748,96.9222,1191.2,-78.0045,52.1296,1185.3,-48.4987,50.4854,1205.41,-73.3749,13.0249,1190.7,-41.8485,14.3527,1232.39,-83.9216,186.694,1257.83,-88.1645,179.976,1267.02,-83.3614,171.513,1230.61,-78.7464,179.817,0,0,0
001059:1199.89,-48.6828,169.206,1207.64,-50.2522,169.445,1192.49,-46.3409,171.561,1206.83,-53.2013,166.766,1196.08,-39.5659,163.769,1188.81,-67.6935,158.821,1176.92,-42.0168,147.884,1194.56,-87.5105,172.203,1174.73,-30.2539,123.14,1199.42,-86.4812,195.147,1162.26,-28.4649,150.108,1185.69,-73.0878,103.192,1180.04,-54.2376,96.9952,1194.5,-77.4889,50.955,1181.37,-47.7404,51.3985,1205.41,-73.3749,13.0249,1190.7,-41.8485,14.3527,1236.35,-83.8601,188.995,1271.38,-86.3515,182.843,1268.86,-82.5598,175.505,1229.84,-78.7596,182.667,0,0,0
001060:1201.92,-48.4077,168.42,1206.76,-50.0839,169.598,1189.92,-45.8469,172.014,1206.5,-52.9638,166.826,1197.89,-39.9697,162.466,1188.17,-67.2174,158.939,1176.92,-42.0168,147.884,1190.05,-87.962,172.141,1173.05,-29.7895,123.262,1202.33,-87.1305,194.437,1166.83,-27.7982,149.061,1188.93,-72.7192,102.572,1184.53,-53.2412,95.7347,1189.87,-77.7289,52.387,1180.92,-47.6571,51.4403,1208.73,-72.9977,12.0381,1190.7,-41.8485,14.3527,1239.2,-84.3668,192.705,1265.16,-86.2259,188.239,1267.32,-81.8618,181.687,1228.3,-79.4863,188.452,0,0,0
001061:1202.95,-48.2697,168.067,1206.76,-50.0839,169.598,1190.02,-45.6953,171.996,1206.5,-52.9638,166.826,1193.87,-39.1526,164.16,1189.77,-66.8795,158.219,1176.92,-42.0168,147.884,1188.99,-88.074,172.329,1172.12,-29.6345,123.147,1199.86,-88.195,194.171,1165.32,-27.3392,149.702,1188.95,-72.719,102.654,1181.6,-52.4949,96.302,1189.87,-77.7289,52.387,1179.99,-47.4905,51.4413,1208.73,-72.9977,12.0381,1190.7,-41.8485,14.3527,1230.94,-85.1846,198.073,1262.6,-86.7165,192.54,1271.93,-81.2232,186.047,1228.02,-79.0399,191.677,0,0,0
001062:1202.95,-48.2697,168.067,1206.28,-50.0009,169.543,1196.32,-44.8596,170.633,1206.16,-52.7264,166.885,1195.69,-39.5452,163.056,1189.7,-66.88,157.975,1176.92,-42.0168,147.884,1187.99,-88.0379,172.335,1172.08,-29.6345,122.985,1193.57,-89.2538,194.969,1164.48,-27.1871,149.908,1189.36,-72.8102,102.51,1178.15,-51.8191,96.9856,1189.87,-77.7289,52.387,1178.67,-47.2395,51.6999,1208.73,-72.9977,12.0381,1190.7,-41.8485,14.3527,1229.59,-85.255,201.2,1267.21,-87.6684,197.564,1254.34,-79.3833,195.467,1235.5,-77.5041,194.859,0,0,0
001063:1202.95,-48.2697,168.067,1206.28,-50.0009,169.543,1196.3,-44.8598,170.552,1204.85,-52.4722,167.117,1193.4,-39.0286,164.804,1189.66,-66.8803,157.812,1176.92,-42.0168,147.884,1187.99,-88.0379,172.335,1169.89,-29.2463,123.231,1195.24,-89.624,194.547,1162.35,-26.8047,150.182,1189.32,-72.8116,102.378,1178.66,-51.7512,96.7859,1189.87,-77.7289,52.387,1177.56,-47.3791,51.8014,1208.73,-72.9977,12.0381,1190.7,-41.8475,14.3368,1229.46,-85.7999,205.769,1259.94,-87.3985,204.422,1257.86,-79.1697,201.128,1247.88,-77.4252,197.933,0,0,0
001064:1193.41,-46.4437,169.688,1206.28,-50.0009,169.543,1194.72,-44.077,170.298,1203.11,-52.134,167.426,1193.76,-39.0895,164.848,1189.62,-66.8806,157.649,1176.92,-42.0168,147.884,1187.43,-88.094,172.348,1169.89,-29.2463,123.231,1192.62,-90.0458,195.566,1160.57,-26.5014,150.18,1189.34,-72.8115,102.461,1180.24,-51.5474,96.432,1190.42,-77.6685,52.252,1177.17,-47.2935,52.043,1208.73,-72.9977,12.0381,1190.7,-41.8475,14.3368,1224.72,-84.7213,210.31,1244.01,-89.0015,212.666,1256.34,-80.2111,208.223,1238.44,-76.2,204.888,1181.55,-84.4996,268.019
001065:1193.41,-46.4437,169.688,1206.28,-50.0009,169.543,1194.72,-44.077,170.298,1205.04,-51.4723,167.085,1192.03,-38.7937,164.727,1192.2,-66.5663,156.83,1184.81,-40.9568,146.454,1186.12,-87.8182,172.441,1169.88,-29.0967,122.869,1191.31,-90.306,195.303,1162.17,-25.827,149.08,1189.4,-72.8111,102.708,1181.85,-51.1907,95.7273,1190.42,-77.6685,52.252,1177.17,-47.2935,52.043,1208.73,-72.9977,12.0381,1190.7,-41.8475,14.3368,1223.92,-85.1775,214.225,1244.72,-88.6355,217.683,1259.27,-79.6563,214.726,1244.46,-75.2848,210.099,1177.08,-83.6542,266.614
001066:1193.41,-46.4437,169.688,1205.82,-49.9175,169.554,1192.57,-43.6674,170.678,1204.27,-51.151,167.221,1192.66,-38.9202,164.465,1196.61,-65.2179,156.15,1185.33,-40.7351,145.96,1187.06,-87.17,172.14,1169.88,-29.0967,122.869,1187.25,-91.5236,195.232,1164.66,-25.453,148.348,1188.86,-72.8726,102.825,1182.87,-51.0543,95.3263,1191.5,-77.5475,51.9817,1178.79,-47.0825,51.6944,1208.73,-72.9977,12.0381,1190.7,-41.8475,14.3368,1218.19,-85.7525,219.634,1238.63,-88.4045,223.891,1253.2,-78.3527,222.132,1239.12,-74.295,215.04,1176.5,-83.6625,264.774
001067:1193.41,-46.4437,169.688,1204.49,-49.6661,169.718,1191.28,-43.4221,170.906,1205.91,-50.9459,167.016,1191.13,-38.6577,164.396,1197.34,-64.8522,155.946,1185.84,-40.6641,145.778,1185.92,-86.0599,172.324,1171.89,-28.799,122.195,1187.67,-91.6166,195.164,1165.11,-25.3793,148.039,1188.82,-72.8741,102.693,1182.34,-51.1226,95.4449,1191.46,-77.5477,51.8146,1181.97,-46.6622,50.8106,1208.73,-72.9977,12.0381,1190.7,-41.8475,14.3368,1215.55,-84.998,222.715,1230.51,-89.0959,230.896,1244.77,-78.8607,229.778,1228.46,-73.9777,223.235,1175.96,-83.6697,262.904
001068:1193.41,-46.4437,169.688,1203.23,-49.2633,169.717,1191.28,-43.4221,170.906,1205.91,-50.9459,167.016,1190.2,-38.4977,164.337,1197.34,-64.8522,155.946,1193.27,-39.512,144.022,1187.66,-86.2804,171.795,1171.96,-28.6472,122.111,1190.57,-91.4377,193.9,1166.09,-25.2299,147.696,1188.35,-72.7856,102.655,1180.3,-51.395,96.2459,1191.01,-77.4564,51.856,1181.53,-46.5784,50.9194,1208.73,-72.9977,12.0381,1191.14,-41.9312,14.2167,1220.02,-85.722,225.574,1229.13,-89.0597,235.154,1240.01,-78.5524,236.496,1227.77,-73.8987,227.708,1179.29,-84.531,260.58
001069:1193.84,-46.5263,169.612,1202.5,-48.7914,169.589,1190.83,-43.3409,170.917,1205.47,-50.8616,167.093,1192.21,-38.8955,163.636,1197.34,-64.8522,155.946,1192.97,-39.1251,143.824,1188.04,-86.3728,171.558,1173.45,-27.7356,121.731,1188.83,-92.287,193.809,1169.69,-24.7032,147,1186.59,-72.4276,102.898,1180.3,-51.395,96.2459,1191.01,-77.4564,51.856,1181.53,-46.5784,50.9194,1204.36,-73.5001,13.5791,1191.14,-41.9312,14.2167,1214.82,-86.0902,230.3,1223.09,-90.3143,239.575,1227.3,-78.1447,244.141,1216.79,-73.594,233.882,1182.7,-84.0935,257.582
001070:1193.84,-46.5263,169.612,1199.23,-48.5125,170.095,1190.83,-43.3409,170.917,1197.78,-50.5836,168.372,1186.96,-37.9923,163.369,1190.91,-65.615,157.134,1193.48,-39.0532,143.64,1188.04,-86.3728,171.558,1174.75,-27.128,121.39,1185.38,-93.2986,193.508,1169.67,-24.7038,146.935,1186.03,-72.4893,102.933,1177.28,-50.1132,96.9219,1191.12,-77.3037,51.829,1182.07,-46.5082,50.7856,1199.74,-72.5858,14.2355,1192.08,-41.7858,13.3357,1203.08,-87.378,234.372,1206.14,-91.0419,245.712,1218.05,-79.011,250.394,1207.53,-73.5045,238.927,1182.33,-84.0988,256.339
001071:1193.84,-46.5263,169.612,1198.7,-48.5815,170.189,1190.39,-43.1098,170.633,1197.74,-50.5838,168.209,1189.21,-38.3489,163.966,1188.77,-65.1792,157.545,1198.63,-38.3323,141.876,1188.42,-86.4658,171.353,1175.27,-27.0527,121.282,1184.7,-93.3546,193.062,1169.67,-24.7038,146.935,1185.87,-72.4938,102.373,1179.92,-49.7707,96.3324,1191.66,-77.2431,51.6937,1185.82,-46.018,49.8946,1199.3,-72.494,14.3551,1192.08,-41.7858,13.3357,1196.59,-86.9786,235.649,1204.79,-92.4224,246.741,1208.84,-80.5015,254.515,1200.91,-75.0214,243.127,1181.57,-84.1096,253.853
001072:1193.84,-46.5263,169.612,1192.95,-47.8035,171.409,1190.39,-43.1098,170.633,1197.7,-50.5841,168.046,1186.48,-37.8787,163.812,1188.75,-65.1798,157.48,1199.12,-38.2601,141.61,1185.34,-85.8256,171.487,1173.34,-26.2094,121.406,1179.2,-93.7508,192.782,1170.29,-24.3269,146.539,1185.87,-72.4938,102.373,1183.1,-49.3584,95.6226,1193.28,-77.061,51.2036,1186.35,-45.9474,49.7603,1199.77,-72.5858,14.3201,1187.25,-42.4369,14.8266,1194.46,-88.7088,236.608,1185.7,-93.2967,249.981,1197.88,-81.7139,256.992,1192.9,-76.2078,244.722,1185.15,-84.973,252.105
001073:1191.21,-46.8722,170.162,1189.78,-48.2159,171.968,1192.06,-42.747,170.254,1197.78,-50.4322,167.947,1187.68,-38.0483,164.435,1188.82,-65.178,157.676,1199.17,-37.7126,142.232,1188.51,-85.4857,170.84,1173.47,-25.7549,120.874,1178.6,-93.6612,192.206,1170.8,-24.2514,146.439,1189.41,-71.6693,101.599,1184.17,-49.2206,95.3854,1194.37,-76.9394,50.9321,1183.16,-46.3708,50.664,1199.79,-72.5857,14.4046,1186.69,-42.3585,14.5405,1176.12,-89.1247,238.369,1182.42,-95.0813,249.468,1189.08,-82.4329,259.306,1181.78,-76.3844,246.552,1184.6,-84.9805,250.221
001074:1187.85,-45.8053,170.318,1188.47,-47.1294,172.875,1188.6,-41.7886,171.522,1195.91,-48.7224,168.887,1187.4,-33.7904,165.069,1190.13,-62.2033,154.498,1185.18,-31.9741,142.043,1178.88,-87.4974,174.54,1172.57,-25.2073,127.1,1171.86,-92.6414,198.112,1168.4,-25.0144,142.661,1181.66,-70.9013,98.0719,1178.59,-48.568,93.3177,1191.08,-75.4638,53.1528,1176.29,-44.9809,52.0102,1199.63,-72.3469,15.1344,1192.63,-40.3904,10.6911,1174.6,-88.1134,232.754,1180.55,-95.457,242.899,1176.44,-84.5684,250.545,1170.21,-77.263,239.811,1168.79,-85.4522,254.197
001075:1187.85,-45.8053,170.318,1188.47,-47.1294,172.875,1188.72,-40.4511,171.502,1191.6,-47.9353,168.992,1191.6,-33.2058,164.311,1189.93,-62.2087,153.874,1181.25,-31.2218,143.484,1178.51,-87.504,173.279,1176.88,-24.6023,126.893,1171.46,-93.9518,197.51,1172.89,-24.406,143.116,1185.93,-70.4059,97.1255,1178.76,-48.5676,93.9698,1191.26,-74.1019,53.1077,1176.29,-44.9809,52.0102,1199.63,-72.3469,15.1344,1192.79,-40.3909,11.3601,1174.1,-90.7217,232.848,1176,-98.476,244.191,1171.98,-87.6096,251.799,1170.13,-79.8613,241.13,1164.47,-87.1854,254.749
001076:1187.85,-45.8053,170.318,1188.67,-47.1243,173.497,1188.72,-40.4511,171.502,1191.81,-47.9302,169.616,1191.6,-33.2058,164.311,1190.3,-62.2021,155.147,1181.08,-31.2223,142.84,1182.9,-87.0558,173.182,1172.04,-25.2137,125.19,1171.09,-93.9582,196.261,1176.32,-23.8079,139.757,1185.93,-70.4059,97.1255,1187.24,-47.4619,92.0649,1195.43,-74.9742,52.075,1180.7,-44.4173,51.6058,1204.22,-71.8437,14.6205,1188.3,-40.9717,11.8725,1165.1,-91.593,231.536,1171.1,-98.8984,242.269,1167.12,-88.0571,249.863,1161.15,-82.0751,240.437,1149.61,-87.623,260.446
001077:1187.85,-45.8053,170.318,1188.84,-47.1232,174.142,1188.72,-40.4511,171.502,1191.81,-47.9302,169.616,1191.77,-33.2051,164.956,1190.3,-62.2021,155.147,1185.44,-30.6307,142.671,1182.73,-87.0575,172.535,1172.04,-25.2137,125.19,1166.77,-94.3848,196.3,1168.31,-23.684,142.008,1185.93,-70.4059,97.1255,1187.24,-47.4619,92.0649,1191.08,-75.4638,53.1528,1180.7,-44.4173,51.6058,1204.22,-71.8437,14.6205,1188.3,-40.9717,11.8725,1156.34,-93.738,231.47,1158.23,-100.128,242.073,1153.92,-90.6505,249.04,1148.49,-83.4227,240.25,1134.78,-89.3209,266.09
001078:1187.85,-45.8053,170.318,1188.84,-47.1232,174.142,1188.72,-40.4511,171.502,1191.81,-47.9302,169.616,1191.77,-33.2051,164.956,1186.03,-61.3842,155.283,1185.44,-30.6307,142.671,1182.53,-87.0627,171.918,1172.11,-23.8762,125.176,1166.4,-94.3911,195.054,1168.11,-23.6897,141.386,1181.84,-69.5563,98.033,1187.24,-47.4619,92.0649,1186.74,-74.6006,53.5437,1180.7,-44.4173,51.6058,1204.19,-71.8522,14.6473,1188.3,-40.9717,11.8725,1147.48,-94.5881,230.211,1148.92,-102.227,240.173,1144.87,-92.7887,247.729,1147.28,-86.002,237.894,1123.87,-89.3178,269.259
001497:55.5045,-103.035,-1.17837
