013577:1236.98,-228.754,142.89,1230.33,-230.979,146.62,1239.82,-229.33,145.321,1216.08,-235.347,145.395,1240.29,-235.349,141.974,1212.79,-237.462,132.954,1234.22,-221.321,123.745,1187.51,-236.703,126.489,1258.34,-222.617,106.936,1199.65,-230.328,143.621,1269.87,-214.152,127.124,1227.64,-235.949,81.5725,1221.25,-220.06,82.4344,1197.37,-204.297,49.2391,1216.5,-224.437,37.2401,1197.35,-205.557,11.5891,1225.69,-251.077,8.74531,1235.39,-224.586,160.146,1233.07,-234.202,167.231,1233.05,-233.574,181.138,1248.84,-226.003,172.962,0,0,0
013578:1238.21,-229.803,141.311,1234.8,-232.133,144.864,1241.05,-230.527,143.86,1217.42,-234.305,144.922,1238,-235.376,141.886,1214.64,-238.002,132.878,1236.04,-221.856,123.382,1187.51,-236.703,126.489,1260.22,-223.162,106.547,1199.12,-232.006,143.142,1269.87,-214.152,127.124,1231.44,-237.044,81.3081,1221.25,-220.06,82.4344,1197.37,-204.297,49.2391,1216.5,-224.437,37.2401,1197.35,-205.557,11.5891,1225.69,-251.077,8.74531,1235.39,-224.586,160.146,1223.48,-234.32,168.901,1236.43,-234.101,179.116,1243.13,-226.099,174.515,0,0,0
013579:1261.87,-237.536,134.211,1252.99,-238.64,138.526,1262.15,-237.284,137.523,1225.26,-238.169,140.989,1245.33,-235.928,138.888,1214.64,-238.002,132.878,1232.16,-221.933,124.155,1183.83,-236.744,127.24,1260.22,-223.162,106.547,1196.74,-233.706,143.021,1252.08,-211.7,129.097,1229.43,-237.067,81.4611,1227.03,-219.938,81.1302,1193.57,-204.416,49.8878,1216.5,-224.437,37.2401,1206.15,-210.473,10.1028,1225.69,-251.077,8.74531,1235.39,-224.586,160.146,1230.99,-235.911,168.452,1241.49,-236.303,177.391,1242.99,-226.104,173.952,0,0,0
013580:1248.81,-233.475,138.27,1238.12,-234.042,143.056,1250.27,-233.466,141.323,1213.91,-234.202,144.931,1250.53,-236.383,139.202,1214.64,-238.002,132.878,1230.23,-221.971,124.54,1181.99,-236.765,127.613,1260.39,-223.155,107.109,1200.19,-234.773,142.355,1247.93,-212.384,129.611,1207.99,-237.301,85.0977,1228.97,-219.897,80.6937,1192.92,-207.28,49.4594,1220.13,-225.521,36.3208,1204.25,-210.525,10.6181,1219.93,-251.084,10.9052,1237.33,-224.55,159.801,1231.52,-235.896,170.082,1235.47,-236.934,178.106,1242.99,-226.104,173.952,0,0,0
013581:1232.75,-229.82,142.851,1227.34,-231.927,146.327,1235.77,-229.813,145.474,1217.35,-236.175,144.414,1243.52,-233.294,141.324,1214.64,-238.002,132.878,1236.28,-223.554,125.383,1179.89,-237.889,128.041,1258.69,-222.603,108.057,1198.33,-234.796,142.714,1246.03,-212.434,130.282,1211.8,-237.26,84.2374,1227.23,-219.358,81.3823,1192.92,-207.28,49.4594,1221.95,-226.064,35.8597,1196.59,-211.307,12.695,1217.98,-251.088,11.4294,1250.13,-227.748,157.229,1241.13,-237.479,169.574,1233.54,-236.954,178.43,1248.39,-227.719,172.744,0,0,0
013582:1234.46,-229.594,142.557,1230.42,-231.826,145.841,1234.11,-229.393,145.695,1219.59,-236.452,144.004,1225.85,-231.88,144.157,1214.64,-238.002,132.878,1236.28,-223.554,125.383,1181.59,-238.422,127.696,1264.51,-224.234,107.456,1201.66,-236.423,142.072,1247.79,-212.965,129.646,1215.63,-237.22,83.3733,1230.96,-220.425,80.8374,1192.85,-207.282,49.1789,1223.14,-228.932,34.9566,1198.45,-211.827,12.4893,1220.07,-251.079,11.4832,1250.2,-227.746,157.513,1244.57,-239.145,168.682,1237.16,-238.603,178.396,1253.97,-229.34,172.087,0,0,0
013583:1240.08,-231.601,139.853,1239.47,-233.48,142.542,1241.24,-232.393,142.315,1227.27,-235.595,140.768,1228.95,-237.297,141.141,1216.41,-238.545,132.531,1234.34,-223.59,125.768,1181.59,-238.422,127.696,1262.81,-224.26,109.006,1194.21,-236.507,143.507,1253.44,-214.555,128.841,1215.63,-237.22,83.3733,1230.96,-220.425,80.8374,1189,-207.395,49.5469,1221.33,-228.958,36.0221,1203.9,-213.403,11.311,1222.03,-251.075,10.9586,1250.01,-228.89,157.843,1236.41,-240.349,169.798,1231.5,-238.654,179.924,1253.98,-229.908,172.676,0,0,0
013584:1217.97,-224.703,146.706,1219.7,-228.009,148.803,1216.71,-224.831,149.777,1220.19,-235.7,143.158,1196.25,-229.667,148.714,1216.54,-238.541,133.092,1228.61,-223.697,127.199,1181.27,-238.98,126.887,1258.95,-224.328,110.4,1194.21,-236.507,143.507,1261.17,-216.686,128.226,1213.98,-237.231,84.9378,1232.82,-221.534,81.014,1189,-207.395,49.5469,1221.33,-228.958,36.0221,1200.01,-214.076,12.3649,1205.46,-243.687,18.8863,1242.15,-230.144,160.121,1236.25,-240.914,169.831,1231.5,-238.654,179.924,1254.05,-229.906,172.96,0,0,0
013585:1235.79,-229.664,140.795,1236.43,-231.451,143.783,1237.89,-231.482,143.174,1222.57,-233.819,142.406,1211.62,-239.221,144.1,1225.52,-241.273,131.62,1228.61,-223.697,127.199,1173.9,-239.053,128.104,1259.09,-224.324,110.975,1192.29,-236.53,143.587,1261.17,-216.686,128.226,1208.33,-237.29,86.5079,1227,-221.651,82.323,1192.42,-208.997,48.6921,1221.33,-228.958,36.0221,1197.97,-215.272,13.2157,1228,-251.061,9.66763,1242.15,-230.144,160.121,1237.96,-241.466,169.248,1227.66,-238.691,180.565,1251.81,-229.944,172.158,0,0,0
013586:1227.08,-228.373,142.205,1248.69,-236.404,143.402,1224.61,-228.601,145.229,1222.93,-235.104,142.587,1201.79,-232.957,146.247,1221.67,-241.304,132.373,1228.61,-223.697,127.199,1168.41,-239.107,128.932,1259.33,-224.894,112.43,1190.24,-237.106,143.693,1275.07,-220.451,127.925,1216.15,-239.448,87.3958,1227,-221.651,82.323,1192.11,-210.707,48.7678,1223.27,-228.928,35.5306,1190.45,-215.456,15.2495,1224.06,-251.069,10.7223,1240.2,-230.173,160.466,1237.82,-242.031,169.273,1227.66,-238.691,180.565,1236.44,-228.479,174.188,0,0,0
013587:1224.7,-229.771,145.435,1244.45,-237.021,143.878,1230.15,-232.101,144.099,1241.27,-236.598,141.53,1205.34,-234.916,147.547,1217.91,-241.332,133.405,1228.61,-223.697,127.199,1164.61,-239.149,128.85,1259.33,-224.894,112.43,1182.55,-237.197,143.738,1275.07,-220.451,127.925,1217.93,-239.999,86.9964,1230.65,-222.726,81.5029,1192.11,-210.707,48.7678,1223.27,-228.928,35.5306,1192.22,-215.983,14.7706,1201.22,-244.814,19.9573,1245.74,-231.797,159.773,1234.01,-242.058,170.223,1216.38,-238.796,183.027,1239.96,-232.375,175.613,0,0,0
013588:1223.51,-229.196,145.527,1247.82,-238.123,144.002,1236.03,-233.716,144.339,1233.14,-235.663,142.561,1208.67,-237.721,146.822,1217.91,-241.332,133.405,1222.99,-223.802,128.902,1169.61,-240.74,127.823,1259.58,-224.885,113.277,1178.83,-237.239,144.172,1271.25,-220.527,129.567,1216.08,-240.013,87.7085,1224.79,-223.411,83.1193,1192.11,-210.707,48.7678,1223.27,-228.928,35.5306,1184.68,-216.165,16.5095,1220.13,-251.077,11.7723,1241.86,-232.415,161.045,1240.7,-244.839,167.915,1212.26,-240.497,183.993,1237.86,-234.654,177.419,0,0,0
013589:1227.63,-229.507,144.897,1247.67,-238.129,143.095,1243.03,-234.769,142.685,1226.34,-238.422,143.609,1225.1,-236.049,144.906,1208.54,-241.404,135.824,1224.96,-224.329,129.094,1173.12,-241.8,127.666,1259.75,-224.878,113.837,1182.29,-238.298,143.781,1273.67,-220.472,130.6,1216.15,-240.011,87.9918,1226.75,-225.649,84.4516,1188.39,-210.809,49.6973,1229.26,-228.832,34.6253,1191.73,-218.275,14.6009,1220.13,-251.077,11.7723,1239.92,-232.441,161.39,1236.88,-244.859,168.871,1222.62,-243.203,181.114,1237.93,-234.652,177.7,0,0,0
013590:1242.58,-234.756,145.926,1245.28,-238.138,146.341,1239.88,-234.793,145.931,1223.2,-237.692,146.519,1212.43,-235.951,148.652,1213.89,-243.039,135.065,1223.25,-224.358,130.316,1169.44,-242.373,128.701,1256.09,-223.785,114.875,1182.19,-239.393,144.364,1277.81,-221.552,131.006,1216.15,-240.011,87.9918,1236.81,-229.68,77.9568,1198.76,-215.078,47.104,1229.87,-228.813,37.2163,1191.33,-219.993,14.4044,1220.13,-251.077,11.7723,1234.1,-232.519,162.419,1233.07,-244.88,169.822,1221.19,-243.2,183.383,1230.63,-233.614,179.506,0,0,0
013591:1241.04,-235.914,145.595,1239.76,-238.197,146.487,1241.25,-236.482,145.6,1224.02,-239.161,145.041,1204.82,-230.723,150.571,1222.66,-245.793,133.063,1226.83,-225.426,129.608,1172.78,-243.442,128.015,1252.59,-222.691,116.48,1182.05,-239.943,144.391,1278.13,-221.542,132.148,1216.15,-240.011,87.9918,1224.95,-225.679,85.4519,1193.14,-215.216,48.5094,1229.87,-228.813,37.2163,1191.33,-219.993,14.4044,1218.18,-251.081,12.2955,1233.97,-233.085,162.442,1234.95,-245.429,169.785,1230.12,-245.935,182.188,1230.63,-233.614,179.506,0,0,0
013592:1235.64,-235.976,146.57,1228.66,-238.301,149.475,1244.54,-238.145,146.732,1199.8,-237.11,149.517,1232.52,-234.821,145.874,1222.66,-245.793,133.063,1225.02,-226.586,131.433,1172.78,-243.442,128.015,1250.7,-222.726,117.158,1192.51,-243.154,143.214,1274.31,-221.614,133.774,1221.76,-241.656,87.6189,1221.59,-224.025,86.8003,1189.41,-215.308,49.4412,1231.76,-228.784,36.4358,1191.22,-220.564,14.4335,1222.04,-250.501,10.334,1228.22,-233.72,164.04,1244.24,-248.759,169.622,1233.83,-246.477,181.573,1236.04,-235.795,179.175,0,0,0
013593:1238.8,-237.079,145.518,1228.41,-238.305,149.282,1216.03,-229.464,152.295,1198.09,-236.345,150.944,1243.6,-239.32,144.383,1222.66,-245.793,133.063,1226.9,-227.118,131.355,1170.97,-243.454,128.387,1250.34,-224.462,117.229,1192.51,-243.154,143.214,1272.59,-222.805,136.196,1221.76,-241.656,87.6189,1221.59,-224.025,86.8003,1185.7,-215.399,50.3691,1233.53,-229.337,35.6835,1196.46,-222.17,12.7147,1225.91,-250.494,8.98966,1228.39,-233.715,164.583,1240.32,-248.773,170.294,1243.06,-249.244,180.904,1234.11,-235.817,179.497,0,0,0
013594:1251.84,-240.375,142.604,1231.21,-238.846,148.039,1246.09,-238.135,145.471,1186.43,-232.912,151.229,1248.85,-239.279,141.295,1218.82,-245.814,133.813,1226.9,-227.118,131.355,1177.69,-245.603,127.011,1255.92,-226.095,116.103,1192.51,-243.154,143.214,1272.59,-222.805,136.196,1216.27,-241.69,90.028,1221.66,-224.023,87.0836,1182,-215.49,51.2931,1231.57,-229.367,36.1776,1196.48,-222.739,13.3127,1220.02,-250.508,10.5703,1232.13,-235.914,165.361,1234.41,-249.352,171.602,1227.35,-249.299,182.624,1230.53,-234.735,180.094,0,0,0
013595:1254.02,-240.928,142.363,1233.19,-238.826,147.786,1249.92,-239.239,144.807,1195.25,-234.649,150.915,1251.33,-240.484,142.075,1218.82,-245.814,133.813,1226.9,-227.118,131.355,1181.07,-246.684,126.319,1252.33,-225.574,117.714,1192.23,-244.26,143.268,1280.35,-224.993,135.342,1216.27,-242.252,90.6242,1221.8,-224.019,87.6504,1182,-215.49,51.2931,1227.72,-229.425,37.4501,1192.41,-223.962,14.1164,1216.11,-250.518,11.6182,1232.08,-236.476,165.657,1230.41,-250.48,172.859,1229.21,-249.85,182.601,1254.11,-241.847,176.446,0,0,0
013596:1255.71,-240.919,141.215,1247.39,-239.832,145,1251.48,-240.943,143.7,1222.05,-236.729,146.375,1204.43,-239.207,148.55,1216.91,-245.824,134.187,1228.87,-227.649,131.55,1184.46,-247.769,125.624,1250.7,-225.023,118.938,1190.15,-245.373,143.956,1282.53,-225.535,135.828,1216.27,-242.252,90.6242,1227.39,-225.626,86.9954,1188.81,-217.588,49.0012,1236.69,-232.2,34.2885,1188.36,-225.175,14.9109,1212.66,-249.938,13.7584,1228.13,-237.64,166.922,1235.78,-252.152,171.932,1230.68,-251.522,182.357,1240.32,-241.953,178.452,0,0,0
013597:1245.43,-241,143.569,1235.35,-240.5,147.827,1252.98,-243.783,144.195,1206.7,-237.529,147.115,1228.42,-244.557,142.985,1216.91,-245.824,134.187,1223.2,-227.741,132.95,1186.17,-248.313,125.276,1256.59,-226.647,118.95,1191.86,-245.914,143.627,1276.9,-225.624,138.68,1214.42,-242.264,91.3317,1221.86,-224.017,87.9337,1188.81,-217.588,49.0012,1236.69,-232.2,34.2885,1206.2,-230.579,10.3701,1216.61,-249.925,13.0061,1235.46,-239.817,166.215,1233.39,-253.281,171.753,1230.37,-252.64,182.408,1228.86,-242.036,180.947,0,0,0
013598:1222.75,-243.427,147.922,1215.05,-241.791,151.117,1225.51,-244.524,148.646,1214.75,-238.952,147.897,1209.32,-243.898,147.227,1216.91,-245.824,134.187,1223.2,-227.741,132.95,1187.87,-248.858,124.926,1262.43,-228.285,118.682,1195.06,-248.104,143.298,1274.95,-225.657,139.345,1206.99,-242.314,93.8645,1210.7,-220.836,88.9551,1192.48,-218.63,48.6713,1242.42,-233.86,33.4497,1204.29,-230.607,10.8881,1218.56,-249.92,12.4844,1236.89,-242.059,166.256,1233.15,-253.844,171.508,1226.31,-254.308,183.93,1228.8,-242.594,181.241,0,0,0
013599:1216.68,-234.109,148.995,1236.36,-241.621,147.907,1247.96,-244.384,145.228,1220.93,-240.053,147.373,1209.75,-241.794,148.372,1216.91,-245.824,134.187,1225.23,-228.269,133.427,1186.09,-248.862,125.582,1265.15,-228.23,121.156,1196.86,-248.647,143.234,1275.23,-225.648,140.499,1206.99,-242.314,93.8645,1221.86,-224.017,87.9337,1190.32,-219.809,48.9122,1248.44,-235.516,33.4565,1196.68,-230.72,12.9491,1219.1,-249.317,13.8482,1238.47,-243.738,166.274,1231.02,-254.404,171.887,1219.08,-254.293,186.854,1225.04,-242.619,182.158,0,0,0
013600:1250.98,-243.226,144.46,1237.16,-241.609,148.766,1254.95,-244.904,145.295,1225.9,-244.371,147.059,1210.88,-237.518,151.014,1216.82,-245.827,133.916,1230.79,-229.879,132.923,1185.94,-249.414,125.611,1263.27,-227.68,121.528,1191.35,-248.665,144.585,1273.35,-225.679,141.449,1206.99,-242.314,93.8645,1220.15,-224.047,89.2096,1188.33,-219.854,48.8172,1246.57,-234.955,33.9265,1189.13,-230.832,14.992,1219.1,-249.317,13.8482,1240.28,-244.291,165.96,1236.19,-256.094,170.425,1220.42,-256.508,186.924,1224.86,-242.624,181.618,0,0,0
013601:1254.89,-244.918,143.346,1239.59,-241.591,148.086,1250.86,-244.932,145.436,1241.1,-244.066,144.121,1185.2,-236.43,154.595,1220.36,-246.932,133.223,1223.37,-229.986,135.545,1185.5,-251.067,125.701,1263.27,-227.68,121.528,1193.06,-249.21,144.256,1267.45,-225.778,143.14,1183.94,-235.376,96.5394,1220.15,-224.047,89.2096,1188.33,-219.854,48.8172,1239.04,-233.303,36.1242,1205.33,-235.73,11.4992,1219.1,-249.317,13.8482,1232.58,-244.337,167.594,1237.33,-258.347,169.654,1214.28,-257.063,186.772,1242.72,-248.135,178.644,0,0,0
013602:1249.8,-244.943,144.907,1234.1,-241.631,149.645,1251.88,-245.489,146.243,1231.52,-241.062,147.007,1223.13,-244.912,147.853,1214.56,-246.96,134.065,1223.37,-229.986,135.545,1181.79,-251.619,127.038,1257.91,-226.028,123.476,1191.05,-250.312,145.212,1259.5,-226.488,145.201,1206.99,-242.314,93.8645,1209.46,-221.98,92.7662,1195.17,-222.54,46.8032,1239.11,-233.301,36.4137,1201.64,-235.77,13.1033,1219.1,-249.317,13.8482,1230.71,-244.346,168.212,1239.05,-259.472,169.645,1221.5,-259.285,186.44,1240.83,-248.14,179.251,0,0,0
013603:1249.02,-245.512,145.729,1231.96,-243.323,152.2,1220.79,-235.398,153.396,1212.92,-242.806,149.795,1259.11,-246.177,141.888,1214.56,-246.96,134.065,1223.44,-229.984,135.826,1180.02,-251.62,127.689,1256.11,-225.48,124.13,1190.9,-250.863,145.241,1259.5,-226.488,145.201,1206.99,-242.314,93.8645,1209.54,-221.976,93.0401,1198.52,-224.177,45.6632,1239.11,-233.301,36.4137,1201.64,-235.77,13.1033,1219.1,-249.317,13.8482,1228.49,-245.481,168.597,1236.86,-260.584,170.308,1227,-260.411,185.829,1233.2,-248.165,181.105,0,0,0
013604:1243.86,-245.539,146.812,1232.18,-243.319,152.502,1247.33,-246.08,147.535,1224.14,-243.439,146.992,1222.83,-246.773,146.258,1203.13,-247.015,136.012,1223.44,-229.984,135.826,1178.03,-252.171,128.093,1256.18,-225.478,124.417,1187.2,-250.871,145.951,1261.45,-227.03,145.136,1203.4,-241.778,94.9521,1204.08,-222.084,95.1316,1198.52,-224.177,45.6632,1237.34,-233.32,37.7764,1197.84,-235.815,14.1308,1219.1,-249.317,13.8482,1228.34,-246.598,169.21,1232.64,-261.686,171.033,1231.19,-265.993,185.431,1240.8,-250.934,181.855,0,0,0
013605:1239.17,-245.567,147.275,1230.1,-243.336,152.48,1247.77,-247.782,147.52,1241.7,-245.824,144.841,1233.54,-251.451,144.346,1203.13,-247.015,136.012,1223.61,-229.977,136.371,1175.97,-252.724,128.232,1246.76,-225.635,128.052,1187.2,-250.871,145.951,1265.55,-229.262,146.445,1203.4,-241.778,94.9521,1211.75,-224.18,95.4863,1198.52,-224.177,45.6632,1230.54,-231.071,41.5817,1188.39,-235.924,16.6798,1219.23,-249.312,14.4256,1233.77,-248.813,169.132,1228.83,-261.666,171.981,1225.2,-265.959,185.538,1236.82,-251.5,182.804,0,0,0
013606:1244.35,-249.125,145.869,1241.54,-249.243,148.704,1243.83,-247.793,148.961,1229.54,-245.315,147.626,1249.51,-252.903,142.856,1208.35,-248.663,134.987,1225.4,-230.516,136.025,1177.65,-253.27,127.889,1248.69,-226.174,127.969,1188.82,-251.964,145.929,1263.55,-229.293,146.811,1203.4,-241.778,94.9521,1211.75,-224.18,95.4863,1189.14,-224.354,48.0147,1220.05,-230.045,47.5759,1188.59,-235.918,17.5295,1219.23,-249.312,14.4256,1233.77,-248.813,169.132,1225.93,-265.543,173.038,1219.31,-265.923,185.924,1234.71,-252.064,183.159,0,0,0
013607:1209.22,-238.994,154.514,1220.77,-243.139,154.528,1212.89,-239.178,156.425,1249.63,-250.79,144.443,1211.28,-243.267,152.245,1208.69,-248.65,136.066,1225.4,-230.516,136.025,1181.02,-254.365,127.2,1254.45,-227.801,127.741,1190.52,-252.511,145.603,1261.56,-229.323,147.176,1203.4,-241.778,94.9521,1215.68,-225.234,96.0992,1190.45,-228.276,48.8762,1235.63,-235.049,40.6205,1188.59,-235.918,17.5295,1223.21,-249.298,13.6727,1237.01,-252.17,169.433,1233.26,-267.266,172.065,1213.03,-266.988,186.096,1227.66,-257.634,185.461,0,0,0
013608:1197.83,-242.392,155.154,1206.46,-244.426,155.851,1219.13,-247.898,152.594,1247.96,-248.581,144.759,1220.35,-249.712,148.276,1208.69,-248.65,136.066,1231.01,-232.13,135.821,1184.1,-256.562,126.57,1260.5,-229.429,128.349,1190.37,-253.06,145.631,1253.89,-229.433,149.767,1203.24,-241.786,94.4082,1215.68,-225.234,96.0992,1193.96,-229.349,47.9985,1239.44,-235.007,39.0597,1177.54,-236.599,21.6971,1225.18,-249.291,13.1502,1229.34,-252.177,171.042,1231.33,-267.25,172.387,1212.69,-268.086,186.152,1227.44,-258.193,185.207,0,0,0
013609:1193.39,-239.803,157.908,1209.16,-244.264,157.077,1220.89,-247.887,152.736,1254.33,-251.129,143.717,1184.35,-240.057,157.252,1204.97,-248.661,137.084,1236.52,-233.759,135.049,1185.8,-257.115,126.224,1260.85,-229.418,129.784,1190.06,-254.16,145.689,1255.91,-230.546,150.586,1203.31,-241.784,94.6892,1215.68,-225.234,96.0992,1181.67,-226.18,51.3778,1239.38,-235.009,38.7703,1188.18,-238.739,18.5318,1225.18,-249.291,13.1502,1231.19,-252.733,171.016,1221.61,-267.176,173.76,1223.12,-271.495,184.429,1227.44,-258.193,185.207,0,0,0
013610:1208.58,-239.361,155.841,1219.72,-243.805,156.127,1239.57,-248.935,150.524,1237.9,-251.221,148.005,1186.15,-240.077,158.674,1204.97,-248.661,137.084,1232.77,-233.804,136.362,1183.95,-257.111,126.602,1255.33,-227.773,131.15,1188.21,-254.16,146.044,1263.66,-232.732,150.365,1203.37,-241.782,94.9702,1215.68,-225.234,96.0992,1179.69,-226.778,51.8765,1241.23,-235.568,38.3081,1198.91,-242.037,16.2412,1223.35,-248.721,13.6362,1234.75,-253.852,170.402,1226.54,-268.897,171.777,1219.04,-272.008,184.811,1223.46,-258.189,185.278,0,0,0
013611:1202.12,-240.859,155.971,1215.16,-245.444,156.036,1202.37,-240.43,158.695,1249.65,-252.542,145.562,1175.14,-240.632,159.532,1210.65,-250.749,133.144,1232.97,-233.797,137.21,1185.78,-257.659,126.81,1253.61,-227.223,132.079,1189.82,-255.255,146.024,1263.74,-232.73,150.643,1210.9,-242.285,93.6068,1215.68,-225.234,96.0992,1195.25,-232.162,47.9855,1241.23,-235.568,38.3081,1196.74,-242.625,16.2172,1223.49,-248.145,13.6002,1230.72,-254.412,171.096,1225.85,-268.919,169.62,1227.63,-274.881,182.815,1222.99,-259.852,185.347,0,0,0
013612:1211.66,-241.465,154.723,1222.04,-245.864,155.169,1250.88,-253.438,149.796,1240.24,-252.19,147.399,1173.6,-239.904,160.512,1206.8,-249.208,137.013,1232.97,-233.797,137.21,1187.32,-258.762,126.495,1257.76,-228.299,132.755,1189.66,-255.804,146.053,1264.17,-232.716,152.041,1216.23,-243.941,92.4322,1231.67,-230.219,90.6071,1200.53,-234.911,47.551,1241.23,-235.568,38.3081,1196.18,-244.341,15.7694,1223.49,-248.145,13.6002,1218.8,-256.075,173.43,1223.03,-270.576,168.662,1218.48,-277.547,182.328,1227.77,-263.205,184.559,0,0,0
013613:1215.39,-240.634,154.196,1227.43,-245.213,154.266,1237.64,-247.228,153.189,1246.29,-252.473,145.592,1185.83,-239.302,158.324,1204.98,-249.212,137.66,1232.97,-233.797,137.21,1187.39,-258.76,126.772,1257.76,-228.299,132.755,1189.51,-256.353,146.082,1264.17,-232.716,152.041,1216.23,-243.941,92.4322,1215.75,-225.232,96.3812,1200.69,-234.901,48.1013,1239.18,-235.593,38.5121,1190.56,-244.936,18.186,1214.55,-246.435,17.4833,1219.99,-258.851,173.517,1229.98,-275.622,170.335,1221.44,-279.261,180.705,1234.25,-266.046,182.07,0,0,0
013614:1226.06,-240.956,153.31,1232.32,-245.666,154.457,1245.58,-247.19,152.205,1234.34,-252.934,148.294,1191.78,-240.129,159.181,1203.01,-249.771,138.335,1229.18,-233.844,138.234,1190.86,-259.869,126.356,1256.16,-227.743,133.946,1183.72,-256.896,146.909,1258.33,-232.789,153.687,1221.59,-245.607,91.2502,1215.81,-225.23,96.6632,1197.66,-241.141,50.0403,1236.88,-236.779,38.779,1211.31,-246.526,13.2214,1216.7,-246.415,17.8237,1226.94,-261.104,172.037,1236.01,-279.636,167.254,1224.85,-280.423,179.851,1239.51,-267.765,180.914,0,0,0
013615:1213.53,-239.779,157.796,1215.91,-244.242,159.047,1218.34,-239.849,160.315,1223.7,-252.299,150.601,1226.4,-242.228,154.82,1204.97,-250.313,138.824,1223.48,-233.914,139.62,1194.29,-260.985,125.66,1256.37,-227.737,134.804,1193.91,-260.212,144.955,1258.77,-233.346,155.666,1202.14,-239.669,94.469,1219.65,-226.291,96.707,1204.8,-243.345,48.5606,1236.88,-236.779,38.779,1200.8,-249.426,15.1267,1216.86,-246.404,18.3827,1232.25,-262.803,171.123,1237.79,-280.222,166.945,1214.82,-280.282,180.116,1211.97,-267.562,183.481,0,0,0
013616:1212.55,-241.199,155.408,1215.86,-245.123,157.049,1212.15,-240.535,158.751,1221.32,-251.886,150.704,1202.47,-243.495,156.889,1206.69,-251.417,139.074,1238.14,-238.835,138.272,1199.45,-262.667,124.61,1252.55,-227.796,136.13,1192.04,-260.205,145.312,1262.49,-234.449,155.004,1217.59,-246.194,92.1313,1219.9,-226.28,97.5316,1204.8,-243.345,48.5606,1236.88,-236.779,38.779,1213.31,-253.394,11.7603,1209.86,-241.89,18.9638,1234.03,-263.372,170.816,1239.57,-280.809,166.634,1211.53,-282.996,178.955,1214.28,-267.564,184.511,0,0,0
013617:1201.49,-241.699,157.301,1212.84,-245.92,157.537,1198.84,-240.9,160.429,1239.25,-252.858,148.142,1171.14,-242.26,161.081,1206.69,-251.417,139.074,1238.14,-238.835,138.272,1197.16,-263.765,124.79,1245.44,-225.618,138.362,1188.24,-260.195,145.759,1258.46,-235.639,156.609,1215.66,-246.204,92.5551,1219.9,-226.28,97.5316,1204.8,-243.345,48.5606,1236.88,-236.779,38.779,1185.44,-246.337,19.6258,1224.68,-246.366,16.3179,1227.87,-263.901,171.306,1235.1,-281.315,165.944,1213,-284.124,178.414,1206.63,-267.505,185.49,0,0,0
013618:1239.39,-252.337,149.479,1215.44,-245.976,158.929,1231.76,-250.059,154.954,1228.91,-253.177,151.72,1191.33,-250.197,158.426,1206.53,-251.588,136.975,1243.08,-240.419,136.571,1196.75,-264.327,124.018,1245.53,-225.615,138.638,1180.52,-260.18,146.119,1271.78,-239.523,155.123,1202.81,-244.031,95.1003,1225.47,-227.889,96.9108,1204.8,-243.345,48.5606,1237.37,-236.75,40.4669,1190.3,-253.408,17.9451,1230.57,-246.34,14.7656,1223.51,-264.446,170.596,1241.69,-284.791,164.217,1223.3,-287.092,175.516,1211.22,-269.761,182.99,0,0,0
013619:1233.39,-251.187,153.914,1213.6,-246.775,157.63,1238.24,-252.849,155.427,1226.61,-253.813,150.942,1194.64,-249.066,160.356,1208.53,-252.517,139.573,1236.33,-238.849,139.21,1194.43,-264.878,123.329,1245.62,-225.612,138.914,1180.52,-260.18,146.119,1271.87,-239.521,155.402,1201.04,-243.484,95.4957,1225.47,-227.889,96.9108,1204.8,-243.345,48.5606,1237.71,-236.738,41.9125,1205.29,-254.537,13.9162,1226.66,-245.22,14.893,1228.55,-266.16,168.868,1237.32,-284.733,163.552,1231.07,-291.711,172.434,1210.71,-269.776,181.391,0,0,0
013620:1208.16,-242.059,159.59,1219.87,-246.296,159.535,1208.43,-240.91,162.373,1243.72,-252.641,149.191,1203.15,-240.807,158.505,1206.77,-252.514,140.498,1232.44,-238.886,139.949,1194.43,-264.878,123.329,1249.47,-226.688,138.771,1180.52,-260.18,146.119,1271.92,-240.666,156.575,1201.04,-243.484,95.4957,1225.47,-227.889,96.9108,1183.29,-236.25,57.5266,1237.71,-236.738,41.9125,1205.29,-254.537,13.9162,1232.5,-245.192,13.0434,1230.32,-266.731,168.56,1231.04,-284.638,163.21,1226.46,-291.105,170.085,1214.85,-274.231,180.131,0,0,0
013621:1208.85,-242.477,158.931,1210.9,-246.937,160.436,1212.26,-241.942,161.612,1213.49,-253.597,153.787,1218.34,-242.823,156.711,1206.77,-252.514,140.498,1230.57,-238.902,140.6,1188.82,-264.84,124.478,1247.88,-227.28,141.148,1176.92,-259.089,145.974,1268.05,-241.265,158.45,1201.31,-243.475,96.6184,1225.47,-227.889,96.9108,1210.22,-245.008,47.5119,1229.84,-236.823,43.8596,1189.82,-248.869,19.2185,1228.58,-244.074,13.1746,1237.47,-268.473,166.727,1234.26,-285.831,161.487,1229.84,-292.299,168.91,1241.03,-282.95,174.834,0,0,0
013622:1225.44,-243.416,156.389,1227.1,-247.552,157.968,1223.81,-241.918,160.065,1225.18,-252.876,151.984,1215.58,-239.49,157.783,1210.6,-253.611,140.904,1232.37,-239.45,140.258,1193.61,-267.086,122.927,1247.88,-227.28,141.148,1180.15,-260.733,145.334,1268.54,-241.25,160.135,1201.44,-243.47,97.1797,1225.47,-227.889,96.9108,1200.86,-245.057,50.7316,1227.88,-236.844,44.3437,1190.07,-248.951,19.1382,1228.5,-244.079,12.8928,1227.67,-268.392,168.14,1233.21,-287.512,159.613,1232.73,-294.06,166.657,1219.11,-277.617,177.673,0,0,0
013623:1211.35,-243.696,159.579,1226.37,-247.971,159.005,1208.97,-242.224,162.908,1263.43,-253.648,147.5,1192.77,-239.889,161.816,1210.6,-253.611,140.904,1234.26,-239.997,140.189,1193.61,-267.086,122.927,1250.01,-227.813,141.933,1176.04,-261.272,144.985,1268.54,-241.25,160.135,1201.44,-243.47,97.1797,1225.47,-227.889,96.9108,1198.53,-246.207,50.7206,1227.88,-236.844,44.3437,1196.63,-250.966,18.3433,1228.57,-244.077,13.1827,1229.2,-269.523,167.579,1232.88,-287.524,158.516,1233.6,-294.692,163.347,1225.42,-280.501,174.893,0,0,0
013624:1193.35,-244.632,161.045,1208.44,-248.897,160.561,1192.18,-243.348,164.089,1252.62,-254.403,148.568,1172.27,-241.029,164.146,1210.29,-255.274,141.541,1234.26,-239.997,140.189,1191.67,-267.074,123.033,1250.43,-227.8,143.324,1177.71,-261.824,144.661,1266.67,-241.261,161.06,1206.95,-245.107,96.8414,1225.47,-227.889,96.9108,1198.53,-246.207,50.7206,1222.45,-235.747,46.2838,1196.15,-253.265,18.4243,1226.73,-243.511,13.6703,1233.1,-273.502,164.297,1224.73,-287.38,158.504,1227.04,-295.117,162.45,1231.31,-285.607,173.016,0,0,0
013625:1179.89,-246.432,161.099,1188.51,-248.596,162.194,1178.82,-245.366,163.868,1225.36,-250.696,154.017,1163.74,-244.294,164.285,1210.29,-255.274,141.541,1229.69,-238.585,141.232,1193.38,-267.639,122.681,1252.45,-228.338,143.534,1179.39,-262.376,144.336,1268.71,-241.816,161.289,1198.01,-242.328,98.5743,1225.47,-227.889,96.9108,1198.53,-246.207,50.7206,1213.43,-233.566,49.1148,1179.63,-249.6,24.7927,1222.74,-243.539,14.4231,1236.32,-274.675,162.584,1224.28,-287.398,156.847,1224.51,-295.089,160.9,1231.31,-285.607,173.016,0,0,0
013626:1200.07,-244.449,160.921,1206.81,-247.705,162.164,1198.98,-243.472,163.641,1229.68,-252.102,154.153,1170.72,-243.711,164.181,1204.45,-255.825,142.66,1234.33,-239.995,140.472,1193.38,-267.639,122.681,1247.27,-226.698,145.665,1185.96,-264.605,142.499,1268.71,-241.816,161.289,1214.26,-247.31,96.1136,1225.47,-227.889,96.9108,1198.11,-247.9,50.8235,1213.43,-233.566,49.1148,1180.91,-251.882,24.0072,1220.92,-242.976,14.9078,1236.32,-274.675,162.584,1226.01,-287.446,155.659,1220.04,-295.016,159.378,1231.31,-285.607,173.016,0,0,0
013627:1186.57,-245.096,163.042,1196.06,-248.363,163.596,1185.4,-243.933,165.668,1231.11,-252.438,153.167,1161.98,-242.642,165.25,1207.92,-256.939,141.993,1234.67,-239.983,141.567,1198.45,-269.344,121.356,1253.37,-228.308,146.595,1173.81,-262.352,145.137,1268.71,-241.816,161.289,1214.35,-247.306,96.3871,1225.53,-227.887,97.1943,1199.45,-249.591,49.8902,1209.85,-232.473,49.9989,1202.67,-259.057,16.7396,1217.45,-241.842,16.4336,1237.89,-275.265,161.429,1227.28,-288.056,153.704,1219.38,-297.195,160.085,1219.92,-283.751,173.813,0,0,0
013628:1179.28,-244.919,163.678,1190.17,-248.216,164.263,1180.6,-244.571,166.13,1236.08,-253.382,153.356,1171.24,-246.219,164.526,1204.14,-256.933,142.719,1227.07,-240.046,143.594,1198.45,-269.344,121.356,1253.37,-228.308,146.595,1173.81,-262.352,145.137,1268.71,-241.816,161.289,1216.2,-247.859,96.2728,1217.85,-228.012,98.8568,1204.75,-251.272,48.5761,1202.73,-230.301,51.7563,1202.67,-259.057,16.7396,1215.5,-241.857,16.949,1235.79,-274.694,160.635,1228.93,-288.109,152.239,1228.39,-299.106,157.872,1217.56,-283.733,172.486,0,0,0
013629:1206.36,-247.27,160.529,1211.98,-250.196,162.074,1206.98,-246.849,163.094,1239.11,-254.41,154.098,1192.88,-250.232,161.99,1201.96,-257.487,142.553,1227.07,-240.046,143.594,1198.25,-269.352,120.515,1255.58,-228.269,147.078,1173.66,-262.357,144.599,1263.12,-240.139,162.263,1216.2,-247.859,96.2728,1217.85,-228.012,98.8568,1202.84,-251.276,49.0503,1202.73,-230.301,51.7563,1206.22,-260.204,15.7877,1215.5,-241.857,16.949,1231.68,-274.104,159.908,1237.44,-290.557,148.644,1229.61,-299.731,155.622,1221.89,-286.604,169.716,0,0,0
013630:1204.93,-245.348,161.512,1208.86,-248.545,163.342,1202.89,-244.639,164.675,1220.12,-253.436,157.944,1173.13,-246.505,166.599,1201.9,-257.49,142.274,1225.21,-240.061,144.238,1194.48,-269.316,121.292,1254.29,-227.707,149.38,1174.77,-262.931,142.419,1257.18,-240.757,163.879,1212.66,-246.747,97.0472,1215.94,-228.044,99.2701,1200.85,-251.841,49.8426,1202.73,-230.301,51.7563,1206.22,-260.204,15.7877,1213.57,-241.872,17.4631,1233.39,-274.687,159.307,1238.7,-291.178,146.355,1226.85,-299.714,152.571,1219.72,-286.574,169.234,0,0,0
013631:1213.01,-248.949,158.516,1212.84,-252.563,161.03,1210.2,-247.873,162.61,1210.16,-257.384,158.347,1182.97,-247.132,166.229,1203.63,-258.047,141.941,1228.87,-241.155,143.837,1194.48,-269.316,121.292,1248.85,-226.078,150.665,1183.24,-265.705,141.044,1251.52,-240.796,166.046,1219.77,-248.975,95.4953,1214.17,-228.07,100.246,1200.85,-251.841,49.8426,1202.6,-230.305,51.1903,1208.09,-260.214,14.9832,1213.84,-241.862,18.6121,1236.24,-275.878,156.186,1244.44,-291.322,144.4,1225.86,-299.754,149.32,1222.48,-288.318,166.739,0,0,0
013632:1210.49,-249.404,159.333,1213.03,-252.362,161.373,1207.46,-248.184,162.74,1221.52,-255.964,156.479,1172.64,-247.312,165.742,1203.63,-258.047,141.941,1238.18,-243.906,143.256,1194.48,-269.316,121.292,1248.93,-226.076,150.941,1182.92,-265.718,139.973,1253.63,-241.342,166.866,1219.77,-248.975,95.4953,1212.4,-228.097,101.22,1202.61,-252.403,49.4052,1202.6,-230.305,51.1903,1211.51,-261.379,13.4673,1213.84,-241.862,18.6121,1236.24,-275.878,156.186,1252.07,-291.518,141.495,1239.74,-302.999,143.555,1222.41,-288.321,166.457,0,0,0
013633:1210.71,-248.426,159.82,1216.22,-251.968,161.31,1204.83,-247.206,163.694,1239.72,-256.737,154.163,1179.59,-246.024,165.142,1206.96,-259.169,140.714,1238.42,-243.897,144.088,1194.48,-269.316,121.292,1248.93,-226.076,150.941,1182.26,-266.82,138.655,1259.33,-243.006,166.467,1219.77,-248.975,95.4953,1210.57,-228.126,101.91,1195.27,-250.183,50.0545,1202.6,-230.305,51.1903,1201.77,-261.898,16.3749,1215.77,-241.847,18.0992,1236.11,-275.884,155.618,1253.85,-291.573,140.279,1249.54,-303.306,140.814,1225.92,-288.418,164.388,0,0,0
013634:1215.03,-250.134,159.34,1216.83,-253.786,161.43,1212.85,-249.396,163.055,1215.69,-259.05,157.416,1189.32,-250.69,164.829,1206.67,-259.728,140.185,1236.69,-243.339,144.7,1195.8,-270.444,120.157,1249.32,-226.064,152.345,1172.39,-263.479,141.159,1259.33,-243.006,166.467,1219.55,-249.544,95.2429,1210.57,-228.126,101.91,1195.27,-250.183,50.0545,1212.66,-230.145,51.1133,1199.24,-262.472,14.926,1215.77,-241.847,18.0992,1235.91,-275.892,154.766,1251.5,-290.99,138.645,1239.71,-301.913,141.787,1229.56,-287.966,162.006,0,0,0
013635:1204.2,-248.879,160.3,1201.63,-251.957,162.859,1212.17,-250.2,162.149,1201.72,-257.995,158.088,1239.85,-258.658,154.581,1211.89,-261.415,139.175,1236.69,-243.339,144.7,1195.73,-270.447,119.877,1247.36,-226.098,152.7,1172.39,-263.479,141.159,1259.11,-244.148,166.801,1219.55,-249.544,95.2429,1212.29,-229.227,101.835,1206.07,-253.535,48.2526,1216.26,-231.235,50.2298,1197.16,-263.582,16.0843,1215.77,-241.847,18.0992,1239.24,-277.07,153.287,1251.5,-290.99,138.645,1241.35,-301.987,139.991,1230.87,-288.576,160.03,0,0,0
013636:1235.16,-258.467,157.044,1226.2,-260.675,159.249,1230.54,-255.64,159.345,1192.51,-256.812,159.981,1226.05,-251.994,158.672,1211.89,-261.415,139.175,1236.69,-243.339,144.7,1199.01,-271.052,118.056,1243.58,-226.16,153.974,1172.32,-263.481,140.885,1262.8,-245.269,166.166,1219.55,-249.544,95.2429,1212.29,-229.227,101.835,1207.84,-254.1,47.8122,1219.87,-232.329,49.3426,1205.18,-263.613,15.4542,1212.16,-240.73,19.0553,1241.08,-277.104,152.359,1273.47,-291.504,133.009,1244.59,-302.137,136.429,1234.05,-289.78,157.989,0,0,0
013637:1255.71,-262.524,151.436,1247.97,-263.008,156.808,1262.32,-264.793,154.358,1218.99,-258.828,158.346,1218.18,-263.436,159.371,1211.89,-261.415,139.175,1237.04,-243.328,145.795,1199.01,-271.052,118.056,1243.93,-226.15,155.388,1172.32,-263.481,140.885,1264.75,-245.829,166.124,1215.7,-249.555,96.0835,1212.29,-229.227,101.835,1209.62,-254.667,47.3709,1221.68,-232.878,48.8978,1205.18,-263.613,15.4542,1220.06,-240.66,17.5779,1248.76,-277.223,150.092,1263.16,-291.279,134.664,1252.39,-302.382,134.054,1244.72,-291.732,153.739,0,0,0
013638:1219.53,-255.107,157.654,1215.27,-258.428,159.631,1235.46,-259.037,156.552,1188.11,-256.249,161.917,1257.74,-264.209,154.003,1206.05,-261.395,139.717,1237.19,-243.322,146.352,1199.01,-271.052,118.056,1246.09,-226.11,155.886,1174.09,-263.494,140.25,1252.57,-247.025,168.509,1226.34,-252.932,93.4663,1212.29,-229.227,101.835,1215.13,-256.363,46.5953,1219.75,-232.904,49.3731,1189.87,-263.525,19.5551,1216.59,-239.531,19.097,1243.34,-275.459,151.083,1265.02,-290.775,132.814,1262.84,-300.453,129.96,1244.29,-291.748,152.375,0,0,0
013639:1236.54,-262.426,154.84,1229.61,-264.04,158.838,1240.34,-262.408,157.669,1194.18,-258.079,161.55,1230.54,-257.88,159.569,1204.16,-261.386,140.083,1237.19,-243.322,146.352,1199.01,-271.052,118.056,1246.09,-226.11,155.886,1173.94,-263.5,139.712,1252.57,-247.025,168.509,1220.59,-252.934,95.0222,1212.29,-229.227,101.835,1211.27,-256.358,47.5541,1218.02,-232.923,50.7038,1197.03,-265.812,18.2289,1216.59,-239.531,19.097,1245.84,-273.8,150.625,1265.48,-290.197,133.939,1264.54,-299.971,127.545,1249.92,-291.351,148.967,0,0,0
013640:1253.11,-267.045,152.111,1228.45,-263.502,156.698,1244.49,-263.578,155.196,1178.9,-253.306,165.176,1233.68,-259.589,158.552,1204.16,-261.386,140.083,1233.31,-243.349,147.075,1199.01,-271.052,118.056,1252.04,-227.718,156.586,1173.94,-263.5,139.712,1252.57,-247.025,168.509,1220.59,-252.934,95.0222,1212.29,-229.227,101.835,1207.35,-256.356,48.2234,1218.02,-232.923,50.7038,1197.03,-265.812,18.2289,1216.59,-239.531,19.097,1250,-273.283,149.867,1268,-287.986,132.257,1249.98,-295.052,130.662,1242.64,-288.949,150.003,0,0,0
013641:1237.52,-262.457,152.328,1225.64,-262.92,157.786,1250.42,-265.316,153.606,1194.33,-259.045,161.366,1225.52,-254.916,160.858,1205.89,-261.948,139.747,1233.31,-243.349,147.075,1195.04,-271.02,118,1252.13,-227.715,156.863,1179.34,-264.074,138.934,1241.14,-243.702,168.742,1220.59,-252.934,95.0222,1212.29,-229.227,101.835,1191.76,-256.905,51.1912,1218.02,-232.923,50.7038,1200.63,-266.963,17.5615,1216.59,-239.531,19.097,1236.5,-272.006,152.332,1272.1,-288.069,131.474,1245.6,-289.327,130.319,1246.8,-287.925,148.344,0,0,0
013642:1234.36,-260.746,154.044,1226.19,-262.937,156.705,1261.15,-268.265,149.704,1192.92,-258.869,161.335,1262.48,-267.116,150.943,1202.11,-261.93,140.478,1233.31,-243.349,147.075,1196.99,-271.037,117.888,1252.13,-227.715,156.863,1180.96,-264.633,138.326,1252.57,-247.025,168.509,1220.59,-252.934,95.0222,1212.29,-229.227,101.835,1191.76,-256.905,51.1912,1218.02,-232.923,50.7038,1200.63,-266.963,17.5615,1222.5,-239.475,17.8442,1238.47,-272.027,151.973,1264.75,-284.516,131.675,1243.88,-288.722,130.945,1242.67,-286.75,147.044,0,0,0
013643:1253.27,-267.614,152.122,1214.09,-260.673,157.142,1248.72,-265.318,152.979,1185.9,-257.298,161.374,1257.79,-264.796,152.513,1202.11,-261.93,140.478,1228.53,-242.121,145.596,1195.1,-271.018,118.28,1252.13,-227.715,156.863,1184.11,-265.757,136.842,1254.49,-247.583,168.47,1218.72,-252.933,95.7277,1212.29,-229.227,101.835,1193.65,-256.908,50.7215,1218.02,-232.923,50.7038,1202.56,-266.978,17.0471,1222.5,-239.475,17.8442,1244.25,-272.097,150.321,1257.57,-281.542,133.042,1248.19,-287.686,129.808,1230.09,-282.057,148.189,0,0,0
013644:1203.64,-252.822,160.284,1204.86,-257.684,161.692,1206.51,-252.18,163.374,1204.44,-263.397,156.047,1215.22,-252.213,160.184,1210.44,-264.948,135.953,1233.31,-243.349,147.075,1195.1,-271.018,118.28,1252.13,-227.715,156.863,1185.29,-266.337,134.603,1254.49,-247.583,168.47,1218.72,-252.933,95.7277,1212.29,-229.227,101.835,1200.73,-259.166,49.2545,1218.02,-232.923,50.7038,1206.1,-268.14,16.0979,1224.45,-239.457,17.3283,1244.44,-270.422,149.121,1269.43,-281.193,129,1254.15,-287.811,128.346,1232.04,-282.091,147.825,0,0,0
013645:1208.81,-256.88,156.659,1204.7,-259.391,159.118,1214.58,-256.871,159.158,1199.94,-262.139,155.351,1237.49,-259.922,154.259,1202.11,-261.93,140.478,1233.31,-243.349,147.075,1198.54,-272.159,117.565,1252.2,-227.713,157.147,1185.29,-266.337,134.603,1254.49,-247.583,168.47,1218.72,-252.933,95.7277,1212.29,-229.227,101.835,1211.38,-262.044,46.3336,1218.02,-232.923,50.7038,1220.53,-272.271,11.9281,1232.31,-240.527,16.1605,1248.72,-268.776,147.441,1269.26,-281.201,128.443,1270.31,-288.146,124.581,1222.87,-279.173,148.388,0,0,0
013646:1188.08,-250.614,164.668,1188.29,-254.334,166.168,1191.57,-249.971,167.413,1192.58,-260.014,159.161,1205.49,-251.165,162.446,1202.11,-261.93,140.478,1231.37,-243.362,147.436,1198.54,-272.159,117.565,1248.55,-227.768,158.98,1177.76,-266.286,135.532,1253.01,-247.013,169.882,1217,-252.928,96.9987,1212.29,-229.227,101.835,1209.71,-262.025,47.9567,1218.02,-232.923,50.7038,1220.53,-272.271,11.9281,1232.31,-240.527,16.1605,1246.99,-268.192,148.049,1266.63,-276.577,128.943,1270.31,-288.146,124.581,1229.08,-280.452,142.896,0,0,0
013647:1209.75,-256.48,158.174,1205.53,-259.498,160.701,1213.39,-256.115,160.957,1198.15,-263.135,157.245,1227.08,-258.081,157,1205.57,-263.054,139.809,1227.57,-243.385,148.436,1201.66,-273.32,115.772,1254.06,-229.396,158.001,1172.26,-264.639,134.95,1251.33,-245.885,170.169,1217,-252.928,96.9987,1212.29,-229.227,101.835,1211.33,-262.61,46.964,1218.02,-232.923,50.7038,1204.71,-272.107,15.2431,1232.31,-240.527,16.1605,1241.64,-266.452,149.322,1281.72,-275.603,127.552,1263.59,-281.202,123.246,1256.58,-278.008,140.641,0,0,0
013648:1231.44,-263.545,153.844,1214.65,-262.348,156.376,1229.65,-261.816,157.801,1189.16,-259.556,159.619,1226.36,-259.034,156.058,1205.57,-263.054,139.809,1219.89,-243.437,149.863,1199.5,-273.309,115.044,1256.7,-229.917,160.162,1170.43,-264.093,134.757,1247.87,-244.766,171.339,1217,-252.928,96.9987,1210.39,-229.257,102.244,1211.33,-262.61,46.964,1218.02,-232.923,50.7038,1198.93,-272.043,16.7935,1228.17,-240.568,16.3297,1236.25,-264.725,150.314,1281.72,-275.603,127.552,1282.17,-282.065,120.488,1264.4,-277.573,137.381,0,0,0
013649:1208.21,-257.658,157.541,1206.62,-260.606,159.417,1209.94,-257.588,160.601,1206.13,-264.383,154.774,1217.85,-258.705,157.879,1205.57,-263.054,139.809,1219.89,-243.437,149.863,1195.52,-273.272,114.994,1245.42,-227.807,162.147,1170.43,-264.093,134.757,1246.18,-244.768,172.806,1218.7,-254.052,96.9276,1225.52,-236.524,96.696,1205.62,-262.578,48.6845,1218.02,-232.923,50.7038,1198.93,-272.043,16.7935,1226.41,-240,17.0951,1240.44,-263.628,149.249,1282.51,-274.433,129.229,1270.92,-278.43,123.007,1269.88,-278.246,134.885,0,0,0
013650:1210.96,-260.065,155.212,1210.46,-263.417,156.926,1214.43,-259.71,158.118,1210.82,-267.586,152.554,1223.05,-259.067,156.062,1207.06,-264.174,139.235,1219.89,-243.437,149.863,1199.15,-273.324,113.652,1243.47,-227.839,162.49,1167.11,-262.989,135.423,1246.31,-244.763,173.372,1220.24,-255.743,96.8897,1201.09,-229.4,104.834,1205.62,-262.578,48.6845,1218.02,-232.923,50.7038,1198.61,-273.168,16.8793,1222.76,-238.88,18.0599,1240.82,-261.941,148.897,1246.84,-262.048,140.407,1268.25,-275.494,125.635,1255.79,-272.901,139.631,0,0,0
013651:1213.47,-260.253,157.675,1212.55,-263.969,159.458,1214.29,-259.512,161.077,1212.36,-268.317,154.266,1215.66,-257.93,159.161,1203.19,-264.154,139.7,1223.27,-244.541,148.661,1197.43,-272.751,114.014,1233.85,-227.993,164.475,1163.73,-261.892,135.824,1234.27,-240.887,177.427,1218.31,-255.741,97.3096,1201.16,-229.397,105.114,1190.51,-257.753,57.197,1221.75,-232.876,49.1838,1207.37,-276.112,14.2294,1222.76,-238.88,18.0599,1241.15,-260.814,148.838,1248.76,-262.06,139.747,1264.17,-270.827,128.815,1252.45,-270.594,140.267,0,0,0
013652:1233.53,-267.473,154.263,1219.1,-266.232,158.068,1247.96,-270.949,154.295,1194.27,-260.95,159.062,1237.23,-262.975,156.565,1201.3,-264.143,140.066,1215.62,-244.588,150.084,1192.12,-271.046,114.559,1223.23,-226.473,168.069,1162.08,-261.344,136.155,1234.34,-240.885,177.708,1218.06,-255.754,96.4886,1201.16,-229.397,105.114,1202.83,-263.719,46.9794,1223.08,-232.87,46.1296,1203.49,-276.06,15.2692,1222.76,-238.88,18.0599,1247.2,-260.832,148.319,1254.65,-262.091,138.343,1255.69,-266.732,131.921,1261.18,-269.522,139.801,0,0,0
013653:1221.3,-262.915,157.071,1217.5,-265.656,159.188,1248.81,-270.388,154.522,1192.76,-261.138,159.131,1222.76,-257.233,159.249,1204.67,-265.273,139.128,1217.3,-245.139,149.486,1192.12,-271.046,114.559,1223.23,-226.473,168.069,1161.79,-261.356,135.084,1234.34,-240.885,177.708,1218.06,-255.754,96.4886,1201.23,-229.395,105.393,1211.76,-266.596,45.0472,1219.27,-232.919,47.3726,1201.56,-276.034,15.7874,1222.76,-238.88,18.0599,1241.68,-259.119,149.045,1271.14,-262.153,136.745,1253.94,-266.145,132.552,1259.92,-267.224,140.33,0,0,0
013654:1235.88,-268.051,153.956,1228.03,-269.67,154.809,1196.85,-254.061,164.846,1204.92,-265.177,154.971,1223.82,-258.031,158.222,1214.77,-268.697,136.02,1205.6,-245.215,150.212,1192.12,-271.046,114.559,1226.78,-227.538,167.447,1165.27,-261.377,133.808,1218.16,-236.795,178.341,1217.42,-255.599,96.1629,1201.23,-229.395,105.393,1211.9,-267.142,46.2011,1219.61,-232.908,48.8016,1201.69,-276.028,16.3617,1222.76,-238.88,18.0599,1247.99,-258,148.184,1269.1,-262.144,137.127,1268.29,-266.237,130.695,1254.62,-264.904,141.631,0,0,0
013655:1205.68,-259.664,158.957,1204.89,-263.561,160.536,1208.8,-259.051,162.359,1209.32,-268.166,153.758,1221.34,-257.841,158.761,1214.69,-268.701,135.75,1207.25,-245.764,149.618,1192.05,-271.049,114.28,1228.51,-228.634,167.437,1165.27,-261.377,133.808,1232.89,-240.885,179.996,1200.8,-255.741,99.9537,1224.12,-236.543,98.7894,1211.9,-267.142,46.2011,1219.61,-232.908,48.8016,1201.69,-276.028,16.3617,1222.76,-238.88,18.0599,1246.25,-257.987,149.381,1277.53,-262.173,136.433,1268.29,-266.237,130.695,1267.44,-265.52,142.494,0,0,0
013656:1210.07,-262.133,155.973,1208.84,-265.887,157.673,1212.84,-261.349,159.517,1213.35,-270.007,151.355,1225.25,-259.342,156.443,1207.05,-268.633,137.239,1212.32,-247.414,148.096,1197.14,-272.764,112.915,1228.51,-228.634,167.437,1171.95,-262.507,131.313,1238.53,-242.522,179.916,1190.76,-252.818,99.2492,1210.19,-232.07,104.049,1211.9,-267.142,46.2011,1216,-231.813,49.6897,1201.69,-276.028,16.3617,1222.76,-238.88,18.0599,1270.98,-261.505,144.009,1306.88,-266.456,128.549,1280.8,-270.979,126.83,1276.97,-265.613,138.683,0,0,0
013657:1204.26,-260.771,158.136,1204.41,-264.458,159.597,1208.25,-260.37,161.075,1212.26,-269.347,152.299,1226.07,-260.884,156.051,1207.05,-268.633,137.239,1212.32,-247.414,148.096,1200.3,-273.923,111.076,1226.6,-228.665,167.771,1173.19,-262.541,128.784,1212.88,-235.242,178.659,1207.71,-257.992,98.1578,1208.36,-232.094,104.736,1211.9,-267.142,46.2011,1214.27,-231.265,50.4172,1203.3,-276.629,15.3346,1222.76,-238.88,18.0599,1259.05,-257.983,150.287,1285.84,-259.83,140.604,1281.19,-266.301,130.641,1263.12,-261.464,145.357,0,0,0
013658:1195.08,-259.613,157.367,1192.89,-263.073,159.251,1198.54,-259.178,160.727,1199.68,-267.58,152.729,1218.11,-259.14,156.489,1207.05,-268.633,137.239,1215.91,-248.513,147.707,1199.98,-273.939,109.999,1226.6,-228.665,167.771,1178.14,-264.209,127.493,1238.68,-242.518,180.47,1207.71,-257.992,98.1578,1204.39,-232.712,105.292,1211.9,-267.142,46.2011,1214.27,-231.265,50.4172,1203.22,-276.635,15.0579,1222.76,-238.88,18.0599,1274.02,-257.983,151.194,1288.1,-255.725,145.046,1280.54,-264.519,134.717,1264.3,-262.551,151.099,0,0,0
013659:1202.36,-263.061,154.794,1202.39,-267.019,156.54,1202.39,-261.599,158.878,1209.36,-271,151.031,1213.6,-258.859,157.045,1207.05,-268.633,137.239,1219.43,-249.619,147.046,1194.35,-272.241,109.461,1226.01,-229.803,166.723,1178.14,-264.209,127.493,1217.3,-238.769,186.304,1207.64,-257.994,97.8756,1196.75,-232.818,106.343,1211.9,-267.142,46.2011,1216.26,-231.235,50.2298,1203.22,-276.635,15.0579,1222.76,-238.88,18.0599,1262.49,-254.47,159.461,1284.75,-255.696,148.33,1281.6,-260.964,142.628,1279.89,-260.862,151.905,0,0,0
013660:1195.44,-261.046,159.085,1197.8,-265.618,160.09,1197.8,-260.005,162.759,1210.35,-271.301,151.754,1211.36,-257.697,159.095,1207.05,-268.633,137.239,1219.6,-249.613,147.587,1194.15,-272.249,108.62,1210.49,-230.043,168.001,1178.14,-264.209,127.493,1213.81,-237.693,186.879,1220.26,-260.846,94.8212,1198.29,-233.917,105.718,1211.9,-267.142,46.2011,1205.19,-227.998,51.7658,1203.15,-276.641,14.7812,1217.38,-237.202,19.7794,1259.39,-252.746,161.462,1276.97,-256.245,152.138,1271.68,-260.912,145.64,1269.35,-257.922,157.048,0,0,0
013661:1202.86,-262.45,159.688,1205.81,-266.24,161.174,1203.88,-260.962,162.842,1216.25,-270.729,154.064,1210.52,-258.965,159.23,1207.05,-268.633,137.239,1215.66,-248.522,146.897,1194.15,-272.249,108.62,1208.01,-230.089,166.452,1174.53,-264.184,128.519,1213.95,-237.137,186.856,1225.89,-260.877,92.6904,1196.29,-234.501,106.147,1210.04,-267.124,46.9683,1205.19,-227.998,51.7658,1204.84,-277.237,14.0285,1214.09,-234.938,20.9478,1247.96,-252.74,165.535,1275.67,-256.217,155.042,1276.48,-260.902,147.45,1256.69,-255.593,161.906,0,0,0
013662:1202.7,-263.355,157.033,1197.95,-265.949,159.727,1205.76,-262.445,160.208,1197.02,-267.98,154.294,1220.92,-261.096,155.611,1215.47,-270.409,133.289,1209.96,-248.542,147.968,1194.15,-272.249,108.62,1210.99,-231.167,164.218,1174.53,-264.184,128.519,1214.29,-235.469,186.511,1230.75,-262.068,88.9585,1195.91,-235.073,105.364,1208.04,-267.112,47.1624,1205.19,-227.998,51.7658,1204.84,-277.237,14.0285,1216.03,-234.915,20.4389,1248.68,-251.596,166.547,1280.34,-256.774,156.893,1260.97,-259.684,151.744,1253.78,-254.431,165.041,0,0,0
013663:1214.75,-266.734,149.863,1213.76,-269.6,152.202,1216.09,-265.364,153.475,1214.65,-271.42,149.321,1221.22,-261.11,153.138,1215.47,-270.409,133.289,1204.5,-248.556,149.868,1193.99,-272.257,108.083,1208.9,-231.755,164.308,1174.53,-264.184,128.519,1210.81,-234.401,187.086,1222.8,-262.037,90.1127,1194.11,-235.093,106.045,1207.89,-267.672,47.1912,1205.19,-227.998,51.7658,1208.23,-278.434,12.5179,1216.03,-234.915,20.4389,1238.63,-249.326,172.67,1246.65,-255.032,162.159,1281.44,-259.665,156.426,1256.5,-254.335,175.811,0,0,0
013664:1197.35,-262.927,151.197,1200.01,-266.64,152.748,1199.1,-261.894,154.816,1209.61,-270.57,148.189,1210.31,-259.771,153.68,1215.47,-270.409,133.289,1207.97,-249.654,149.216,1193.99,-272.257,108.083,1208.9,-231.755,164.308,1177.71,-265.841,127.868,1210.81,-234.401,187.086,1222.8,-262.037,90.1127,1194.11,-235.093,106.045,1205.96,-267.656,47.6702,1205.11,-228.002,51.4899,1210.01,-279.028,12.0382,1216.03,-234.915,20.4389,1247.06,-251.527,175.59,1277.44,-258.437,163.647,1268.37,-261.358,156.897,1253.04,-255.514,171.029,0,0,0
013665:1200.08,-263.422,154.095,1197.26,-266.958,156.379,1202.63,-262.811,157.86,1204.94,-271.691,150.46,1221.6,-262.783,154.317,1215.47,-270.409,133.289,1207.9,-249.656,148.937,1198.83,-273.993,105.9,1208.9,-231.755,164.308,1177.71,-265.841,127.868,1210.81,-234.401,187.086,1216.98,-262.009,91.3979,1199.17,-236.716,104.38,1204.04,-267.64,48.1482,1205.25,-227.998,52.0564,1210.01,-279.028,12.0382,1217.97,-234.891,19.9289,1246.05,-251.5,179.245,1286.24,-260.723,166.918,1251.85,-261.228,165.697,1249.18,-256.004,179.839,0,0,0
013666:1195,-263.892,153.836,1196.97,-267.592,155.614,1198.82,-262.87,156.746,1209.9,-271.813,149.974,1210.07,-259.642,154.683,1222.36,-272.801,130.697,1209.32,-249.668,146.627,1198.63,-274.001,105.056,1208.9,-231.755,164.308,1177.71,-265.841,127.868,1210.81,-234.401,187.086,1216.98,-262.009,91.3979,1199.17,-236.716,104.38,1204.04,-267.64,48.1482,1203.35,-228.029,52.5233,1206.19,-278.966,13.3743,1221.85,-234.844,18.9053,1245.09,-252.034,183.451,1292.54,-263.033,168.86,1257.26,-263.436,173.022,1261.84,-257.677,182.772,0,0,0
013667:1210.77,-261.147,155.07,1209,-264.52,157.222,1211.25,-260.611,158.35,1209.05,-269.143,151.974,1229.67,-264.929,152.251,1215.47,-270.409,133.289,1209.32,-249.668,146.627,1191.67,-271.714,106.268,1210.9,-232.28,164.803,1173.97,-265.281,127.78,1210.81,-234.401,187.086,1216.98,-262.009,91.3979,1199.17,-236.716,104.38,1204.04,-267.64,48.1482,1203.35,-228.029,52.5233,1206.05,-278.972,12.7979,1223.81,-234.821,18.3919,1249.4,-254.813,187.112,1286.02,-264.068,178.014,1266.8,-263.918,184.919,1263.29,-254.754,192.507,1200.76,-245.535,264.177
013668:1205.13,-265.166,150.793,1202.7,-268.274,153.119,1208.14,-264.937,153.958,1204.28,-271.173,149.511,1233.79,-267.901,148.908,1202.05,-270.279,135.628,1218.09,-252.437,144.97,1191.67,-271.714,106.268,1208.93,-233.417,165.723,1168.75,-263.627,128.001,1210.72,-234.403,186.818,1214.98,-262.003,91.5406,1199.17,-236.716,104.38,1198.16,-267.598,49.0073,1199.5,-228.094,53.1721,1205.92,-278.977,12.2215,1225.63,-234.802,17.2999,1241.11,-254.203,193.984,1255.87,-267.235,187.283,1238.66,-260.869,199.225,1253.81,-257.533,198.638,1200.03,-245.552,261.663
013669:1216.96,-268.896,146.853,1213.76,-271.898,149.41,1217.42,-267.666,150.88,1208.84,-273.434,147.174,1219.04,-263.382,151.299,1203.78,-270.849,135.289,1219.68,-253,144.095,1191.67,-271.714,106.268,1208.93,-233.417,165.723,1174.17,-263.662,126.601,1210.72,-234.403,186.818,1208.95,-261.985,91.6836,1199.17,-236.716,104.38,1198.16,-267.598,49.0073,1199.5,-228.094,53.1721,1205.85,-278.98,11.9333,1225.63,-234.802,17.2999,1246.3,-254.727,198.043,1249.81,-267.113,195.221,1247.14,-263.653,203.397,1267.98,-258.058,204.895,1198.85,-246.803,259.883
013670:1208.49,-266.356,150.328,1199.4,-268.212,153.94,1212.84,-266.226,153.403,1188.36,-267.882,152.524,1242.36,-270.159,147.542,1201.56,-271.386,135.146,1221.38,-253.561,143.479,1191.67,-271.714,106.268,1208.52,-234.537,165.216,1174.03,-263.667,126.05,1207.17,-233.342,187.124,1208.95,-261.985,91.6836,1199.17,-236.716,104.38,1199.7,-268.185,47.7285,1199.5,-228.094,53.1721,1205.65,-278.989,11.0687,1225.63,-234.802,17.2999,1237.8,-255.795,205.108,1240.31,-269.23,200.446,1237.5,-264.075,213.176,1262,-257.985,213.034,1202.8,-246.796,257.415
013671:1197.55,-264.849,153.838,1196.98,-268.159,156.025,1201.11,-263.873,156.59,1203.86,-272.091,150.794,1215.82,-262.724,152.851,1208.69,-272.577,133.155,1213.73,-253.565,144.929,1191.67,-271.714,106.268,1208.17,-235.101,164.416,1172.17,-263.12,125.567,1207.17,-233.342,187.124,1208.95,-261.985,91.6836,1199.1,-236.718,104.101,1195.75,-268.157,48.1124,1197.55,-228.127,53.3545,1209.21,-280.178,10.1066,1225.63,-234.802,17.2999,1235.24,-255.205,209.483,1237.04,-267.453,208.395,1246.07,-267.961,219.097,1255.82,-257.358,220.018,1202.07,-246.813,254.894
013672:1206.27,-267.182,146.733,1205.53,-270.153,149.136,1207.56,-265.582,150.215,1207.98,-272.472,146.25,1207.83,-260.426,150.956,1214.13,-273.202,131.493,1213.22,-253.583,143.31,1191.67,-271.714,106.268,1205.51,-235.148,162.033,1170.5,-262.567,125.911,1203.74,-231.182,186.842,1217.37,-264.865,88.354,1197.16,-236.741,104.226,1195.75,-268.157,48.1124,1197.55,-228.127,53.3545,1209.21,-280.178,10.1066,1225.63,-234.802,17.2999,1221.68,-253.5,216.651,1236.8,-268.484,215.866,1244.69,-266.205,226.749,1244.3,-255.065,227.065,1201.51,-246.825,253.035
013673:1208.62,-267.607,147.709,1205.34,-270.543,150.331,1209.55,-265.997,151.428,1199.6,-272.968,148.234,1211.37,-261.813,151.63,1220.92,-275.527,129.28,1212.88,-253.596,142.23,1191.67,-271.714,106.268,1210.26,-236.772,159.459,1170.5,-262.567,125.911,1205.37,-230.61,185.142,1217.37,-264.865,88.354,1197.16,-236.741,104.226,1193.85,-268.141,48.5872,1197.55,-228.127,53.3545,1214.25,-281.996,7.54042,1225.63,-234.802,17.2999,1219.13,-251.281,219.287,1222.93,-263.895,225.218,1249.21,-264.501,233.256,1227.24,-249.525,231.377,1200.94,-246.836,251.175
013674:1193.68,-265.102,148.171,1196.71,-269.314,149.758,1198.64,-263.921,151.244,1203.86,-272.665,145.525,1206.19,-258.94,150.704,1220.5,-275.544,127.592,1212.88,-253.596,142.23,1203.66,-275.74,103.398,1210.26,-236.772,159.459,1170.42,-262.57,125.647,1205.37,-230.61,185.142,1217.37,-264.865,88.354,1203.9,-238.92,101.902,1187.97,-268.1,49.1578,1197.55,-228.127,53.3545,1209.21,-280.178,10.1066,1227.72,-234.774,17.3616,1216.28,-250.175,221.65,1207.82,-259.431,229.306,1224.6,-259.378,239.947,1219.49,-245.13,234.736,1200.42,-246.851,249.253
013675:1204.02,-267.559,146.532,1202.03,-270.696,149.163,1206.97,-266.119,150.127,1205.5,-274.2,145.832,1221.55,-263.279,148.247,1220.42,-275.547,127.321,1210.8,-253.053,141.486,1199.53,-275.702,102.799,1215.62,-236.72,157.333,1170.42,-262.57,125.647,1207.17,-230.585,184.556,1217.37,-264.865,88.354,1203.9,-238.92,101.902,1194.75,-270.41,46.8738,1197.55,-228.127,53.3545,1209.21,-280.178,10.1066,1233.69,-234.7,16.0977,1213.03,-249.079,222.973,1207.72,-259.972,229.604,1205.63,-253.88,243.036,1210.58,-245.167,237.928,1203.4,-248.099,245.565
013676:1201.54,-268.427,145.872,1197.96,-271.432,148.6,1205.64,-267.372,149.551,1196.06,-273.225,145.605,1213.2,-262.021,148.91,1216.21,-274.432,125.635,1212.46,-253.612,140.881,1203.08,-276.855,102.319,1215.62,-236.72,157.333,1175.1,-264.248,123.553,1203.71,-229.53,185.133,1215.37,-264.856,88.5003,1207.24,-240.018,100.597,1193.01,-270.38,47.8959,1197.55,-228.127,53.3545,1209.21,-280.178,10.1066,1235.35,-234.698,14.4456,1221.03,-242.869,221.322,1211.44,-257.386,231.051,1221.05,-252.221,242.221,1219.36,-240.985,236.322,1203,-248.105,244.364
013677:1206.88,-265.172,153.815,1209.23,-270.227,154.735,1212.37,-265.17,156.23,1214.2,-275.425,147.776,1212.76,-262.676,152.79,1204.91,-274.326,129.152,1211.89,-250.054,143.476,1191.9,-270.709,109.377,1209.87,-235.92,163.534,1173.76,-264.219,117.949,1195.89,-229.685,187.379,1206.46,-260.872,89.0121,1208.46,-240.252,94.7868,1201.92,-269.104,49.6089,1203.59,-227.701,54.1129,1199.47,-276.111,15.0676,1231.72,-234.078,20.0508,1205.05,-240.729,221.58,1210.26,-251.937,226.756,1220.02,-248.075,237.29,1210.74,-235.609,232.63,1199.49,-246.872,246.133
013678:1206.88,-265.172,153.815,1209.23,-270.227,154.735,1212.21,-265.177,155.55,1209.39,-275.371,147.967,1212.76,-262.676,152.79,1204.91,-274.326,129.152,1211.11,-251.336,142.912,1183.47,-269.367,111.178,1205.14,-235.977,163.677,1169.64,-264.179,120.224,1199.45,-230.896,185.452,1206.3,-260.879,88.3252,1212.32,-241.516,93.2702,1201.74,-269.116,48.9819,1211.56,-230.186,51.4792,1212.13,-278.892,10.9117,1231.53,-234.09,19.4058,1197.26,-238.302,222.708,1202.44,-249.457,227.859,1208.21,-244.375,238.876,1202.9,-233.201,233.71,1184.41,-240.8,246.803
013679:1206.88,-265.172,153.815,1205.28,-268.928,155.464,1208.24,-263.886,156.279,1210.06,-274.116,147.842,1212.6,-262.682,152.109,1204.75,-274.333,128.469,1211.11,-251.336,142.912,1183.47,-269.367,111.178,1204.95,-235.984,163.064,1169.29,-264.193,118.95,1199.45,-230.896,185.452,1201.49,-260.87,88.7417,1212.32,-241.516,93.2702,1205.76,-270.441,47.9817,1215.67,-231.432,50.47,1216.21,-280.264,9.87266,1231.35,-234.102,18.7606,1189.1,-235.903,222.688,1190.43,-245.785,228.361,1187.84,-239.565,240.417,1190.84,-229.634,234.172,1166.31,-234.856,251.796
013680:1206.69,-265.178,153.203,1205.09,-268.935,154.852,1208.05,-263.893,155.666,1214.04,-275.432,147.093,1212.6,-262.682,152.109,1204.75,-274.333,128.469,1210.76,-251.349,141.616,1183.47,-269.367,111.178,1204.62,-235.994,161.717,1173.29,-265.456,118.752,1199.09,-230.906,184.176,1210.14,-262.189,86.7991,1216.22,-242.783,91.6859,1201.74,-269.116,48.9819,1211.01,-231.498,51.6141,1211.63,-280.174,11.7922,1231.53,-234.09,19.4058,1185.12,-233.479,220.65,1178.87,-240.939,227.399,1184.08,-235.911,237.081,1186.44,-227.228,230.921,1156.87,-230.12,256.839
013681:1206.04,-266.437,153.322,1209.04,-270.234,154.123,1207.4,-265.152,155.784,1213.36,-276.689,147.22,1216.4,-263.981,150.752,1208.53,-275.659,127.058,1210.76,-251.349,141.616,1187.17,-270.671,109.737,1208.4,-237.227,160.385,1169.32,-264.191,118.885,1194.82,-229.716,183.56,1210.14,-262.189,86.7991,1207.53,-241.559,93.6063,1205.76,-270.441,47.9817,1206.92,-230.256,52.6175,1199.29,-276.125,14.4359,1231.9,-234.066,20.696,1180.96,-231.068,218.024,1171.36,-237.331,226.561,1172.19,-231.153,234.889,1178.44,-223.662,228.824,1138,-228.018,262.3
014083:82.8387,136.133,-0.628586
