001314:1019.09,-23.5901,136.275,1005.55,-26.8883,141.845,1016.9,-18.574,138.422,1020.01,-26.7059,140.098,1010.97,-10.9934,136.765,1035.98,-25.3496,116.32,997.75,-6.90556,120.51,1054.26,-18.4396,88.5897,993.21,-1.44892,91.7794,1042.61,-24.554,80.4401,983.925,-14.5576,73.7013,1019.49,-16.2167,76.4426,1011.76,1.8495,77.3532,1008.71,-26.054,45.4703,1021.84,24.4993,43.1323,1000.54,-16.694,17.0279,1033.51,56.0666,23.2098,985.395,-43.9389,49.4717,969.335,-46.8625,41.7985,964.19,-60.9362,40.5392,972.569,-58.3734,51.8952,0,0,0
001315:1022.38,-24.2463,135.543,1010.44,-27.8996,140.521,1015.7,-21.6318,138.971,997.559,-22.2671,143.741,1017.25,-12.1283,136.441,1035.98,-25.3496,116.32,1011.62,-10.862,117.322,1048.89,-15.2149,89.5205,1011.12,-4.64815,89.8068,1042.61,-24.554,80.4401,989.338,-15.5614,73.2296,1021.19,-16.5466,75.9988,1009.87,1.19935,77.8469,1013.75,-27.0843,43.8816,1023.73,24.2208,43.0564,1011.37,-18.8756,12.9266,1032.41,55.2036,23.2037,981.892,-45.6408,49.546,971.919,-49.4933,41.9591,962.932,-62.6492,42.5949,982.298,-60.5829,49.4173,0,0,0
001316:1024.3,-24.6238,135.201,1010.76,-27.9416,140.793,1016.12,-21.3932,138.737,1012.87,-27.3414,139.768,1015.32,-12.7424,137.068,1035.98,-25.3496,116.32,999.353,-10.5049,119.897,1059.2,-19.1153,86.3749,1002.66,-3.1476,90.7525,1047.95,-25.5832,79.3981,987.858,-15.3408,72.5533,1025.46,-17.3744,74.8847,1008.76,0.0773257,78.1368,1014.52,-27.2558,43.3182,1027.42,23.6494,42.6579,1013.59,-19.3973,10.9633,1030.23,53.8126,23.01,982.143,-46.5418,50.5521,978.47,-50.9303,40.5007,974.3,-66.4506,40.4756,982.49,-60.5791,50.1336,0,0,0
001317:1027,-25.5184,134.766,1016.6,-29.1347,139.45,1019.77,-22.4309,139.609,1004.82,-25.7712,140.727,1015.72,-13.4967,136.791,1032.74,-26.4407,116.068,1005.63,-13.4103,117.584,1060.43,-21.1929,87.1513,1007.18,-3.99428,89.5536,1053.24,-26.6229,78.0545,988.876,-17.7781,73.5327,1027.18,-17.7069,74.4374,1011.22,-0.707062,77.4924,1012.62,-27.5538,43.685,1030.84,22.4146,41.6931,1013.42,-19.4053,10.3741,1032.92,53.4271,22.2182,976.311,-50.0922,51.7532,980.155,-52.8005,40.4685,990.796,-71.1628,37.184,982.454,-63.2863,50.4501,0,0,0
001318:1026.06,-26.0826,134.675,1012.57,-30.5183,140.053,1018.65,-23.2982,139.954,1004.42,-26.2956,141.927,1017.69,-13.8362,136.95,1032.26,-27.7226,115.697,997.918,-13.5203,119.943,1059.39,-20.9419,88.3255,1008.65,-4.19559,90.4424,1052.31,-26.4508,78.1318,986.864,-17.3384,74.6532,1018.79,-19.0982,76.6236,1008.49,-1.19832,78.2067,1023.88,-30.2214,39.7384,1041.38,19.6659,38.8795,1013.42,-19.4053,10.3741,1032.77,50.8076,22.7192,977.199,-50.2684,51.8072,979.397,-54.7273,41.1517,985.888,-71.8185,38.9313,983.445,-64.9675,51.0905,0,0,0
001319:1023.13,-28.0899,134.868,1010.53,-31.9323,140.363,1020.07,-24.6889,139.483,1001.34,-26.9696,142.945,1022.86,-14.8421,135.766,1031.06,-28.1968,115.358,998.915,-13.6742,120.316,1053.03,-20.1995,87.4575,1015.21,-6.48988,87.6916,1053.15,-26.6263,77.7598,1001.83,-20.4088,69.3179,1018.79,-19.0982,76.6236,1006.01,-1.68976,79.8654,1021.87,-30.5171,39.7887,1043.66,17.8944,37.5854,1013.42,-19.4053,10.3741,1028.24,49.8144,24.571,983.654,-51.7163,49.9641,971.251,-55.9004,43.3776,974.921,-73.2244,40.9014,985.004,-66.2534,50.6466,0,0,0
001320:1013.8,-29.8956,136.161,1009.1,-31.6043,141.132,1017.01,-24.462,139.87,1024.8,-31.6264,139.695,1014.88,-16.9657,137.174,1031.7,-29.0086,115.055,999.735,-13.8342,120.123,1055.97,-21.333,87.6533,1010.25,-6.94399,88.0931,1060.26,-28.0235,75.9527,1007.1,-21.4422,68.1311,1021.29,-19.5995,75.8138,997.362,-4.09682,80.7917,1021.87,-30.5171,39.7887,1032.96,18.5027,37.5961,1013.41,-19.4126,10.4182,1030.9,48.1137,24.2775,986.156,-53.7727,49.7117,979.531,-59.7446,39.0975,971.54,-75.4519,41.8927,983.359,-66.4766,51.1143,0,0,0
001321:1018.43,-30.8554,134.943,1007.76,-34.2806,140.838,1020.45,-26.6067,139.165,1004.31,-27.5806,142.243,1015.74,-17.1007,137.469,1030.37,-30.4348,115.208,1008.82,-15.6054,117.992,1056.72,-21.9122,85.7068,1014.56,-9.3723,87.7601,1062.94,-28.5507,75.2708,1013.53,-23.0615,66.3674,1007.52,-22.6868,76.893,1001.51,-4.87822,79.7049,1021.87,-30.5171,39.7887,998.801,12.6663,46.2875,1007.06,-20.4989,13.0837,1024.6,46.7374,26.9865,977.679,-56.7548,51.0487,979.663,-60.0462,39.6773,976.233,-77.8142,40.5142,986.718,-67.2302,50.6208,0,0,0
001322:1022.09,-31.5636,134.704,1007.38,-35.632,141.277,1021.36,-27.8539,139.479,1006.1,-28.6094,141.798,1014.91,-19.2435,137.768,1021.34,-33.6493,116.773,998.907,-17.286,120.314,1055.86,-21.7127,86.4127,1016.98,-10.7329,88.5503,1068.34,-29.6105,73.9001,1008.73,-23.0153,69.012,1009.19,-23.0213,76.4538,998.813,-5.35898,80.4113,1021.87,-30.5171,39.7887,998.601,12.0283,46.0049,997.987,-22.027,16.3756,1025.49,46.6055,26.7269,987.443,-58.9738,48.566,984.586,-61.1667,38.5434,971.303,-78.4418,41.8053,986.671,-68.1349,50.6333,0,0,0
001323:1022.63,-31.6819,134.479,1007.41,-35.6342,141.328,1019.51,-27.8701,139.54,1006.21,-29.9569,141.618,1008.62,-20.0882,137.345,1016.8,-34.363,118.12,999.762,-17.134,119.948,1051.23,-22.9994,88.1886,1003.67,-12.3866,87.7302,1068.34,-29.6105,73.9001,1007.04,-25.3592,69.4361,1014.19,-24.0309,74.9864,998.813,-5.35898,80.4113,1027.02,-31.5654,38.3201,998.361,10.7505,46.0727,997.987,-22.027,16.3756,1013.43,43.1124,30.2579,994.12,-60.4694,47.2803,972.447,-64.9765,43.022,969.26,-78.7538,44.099,987.954,-71.5431,49.6478,0,0,0
001324:1024.47,-32.0492,134.201,1009.88,-36.1349,141.028,1021.14,-28.5548,139.342,1015.53,-32.1671,140.056,1016.44,-20.5574,137.105,1036.57,-32.5972,115.543,1006.06,-16.0658,118.471,1064.74,-25.5968,85.2625,994.778,-14.5404,92.0006,1068.88,-31.1042,73.7613,996.562,-27.2734,71.4861,1014.1,-24.0344,74.6983,998.813,-5.35898,80.4113,1033.08,-32.7973,36.5944,1010.61,8.16919,41.1017,997.987,-22.027,16.3756,1002.57,40.1824,33.7784,982.522,-63.2761,50.5835,984.252,-68.5029,41.8903,980.217,-82.7816,43.8314,978.137,-73.7417,52.9029,0,0,0
001325:1016.78,-35.4162,133.924,1014.37,-37.1287,139.295,1026.03,-30.2998,137.982,1004.91,-30.0663,141.194,1018.24,-21.2674,136.379,1020.05,-36.1483,121.796,1002.59,-17.3816,122.211,1048.85,-22.4982,89.3605,1000.42,-16.5327,92.1539,1068.43,-32.098,73.2345,1001.64,-28.8968,71.3441,1017.39,-24.7134,73.5215,1001.89,-6.31104,78.9862,1033.08,-32.7973,36.5944,1008.78,7.82893,41.6251,997.987,-22.027,16.3756,1005.51,37.4748,33.9591,993.449,-66.6368,49.1744,989.975,-69.8432,40.3805,975.305,-84.2868,45.5627,981.448,-77.2153,53.1948,0,0,0
001326:1012.71,-37.0291,135.41,1016.72,-37.6075,138.965,1026.07,-31.0334,138.124,1008.87,-30.9004,140.055,1006.08,-23.221,137.652,1023.4,-36.5304,120.691,995.676,-19.3065,120.422,1054.27,-23.6312,86.808,982.957,-18.5457,92.2088,1063.2,-33.8339,74.5941,994.501,-30.7398,73.4387,1025.76,-26.4209,70.847,1001.97,-9.68633,79.8123,1028.23,-33.533,37.6256,1010.71,7.03491,38.9735,997.987,-22.027,16.3756,1001.04,36.5401,35.431,993.612,-67.2388,49.904,993.292,-71.8239,39.8819,977.56,-84.8781,44.286,985.844,-78.7731,53.4856,0,0,0
001327:1012.6,-36.9901,135.674,1007.58,-39.6597,141.704,1023.7,-31.6203,139.134,1012.46,-31.9409,139.679,1019.75,-22.5769,135.424,1026.17,-36.1067,120.054,997.024,-20.5763,119.981,1057.78,-24.9342,86.2126,1003.58,-17.7979,91.6892,1041.38,-37.059,78.4139,975.972,-35.4745,77.6513,1028.48,-27.266,71.2212,1004.49,-9.55254,79.1547,1016.96,-37.0628,39.2933,998.608,4.84809,41.2644,997.944,-22.029,16.2299,997.623,35.7942,37.1072,996.068,-67.8131,49.2075,994.209,-72.9263,40.2393,992.857,-88.6914,39.8405,982.687,-79.1909,54.995,0,0,0
001328:1018.7,-39.0439,133.749,1010.2,-40.9833,141.549,1007.41,-34.899,140.032,1025.63,-39.4319,140.596,1009.33,-24.8942,136.498,1025.09,-36.88,120.303,994.226,-21.9656,121.16,1056.46,-25.5431,87.8186,988.68,-18.9419,93.52,1067.5,-35.0637,73.1781,998.267,-33.5876,71.5175,1018.04,-30.0338,70.9166,1006.16,-9.87202,78.7175,1020.28,-37.777,38.0274,997.706,4.68101,41.5244,997.772,-22.037,15.6473,996.81,35.6075,37.6826,979.734,-70.3216,54.7585,1000.04,-74.2894,38.8586,991.244,-90.9927,41.2353,981.725,-82.5939,55.7271,0,0,0
001329:1015.11,-38.9678,135.419,1009.58,-41.1695,141.425,1010.14,-35.9745,142.097,997.761,-35.9655,146.197,1011.72,-25.2923,137.17,1013.43,-38.8772,120.706,994.27,-21.9641,121.301,1050.14,-27.5884,87.0007,999.793,-18.931,88.5447,1055.25,-37.832,76.31,1000.48,-34.3914,70.8105,1015.21,-30.4745,71.4938,1006.17,-12.0194,79.0258,1021.09,-37.9549,37.6208,1001.91,3.91718,40.3124,997.686,-22.0411,15.3559,1009.78,33.5696,34.542,982.19,-71.492,54.3704,987.948,-78.9062,44.9972,985.508,-91.6783,43.3641,981.847,-84.0844,56.6133,0,0,0
001330:1015.03,-39.7,135.194,1006.72,-42.4103,141.684,1022.25,-34.6804,138.562,1013.28,-33.7868,139.253,1007.86,-26.5143,137.765,1019.66,-38.5317,119.261,994.941,-23.3735,121.761,1049.74,-27.5425,86.5916,986.168,-25.0612,92.301,1062.15,-38.9641,73.5761,993.283,-39.5136,73.0076,1013.95,-31.2597,71.1598,1004.21,-13.2337,78.6035,1021.09,-37.9549,37.6208,994.491,1.63186,42.4498,997.644,-22.0431,15.2102,1014.84,31.7692,33.2384,982.993,-71.684,54.1433,989.525,-79.9044,44.5424,985.637,-93.1753,44.4108,981.023,-84.1858,56.8446,0,0,0
001331:1010.56,-43.396,135.999,1006.76,-44.621,141.437,1022.6,-37.3707,137.828,1015.7,-35.5905,139.154,1009.57,-28.543,137.149,1020.37,-39.0238,118.943,996.613,-23.7016,121.52,1041.79,-26.0406,87.5371,998.788,-21.9889,89.9123,1053.68,-40.1724,74.6045,991.32,-39.4238,73.5572,1016.48,-31.7782,70.4892,1004.75,-14.3249,77.5322,1020.15,-38.0983,37.8905,973.674,-3.048,47.4468,997.644,-22.0431,15.2102,1013.1,31.3982,34.0889,986.987,-73.8519,53.1681,989.704,-81.4139,45.7362,984.499,-94.2554,47.2173,983.132,-85.175,58.5656,0,0,0
001332:1014.67,-41.074,135.634,1005.39,-44.308,141.964,1018.4,-36.864,138.569,1027.08,-37.918,137.23,1012.39,-29.0354,137.705,1015.75,-39.7181,119.847,999.062,-24.1973,120.947,1056.89,-28.8614,86.2266,1003.78,-22.986,88.7237,1052.77,-40.3059,74.8365,999.798,-39.3599,69.1364,1013.4,-32.852,70.792,998.717,-15.3299,78.4922,1021.81,-38.4569,37.2554,992.941,-4.55984,38.1376,997.644,-22.0431,15.2102,1009.49,30.6608,35.3065,1001.79,-78.2845,49.7654,994.766,-83.5034,45.2118,988.973,-97.0628,48.4072,976.086,-86.9643,62.2188,0,0,0
001333:1024.2,-43.1232,133.127,1008.04,-46.3844,140.677,1023.01,-38.9553,137.205,1020.61,-37.9173,138.508,1015.87,-29.7828,136.535,1021.11,-39.8389,119.299,999.88,-24.3629,120.755,1043.02,-26.2593,87.5932,1005.48,-25.3591,87.6637,1056.23,-42.9275,74.2739,991.832,-42.5181,73.4866,1018.17,-32.1249,70.0408,999.194,-16.4124,77.122,1022.66,-38.6356,37.0102,985.938,-7.44247,42.4429,997.644,-22.0431,15.2102,993.178,27.3899,39.534,987.956,-80.6723,55.5253,993.181,-87.0218,47.0594,999.255,-100.74,48.1162,976.556,-88.1437,64.3832,0,0,0
001334:1004.29,-45.4355,137.936,1007.09,-46.1815,140.842,1016.55,-39.8085,138.387,1008.47,-38.6391,142.413,1016.68,-29.9195,136.781,1021.77,-40.6484,119.147,1005.5,-25.5316,118.984,1023.01,-30.0955,91.3843,1000.22,-25.0179,88.1308,1056.23,-42.9275,74.2739,985.101,-43.775,74.2101,1012.6,-32.9975,71.5168,1003.92,-17.4009,74.9436,1022.66,-38.6356,37.0102,984.09,-8.07533,42.9788,997.644,-22.0431,15.2102,1002.7,25.4116,35.5589,992.214,-81.6511,55.1009,999.712,-88.6417,45.1943,995.912,-101.714,49.5328,987.697,-91.9311,64.8417,0,0,0
001335:1010.42,-45.368,136.015,1011.13,-46.6248,139.535,1009.58,-41.9488,140.122,980.655,-43.5822,147.352,1005.17,-32.1988,139.108,1024.24,-41.181,118.42,1007.15,-25.8659,118.597,1033.53,-32.1945,89.2968,1002.15,-26.9384,89.5396,1055.2,-43.0595,74.0494,988.829,-45.0823,76.163,1012.6,-32.9975,71.5168,1003.06,-17.8496,75.1699,1031.57,-41.209,34.0715,987.202,-8.71599,41.452,997.644,-22.0431,15.2102,1005.05,22.7307,35.3642,996.744,-83.226,55.6855,996.165,-91.7773,46.6841,998.652,-104.39,47.6796,995.259,-94.3651,64.3223,0,0,0
001336:1007.57,-46.8801,137.318,1008.91,-48.1316,139.003,1022.93,-41.1738,136.72,1009.21,-41.2938,139.308,1006.39,-33.7878,138.634,1026.68,-41.717,117.548,999.309,-27.979,118.939,1054.91,-32.0972,85.2945,992.223,-27.9363,91.3323,1053.14,-43.9529,73.7662,987.049,-46.0113,76.6608,1021.94,-33.6381,67.8675,1003.06,-17.8496,75.1699,1029.57,-41.4931,34.2931,1002.65,-12.4049,36.133,996.731,-22.1947,15.4899,996.836,19.5267,38.4317,993.051,-85.5277,59.185,989.376,-91.4255,51.0904,995.984,-105.933,51.8559,998.755,-95.4797,64.4498,0,0,0
001337:1010.58,-47.4984,137.146,1004.82,-48.2897,140.403,1023.51,-41.3249,136.188,1025.42,-44.5548,138.413,1009.57,-34.4893,137.374,1028.37,-42.0731,117.156,999.309,-27.979,118.939,1047.25,-30.4313,89.1666,978.355,-33.022,93.3522,1044.09,-45.5726,76.0869,981.723,-47.9611,75.5034,1019.99,-34.077,71.9833,1008.88,-18.6968,73.4768,1027.67,-41.7769,34.8401,1003.38,-12.887,35.7497,996.731,-22.1947,15.4899,998.527,19.2369,37.9398,994.054,-86.3231,59.8329,999.199,-93.6397,51.7222,994.917,-106.107,54.8127,1003.7,-98.5307,64.0371,0,0,0
001338:1009.12,-48.3672,137.183,1002.21,-50.5886,142.698,1008.71,-44.9953,141.926,1012.43,-41.9676,138.753,1008.83,-34.2713,138.457,1026.8,-43.771,116.067,997.182,-29.5203,119.438,1051.29,-31.3056,87.1942,978.585,-32.9708,94.6468,1046.7,-46.1238,75.4156,981.184,-50.4691,75.9894,1018.87,-35.4996,72.9621,1009.94,-18.8534,73.9743,1027.67,-41.7769,34.8401,987.266,-19.0637,39.8601,994.59,-22.4945,14.7681,995.862,14.4031,38.2028,1005.35,-89.2304,59.3506,996.814,-96.6422,54.1029,1005.09,-110.146,54.1359,1006.41,-99.1457,64.2296,0,0,0
001339:1015.44,-49.7234,135.072,1002.59,-52.2054,140.766,1026.85,-44.5958,135.742,1013.59,-42.2116,138.559,1012.27,-36.6933,137.061,1018.59,-45.3055,118.588,993.392,-30.7217,120.177,1047.75,-32.8359,87.8539,990.656,-33.5628,91.1842,1046.7,-46.1238,75.4156,966.502,-52.1973,83.6405,1021.41,-36.0265,72.2938,1014.13,-19.9908,72.8662,1025.77,-42.0599,35.3858,987.266,-19.0637,39.8601,994.55,-22.494,14.608,995.183,11.2019,37.901,1005.09,-92.0458,62.8498,1001.16,-98.8783,54.4421,1016.05,-113.859,52.4916,1001.57,-101.801,67.3907,0,0,0
001340:1003.01,-50.7138,136.936,1000.51,-51.7471,141.176,1018.59,-44.3542,136.937,1025.82,-44.7577,136.675,1008.9,-36.3545,137.311,1019.42,-45.4845,118.394,995.782,-31.2292,119.463,1045.93,-32.4562,88.4763,989.335,-34.1279,88.6948,1047.07,-47.0469,76.9001,991.291,-50.9329,75.5941,1025.49,-35.451,72.5944,1016.67,-20.4908,72.1965,1020.95,-42.7643,36.4196,989.653,-20.5063,39.6323,994.55,-22.494,14.608,1001.55,9.82517,38.2595,1005.09,-92.0458,62.8498,999.774,-101.17,57.0065,1011.02,-115.635,58.5765,1005.42,-103.22,68.8232,0,0,0
001341:1000.07,-53.7458,136.819,1003.32,-53.0432,141.314,1022.98,-46.0162,136.179,1036.89,-47.0326,135.409,1010.28,-39.0318,135.817,1058.28,-40.437,110.726,995.061,-34.6446,120.059,1055.7,-34.8509,84.5079,986.774,-36.1968,90.0301,1048.79,-47.7303,76.4598,988.698,-52.8172,74.0294,1068.06,-29.2192,61.0815,979.766,-26.5879,82.0909,1019.97,-42.9044,36.5283,985.964,-21.739,40.8484,994.55,-22.494,14.608,993.379,6.71108,41.416,1007.68,-92.6558,62.6063,1002.89,-102.084,58.948,1008.06,-117.168,62.0433,1008.3,-103.532,69.4385,0,0,0
001342:1014.24,-52.0547,134.9,1004.11,-53.2395,140.861,1023.6,-46.5332,135.856,1033.21,-47.282,135.939,1016.97,-38.1382,133.767,1065.36,-40.5917,107.558,996.684,-34.9863,119.677,1051.73,-34.698,85.3343,990.836,-37.0745,88.7964,1043.22,-48.8186,77.408,989.41,-56.2564,74.8719,1047.81,-32.5856,65.0314,983.523,-27.9914,79.3032,1019.97,-42.9044,36.5283,992.761,-24.5233,37.571,994.55,-22.494,14.608,994.217,6.5595,41.1736,1005.39,-93.5469,64.4733,1002.96,-102.084,59.2414,1007.9,-117.833,65.2031,1012.3,-103.753,70.8606,0,0,0
001343:1011.68,-53.7414,134.872,1009.47,-54.2084,140.795,1011.5,-49.1193,138.393,1012.68,-50.8605,140.896,1018.7,-39.2191,132.653,1063.4,-41.5323,108.91,989.566,-36.408,121.512,1049.41,-34.521,86.2917,996.902,-38.2673,88.6049,1044.52,-49.1396,76.4483,987.032,-55.8273,78.4633,1067.97,-31.165,62.0135,1006.12,-25.2616,74.6685,1021.68,-43.2681,36.036,995.118,-27.126,34.9537,994.55,-22.494,14.608,989.322,3.82436,42.0951,1004.06,-94.6401,66.6977,1009.27,-103.237,59.5279,1011.88,-118.689,66.9352,1012.22,-103.754,70.5664,0,0,0
001344:1012.98,-54.0377,134.46,1010.52,-54.7034,138.967,1017.34,-48.9321,136.268,1011.93,-52.0665,140.567,1003.78,-42.3221,136.851,1062.19,-42.0049,108.72,985.102,-38.0217,123.212,1058.31,-36.3512,83.6656,992.97,-40.1053,89.3108,1042.35,-49.1304,74.9905,986.741,-57.4296,78.8818,1066,-31.7956,62.9056,986.76,-28.6623,78.4447,1023.39,-43.6324,35.5426,996.628,-28.1044,34.51,994.55,-22.494,14.608,991.75,3.05164,41.378,1005.25,-95.4426,68.087,1022.32,-106.411,58.1421,1016.99,-119.172,69.3483,1011.85,-104.809,76.4188,0,0,0
001345:1015.36,-54.5365,134.313,1008.34,-55.3081,139.574,1022.62,-50.0345,135.716,1009.62,-51.5983,140.531,1003.1,-43.456,137.615,1061.85,-42.9791,108.623,986.337,-39.2943,122.472,1043.22,-39.3189,86.4944,988.954,-41.8643,90.7053,1035.79,-49.4604,79.1993,994.056,-59.8187,76.458,1068.54,-34.4791,59.7939,990.609,-29.5137,76.6574,1024.21,-43.8168,35.1489,992.853,-31.2305,37.6227,994.55,-22.494,14.608,996.534,0.857853,40.1471,1012.83,-97.3798,70.0999,1016.4,-108.319,64.4501,1021.5,-119.695,72.3289,1011.15,-105.806,77.6986,0,0,0
001346:1011.85,-56.4132,134.67,1011.06,-55.8741,139.529,1010.93,-52.6454,137.887,1014.06,-52.5522,139.893,1006.32,-44.1609,136.744,1060.73,-43.4469,108.727,981.316,-40.5922,121.738,1055.38,-38.9795,84.0436,992.512,-42.7149,88.6866,1042.82,-52.218,77.8363,996.371,-60.3651,75.6143,1072.25,-34.874,58.8187,993.015,-30.0233,75.8643,1024.21,-43.8168,35.1489,974.498,-36.9173,44.132,994.55,-22.494,14.608,995.24,-1.21692,40.5068,1008.83,-97.847,72.2496,1016.8,-109.218,66.3748,1020.09,-119.24,73.6254,1012.67,-106.597,80.2372,0,0,0
001347:1016.08,-56.5618,133.721,1014.82,-56.9399,137.998,1009.65,-52.7857,137.39,1024.12,-54.7149,138.42,1007.43,-44.7714,135.964,1059.57,-43.9126,108.65,983.66,-41.1113,121.035,1051.72,-39.0476,86.9743,989.895,-43.5082,88.8875,1040.26,-52.6657,77.8842,994.172,-62.138,77.2553,1074.93,-35.4202,57.9507,988.928,-32.4829,76.9491,1031,-42.8321,33.723,992.083,-41.1008,38.0711,994.55,-22.494,14.608,992.113,-2.97843,40.7452,1014.17,-99.082,72.2239,1017.49,-109.801,69.1541,1015.91,-117.89,77.6638,1016.77,-106.528,81.9853,0,0,0
001348:1008.42,-59.0737,134.895,1016.28,-58.3873,137.441,1002.59,-55.6494,138.865,1025.98,-55.1226,138.021,999.45,-47.2953,138.033,1046.4,-46.1768,113.356,983.66,-41.1113,121.035,1051.91,-39.4429,86.3818,991.555,-43.7275,90.4045,1020.68,-54.6467,84.107,992.527,-62.0554,78.1956,1069.56,-37.4685,59.0155,991.202,-33.6228,76.3442,1005.96,-47.4245,39.9671,991.284,-43.9444,38.1028,992.959,-22.0795,16.4924,993.098,-4.88979,39.1649,1020.06,-100.628,74.4236,1019.75,-109.617,70.7546,1020.8,-118.366,79.0511,1023.52,-107.145,86.6167,0,0,0
001349:1007,-59.9274,135.599,1012.73,-59.0963,138.419,1002.5,-56.7373,139.486,1032.35,-53.3661,133.843,997.817,-48.3573,138.76,1064.1,-45.4851,108.944,986.054,-41.6305,120.468,1053.09,-40.0548,85.3832,994.719,-45.5191,88.292,1026.42,-57.2572,81.5921,1009.25,-63.3854,75.6202,1068.66,-37.2863,59.2536,991.202,-33.6228,76.3442,1002.31,-48.579,41.1641,997.846,-46.3245,36.9693,996.288,-22.7505,15.4715,987.473,-6.80453,40.6436,1017.75,-100.897,76.1105,1020.17,-109.602,72.2028,1026.94,-119.905,78.7166,1032.17,-109.296,85.5291,0,0,0
001350:1006.71,-61.3442,135.039,1012.1,-60.3014,137.843,1003.19,-58.5267,138.832,1030.17,-53.819,133.596,997.391,-50.1409,138.593,1060.01,-48.4852,108.022,982.548,-42.1688,121.296,1050.2,-40.0962,86.1032,990.218,-46.7084,91.8403,1023.21,-58.0681,83.2815,1004.62,-63.7112,77.2099,1068.66,-37.2863,59.2536,990.785,-34.8775,76.1182,993.413,-46.8255,42.9058,976.099,-49.8651,43.4742,996.288,-22.7505,15.4715,976.312,-9.64189,42.5438,1019.96,-101.603,77.7085,1026.7,-111.096,73.1419,1030.09,-120.857,80.5696,1038.57,-110.251,88.767,0,0,0
001351:1005.17,-62.2891,135.597,1011.84,-61.2102,138.055,1000.52,-59.3525,139.533,1032.45,-54.6067,132.826,993.443,-51.0782,139.014,1060.01,-48.4852,108.022,982.309,-43.091,121.352,1051.41,-41.3048,85.7883,999.817,-46.6477,91.687,1025.33,-58.5297,82.8562,1011.8,-67.0107,75.31,1068.88,-37.277,59.9999,991.345,-35.9908,75.9687,995.15,-45.8217,45.4888,981.785,-51.439,42.2813,997.2,-22.5992,15.1919,974.672,-12.6312,42.5551,1022.95,-102.223,78.8022,1037.16,-113.772,75.1323,1032.67,-121.272,83.3461,1037.51,-110.412,91.855,0,0,0
001352:1007.72,-63.4958,135.036,1013.55,-62.1353,137.876,1003.57,-60.8325,139.005,1032.45,-54.429,133.634,998.166,-52.7705,138.727,1048.6,-50.1166,111.358,989.273,-46.5023,120.589,1056.97,-42.7504,84.775,1007.33,-48.8411,89.0538,1029.27,-60.9523,82.2718,1017.04,-68.0584,74.7694,1059.88,-39.883,63.0345,994.274,-37.0018,74.2226,985.354,-46.8864,45.1017,982.596,-51.6208,42.0454,998.787,-22.9398,14.3887,1001.61,-20.4916,31.7768,1022.51,-102.615,80.7984,1036.76,-114.456,77.4403,1039.92,-122.753,83.4146,1037.77,-110.401,92.7203,0,0,0
001353:1007.76,-64.27,136.07,1013.1,-63.1782,138.826,1003.5,-61.3004,139.973,1033.27,-56.4255,133.063,996.847,-53.0756,138.889,1048.6,-50.1166,111.358,994.015,-47.8725,119.47,1053.09,-43.6077,84.842,1001,-48.6053,91.1072,1021.81,-60.6564,82.4862,1009.32,-68.2344,75.5004,1061.67,-40.2484,62.5656,988.789,-36.7124,77.3674,992.12,-48.168,43.777,982.556,-51.6207,41.8868,1000.54,-22.636,13.5054,999.778,-20.7964,32.3145,1024.82,-103.319,82.6875,1035.23,-114.621,78.7726,1039.27,-120.802,90.1673,1037.25,-110.48,94.2585,0,0,0
001354:1005.71,-65.3335,135.284,1011.21,-64.4991,138.151,1002.04,-62.5652,139.245,1027.56,-57.8147,134.494,999.014,-54.7177,138.616,1048.6,-50.1166,111.358,992.364,-48.1329,120.323,1049.74,-42.9366,85.2944,1015.06,-50.4602,87.0275,1015.58,-61.8589,82.8931,1021.42,-71.6652,73.8709,1060.69,-40.3916,62.8224,995.999,-35.5682,74.8953,988.712,-50.6738,45.1283,992.58,-53.1834,39.0866,1001.46,-22.4842,13.2237,998.066,-25.0897,33.4325,1028.1,-104.251,85.1446,1036.87,-114.821,81.502,1043.99,-122.209,90.8699,1040.44,-110.192,95.3373,0,0,0
001355:1006.25,-66.3366,134.812,1011.33,-64.6961,137.834,1001.99,-63.6958,138.85,1028.79,-56.6438,133.635,993.611,-55.3138,139.146,1061.82,-52.913,108.599,986.253,-49.0498,122.087,1058.03,-46.3036,82.7271,1005.53,-52.7708,90.7993,1021.68,-63.239,81.3422,1013.23,-71.9004,75.9476,1055.69,-41.4321,63.9759,990.867,-37.5424,75.5416,990.828,-50.7649,44.0678,992.195,-60.8275,40.5154,1001.46,-22.4842,13.2237,996.091,-26.0256,34.0119,1029.23,-104.456,85.9512,1037.45,-114.802,83.5481,1041.63,-121.581,95.5113,1040.15,-110.276,97.9348,0,0,0
001356:1007.3,-67.4148,134.098,1015.51,-66.3922,136.607,1000.88,-64.3088,138.666,1036.44,-59.0115,131.9,992.573,-56.2003,138.954,1058.02,-53.4458,109.794,986.253,-49.0498,122.087,1052.64,-45.804,84.1328,1004.09,-53.836,89.3317,1019.23,-64.4807,83.2552,1006.64,-72.6544,79.2488,1058.35,-41.9816,63.2763,990.151,-38.5887,76.747,992.291,-51.3009,42.7369,992.195,-60.8275,40.5154,1001.46,-22.4842,13.2237,982.795,-29.3527,36.4023,1032.42,-104.77,87.4823,1037.67,-114.8,84.443,1039,-121.89,99.9199,1038.45,-109.849,98.5224,0,0,0
001357:1005.24,-68.8889,134.729,1010.97,-67.2121,137.717,1000.35,-66.2338,138.7,1030.13,-58.6271,133.809,993.525,-58.0479,138.903,1058.02,-53.4458,109.794,986.588,-50.7671,121.857,1043.33,-45.4187,86.6098,997.464,-52.2325,94.6617,1016.33,-64.1279,84.1154,1002.65,-71.7561,81.7298,1056.32,-42.265,63.4618,990.797,-39.3662,75.9874,998.426,-53.3859,42.0133,996.387,-61.7657,39.6105,1004.22,-22.0277,12.3765,984.807,-30.8202,35.0131,1031.98,-104.843,89.1424,1041.81,-115.048,85.9143,1045.02,-121.384,101.145,1036.68,-110.087,102.213,0,0,0
001358:1003.36,-69.6543,135.998,1008.4,-68.6009,138.993,997.098,-66.442,140.206,1024.39,-61.0313,134.883,988.517,-57.934,139.993,1053,-54.7533,110.959,984.784,-51.0272,122.132,1056.47,-48.2053,83.0906,1010.04,-54.5443,90.0274,1024.18,-65.9177,82.0932,1008.82,-73.9432,80.2056,1053.66,-43.8511,62.643,997.327,-40.7693,74.3159,1015.23,-50.8625,33.9604,996.501,-64.7848,39.9149,1004.22,-22.0277,12.3765,990.393,-32.0317,32.7347,1032.19,-104.835,89.8664,1043.77,-114.931,89.5123,1048.65,-120.129,99.7924,1047.36,-109.014,99.6464,0,0,0
001359:1005.03,-70.4442,135.266,1012.34,-69.0038,137.768,1000.03,-67.5897,139.173,1031.21,-60.378,133.627,995.057,-59.2667,138.532,1052.68,-55.7148,110.862,985.371,-51.82,121.829,1050.45,-47.8441,85.4528,1017.39,-57.394,85.5663,1021.59,-66.8658,83.3263,1017.24,-76.5849,78.3864,1056.09,-44.7328,61.5061,996.101,-41.8276,73.7827,1031.62,-53.7745,29.2583,986.66,-66.1363,43.2716,1001.6,-24.6546,14.0745,988.268,-33.2703,33.0212,1034.45,-104.949,91.5004,1046.41,-115.594,89.176,1052.2,-119.239,101.767,1051.67,-108.637,101.445,0,0,0
001360:1005.07,-71.7748,135.419,1012.44,-70.1881,137.85,1000.46,-69.3931,139.555,1031.83,-61.4516,133.197,989.267,-61.2895,140.329,1052.68,-55.7148,110.862,984.237,-52.8698,122.095,1053.27,-49.1735,83.4916,1010.69,-57.8657,89.1009,1022.67,-68.2546,80.5533,1016.34,-78.0619,77.8095,1056.09,-44.7328,61.5061,991.379,-42.605,76.6316,1038.25,-55.798,28.8328,980.428,-66.9872,45.2421,1009.93,-23.2227,9.82445,999.545,-37.8228,27.0822,1034.71,-104.947,92.5387,1049.15,-115.335,88.6581,1050.34,-117.628,104.401,1052.21,-108.615,103.187,0,0,0
001361:1005.73,-72.8668,135.495,1011.78,-71.1469,138.24,1001.24,-70.2415,139.341,1028.99,-62.0901,134.359,996.2,-61.9814,138.542,1055.2,-56.2849,109.963,987.289,-54.202,121.539,1049.43,-48.9861,84.654,1026.5,-59.5705,83.8366,1021.1,-67.5367,81.6172,1022.39,-79.0504,77.6274,1057.82,-45.1048,60.889,989.492,-43.4327,75.4889,1032.53,-55.9246,30.3763,988.278,-70.1361,43.4339,1009.93,-23.2227,9.82445,994.848,-38.53,27.9655,1033.34,-104.206,93.9722,1039.82,-112.656,94.3979,1046.89,-115.572,107.704,1046.59,-107.078,105.916,0,0,0
001362:1003.33,-74.5791,135.579,1010.76,-72.4931,138.035,998.029,-72.1972,139.676,1029.35,-62.3158,133.629,986.907,-63.8855,140.08,1054.94,-56.606,109.339,983.756,-55.0176,122.696,1044.59,-49.4426,87.3842,1020.57,-61.7482,85.3234,1032.44,-68.8585,78.775,1020.25,-80.8873,78.8067,1057.43,-46.086,60.5141,990.206,-44.21,74.9236,1034.53,-56.219,31.778,987.409,-70.5635,44.1632,1009.93,-23.2227,9.82445,992.984,-38.8118,28.3494,1033.58,-104.2,94.8483,1057.11,-113.758,92.5537,1048.07,-115.479,108.524,1053.38,-105.815,106.052,0,0,0
001363:1006.61,-74.9068,134.549,1013.64,-72.9003,137.048,1002.24,-72.2445,138.393,1030.74,-63.1007,132.943,992.935,-63.5415,138.347,1022.37,-49.9706,120.125,1009.08,-61.8178,115.978,1047.22,-49.9966,86.8119,1011.36,-64.1756,88.1951,1024.81,-68.646,81.3478,1014,-81.8576,81.2174,1002.13,-36.9123,78.6903,1007.72,-50.6072,68.9628,1032.41,-56.1644,31.4293,986.264,-73.1637,46.4472,1009.93,-23.2227,9.82445,991.789,-39.5865,28.1908,1039.82,-105.689,94.4004,1052.8,-111.779,96.4171,1052.54,-114.19,110.297,1052.05,-105.368,107.768,0,0,0
001364:1004.69,-76.3603,135.428,1014.25,-74.4253,137.546,998.749,-73.9219,139.683,1032.58,-63.0822,132.727,986.502,-65.8898,139.973,1023.91,-50.3392,119.31,1009.53,-63.2518,115.887,1063.65,-54.5902,81.0792,1019.44,-67.3763,83.9451,1047.09,-74.1962,74.1945,1024.53,-85.9468,78.0224,1000.33,-37.1921,79.1632,1008.97,-50.7191,68.2672,1021.97,-56.1324,31.1701,987.849,-77.7802,47.4222,1009.53,-23.2188,8.2063,984.78,-41.8391,29.0031,1041.76,-103.737,97.2262,1054.78,-110.979,96.2526,1061.23,-113.397,110.501,1054.5,-104.86,109.55,0,0,0
001365:1004.65,-76.9492,134.504,1013.26,-75.0328,136.845,998.139,-74.718,138.867,1026.56,-63.2813,133.557,983.525,-66.9902,140.231,1020.79,-51.3698,119.405,1010.76,-64.5667,115.141,1048.36,-52.4227,87.4838,1028.15,-65.8833,82.3657,1037.84,-71.9254,78.4189,1021.4,-84.0581,78.8592,996.693,-37.7495,79.9491,1012.31,-50.8496,67.6027,1017.01,-55.1363,31.0971,990.322,-78.3673,46.8683,996.083,-25.5451,15.4238,1000.35,-47.9898,23.3853,1042.76,-103.643,97.4568,1055.94,-110.887,97.0857,1067.97,-110.362,112.591,1054.14,-103.395,110.88,0,0,0
001366:1005,-78.0663,134.702,1014.7,-76.3163,136.778,997.4,-75.5359,139.281,1029.85,-65.4195,132.583,979.137,-67.4834,140.933,1018.69,-51.6379,118.933,1007.11,-65.0582,116.002,1052.83,-53.828,84.8842,1015.44,-68.5598,85.2516,1030.86,-72.2437,75.9342,1013.86,-87.9769,83.2647,996.693,-37.7495,79.9491,1010.64,-53.2062,67.9067,1013.05,-54.924,32.3372,990.728,-80.4248,47.3683,996.083,-25.5451,15.4238,994.836,-48.8025,25.0414,1044.97,-103.142,98.4939,1061.82,-110.346,97.4302,1063.69,-109.566,114.039,1038.15,-99.337,115.513,0,0,0
001367:1004.26,-78.4013,134.802,1016.01,-77.1512,136.18,997.332,-75.9647,139.317,1029.48,-66.1586,131.905,979.319,-68.1879,140.867,1013.23,-52.4242,120.366,1004.19,-66.0456,116.689,1047.61,-52.6566,86.8653,1013.43,-69.6232,86.069,1033.09,-73.2835,76.8397,1006.19,-86.4678,85.1907,999.241,-38.2686,79.5877,1016.02,-52.762,67.0529,1011.88,-54.6481,32.9021,988.718,-83.1164,50.1588,992.227,-24.6853,17.7089,988.918,-50.878,26.5038,1045.02,-103.14,98.6387,1056.42,-107.855,100.757,1061.07,-108.908,114.636,1042.68,-98.8603,114.937,0,0,0
001368:1003.86,-80.1748,134.076,1011.38,-78.2862,136.628,999.262,-78.4549,138.236,1016,-65.9225,135.122,982.338,-71.5144,140.369,1015.7,-53.2842,120.124,1005.49,-67.3548,116.23,1053,-53.7921,85.8471,1012.76,-70.7298,87.5343,1039.63,-74.6293,77.3354,1014.87,-86.5556,83.2973,1002.54,-38.9682,78.7238,1017.85,-54.3766,68.1654,1014.66,-55.3125,31.5505,985.221,-83.5618,51.6585,990,-24.3792,16.2196,985.208,-54.4355,27.319,1041.87,-102.273,100.331,1060.39,-107.487,101.246,1057.29,-106.259,116.746,1053.01,-97.7999,114.761,0,0,0
001369:1002.05,-81.2911,134.9,1010.71,-79.8056,136.912,996.099,-78.7687,139.182,1020.14,-68.8647,133.427,978.631,-70.5386,140.532,1015.35,-54.5359,120.205,1006.21,-67.8545,116.06,1016.64,-46.1775,92.0157,1008.59,-74.2446,87.9239,1004.61,-66.567,85.717,1017.75,-89.2485,82.065,1003.04,-40.0857,78.2546,1019.62,-55.0571,68.2935,1021.92,-56.8649,30.2392,986.152,-83.7542,51.8554,993.682,-25.0777,15.8455,965.35,-57.8949,33.2867,1040.55,-100.611,101.584,1063.93,-107.121,99.928,1062.77,-105.706,115.659,1053.01,-97.7999,114.761,0,0,0
001370:1001.71,-81.6009,134.242,1012.76,-80.0284,135.898,995.468,-79.2103,138.716,1022.74,-68.7182,132.851,975.923,-71.8289,140.894,1011.6,-55.3647,121.072,1008.53,-68.4287,115.058,1055.87,-55.5984,86.5219,1008.58,-75.7233,87.5615,1016.22,-69.2432,82.8871,1020.65,-89.6665,82.276,1003.04,-40.0857,78.2546,1013.87,-57.6852,69.906,1019.98,-56.4225,30.9607,987.548,-85.0825,51.7965,993.668,-25.0504,16.21,995.757,-65.6562,23.67,1040.68,-100.606,102.017,1056.34,-105.157,102.843,1063.36,-103.528,116.785,1054.68,-96.6809,113.432,0,0,0
001371:998.622,-83.0844,134.36,1009.17,-81.0299,136.178,994.257,-80.5492,138.422,1021.82,-69.0766,132.648,976.722,-72.2658,140.172,1011.6,-55.3647,121.072,1007.14,-70.1015,115.386,1039.72,-55.0408,89.6787,1001.52,-77.7381,90.5111,1028,-71.9611,80.0021,1021.77,-91.1552,83.7236,995.354,-42.4378,79.6159,1007.91,-58.5223,71.7485,1023.03,-57.1083,29.9507,995.323,-87.4932,47.8128,996.077,-25.5968,14.6458,1005.07,-68.6203,19.0474,1046.83,-99.9419,100.226,1054.09,-104.497,104.631,1066.4,-101.689,116.568,1049.12,-95.1099,112.983,0,0,0
001372:998.357,-83.7685,135.279,1006.92,-81.7705,137.371,996.002,-81.3262,138.8,1014.8,-69.7315,134.551,982.89,-73.1812,139.369,1011.2,-56.6141,121.013,1007.23,-72.4663,115.212,1052.13,-58.5904,88.318,1007.13,-78.1192,88.9731,1046.89,-76.2374,76.4286,1024.51,-90.3729,81.9289,998.866,-43.1452,79.6959,1007.58,-58.5751,72.0502,1020.76,-56.5913,30.7848,995.903,-87.9401,48.0588,996.969,-25.7811,14.3302,969.26,-73.2099,25.2644,1046.83,-99.9419,100.226,1054.17,-103.258,104.29,1063.95,-99.7996,117.279,1058.67,-93.2189,101.584,0,0,0
001373:1005.12,-84.0218,132.366,1012.98,-82.665,134.774,1001.04,-81.7656,136.965,1020.52,-71.0447,132.115,985.025,-73.3624,139.086,1012.67,-57.2977,120.368,1004.35,-73.1313,115.741,1052.96,-58.8776,86.6676,1030.06,-83.1022,85.8058,1040.96,-75.0019,76.1634,1024.68,-93.0718,82.1574,997.965,-43.2811,79.9317,1007.91,-59.989,70.3687,1023.97,-57.3595,29.1096,992.701,-89.8168,49.3102,997.126,-25.7818,14.7441,976.352,-76.407,21.1516,1045.41,-99.2066,101.672,1057.09,-101.731,103.751,1066.72,-99.2002,116.654,1043.53,-92.7518,104.71,0,0,0
001374:1003.63,-85.0067,132.477,1012.28,-83.8966,134.515,1000.89,-83.037,136.868,1020.15,-71.8962,131.101,983.878,-75.4037,138.947,1013.49,-57.4823,120.176,1000.53,-74.2174,116.646,1044.68,-58.3998,87.9772,1005.94,-86.8653,91.2583,1041.68,-76.2696,74.0735,1008.62,-93.5443,87.0995,999.605,-43.6355,79.5017,1002.67,-61.6162,71.8757,1018.92,-58.8992,31.4816,995.809,-91.6267,48.1619,997.354,-25.8001,15.0885,995.336,-80.8686,13.2634,1051.67,-98.5346,100.175,1066.59,-100.152,102.945,1059.6,-96.5648,117.319,1045.14,-91.9382,103.385,0,0,0
001375:1004.7,-86.8488,132.792,1013.6,-85.654,134.909,1001.41,-84.2754,137.113,1021.37,-72.6448,131.421,986.423,-75.2647,138.075,1014.92,-58.4789,119.693,999.184,-75.5688,116.812,1053.03,-60.8101,86.8954,1001.78,-88.2533,92.3813,1006.96,-70.0907,82.9441,1023.87,-98.4845,83.3549,1001.57,-45.1161,78.0348,1001.45,-61.7633,71.5182,1012.76,-57.5001,33.5475,993.464,-92.0984,48.2112,991.569,-25.9625,14.0234,994.605,-80.9731,13.9767,1048.33,-97.0662,101.131,1089.43,-95.1848,94.986,1084.28,-91.999,110.601,1065.43,-87.7162,107.309,0,0,0
001376:1001.21,-87.6591,133.453,1011.57,-86.6232,135.164,997.513,-85.1943,137.965,1023.23,-74.3228,130.221,983.125,-76.8278,138.562,1015.66,-58.9771,119.521,1000.09,-77.5034,115.83,1046.65,-61.012,88.0429,1002.77,-89.3147,91.9223,1016.8,-71.4996,79.6313,1016.24,-97.9964,85.8231,1003.06,-46.101,77.6447,1002.52,-62.2117,71.0051,1014.32,-58.2055,32.8311,986.903,-93.7463,50.7608,990.226,-26.9565,13.5712,994.605,-80.9731,13.9767,1062.08,-95.5038,94.9738,1089.57,-92.9681,94.6318,1075.18,-89.7902,108.372,1062.95,-84.9091,107.727,0,0,0
001377:1003.77,-88.0901,132.754,1013.63,-87.052,134.505,1001.55,-85.7966,136.904,1023.21,-74.595,130.139,988.595,-77.3821,137.447,1003.8,-60.6132,122.272,996.874,-78.7701,115.763,1053.84,-62.5999,86.273,1002.57,-91.7128,92.0724,1019.42,-71.4665,79.1059,1009.08,-98.7853,86.8616,1003.06,-46.101,77.6447,1002.9,-63.6366,70.0185,1011.33,-58.9033,33.4566,982.495,-96.6897,51.2305,991.602,-26.5807,13.4678,981.182,-89.4354,14.4287,1068.81,-94.4004,90.7874,1087.12,-92.2368,92.6401,1073.22,-88.4312,107.71,1064.17,-85.343,105.558,0,0,0
001378:1005.02,-90.0309,132.604,1015.2,-88.9068,134.359,1002.73,-87.6716,136.775,1022.55,-75.4931,130.249,988.576,-79.31,137.013,1003.54,-60.9295,121.73,997.436,-79.5797,115.463,1018.62,-54.8963,93.8901,997.911,-94.5925,92.4866,1022.77,-72.246,78.2382,1011.94,-102.296,86.4822,999.316,-46.638,78.1244,1001.11,-64.4758,70.3694,1010.07,-60.2677,34.3469,985.902,-98.2329,50.3018,991.815,-26.7268,13.1818,972.565,-90.7675,17.3625,1060.6,-92.5017,91.838,1087.12,-92.2368,92.6401,1060.21,-84.2967,108.055,1062.04,-83.9149,100.839,0,0,0
001379:1000.09,-90.785,133.898,1011.27,-89.8445,135.343,997.581,-88.4834,138.132,1020.74,-75.9017,130.378,983.959,-79.7178,138.257,1004.1,-61.4254,120.937,992.853,-80.1424,116.207,1034.41,-58.366,90.2739,1010.26,-96.1845,90.3925,1020.9,-72.4713,78.2433,1020.46,-104.268,85.5261,995.674,-47.1725,78.915,1004.86,-66.3774,69.6069,1004.26,-59.0226,35.0974,985.561,-98.4967,50.2057,992.805,-26.1738,13.9499,974.454,-96.3002,16.3033,1048.63,-93.801,93.6414,1085.04,-91.818,92.1769,1060.97,-83.7904,103.611,1061.96,-83.304,100.554,0,0,0
001380:1001.9,-92.4505,133.797,1011.91,-91.2101,135.597,999.023,-90.061,138.015,1020.36,-77.1912,130.908,982.561,-81.4451,138.547,1007.28,-62.1699,119.863,989.147,-80.5914,116.594,1043.38,-61.4067,86.7001,1004.15,-98.929,91.3737,1030,-75.3459,74.4117,1013.82,-106.161,87.2453,998.279,-49.7674,77.5718,1002.48,-67.3088,70.6843,1011.91,-61.3843,33.3181,991.247,-100.93,49.0895,1000.99,-27.2535,11.5704,980.546,-100.235,14.3611,1048.46,-93.8066,93.0557,1065.13,-92.1675,97.8976,1058.12,-81.9357,103.025,1056.24,-82.7097,100.501,0,0,0
001381:1004.03,-92.6032,132.184,1013.06,-91.3107,134.243,1001.26,-90.5706,136.46,1019.24,-77.622,130.094,982.187,-82.616,137.852,1005.88,-63.5362,119.691,990.737,-80.9799,116.214,1032.93,-60.0485,89.0746,1006.42,-98.6656,90.1898,1030.44,-75.4723,74.0663,1022.48,-107.021,83.8048,1000.74,-50.0005,76.6166,1004.69,-69.1265,70.4204,1010.14,-61.0426,33.0268,988.776,-100.618,50.0151,998.347,-27.1494,12.9564,976.774,-102.709,14.7858,1043.82,-92.7681,92.9383,1070.86,-93.9193,91.7784,1052.04,-80.7411,101.49,1048.85,-82.02,101.014,0,0,0
001382:999.188,-93.8414,132.599,1010.09,-92.8541,134.218,996.749,-91.6649,136.891,1014.23,-78.2805,130.755,977.523,-82.7796,138.603,1007.98,-64.7232,118.566,985.305,-82.2533,117.955,1041.73,-62.1709,84.6843,996.917,-101.782,92.8086,1025.24,-74.2931,74.9548,1011.86,-110.486,86.1197,1003.9,-50.7315,75.32,1005.36,-69.936,70.0947,1004.2,-59.7677,33.6401,986.913,-100.897,49.4926,996.313,-27.4832,14.0686,978.728,-104.887,13.7087,1040.87,-92.1534,92.2553,1038.64,-86.1916,99.5747,1042.73,-79.9661,101.523,1048.63,-82.0287,100.286,0,0,0
001383:1001.89,-95.045,131.241,1013.05,-94.446,132.909,1000.7,-92.8612,135.485,1016.75,-80.3098,129.909,983.366,-84.2987,137.444,1008.8,-64.9113,118.374,991.109,-83.6087,117.468,1041.73,-62.1709,84.6843,992.084,-104.051,93.237,1027.72,-74.8864,74.1509,1011.82,-110.786,86.0626,996.369,-52.0939,76.4706,1005.41,-70.8139,69.5577,1004.63,-59.8786,33.3324,1005.92,-101.294,39.3526,1004.92,-26.0984,12.0598,982.26,-107.639,13.0532,1036.34,-91.125,92.4407,1049.68,-88.8762,96.4349,1033.6,-80.1267,102.322,1074.09,-90.7178,88.4543,0,0,0
001384:1002.45,-95.6231,130.718,1012.66,-94.7557,132.582,1000.82,-93.6743,135.05,1014.13,-80.0187,129.815,981.504,-85.5043,137.251,1009.48,-65.4122,118.063,992.57,-86.344,116.323,1038.31,-62.6468,86.1824,994.018,-105.928,94.061,1030.18,-75.4836,73.1996,1007.08,-112.763,88.1448,995.9,-53.0372,75.8137,999.999,-72.9701,69.3786,1003.04,-59.5205,33.7655,974.218,-105.65,52.2437,996.832,-26.7023,14.2233,980.072,-112.817,12.5748,1032.9,-91.2236,93.6102,1065.85,-92.8804,90.9374,1026.47,-79.6715,99.7042,1087.54,-95.1909,85.3399,0,0,0
001385:1000.63,-97.1144,130.719,1009.46,-96.0138,133.249,1000.24,-95.3257,134.705,1013.97,-81.7386,131.093,984.909,-87.6691,136.634,1000.17,-68.7579,120.96,995.9,-90.3104,113.713,1036.72,-63.8036,87.671,988.58,-107.108,96.2126,1024.93,-76.1476,74.8828,1011.56,-114.7,87.7169,999.038,-54.0817,74.827,1000.22,-73.8564,69.8955,1007.01,-60.3152,34.0113,977.575,-107.262,50.6815,1010.33,-29.1852,10.9248,979.893,-114.539,13.2182,1031.95,-91.3236,93.5306,1067.22,-93.0722,92.3423,1031.66,-82.9363,96.4217,1072.52,-93.7259,90.7421,0,0,0
001386:1002.1,-98.2049,130.041,1011.37,-97.1144,132.35,999.842,-96.0734,134.378,1015.3,-82.2223,129.825,982.204,-87.7212,136.438,1005.18,-70.1612,119.338,986.828,-89.8466,118.048,1036.68,-64.114,87.6802,999.568,-109.791,94.4489,1022.28,-76.4787,75.5731,1009.89,-117.963,88.3749,997.187,-54.3422,75.1646,1006.06,-75.7674,66.9709,1002.96,-59.7856,34.4908,979.221,-107.601,51.4823,1003.68,-29.2679,12.4045,984.563,-117.384,12.8685,1031.6,-91.338,92.378,1042.23,-92.4502,97.7496,1024.72,-83.7675,98.122,1071.5,-98.4387,88.7425,0,0,0
001387:1002.07,-99.4123,129.501,1010.12,-98.2649,132.07,1002.19,-97.7168,133.374,1007.88,-82.1278,131.134,988.798,-89.924,134.769,1009.07,-70.2333,117.952,982.03,-90.7124,118.079,1039.75,-65.823,85.962,999.604,-111.247,94.0439,1021.4,-76.5889,75.8026,1015.98,-121.045,85.3354,997.708,-55.1516,74.537,1001.74,-76.9253,68.5201,1000.34,-59.251,34.456,982.066,-108.426,49.9965,994.665,-27.5837,15.4486,986.64,-120.287,11.1554,1035.23,-93.9238,89.7587,1002.32,-97.4345,103.603,1021.47,-84.7017,96.5974,1034.33,-96.2443,94.2063,0,0,0
001388:1001.99,-100.697,129.909,1004.43,-98.4223,133.535,999.447,-98.1263,134.053,1002.99,-83.0121,133.363,985.789,-90.3726,135.078,1003.09,-71.0002,118.897,978.204,-92.0375,119.089,1038.7,-66.5619,85.9033,998.493,-112.235,94.0594,1033.56,-75.0358,71.5049,1020.46,-123.237,83.594,990.541,-57.9036,74.6927,995.155,-77.746,69.8642,1012.05,-61.7585,33.0351,975.819,-106.94,49.7877,1000.72,-29.2233,16.7552,985.747,-122.981,12.558,1021.92,-95.3878,92.1329,1013.1,-99.5394,101.761,1018,-85.0403,94.2182,1006.17,-93.6769,100.072,0,0,0
001389:997.663,-102.249,130.545,1002.54,-99.9852,133.687,995.392,-99.7623,134.639,1002.85,-83.5397,132.95,984.1,-91.9651,135.004,998.169,-71.6276,119.51,974.999,-93.6164,118.623,1037.07,-66.7951,86.9558,993.315,-113.657,96.1875,1033.61,-75.0339,71.6498,1021.1,-124.957,85.0422,999.418,-59.6044,70.8203,996.978,-77.494,68.6433,1005.7,-64.1392,36.4347,981.966,-108.604,47.6618,1001.86,-29.2656,14.3293,982.369,-125.495,13.7929,1015.11,-93.7409,93.2219,1013.36,-89.1812,95.054,1015.77,-86.7695,93.2249,954.456,-95.4131,106.875,0,0,0
001390:1000.53,-103.062,130.313,1004.08,-100.425,133.63,997.007,-100.798,134.628,1002.54,-83.6517,133.588,983.33,-92.5378,135.476,1000.23,-72.8288,118.706,975.817,-93.8092,118.626,1038.68,-67.1884,86.2432,988.407,-115.029,97.5267,1032.97,-74.8262,72.5962,1013.88,-127.029,86.3273,997.25,-59.8991,71.1925,992.647,-78.037,69.637,1007.95,-64.2211,36.4974,982.691,-108.728,48.2445,996.49,-31.3255,17.1804,979.661,-128.282,14.8163,1019.85,-99.76,89.7007,1016.27,-90.8471,90.0127,1021.07,-86.1592,92.5249,1018.75,-89.9921,91.5186,0,0,0
001391:1008.38,-103.294,127.662,1013.58,-100.743,130.062,1002.7,-101.07,131.949,1023.68,-87.0287,125.821,986.243,-93.5168,132.174,998.046,-74.5434,117.675,977.327,-94.1872,118.37,1037.03,-67.4157,87.126,998.075,-117.605,96.4927,1037.3,-74.5761,70.9838,1019.05,-129.59,86.0106,996.388,-61.1693,69.9276,986.363,-82.1018,71.7703,1028.9,-73.636,30.701,969.103,-108.922,50.4274,991.69,-33.0962,16.4218,977.066,-132.302,17.3165,1030.17,-102.834,85.238,1013.67,-94.3932,88.4987,1020.27,-86.5621,93.0322,1031.62,-94.2174,86.4045,0,0,0
001392:1003.26,-104.877,129.913,1007.63,-102.596,132.864,999.303,-102.643,134.197,1008.78,-86.2211,131.635,986.458,-95.1391,134.346,1002.15,-74.6678,118.677,981.689,-95.3138,117.222,1035.24,-67.6479,87.5731,1000.52,-120.279,94.8098,1045.1,-74.5014,68.1447,1016.88,-132.236,85.354,997.275,-61.6825,70.79,980.502,-84.0005,73.0469,997.508,-63.9741,35.1207,983.501,-112.871,45.2475,996.615,-32.5753,14.4867,969.365,-131.201,17.6688,1029.08,-105.234,78.9426,1021.88,-94.034,85.0154,1010.19,-87.9936,93.0834,1009.11,-90.2803,83.4845,0,0,0
001393:1001.28,-105.418,129.19,1005.79,-103.15,132.051,997.915,-103.456,133.488,1004.4,-86.7152,131.767,985.467,-96.4398,134.324,995.777,-76.0247,118.518,987.979,-96.8894,116.144,1022.22,-65.1621,92.8352,1001.8,-122.218,94.8048,1048.52,-75.3035,67.0899,1015.71,-133.797,85.5377,994.764,-64.6691,69.7352,984.472,-84.9857,71.9746,1002.77,-67.0002,36.6409,978.232,-111.469,46.502,998.517,-33.1858,16.2403,977.672,-133.71,14.6669,1031.31,-107.166,81.0183,1025.55,-98.4401,83.4563,1032.15,-89.247,83.4854,1018.41,-93.3601,78.7469,0,0,0
001394:1003.8,-106.937,127.818,1008.84,-104.778,130.798,1000.62,-104.677,132.054,1009.71,-88.5102,130.394,988.989,-97.0497,132.902,997.482,-76.0831,117.443,991.57,-97.8697,114.576,1017.7,-65.743,93.3264,1001.74,-125.429,93.7761,1048.52,-75.3035,67.0899,1016.34,-135.854,86.6217,992.718,-64.944,70.1853,988.826,-86.178,68.9652,994.998,-68.4001,35.8556,982.776,-112.66,45.3326,1003.08,-34.0462,14.9775,970.743,-133.007,17.4273,1025.37,-108.951,80.676,1033.55,-101.784,80.1555,1029.32,-90.7084,80.6153,1033.37,-98.8948,71.5658,0,0,0
001395:998.074,-107.429,129.549,1003.92,-105.363,132.319,994.188,-104.981,134.01,1005.21,-89.2666,131.373,981.276,-97.3378,134.627,992.458,-77.592,118.103,992.568,-97.7819,114.463,1014.15,-66.2068,93.9017,1004.12,-127.564,93.4399,1047.79,-75.0974,67.7562,1012.28,-137.362,90.1567,991.378,-66.9096,70.4036,988.517,-87.1026,69.0479,995.988,-68.6829,34.9074,976.792,-112.469,46.0847,995.556,-34.3886,15.6349,979.872,-136.83,12.3552,1033.23,-113.576,77.7105,1036.31,-103.577,77.4051,1039.35,-94.6778,74.581,1028.44,-101.213,71.4297,0,0,0
001396:1017.53,-106.776,122.243,1022.68,-104.272,124.566,1013.51,-104.843,126.618,1018.82,-87.7215,123.148,999.849,-98.3025,126.562,994.545,-78.397,113.939,988.109,-98.681,114.963,1014.15,-66.2068,93.9017,990.796,-124.399,100.037,1047.63,-75.0977,67.1448,1010.37,-140.351,89.3158,978.604,-68.5907,72.5719,984.705,-88.1513,70.0804,1002.59,-70.5635,33.0224,971.312,-114.181,45.1028,989.226,-36.0343,18.021,974.923,-138.454,15.4639,1044.48,-116.694,72.2858,1035.77,-104.517,75.9791,1054.85,-101.851,68.1813,1031.93,-105.974,69.2519,0,0,0
001397:995.299,-110.462,131.927,999.599,-107.854,134.699,993.676,-108.395,135.677,1001.74,-90.868,132.555,988.193,-101.415,133.642,990.698,-79.5775,118.474,984.29,-100.023,115.824,1012.42,-66.4371,94.3337,987.044,-124.872,100.173,1045.74,-74.6979,66.9888,1009.3,-141.437,89.5352,984.439,-69.3253,72.098,983.977,-90.3005,70.2752,1003.79,-70.8531,32.531,971.253,-114.922,43.9945,997.051,-35.3085,15.1259,977.928,-139.883,12.6817,1040.94,-122.185,72.7245,1047.25,-114.583,70.771,1056.32,-106.275,65.0981,1045.93,-115.794,63.0131,0,0,0
001398:989.974,-112.067,132.013,994.902,-109.709,134.713,989.842,-109.662,135.183,995.247,-92.9379,133.596,981.092,-101.911,134.208,990.844,-81.3064,117.881,980.829,-101.454,116.436,1012.42,-66.4371,94.3337,983.84,-127.992,99.7966,1041.31,-73.7018,67.6663,1013.22,-143.914,89.3288,982.092,-69.9115,71.9855,985.526,-90.7035,69.7032,999.741,-71.2856,33.1194,973.19,-115.875,42.2674,997.867,-35.6483,14.9838,973.91,-141.362,12.7236,1043.18,-127.109,69.9261,1043.05,-116.798,70.6042,1047.06,-108.987,64.0167,1051.07,-120.178,59.7455,0,0,0
001399:989.113,-112.486,131.748,994.029,-110.097,134.385,988.153,-109.899,135.151,996.576,-93.7329,133.063,981.548,-102.403,134.04,991.062,-81.5778,118.007,978.052,-102.088,116.63,1016.3,-67.4019,92.4423,980.531,-129.029,100.842,1032.42,-73.277,69.5167,1007.91,-146.419,89.9914,982.057,-71.6778,71.4878,979.161,-91.4491,71.1268,1003.73,-72.5455,32.1849,973.085,-117.808,42.9706,997.759,-36.9529,15.5467,974.229,-142.279,12.9498,1060.21,-134.512,66.276,1042.68,-121.098,71.4742,1050.16,-116.925,61.7506,1061.55,-132.124,55.3482,0,0,0
001400:986.018,-113.099,131.864,990.703,-110.63,134.653,985.515,-110.831,135.278,992.665,-94.0977,133.802,979.719,-104.291,134.448,986.796,-82.6799,118.564,978.896,-103.286,116.611,1016.22,-68.0142,92.4611,977.214,-131.428,101.414,1031.32,-73.3955,69.0144,1008.4,-149.197,90.0399,981.48,-72.3448,71.598,975.922,-92.092,70.3474,998.899,-72.7801,33.0673,979.245,-119.542,40.6608,1001.71,-37.0257,14.4249,974.489,-143.117,12.9769,1061.21,-139.295,62.5026,1049.26,-130.204,66.1268,1071.41,-124.512,54.5085,1040.49,-136.021,62.2391,0,0,0
001401:987.371,-115.286,130.36,992.85,-112.912,133.292,987.249,-112.925,133.861,993.038,-95.6584,133.002,975.686,-104.37,134.479,987.023,-82.9315,118.058,972.704,-104.039,117.18,1013.58,-68.3584,92.9704,975.427,-132.853,101.589,1029.28,-73.0165,68.3057,1007.14,-150.027,90.9425,980.171,-73.0793,70.9613,973.095,-92.4105,70.4834,1000.65,-75.6153,31.6142,978.021,-119.256,40.4536,1000.21,-38.8164,12.8977,971.585,-143.678,12.878,1044.4,-143.655,67.8598,1057.84,-137.107,62.9001,1042.99,-132.481,62.0427,1039.86,-149.356,62.2133,0,0,0
001402:992.835,-115.338,129.313,998.165,-113.005,132.249,989.919,-113.237,133.676,1003.32,-96.0306,130.125,976.585,-105.779,134.292,989.471,-84.0761,116.808,971.316,-106.667,117.021,1004.56,-69.4574,92.4146,976.142,-133.555,100.707,1028.43,-72.8196,68.53,993.98,-152.143,92.1758,977.8,-73.9724,71.2505,971.77,-93.4339,70.3932,999.211,-75.6338,31.7173,975.625,-120.943,41.2874,993.56,-41.2457,16.0201,969.283,-142.619,13.3259,1047.07,-151.002,65.4051,1044.92,-143.596,66.1277,1065.49,-147.486,54.9163,1056.66,-156.362,58.2148,0,0,0
001403:990.571,-116.687,129.903,996.202,-114.364,132.57,987.986,-114.48,133.929,1000.83,-96.9879,130.248,980.016,-107.461,132.815,989.179,-84.9863,116.65,972.199,-108.317,115.734,1004.51,-69.4619,92.3163,983.629,-136.403,99.6834,1025.89,-72.2306,69.2014,1004.49,-154.701,89.4197,977.623,-74.6011,71.8374,970.196,-95.0634,70.2053,998.682,-75.5201,31.7119,972.513,-121.235,40.3454,992.807,-40.2062,16.1748,969.601,-144.19,12.7644,1038.17,-156.755,69.0003,1078.24,-159.582,56.4293,1065.31,-153.028,54.9928,1029.53,-151.93,68.0971,0,0,0
001404:991.377,-117.869,129.068,995.554,-115.124,131.944,988.309,-115.549,133.013,998.237,-97.1999,130.068,977.473,-107.741,132.213,991.705,-85.8541,116.097,968.226,-109.234,116.647,1007.61,-70.0013,93.0938,980.327,-137.308,100.075,1020.39,-72.8956,69.4014,1003.64,-157.871,89.4551,978.543,-75.3579,71.2352,976.394,-98.7131,67.6851,1000.06,-77.2137,31.0082,972.659,-121.669,39.5628,987.502,-40.9602,16.9316,973.194,-146.252,10.3995,1034.06,-163.61,70.0634,1031.82,-168.496,66.0791,1052.76,-159.363,60.6813,1041.52,-158.638,68.7557,985.05,-217.845,108.881
001405:1003.66,-117.944,125.733,1006.7,-115.59,129.034,1000.19,-115.942,130.121,1003.61,-98.566,128.592,980.892,-108.698,131.911,985.781,-87.1395,116.905,971.732,-110.167,115.917,1003.12,-70.5709,93.6193,991.348,-138.866,96.711,1025.89,-72.2306,69.2014,1015.03,-159.928,87.1841,972.023,-76.4827,72.4784,976.61,-99.8398,66.6865,997.417,-77.2689,31.5813,978.214,-124.179,38.3421,986.154,-42.7715,17.9751,972.159,-146.34,11.0297,1049.32,-168.985,67.1695,1051.03,-180.317,62.402,1069.08,-171.449,54.7268,1078.69,-171.85,57.2038,988.562,-217.753,108.024
001406:997.704,-119.077,125.434,1002.48,-116.926,128.504,994.522,-116.993,129.704,1005,-100.388,127.687,979.223,-110.056,131.21,991.453,-87.0579,116.138,977.491,-111.748,114.152,1009.15,-70.9989,92.6922,976.679,-141.999,100.586,1011.69,-73.0688,70.1531,996.219,-162.74,93.4789,977.804,-77.1751,69.7269,978.073,-100.554,66.2837,1000.76,-78.0796,30.508,979.489,-124.477,38.815,989.713,-43.4097,16.9164,966.814,-146.848,12.5244,1034.78,-176.991,70.7957,1070.81,-188.46,59.3065,1014.39,-179.542,71.3034,1054.01,-186.8,65.4443,991.313,-218.816,106.127
001407:996.768,-119.519,126.022,1002.19,-117.672,128.776,994.987,-117.487,130.008,1006.64,-101.485,127.159,987.811,-110.913,129.662,990.097,-87.4914,115.627,977.622,-111.786,114.049,1008.01,-72.0004,91.4944,991.163,-141.083,97.9447,1013.54,-72.8215,69.274,1010.64,-162.147,89.9716,979.099,-79.0717,69.306,979.692,-103.005,65.5342,1007.9,-80.5394,27.4161,976.014,-125.841,40.374,989.576,-44.4485,15.2176,970.882,-149.56,11.666,1047.81,-186.786,67.8388,1075.77,-196.771,56.3462,1049.84,-197.165,64.3713,1071.34,-197.234,62.9665,991.167,-218.82,105.526
001408:997.6,-121.279,125.327,1001,-118.47,128.226,994.538,-119.583,129.472,994.124,-99.5163,129.083,985.898,-111.008,129.373,994.068,-87.8801,114.103,971.605,-111.555,114.723,1007.4,-73.2616,91.137,991.722,-139.146,96.547,1016.34,-72.4444,67.9653,1001.7,-162.329,89.9151,975.215,-79.7633,66.995,977.261,-104.727,65.8834,999.861,-80.3647,28.7559,976.89,-127.18,39.0815,983.045,-46.9213,18.8869,981.54,-151.24,9.09054,1037.94,-192.604,73.5947,1031.68,-202.329,68.2832,1033.35,-208.753,71.2981,1065.82,-202.587,67.5051,993.767,-219.896,103.072
001409:995.586,-121.589,126.141,1000.83,-119.143,128.573,994.629,-120.357,129.902,1001.17,-101.678,127.541,994.619,-114.083,127.67,1002.2,-89.5416,111.039,981.189,-114.126,112.534,1006.9,-73.6351,91.6066,996.486,-142.234,94.622,1015.54,-72.8459,67.9329,1005.12,-164.991,90.3722,982.648,-79.4089,64.8806,976.246,-104.826,65.6768,1001.35,-81.7015,28.6985,974.901,-127.541,40.7895,981.804,-45.7469,18.6753,979.165,-151.068,10.0513,1031.02,-198.212,75.5275,1034.38,-209.026,68.1981,1031.53,-214.096,74.7597,1044.44,-208.975,76.8316,993.62,-219.901,102.469
001410:993.813,-122.558,126.529,999.389,-120.381,128.687,989.849,-120.747,130.829,999.527,-103.316,127.101,982.918,-113.089,129.819,997.588,-91.2674,112.372,980.928,-114.763,112.086,1004.85,-73.916,92.708,997.668,-142.788,95.8083,1019.51,-72.3372,66.856,993.039,-163.906,93.88,979.77,-82.4152,65.0534,974.302,-105.022,65.5428,998.223,-82.359,28.5797,969.264,-128.343,41.9526,977.811,-47.9402,19.192,976.787,-150.546,10.667,1023.52,-204.075,79.3452,1019.14,-214.476,72.0831,1014.12,-216.604,80.792,1025.85,-213.93,85.9535,993.294,-219.919,101.373
001411:997.391,-124.318,124.592,1003.18,-121.933,126.997,992.209,-122.341,129.268,1005.77,-104.553,125.389,983.013,-114.128,129.157,1003.62,-92.0106,109.733,981.024,-115.887,110.655,1004.08,-73.9607,91.0842,998.55,-143.882,94.9333,1017.89,-72.5034,65.8956,992.726,-165.772,94.2476,984.277,-83.3224,63.4447,974.472,-106.452,64.892,1004.35,-83.8768,26.4639,970.635,-130.763,41.3633,985.366,-48.6592,16.508,985.306,-153.646,7.92789,1019.93,-207.999,81.3845,1018.53,-218.263,74.5454,1015.91,-221.768,83.7999,1025.33,-217.716,88.6683,999.803,-220.897,99.1161
001412:995.521,-124.357,123.83,1001.77,-122.358,126.008,991.573,-122.436,128.324,1002.53,-105.284,125.072,984.781,-114.51,128.12,998.966,-92.8382,110.65,980.043,-115.947,110.921,1003.75,-74.9139,91.7077,994.526,-144.309,96.4005,1017.68,-72.5361,66.1795,998.566,-168.654,92.3611,979.826,-83.8842,65.0947,977.451,-107.59,63.9159,1008.81,-84.9598,25.1759,970.96,-132.562,40.9818,984.055,-49.8124,17.6011,983.133,-154.538,8.10585,1011.65,-209.715,84.2734,1004.64,-221.773,80.341,1002.5,-229.495,91.4154,1037.84,-219.739,87.5871,999.328,-220.919,97.4088
001413:998.33,-125.563,124.066,1002.38,-123.039,126.542,996.372,-123.775,127.856,1001.1,-105.719,125.731,995.359,-116.408,125.84,1001.55,-93.4099,109.451,996.742,-116.51,107.808,1002.85,-75.0053,91.1569,995.34,-146.249,96.7254,1014.15,-72.9891,67.1214,996.842,-168.699,93.6144,984.197,-86.2899,63.7457,985.708,-107.567,60.504,1010.62,-83.9676,27.9968,971.24,-136.003,40.9905,992.454,-50.1894,14.986,975.203,-152.592,11.2325,1010.03,-213.805,86.9149,1003.55,-227.529,82.9482,1018.85,-237.575,88.966,1034.67,-227.193,90.1553,1002.13,-221.999,95.4718
001414:998.718,-123.298,122.77,1003.4,-121.757,125.351,999.949,-122.084,126.145,1005.72,-111.001,124.828,1000.42,-118.52,124.82,1001.15,-97.072,111.232,995.25,-121.027,108.335,1000.26,-76.6701,95.4703,994.795,-149.928,94.915,1005.58,-77.8987,76.0757,987.466,-172.29,93.6565,990.182,-86.5607,64.6918,982.832,-106.205,64.2133,997.429,-82.6551,35.7245,983.419,-136.197,38.5163,994.49,-49.7216,9.37647,975.703,-154.056,13.8527,1004.13,-212.83,88.1818,1004.77,-226.576,84.2742,1014.9,-234.341,92.2624,1010.77,-220.634,97.0406,999.475,-220.915,98.0143
001415:998.447,-124.487,122.833,1003.13,-122.95,125.412,999.68,-123.273,126.206,1005.3,-112.205,124.326,996.666,-118.862,124.469,1004.05,-97.8982,109.306,994.985,-122.218,108.398,999.914,-77.8869,94.9492,991.005,-151.367,95.8693,1005.41,-77.9062,75.5075,990.202,-174.424,92.9584,993.401,-87.36,63.8097,982.604,-107.402,64.2752,997.082,-83.8846,35.2045,982.984,-137.393,38.0004,994.213,-50.9615,8.83165,972.266,-154.306,14.9238,993.727,-213.133,92.0681,997.557,-227.841,87.9629,1000.83,-234.523,97.6119,1003.38,-221.945,100.107,990.227,-219.984,103.945
001416:994.715,-125.996,123.73,995.948,-124.786,127.095,995.948,-124.786,127.095,1001.75,-113.747,125.768,993.132,-120.378,125.909,1000.76,-98.2803,110.724,991.269,-123.735,109.33,1000.06,-77.8864,95.5392,990.66,-152.552,95.9915,999.132,-79.9719,80.2969,1004.04,-174.793,90.0807,996.781,-88.1619,63.5187,985.918,-108.239,63.9948,1014,-84.229,29.6024,989.447,-138.017,35.4901,1007.48,-51.4359,3.3998,978.688,-154.996,12.2716,990.044,-214.372,94.2327,987.184,-228.03,91.85,986.365,-235.841,102.438,989.579,-222.257,105.377,906.553,-194.343,118.593
001417:997.725,-126.869,122.405,1002.41,-125.339,124.981,998.812,-125.658,125.185,1004.65,-114.6,123.848,999.254,-120.919,122.648,1000.25,-99.4832,109.595,994.129,-124.606,107.38,996.183,-79.5231,95.2597,993.65,-153.482,94.6035,1002.21,-80.7666,78.8793,996.828,-175.197,91.273,989.633,-88.9831,64.2305,982.286,-109.793,64.9926,1010.48,-84.6521,30.6335,982.239,-139.788,37.6074,997.116,-52.9287,6.63458,975.236,-155.245,13.3492,986.83,-214.46,96.2728,983.48,-229.217,94.0199,979.94,-235.907,106.466,986.527,-222.316,107.932,975.721,-224.786,112.992
001418:990.87,-127.495,124.001,995.673,-125.971,127.157,992.103,-126.288,127.356,1001.34,-114.942,125.235,989.292,-121.894,126.206,1000,-100.69,109.679,987.44,-125.241,109.635,996.31,-79.5293,95.8754,986.734,-153.982,96.3498,995.368,-81.6138,80.6715,999.974,-176.174,90.4719,992.995,-89.7867,63.9417,985.449,-110.636,64.1218,1010.3,-85.8834,30.6865,985.689,-139.502,36.5934,1003.89,-53.1749,4.51746,978.206,-156.197,11.8074,983.632,-214.548,98.3032,980.436,-229.257,96.6014,980.246,-235.893,107.606,983.327,-222.384,109.931,963.361,-223.928,119.59
001825:156.097,-154.478,-1.70907
