008838:1028.98,-16.3656,148.552,1030.96,-18.3509,151.8,1028.84,-12.9975,151.641,1038.7,-20.7429,148.822,1033.89,-5.39065,148.989,1047.44,-28.9369,128.495,1039.12,5.02475,130.927,1050.34,-44.1035,103.871,1042.78,17.832,108.576,1036.45,-52.0934,82.7507,1024.43,17.715,93.2049,1051.58,-31.3273,81.2412,1052.25,-2.80945,80.5205,1046.29,-53.1031,51.5107,1043.23,13.1655,52.6935,1058.61,-69.0882,14.1092,1071.61,21.0926,11.9899,999.062,-67.5418,69.0577,991.375,-69.5918,61.2456,983.339,-76.9667,65.1764,987.789,-73.5451,74.2599,0,0,0
008839:1031.39,-17.8902,147.892,1032.76,-19.8552,150.973,1031.26,-14.2476,151.029,1038.36,-22.002,148.718,1035.45,-5.73036,148.767,1043.96,-29.7859,128.614,1041.49,4.80494,129.133,1046.74,-43.5327,103.65,1045.97,16.5516,106.721,1032.7,-51.2375,83.8913,1028.12,17.1211,93.5816,1050.15,-31.0345,81.663,1052.02,-2.92046,79.9405,1045.88,-52.4232,53.1272,1043.25,13.0908,53.546,1066.92,-72.2487,13.1527,1066.86,20.4842,14.1331,998.814,-68.9134,69.8662,988.357,-72.3684,62.7087,980.686,-78.6165,66.4381,980.799,-74.7322,76.8094,0,0,0
008840:1033.86,-17.3377,147.924,1034.95,-19.4916,151.274,1033.95,-13.7452,150.991,1040.6,-22.3079,148.779,1036.33,-6.17768,148.833,1046.67,-30.2487,128.472,1041.16,3.32524,130.079,1045.51,-43.7914,104.114,1049.48,15.5568,106.53,1027.33,-52.2152,85.9489,1024.16,15.7604,94.5572,1051.2,-31.8204,81.7337,1051.1,-4.08667,81.1803,1047.69,-54.5584,52.3727,1040.8,11.9766,54.5991,1080.1,-73.9335,9.08321,1069.54,20.322,14.162,1002.33,-70.5743,69.6227,987.911,-74.0034,63.1263,977.033,-80.369,67.1729,986.208,-76.8985,75.6569,0,0,0
008841:1026.75,-18.1124,148.206,1028.51,-20.1972,151.452,1026.66,-14.5705,151.433,1036.47,-23.012,148.948,1031.99,-6.85652,149.213,1045.26,-30.5768,128.63,1039.86,2.42007,130.276,1043.98,-44.7125,105.02,1050.53,15.2888,106.367,1024.27,-52.7205,87.7438,1022.25,15.6861,94.3779,1047.03,-32.1982,82.395,1048.39,-4.84641,82.0912,1047.56,-54.4963,52.9407,1037.53,9.66205,56.297,1074.36,-72.7045,11.0042,1062.28,19.6492,16.8736,1001.85,-72.2219,69.9002,987.564,-75.0927,63.2205,977.469,-82.1601,68.2435,986.949,-78.4063,77.22,0,0,0
008842:1029.41,-18.2455,148.024,1031.26,-20.4955,151.114,1029.62,-14.7995,151.036,1037.82,-23.497,148.682,1035.38,-7.37083,148.577,1041.16,-31.8634,129.37,1043.64,2.13035,128.608,1041.9,-45.8198,105.596,1052.16,14.4279,105.435,1022.19,-53.0057,88.9453,1030.71,16.0052,94.0054,1045.72,-33.4307,82.6508,1049.08,-5.87759,80.8708,1041.73,-54.7459,53.3669,1038.55,10.3678,54.0156,1081.59,-72.6169,8.24801,1060.19,18.9643,16.1365,998.109,-73.5546,73.0463,989.688,-77.2318,64.8163,975.918,-83.6915,70.493,982.066,-79.0984,81.104,0,0,0
008843:1028.33,-19.7572,150.147,1030.23,-21.673,153.047,1028.07,-16.2482,153.113,1038.99,-24.236,149.486,1034.8,-8.66541,149.648,1041.78,-32.7593,129.739,1045.84,0.802737,128.921,1040.29,-46.3083,106.42,1049.6,13.4512,106.588,1022.73,-54.5454,88.4448,1027.38,16.1957,93.5088,1044.48,-33.1666,83.1452,1046.33,-6.50054,82.8322,1041.26,-55.487,52.9525,1044.16,9.64617,53.549,1077.02,-72.6476,8.09412,1058.31,19.2232,17.8245,999.673,-74.9712,74.4062,980.501,-77.171,69.8442,974.674,-84.4103,72.7869,980.279,-79.6448,84.0301,0,0,0
008844:1026.96,-20.2158,149.405,1029.81,-22.008,152.21,1026.65,-16.8493,152.422,1040.88,-24.5359,148.836,1032.64,-9.49225,149.716,1041.24,-32.9083,130.448,1045.18,-0.551825,129.35,1042.04,-47.5623,106.67,1048.85,11.9311,107.01,1024.67,-55.356,88.5386,1026.82,14.8031,94.3332,1045.93,-34.9023,83.5266,1045.68,-7.3057,82.968,1043.28,-55.5246,52.3607,1047.7,8.61031,51.9941,1078.11,-72.9749,8.28545,1061.04,20.4292,16.6203,997.23,-75.3621,77.999,981.473,-78.1404,71.6898,969.22,-86.1482,75.6842,982.98,-80.9348,86.5716,0,0,0
008845:1035.59,-21.1002,149.14,1037.35,-23.1391,151.903,1035.85,-17.8501,151.864,1043.5,-25.8798,148.601,1040.48,-10.8417,148.639,1042.81,-34.0639,129.536,1046.19,-0.894885,128.937,1041.02,-47.904,106.607,1053.79,12.7707,106.4,1026.3,-56.6381,88.423,1030.77,14.5348,92.9884,1044.29,-35.1573,84.0902,1045.76,-7.87991,81.882,1042.8,-56.0333,51.5968,1047.55,8.26218,51.0143,1071.37,-73.159,7.83151,1072.99,17.7157,10.8159,999.109,-76.2282,79.8412,982.105,-79.3859,72.6395,970.891,-87.0819,80.0051,977.958,-81.6136,89.7045,0,0,0
008846:1036.05,-22.0917,149.785,1038,-24.2702,152.492,1036.03,-18.7749,152.639,1044.37,-27.0874,148.79,1039.71,-11.7414,149.402,1042.76,-35.0714,129.468,1044.71,-2.12803,129.492,1041.1,-49.1167,106.421,1051.21,10.9215,107.502,1033.75,-58.8956,87.1912,1029.33,13.6418,95.2154,1045.72,-35.221,83.9667,1045.89,-8.94148,81.5867,1041.2,-57.2438,50.8413,1044.9,6.93966,50.5239,1067.99,-73.1453,8.53409,1071.91,17.6974,10.7713,997.124,-76.5335,82.1356,978.972,-81.3866,75.5602,970.411,-87.2414,84.2659,982.933,-83.4206,92.5643,0,0,0
008847:1027.75,-23.1165,151.181,1031.31,-24.9886,153.611,1028.03,-19.866,153.96,1040.65,-26.9761,149.623,1035.02,-12.4663,150.277,1041.45,-34.8295,130.231,1045.12,-2.67901,129.418,1040.25,-49.4229,107.113,1053.35,10.672,106.782,1027.73,-58.398,88.9715,1027.76,13.7364,97.2763,1050.65,-35.5783,82.9775,1048.4,-9.2684,82.3038,1043.28,-57.8318,53.0418,1040.53,6.52809,53.4678,1077.39,-75.3073,9.25727,1059.3,18.9768,15.9583,997.006,-77.3463,82.7154,982.036,-83.6748,77.9768,973.155,-89.0645,87.9366,981.188,-83.1653,94.6924,0,0,0
008848:1032.82,-24.6126,150.849,1035.79,-26.4089,153.345,1033.37,-21.1973,153.447,1044.28,-28.4692,149.242,1040.11,-13.5223,149.311,1041.27,-36.1308,130.394,1047.57,-3.93568,128.911,1040.26,-50.2118,107.612,1051.6,9.24434,107.734,1027.39,-59.6718,90.7975,1033.77,11.4123,96.6562,1045.21,-37.1866,83.4117,1045.57,-11.0531,82.4797,1042.74,-57.6504,51.1037,1051.18,5.24883,49.6717,1068.88,-74.029,7.97726,1068.04,16.3755,12.4079,998.511,-78.7681,83.9997,984.792,-84.979,80.8693,973.406,-89.0577,88.8341,983.172,-83.7613,96.8201,0,0,0
008849:1029.74,-24.8311,151.739,1034.41,-26.877,154.042,1030.31,-21.3249,154.542,1047.12,-29.1816,149.05,1038.33,-13.7304,150.251,1049,-36.002,128.705,1043.66,-4.83994,130.639,1043.92,-50.4313,106.081,1050.35,7.56123,109.771,1030.31,-62.0107,89.2864,1031,10.5959,99.1996,1052.1,-36.6886,81.4066,1044.83,-10.9048,82.1756,1042.67,-58.6667,51.3583,1039.28,3.7912,52.6715,1062.69,-74.1113,11.6579,1070.56,16.8204,12.0933,994.658,-79.8055,86.2545,985.796,-85.4121,82.1372,971.516,-90.1181,92.0629,978.877,-84.6013,99.8871,0,0,0
008850:1036.69,-24.9935,149.176,1038.37,-27.1627,152.252,1036.9,-21.3905,152.209,1045.02,-30.0015,149.224,1040.01,-14.0274,149.636,1045.69,-37.0436,129.738,1043.47,-5.7968,131.186,1039.57,-50.3994,107.248,1049.19,6.66971,110.756,1017.32,-61.1718,93.7246,1031.71,10.1748,100.604,1042.46,-38.4146,84.0811,1048.75,-12.2784,81.669,1047.65,-59.5081,49.8169,1045.12,3.66027,51.2157,1065.33,-74.5711,10.5148,1067.96,16.6927,12.84,989.613,-81.8344,91.3532,984.018,-87.2167,84.0292,972.955,-91.7864,93.7574,980.071,-85.8225,102.879,0,0,0
008851:1033.46,-26.6055,151.098,1036.95,-28.5564,153.564,1033.81,-23.1188,153.82,1046.8,-30.9153,149.381,1040.68,-15.4936,149.9,1043.43,-38.8621,130.62,1048.03,-5.77143,129.393,1032.77,-53.4768,109.981,1053.17,7.16974,107.622,1017.45,-63.8779,94.1298,1038.5,9.09274,96.9968,1050.14,-39.9962,82.1496,1047.4,-12.5001,81.9158,1043.19,-60.4573,51.7121,1050.06,3.08575,49.8833,1063.12,-73.0238,10.9314,1069.97,16.8928,11.6936,991.985,-82.3403,91.6764,982.264,-88.0177,87.5273,967.329,-93.2967,98.5191,985.035,-87.3026,102.53,0,0,0
008852:1036.32,-25.8673,150.439,1038.94,-28.0043,153.041,1036.21,-22.5308,153.306,1046.47,-31.0302,149.349,1040.45,-15.7786,150.108,1041.63,-39.2985,131.143,1047.45,-6.96058,130.09,1033.94,-53.9553,109.772,1052.35,5.23664,109.362,1018.84,-64.9363,93.8956,1037.51,8.88943,99.4734,1048.33,-41.3783,83.3348,1048.45,-13.5053,81.7605,1040.67,-61.3433,52.3383,1049.31,2.85991,49.917,1064.43,-74.56,10.6218,1070.35,16.7858,11.2132,991.361,-84.0477,94.6583,981.284,-89.9866,89.6411,974.581,-95.0324,98.2564,980.769,-87.1322,107.1,0,0,0
008853:1036.76,-26.9265,150.831,1038.37,-29.2149,153.709,1036.08,-23.4334,153.941,1044.29,-32.2912,150.35,1039.32,-16.4091,151.04,1040.05,-40.2592,131.812,1047.51,-7.64109,130.479,1032.54,-54.086,110.676,1051.51,4.15452,109.486,1014.79,-65.2242,96.7144,1035.57,8.53854,99.2714,1048.94,-42.6714,83.7733,1049.55,-14.3649,81.8695,1039.52,-61.8187,53.6553,1049.54,2.85896,51.0278,1064.12,-73.8526,10.0158,1068.73,16.4967,11.093,991.534,-85.6524,97.4066,979.633,-92.0328,92.2605,970.375,-96.3544,102.249,975.643,-87.0653,111.491,0,0,0
008854:1037.76,-28.9369,153.089,1039.5,-30.8586,155.755,1037.19,-25.4137,155.969,1044.54,-32.8855,151.771,1039.97,-17.8368,152.256,1039.81,-40.525,132.586,1047.36,-8.56703,131.018,1032.29,-54.7254,112.119,1050.65,4.30694,110.409,1016.53,-66.0635,96.7869,1029.54,8.66343,101.06,1049.02,-42.9505,84.3208,1051.23,-15.4221,82.3402,1043.19,-62.914,53.1702,1050.89,0.704241,51.2558,1061.62,-73.6655,11.5794,1062.75,16.4877,14.0332,993.08,-87.0667,98.9436,982.746,-93.787,94.1987,972.783,-96.9444,106.049,978.09,-89.4297,114.918,0,0,0
008855:1040.46,-30.1533,151.903,1041.08,-31.8634,154.935,1040.27,-26.4933,154.969,1043.59,-33.2002,151.739,1040.95,-18.1153,152.107,1043.21,-40.07,131.669,1042.84,-9.626,132.685,1038.16,-54.6732,110.08,1044.12,3.19738,113.011,1015.13,-66.7237,98.0861,1029.35,8.00277,103.991,1051.33,-43.4318,83.7422,1046.32,-16.5748,84.6337,1044.36,-63.537,55.7322,1045.54,-1.52702,56.167,1060.14,-75.1005,14.8132,1049.39,17.0904,20.8561,992.139,-87.501,101.866,985.118,-95.6316,96.4196,972.026,-98.1537,110.762,974.242,-90.7524,119.869,0,0,0
008856:1035.43,-28.7646,152.711,1038.1,-30.9829,155.345,1035.56,-25.1904,155.681,1046.25,-33.8459,151.093,1040.55,-18.1129,152.008,1048.57,-40.582,130.405,1041.49,-10.6207,133.256,1044.12,-54.8933,109.165,1043.73,2.56626,114.007,1031.14,-68.752,96.5009,1028.68,8.14252,103.468,1057.98,-46.0246,82.0745,1045.79,-17.0882,84.3718,1039.7,-63.6239,54.5537,1033.23,-2.28246,57.1159,1053.6,-75.6539,15.1528,1056.26,15.3614,17.2195,994.39,-89.0885,103.201,981.671,-96.8677,100.356,969.473,-100.781,113.836,974.175,-92.3377,121.843,0,0,0
008857:1036.38,-30.0602,152.087,1039.84,-32.1428,154.536,1038.69,-26.7395,154.646,1042.23,-34.8935,151.726,1042.29,-19.9137,151.609,1043.92,-42.1289,132.185,1040.34,-12.4384,133.882,1043.79,-56.797,110.506,1044.98,1.71462,113.731,1019.98,-69.0373,98.8613,1034.48,7.53031,101.836,1055.42,-46.3913,82.7167,1041.79,-18.7445,86.5186,1043.43,-64.7492,54.8163,1036.33,-4.049,57.4909,1052.21,-75.2213,16.9378,1055,15.6476,19.0767,997.499,-90.5918,104.697,981.219,-98.2758,103.691,970.409,-102.262,116.489,975.987,-92.9373,123.444,0,0,0
008858:1033.21,-30.7175,152.631,1037.12,-32.626,155.129,1032.55,-27.2431,155.8,1050.05,-35.332,150.571,1039.61,-20.3401,152.257,1050.99,-42.8739,130.888,1046.96,-12.8639,132.645,1047.14,-57.9903,110.169,1048.15,0.15103,113.466,1042.04,-72.2993,96.3718,1031.9,7.32526,103.473,1055.1,-47.5294,82.7958,1048.61,-19.3522,82.8607,1040.17,-65.0725,53.5892,1038.25,-2.37059,54.9239,1058.31,-76.0147,13.5519,1059.95,16.2525,16.1737,992.295,-91.7742,108.226,984.376,-99.7712,105.501,974.452,-103.401,118.383,977.496,-96.636,125.435,0,0,0
008859:1026.25,-32.2799,154.564,1032,-34.0075,156.712,1028.02,-28.8249,157.145,1041.32,-35.9708,152.609,1034.61,-21.2166,153.354,1044.45,-43.6023,132.508,1039.23,-12.6915,134.232,1042.79,-59.717,110.89,1048.37,1.78121,112.744,1023.66,-73.4993,99.6433,1032.8,7.75936,103.3,1057.42,-48.0193,82.2132,1045.09,-19.3514,84.6803,1043.83,-66.0815,52.1342,1032.34,-3.6436,55.3959,1052.02,-75.566,16.0672,1051.98,16.9674,18.25,988.908,-93.0235,112.391,985.893,-100.922,106.805,980.495,-104.818,119.059,976.232,-96.3478,128.937,0,0,0
008860:1032.39,-34.2545,154.526,1037.56,-35.5347,156.758,1033.65,-30.6472,157.094,1044.65,-36.6325,152.857,1038,-22.4466,153.25,1046.54,-44.2708,132.62,1040.32,-13.8722,134.271,1038.7,-60.1254,112.679,1046.76,0.574758,113.378,1016.36,-73.6616,103.129,1030.76,7.13513,106.088,1047.47,-46.4641,85.5352,1047.66,-20.8342,85.0379,1044.51,-66.7668,52.6898,1035.48,-5.55405,56.2277,1046.97,-75.7463,17.592,1055.19,14.9974,19.4259,988.087,-94.183,114.017,982.863,-103.118,110.734,979.317,-106.823,123.691,971.895,-96.8796,131.234,0,0,0
008861:1037.63,-36.2255,153.92,1040.62,-37.5171,156.469,1038.22,-32.3384,156.677,1047,-38.7814,152.932,1043.12,-24.0451,152.863,1045.13,-45.4873,133.033,1049.2,-15.1531,132.988,1037.51,-60.0901,113.785,1053.18,-0.898267,113.768,1019.85,-75.2478,103.563,1033.94,6.66969,106.614,1044.22,-46.9441,86.762,1053.03,-20.7325,82.1844,1038.06,-67.3017,52.607,1040.85,-4.56599,52.2061,1053.75,-77.1348,16.2186,1061.31,15.046,16.7975,986.482,-95.427,115.783,980.009,-105.036,114.894,971.966,-108.166,127.843,972.116,-96.8724,131.97,0,0,0
008862:1034.66,-35.7765,154.934,1039.24,-37.1296,157.467,1035.88,-32.2864,157.533,1046.19,-37.9063,153.502,1041.25,-23.8158,153.486,1045,-45.8356,133.414,1043.96,-15.1999,134.187,1038.07,-62.9975,112.183,1048.45,-1.36298,113.826,1009.15,-76.5258,104.741,1033.48,6.70637,106.212,1043.02,-47.9161,86.6459,1044.42,-22.7184,86.1353,1040.68,-67.4206,54.3641,1036.87,-6.12078,57.1436,1052.82,-76.1176,15.9976,1046.02,13.8417,23.2998,988.046,-96.5736,117.212,979.424,-105.905,116.961,973.699,-109.298,129.991,981.81,-99.6743,133.725,0,0,0
008863:1030.34,-36.6512,155.724,1034.68,-38.2587,158.251,1032.55,-32.9479,158.262,1040.03,-39.7714,154.961,1037.82,-24.6979,154.634,1039.39,-47.015,135.041,1042.22,-16.8426,135.182,1037.55,-62.7903,113.104,1050.47,-2.76413,114.101,1015.47,-76.1313,104.747,1033.89,6.45647,107.249,1037.23,-48.7549,88.392,1044.6,-23.8561,86.6778,1035.99,-68.4941,56.6374,1036.42,-7.27842,57.2225,1050.73,-76.8552,17.7265,1048.9,13.7142,21.458,988.821,-97.8097,118.816,982.23,-108.987,119.919,973.125,-110.94,133.293,993.821,-102.517,134.746,0,0,0
008864:1032.24,-36.262,154.922,1035.95,-37.8485,157.733,1033.78,-32.7783,157.583,1041.77,-39.5621,154.498,1041.01,-24.9317,153.671,1040.75,-47.7476,134.937,1046.51,-17.0655,134.08,1031.08,-65.0391,115.121,1051.06,-2.96184,113.376,1007.22,-79.2313,107.404,1032.77,5.42648,106.538,1041.66,-50.29,87.4242,1049.83,-24.2757,85.4594,1043.97,-69.0553,54.3317,1046.2,-7.48756,55.7423,1053.31,-77.0483,15.6959,1053.36,13.7232,21.2654,991.547,-100.119,120.267,979.645,-110.879,125.113,972.802,-112.049,136.599,996.464,-103.043,136.181,0,0,0
008865:1031.53,-36.7395,155.069,1035.78,-38.4181,157.474,1034.23,-32.9964,157.573,1038.37,-41.0529,155.157,1036.54,-25.5399,154.938,1033.92,-49.8286,136.53,1043.02,-17.6189,135.185,1025.09,-66.1656,118.372,1047.57,-4.06979,114.449,986.791,-80.8845,113.111,1031.7,4.40723,107.141,1045.05,-51.0099,86.7852,1055.71,-24.5003,84.5653,1043.06,-70.7936,54.0458,1044.91,-8.12057,57.1201,1052.55,-77.6765,15.2891,1038.61,10.1446,27.7607,997.134,-101.629,122.004,978.892,-112.263,127.273,974.236,-113.451,138.176,992.087,-102.034,139.329,0,0,0
008866:1037.78,-38.2536,154.661,1039.92,-39.6044,157.524,1040.37,-34.6291,157.136,1037.48,-41.3241,156.136,1040.39,-26.9557,154.801,1031.32,-50.2591,137.895,1042.65,-18.7624,136.259,1036.01,-68.2654,116.722,1046.26,-3.96665,115.981,1006.55,-82.624,110.071,1033.83,4.72829,107.207,1043.85,-51.6227,87.4541,1058.6,-24.6586,84.9677,1039.01,-71.1052,57.0318,1047.7,-9.35043,58.1398,1054.83,-78.3704,14.681,1034.73,10.8027,28.1231,994.664,-102.483,125.924,979.483,-113.492,128.344,976.389,-115.295,140.107,994.882,-104.604,141.456,0,0,0
008867:1043.15,-39.5326,154.62,1044.58,-40.8461,157.792,1044.22,-36.0346,157.315,1041.6,-41.719,156.182,1042.37,-27.7684,154.986,1034.62,-50.2559,138.303,1045.44,-18.7206,135.998,1026.7,-69.1523,119.823,1046.34,-4.86191,116.746,990.055,-83.9785,114.687,1025.66,4.43,110.679,1040.48,-52.0948,88.2914,1053.59,-25.6244,84.2685,1026.8,-72.1479,59.4749,1044.37,-7.85984,56.3407,1056.26,-79.2019,15.0161,1039.4,10.9853,23.8823,996.661,-104.887,127.836,983.885,-115.37,129.584,982.448,-117.269,141.784,996.83,-107.003,143.241,0,0,0
008868:1047.91,-41.2421,153.768,1047.53,-42.5083,157.362,1048.4,-37.7687,156.655,1042.24,-42.9144,156.207,1043.31,-28.8995,155.158,1035.76,-51.1454,138.026,1044.59,-19.0896,136.479,1036.12,-72.0297,117.064,1041.33,-5.37141,118.171,1003.32,-86.7741,112.42,1024.64,3.41373,112.22,1042.76,-52.865,87.9997,1053.13,-25.5215,84.2903,1026.05,-72.8523,58.7301,1053.45,-7.94699,51.9325,1055.76,-79.645,13.5804,1048.38,13.1091,17.7959,994.36,-106.201,130.311,982.927,-117.806,132.833,984.777,-118.603,143.627,995.75,-108.673,144.643,0,0,0
008869:1040.85,-42.4245,155.534,1042.83,-43.6658,158.49,1040.46,-38.7031,158.611,1042.71,-44.0069,156.271,1038.41,-29.2948,156.524,1035.45,-52.0081,138.226,1042.75,-19.4829,137.255,1026.2,-71.7606,120.939,1044.02,-5.89368,119.141,998.278,-86.7324,115.078,1029.22,2.82521,112.192,1044.28,-53.1938,87.6207,1049.92,-26.4549,86.3091,1027.27,-72.2255,60.6646,1037.75,-7.77219,59.0422,1067.03,-80.6223,14.7073,1038.6,11.9732,25.6379,989.149,-106.787,132.904,986.699,-119.777,135.037,985.1,-119.64,146.444,986.811,-109.654,148.774,0,0,0
008870:1050.5,-41.1444,154.077,1049.7,-42.7311,157.622,1049.52,-37.6294,157.319,1043.4,-44.1851,156.572,1040.45,-29.8474,156.671,1033.78,-52.8963,138.749,1041.77,-20.4524,138.059,1024.98,-72.2045,120.679,1044.71,-6.25358,119.188,1003.18,-88.2562,114.253,1025.22,2.85688,113.693,1047.2,-54.696,87.3062,1051.12,-25.8883,85.893,1027.89,-73.4632,59.4057,1041.36,-7.16614,56.7615,1064.16,-81.5477,14.1326,1043.58,13.4824,21.8103,989.83,-107.756,133.803,989.626,-121.306,136.281,985.918,-120.868,148.494,987.376,-109.119,150.047,0,0,0
008871:1034.87,-42.8751,155.941,1037.61,-44.3521,158.899,1034.02,-39.2985,159.331,1043.5,-45.5177,156.165,1035.35,-30.6105,157.474,1040.39,-54.096,137.37,1045.5,-21.0835,137.528,1039.55,-75.1932,117.919,1046.05,-7.00071,119.144,1035.48,-93.3945,112.736,1027.5,2.40174,113.854,1045.43,-55.2115,87.747,1048.2,-27.9079,86.6047,1024.64,-73.2117,61.1206,1042.89,-8.73929,56.8855,1064.74,-81.6036,13.8489,1051.56,10.9603,18.8261,997.041,-110.636,134.783,987.464,-122.569,139.168,987.972,-122.989,150.44,985.059,-110.152,151.937,0,0,0
008872:1035.99,-43.3841,156.332,1039.52,-45.0188,159.096,1035.76,-39.7926,159.611,1043.38,-46.2057,156.48,1036.97,-31.0949,157.583,1035.81,-54.3396,138.305,1042.96,-21.4686,138.184,1028.11,-74.7779,120.312,1046.47,-7.38584,119.643,1017.59,-92.6472,114.076,1027.67,1.53561,114.579,1047.55,-56.5531,87.4952,1045.31,-28.2316,87.5297,1027.87,-74.3823,60.5355,1036.98,-10.0618,58.6498,1069.85,-82.0138,12.5731,1048.79,10.5712,19.8201,995.601,-111.587,136.874,987.718,-122.562,140.062,988.716,-124.997,153.407,993.676,-112.334,151.377,0,0,0
008873:1031.64,-44.4545,156.741,1035.08,-46.0025,159.26,1032.39,-40.8624,159.74,1043.02,-47.1001,156.396,1038.29,-32.1897,157.407,1037.18,-55.577,138.119,1048.66,-22.2429,137.99,1032.24,-74.4317,119.401,1047.39,-7.35506,121.121,1021.69,-91.7467,113.937,1029.7,2.70521,114.596,1045.85,-56.7845,87.9158,1051.37,-28.8487,87.1589,1034.44,-74.2019,59.8155,1033.05,-12.1665,61.8325,1068.77,-82.6001,13.5346,1038.47,7.02334,24.7904,996.828,-113.014,137.54,989.192,-123.719,141.378,995.466,-127.47,155.348,995.368,-114.008,154.154,0,0,0
008874:1034.57,-44.7277,156.956,1036.68,-46.4726,159.945,1035.07,-41.2839,160.032,1040.6,-48.0103,157.329,1037.93,-33.1042,157.794,1035.2,-56.2453,138.757,1043.74,-23.5288,139.137,1026.72,-75.409,120.693,1043.53,-8.7337,122.985,1019.25,-92.2658,113.356,1027.69,1.13469,117.221,1044.06,-57.8586,88.9512,1045.48,-29.9353,88.4669,1029.67,-75.1436,61.0134,1043.95,-11.0205,57.7174,1064.3,-82.9807,14.9908,1049.92,8.48868,19.7497,997.678,-113.986,139.134,987.736,-125.168,144.289,995.497,-128.25,156.675,996.896,-114.639,154.812,0,0,0
008875:1035.89,-47.0479,158.18,1039.06,-48.512,160.895,1034.79,-43.4226,161.562,1044.45,-48.9886,157.479,1034.62,-34.1118,159.428,1042.25,-56.998,137.25,1041.55,-23.7665,139.939,1045.31,-78.1206,116.429,1041.23,-8.78137,123.084,1040,-96.2337,112.565,1027.74,1.44833,116.01,1038.39,-58.6594,91.2597,1052.85,-30.0076,86.8557,1029.29,-75.5792,61.9069,1049.12,-11.6845,57.8305,1061.66,-82.8994,16.1405,1058.99,8.49783,18.3922,995.315,-115.017,141.048,992.837,-126.485,144.201,994.809,-128.318,157.205,1001.87,-117.72,154.051,0,0,0
008876:1036.53,-46.8044,157.457,1039.34,-48.5291,160.365,1036.31,-43.2263,160.7,1043.74,-49.659,157.453,1039.37,-34.4906,158.217,1037.48,-58.0492,138.362,1045.67,-24.1011,138.699,1028.49,-78.1605,120.276,1044.65,-9.40223,122.117,1013.12,-95.2102,116.403,1024.94,0.480414,116.805,1041.95,-58.1026,88.1466,1044.91,-30.6003,88.0739,1025.74,-77.146,62.6389,1046.77,-11.6922,57.1379,1065.27,-83.8933,14.9374,1061.03,8.17185,16.1151,996.718,-116.438,142.341,990.293,-128.535,147.284,992.434,-129.573,159.449,1006.55,-118.833,154.815,0,0,0
008877:1034.02,-47.7229,157.434,1037.59,-49.0751,160.24,1034.46,-44.1227,160.588,1043.05,-50.0974,157.617,1037.42,-35.2085,158.39,1037.26,-58.6598,138.79,1042.87,-25.1842,140.137,1030.55,-78.2672,119.754,1041.82,-10.6638,123.774,1017.8,-94.818,115.63,1025.11,0.0525134,118.103,1042.29,-59.4891,90.7069,1048,-30.9272,88.4236,1029.56,-77.813,62.2688,1043.22,-13.4718,60.9627,1067.83,-84.8696,14.3052,1056.74,5.80895,21.0884,999.352,-119.033,144.126,993.687,-131.056,149.044,991.755,-130.682,161.801,1005.75,-119.962,156.585,0,0,0
008878:1034.95,-49.102,160.734,1038.36,-50.5228,163.187,1035.38,-45.1513,163.818,1041.77,-50.9254,159.822,1035.77,-35.8002,161.113,1037.19,-59.5351,138.939,1039.91,-25.4048,140.869,1040.82,-79.4599,117.385,1041.73,-11.4098,122.594,1026.64,-96.9122,115.313,1027.53,-0.179028,116.695,1043.8,-59.8239,90.3318,1052.53,-31.202,87.3593,1030.64,-78.4916,62.2473,1043.99,-14.151,59.773,1061.89,-85.4651,17.3645,1053.02,4.17559,22.264,994.927,-122.053,147.718,997.92,-132.73,149.343,989.984,-132.124,163.685,1001.48,-121.93,159.134,0,0,0
008879:1032.62,-50.3283,159.864,1035.68,-51.5867,162.526,1032.74,-46.2627,163.044,1041.45,-51.982,159.208,1033.43,-36.5383,160.651,1039.45,-60.9544,138.064,1041.16,-26.1209,140.485,1045.71,-80.8767,115.758,1040.39,-12.1105,123.524,1026.7,-98.3911,114.772,1026.92,-0.0290409,117.692,1046.85,-60.4955,89.5791,1054.43,-32.0476,87.0503,1027.78,-79.6613,62.4456,1049.86,-14.3374,58.3604,1057.48,-86.5312,15.812,1055.53,3.24976,19.9378,995.192,-122.044,148.565,995.977,-133.188,151.918,987.156,-134.152,165.622,1005.07,-122.873,158.809,0,0,0
008880:1031.09,-50.1055,159.77,1035.46,-51.669,162.206,1031.74,-46.2546,162.872,1042.24,-52.5175,158.962,1034.05,-37.2157,160.534,1035.97,-60.532,139.48,1040.11,-27.6679,140.905,1032.78,-80.1644,119.739,1040.37,-13.5408,124.104,1016.32,-97.2041,117.495,1024.59,-1.10352,118.023,1045.95,-60.8891,89.9373,1048.09,-33.2619,89.2472,1032.58,-79.7619,63.0344,1050.87,-14.9994,58.0226,1054.16,-88.4144,19.943,1053.62,3.81277,20.2664,995.268,-122.041,148.806,993.136,-133.456,153.857,989.839,-136.469,167.447,996.76,-123.691,162.585,0,0,0
008881:1034.41,-51.1402,159.861,1038.25,-52.8032,162.298,1034.93,-47.1876,163.006,1042.3,-53.5368,159.142,1034.35,-37.8255,160.93,1034.53,-61.3293,139.473,1038.51,-27.7814,141.414,1037.85,-80.7509,118.537,1039.82,-13.5954,124.753,1020.93,-98.0217,117.044,1022.15,-1.34753,119.069,1052.74,-62.6932,88.2576,1047.43,-33.2815,88.8043,1026.31,-80.6086,64.2809,1047.37,-16.2642,58.8345,1057.37,-88.2001,19.0206,1057.34,2.36048,19.5293,997.332,-123.395,149.62,985.561,-134.139,156.982,993.96,-137.888,167.119,993.087,-123.799,164.205,0,0,0
008882:1036.31,-52.2871,159.443,1039.14,-53.6869,162.058,1036.83,-48.6193,162.524,1042.74,-53.8067,159.118,1038.02,-39.429,160.229,1039.71,-62.314,138.81,1042.71,-28.463,140.504,1038.75,-84.0096,118.443,1042.75,-13.8006,123.405,1021.41,-101.769,118.557,1021.09,-1.58036,118.733,1052.74,-62.6932,88.2576,1053.77,-34.0048,86.4364,1031.38,-81.218,62.1443,1052.12,-16.4736,55.1166,1053.86,-89.7808,20.4778,1061.95,2.21758,15.8772,999.362,-125.013,150.703,990.868,-136.462,156.679,994.047,-138.405,168.35,991.675,-124.205,165.581,0,0,0
008883:1035.45,-53.7451,159.057,1037.76,-54.9796,161.924,1036.41,-49.9799,162.111,1040.96,-55.032,159.528,1037.32,-40.6046,160.145,1033.7,-63.0729,140.231,1045.93,-29.8609,140.061,1034.72,-83.5096,119.34,1041.5,-14.8698,124.06,1015.26,-101.768,119.655,1020.66,-2.14002,119.922,1051.45,-64.2181,88.5755,1058.8,-35.0298,85.8895,1021.3,-81.2649,64.8329,1060.99,-17.8957,53.9385,1053.07,-89.625,19.8225,1066.29,0.152004,15.9177,1000.82,-125.392,150.666,998.941,-139.065,154.849,997.542,-139.378,167.915,999.877,-127.522,165.398,0,0,0
008884:1034.13,-54.7694,160.043,1036.98,-56.0574,162.567,1035.1,-51.0148,162.913,1037.73,-56.0476,160.309,1035.29,-41.531,160.757,1037.4,-63.7312,139.52,1044.32,-29.4209,140.337,1044.22,-84.5854,118.488,1045,-13.5158,123.841,1016.36,-102.642,122.051,1019.54,-1.96148,120.295,1050.6,-64.3299,88.7862,1059.05,-34.7142,85.0716,1022.99,-82.0926,63.8444,1056.85,-17.0229,53.733,1053.02,-91.0039,19.4606,1067.76,1.13886,13.6794,1002.86,-126.752,151.314,998.598,-140.372,155.888,1004.74,-141.332,167.489,999.377,-129.098,166.174,0,0,0
008885:1036.11,-54.8318,159.094,1039.68,-56.1725,161.742,1036.61,-51.0488,162.285,1043.17,-56.203,159.311,1034.94,-41.4278,160.935,1035.97,-64.6874,139.984,1042.75,-30.3149,140.697,1041.33,-85.7614,118.128,1043.62,-15.5062,123.076,1021.33,-104.587,120.584,1022.38,-2.63302,119.825,1050.6,-64.3299,88.7862,1058.78,-36.8714,85.003,1023.71,-82.5831,64.5771,1054.38,-17.5855,55.4645,1052.58,-91.2205,19.918,1060.44,-1.10073,16.7047,1001.13,-127.949,152.894,1004.02,-142.733,155.702,1009.3,-142.511,168.14,1001.52,-129.671,166.012,0,0,0
008886:1034.93,-55.7067,159.557,1038.59,-57.1153,162.151,1035.67,-51.9169,162.668,1042.26,-57.1372,159.539,1036.23,-42.3777,160.7,1038.71,-65.1721,139.392,1041.23,-31.3794,141.038,1043.01,-85.9576,117.482,1039.15,-16.4789,124.659,1023.62,-102.973,118.358,1021.41,-3.31902,120.037,1048.81,-64.835,89.2285,1057.04,-36.9956,85.6422,1024.54,-83.2266,64.7279,1050.3,-18.5088,56.2861,1052.74,-93.1151,21.2604,1058.26,-1.74816,17.4961,1001.23,-130.248,154.115,1005.43,-143.39,155.974,1013.64,-145.964,165.979,1007.86,-131.662,165.339,0,0,0
008887:1036.49,-56.2869,160.199,1040.19,-57.8819,162.961,1036.34,-52.5042,163.231,1045.17,-57.9137,159.736,1038.68,-42.4141,160.446,1042.6,-64.8162,139.285,1043.93,-31.328,140.222,1033.26,-86.425,121.517,1043.28,-15.8753,123.884,1002.54,-104.498,125.892,1020.18,-2.93605,120.632,1047.78,-65.5094,89.4816,1046.86,-37.6588,88.2128,1037.23,-82.8171,62.0407,1050.34,-19.5604,55.5374,1059.33,-93.381,19.5174,1070.58,-0.0318608,12.0108,1004.74,-131.212,153.503,1003.64,-144.561,157.557,1006.87,-148.029,169.419,1006.01,-132.07,165.294,0,0,0
008888:1034.06,-56.8933,160.141,1038.6,-58.361,162.57,1035.62,-53.1258,163.18,1045.12,-58.7883,159.457,1036.33,-43.7903,161.221,1037.19,-66.8722,140.053,1043.97,-32.5817,140.517,1043.65,-87.3658,117.895,1044.79,-16.6893,122.636,1021.64,-104.691,118.175,1023.01,-3.36908,119.619,1045.17,-65.8417,89.8258,1053.57,-37.3985,85.8858,1019.84,-85.4826,64.5968,1056.92,-19.9357,54.2147,1052.3,-94.8518,18.0274,1073.35,-1.88237,11.7912,1005.44,-131.405,153.356,1002.83,-144.624,157.726,999.75,-148.837,172.11,1004.27,-132.474,165.629,0,0,0
008889:1033.08,-58.0549,160.383,1036.67,-59.6885,163.213,1033.26,-54.4724,163.544,1044.47,-59.7436,159.697,1037.45,-44.8664,160.812,1040.84,-67.0612,139.412,1046.85,-33.4253,139.18,1035.95,-88.8514,120.108,1044.53,-17.9395,122.45,1014.93,-108.137,123.071,1022.14,-3.37583,120.029,1043.38,-66.3433,90.2657,1049.86,-38.8532,86.7038,1032.82,-84.7416,63.4982,1054.48,-20.2912,54.0657,1057.23,-94.8285,20.3138,1070.65,-1.16133,10.8527,1006.48,-134.371,153.135,1002.55,-145.15,157.638,998.04,-149.474,172.942,999.76,-134.919,168.356,0,0,0
008890:1036.79,-58.8226,158.987,1040.06,-59.9879,161.848,1036.86,-55.234,162.208,1045.19,-59.6763,159.252,1037.96,-45.3637,160.352,1043.99,-67.2924,139.122,1039.93,-35.0292,141.058,1027.6,-90.3426,123.45,1043.87,-19.7183,122.857,998.455,-108.472,129.493,1027.05,-3.18873,118.946,1043,-67.466,90.21,1051.66,-40.5774,86.8237,1041.12,-85.6197,59.7791,1046.7,-23.1914,57.1268,1056.14,-96.0954,18.5095,1076.65,-2.53133,11.2737,1003.87,-135.367,154.381,989.939,-146.409,161.997,995.766,-149.652,173.936,1002.87,-137.2,168.71,0,0,0
008891:1037.54,-58.802,159.092,1037.9,-60.5948,162.49,1035.52,-55.0695,162.9,1041.32,-61.119,159.641,1038.3,-45.9575,160.55,1041.16,-68.8445,139.366,1049,-34.6343,139.206,1037.31,-92.1782,121.408,1046.06,-17.6068,122.446,1022.82,-112.91,123.068,1022.74,-3.46903,120.234,1043,-67.466,90.21,1048.7,-39.7221,85.463,1030.23,-88.5592,61.9345,1057.68,-20.8829,52.8604,1061.33,-98.3492,15.4742,1078.69,-3.90473,8.42945,1000.5,-136.691,156.542,1002.52,-148.175,156.93,994.973,-150.953,173.353,1001.22,-139.364,169.424,0,0,0
008892:1037.18,-60.8039,160.534,1039,-62.0682,163.699,1037.13,-57.0603,163.697,1042.63,-61.6993,160.943,1038.01,-47.0813,161.324,1037.85,-69.4442,140.382,1044.58,-35.9903,140.196,1032.52,-91.9116,121.587,1040.77,-19.7841,124.012,1015.71,-111.256,124.68,1022.5,-3.9981,120.173,1046.64,-68.3285,88.7449,1051.32,-41.5466,86.3489,1028.49,-87.237,63.0827,1052.26,-22.655,54.7576,1058.43,-98.9637,17.8319,1071.78,-3.3367,11.2484,1002.58,-137.277,156.108,997.137,-149.848,158.489,1004.25,-153.554,172.789,998.801,-139.563,169.909,0,0,0
008893:1037.66,-61.0324,159.21,1037.63,-62.837,162.687,1037.34,-57.7385,162.588,1041.29,-62.8581,159.798,1040.24,-48.1431,160.372,1041.52,-69.6628,139.699,1050.03,-35.9585,139.118,1030.59,-91.7102,122.481,1048.55,-18.5357,122.213,1011.6,-109.842,125.546,1022.29,-4.06307,120.727,1045.23,-69.8442,88.6525,1053.18,-41.6116,85.4057,1029.81,-87.7509,62.0798,1059.71,-21.7216,51.6708,1057.55,-99.7673,17.2157,1070.91,-3.93259,9.9617,1007.24,-139.178,155.261,992.729,-150.968,162.369,1004.44,-156.046,171.969,1015.48,-141.002,166.86,0,0,0
008894:1033.47,-61.6652,159.877,1036.37,-63.1881,162.658,1032.95,-58.317,163.363,1045.69,-63.3008,158.958,1035.36,-49.0645,161.432,1043.44,-70.4574,139.043,1045.54,-37.8811,140.128,1043.61,-94.4645,119.505,1042.6,-21.2441,123.301,1034.08,-116.138,121.237,1023.06,-5.0561,120.458,1041.7,-70.2769,88.9236,1047.4,-42.4569,87.6286,1034.46,-87.397,60.9688,1057.22,-23.9972,52.9186,1051.77,-100.994,18.9245,1070.53,-5.6848,10.665,1008.23,-140.887,155.701,991.425,-152.066,162.655,1000.69,-157.058,172.33,1008.32,-142.582,167.838,0,0,0
008895:1034.29,-64.0465,159.648,1036.6,-65.0768,162.738,1033.14,-60.5518,163.245,1043.7,-64.2064,159.827,1033.08,-50.292,161.853,1039.05,-70.9384,140.15,1043.12,-38.5722,140.586,1030.55,-95.6349,122.628,1040.69,-21.3298,123.438,1021.15,-119.32,127.011,1026.08,-4.84459,119.89,1039.94,-70.4927,89.0587,1050.59,-43.2094,85.6488,1033,-88.2041,60.6996,1060.3,-24.3325,50.8503,1054.33,-102.948,19.2535,1081.35,-5.40813,7.83128,1004.35,-142.467,156.509,991.176,-152.585,162.706,999.689,-158.623,171.763,1002.89,-143.026,169.823,0,0,0
008896:1030.84,-63.3901,159.771,1032.55,-65.0747,162.764,1030.26,-60.1228,163.446,1041.56,-65.3032,158.848,1036.5,-50.5025,160.842,1040.92,-71.6826,139.1,1049.59,-39.0546,138.935,1032.82,-95.9569,122.885,1047.16,-21.1642,121.809,1036.75,-118.296,122.765,1021.8,-5.15031,120.883,1038.04,-71.2668,89.3795,1048.58,-43.9066,86.3355,1030.17,-89.699,59.889,1059.41,-24.7694,52.6303,1054.77,-104.812,14.9364,1072.32,-6.67623,11.6059,1005.74,-142.863,156.219,995.105,-153.797,161.384,997.229,-159.047,172.704,1003.62,-144.733,169.53,0,0,0
008897:1028.33,-63.2782,159.334,1031.07,-65.2878,162.272,1028.93,-59.7941,162.849,1040.68,-66.7756,159.155,1035.21,-50.9035,160.855,1038.35,-73.3337,139.649,1045.61,-41.1252,139.767,1026.5,-96.4457,124.155,1039.15,-23.8115,124.425,1013.45,-116.824,127.041,1021.79,-6.35939,121.228,1038.04,-71.2668,89.3795,1048.04,-44.6493,87.0259,1034.07,-90.3874,59.36,1057.49,-26.1614,52.0405,1048.92,-105.812,18.552,1067.87,-6.7853,11.6472,1009.48,-144.852,155.18,1000.54,-155.417,160.132,996.379,-160.602,172.618,1009.93,-147.265,166.982,0,0,0
008898:1034.73,-65.2195,160.065,1037.04,-66.7335,162.98,1033.28,-61.2679,163.848,1042.64,-66.9247,159.776,1037.37,-51.9209,161.151,1037.73,-73.1111,139.668,1044.67,-41.895,140.121,1027.82,-98.7599,124.307,1042.97,-24.8493,123.535,1025.67,-124.661,127.616,1029.2,-7.75039,119.916,1037.2,-71.3738,89.5885,1042.69,-44.1641,87.2476,1038.72,-91.4125,59.6228,1051.57,-25.5392,53.4996,1048.79,-107.247,20.4834,1080.11,-7.82037,7.52524,1006.35,-146.097,155.065,1007.44,-157.458,158.704,999.503,-162.4,172.414,1008.66,-148.894,168.281,0,0,0
008899:1029.11,-65.169,159.494,1031.51,-66.8485,162.311,1029.86,-61.751,162.952,1039.67,-67.7507,159.039,1037.52,-52.6701,160.273,1039.43,-74.5935,138.713,1047.04,-42.2937,139.09,1027.03,-98.7608,123.726,1041.24,-24.295,123.543,1012.15,-119.838,128.411,1022.75,-5.90018,120.75,1038.7,-71.7191,89.2145,1049.04,-45.5167,85.9527,1035.38,-92.411,57.4926,1054.06,-26.8772,52.519,1049.95,-110.327,16.4431,1062.6,-8.38603,13.1512,1009.14,-146.898,154.482,1002.35,-157.799,159.027,1002.43,-164.465,171.958,1006.54,-150.324,169.287,0,0,0
008900:1040.79,-68.0776,158.613,1042.04,-69.1903,161.561,1040.68,-64.3739,161.937,1043.9,-68.5174,158.925,1040.81,-53.8154,159.717,1037.56,-74.7393,139.248,1043.8,-42.6822,139.13,1025.49,-99.4551,124.49,1040.83,-24.6167,122.825,1012.54,-121.101,128.717,1018.83,-6.12575,121.588,1037.77,-72.1052,89.446,1045.84,-45.974,86.5418,1033.22,-92.5461,58.2018,1054.01,-26.3842,52.7329,1049.17,-112.376,16.197,1073.59,-7.95545,10.1655,1002,-147.927,154.517,1003.87,-159.457,158.565,1004,-165.864,171.156,1006.14,-150.852,168.855,0,0,0
008901:1032.3,-68.0134,159.693,1032.68,-69.8783,163.004,1032.1,-64.347,163.117,1038.59,-70.2579,159.353,1039.31,-54.1514,159.534,1039.03,-75.7564,138.848,1049.95,-43.0712,137.434,1018.31,-99.4089,126.498,1044.61,-24.9843,122.344,1008.55,-119.456,128.513,1019.21,-8.02012,122.134,1036.62,-73.0494,89.5799,1047.1,-46.0875,85.3427,1035.74,-92.9586,55.6329,1052.97,-26.2042,50.3575,1063.16,-112.002,12.1953,1067.85,-7.77514,10.8237,998.337,-149.479,156.177,1001.14,-159.887,158.582,1003.98,-167.626,171.631,1006.83,-151.054,168.716,0,0,0
008902:1034.98,-68.9963,158.43,1036.36,-70.8092,161.502,1036.23,-65.1876,161.671,1038.8,-71.2205,159.026,1040.45,-54.7775,159.139,1033.65,-76.5877,139.252,1042.72,-44.283,138.977,1016.47,-100.755,125.688,1034.27,-26.2771,124.894,1000.12,-121.495,130.341,1020.18,-7.43717,121.23,1035.78,-73.1554,89.7887,1046.37,-46.7624,85.7266,1029.94,-94.4505,57.8555,1050.37,-27.0653,51.0059,1048.7,-114.525,17.5305,1065.79,-7.09604,10.7449,997.75,-150.784,156.445,1000.12,-160.204,158.519,1004.5,-170.592,170.343,1003.55,-152.286,168.115,0,0,0
008903:1037.48,-69.956,158.243,1039.93,-71.3492,161.137,1038.26,-66.2254,161.513,1042.91,-71.3103,158.77,1041.03,-55.9973,159.187,1034.72,-77.1826,139.51,1043.4,-45.1965,138.886,1016.42,-101.771,126.031,1040.74,-26.1004,122.528,1002.21,-123.003,130.849,1026.14,-6.94654,119.851,1039.89,-75.0406,88.3529,1044.63,-47.3396,85.9744,1033.31,-95.2579,55.9078,1052.01,-28.2604,50.573,1048.34,-115.719,16.9118,1068.89,-8.53331,11.2436,1001.84,-151.994,155.458,997.722,-161.359,158.051,1003.32,-170.905,169.757,1005.75,-154.398,167.91,0,0,0
008904:1041.36,-70.7545,157.878,1041.27,-71.8791,161.201,1042.24,-67.0715,161.184,1040.78,-71.5751,159.392,1044.32,-56.8983,158.916,1034.54,-77.7315,139.794,1045.43,-46.4057,138.571,1021.74,-102.692,124.783,1042.14,-27.7724,121.211,1013.6,-124.44,128.31,1031.29,-7.97161,118.434,1044.91,-76.8298,86.8261,1043.15,-48.6127,86.7539,1031.23,-96.2242,56.9256,1052.76,-28.7908,51.667,1049.9,-117.145,15.2025,1069.35,-8.38508,11.397,1006.56,-153.417,154.079,1000.23,-164.206,157.526,1003.32,-170.905,169.757,1002.35,-156.656,168.9,0,0,0
008905:1038.12,-71.3147,158.613,1041.1,-72.6127,161.189,1037.99,-67.7313,161.975,1046.39,-72.5701,158.065,1040.4,-57.896,159.486,1038.66,-78.5452,139.119,1044.18,-47.1303,138.905,1021.15,-102.705,125.584,1038.27,-27.1714,123.027,1006.24,-123.001,129.084,1030.37,-6.80304,118.8,1046.51,-76.6227,86.0575,1042.66,-49.0342,86.7707,1033.63,-96.0648,56.5872,1053.28,-28.77,51.4533,1049.1,-117.948,15.2945,1067.08,-9.34285,11.1797,1005.58,-153.738,154.139,996.028,-164.727,158.402,1004.54,-173.826,167.87,1008.41,-158.498,167.117,0,0,0
008906:1036.31,-71.633,158.462,1039.14,-72.9646,161.024,1036.68,-67.9726,161.776,1045.25,-73.2483,157.627,1040.52,-58.1998,158.949,1039.84,-79.5711,137.837,1045.65,-47.8903,138.157,1022.89,-104.152,124.204,1039.49,-28.2336,122.439,1005.86,-125.042,129.592,1027.92,-7.83782,119.076,1042.93,-77.8783,87.3185,1046.3,-49.859,85.51,1031.81,-97.0964,56.6834,1056.3,-29.6997,50.9823,1047.67,-119.353,15.1441,1073.97,-10.5833,9.55923,999.718,-153.636,153.871,996.07,-165.973,158.009,1008.49,-175.1,166.343,1009.77,-160.162,165.931,0,0,0
008907:1037.77,-73.155,158.529,1039.26,-74.4,161.292,1038.28,-69.4855,161.811,1043.1,-74.3428,158.222,1040.17,-59.3973,159.321,1038.26,-80.2608,138.248,1042.23,-48.7056,139.025,1018.51,-103.866,125.473,1037.39,-28.3127,122.885,1002.93,-124.866,129.501,1032.67,-8.63673,117.682,1044.93,-78.9711,86.5439,1046.27,-50.8103,86.0077,1040.45,-98.8962,54.7086,1051.49,-31.3255,52.9718,1058.78,-119.809,11.6186,1067.8,-10.49,11.7401,1004.22,-155.582,152.608,997.349,-167.384,156.427,999.206,-175.614,167.193,1009.71,-160.907,164.255,0,0,0
008908:1037.94,-74.7648,157.453,1040.77,-75.4651,159.931,1038.08,-71.2894,160.871,1047.65,-74.2629,156.457,1041.53,-60.539,158.353,1043.21,-80.2024,136.594,1044.89,-49.0398,137.949,1023.9,-105.906,123.581,1040.66,-28.6998,121.51,1012.52,-127.972,126.578,1034.03,-8.65439,116.726,1049.46,-78.3929,84.3825,1044.45,-51.1902,84.8628,1036.08,-98.8711,54.3606,1051.78,-30.9506,51.4821,1049.53,-120.688,13.3127,1073.66,-9.43192,9.35282,1002.81,-156.428,152.028,995.41,-167.748,156.141,1000.66,-177.28,166.77,1008.53,-161.484,164.001,0,0,0
008909:1040.6,-74.7969,156.979,1042.34,-76.195,160.078,1040.97,-71.1645,160.367,1042.87,-75.8361,157.724,1039.13,-60.6053,158.592,1032.87,-80.6416,138.947,1041.51,-50.4474,138.516,1030.61,-107.973,122.85,1037.97,-31.2106,123.588,1020.05,-130.154,126.422,1033.27,-11.3506,117.753,1042.35,-79.2807,87.037,1047.53,-52.4277,84.7197,1032.26,-98.7358,54.573,1063.13,-32.6226,47.2824,1050.03,-120.869,11.9961,1077.07,-11.5682,6.35429,1014.18,-159.943,148.06,999.282,-169.006,154.522,1001.02,-177.754,166.023,1005.76,-162.168,164.415,0,0,0
008910:1039.47,-75.4975,156.966,1041.61,-76.7087,159.881,1039.85,-71.7185,160.323,1045.8,-76.7675,157.028,1041.8,-61.6125,157.872,1036.69,-81.6215,137.888,1045.73,-51.9932,137.614,1025.15,-107.054,123.558,1033.47,-31.3614,124.309,1012.15,-128.839,126.294,1025.97,-11.3654,119.623,1040.05,-80.6089,86.7444,1051.97,-53.6127,83.1065,1034.61,-99.3448,52.5898,1062.4,-31.6719,45.8446,1053.14,-124.737,10.3864,1072.15,-10.3068,7.07448,1011.29,-160.896,148.674,999.792,-169.218,153.682,1004.84,-179.295,164.719,1007.76,-162.791,163.753,0,0,0
008911:1037.65,-75.5907,155.284,1039.39,-76.9022,158.522,1039.53,-72.0247,158.56,1041.56,-77.0843,156.543,1041.16,-61.7982,156.723,1033.71,-81.7707,137.638,1043.84,-52.1946,137.232,1027.02,-108.34,122.151,1038.76,-31.8095,122.377,1007.53,-130.293,126.992,1037.42,-12.5768,116.028,1042.95,-81.3235,85.6081,1050.71,-53.3933,83.2271,1032.18,-99.8343,52.4175,1065.11,-33.404,45.7972,1050.13,-123.901,10.5129,1078.39,-10.8269,6.73789,1005.21,-161.804,149.857,1001.96,-171.094,153.076,1003.24,-180.375,164.221,1013.65,-164.415,160.824,0,0,0
008912:1037.28,-77.2346,156.187,1040.79,-78.294,158.828,1037.85,-73.4661,159.562,1048.14,-78.1162,155.49,1042.26,-63.0572,156.724,1038.24,-82.8404,136.728,1050.63,-53.2245,135.281,1022.63,-108.313,124.047,1041.96,-31.5636,120.488,992.903,-128.288,130.625,1030.98,-11.7086,116.653,1044.46,-81.6796,85.2296,1053.39,-54.6813,81.3718,1034.68,-100.944,51.2949,1059.08,-32.6393,46.0409,1060.59,-126.793,7.44362,1069.08,-9.6758,8.52553,1002.17,-162.755,149.861,989.748,-174.042,153.853,1004.12,-182.319,162.268,1009.97,-166.15,160.053,0,0,0
008913:1038.63,-77.9588,155.893,1041,-79.3794,158.792,1039.23,-74.0783,159.304,1046.98,-79.6093,155.68,1042.52,-63.4939,156.77,1038.6,-84.16,136.79,1048.49,-53.4873,135.965,1027.39,-108.53,123.121,1039.62,-32.1215,122.017,1007.75,-127.222,126.101,1030.09,-12.4734,116.965,1043.71,-83.0887,84.4406,1051.07,-55.2494,82.7416,1034.4,-101.381,53.1819,1059.41,-32.8235,47.2071,1058.48,-125.579,9.33936,1073.73,-10.7631,7.22485,998.772,-163.228,150.587,988.872,-175.581,153.728,999.115,-182.574,163,997.854,-167.17,163.779,0,0,0
008914:1037.61,-79.2733,156.168,1038.28,-80.3971,159.985,1039.43,-75.4986,159.155,1041.42,-79.5398,157.218,1042.34,-64.1661,155.823,1034.57,-83.5489,137.091,1045.46,-54.0563,135.273,1023.14,-110.655,123.402,1037.74,-34.0819,122.81,1011.02,-130.977,126.852,1033.96,-15.3682,116.938,1043.35,-83.9281,84.227,1046.83,-54.8491,82.9262,1035.27,-100.455,50.6451,1056.78,-34.8842,46.3169,1056.72,-124.824,8.39864,1069.56,-11.6717,8.23762,992.875,-163.603,150.971,989.427,-177.288,153.227,996.065,-184.461,161.967,995.821,-167.791,163.631,0,0,0
008915:1037.71,-79.8088,155.221,1040.03,-80.819,158.606,1038.61,-76.2696,158.409,1045.59,-79.6161,155.538,1041.75,-65.1032,155.419,1038.73,-83.7907,136.367,1045.68,-55.0825,134.884,1022.4,-110.455,124.1,1038.43,-35.3374,122.036,1010.38,-131.695,125.857,1031.43,-15.4142,117.6,1042.27,-84.589,84.3614,1046.91,-57.4779,82.7779,1039.8,-102.353,50.6161,1057.57,-36.6157,46.738,1057.84,-125.169,7.94955,1072.6,-12.3487,6.74565,995.598,-164.428,150.388,999.534,-180.231,150.506,996.106,-185.449,161.119,993.676,-169.401,161.999,0,0,0
008916:1043.76,-81.0928,153.951,1041.72,-81.726,158.273,1045.37,-77.5233,156.852,1038.69,-79.8983,156.918,1045.33,-66.1823,154.196,1032.16,-84.388,137.601,1045.62,-55.9985,134.354,1019.6,-111.452,124.054,1036.88,-35.7997,121.468,1013.1,-133.442,125.617,1030.22,-14.4382,117.062,1041.31,-84.6924,84.1776,1051.2,-58.2551,81.2269,1036.61,-103.003,51.3187,1057.23,-36.1945,46.123,1052.99,-125.854,9.49747,1069.02,-11.3126,6.94482,994.716,-164.482,150.285,1001.55,-180.875,149.948,997.601,-186.867,160.427,999.57,-171.289,160.015,0,0,0
008917:1043.82,-81.654,153.81,1043.52,-82.1178,157.605,1045.75,-78.0947,156.642,1040.38,-80.3315,156.43,1045.38,-66.8988,154.19,1027.1,-85.5439,138.947,1048.55,-56.3448,134.029,1016.33,-111.674,125.756,1040.53,-36.1833,120.615,1002.24,-133.177,128.11,1032.66,-15.4575,116.596,1043.57,-85.2311,83.6084,1054.7,-58.3362,81.3082,1028.36,-103.972,53.8806,1056.38,-36.1265,48.511,1061.17,-125.868,5.96114,1073.36,-10.7641,7.60075,998.411,-166.247,148.906,999.827,-180.965,150.059,1002.34,-188.879,157.512,997.45,-170.663,160.199,0,0,0
008918:1039.61,-81.774,153.545,1040.06,-82.6936,157.051,1041.69,-78.1051,156.531,1038.17,-81.9749,155.872,1040.79,-67.3125,154.809,1027.96,-86.9846,137.648,1043.09,-57.2861,135.124,1022.32,-113.428,123.196,1039.58,-36.2068,120.478,1007.55,-135.312,125.424,1035.99,-15.8743,113.719,1042.99,-86.3529,83.0221,1055.23,-58.5452,79.7999,1028.42,-105.08,53.3106,1063.03,-35.7577,45.009,1053.19,-127.22,10.1722,1077.55,-9.99787,5.93144,1004.56,-168.127,147.438,996.512,-181.137,150.62,1001.83,-190.646,156.43,994.771,-172.567,160.352,0,0,0
008919:1039.29,-83.5494,154.207,1040.84,-84.3567,157.073,1038.28,-79.6551,157.702,1045.23,-83.9354,154.128,1039.16,-69.3995,155.232,1035.27,-88.6311,135.699,1044.42,-58.9994,134.538,1017.06,-111.473,125.099,1037.88,-36.1532,119.804,996.181,-132.344,127.561,1033.03,-14.095,113.892,1046.59,-87.5399,81.8379,1050.81,-59.7397,80.3623,1033.43,-106.255,53.18,1061.15,-36.2907,46.4727,1052.15,-126.608,11.036,1087.91,-11.6323,3.13798,1000.59,-169.114,147.152,996.861,-182.105,147.894,1001.68,-190.902,156.46,993.847,-172.619,160.162,0,0,0
008920:1039.17,-83.611,154.131,1040.94,-84.5819,157.388,1039.64,-79.8967,157.278,1042.95,-83.41,154.76,1037.74,-68.5686,155.008,1029.67,-88.5604,136.542,1044.98,-57.5368,133.302,1023.67,-114.66,122.749,1043.72,-36.9846,118.542,1012.1,-136.943,124.731,1035.47,-16.1788,113.805,1043.96,-87.8358,82.1984,1053.27,-59.2127,79.7524,1029.85,-106.304,53.3068,1054.03,-35.7777,48.5733,1062.56,-126.692,5.93976,1074.76,-10.1265,6.57557,999.904,-170.158,146.785,1001.28,-183.621,145.524,987.895,-191.51,156.428,999.889,-175.506,157.462,0,0,0
008921:1033.45,-83.452,154.171,1036.82,-84.6994,156.959,1034.89,-79.7204,157.122,1041.06,-84.6428,154.159,1035.52,-69.5175,154.663,1037.66,-89.2111,134.002,1042.67,-59.385,133.55,1031.88,-114.985,120.003,1043.25,-36.8187,117.826,1011.49,-137.592,123.954,1039.95,-15.1581,111.516,1049.03,-89.118,80.0915,1054.27,-60.2205,78.7035,1031.86,-106.216,52.5788,1056.47,-37.3522,46.2916,1048.33,-127.124,13.8508,1066.12,-12.2722,10.3561,999.449,-170.683,146.241,997.85,-183.791,145.679,991.917,-192.815,155.578,992.351,-173.926,157.29,0,0,0
008922:1033.34,-83.9599,153.931,1036.41,-85.6277,156.864,1035.34,-79.977,156.834,1041.11,-86.2109,153.747,1037.23,-69.6337,153.915,1038.64,-90.3148,133.089,1043.88,-59.9135,132.657,1033.41,-114.362,118.428,1042.83,-37.7527,117.258,1014.21,-136.889,122.087,1034.77,-16.6008,112.537,1049.69,-89.5809,79.9241,1053.04,-60.9588,78.9728,1032.47,-106.923,52.9487,1058.05,-37.3565,46.1367,1044.19,-127.189,14.196,1065.25,-12.9804,9.2254,1000.13,-170.893,146.093,984.271,-184.46,146.291,992.59,-193.033,155.436,994.863,-175.763,154.975,0,0,0
008923:1036.29,-84.7814,152.942,1039.85,-86.1755,155.694,1037.16,-80.6507,156.101,1048.19,-87.083,151.719,1045.06,-70.8974,151.783,1036.57,-91.9639,132.415,1052.86,-61.118,130.137,1014.93,-112.363,122.185,1048.82,-38.6361,115.706,998.385,-134.578,124.675,1034.7,-18.4038,113.383,1043.37,-90.5458,80.639,1052.28,-61.8847,79.1775,1039.97,-109.868,51.1298,1052.23,-37.4835,50.4766,1060.93,-128.029,6.75243,1076.02,-11.7336,7.79114,1001.8,-171.795,144.832,988.741,-185.971,144.549,992.478,-193.037,155.079,988.355,-177.369,155.839,0,0,0
008924:1036.46,-85.4135,152.498,1039.26,-86.8486,155.514,1037.59,-81.5565,155.595,1044.78,-87.4877,152.409,1041.53,-71.4592,152.391,1038.42,-92.8813,132.987,1051.18,-62.2089,130.853,1027.66,-115.484,120.725,1043.18,-40.0708,118.3,1005.39,-137.132,123.795,1034.62,-18.9281,113.836,1043.98,-91.0095,80.3452,1064.98,-63.4466,76.3241,1032.99,-108.644,52.8461,1064.46,-39.771,47.6316,1051.29,-125.642,9.25519,1080.62,-12.11,7.03457,996.522,-172.095,144.583,995.376,-187.887,142.198,994.696,-193.929,152.917,984.016,-177.119,157.516,0,0,0
008925:1035.84,-87.3585,152.826,1037.02,-88.7498,156.025,1037.49,-83.44,155.867,1039.19,-88.6664,153.231,1038.46,-72.823,153.176,1040.83,-92.99,131.495,1044.86,-62.8168,131.725,1038.21,-117.047,116.306,1044.96,-40.5334,116.111,1021.06,-139.809,119.122,1040.86,-18.9013,111.041,1043.98,-91.0095,80.3452,1055.85,-63.9168,76.8992,1034.61,-109.003,51.7076,1054.44,-38.6763,46.9447,1051.04,-127.543,11.503,1060.72,-12.5454,10.7487,993.694,-172.246,143.588,995.018,-187.899,140.901,991.884,-194.296,152.675,984.272,-177.843,156.9,0,0,0
008926:1032.17,-86.5275,151.973,1034.78,-88.4817,155.026,1035.01,-82.5845,154.875,1041.26,-89.9903,151.652,1040.52,-73.1182,151.509,1044.62,-95.0688,129.495,1046.29,-63.5512,130.418,1038.19,-118.206,115.247,1048.57,-40.7122,114.575,1021.94,-140.355,117.981,1043.19,-18.9448,109.42,1039.27,-92.0495,80.4765,1052.56,-63.4432,76.9746,1034.47,-109.557,50.5816,1045.66,-38.6026,48.312,1047.63,-126.662,12.218,1057.8,-12.8725,11.1398,991.922,-172.347,143.446,989.928,-188.14,141.385,992.877,-194.744,151.056,983.303,-177.392,155.531,0,0,0
008927:1035.87,-87.6994,151.458,1036.51,-88.7041,154.485,1038.23,-84.0908,154.173,1041.73,-88.7753,151.039,1048.6,-74.2297,149.562,1042.91,-96.4724,129.606,1052.65,-62.7367,129.1,1029.58,-119.976,118.136,1053.03,-40.1726,114.605,1026.62,-145.149,118.001,1042.53,-19.9688,110.461,1043.53,-91.5735,79.5432,1043.65,-63.3375,80.2375,1038.79,-110.983,49.1766,1041.98,-38.106,51.8277,1052.88,-125.457,8.41999,1058.94,-10.4562,12.7554,990.707,-172.409,142.268,989.818,-188.145,141.027,996.066,-195.85,149.735,979.203,-176.867,154.523,0,0,0
008928:1036.48,-89.448,151.062,1038.67,-90.3712,153.756,1036.35,-85.8601,154.335,1045.89,-89.6162,149.992,1041.97,-75.2716,151.024,1046.18,-97.0005,129.115,1047.61,-62.6095,130.207,1041.87,-122.414,115.746,1049.07,-40.8886,114.572,1046.31,-150.731,115.343,1041.96,-21.2514,110.471,1046.61,-91.7707,79.08,1045.19,-63.6275,79.869,1035.81,-111.357,50.5095,1048.35,-38.1522,49.9821,1046.6,-124.098,10.3363,1071.4,-10.5804,8.44609,987.219,-172.608,142.088,987.579,-187.505,140.758,993.901,-195.193,149.613,979.865,-177.077,154.4,933.124,-168.204,156.564
008929:1032.22,-89.3164,151.328,1035.25,-90.2548,153.878,1032.78,-85.8123,154.504,1046.6,-90.2529,149.489,1041.06,-75.9823,150.755,1047.01,-97.7097,128.449,1050.16,-64.4765,129.672,1031.93,-120.34,116.456,1050,-42.0471,114.48,1024.13,-144.99,118.167,1041.61,-21.6628,110.271,1047.56,-92.2011,78.7411,1044.65,-64.5508,80.3061,1037.28,-111.301,50.4462,1041.47,-39.3271,53.2135,1056.54,-124.927,6.77503,1066.19,-11.0539,10.5794,987.219,-172.608,142.088,984.828,-187.633,140.127,988.727,-194.174,150.052,993.926,-179.775,150.664,930.293,-167.298,157.185
008930:1032.4,-90.4819,151.692,1037.14,-91.3534,153.795,1031.77,-86.9301,154.963,1049.79,-90.8783,148.813,1037.32,-76.7628,151.372,1046.55,-98.1552,128.687,1047.15,-64.8247,130.055,1027.94,-120.726,117.841,1049.68,-42.9502,114.313,1018.35,-145.109,118.594,1043.56,-23.0511,109.573,1047.96,-92.4224,78.4996,1043.95,-64.7881,80.9655,1035.72,-111.082,51.3235,1039.81,-38.3353,53.9984,1056.84,-125.752,7.15846,1068.09,-10.8872,10.662,985.465,-172.707,141.911,982.603,-186.996,139.86,982.396,-192.477,150.784,988.448,-177.827,151.019,932.981,-168.207,155.997
008931:1039.63,-90.221,148.543,1041.73,-91.1086,151.124,1038.98,-86.8749,151.881,1047.57,-90.8338,147.708,1040.27,-77.3512,149.44,1041.68,-98.2102,128.939,1048.04,-65.4875,129.123,1015.23,-118.786,119.916,1054.92,-42.9383,112.349,989.888,-139.044,124.873,1046.19,-21.5616,107.51,1048.77,-93.1169,77.4665,1044.71,-64.8522,79.8363,1034.83,-111.575,50.496,1039.45,-38.6343,53.0112,1054.85,-126.235,8.5598,1067.1,-11.1445,11.2372,982.596,-171.878,141.909,982.736,-186.493,139.322,979.36,-191.622,149.898,976.05,-177.522,153.265,936.013,-168.007,154.771
008932:1032.12,-91.1792,150.259,1037.79,-92.0838,152.289,1031.18,-87.7714,153.641,1049.96,-91.3006,147.259,1034.33,-77.8428,150.422,1040.37,-96.607,129.029,1048.41,-67.2005,128.586,1021.71,-118.259,118.327,1057.26,-45.3296,111.904,998.916,-141.388,121.241,1052.37,-24.2962,106.345,1051.43,-92.829,77.0872,1050,-67.2714,79.0462,1034.98,-110.627,52.4152,1045.3,-41.5447,52.7827,1057.15,-125.698,7.10531,1071.16,-12.7354,8.95915,970.903,-169.601,142.482,985.762,-186.089,137.219,979.401,-191.123,148.89,970.998,-176.077,152.844,938.562,-168.928,153.048
008933:1032.62,-92.081,150.715,1037.84,-92.7805,152.491,1030.6,-88.6603,154.156,1051.5,-91.7389,146.917,1033.95,-78.5525,150.749,1047.81,-99.263,127.232,1046.79,-66.1825,128.984,1026.7,-120.731,116.766,1052.89,-43.9124,112.439,1010.46,-142.243,118.786,1047.05,-23.1272,107.079,1047.75,-93.5013,77.7999,1045.02,-66.5435,79.3125,1034.76,-112.19,50.8583,1044.24,-39.8803,51.9509,1049.86,-125.873,9.29131,1071.79,-12.619,9.23529,966.705,-168.378,142.519,970.891,-182.142,138.212,975.844,-190.056,148.763,964.46,-174.004,154.257,941.619,-168.729,151.81
008934:1034.77,-92.8884,149.277,1038.9,-93.7366,151.355,1033.5,-89.295,152.658,1049.7,-93.0692,146.555,1037.06,-78.9139,149.364,1046.85,-99.9657,126.513,1047.33,-66.951,128.231,1021.25,-120.15,116.81,1054.87,-44.7634,111.145,1000.1,-140.701,120.433,1046.92,-23.8137,105.639,1052.65,-94.2862,75.6146,1045.59,-66.3617,78.6845,1038.24,-112.548,49.0304,1030.86,-40.1464,55.1136,1059.96,-126.485,6.84159,1059.83,-12.5243,13.7681,961.845,-166.957,142.548,953.391,-175.758,140.814,961.574,-188.522,149.883,963.809,-172.551,151.746,941.476,-168.731,151.239
008935:1035.85,-92.7037,147.643,1040.12,-93.4906,149.854,1034.83,-89.2573,151.125,1048.95,-92.9794,146.147,1037.13,-79.1331,148.807,1041.58,-99.8936,127.588,1047.4,-67.6367,128.147,1022.23,-120.876,116.114,1056.25,-45.4964,110.415,1009.34,-142.565,118.037,1046.28,-24.9709,105.637,1050.34,-95.8737,75.753,1044.83,-67.4727,78.9241,1027.79,-112.201,52.447,1038.17,-41.1418,53.4292,1048.5,-125.54,10.324,1066.19,-11.9797,11.5078,962.258,-167.165,141.448,958.867,-174.446,137.629,956.11,-185.63,150.338,967.143,-173.579,151.27,941.476,-168.731,151.239
008936:1033.46,-93.2671,147.519,1037.08,-94.2683,149.872,1033.31,-89.662,150.827,1047.14,-94.4003,145.86,1037.12,-79.515,148.175,1042.62,-102.013,126.216,1047.81,-68.1685,127.338,1026.9,-123.387,113.895,1054.71,-45.7204,110.099,996.438,-140.252,117.884,1050.55,-25.626,104.417,1047.7,-96.1538,76.0813,1048.73,-68.6404,77.2335,1032.58,-113.138,51.9402,1039.25,-41.2387,54.3174,1055.98,-125.569,8.21851,1066.65,-13.0665,11.8902,962.081,-167.171,140.823,953.593,-172.803,138.441,959.524,-183.017,148.516,962.995,-171.13,151.781,944.355,-169.648,150.6
008937:1030.5,-93.1937,147.705,1034.38,-94.3278,149.986,1031.14,-89.7207,150.815,1045.88,-94.6411,145.811,1039.79,-80.009,147.295,1043.44,-101.598,126.258,1052.53,-68.8927,126.122,1021.36,-122.102,115.578,1057.99,-47.0898,108.968,991.001,-140.163,117.552,1047.3,-27.5134,103.921,1049.97,-95.9195,76.0489,1048.7,-68.0138,77.2692,1032.52,-113.59,50.6897,1038.43,-42.0111,52.8348,1054.88,-126.428,8.11205,1062.67,-13.1408,12.1278,972.031,-164.537,136.676,956.861,-171.617,136.348,951.804,-179.061,150.137,962.5,-169.422,149.381,944.404,-168.534,149.422
008938:1034.1,-93.2386,148.076,1034.88,-94.4359,151.609,1035.73,-89.5612,151.436,1041.13,-94.8772,147.835,1039.83,-80.6023,147.51,1038.33,-99.5036,127.958,1050.56,-70.293,127.146,1015.67,-119.289,115.158,1056.27,-46.959,110.754,986.688,-138.147,118.908,1051.84,-27.4817,102.925,1044.26,-92.9046,76.7749,1052.05,-67.4774,76.7332,1033.39,-112.953,51.5841,1050.52,-43.2166,47.5466,1047.39,-125.741,12.5616,1061.89,-16.3611,11.6417,957.744,-159.798,138.19,953.9,-172.294,139.018,949.746,-173.732,150.533,953.624,-161.309,149.726,947.959,-168.317,149.802
008939:1033.92,-93.2446,147.509,1034.55,-94.4428,150.446,1035.4,-89.5679,150.272,1040.95,-94.883,147.266,1039.83,-80.6023,147.51,1034.6,-99.8906,128.156,1050.56,-70.293,127.146,1012.16,-119.624,115.983,1052.5,-47.474,110.987,980.325,-136.381,119.83,1051.69,-27.4814,102.322,1044.26,-92.9046,76.7749,1048.25,-67.9462,77.0514,1033.39,-112.953,51.5841,1050.52,-43.2166,47.5466,1043.66,-126.072,13.6722,1058.22,-16.9586,12.7275,954.964,-157.757,138.255,948.422,-169.308,140.272,944.16,-170.764,151.206,950.873,-159.276,149.767,948.829,-166.056,150.177
008940:1037.11,-94.0667,146.207,1037.89,-95.2661,149.749,1038.75,-90.3816,149.573,1040.58,-96.107,146.712,1043.06,-81.4006,146.201,1037.95,-100.729,127.406,1050.24,-71.5342,126.58,1011.99,-119.631,115.422,1055.82,-48.2182,109.591,983.711,-136.092,119.026,1051.61,-28.7348,102.339,1044.26,-92.9046,76.7749,1051.74,-68.7321,76.1617,1033.14,-114.188,51.6518,1050.52,-43.2166,47.5466,1043.66,-126.072,13.6722,1061.89,-16.3611,11.6417,952.189,-155.722,138.32,946.06,-166.138,140.247,941.829,-167.609,151.162,948.459,-156.116,149.737,944.068,-160.856,151.234
008941:1033.55,-94.4638,146.957,1037.51,-96.4872,149.196,1035.04,-90.7885,149.718,1040.58,-96.107,146.712,1042.88,-81.4064,145.63,1037.77,-100.735,126.836,1053.86,-71.0776,125.775,1012.1,-118.43,114.764,1052.05,-48.7303,109.828,986.796,-135.81,117.08,1051.2,-29.9942,101.168,1044.05,-94.1475,76.8278,1051.74,-68.7321,76.1617,1033.16,-114.181,51.6183,1046.74,-43.7437,47.9303,1050.86,-126.662,11.5262,1054.57,-17.5533,13.8084,952.878,-152.308,136.948,946.954,-162.751,139.438,942.934,-163.119,149.714,948.987,-152.726,147.845,941.074,-157.727,149.005
008942:1040.47,-94.8912,145.498,1041.07,-96.0989,148.479,1038.36,-91.6092,149.048,1043.95,-96.9377,146.003,1042.69,-82.6345,145.67,1041.14,-101.578,126.082,1053.69,-72.3208,125.812,1008.28,-118.775,114.433,1055.7,-49.4707,109.618,980.278,-134.055,117.425,1062.3,-29.5749,99.7951,1044.05,-94.1475,76.8278,1048.09,-69.1977,77.0906,1033.14,-114.188,51.6518,1050.52,-43.2166,47.5466,1047.39,-125.741,12.5616,1061.89,-16.3611,11.6417,950.411,-149.143,136.946,944.727,-159.583,139.952,940.904,-158.847,149.606,949.638,-149.327,146.529,931.071,-149.687,151.805
009173:466.843,204.852,1.4523
