012839:955.052,-59.8161,140.068,961.713,-60.7907,142.26,955.004,-56.1147,142.792,974.193,-58.2336,137.349,956.994,-46.2563,139.379,973.63,-62.5048,117.136,947.144,-42.7817,122.022,971.704,-65.5614,96.0169,927.453,-41.9687,97.9008,974.483,-77.2882,89.6151,910.826,-54.6069,93.8629,954.727,-53.6604,76.711,947.291,-37.5229,77.9982,972.484,-64.6724,34.3195,945.253,-33.3398,35.9924,972.92,-42.6063,7.99035,977.787,-8.64964,22.1622,884.299,-87.6612,104.526,882.915,-94.5893,97.528,875.895,-100.612,111.535,891.205,-91.526,111.346,0,0,0
012840:951.674,-60.4144,140.005,957.763,-61.39,142.193,952.763,-56.7885,142.737,971.054,-59.3582,137.073,957.349,-47.2653,139.051,965.8,-64.0671,118.271,944.757,-42.8809,122.58,971.704,-65.5614,96.0169,924.054,-42.4915,98.1771,970.893,-76.6806,90.423,910.547,-57.2742,93.9352,954.076,-53.5103,76.8883,953.867,-38.9505,76.4559,968.898,-65.4093,35.1231,942.16,-35.2793,35.4925,971.457,-42.8233,8.1878,969.57,-10.8981,25.0717,885.598,-89.3316,102.634,881.65,-94.7398,97.6291,878.972,-102.666,110.918,886.579,-92.477,112.185,0,0,0
012841:954.127,-62.042,139.726,959.735,-63.0671,142.01,954.611,-58.2991,142.494,972.389,-61.0439,136.7,959.831,-48.8099,138.294,962.645,-63.5386,119.523,947.999,-44.6797,121.72,969.632,-65.8466,96.5464,931.503,-44.205,95.9702,971.973,-78.085,88.6997,902.848,-58.6552,95.6267,953.517,-53.8545,77.5447,958.521,-39.9581,75.4426,968.17,-65.5054,35.2073,942.235,-35.531,35.8606,971.457,-42.8233,8.1878,969.528,-11.1558,24.9529,888.892,-90.7739,100.93,887.918,-96.5719,94.7633,877.683,-104.092,110.01,888.865,-94.0673,111.566,0,0,0
012842:950.588,-61.7924,139.922,959.801,-63.2428,141.362,950.602,-58.3684,142.77,978.812,-61.3388,135.007,954.59,-48.9074,139.421,964.373,-64.756,118.615,943.295,-44.8055,122.411,969.524,-65.851,96.1957,930.852,-44.3076,96.1412,961.737,-77.6769,90.7673,906.916,-59.931,94.042,951.556,-54.1541,78.3361,958.339,-39.9672,74.8603,968.17,-65.5054,35.2073,944.798,-37.3531,35.2036,971.457,-42.8233,8.1878,966.729,-13.4359,25.8093,890.152,-91.167,100.012,884.134,-97.2218,95.7686,874.327,-104.847,110.533,888.319,-95.4243,110.837,0,0,0
012843:956.413,-64.227,137.656,962.229,-65.2118,140.123,955.434,-60.4179,141.154,976.884,-62.8061,134.776,960.37,-51.0858,137.436,967.056,-65.3723,118.217,949.815,-47.8892,122.156,969.89,-66.263,95.0735,938.372,-46.0388,93.9133,956.537,-78.3182,90.42,900.408,-61.5926,95.3006,948.898,-54.5522,79.1868,957.006,-39.9294,75.2241,967.443,-65.6014,35.2915,951.132,-40.3135,32.891,967.31,-43.4673,9.635,970.083,-14.3701,24.6522,891.822,-91.5424,100.437,873.817,-98.4738,98.2155,879.001,-106.509,108.271,881.406,-95.4534,109.591,0,0,0
012844:954.991,-65.0085,138.068,960.393,-65.9822,140.552,953.299,-60.8843,141.758,977.493,-64.2142,134.489,960.543,-51.7854,137.338,967.056,-65.3723,118.217,948.438,-47.9885,122.227,967.626,-67.0519,95.142,939.521,-47.3192,93.4854,964.889,-81.2732,86.7368,906.287,-62.8413,93.1075,943.472,-53.3692,79.6602,956.331,-40.036,75.4082,965.357,-65.889,35.9143,950.168,-43.2019,32.9292,966.635,-43.3183,9.8487,974.143,-15.1882,23.2786,887.22,-93.3815,99.3431,874.743,-98.7333,97.9628,871.847,-107.676,108.985,889.444,-96.9146,107.963,0,0,0
012845:952.368,-66.0882,138.728,959.925,-66.796,140.878,950.764,-62.1514,142.196,976.485,-63.8585,134.997,954.199,-52.7005,138.318,972.196,-66.6211,116.602,947.604,-49.4385,121.696,965.813,-68.253,94.4668,936.234,-47.8272,94.3504,968.63,-83.0688,84.5264,906.287,-62.8413,93.1075,938.828,-54.0637,80.9245,954.31,-40.3554,75.9597,965.357,-65.889,35.9143,952.066,-46.4198,33.0069,963.273,-42.5756,10.9145,962.504,-17.983,27.0981,889.056,-94.0992,99.1145,875.375,-101.276,98.2673,870.109,-108.421,108.97,885.84,-99.7898,108.906,0,0,0
012846:953.025,-67.6033,138.385,959.491,-68.0088,140.612,951.055,-63.7046,141.931,976.546,-65.0065,134.474,954.476,-54.8292,138.006,969.818,-66.9044,115.886,943.931,-49.5154,122.75,960.76,-69.1592,94.8707,938.632,-48.4152,93.2216,965.704,-82.335,85.3407,905.391,-63.6581,92.5977,943.271,-55.356,79.7132,948.278,-41.3082,77.6052,960.33,-66.5569,36.6216,952.044,-46.6722,33.0132,963.273,-42.5756,10.9145,962.448,-19.5119,27.114,890.602,-95.7759,98.0896,878.882,-103.624,95.6755,872.462,-110.358,107.723,884.217,-100.546,109.331,0,0,0
012847:959.062,-68.9084,136.256,961.967,-69.6648,139.455,958.319,-64.842,139.572,967.267,-66.7923,136.232,956.101,-54.88,137.17,964.987,-67.8106,117.055,944.987,-50.6661,121.78,963.065,-70.0453,93.2573,939.821,-48.9544,92.6529,969.279,-84.1158,82.9563,905.995,-63.8073,92.4341,945.837,-55.9559,79.0138,946.279,-41.6241,78.1507,960.33,-66.5569,36.6216,949.325,-47.5916,33.9695,963.273,-42.5756,10.9145,964.555,-20.4299,26.8609,895.432,-97.433,95.8144,882.806,-105.22,94.576,870.194,-110.963,107.486,881.031,-101.111,110.046,0,0,0
012848:958.882,-69.3357,135.967,963.06,-69.9863,138.812,958.412,-65.5556,139.259,970.639,-66.9039,135.035,958.347,-56.2769,136.512,959.507,-68.5554,118.253,945.771,-51.5868,121.619,963.383,-70.7109,92.1567,931.218,-50.7527,94.7943,963.234,-82.8615,84.5329,905.84,-64.5348,92.2321,949.057,-56.7086,78.1363,944.285,-41.9391,78.6947,962.312,-67.0304,36.028,946.159,-48.505,33.0952,961.262,-42.1315,11.5515,975.401,-23.1668,23.547,891.388,-99.0373,96.2961,874.159,-106.202,96.095,872.758,-113.047,105.273,885.588,-104.111,108.486,0,0,0
012849:950.219,-69.6977,137.336,956.446,-70.333,139.697,948.107,-65.7024,140.909,973.187,-68.6059,133.643,951.695,-57.3162,137.101,962.674,-69.3379,117.237,944.032,-52.6741,120.476,964.69,-71.0268,91.8167,936.075,-52.4245,93.0153,965.291,-86.7009,81.2513,906.231,-67.9913,90.5354,949.676,-57.3599,78.0998,937.676,-42.9831,80.4977,962.312,-67.0304,36.028,949.057,-51.5191,31.5575,960.605,-42.2389,11.8929,969.038,-24.7303,25.0958,885.146,-99.0299,97.6702,874.02,-106.403,96.1082,876.655,-115.196,103.625,885.84,-106.673,107.45,0,0,0
012850:949.12,-70.2093,137.334,957.024,-71.7834,139.029,948.01,-66.456,140.572,973.861,-70.3628,133.013,949.624,-57.1528,137.876,963.253,-69.4971,116.848,949.696,-54.2461,118.805,968.272,-71.9932,89.6239,934.731,-52.6229,93.2431,964.305,-86.6708,81.9694,920.843,-71.6551,86.4379,953.297,-58.7787,76.3567,940.788,-45.9336,80.0219,962.312,-67.0304,36.028,944.41,-52.7309,33.4989,959.936,-42.0912,12.1047,968.896,-24.7368,24.6157,879.232,-100.098,98.4737,878.868,-108.267,94.8735,872.118,-116.792,104.503,887.341,-108.008,107.676,0,0,0
012851:952.43,-72.1085,136.861,957.681,-73.0106,139.21,952.277,-68.6497,139.911,968.889,-70.0994,134.296,952.755,-59.9225,136.946,961.054,-69.7746,116.739,938.93,-53.3354,122.195,966.04,-72.5214,89.6891,931.264,-53.8544,93.6513,965.753,-87.5782,81.2706,918.834,-72.6543,87.1102,953.207,-59.2802,76.2547,941.912,-46.4774,79.2109,963.706,-67.3434,35.8684,942.671,-55.9452,33.6426,959.299,-41.9438,12.4396,956.587,-26.8003,28.3806,883.03,-102.089,97.9976,878.868,-108.267,94.8735,872.543,-118.94,103.309,889.591,-109.821,107.564,0,0,0
012852:952.836,-72.7821,135.594,958.15,-73.8099,138.105,951.625,-69.2616,139.134,969.388,-70.7932,133.51,951.538,-60.3938,136.755,960.312,-69.8669,116.663,943.849,-54.3207,120.861,967.939,-73.0021,88.9407,929.278,-54.1489,94.0501,959.08,-86.16,82.8481,920.064,-72.9633,86.7756,953.758,-59.6857,75.8518,947.528,-48.0434,77.0324,963.018,-67.6897,36.2028,939.889,-57.3416,34.4903,959.299,-41.9438,12.4396,963.684,-28.615,25.2953,886.572,-103.555,97.3296,867.769,-109.704,97.2413,868.157,-120.516,104.727,885.705,-110.438,108.295,0,0,0
012853:952.896,-73.4197,136.445,959.139,-74.535,138.58,950.624,-69.4717,140.236,975.965,-72.8523,131.807,952.946,-61.3658,136.606,959.433,-69.9633,116.12,949.386,-57.303,118.694,968.43,-73.4157,88.299,931.662,-54.988,93.0441,968.86,-88.6836,79.7247,921.262,-73.2744,86.3269,954.205,-60.0963,75.0989,946.192,-48.2478,77.3975,962.326,-67.7846,36.4097,935.886,-57.9299,35.7117,958.632,-41.7964,12.6509,953.108,-30.5605,27.0966,893.355,-105.41,96.0742,877.386,-112.865,93.2536,872.033,-122.14,103.899,886.298,-111.66,107.224,0,0,0
012854:952.868,-74.0944,135.966,957.658,-75.1139,138.48,950.304,-69.963,139.711,973.023,-73.6968,132.089,951.963,-61.7018,136.058,952.569,-71.1303,117.544,950.291,-57.4649,117.784,972.209,-74.3838,86.6768,933.241,-57.1566,92.1183,969.762,-89.7789,78.3869,929.215,-75.3054,83.7967,952.175,-60.3874,75.6539,944.087,-49.0511,77.7153,962.326,-67.7846,36.4097,941.501,-61.7963,34.3765,955.271,-41.0628,13.5853,950.28,-32.0209,27.707,890.648,-105.903,96.4179,879.575,-113.547,92.1688,867.045,-123.231,106.198,888.728,-112.684,105.718,0,0,0
012855:950.103,-74.8015,136.177,955.431,-75.959,138.665,948.162,-70.4574,139.937,969.243,-74.8688,132.808,950.319,-62.4917,136.327,946.277,-72.6966,118.602,951.699,-58.8138,117.147,971.417,-74.7267,86.6225,931.817,-58.0892,92.3719,960.939,-88.1288,79.5793,932.004,-77.323,82.4091,953.875,-62.1014,74.8097,942.666,-49.2538,77.7186,961.643,-68.3815,36.8708,938.828,-62.6788,35.4484,955.271,-41.0628,13.5853,953.536,-33.4914,26.7038,890.263,-109.305,95.3537,868.468,-115.476,93.9053,869.549,-124.255,105.242,884.942,-114.921,104.665,0,0,0
012856:954.439,-76.0121,134.143,958.472,-77.1864,137.133,951.166,-71.4392,138.231,971.968,-75.7449,131.512,952.409,-62.6943,134.836,946.843,-73.1004,118.341,950.522,-59.3819,116.856,971.704,-75.9005,85.6479,931.409,-60.0579,91.723,957.879,-87.2628,81.4346,930.179,-78.4961,81.8199,955.07,-62.4139,74.1039,943.949,-49.5482,77.3668,961.643,-68.3815,36.8708,940.646,-64.6408,35.1542,954.608,-40.9161,13.7954,953.536,-33.4914,26.7038,888.604,-110.599,95.0252,861.759,-116.193,95.0416,869.87,-125.473,103.261,889.767,-116.631,102.708,0,0,0
012857:951.709,-77.0233,134.283,956.753,-77.9593,137.023,947.977,-72.5893,138.323,972.979,-76.3656,130.979,949.535,-64.0426,134.908,948.679,-73.8177,117.769,948.99,-60.1586,117.12,970.85,-76.2427,85.349,928.116,-60.7795,92.5987,951.514,-88.0201,82.2329,929.059,-79.1467,82.8362,955.005,-62.6656,73.9951,947.169,-50.2866,76.4843,962.373,-68.5365,36.9098,940.251,-66.6445,34.6289,954.608,-40.9161,13.7954,957.874,-36.7827,24.7104,887.054,-111.686,94.4964,867.13,-117.815,93.2637,872.35,-126.5,102.109,887.206,-117.838,103.389,0,0,0
012858:949.193,-77.9184,134.333,954.506,-78.9914,136.846,946.591,-73.7736,138.313,969.683,-77.1798,130.957,949.07,-65.2811,135.101,942.704,-74.6216,119.355,949.023,-61.0193,116.996,970.85,-76.2427,85.349,927.72,-62.5006,91.9559,954.616,-89.0954,81.1472,931.317,-80.0342,81.4731,956.278,-63.2247,73.646,949.036,-50.7341,75.7204,960.208,-68.819,37.1589,935.992,-68.9498,35.7949,955.271,-41.0628,13.5853,961.717,-39.437,23.3935,885.001,-112.833,94.4923,866.865,-118.756,92.7646,869.378,-127.881,101.738,883.949,-118.163,103.406,0,0,0
012859:951.092,-79.4072,134.084,955.465,-80.0374,136.782,949.253,-75.2292,137.656,968.892,-76.9336,131.304,951.822,-66.1014,134.077,942.634,-74.8684,119.25,945.916,-61.3011,116.945,962.63,-76.8185,87.5074,927.415,-64.2197,91.6663,955.677,-90.1771,80.4841,925.961,-80.7235,82.554,957.617,-63.5325,73.4054,949.036,-50.7341,75.7204,959.982,-68.8241,36.3114,928.77,-69.9641,38.3871,965.645,-43.261,11.6089,965.528,-40.3274,21.4352,886.406,-113.79,93.4318,866.127,-119.02,92.9693,866.413,-129.256,101.369,887.778,-119.801,101.993,0,0,0
012860:953.502,-79.9317,132.285,956.027,-81.2868,135.275,955.531,-76.419,135.161,960.658,-78.6519,132.464,957.977,-67.444,132.821,946.39,-75.8117,118.208,944.526,-61.1596,118.903,966.152,-77.2971,84.7929,929.197,-65.4106,91.1896,952.838,-90.513,80.8732,921.825,-82.2153,83.4395,954.977,-64.4088,74.6332,953.367,-51.7852,73.7743,959.434,-68.596,34.2779,922.061,-71.8632,40.4302,955.41,-41.0557,14.0618,957.174,-41.8729,23.6206,889.121,-114.612,92.3009,867.341,-122.57,92.1513,864.749,-130.501,100.978,892.009,-121.043,100.862,0,0,0
012861:952.329,-80.8341,133.076,954.916,-81.5451,136.002,953.913,-77.3692,135.978,963.316,-78.5696,132.499,958.286,-68.4763,133.43,943.959,-75.1421,119.566,946.974,-62.2218,119.095,966.737,-77.4616,84.3856,929.787,-65.5643,90.9086,956.663,-91.5108,79.7153,922.405,-82.6177,83.2805,954.977,-64.4088,74.6332,962.324,-53.8979,70.5503,960.094,-68.5017,33.9469,926.451,-73.9396,39.593,956.123,-40.9487,13.9691,949.025,-43.1478,26.1391,891.282,-116.442,91.8246,866.601,-122.832,92.3571,864.276,-132.365,100.296,894.231,-123.231,99.4098,0,0,0
012862:952.041,-82.143,131.283,956.401,-83.1237,133.865,952.177,-78.4568,134.648,969.37,-80.8011,129.485,953.933,-69.0473,132.992,947.627,-76.1269,117.778,943.493,-62.4555,118.705,968.708,-77.9463,83.8637,927.114,-66.1801,91.495,955.292,-91.6754,80.085,919.102,-84.0085,84.5517,954.304,-64.7523,74.9435,962.324,-53.8979,70.5503,960.753,-68.6604,33.748,928.688,-76.5565,38.9259,956.193,-40.9451,14.2073,946.185,-45.3344,27.0187,890.312,-117.466,91.1407,872.921,-124.762,90.3085,870.164,-134.727,98.0647,895.945,-126.981,98.3334,0,0,0
012863:949.894,-83.0633,132.558,955.521,-83.8343,134.915,947.358,-78.8045,136.484,972.544,-81.4253,128.5,951.519,-69.867,132.72,950.134,-76.7601,117.042,951.617,-65.7645,114.581,970.684,-78.4324,83.3405,928.617,-68.5979,90.5829,957.728,-92.3501,78.93,917.08,-84.7455,85.1044,967.935,-64.3427,71.5921,962.273,-54.4015,70.5639,960.692,-68.6603,33.5012,929.873,-77.8641,38.8243,957.56,-40.7302,13.7756,946.734,-46.7411,26.8479,888.781,-119.293,90.6059,873.827,-127.991,89.6182,871.18,-137.019,97.525,896.316,-129.566,98.1335,0,0,0
012864:948.881,-83.9781,132.574,955.147,-84.9631,134.618,950.04,-80.5444,135.727,971.09,-82.6148,128.627,955.21,-71.835,132.5,956.047,-78.6021,113.812,944.349,-65.1637,117.391,972.04,-78.7554,83.1083,924.02,-69.4803,91.8113,959.787,-92.8526,78.9012,920.638,-86.6751,84.2525,969.366,-64.6507,71.5831,962.932,-54.553,70.3824,964.698,-69.6134,32.422,935.805,-79.2915,37.9035,957.56,-40.7302,13.7756,944.357,-48.0564,26.4006,893.892,-121.765,89.2935,870.469,-128.493,89.7574,872.222,-137.839,97.118,896.474,-129.916,97.4584,0,0,0
012865:947.594,-85.2305,132.555,952.46,-86.1186,134.86,948.928,-81.8732,135.626,965.609,-83.3006,129.537,955.266,-73.2477,132.178,949.622,-79.8918,114.396,947.06,-66.8694,116.681,977.98,-80.2239,81.4043,925.848,-70.1856,91.3219,964.673,-94.2114,76.4474,926.14,-88.6115,82.8695,964.532,-65.3203,72.9028,963.251,-54.539,71.4396,964.698,-69.6134,32.422,933.351,-79.8827,39.6748,967.121,-39.9802,10.6187,940.04,-49.6731,26.8178,898.002,-124.728,87.841,866.916,-130.666,89.5975,873.339,-140.664,96.1927,892.11,-130.687,97.3419,0,0,0
012866:948.721,-86.373,131.683,954.082,-87.3675,133.899,949.958,-82.9098,134.764,970.225,-84.9135,127.884,956.786,-74.0194,131.153,946.901,-80.2404,114.944,945.345,-67.5389,116.064,978.646,-80.3879,81.228,921.114,-71.3047,92.0806,964.673,-94.2114,76.4474,919.002,-89.5107,85.0748,961.098,-65.7958,73.8401,956.696,-53.2798,73.3656,964.698,-69.6134,32.422,931.798,-81.1125,42.4369,967.121,-39.9802,10.6187,941.888,-53.2257,21.8536,892.387,-125.639,88.0409,860.6,-131.448,90.5237,877.564,-143.781,94.2665,887.948,-131.455,97.9896,0,0,0
012867:947.005,-87.8108,131.144,951.666,-88.6586,133.488,948.605,-84.5965,134.05,965.746,-85.8707,128.436,955.399,-76.2418,130.831,946.36,-81.9738,114.093,943.437,-69.3218,116.8,979.945,-80.7176,80.7566,921.114,-71.3047,92.0806,970.384,-95.7342,74.1054,913.013,-90.479,86.1937,958.271,-66.9262,74.6115,955.714,-53.2163,74.903,964.698,-69.6134,32.422,928.669,-82.2849,44.6777,967.121,-39.9802,10.6187,947.755,-54.8366,20.1406,887.296,-126.133,88.8341,862.485,-132.543,89.7079,868.244,-143.117,96.0685,886.548,-132.324,97.6941,0,0,0
012868:945.257,-88.517,131.362,950.824,-89.6416,133.661,944.688,-85.0225,134.753,963.684,-86.2863,129.171,947.403,-75.8305,132.23,948.094,-82.9476,113.28,936.726,-69.8773,117.826,980.856,-82.0687,79.486,921.73,-71.4587,91.9154,970.384,-95.7342,74.1054,914.227,-90.8017,85.8615,952.829,-67.6769,76.097,951.193,-52.4204,76.4014,964.698,-69.6134,32.422,921.246,-83.7157,46.5176,980.492,-42.9722,5.4284,947.755,-54.8366,20.1406,888.329,-126.961,88.2571,864.079,-135.119,87.7269,868.68,-145.262,95.2189,886.651,-134.906,96.7292,0,0,0
012869:947.996,-89.283,130.653,952.304,-90.2135,133.102,948.851,-85.8408,133.725,965.033,-87.325,127.944,952.839,-76.9509,130.547,948.094,-82.9476,113.28,936.742,-71.3102,116.948,983.428,-82.7346,78.4199,929.416,-73.7304,88.6186,975.384,-97.1106,71.7267,916.112,-91.524,85.7113,950.096,-68.5468,76.9684,945.995,-52.4863,78.3591,964.698,-69.6134,32.422,923.318,-86.0817,45.2491,967.152,-39.9804,10.7427,947.246,-57.1097,19.1194,883.188,-128.199,88.7601,866.239,-135.829,86.7351,869.625,-145.904,93.9815,883.797,-136.973,94.4839,0,0,0
012870:946.13,-89.875,130.133,949.191,-90.4898,132.978,944.714,-86.0012,133.779,959.685,-87.2226,128.808,947.009,-77.1268,131.169,938.566,-84.6286,115.267,938.439,-72.5852,115.625,987.426,-83.9849,77.357,924.668,-75.5732,89.8927,975.384,-97.1106,71.7267,918.668,-93.081,83.6663,948.681,-68.9829,77.2291,942.605,-54.237,79.6882,964.698,-69.6134,32.422,922.001,-86.2492,45.6455,967.152,-39.9804,10.7427,937.659,-58.9971,21.7523,885.317,-130.209,86.7191,859.944,-136.588,87.8155,869.257,-147.924,92.0652,878.495,-138.905,94.2086,0,0,0
012871:944.769,-90.6573,131.026,948.739,-91.3798,133.449,943.125,-86.7128,134.555,962.73,-88.3866,127.714,947.814,-77.8073,130.687,942.804,-86.4917,114.093,941.45,-73.5191,114.225,993.378,-85.4967,75.2607,926.009,-75.8811,89.9007,986.051,-99.8692,68.8258,915.776,-95.0938,84.4581,939.303,-70.2716,79.7891,948.963,-55.7382,77.7036,964.628,-69.6169,32.1848,924.144,-89.1097,44.9971,967.182,-39.9807,10.8667,942.448,-62.4881,19.7256,886.045,-132.376,86.6804,857.962,-137.84,86.3943,867.355,-149.728,92.8232,874.31,-142.392,93.8181,0,0,0
012872:949.424,-92.6148,129.129,950.158,-92.7273,132.443,948.945,-88.8761,132.478,955.662,-87.8776,129.422,950.522,-79.4836,129.841,943.433,-86.6535,113.937,939.601,-74.7893,114.507,984.624,-86.7925,77.0637,921.276,-77.4702,91.0471,992.591,-101.621,66.2646,915.693,-95.5779,84.4806,939.303,-70.2716,79.7891,946.952,-56.0343,78.2521,964.628,-69.6169,32.1848,921.999,-90.5831,45.7705,966.508,-39.8333,11.08,934.828,-64.0414,21.3386,883.161,-133.567,86.4229,856.297,-137.808,86.7218,866.5,-151.953,89.8,874.499,-144.4,93.8852,0,0,0
012873:947.303,-92.8779,129.315,950.453,-93.6747,131.978,945.644,-88.7974,133.014,961.841,-90.4749,127.195,948.651,-79.6437,129.983,943.433,-86.6535,113.937,943.896,-76.6269,113.395,982.941,-87.7309,77.0012,918.441,-78.7938,91.4407,996.541,-103.185,65.0535,915.693,-95.5779,84.4806,938.637,-70.363,79.9707,938.211,-58.6993,78.2088,964.385,-69.6295,31.354,922.63,-91.2373,45.9687,966.508,-39.8333,11.08,937.976,-65.0662,20.2125,880.684,-138.246,86.7253,867.492,-143.366,82.5797,866.678,-153.38,88.1116,875.82,-145.572,93.329,0,0,0
012874:944.514,-93.1491,129.286,947.141,-94.1178,132.153,943.052,-88.9842,132.992,957.503,-91.359,128.025,946.338,-79.818,130.149,943.433,-86.6535,113.937,939.128,-75.7068,114.317,988.176,-89.0842,75.0919,918.266,-79.7668,91.3648,997.011,-104.888,65.1766,915.397,-97.2712,84.5605,937.973,-70.4543,80.1522,938.847,-58.8501,78.0343,966.372,-69.3507,30.3619,926.463,-92.9555,45.7098,965.833,-39.6861,11.2931,937.333,-64.9108,20.4155,877.74,-137.229,88.6042,870.116,-144.236,81.4471,868.534,-156.7,87.3406,874.853,-147.492,93.4292,0,0,0
012875:945.363,-94.648,129.334,948.564,-95.3246,131.896,943.824,-90.4419,132.814,959.191,-91.7242,127.214,946.485,-81.0734,129.412,944.102,-86.8126,113.889,940.122,-77.5056,113.651,989.781,-90.8737,73.8931,918.808,-80.1685,91.0964,982.983,-107.62,68.7267,918.864,-99.4709,83.7356,936.645,-70.6367,80.5145,940.085,-59.1535,77.5693,966.302,-69.3542,30.1243,932.925,-94.6029,44.5225,967.858,-40.1281,10.6532,942.88,-67.074,18.0164,880.672,-140.461,86.4719,862.689,-146.334,82.849,870.93,-160.181,86.8913,874.419,-148.816,93.6692,0,0,0
012876:943.284,-94.9611,128.861,947.891,-95.6349,131.211,941.278,-91.0926,132.693,961.908,-91.9899,126.125,943.397,-82.1078,130.025,948.502,-88.1904,112.778,938.523,-78.1113,113.724,989.023,-91.2124,74.0962,922.424,-81.1179,89.8784,982.174,-107.696,68.5472,920.075,-100.043,83.5255,936.645,-70.6367,80.5145,941.999,-59.6074,77.0437,966.968,-69.514,29.9226,933.573,-95.7546,45.1057,973.995,-41.4618,8.84759,928.843,-71.4266,21.0118,879.108,-140.777,86.2111,862.838,-146.869,82.8058,868.066,-160.751,87.209,880.964,-151.41,91.7927,0,0,0
012877:942.573,-96.1492,128.814,947.981,-97.3077,131.18,942.689,-92.5077,132.16,958.25,-93.286,127.592,945.112,-82.9602,129.865,939.068,-89.3457,114.861,949.214,-75.6066,111.968,990.161,-91.3609,75.4585,923.263,-83.1461,89.1607,982.841,-107.873,68.3653,920.588,-100.935,83.5066,936.714,-70.6336,80.7443,942.173,-59.5997,77.6217,966.968,-69.514,29.9226,936.162,-96.4203,44.5828,974.676,-41.6106,8.63227,940.339,-75.0215,17.7409,882.587,-143.253,86.0188,856.99,-147.722,83.8322,867.405,-161.338,86.6224,877.775,-152.01,90.9456,0,0,0
012878:944.344,-96.472,127.86,947.559,-97.5474,130.629,945.553,-92.9563,130.939,954.735,-94.0111,127.751,947.987,-83.6786,128.518,938.998,-89.3485,114.634,950.825,-77.0953,110.658,985.398,-90.679,76.8559,917.872,-85.0324,90.6122,981.886,-108.46,68.1145,921.234,-101.1,83.452,932.091,-71.7582,82.2529,939.936,-58.9811,79.3595,966.968,-69.514,29.9226,928.822,-97.2909,46.9047,974.676,-41.6106,8.63227,936.557,-76.7222,17.8873,878.424,-143.234,86.5025,855.143,-149.863,83.5393,868.71,-162.874,84.9762,878.191,-152.705,90.0804,0,0,0
012879:943.784,-98.5236,127.05,948.938,-99.3438,129.469,944.142,-94.995,130.288,960.414,-95.0666,125.737,947.587,-85.4093,127.519,947.799,-91.636,112.448,952.089,-79.0209,109.339,981.036,-90.9352,77.5033,911.945,-86.5036,92.2081,981.886,-108.46,68.1145,919.224,-101.57,84.0022,930.083,-72.2742,82.8,939.242,-59.0777,79.4207,966.968,-69.514,29.9226,926.335,-97.8465,48.5457,971.848,-41.0215,9.13106,939.528,-77.5369,16.0423,873.069,-144.605,86.7756,868.7,-154.595,78.8464,864.505,-163.532,85.1787,877.863,-153.643,89.5167,0,0,0
012880:943.952,-100.318,127.027,948.102,-100.581,129.818,944.339,-96.7972,130.465,955.341,-94.3559,127.064,945.765,-86.4198,128.08,949.1,-91.9638,112.248,957.173,-81.5857,107.968,975.384,-92.3585,79.5377,911.932,-87.2232,92.5755,981.784,-108.966,68.1477,911.408,-102.712,86.2585,928.677,-72.6992,82.9279,939.746,-59.481,78.9079,962.045,-70.1696,31.1421,925.358,-98.4851,50.6323,971.848,-41.0215,9.13106,928.08,-82.9246,19.028,884.39,-149.363,81.7026,874.516,-156.528,76.7853,874.155,-167.952,80.2347,891.797,-158.483,84.6433,0,0,0
012881:942.568,-100.764,127.196,947.869,-101.676,129.657,942.437,-97.0423,130.762,957.742,-96.9891,126.169,943.703,-87.0719,128.386,947.72,-92.1264,112.462,959.036,-82.6015,106.997,978.035,-93.035,78.8312,907.907,-88.4359,93.4064,983.797,-109.751,67.8645,913.047,-104.652,86.1726,931.769,-73.7242,82.0833,939.746,-59.481,78.9079,959.97,-70.45,31.7702,922.287,-99.1123,52.6923,971.848,-41.0215,9.13106,929.371,-86.3974,17.9724,890.996,-151.986,79.5422,871.54,-158.585,76.9172,876.095,-170.925,78.5953,881.713,-161.607,85.3868,0,0,0
012882:940.31,-100.945,127.059,945.251,-102.021,129.554,941.237,-97.3301,130.387,954.973,-97.5883,126.018,945.44,-87.5588,127.461,947.352,-94.0916,112.424,949.329,-82.2754,108.596,981.277,-94.3895,77.9671,909.932,-90.2837,92.1125,973.207,-110.866,71.1509,902.48,-107.264,89.1984,933.55,-74.9315,81.5965,940.231,-60.3785,78.5247,959.97,-70.45,31.7702,915.712,-99.8838,54.637,971.848,-41.0215,9.13106,931.124,-87.634,17.2794,890.261,-152.786,79.3622,872.428,-161.986,74.9766,877.456,-173.215,77.2573,880.069,-164.299,85.7488,0,0,0
012883:941.021,-102.692,127.41,947.46,-103.825,129.511,940.041,-99.0046,131.153,959.392,-99.101,125.108,939.229,-89.0574,129.066,947.352,-94.0916,112.424,952.143,-82.9934,107.807,980.81,-97.4205,78.3605,913.691,-92.6313,90.1233,968.272,-111.382,72.4955,907.974,-110.333,84.4836,929.502,-75.4639,82.3171,933.373,-61.5833,79.5097,960.941,-70.8464,32.7684,915.61,-100.127,54.4096,971.848,-41.0215,9.13106,925.153,-88.1388,19.1855,884.675,-154.513,80.4211,874.745,-163.287,73.9193,878.147,-174.816,75.7958,873.427,-166.589,87.1462,0,0,0
012884:939.73,-103.835,127.396,943.939,-105.164,129.995,940.467,-99.9926,130.751,951.987,-100.57,126.404,942.548,-89.4193,127.952,940.063,-94.1792,111.634,948.768,-84.197,108.535,986.004,-99.0568,76.5945,913.797,-93.1107,90.8439,971.391,-113.017,71.6442,913.247,-111.865,82.5419,930.751,-75.7778,81.9756,924.276,-63.1522,82.3865,961.601,-71.0061,32.569,919.183,-101.374,53.0921,971.848,-41.0215,9.13106,912.437,-89.2185,22.0745,885.447,-157.234,80.3495,871.957,-163.66,73.9907,876.687,-176.913,75.0618,877.874,-168.847,85.581,0,0,0
012885:937.408,-104.666,127.639,941.819,-106.194,130.185,938.715,-100.835,130.774,950.166,-102.209,126.488,940.793,-90.7215,127.856,940.654,-94.3454,111.364,946.559,-84.4397,108.652,988.574,-100.007,75.6538,918.829,-94.4044,90.094,973.832,-114.48,70.8453,913.475,-113.721,82.3563,930.751,-75.7778,81.9756,922.976,-63.3397,82.7425,960.94,-71.0993,32.9012,921.029,-101.877,52.5449,971.151,-41.1298,9.35149,919.476,-91.9383,18.808,881.437,-158.265,80.4154,879.447,-166.255,70.722,874.916,-178.299,75.5714,879.954,-170.171,83.6968,0,0,0
012886:938.521,-105.766,127.189,944.376,-107.133,129.366,938.068,-102.109,130.682,956.776,-102.377,124.424,937.865,-92.2407,128.078,942.772,-97.2093,110.832,948.865,-85.0336,107.998,984.045,-101.244,76.4628,918.863,-94.4028,90.2068,962.403,-115.876,73.4339,913.425,-113.962,82.3699,928.537,-77.271,82.3321,929.777,-65.7463,81.0041,954.924,-71.9338,35.509,916.573,-103.307,52.4443,979.771,-41.1463,2.62001,921.9,-96.9559,18.023,882.73,-161.485,79.2892,878.064,-166.343,70.5072,875.45,-179.54,74.6737,881.623,-170.79,82.5404,0,0,0
012887:939.586,-106.269,126.203,945.577,-108.283,128.467,940.292,-102.451,129.616,956.598,-104.662,124.196,941.279,-92.596,127.19,942.772,-97.2093,110.832,950.817,-85.5273,107.55,986.528,-103.202,75.9217,907.872,-95.7356,93.1682,963.768,-116.479,73.588,912.426,-115.715,82.645,935.855,-76.3059,80.5981,932.252,-66.36,80.2013,952.929,-72.4618,36.5056,917.774,-104.127,52.3337,971.151,-41.1298,9.35149,920.938,-100.65,16.8829,884.641,-162.638,78.4275,877.47,-166.384,70.7768,877.358,-181.62,72.3214,884.501,-171.887,80.3948,0,0,0
012888:938.026,-107.069,125.725,943.593,-108.926,128.018,938.24,-103.545,129.158,955.92,-105.171,123.262,940.273,-94.2037,126.488,942,-98.0215,111.153,942.128,-86.8837,109.765,985.749,-103.281,75.8634,906.175,-98.0525,93.503,964.57,-116.656,74.0286,910.622,-117.303,82.4147,932.77,-78.8709,80.9262,932.252,-66.36,80.2013,952.245,-72.5537,36.7114,920.184,-105.046,51.6167,971.151,-41.1298,9.35149,923.765,-102.001,15.2122,888.394,-164.218,76.3357,877.47,-166.384,70.7768,874.513,-182.146,73.0244,876.411,-173.113,80.1565,0,0,0
012889:936.578,-107.941,126.171,942.675,-109.721,128.337,938.137,-104.336,129.329,954.554,-105.767,124.059,940.575,-94.7904,126.841,937.988,-98.4888,112.156,939.528,-87.4874,110.436,990.485,-104.506,74.7264,903.604,-98.5978,94.3216,968.538,-117.724,73.2,909.409,-120.007,82.7493,933.918,-79.926,80.6115,929.036,-67.557,81.7125,963.298,-72.1108,34.9941,916.233,-105.979,53.1765,971.151,-41.1298,9.35149,920.826,-103.297,15.7796,888.25,-164.22,75.7565,883.407,-174.466,67.9423,876.795,-183.476,71.8625,891.178,-178.092,76.0323,0,0,0
012890:937.015,-108.453,126.315,943.006,-109.797,128.555,937.007,-104.762,129.494,954.889,-105.355,124.597,938.014,-95.1375,127.002,936.565,-98.6445,112.13,940.519,-89.8338,109.525,985.5,-104.796,76.0569,894.826,-102.139,93.97,973.84,-119.159,72.0102,910.502,-120.833,82.4462,937.518,-80.8914,79.0048,934.896,-69.1789,80.9773,957.578,-73.8285,35.4906,917.255,-107.533,53.0004,971.151,-41.1298,9.35149,923.466,-107.098,15.1688,898.323,-169.103,72.0205,876.435,-174.895,69.4887,881.348,-186.159,69.5139,892.499,-178.57,75.3651,0,0,0
012891:933.116,-109.635,127.435,939.048,-111.036,129.659,933.651,-105.994,130.637,952.656,-106.638,125.106,935.918,-96.6257,127.972,940.536,-100.549,110.129,936.685,-89.842,110.687,985.5,-104.796,76.0569,895.225,-103.49,93.9802,975.985,-119.692,72.0601,909,-121.206,82.2253,936.712,-81.2289,78.8529,934.902,-69.6686,81.2235,958.234,-73.9891,35.2932,914.473,-108.796,53.9535,971.151,-41.1298,9.35149,923.79,-107.525,14.031,889.057,-167.664,73.4221,874.519,-175.011,69.8031,887.242,-191.555,67.1074,895.147,-179.527,74.0266,0,0,0
012892:932.332,-111.023,126.66,937.299,-112.276,129.269,933.029,-107.46,129.794,949.221,-107.339,125.246,936.063,-97.7271,126.974,941.352,-101.866,108.911,936.18,-89.747,110.386,980.5,-105.335,77.3912,898.641,-106.137,93.7708,974.532,-120.325,72.6947,902.18,-122.345,83.1138,939.404,-84.2548,77.6062,932.954,-69.2045,81.4995,958.201,-74.2413,35.3029,914.473,-108.796,53.9535,971.151,-41.1298,9.35149,912.447,-108.778,17.4405,884.721,-167.767,74.2286,876.805,-177.065,68.7298,882.74,-191.775,68.1075,890.806,-180.698,73.9951,0,0,0
012893:936.448,-111.506,125.455,942.392,-112.604,127.774,936.689,-107.889,128.482,953.417,-107.329,124.115,937.204,-98.0138,126.105,939.274,-102.823,109.678,932.11,-91.1911,111.947,987.454,-107.08,76.5555,903.114,-108.185,92.0587,974.532,-120.325,72.6947,898.812,-122.675,83.4297,934.508,-84.1743,80.0475,934.181,-69.5139,81.036,957.511,-74.3327,35.5101,915.082,-108.966,53.7727,971.151,-41.1298,9.35149,905.72,-110.235,19.4894,891.444,-170.652,70.8072,876.175,-177.837,66.6497,881.35,-192.577,68.2251,884.983,-181.025,75.0435,0,0,0
012894:934.944,-112.611,125.658,936.398,-113.026,129.014,934.527,-108.512,128.923,941.634,-107.353,125.147,938.673,-99.3273,124.513,943.858,-103.995,109.259,935.778,-92.2235,110.225,988.787,-107.437,76.2118,903.854,-109.486,90.8815,970.988,-120.671,73.6555,899.085,-123.1,82.3914,935.029,-84.8272,79.7755,934.573,-69.6671,79.8996,956.823,-74.4239,35.717,916.301,-109.307,53.4106,971.151,-41.1298,9.35149,906.539,-113.246,19.7294,886.366,-170.046,71.2816,875.098,-177.719,66.9679,882.82,-192.874,67.5054,886.205,-182.06,73.5759,0,0,0
012895:929.161,-113.667,126.099,933.197,-113.906,129.074,927.086,-109.82,130.097,945.83,-107.158,124.109,930.704,-100.813,126.61,944.52,-104.163,109.215,929.598,-93.881,111.999,983.031,-108.796,78.2634,895.466,-110.882,93.161,956.05,-123.833,78.3663,904.742,-126.264,81.052,935.436,-86.2179,79.5341,928.718,-71.2169,82.1234,953.451,-74.8791,36.9948,912.557,-110.642,53.3712,971.151,-41.1298,9.35149,905.138,-114.351,20.5536,892.776,-173.154,69.7106,873.699,-178.163,67.9679,884.428,-193.536,66.1658,888.879,-183.017,72.4182,0,0,0
012896:932.557,-115.847,126.046,936.748,-116.936,128.816,933.874,-112.395,128.963,946.058,-110.991,125.017,936.721,-102.503,125.855,940.576,-104.613,110.589,926.457,-94.3122,112.791,982.257,-110.374,79.3692,894.898,-110.949,93.5546,960.499,-125.099,77.0356,911.078,-129.155,79.2829,935.397,-86.4637,79.5444,929.97,-71.771,81.9043,953.451,-74.8791,36.9948,910.448,-113.697,53.1223,965.673,-41.7383,11.3499,899.162,-116.185,22.9988,889.977,-173.326,69.4691,887.558,-184.725,63.3862,885.616,-194.765,65.2468,889.993,-184.059,70.4768,0,0,0
012897:933.143,-116.154,125.898,938.97,-117.219,128.229,932.758,-112.782,129.048,951.881,-111.377,123.211,931.742,-103.549,126.364,950.662,-105.446,109.48,901.037,-97.7868,115.156,987.134,-111.609,78.8394,889.199,-111.574,94.9603,965.619,-126.556,75.5287,908.326,-129.882,79.9226,931.366,-87.4545,80.776,931.189,-72.3276,81.5704,953.451,-74.8791,36.9948,913.572,-113.347,51.5462,965.673,-41.7383,11.3499,896.23,-118.621,24.3109,885.757,-174.509,69.7122,887.286,-185.661,63.2149,881.66,-194.946,65.7193,898.773,-188.221,66.4929,0,0,0
012898:931.758,-117.287,126.298,936.448,-118.13,129.089,932.581,-113.91,129.175,947.423,-111.726,125.103,934.458,-104.54,126.173,950.675,-105.202,109.353,902.535,-98.1711,115.064,989.974,-112.778,76.4279,889.617,-112.686,94.9702,967.598,-127.352,75.3888,905.358,-131.56,80.6222,970.776,-82.7627,69.9877,929.683,-73.7331,81.8483,949.378,-73.9271,37.5814,918.287,-115.462,50.1594,965.673,-41.7383,11.3499,905.163,-123.85,20.9627,887.822,-177.336,67.8624,890.021,-186.624,62.2113,883.546,-195.962,64.2376,898.101,-188.254,66.5623,0,0,0
012899:932.81,-118.772,125.111,937.498,-119.565,127.896,932.718,-115.449,128.232,949.864,-113.012,123.495,931.419,-106.101,125.871,955.837,-105.832,107.804,907.87,-99.1633,113.339,992.56,-114.003,75.7401,888.516,-114.414,94.7914,969.221,-128.197,76.6043,904.294,-132.818,80.436,970.04,-83.102,70.1889,923.699,-77.6216,82.2051,949.343,-73.9289,37.4641,917.541,-115.778,50.2642,965.673,-41.7383,11.3499,908.599,-125.641,19.727,891.054,-178.994,66.3066,890.487,-186.785,62.0735,891.927,-200.008,61.086,898.261,-189.727,64.923,0,0,0
012900:928.534,-119.272,125.51,933.602,-120.499,128.151,928.395,-115.898,128.72,944.619,-114.408,123.606,927.335,-106.589,126.18,952.371,-106.452,108.671,895.228,-100.286,115.288,991.11,-114.149,76.1253,889.32,-116.407,94.5886,967.82,-129.557,78.1309,903.361,-134.067,80.6961,974.497,-84.7665,68.5797,916.69,-75.9125,83.273,948.695,-73.7692,37.6594,913.596,-116.437,51.7058,965.673,-41.7383,11.3499,907.208,-126.5,20.5794,898.486,-178.939,64.6643,894.002,-188.641,59.6814,893.996,-200.851,59.4723,896.218,-189.825,65.0159,0,0,0
012901:929.939,-120.232,124.62,934.996,-121.421,127.327,930.743,-117.047,127.58,946.309,-115.078,123.011,931.522,-108.194,124.825,955.809,-107.987,106.822,895.933,-101.281,114.35,990.455,-114.721,76.9435,894.395,-117.939,92.6087,966.502,-129.684,78.881,905.201,-135.748,79.095,975.568,-85.8633,67.7746,916.434,-78.7588,81.4794,948.695,-73.7692,37.6594,918.285,-118.078,49.8101,965.673,-41.7383,11.3499,912.556,-128.594,18.8586,895.116,-180.433,64.5896,899.088,-190.429,57.8484,896.252,-201.683,58.4808,899.413,-191.523,63.214,0,0,0
012902:927.884,-120.836,124.648,931.956,-121.807,127.687,929.442,-117.735,127.38,941.895,-115.033,123.95,932.742,-109.098,124.045,955.809,-107.987,106.822,897.5,-102.291,113.084,986.997,-114.118,80.2916,889.659,-119.822,93.8978,976.614,-132.44,77.4271,903.694,-136.581,79.3964,975.568,-85.8633,67.7746,922.474,-81.0662,79.8076,947.401,-73.4504,38.0492,915.526,-118.597,50.3871,963.062,-42.1693,12.841,904.819,-130.497,20.4372,897.378,-182.526,63.113,900.976,-191.081,57.2869,896.034,-202.248,57.1729,902.134,-192.507,61.9675,0,0,0
012903:927.86,-122.575,124.743,932.251,-124.048,127.603,927.927,-119.157,127.803,942.776,-118.289,123.811,929.548,-109.866,125.165,958.817,-109.102,105.566,895.201,-102.973,112.655,982.302,-112.867,81.4037,896.322,-121.89,90.8838,973.08,-132.756,78.505,899.164,-136.99,80.6664,973.349,-86.3772,68.1283,926.806,-82.1789,78.6091,946.044,-73.6324,38.4576,913.552,-118.8,50.9773,960.483,-42.5888,14.3067,903.809,-132.246,20.8849,897.867,-183.8,62.0051,902.013,-191.025,55.8673,899.758,-203.958,54.7723,902.047,-192.509,61.6136,0,0,0
012904:928.741,-123.342,125.137,930.768,-124.354,128.554,930.237,-120.115,127.635,939.962,-118.394,124.898,934.69,-111.942,123.782,961.3,-110.043,104.812,906.724,-105.105,110.549,985.842,-115.713,80.2378,887.843,-122.972,92.4631,971.633,-133.128,79.0171,907.114,-139.99,77.7045,979.298,-88.1348,66.493,929.834,-84.1988,78.1408,945.399,-73.4733,38.6519,912.238,-118.936,51.3699,960.483,-42.5888,14.3067,906.214,-132.966,20.1072,897.763,-183.807,61.6456,902.013,-191.025,55.8673,901.503,-204.633,53.6727,899.811,-191.875,60.8881,0,0,0
012905:932.314,-124.49,122.809,935.967,-125.611,125.956,932.028,-121.079,125.952,943.093,-118.911,122.54,929.218,-111.824,123.927,960.085,-112.093,104.598,900.232,-103.434,110.73,984.415,-115.61,80.4998,889.602,-125.076,90.9823,968.06,-133.442,79.8399,903.376,-141.7,78.2438,981.304,-88.6391,65.9415,916.975,-81.7576,80.2092,963.897,-78.1747,34.3532,915.172,-119.814,50.1217,960.483,-42.5888,14.3067,902.538,-134.008,20.4262,901.221,-184.55,59.8566,904.049,-191.867,53.9848,900.916,-205.025,52.8603,897.732,-191.971,60.8692,0,0,0
012906:928.449,-125.419,122.89,933.577,-126.566,125.53,927.785,-122.274,126.241,941.187,-120.225,122.413,926.996,-113.58,124.039,956.576,-112.454,105.221,894.635,-106.244,113.768,984.994,-116.795,80.8786,888.916,-125.374,91.1705,969.204,-135.537,80.5492,903.933,-141.883,77.9664,973.87,-90.243,66.9189,917.404,-83.1317,80.0884,940.279,-72.6318,37.8819,916.57,-121.317,48.8193,957.739,-43.0156,15.1708,903.992,-137.159,18.437,902.539,-185.041,59.0755,900.574,-192.027,54.0086,900.8,-205.028,52.3864,896.44,-193.333,60.9851,0,0,0
012907:926.622,-125.787,122.091,931.49,-126.983,125.063,925.569,-122.574,125.281,940.554,-120.208,121.502,920.989,-113.947,123.737,958.025,-114.219,104.113,892.361,-106.472,113.034,984.203,-118.363,81.9748,890.516,-127.962,89.6367,969.42,-135.535,81.4175,902.106,-145.038,77.0136,976.442,-91.4224,66.2093,917.877,-84.0201,79.8292,940.216,-72.8811,37.7697,916.518,-121.559,48.8347,957.739,-43.0156,15.1708,900.54,-138.175,19.5567,902.907,-185.208,58.5463,900.867,-192.204,53.2352,899.782,-204.698,52.3998,895.713,-194.479,59.8866,0,0,0
012908:927.266,-127.335,122.647,930.909,-128.524,125.494,927.923,-124.003,125.498,935.064,-122.169,122.362,928.453,-115.17,122.051,955.035,-115.487,104.738,887.694,-108.644,113.931,982.754,-118.752,82.4762,893.632,-129.954,88.1532,966.072,-135.839,83.1,901.335,-145.33,76.9761,970.667,-92.5921,67.5341,913.833,-84.7652,80.4414,943.426,-73.6746,36.7975,916.313,-121.804,48.2537,957.739,-43.0156,15.1708,900.54,-138.175,19.5567,898.094,-186.202,58.8894,899.898,-192.996,52.4301,901.368,-205.384,50.6983,896.356,-196.116,58.2254,0,0,0
012909:923.776,-128.449,122.277,928.36,-129.66,125.036,924.088,-125.076,125.286,933.872,-123.138,121.934,924.265,-116.043,122.212,956.717,-116.268,103.695,888.17,-108.818,113.389,988.145,-120.201,81.3121,894.531,-131.017,87.5455,969.561,-137.741,84.0787,905.616,-147.983,75.2605,968.329,-93.3427,67.5181,912.288,-85.4165,80.1084,947.177,-73.1273,34.2867,917.983,-122.339,47.1208,957.739,-43.0156,15.1708,896.156,-139.723,20.1975,897.516,-187.347,58.2906,899.898,-192.996,52.4301,899.873,-205.998,49.8665,899.397,-197.279,56.2962,0,0,0
012910:920.448,-129.261,122.676,923.218,-130.401,126.042,921.259,-125.879,125.408,928.037,-123.54,123.282,921.664,-117.045,122.528,956.717,-116.268,103.695,886.412,-109.937,112.246,990.464,-120.734,81.854,896.864,-131.721,86.9073,968.268,-137.86,84.9484,907.787,-150.345,73.0287,970.814,-94.5232,66.5662,914.753,-88.4072,78.5567,943.426,-73.6746,36.7975,917.953,-122.339,46.9999,957.739,-43.0156,15.1708,897.782,-140.516,19.2973,886.829,-185.494,60.7832,894.007,-194.193,52.0405,900.581,-206.908,48.2603,900.67,-197.969,56.1008,0,0,0
012911:918.218,-129.947,123.47,923.288,-131.275,126.346,917.686,-126.428,126.413,936.246,-125.175,121.735,918.94,-117.999,123.262,953.365,-117.055,102.655,888.742,-110.814,112.036,993.576,-122.911,81.1649,910.973,-135.526,82.4434,964.843,-138.155,86.2259,898.316,-151.313,74.5792,975.562,-96.4132,63.594,917.131,-89.531,77.8728,945.392,-74.1505,36.3291,909.111,-123.204,48.5157,951.944,-41.7023,17.3558,893.111,-140.916,20.298,888.797,-187.97,59.7892,898.524,-195.847,49.9873,899.579,-207.129,47.8293,896.589,-198.517,55.2707,0,0,0
012912:920.195,-131.484,122.107,925.253,-132.826,124.853,920.363,-127.794,124.937,933.675,-127.12,121.502,923.043,-118.773,121.312,955.304,-117.582,102.286,888.562,-112.587,111.034,989.932,-122.507,81.4901,908.791,-137.326,81.1657,965.032,-140.065,86.0213,893.292,-152.618,75.0075,973.374,-96.6596,63.9458,916.391,-89.6125,77.6968,945.392,-74.1505,36.3291,906.563,-123.417,46.8767,953.642,-43.6528,16.4606,894.882,-141.462,19.7198,891.165,-189.699,57.5777,898.473,-195.851,49.8071,898.842,-207.155,47.6715,892.146,-196.855,57.4776,0,0,0
012913:917.512,-132.797,122.084,922.993,-133.733,125.12,917.679,-129.441,124.747,937.026,-126.87,121.224,917.384,-120.989,122.392,947.029,-118.412,104.13,887.603,-113.772,111.643,987.832,-122.709,82.2946,911.141,-138.048,80.3909,963.624,-140.183,86.3924,889.195,-153.158,75.4161,973.146,-97.1704,63.4988,916.331,-89.6128,77.4588,945.392,-74.1505,36.3291,903.609,-123.692,46.3992,948.249,-44.4952,18.288,892.587,-143.032,17.7985,891.226,-190.069,56.6554,898.473,-195.851,49.8071,896.699,-207.233,47.4923,900.745,-198.522,53.1964,0,0,0
012914:916.709,-133.908,121.617,919.759,-134.793,125.183,917.33,-130.469,124.075,927.789,-127.869,122.56,918.889,-121.905,121.09,947.673,-118.829,104.212,885.849,-115.145,110.52,987.826,-123.207,82.6767,916.247,-139.927,78.1056,962.921,-140.242,86.5777,889.195,-153.158,75.4161,970.956,-97.6655,63.9799,912.503,-91.956,77.3794,949.921,-75.2702,34.9575,900.701,-124.677,46.6527,947.003,-44.7001,19.068,892.555,-143.034,17.6858,894.685,-191.387,54.5452,898.473,-195.851,49.8071,896.157,-207.45,46.2304,894.835,-198.772,54.5307,0,0,0
012915:917.368,-134.539,120.62,919.906,-135.329,124.217,918.316,-131.372,122.925,927.915,-128.529,121.732,920.96,-123.46,119.808,950.065,-119.783,103.364,880.274,-117.535,111.477,987.104,-123.276,82.8658,909.061,-143.554,78.2372,960.226,-140.469,87.6466,889.04,-153.395,75.0873,969.551,-97.8259,64.3702,908.331,-93.1592,77.7842,950.57,-75.4307,34.7609,900.025,-126.605,45.8592,946.977,-45.4553,19.2046,893.022,-143.46,17.2859,895.985,-192.623,53.9289,900.358,-195.765,48.982,897.441,-207.966,45.3773,896.455,-199.821,54.5388,0,0,0
012916:917.828,-135.731,120.488,919.489,-136.437,124.23,918.184,-132.484,122.858,924.666,-129.084,121.989,918.256,-123.999,120.036,958.16,-122.34,100.915,877.405,-117.96,111.804,987.634,-123.25,84.6302,898.341,-144.911,80.4836,959.898,-140.511,89.113,891.136,-154.368,73.85,961.982,-98.9525,67.1317,909.925,-94.3725,76.9583,951.871,-75.7522,34.3671,901.486,-127.862,44.7989,951.23,-48.5266,17.2073,894.17,-143.829,16.7853,886.607,-192.877,56.7964,897.595,-195.885,49.058,900.225,-208.43,44.8972,904.498,-201.165,51.7914,0,0,0
012917:913.252,-137.473,121.622,915.846,-138.142,125.108,914.737,-134.345,123.68,925.133,-130.826,121.619,918.954,-126.337,119.528,958.606,-122.275,99.7599,881.029,-119.25,111.132,987.715,-123.496,85.1224,886.488,-142.473,83.9019,957.729,-139.566,94.0038,890.428,-154.652,74.0529,962.389,-100.869,67.2702,909.494,-95.5866,76.2078,948.865,-76.1128,34.0903,907.595,-128.918,42.811,945.642,-47.1696,20.1387,886.291,-144.493,18.8526,885.195,-192.941,56.593,889.452,-197.919,48.3282,900.718,-208.406,43.9896,899.933,-202.836,50.92,0,0,0
012918:915.275,-139.183,120.454,918.512,-140.149,123.926,916.698,-135.987,122.541,927.936,-133.135,120.956,921.213,-127.93,118.782,947.389,-124.565,102.88,881.41,-119.697,110.14,991.264,-124.405,84.9604,884.646,-142.405,84.4186,953.376,-139.92,94.3502,885.855,-156.363,74.0075,960.25,-101.601,67.989,904.25,-96.2148,77.3178,948.865,-76.1128,34.0903,909.041,-129.944,41.356,946.941,-47.9692,19.8589,892.834,-146.956,14.9387,883.274,-193.405,55.9523,882.887,-198.391,50.2393,894.244,-209.188,45.5917,892.795,-203.118,52.9467,0,0,0
012919:914.387,-139.288,120.057,918.038,-140.375,123.173,914.946,-135.912,122.369,929.888,-133.803,118.7,917.742,-127.776,118.494,947.181,-124.81,102.287,884.313,-120.581,109.097,991.284,-124.905,85.4758,883.976,-144.514,84.1233,959.781,-141.782,92.9315,882.628,-157.512,73.3832,956.561,-102.736,68.6172,899.716,-97.721,79.1179,948.804,-76.1128,33.845,913.713,-132.795,38.0581,946.941,-47.9692,19.8589,892.834,-146.956,14.9387,887.73,-197.064,53.9042,888.818,-201.827,47.9317,899.156,-213.666,42.9009,897.53,-205.341,51.3186,0,0,0
012920:917.053,-140.603,118.541,920.816,-141.894,121.495,917.766,-137.481,121.453,930.58,-135.359,117.026,921.083,-128.84,117.365,951.523,-126.064,100.918,883.212,-121.3,108.892,989.363,-126.803,85.7181,886.713,-145.421,82.8781,957.931,-141.953,94.4592,878.862,-157.111,73.872,967.938,-106.611,64.8225,905.073,-99.4333,77.7345,947.865,-77.4539,33.729,914.189,-132.984,37.4162,943.497,-47.8711,18.7958,893.982,-147.328,14.4361,898.805,-197.689,50.262,891.142,-202.656,47.2183,889.206,-213.976,44.9476,897.188,-208.133,50.4207,0,0,0
012921:914.868,-140.897,117.83,919.143,-142.553,120.584,915.841,-137.962,120.247,930.762,-137.113,116.224,919.647,-130.162,116.75,951.458,-126.066,100.681,880.967,-121.351,109.814,989.413,-128.058,87.1773,895.479,-148.352,78.6153,967.719,-145.011,92.9246,882.023,-160.511,72.1147,967.903,-106.613,64.7054,909.879,-101.666,74.6774,951.208,-78.4531,30.664,915.857,-133.774,36.5291,949.04,-49.1809,20.1315,897.998,-148.635,12.6141,897.317,-199.241,50.4165,896.455,-207.088,46.0734,891.5,-215.739,45.2024,892.019,-208.318,51.9849,0,0,0
012922:912.444,-141.614,117.916,918.263,-143.393,120.355,913.212,-138.656,120.513,932.074,-137.784,115.391,916.924,-130.855,117.142,922.188,-119.431,106.352,903.376,-128.838,103.032,993.562,-129.166,86.6121,893.95,-149.392,79.0172,977.082,-147.668,91.6376,872.56,-161.631,72.8609,933.293,-97.1607,73.8417,919.854,-105.688,69.0385,961.093,-81.1481,28.0297,914.442,-134.138,36.8357,947.413,-49.385,19.454,898.654,-148.581,12.3974,894.591,-200.097,50.8892,893.197,-207.764,46.5234,895.297,-218.953,43.8925,903.854,-212.924,47.7681,0,0,0
012923:908.117,-143.047,118.261,913.655,-144.526,120.951,909.266,-139.83,120.567,929.215,-138.966,116.359,916.062,-131.707,116.366,918.71,-120.246,106.866,905.309,-129.821,103.458,989.057,-129.36,89.873,893.86,-149.626,78.908,977.986,-147.61,92.201,876.216,-162.949,70.728,925.884,-93.7177,75.1671,921.151,-106.945,67.1913,950.427,-82.9663,30.2247,912.397,-134.561,37.4675,941.959,-50.2058,20.9072,880.34,-150.293,17.9213,890.7,-202.114,51.3161,880.667,-208.211,48.7265,885.619,-220.499,46.8694,905.554,-216.221,46.2146,0,0,0
012924:911.068,-143.991,117.601,916.415,-145.472,120.326,911.846,-140.94,120.519,929.62,-139.176,115.468,917.516,-132.859,116.387,914.789,-120.645,107.875,902.911,-129.552,101.893,981.894,-129.764,91.7382,894.846,-152.064,77.6327,980.204,-147.442,91.8964,884.639,-165.766,67.9047,930.407,-96.5095,73.141,920.331,-107.508,67.179,938.88,-80.5286,34.1357,913.55,-135.165,37.1107,938.941,-51.123,20.6889,880.313,-150.523,18.0371,887.32,-204.277,51.6986,884.758,-211.006,47.2315,901.571,-226.751,41.4573,899.28,-218.808,48.3721,0,0,0
012925:908.983,-144.985,117.025,917.526,-146.309,119.047,907.962,-141.826,120.598,938.937,-139.59,112.38,912.424,-133.168,117.239,916.696,-122.07,106.174,895.73,-130.234,103.313,977.696,-130.15,93.2121,897.179,-153.713,75.5168,989.419,-148.451,90.5681,887.978,-166.908,66.5761,928.859,-97.6407,73.2999,923.033,-109.096,65.5257,946.815,-82.6637,30.1767,913.128,-136.142,36.492,936.878,-51.4264,21.0769,880.645,-151.417,17.667,885.932,-207.458,50.904,897.154,-216.706,42.0156,891.913,-228.791,44.6857,893.919,-219.139,50.1267,0,0,0
012926:910.157,-146.227,116.941,915.624,-146.832,119.849,910.121,-143.328,120,929.527,-138.791,115.418,914.651,-135.06,116.057,916.062,-121.898,106.218,898.373,-131.585,102.005,975.996,-130.28,92.4528,900.398,-155.073,73.7433,991.831,-148.279,90.8793,888.038,-167.808,65.314,919.48,-98.7293,75.2825,919.486,-109.944,65.8979,946.674,-83.1681,29.9642,917.377,-137.418,35.1758,938.675,-51.8822,19.9963,883.932,-152.541,15.8436,887.116,-210.722,50.1881,870.36,-218.759,47.8319,887.842,-231.263,44.4942,886.799,-221.529,50.5124,0,0,0
012927:909.054,-147.179,116.483,917.077,-148.389,118.562,909.815,-144.473,119.553,934.532,-141.094,112.846,914.861,-136.621,116.011,925.29,-124.713,102.257,903.971,-133.36,99.5644,976.066,-130.276,92.6856,902.877,-156.959,72.2972,993.471,-148.407,91.3527,881.866,-168.436,65.7366,925.683,-102.034,72.4163,919.497,-110.119,63.3186,947.586,-84.0137,28.5341,920.2,-138.349,33.4311,933.858,-52.5865,20.8623,878.135,-152.999,17.6347,879.965,-213.524,51.6027,862.921,-218.968,50.3923,883.147,-232.627,45.2421,864.256,-222.822,58.753,0,0,0
012928:910.4,-148.344,115.141,916.506,-148.739,117.7,910.116,-145.483,118.504,933.617,-141.128,112.51,911.755,-136.829,115.517,915.802,-125.858,103.839,906.031,-134.084,97.9395,976.066,-130.276,92.6856,903.631,-158.053,71.222,993.412,-148.407,91.0924,885.161,-169.582,64.2866,924.602,-102.848,71.5836,921.256,-110.875,62.6808,948.161,-84.4305,28.2289,921.912,-139.148,32.6507,935.142,-52.8859,20.456,877.468,-153.05,17.7266,874.597,-214.247,51.5373,861.594,-222.096,47.6091,867.698,-234.153,49.3293,867.308,-224.556,57.2812,0,0,0
012929:904.842,-148.333,114.772,901.068,-147.302,119.646,902.754,-144.417,118.26,897.903,-137.425,119.004,909.714,-136.161,113.545,919.14,-126.924,102.006,917.449,-137.714,95.4989,973.225,-130.533,93.4158,899.231,-159.289,71.593,981.84,-146.646,96.9943,887.753,-171.776,62.9212,923.862,-103.169,71.6684,920.565,-110.947,62.7513,942.92,-85.7938,28.4223,919.509,-140.296,32.7472,939.991,-54.1048,17.7651,878.025,-154.844,16.6636,872.861,-216.122,52.3105,861.55,-222.641,47.086,870.343,-236.454,48.5045,864.659,-224.798,58.2116,818.38,-211.503,82.9133
012930:903.147,-149.318,115.043,903.194,-149.225,118.967,902.552,-145.973,118.114,909.261,-141.595,115.36,907.544,-138.433,113.921,919.14,-126.924,102.006,908.246,-137.502,95.2611,973.26,-130.531,93.5319,905.266,-161.85,68.7495,973.31,-143.924,98.6491,891.687,-174.409,58.9214,923.66,-103.179,70.9865,919.389,-111.731,59.2639,944.576,-86.7955,27.1358,920.12,-140.48,32.5573,937.283,-54.5045,18.4922,877.23,-155.364,16.7977,866.096,-216.693,53.8125,859.295,-224.313,47.6652,866.407,-239.75,49.9619,872.216,-227.693,55.8127,820.514,-212.445,81.1657
012931:908.395,-151.903,113.95,914.482,-153.127,116.165,908.436,-148.963,117.42,928.599,-146.642,110.648,906.255,-139.469,115.344,916.946,-127.362,101.976,909.461,-137.386,94.5545,969.723,-130.85,94.4405,908.819,-163.908,66.2331,973.87,-143.623,97.5839,892.498,-175.503,58.1905,918.742,-104.196,71.4937,918.617,-112.528,59.6119,940.955,-87.4701,27.4692,906.496,-144.213,35.3596,937.144,-55.0052,18.1417,873.988,-155.611,17.6167,861.362,-216.837,53.6126,859.092,-224.499,47.6334,865.453,-240.488,49.3736,867.138,-229.427,56.1288,820.239,-212.459,80.1324
012932:902.158,-152.205,113.494,907.673,-151.071,116.349,909.943,-147.106,115.014,880.563,-143.797,123.853,902.571,-139.285,112.342,911.52,-129.958,102.035,905.021,-139.055,93.1025,967,-130.122,94.6424,900.984,-161.67,67.952,968.001,-141.924,98.8133,892.186,-176.207,57.9056,916.491,-104.912,71.3836,915.865,-112.812,59.8992,944.491,-89.2204,25.5972,897.451,-143.824,40.0421,931.05,-56.6458,19.9441,874.498,-155.802,17.2039,864.074,-217.662,52.2684,847.19,-224.783,50.3736,864.81,-241.035,49.1957,859.895,-229.39,58.5885,822.105,-213.418,77.3406
012933:905.39,-153.435,112.512,910.372,-154.049,115.056,905.874,-150.133,115.757,922.502,-146.796,109.757,904.485,-140.272,112.546,909.822,-129.849,100.588,900.055,-139.661,93.3051,969.409,-130.865,93.398,893.871,-163.777,69.5045,956.024,-137.895,102.027,887.187,-176.501,57.5343,916.832,-105.094,70.3056,915.67,-113.781,59.9556,944.587,-90.6466,24.1341,895.597,-143.986,40.9907,932.831,-57.1069,18.8669,877.813,-156.928,15.6117,856.5,-219.314,54.6997,832.783,-222.662,54.9973,862.347,-242.846,50.0532,849.859,-225.51,61.6853,821.83,-213.433,76.3048
012934:902.32,-154.555,112.789,900.801,-153.188,117.265,899.346,-150.264,116.368,898.004,-141.915,114.695,896.131,-140.769,112.081,917.123,-132.882,97.5629,902.52,-140.747,91.7997,968.673,-130.929,93.4562,893.201,-164.726,68.0681,956.024,-137.895,102.027,882.72,-177.214,56.9884,918.535,-105.603,69.3188,908.774,-115.204,61.0707,945.157,-91.0655,23.8286,895.501,-143.992,40.6547,931.987,-57.456,18.4831,880.082,-157.68,14.7401,847.412,-216.191,56.7353,833.63,-222.992,54.7307,836.984,-236.766,58.0404,848.696,-225.536,62.2867,824.384,-213.352,74.417
012935:900.499,-154.851,112.141,898.879,-153.848,116.96,900.252,-150.542,115.423,895.692,-143.567,114.797,905.383,-141.483,109.464,920.868,-136.05,96.5716,895.729,-141.514,92.9148,965.175,-130.023,93.3562,895.189,-166.191,66.9844,941.758,-132,104.68,878.529,-177.686,57.1276,919.146,-105.771,69.1448,910.581,-115.719,60.5413,942.967,-91.8149,24.2509,896.993,-145.495,40.0682,926.497,-59.4849,19.9747,880.082,-157.68,14.7401,849.099,-216.855,56.0237,834.101,-223.153,54.7688,834.102,-236.966,60.1692,855.626,-224.657,60.5529,826.544,-214.304,72.6417
012936:903.396,-155.418,111.255,905.665,-156.071,114.441,904.993,-151.631,114.145,908.299,-149.433,111.343,904.508,-141.143,110.456,924.496,-137.134,95.6117,900.033,-144.496,90.4207,954.631,-130.496,95.3473,893.324,-167.458,66.6543,939.551,-130.791,105.879,878.056,-178.615,56.5122,918.978,-105.78,68.5779,909.799,-116.271,60.6412,950.771,-93.8282,22.073,898.14,-145.864,39.5894,927.131,-59.6369,19.7726,882.091,-157.768,14.7198,855.479,-218.105,53.3839,822.819,-221.011,58.1485,834.174,-236.96,60.4254,851.389,-224.757,62.0901,826.128,-214.329,71.1063
012937:899.785,-155.788,111.186,906.652,-156.4,113.028,900.097,-152.456,114.475,921.552,-149.899,106.589,900.896,-142.305,110.534,919.376,-137.599,97.7183,899.551,-146.416,90.4981,952.213,-131.428,95.3564,881.049,-163.965,69.8834,939.611,-130.791,106.121,878.621,-178.809,56.3409,905.282,-108.03,72.83,911.944,-117.209,59.1299,949.258,-94.2443,22.1502,895.355,-146.794,40.454,920.35,-60.849,21.1548,888.879,-158.186,12.2152,846.086,-214.455,57.0544,824.523,-221.314,56.2733,819.584,-230.571,67.747,847.152,-221.672,63.0096,828.296,-215.285,69.3209
012938:904.164,-156.723,108.861,896.486,-155.884,114.925,905.082,-152.48,111.843,895.747,-145.71,115.95,899.818,-144.333,107.943,923.487,-138.397,95.7783,899.551,-146.416,90.4981,945.13,-129.443,96.5811,887.259,-166.267,68.0673,938.295,-130.438,106.232,880.221,-179.618,55.7107,903.297,-107.534,72.6557,911.26,-117.278,59.202,952.865,-97.0129,21.0086,895.325,-146.794,40.334,922.629,-61.4701,19.5385,891.775,-159.134,11.1266,824.069,-207.294,61.6176,815.199,-217.838,59.8478,819.953,-228.428,66.2401,834.581,-216.864,66.5018,830.882,-215.208,67.4052
012939:903.876,-156.632,108.018,904.908,-156.6,111.827,905.243,-154.389,110.584,910.473,-148.556,111.57,910.18,-146.349,108.158,914.62,-133.781,100.04,901.009,-141.432,93.155,919.596,-127.627,88.8014,883.344,-159.932,71.35,925.487,-135.92,81.914,870.503,-178.92,58.2571,910.408,-107.958,62.3498,901.257,-117.772,60.2856,930.828,-98.3468,32.8082,894.79,-145.662,37.8994,930.544,-64.4028,12.1295,881.073,-158.56,11.9568,843.366,-209.658,59.0401,840.518,-220.122,52.9986,833.379,-227.438,62.0396,841.486,-218.975,66.9843,827.744,-215.314,67.235
012940:900.188,-157.979,107.816,904.447,-157.711,111.346,901.713,-155.735,110.894,907.243,-148.808,111.797,903.436,-147.974,108.703,914.345,-134.909,100.111,894.21,-143.078,93.2042,920.4,-125.348,89.7958,879.903,-160.167,70.5886,929.642,-132.196,81.3547,870.07,-178.943,56.6662,913.353,-107.614,60.8837,897.929,-118.094,60.0588,930.625,-99.5153,32.8696,888.814,-146.173,40.3756,930.553,-65.5845,12.7476,878.037,-158.787,12.9737,838.217,-207.777,60.0389,832.508,-218.291,54.9221,825.472,-225.579,63.8934,831.165,-216.204,70.1151,831.566,-214.157,68.328
012941:897.129,-158.206,108.611,898.016,-158.176,111.844,898.356,-155.977,110.604,906.64,-149.931,110.791,900.219,-148.232,108.975,913.925,-136.039,99.619,891.029,-143.346,93.5077,928.894,-127.871,86.9276,876.766,-160.39,70.9054,944.716,-134.202,76.6412,866.944,-179.123,57.0163,910.046,-109.102,61.8474,891.874,-118.729,61.8484,930.42,-100.683,32.9317,888.525,-147.293,40.4645,926.972,-67.2166,12.6778,878.037,-158.787,12.9737,838.471,-206.74,59.4165,827.714,-215.377,55.3501,820.632,-222.669,63.7341,831.158,-215.194,68.4504,832.936,-212.045,70.1262
012942:899.711,-159.093,107.379,900.755,-159.055,111.137,898.039,-157.082,110.685,906.333,-151.045,110.868,902.672,-150.206,108.336,910.671,-136.325,99.909,893.474,-145.308,92.8392,925.999,-127.03,87.7093,879.297,-161.278,69.6028,938.353,-133.644,77.8347,866.944,-179.123,57.0163,912.91,-109.905,61.0108,897.295,-120.366,59.6686,929.846,-103.027,32.5111,888.082,-148.422,40.0268,926.534,-69.581,12.2141,878.037,-158.787,12.9737,838.728,-205.694,58.7457,825.672,-213.389,55.9488,818.501,-220.699,63.8128,826.385,-212.292,68.7815,825.98,-209.23,73.9909
012943:899.248,-160.201,106.901,903.208,-159.948,109.346,900.484,-157.969,108.896,908.814,-151.926,109.068,902.376,-150.216,107.255,913.487,-137.174,99.1647,893.334,-145.31,92.2801,934.721,-129.565,85.3545,876.299,-161.497,70.4799,953.821,-136.817,74.7668,869.434,-180.043,55.6959,909.524,-110.254,60.8115,894.261,-120.679,60.5666,929.704,-103.028,31.9343,890.7,-149.294,38.5973,926.693,-69.572,12.766,880.763,-159.676,12.0587,838.977,-204.655,58.1236,825.935,-212.364,55.3263,813.694,-218.821,65.3601,824.081,-211.354,70.0716,826.642,-207.155,73.1621
013245:469.335,141.695,0.820634
