001680:1024.69,39.718,149.87,1024.28,36.4691,153.418,1027.11,42.0886,152.497,1030.52,29.47,152.737,1037.65,43.5338,150.785,1032.37,22.0161,134.539,1051.29,45.8719,133.722,1017.31,21.1743,113.082,1055.33,52.0786,109.554,1003.95,40.1667,117.131,1058.56,59.4589,98.2127,1037.27,24.3558,87.0797,1049.28,40.3099,86.5213,1030.98,27.5048,49.4117,1044.57,42.2045,50.6637,1034.83,25.8253,9.66285,1058.31,36.2709,12.2623,1047.3,83.0853,71.2843,1032.29,92.6384,69.0098,1033.64,98.2671,55.1225,1039.82,87.6165,60.5738,0,0,0
001681:1025.94,40.1389,149.015,1025.68,36.7496,152.744,1027.68,42.6392,151.931,1030.19,29.4249,152.946,1035.91,44.214,151.069,1031.65,21.9455,134.76,1047.41,45.9702,134.088,1019.38,21.4093,112.442,1054.18,51.8363,109.835,1010.38,40.9484,115.669,1053.13,59.6416,98.7874,1036.69,24.7047,85.7224,1047,40.7873,85.3717,1031.08,26.9642,49.0963,1044.62,42.603,49.8645,1033.05,25.6301,10.2767,1061.05,36.1148,10.4643,1051.98,83.7297,70.4109,1035.25,93.6164,67.4375,1026.64,99.9042,57.5536,1039.69,88.3543,61.9343,0,0,0
001682:1021.32,40.6446,149.968,1021.51,37.499,153.459,1025.41,42.5456,152.372,1030.46,29.9632,152.709,1039.83,42.7232,150.39,1031.35,21.8594,135.02,1051.92,44.8061,133.46,1017.85,21.6319,112.89,1053.53,51.6852,110.228,1006.07,40.2946,116.522,1063.19,60.4536,97.1412,1035.12,24.5078,86.4482,1048.68,39.8542,85.4148,1030.38,26.9166,49.8169,1043.2,42.3668,50.6544,1030.35,26.4203,12.4162,1062.8,35.765,10.6917,1050.63,84.0612,70.6726,1029.92,95.2592,69.2725,1026.7,99.9062,57.7497,1041.92,88.9243,60.7233,0,0,0
001683:1021.47,40.5955,149.577,1021.8,37.3838,153.098,1023.33,42.7266,152.514,1030.22,29.938,152.773,1034.15,43.3439,151.592,1030.91,22.1926,135.096,1052.76,44.9931,133.465,1023.56,22.165,110.788,1055.03,52.0283,109.383,1015.8,40.7812,114.187,1064.56,60.7664,96.4618,1035.43,24.7202,86.3222,1049.84,40.0305,85.1247,1029.7,27.7037,49.5834,1045.35,42.7265,49.596,1034.34,25.9786,10.1697,1055.9,36.0899,11.6981,1052.7,83.8384,71.1937,1034.99,95.0097,67.9636,1024.88,99.4424,58.4192,1044.59,89.9788,60.1374,0,0,0
001684:1020.41,40.4097,149.934,1019.65,37.2161,153.616,1024.07,42.493,152.505,1029.85,29.6165,152.837,1039.74,42.9808,150.58,1032.32,21.9566,134.449,1055.37,44.847,132.645,1020.77,22.0599,111.511,1054.81,51.9842,109.395,1011.02,39.9236,115.74,1063.62,60.5562,96.8486,1034.29,24.6485,85.9471,1049.38,39.995,84.6152,1028.32,27.32,50.2577,1046.21,42.4362,49.5844,1032.57,26.2697,11.1969,1057.16,36.8852,11.8208,1052.21,83.7258,71.3187,1032.71,94.1382,70.208,1024.88,99.4424,58.4192,1043.33,88.9674,61.6528,0,0,0
001685:1019.05,39.833,150.013,1019.54,36.7082,153.461,1020.57,42.0055,152.986,1029.56,29.6298,152.601,1031.36,42.8007,151.931,1030.7,21.9184,134.407,1052,44.6744,133.547,1021.62,22.9342,110.607,1048.17,52.7596,111.566,1011.16,41.1974,115.268,1064.53,60.7615,96.4627,1033.24,24.9819,86.1709,1047.06,40.3636,85.421,1029.86,27.7988,49.2376,1045.22,42.6843,49.9504,1034.68,26.3094,9.66852,1054.85,36.1329,12.2159,1048.3,84.0517,73.0032,1032.38,94.1257,69.1941,1027.72,100.011,59.7368,1042.98,88.8514,62.2732,0,0,0
001686:1019.89,39.7412,149.652,1019,36.8075,153.409,1022.23,41.7541,152.398,1026.64,29.8227,153.161,1035.08,42.3699,150.839,1034.24,21.5573,133.679,1049.99,45.501,133.546,1018.58,22.9051,111.624,1052.09,52.1648,111.443,1010.92,40.5902,114.919,1067.99,61.519,95.3968,1040.71,24.7667,84.971,1051.32,41.0116,84.9913,1030.8,26.4143,49.2126,1047.99,43.1701,49.5437,1030.85,26.3222,10.9868,1066.23,36.1772,9.79555,1046.28,84.6416,73.563,1032.57,94.6873,71.103,1026.38,99.7874,58.4454,1045.31,89.4216,61.3897,0,0,0
001687:1018.39,40.6428,150.415,1016.61,37.9738,154.148,1021.52,42.0363,152.95,1022.82,31.1418,153.719,1035.58,41.1608,150.908,1030.79,22.0013,134.413,1049.48,44.7173,133.706,1021.27,23.2859,110.579,1051.52,52.081,110.905,1009.66,41.3929,115.697,1071.92,62.4383,93.1263,1038.14,24.8361,85.4287,1050.18,40.3507,85.1565,1031.43,26.6745,48.799,1044.96,43.153,49.9654,1031.45,26.7815,10.6286,1057.51,35.182,11.4461,1040,86.0916,75.931,1035.24,94.5255,69.7859,1028.01,100.13,58.9598,1043.1,89.7096,62.6216,0,0,0
001688:1022.23,41.0873,149.242,1019.83,38.0414,153.411,1025.25,42.9808,152.048,1025.37,30.208,153.686,1039.49,42.7128,150.48,1031.73,21.6546,134.113,1054.6,44.5763,133.279,1021.54,22.9081,109.938,1052.65,52.2988,111.041,1010.27,41.8592,114.931,1069.88,61.9431,94.632,1036.78,24.6837,84.8554,1051.68,40.1333,84.055,1029.42,26.2522,49.5253,1051.34,43.1437,48.1437,1030.39,26.7869,11.9255,1054.02,35.2593,13.312,1042.88,84.5868,76.1891,1037.21,95.1653,70.074,1030.14,100.59,59.4298,1037.88,90.3456,64.5429,0,0,0
001689:1020.07,39.9593,148.586,1018.45,37.1236,152.465,1022.34,41.94,151.422,1025.98,30.1742,152.614,1036.37,42.1349,150.206,1033.44,21.9409,133.61,1051.12,44.7059,134.121,1018.86,23.3788,110.522,1048.16,52.4584,112.007,1007.2,41.0821,114.996,1069.52,61.8656,94.7095,1035.41,24.8116,85.7801,1047.18,40.241,85.7594,1033.36,26.2888,48.3897,1048.93,43.2799,48.8484,1030.64,26.6951,11.0651,1063.95,36.2981,10.1283,1040.21,85.2392,76.7315,1033.09,94.3176,72.0973,1030.14,100.59,59.4298,1034.61,89.0668,66.5451,0,0,0
001690:1023.9,40.7072,148.448,1023.55,37.3941,152.391,1025.69,42.8012,151.578,1029.42,29.4397,152.631,1035.92,43.201,150.722,1033.14,21.8707,133.448,1049.66,44.9423,133.539,1020.11,23.8535,110.064,1047.01,52.2004,112.541,1008.47,41.2816,115.081,1064.92,61.4022,96.4228,1039.19,24.1773,84.5053,1050.24,39.9149,84.5926,1029.28,26.5159,49.6641,1045.58,44.5636,50.4415,1029.73,26.5332,11.6423,1062.32,36.6031,11.7713,1043.74,86.1426,74.6864,1035.76,96.6994,70.8968,1033.49,101.404,58.7862,1038.23,89.7793,64.608,0,0,0
001691:1024.47,40.728,148.153,1024.28,37.9443,151.818,1024.01,42.3415,151.523,1030.48,30.6255,152.001,1030.73,41.6336,151.4,1032.62,22.1447,133.802,1049.1,43.987,133.931,1018.6,23.3246,111.061,1043.99,51.5357,113.696,1007.31,40.2621,114.954,1063.07,60.9572,97.6853,1038.21,25.1737,85.3133,1049.56,40.0757,85.2572,1027.83,27.2571,50.0627,1045.24,43.8541,50.0672,1030.04,26.6921,10.8101,1060.25,35.5964,11.1764,1044.24,86.2549,74.6453,1038.73,97.3898,70.6456,1033.12,101.657,60.1756,1038.23,89.7793,64.608,0,0,0
001692:1022.56,40.8051,147.977,1020.4,38.1083,152.044,1025.72,42.4851,150.603,1025.81,30.8991,152.795,1040.31,41.7313,149.289,1034.36,22.1072,133.447,1050.86,44.2162,133.519,1019.66,23.7351,110.583,1044.73,51.699,113.393,1002.21,41.4009,115.53,1061.86,60.8398,101.015,1037.17,24.665,84.5438,1047.96,39.83,84.5654,1031.28,26.7236,48.6761,1048.17,44.2566,48.6946,1029.61,26.9446,10.656,1063.63,36.6331,10.0129,1044.5,86.2507,75.6293,1036.6,96.5558,69.4391,1029.13,101.636,62.6725,1038.23,89.7793,64.608,0,0,0
001693:1022.5,40.5725,147.373,1022.11,37.9575,151.299,1025.18,42.6932,150.227,1026.98,29.7522,152.943,1038.05,42.5042,149.575,1036.13,21.5448,133.117,1050.79,43.8796,133.599,1020.73,24.0428,109.48,1042.89,51.354,113.018,1014.35,42.7769,112.385,1067.63,62.0313,94.972,1040.09,24.9962,85.0732,1049.24,40.026,85.4878,1028.27,26.6085,50.7798,1043.67,44.1357,51.0226,1032.09,26.44,11.3112,1062.08,36.3363,10.9675,1045.06,86.362,75.8347,1042.41,97.6538,69.6162,1029.6,101.752,62.547,1036.22,90.0713,66.4188,0,0,0
001694:1018.87,40.8706,149.014,1016.81,38.056,152.907,1022.74,42.626,151.43,1022.79,30.6908,152.923,1037.95,42.1693,149.491,1032.63,21.8471,133.166,1047.37,44.3141,133.958,1017.46,24.3071,110.57,1046.98,52.2,112.428,1003.86,42.8256,115.259,1067.99,62.0581,95.7994,1037.5,24.4099,84.8866,1046.56,39.9118,85.5597,1032.65,26.3696,49.1738,1050.12,44.1172,49.4945,1030.66,26.0722,11.2397,1062.79,36.883,10.6915,1045.96,87.2597,74.8535,1042.03,98.3856,70.1719,1033.42,103.55,61.6872,1046.5,93.1336,64.4033,0,0,0
001695:1019.32,41.1507,148.981,1016.18,38.5182,152.893,1023.19,42.4442,151.398,1021.44,31.3312,152.899,1039.71,41.1717,149.264,1035.64,22.1596,132.919,1049.01,44.2384,133.925,1017.67,24.7761,111.147,1048.82,52.6213,111.443,1002.54,43.5003,115.225,1073.77,61.5605,95.1954,1038.45,24.5647,85.4931,1045.37,39.7923,86.4851,1029.62,27.3262,49.8967,1044.55,44.137,50.2447,1036.77,25.8398,9.83644,1063.36,35.8003,9.68904,1043.73,87.3596,75.6024,1041.55,98.2695,70.2959,1033.42,103.55,61.6872,1046.76,93.2545,63.3885,0,0,0
001696:1022.62,40.1999,147.861,1021.32,37.4526,151.503,1025.29,42.1174,150.645,1023.67,30.1889,152.637,1037.33,42.2537,149.816,1033.21,22.1084,133.275,1047.47,45.0705,134.756,1011.95,23.931,111.986,1044,51.5971,112.591,1003.88,43.5893,114.287,1064.89,61.3976,96.3947,1036.18,24.3795,86.9306,1043.32,39.8096,88.0759,1031.95,26.7948,50.871,1044.26,44.5162,52.5511,1033.82,26.779,11.6593,1070.02,36.4501,10.0655,1047.56,88.2655,74.6185,1038.85,98.0566,70.6525,1036.45,104.928,61.187,1048.31,93.9687,64.3751,0,0,0
001697:1021.97,40.5862,148.376,1019.94,37.728,152.073,1024.14,42.3964,151.251,1021.89,29.9836,152.868,1037.31,42.2735,149.772,1031.01,21.015,133.616,1050.09,44.8129,133.527,1013.68,24.1112,110.834,1042.7,51.9156,112.062,1006.61,44.4121,113.26,1054.22,62.5014,97.7445,1038.6,24.2892,84.6143,1049.59,40.6145,84.5798,1031.55,25.7898,49.5354,1047.46,44.6596,48.9892,1031.96,26.1404,12.3264,1063.63,35.9327,9.55195,1045.41,88.7344,76.5797,1041.33,98.635,70.4425,1038.57,105.396,61.5802,1044.35,94.0724,65.5677,0,0,0
001698:1017.22,41.3548,149.42,1015.04,38.7666,153.247,1021.91,43.0013,151.509,1017.81,31.198,153.824,1040.27,42.1663,148.565,1030.66,22.1533,134.061,1052.16,44.1969,132.962,1014.68,23.7464,111.259,1043.62,50.9815,112.371,1014.01,44.3139,111.915,1064.42,62.6836,96.7476,1036.55,24.7365,85.3755,1048.91,39.8896,84.9515,1031.77,26.2418,49.2121,1045.94,44.7066,49.6223,1029.92,26.6427,12.1411,1065.15,36.7739,9.7605,1045.47,88.7333,76.8257,1041.98,98.7496,70.9899,1038.61,105.395,61.7437,1042.38,95.0251,67.1927,0,0,0
001699:1017.7,40.6382,148.563,1015.57,38.017,152.403,1022.25,42.3844,150.912,1018.66,30.5095,153.274,1039.54,41.9456,148.796,1032.94,21.2193,132.856,1050.39,45.0121,133.59,1015.38,23.9721,110.38,1047.04,50.8871,111.454,1015.88,43.2184,111.028,1055.23,63.0123,97.2817,1037.15,23.8182,85.2843,1046.63,40.1262,86.0164,1033.18,26.3302,48.9573,1044.63,45.4737,51.3893,1030.76,26.43,11.6528,1065.37,35.9444,10.9989,1044.1,89.2443,77.3913,1041.02,99.7363,72.1615,1040.25,105.746,62.1824,1044.75,95.6029,66.4839,0,0,0
001700:1017.72,40.9638,149.421,1016.3,38.0792,153.142,1021.59,42.6348,151.896,1022.13,30.8426,152.93,1036.4,42.1479,149.935,1031.77,21.9362,133.649,1047.18,44.561,134.34,1016.48,24.2104,110.958,1059.2,51.0306,112.386,1012,42.6552,111.326,1064.36,62.6341,97.4358,1037.07,23.8359,84.7243,1045.93,39.3886,85.2922,1035.7,26.5525,47.0761,1045.93,44.1587,48.8215,1032.17,26.6407,10.9274,1063.73,35.7844,9.17091,1043.18,89.2001,78.2556,1045.41,100.8,71.2842,1045.28,107.057,60.0497,1044.45,96.8197,66.455,0,0,0
001701:1018.54,41.6535,148.943,1018.86,38.9135,152.409,1023.28,43.5645,151.156,1022.92,30.724,152.748,1038.08,43.0231,148.914,1031.22,21.7455,133.591,1049.84,44.5166,133.702,1014.08,23.7887,111.498,1061.62,49.3281,112.113,1014.9,42.9212,110.754,1063.09,62.3832,97.2877,1037.2,24.4368,85.3775,1047.45,39.9626,85.8544,1034.33,25.649,48.7013,1042.17,45.374,52.2827,1033.11,26.6273,11.1505,1064.78,37.2721,10.6355,1040.34,89.5578,79.4433,1043.05,100.101,73.7962,1037.32,107.649,65.1591,1042.66,95.5067,67.2963,0,0,0
001702:1018.74,40.8195,148.379,1018.71,37.9774,151.804,1022.55,42.7102,150.692,1024.52,30.3237,151.731,1037.49,42.603,148.456,1032.9,21.871,133.211,1048.72,44.4566,133.399,1015.79,23.752,111.034,1060.45,49.5404,110.983,1014,43.6674,110.747,1065.84,63.0117,96.0645,1037.39,24.0037,84.4045,1046.79,39.3707,84.7636,1032.91,26.5398,47.4111,1045.01,44.6823,48.9735,1028.56,27.5518,11.9244,1069.16,37.2874,7.96453,1040.58,89.7485,80.6847,1043.57,100.217,73.837,1037.32,107.649,65.1591,1043.84,96.3022,69.1336,0,0,0
001703:1015.26,41.0541,149.405,1013.6,38.5552,152.933,1020.63,42.727,151.311,1019.12,31.5819,152.765,1039.78,42.4005,148.242,1030.79,21.7307,133.743,1052.85,45.0252,133.099,1014.4,23.7457,110.532,1059.54,50.0989,112.321,1013.95,43.2359,109.934,1063.82,62.5389,97.1833,1039.21,23.6892,85.2029,1054.66,40.1565,84.0174,1031.96,26.2299,49.9885,1047.17,45.2053,50.3689,1034.73,26.0102,11.6384,1066.73,36.1772,8.53711,1045.96,91.6649,79.4071,1046.91,101.036,72.9757,1041.06,107.756,63.8371,1044.63,96.7182,68.7528,0,0,0
001704:1016.79,40.5284,149.096,1017.98,37.7171,152.234,1022.11,42.3511,151.082,1025.62,30.4988,151.691,1038.22,42.3191,148.65,1031.46,21.7698,133.482,1049.45,45.6856,133.653,1009.9,24.5391,112.675,1062.74,49.9723,111.007,1009.53,45.0139,111.99,1066.7,63.181,96.1594,1039.56,23.6076,84.9162,1048.56,39.9753,85.5789,1033.01,25.7482,49.5882,1039.94,46.6705,53.5438,1031.78,26.5472,12.3753,1069.61,37.2677,10.3186,1047.32,91.3442,79.186,1042.4,101.927,76.2634,1038.82,107.891,66.8753,1042.36,96.9795,69.9685,0,0,0
001705:1017.33,41.7326,148.108,1015.39,39.288,151.954,1023.52,43.2912,149.92,1018.72,31.7078,152.999,1043.71,42.1352,147.213,1030.89,22.472,133.857,1052.26,44.7714,133.655,1010.29,24.0057,112.361,1055.68,49.3711,114.054,1010.12,44.6563,111.168,1057.03,62.6913,99.7142,1036.34,24.128,85.4366,1048.62,39.4375,85.4081,1031.07,26.3758,49.1496,1043.47,45.9061,51.3142,1031.16,26.6971,11.3739,1068.85,37.4291,10.4275,1046.49,91.1136,79.9207,1040.49,101.639,77.1899,1041.84,107.761,66.5945,1041.5,96.7465,70.5438,0,0,0
001706:1015.47,41.812,149.493,1013.13,39.3944,153.253,1022.06,43.3408,151.101,1013.6,32.1462,154.007,1042.12,42.332,147.545,1028.75,22.1423,134.048,1049.48,44.7169,133.501,1011.45,23.8709,111.96,1056.75,49.8867,112.335,1012.86,43.6631,110.467,1062.91,64.0364,97.146,1037.06,23.8468,85.036,1048.28,39.4762,85.2609,1027.65,27.2013,50.4045,1036.95,46.595,53.5638,1034.95,26.7147,11.0531,1067.41,36.9564,10.5067,1049.89,91.9139,79.234,1041.86,102.363,77.5151,1043.89,109.085,66.7763,1044.46,97.44,70.2088,0,0,0
001707:1016.46,41.5355,148.744,1015.48,39.0635,152.491,1023.16,43.1474,150.477,1019.43,31.8078,153.156,1043.97,42.1191,147.328,1031.11,22.4086,133.516,1051.05,45.3751,133.157,1010.53,24.2413,111.781,1065.17,49.6358,110.859,1011.77,43.5399,110.163,1066.53,64.8615,95.6385,1037.15,23.3619,83.5576,1046.99,39.2097,83.7732,1035.93,25.5614,47.2057,1039.25,46.5358,50.7954,1032.28,27.5294,11.2986,1068.85,37.4069,9.47145,1051.16,92.1458,80.06,1041.92,102.544,78.2169,1041.96,109.639,67.779,1045.41,97.6724,69.9602,0,0,0
001708:1020.47,41.8955,147.668,1018.82,39.6143,151.343,1025.22,43.4078,149.853,1018.41,32.2208,153.003,1040.98,42.2729,148.008,1029.1,21.6077,133.84,1047.58,45.0609,134.436,1011.73,23.6594,111.331,1060.63,49.3164,111.864,1015.2,44.1271,108.572,1063.24,64.0972,97.2699,1038.53,23.5226,85.4507,1048.34,39.8452,86.3472,1028.11,24.7148,50.4435,1043.24,46.8022,52.8906,1032.35,25.8521,11.5619,1065.07,37.8318,12.2415,1049.91,91.8029,81.1311,1041.97,102.433,80.1385,1038.23,110.561,69.6619,1041.08,98.2095,72.8643,0,0,0
001709:1023.5,41.7215,145.952,1023.87,39.1804,149.411,1025.83,43.4516,148.738,1024.49,30.9234,151.385,1035.2,42.5672,148.429,1028.71,21.1291,133.991,1048.18,44.6047,133.337,1013.06,23.2892,111.483,1063.36,50.2042,110.079,1015.74,43.3568,108.266,1065.52,64.6305,96.0773,1039.25,23.6025,84.8764,1049.79,39.6027,85.1621,1028.49,25.8305,50.6871,1042.86,46.5768,52.3472,1032.75,26.3423,12.1853,1064.13,37.9847,12.2986,1046.86,92.5217,82.6088,1047.03,104.09,79.2008,1039.5,110.803,70.5777,1042.02,98.1534,73.7936,0,0,0
001710:1016.9,41.5703,147.831,1017.73,39.0093,151.344,1022.63,43.2421,149.824,1023.11,31.0379,151.946,1039.44,42.3323,147.518,1031.01,21.8927,133.446,1048.41,44.9741,133.274,1012.86,23.2676,111.674,1054.71,48.9912,112.797,1017.76,44.1827,107.97,1057.09,62.69,99.9527,1036.69,24.0038,84.5777,1047.13,40.0066,84.7321,1031.58,24.4491,48.3505,1041.79,46.805,50.8865,1027.81,26.7091,12.7981,1067.73,37.6972,11.0015,1053.84,94.6164,80.94,1041.87,104.492,80.9378,1047.3,112.539,68.9207,1046.61,99.5019,72.4304,0,0,0
001711:1015.4,41.5908,148.006,1014.61,39.0279,151.864,1021.27,43.4012,149.943,1020.3,31.2074,152.423,1040.58,42.7814,147.07,1029.09,22.1851,133.576,1053.23,44.2853,131.592,1014.38,23.5188,110.777,1062.6,49.1988,109.333,1020.79,44.0121,106.764,1067.43,65.0545,95.454,1032.99,23.8631,85.7641,1048.1,39.1072,84.7933,1025.82,26.303,50.6769,1042.23,46.5579,51.7922,1029.29,27.0268,13.0802,1066.03,38.0184,12.7881,1051.43,94.0388,81.546,1042.91,105.759,81.5568,1039.65,113.339,71.559,1047.84,100.885,71.9001,0,0,0
001712:1019.26,41.981,146.821,1019.05,39.3594,150.589,1023.3,44.0208,149.322,1024.8,30.9354,151.81,1038.07,43.7044,148.126,1032.72,21.7341,132.965,1050.1,44.9845,133.065,1016.83,22.5934,110.596,1056.41,49.5188,113.042,1021.19,42.3982,106.947,1059.39,63.2259,98.7798,1037.64,24.2884,84.8423,1048.67,40.1954,85.1117,1026.08,25.8356,50.2085,1042.57,46.0832,51.207,1030.31,26.7072,11.3284,1059.74,39.1178,12.867,1047.21,94.5187,82.6086,1041.51,105.882,81.2053,1038.29,114.19,73.2015,1042.64,101.484,73.993,0,0,0
001713:1018.85,42.5346,147.02,1019.07,39.8743,150.873,1023.68,44.3753,149.389,1023.3,31.2387,152.257,1039.37,43.3799,147.719,1031.31,21.7509,133.721,1046.94,44.7096,133.748,1013.11,22.8469,111.573,1059.9,48.7981,111.756,1015.11,43.3909,107.586,1060.59,63.5205,97.8996,1038.25,24.119,85.5041,1046.89,39.8133,86.1027,1033.45,25.0515,48.1941,1037.91,46.3348,52.1728,1027.95,26.853,12.4018,1071.28,36.8996,9.46992,1041.51,95.2084,85.001,1041.17,106.791,82.3941,1038.29,114.19,73.2015,1041.67,102.457,75.2895,0,0,0
001714:1018.09,42.2685,147.439,1018.97,39.4164,151.134,1022.21,44.3569,149.82,1024.09,31.0345,151.743,1036.51,44.1398,147.782,1031.19,21.7937,132.844,1044.62,45.5912,133.315,1010.8,22.7403,111.681,1053.7,49.6384,112.54,1016.49,42.5129,106.766,1061.5,63.7258,97.5564,1038.16,23.4862,83.0252,1046.6,39.8827,83.7221,1033.35,24.7141,46.3507,1040.53,46.7508,50.2143,1025.08,26.7802,13.0761,1071.84,37.1971,10.4222,1048.32,95.4893,84.7241,1039.95,108.605,82.8778,1043.54,115.698,72.6223,1045.33,102.913,74.6953,0,0,0
001715:1017.61,42.8548,147.672,1018.52,40.1632,151.348,1021.95,44.4971,150.112,1022.39,31.3506,152.435,1035.61,43.1657,148.514,1028.45,21.4974,133.868,1047.65,44.6108,132.947,1011.37,23.1883,112.012,1056.97,49.4992,112.207,1017.84,43.6205,106.655,1061.44,63.6105,99.442,1036.48,23.6,84.1777,1047.67,39.4961,84.1328,1032.79,24.301,48.427,1039.77,47.2137,51.85,1029.25,27.1685,12.5043,1069.32,38.2636,9.79311,1042.71,96.0926,85.3868,1039.14,109.871,83.4109,1044.02,115.819,72.4996,1047.28,103.384,74.3682,0,0,0
001716:1016.99,42.1558,147.846,1018.27,39.4421,151.205,1020.32,44.0094,150.354,1023.55,31.2597,151.524,1032.82,43.5437,148.68,1030.01,21.4244,133.216,1043.75,45.2965,134.049,1012.8,22.9231,111.149,1059.71,48.8834,112.475,1016,43.0625,106.741,1061.57,64.2756,98.007,1040.03,22.7198,83.7046,1047.7,39.3823,84.6942,1029.28,23.9825,49.4355,1039.61,47.1298,51.8753,1030.1,25.6547,12.5409,1068.51,37.1501,10.7214,1047.69,95.5563,84.776,1045.03,109.141,83.1988,1043.8,116.553,73.607,1049.11,104.042,74.0251,0,0,0
001717:1017.08,42.398,148.006,1016.92,39.6732,151.581,1021.57,44.3238,150.224,1021.64,31.5045,151.913,1036.63,44.0606,147.96,1031.39,21.725,132.951,1046.93,45.5344,133.184,1010.99,22.3429,111.521,1058.26,49.8278,111.956,1017.04,41.768,106.486,1061.26,64.2128,97.9789,1037.88,23.2712,85.1258,1046.42,39.7422,85.8242,1032.42,24.5305,48.75,1040.85,46.3295,51.53,1033.17,25.4924,11.3043,1065.54,38.2317,10.7395,1047.78,95.5592,85.0719,1049.11,109.916,82.7337,1048.12,118.868,73.7874,1045.17,104.863,77.0473,0,0,0
001718:1017.53,42.0454,147.401,1018.52,39.3042,150.771,1020.93,43.944,149.838,1025.84,31.421,150.498,1035.7,43.6232,147.621,1032.01,21.3805,132.575,1047.35,45.6799,132.8,1009.16,22.7434,111.683,1054.41,50.4087,111.834,1015.3,43.2777,106.227,1065.18,65.1091,96.3079,1037.55,22.3456,84.7495,1045.53,39.2566,85.5452,1033.77,23.709,48.6352,1039.12,47.3939,52.6487,1032.78,25.2344,11.4912,1064.79,38.2638,11.891,1052.99,97.0166,84.0307,1049.21,111.119,84.3265,1040.83,118.058,75.6924,1046.02,105.473,77.3152,0,0,0
001719:1017.86,42.9388,146.847,1018.92,40.4427,150.378,1021.57,44.5549,149.347,1022.86,31.7516,151.4,1034.74,42.9779,147.905,1032.16,20.9871,132.75,1044.8,45.1358,133.647,1008.89,21.9696,112.584,1053.14,50.814,113.468,1013.75,41.4178,106.462,1058.2,63.5209,99.1407,1039.34,22.8913,83.8498,1044.31,39.6896,85.4487,1043.36,22.5601,45.266,1037.76,47.4246,52.3792,1033.58,25.7035,11.6352,1058.02,39.5235,14.3144,1049.59,96.5726,85.638,1047.74,111.619,84.523,1049.82,118.75,75.2158,1049.21,106.307,75.8883,0,0,0
001720:1016.02,42.3144,147.266,1017.36,39.7577,150.708,1020.16,44.1471,149.643,1023.62,31.3482,151.19,1035.42,43.2119,147.692,1032.2,21.3172,132.621,1047.95,45.1328,132.742,1011.95,21.8172,112.025,1054.83,50.3062,112.876,1014.51,40.5341,106.2,1058.16,63.5105,99.2024,1036.75,23.3141,83.1422,1045.28,39.9765,83.8459,1031.95,23.6662,47.0742,1040.34,47.5296,50.5507,1032.37,25.5571,11.3382,1062.61,39.1247,12.9936,1051.37,97.4024,85.632,1050.69,113.192,84.2614,1048.59,119.532,75.2094,1048.86,106.185,76.5022,0,0,0
001721:1013.25,42.388,147.09,1014.68,40.0165,150.646,1018.41,44.2373,149.059,1023.36,31.9965,151.286,1036.37,43.1932,146.843,1032.12,21.371,133.319,1046.25,45.5403,133.267,1010.2,20.9861,112.895,1049.89,50.2849,114.378,1016.53,40.0383,104.486,1057.92,63.471,99.0241,1040.67,22.6947,83.5519,1048.34,39.3813,84.2742,1036.68,22.6313,46.9915,1041.18,47.1712,51.4716,1027.19,26.2678,12.6541,1062.25,38.9828,13.1685,1048.95,97.6713,86.2334,1055.94,113.857,83.2292,1053.76,121.431,75.0838,1048.86,106.185,76.5022,0,0,0
001722:1017.85,42.7722,147.177,1018.13,40.0408,150.755,1021.21,44.5447,149.65,1022.41,31.8855,151.212,1034.86,43.7138,147.646,1029.38,21.7223,133.274,1044.37,45.3875,132.947,1016,21.1697,111.031,1046.98,49.2636,113.807,1009.9,39.1467,106.942,1056.88,63.2173,99.7545,1037.08,22.4676,83.949,1045.66,39.0202,84.1569,1033.78,24.3696,47.3523,1035.49,46.9845,51.9032,1036.84,25.3955,8.95262,1066.08,37.8059,11.0929,1046.1,98.0113,87.4752,1049.03,113.079,86.5271,1052.03,122.152,77.4329,1048.86,106.185,76.5022,0,0,0
001723:1012.76,41.7595,147.705,1013.36,39.2055,151.236,1017.81,43.6922,149.762,1022.87,31.7531,151.003,1037.19,43.4149,146.952,1030.46,21.4615,133.103,1047.75,45.6352,132.341,1015.18,21.9068,110.182,1049.83,50.3571,112.772,1009.8,40.7036,106.147,1060.92,64.1315,98.1937,1035.24,22.4289,83.8896,1045.52,39.3609,83.6053,1033,24.0025,47.5212,1036.23,46.8557,50.7774,1034.02,25.6204,10.914,1059.3,38.7742,12.4148,1044.93,98.146,87.8722,1051.81,113.796,85.6292,1051.1,122.276,78.6379,1051.35,107.63,76.3916,0,0,0
001724:1015.65,42.9502,147.598,1017.11,40.3588,150.942,1019.57,44.5723,149.632,1025.2,31.7283,150.713,1034.85,43.1698,147.024,1032.18,21.0522,132.658,1042,45.7299,133.36,1013.62,21.0011,111.79,1049.92,50.9308,112.664,1016.49,39.7826,104.681,1059.52,63.8458,98.1704,1039.17,22.3438,83.2457,1043.73,39.4093,84.7394,1033.37,23.483,47.5057,1037.19,47.7162,52.5707,1027.47,26.5137,12.7979,1059.65,39.8992,15.1592,1043.89,98.2842,88.662,1054.41,114.112,86.9365,1050.03,121.908,80.2495,1055.44,109.144,77.6897,0,0,0
001725:1015.64,42.6286,147.498,1015.36,40.0857,151.088,1020.4,44.3839,149.476,1022.79,31.6098,151.151,1039.44,43.1991,146.517,1033.44,21.5375,132.696,1051.39,44.785,131.843,1017.37,20.96,110.177,1052.22,49.35,112.306,1018.66,40.6018,104.214,1057.93,63.4824,98.8475,1036.9,22.2781,85.8417,1047.83,38.2703,85.6431,1026.83,25.3715,51.8332,1035.94,45.8445,54.2934,1031.2,26.1593,12.7428,1049.07,40.485,17.7457,1043.92,98.2851,88.7603,1053.91,114.538,88.4665,1051.8,122.405,79.2768,1048.22,108.018,78.9985,0,0,0
001726:1015.57,42.3607,147.622,1015.22,39.73,151.241,1019.53,44.0802,149.55,1022.36,31.4926,151.212,1036.35,43.199,146.632,1029.46,21.2434,133.831,1046.24,45.2545,132.484,1014.69,20.8882,111.242,1049.07,50.1398,113.056,1010.68,38.5559,106.017,1058.5,63.6154,98.5711,1036.86,22.1357,84.7856,1046.95,38.8288,84.3397,1032.21,24.32,49.5439,1036.78,47.0814,52.4003,1031.25,25.9674,11.3596,1055.92,40.3767,13.94,1050.68,99.9137,87.4309,1057.91,115.031,88.8604,1051.8,122.405,79.2768,1050.04,108.858,79.2337,0,0,0
001727:1017.67,42.8944,147.218,1018.94,40.3001,150.714,1020.58,44.422,149.763,1025.39,31.8329,151.137,1032.52,43.1315,148.262,1028.05,21.5802,133.984,1044.67,45.0095,132.776,1016.16,20.8337,110.446,1051.68,49.9986,112.091,1015.02,38.4341,105.271,1059.51,63.8295,98.4322,1033.77,22.8585,85.2201,1044.49,38.9083,84.6364,1031.84,23.9334,49.4798,1037,46.6776,51.8934,1028.9,26.2122,12.7827,1062.22,38.3193,11.898,1050.68,99.9137,87.4309,1055.15,114.97,89.6468,1052.52,123.262,81.9271,1049.87,109.886,79.306,0,0,0
001728:1023.91,44.1184,145.974,1026.07,41.3714,149.173,1023.59,45.291,149.207,1029.94,32.5274,149.676,1028.65,43.3986,148.858,1028.43,21.7007,133.937,1041.33,45.5062,133.201,1015.57,20.5173,111.452,1050.3,50.0535,111.308,1012.5,37.1793,106.092,1058.35,63.6135,98.083,1037.74,22.6175,82.8705,1046.34,38.9051,82.796,1031.98,24.2847,47.8334,1036.57,47.162,50.8459,1024.91,26.9666,12.5311,1066.49,37.6032,9.86379,1050.68,99.9137,87.4309,1053.44,114.479,90.9175,1050.73,123.433,82.5507,1054.21,110.969,78.295,0,0,0
001729:1017.15,43.0011,147.343,1016.92,40.4218,151.102,1020.71,44.7516,149.676,1023.79,32.2124,151.328,1036.74,43.9149,147.237,1031.47,21.4053,132.814,1047.38,45.68,131.895,1017.58,19.8359,110.366,1049.27,50.0987,112.56,1020.04,36.8966,103.452,1057.03,63.2921,98.9854,1034.15,21.4874,84.4151,1044.49,38.1008,84.1017,1029.96,24.2574,48.6962,1037.97,46.4694,51.1904,1030.81,26.131,10.9616,1064.36,38.2925,11.8027,1055.49,101.086,86.2398,1057.66,115.45,91.3402,1050.25,124.517,83.866,1053.11,111.097,79.0014,0,0,0
001730:1018.08,42.7948,146.995,1018.74,40.133,150.636,1022.04,44.5846,149.334,1024.95,32.1978,150.831,1036.19,44.0984,147.146,1031.24,21.4056,133.098,1045.26,45.9785,132.336,1017.78,19.8964,110.247,1049.43,50.0498,111.722,1014.55,37.263,104.455,1049.17,64.3469,98.795,1033.49,21.6005,85.7274,1042.71,38.3868,85.6378,1033.57,23.2944,48.405,1033.33,46.7848,53.3232,1027.28,26.8766,13.0773,1066.44,38.0595,11.5141,1057.54,101.556,86.2546,1057.68,115.45,91.4221,1048.99,125.177,85.472,1052.19,111.225,80.3147,0,0,0
001731:1016.65,42.7372,147.375,1017.29,40.038,150.99,1020.96,44.6906,149.504,1022.37,31.6228,151.497,1034.26,44.2052,147.392,1028.79,21.2387,133.506,1042.2,45.7655,132.73,1015.76,18.9022,111.306,1049.3,49.4747,111.63,1009.5,35.2693,105.521,1059.69,63.9211,97.4755,1034.97,20.9625,85.3676,1043.1,37.7519,85.593,1031.39,24.3844,49.3337,1037.97,46.6945,52.9912,1029.39,26.518,11.3823,1058.59,38.9651,14.3385,1059.44,101.359,85.9996,1057.68,115.45,91.4221,1049.66,125.308,85.9662,1055.96,112.192,79.0987,0,0,0
001732:1017.59,42.5708,147.622,1016.81,40.2542,151.135,1020.58,44.1881,149.906,1026.7,31.6212,150.656,1029.57,43.5889,148.731,1031.76,20.0434,132.296,1046.36,45.4805,131.846,1019.94,18.7681,108.527,1053.77,48.1811,110.407,1012.31,35.5887,103.445,1050.7,61.9535,99.7474,1032.65,21.8809,83.9277,1040.24,39.4624,84.4036,1029.4,23.647,49.5386,1038.79,47.4579,51.4458,1036.03,26.6735,10.7362,1049.83,39.7138,16.8537,1059.44,101.359,85.9996,1055.04,115.276,94.3448,1053.25,126.176,86.1166,1055.08,111.586,78.6018,0,0,0
001733:1013.13,42.1059,148.149,1014.73,39.4828,151.565,1017.83,44.108,150.216,1023.89,31.7987,151.275,1032.69,43.9993,147.895,1028.2,21.2697,134.114,1044.22,45.7359,132.535,1013.41,18.3464,111.955,1052.37,49.868,109.92,1005.51,35.4228,105.937,1063.64,63.8328,93.3917,1029.76,21.4773,87.7034,1039.28,37.9758,87.5505,1033.56,23.94,49.402,1034.7,46.5335,54.6665,1028.88,26.6067,12.5536,1062.43,39.0401,13.2631,1059.44,101.359,85.9996,1059.38,115.042,93.9515,1053.49,126.172,87.0148,1055.29,113.406,77.9042,0,0,0
001734:1006.06,40.9476,149.747,1006.26,38.2793,153.638,1012.34,42.9856,151.512,1020.65,31.4815,152.178,1033.41,43.3267,147.82,1026.32,20.4178,134.44,1045.68,45.8787,131.557,1013.67,18.891,112.936,1048.26,50.6812,110.757,1000.18,35.1348,107.427,1048.08,62.973,96.6753,1027.59,20.6557,86.6413,1040.21,38.1099,85.5965,1025.16,23.0623,50.4068,1036.84,46.8933,53.2044,1036.08,26.0052,9.22951,1059.09,37.6803,13.3074,1059.44,101.359,85.9996,1063.8,115.766,92.2657,1058.36,127.422,86.1567,1055.82,113.408,79.7501,0,0,0
001735:1018.28,41.9091,147.026,1018.76,39.491,150.338,1020.26,44.0488,149.57,1026.69,30.9817,150.834,1027.25,44.3493,149.169,1031.59,20.1188,132.922,1040.19,46.1151,132.908,1017.04,18.5079,109.603,1048.42,49.1931,109.706,1008.84,34.3438,104.713,1048.97,63.4699,96.0459,1032.31,21.7624,85.0844,1036.41,39.6176,86.1067,1029.68,23.3775,50.181,1034.91,47.3115,52.9324,1034.19,26.0994,12.1467,1047.47,40.4935,16.8973,1059.44,101.359,85.9996,1067.95,115.413,92.8118,1055.4,126.672,86.5414,1056.29,113.532,79.5815,0,0,0
001736:1015.28,42.0163,147.882,1014.54,39.6174,151.322,1019.08,43.9983,149.857,1024.34,31.5607,150.956,1029.23,44.4457,148.363,1033.51,20.6103,132.836,1041.39,46.0226,132.561,1018.35,18.2482,109.253,1046.15,48.8724,110.131,1005.6,33.574,105.332,1049.16,63.522,95.8269,1033.25,21.7714,85.9365,1036.71,39.2383,86.7887,1029.63,24.4175,51.4951,1033.88,47.0332,53.1674,1037.75,25.7007,11.2386,1054.25,39.9218,14.3839,1059.44,101.359,85.9996,1067.66,115.405,91.9123,1056.75,127.418,86.8042,1056.71,113.655,79.2136,0,0,0
001737:1014.69,42.5664,148.199,1013.89,40.1571,151.565,1020.09,44.1954,149.918,1023.56,31.7005,151.099,1033.16,44.0256,147.947,1030.59,20.3896,133.536,1044.26,46.1288,131.924,1018.19,17.7501,110.343,1047.94,49.2781,109.273,1006.98,31.6018,104.026,1045.3,62.6882,96.5275,1029.9,22.0337,86.5,1037.65,39.6761,86.3606,1022.48,24.1018,52.2666,1032.57,47.6673,52.7752,1035.25,26.0276,11.498,1049.45,40.5673,16.0415,1059.44,101.359,85.9996,1069.42,115.777,92.5708,1057.88,127.666,87.2219,1056.71,113.655,79.2136,0,0,0
001738:1006.19,40.7601,149.473,1008.82,38.1768,152.885,1010.77,43.2806,151.284,1023.12,31.2274,151.657,1029.12,44.2271,147.881,1027.64,21.0176,134.028,1039.91,46.3511,132.473,1017.6,17.4366,111.441,1043.72,50.5009,110.387,998.941,31.9217,106.752,1051.04,63.9834,94.503,1035.12,20.6584,84.1869,1042.24,37.8961,84.3304,1027.83,23.3384,49.2588,1026.89,46.7813,55.7546,1030.5,25.9024,11.1277,1058.46,39.6068,15.1334,1059.44,101.359,85.9996,1062.77,114.554,93.8496,1059.87,127.322,86.7033,1056.71,113.655,79.2136,0,0,0
001739:1016.56,42.4803,147.172,1018.06,39.7872,150.509,1019.6,44.2912,149.489,1025.07,31.7608,150.581,1031.98,43.8532,147.603,1030.14,20.951,133.633,1041.69,46.4417,132.523,1018.54,17.3106,111.296,1044.01,49.8545,110.781,1005.71,31.8385,105.702,1047.97,63.2972,95.4729,1037.33,20.5248,84.6415,1044.24,37.954,84.8773,1030.59,23.4327,49.2593,1033.6,47.3506,53.6535,1029.56,26.663,11.578,1051.19,40.1193,16.6247,1061.92,101.096,85.4928,1059.53,113.702,95.1758,1062.24,127.096,85.7931,1056.71,113.655,79.2136,0,0,0
001740:1014.32,41.3943,147.881,1014.3,39.0545,151.436,1017.18,43.6571,150.188,1025.23,31.3408,151.284,1027.65,44.669,148.889,1032.11,20.4585,133.123,1041.92,46.2927,131.9,1019.33,16.825,108.736,1047.85,49.5824,107.939,1010.63,32.8444,103.423,1030.7,65.2633,96.6957,1034.49,21.3112,85.2855,1039.63,38.9711,85.5439,1030.12,24.4531,50.6618,1033.5,47.2226,52.4785,1038.49,25.6179,10.2512,1054.01,40.8884,13.3178,1065.66,100.699,84.7795,1059.53,113.702,95.1758,1062.92,126.367,86.1512,1056.58,113.657,78.7207,0,0,0
001741:1012.04,41.531,148.426,1014.06,38.7365,151.768,1016.23,43.764,150.444,1023.27,31.2135,151.181,1030.96,44.2995,147.664,1028.53,20.9752,134.013,1040.71,46.3694,132.133,1018.51,16.7066,110.665,1041.26,49.7607,109.892,1012.08,31.6787,104.031,1048.18,63.4386,93.7133,1037.9,20.5169,84.2087,1045.09,37.8146,84.1096,1034.63,23.888,48.3433,1030.02,47.3293,54.095,1033.88,26.7327,10.6014,1056.4,40.5327,13.7003,1065.44,100.692,84.0812,1059.53,113.702,95.1758,1064.72,126.872,85.1804,1065.48,112.425,76.6048,0,0,0
001742:1014.72,41.1969,147.461,1015.48,38.618,151.184,1019.76,43.5973,149.459,1020.45,31.3689,151.832,1035.17,44.4665,146.898,1026.81,20.8593,134.309,1044.29,46.3276,131.66,1019.52,16.3821,110.398,1046.96,49.1646,109.007,1005.81,30.9339,104.888,1045.78,62.9027,94.4536,1034.9,20.8467,86.2268,1045.43,38.3962,85.4052,1032.08,22.7516,49.5116,1029.45,47.5145,55.2062,1036.6,25.5918,9.82422,1054.32,40.2081,15.5064,1065.44,100.692,84.0812,1063.79,113.272,94.0373,1064.72,126.872,85.1804,1066.35,112.671,75.9447,0,0,0
001743:1015.73,41.3711,147.321,1014.93,39.2309,150.965,1017.99,43.6652,149.534,1023.49,31.7475,151.305,1026.52,44.3969,148.454,1029.07,20.2467,133.459,1038.76,46.8578,132.414,1017.25,16.2776,109.815,1050.96,48.7253,107.148,1009.09,31.5352,103.194,1043.06,62.7103,92.7821,1035.83,20.7596,84.4522,1040.12,38.8941,85.1435,1023.73,23.5557,52.7879,1027.52,47.2313,56.36,1034.08,25.1779,11.9394,1055.17,40.0107,16.404,1065.44,100.692,84.0812,1060.63,112.547,93.7534,1064.72,126.872,85.1804,1066.35,112.671,75.9447,0,0,0
001744:1013.81,41.8185,147.826,1014.69,39.1383,151.505,1017.87,44.0544,150.071,1020.65,31.4459,151.724,1032.53,44.3857,147.51,1027.65,20.2685,133.614,1042.53,46.1978,131.577,1018.3,16.5431,110.705,1046.85,49.5585,108.74,1010.52,31.2142,103.812,1045.58,63.3054,91.4433,1033.82,20.3738,84.9987,1041.55,38.1418,84.9535,1034.1,22.6725,47.1296,1029.12,47.2669,53.805,1037.21,25.7378,9.33582,1056.25,39.9646,13.8667,1063.73,100.34,83.5182,1062.99,112.294,92.8891,1072.6,126.133,82.4714,1066.26,112.672,75.6139,0,0,0
001745:1012.25,41.4335,147.872,1013.83,38.7248,151.355,1016.24,43.4305,150.065,1021.29,31.1315,151.489,1030.74,43.5015,147.763,1026.22,20.2782,134.327,1035.97,46.5975,132.936,1020.56,16.5797,110.939,1042.9,50.4395,109.284,1017.39,30.3098,102.406,1048.6,63.9914,90.3171,1035.06,20.5071,84.2417,1040.89,38.4093,84.3791,1028.81,22.1891,49.0384,1026.62,47.1933,54.1048,1025.61,26.9205,13.5099,1056.58,39.8267,13.7793,1065.29,100.131,82.1612,1063.54,112.233,92.4931,1070.62,122.683,81.2791,1064.37,111.145,75.6507,0,0,0
001746:1011.37,40.6344,148.75,1013.18,38.1486,152.277,1015.45,43.0958,150.781,1021.16,31.3683,152.035,1029.6,44.1719,148.11,1027.84,20.6292,133.907,1040.15,46.6089,132.099,1019.28,15.9867,110.658,1044.52,49.7124,108.984,1013.43,30.8647,102.81,1032.93,65.0654,92.1398,1036.08,20.0445,85.9609,1042.7,37.8786,85.9241,1031.81,22.3132,48.9932,1027.1,47.1861,55.1467,1036.6,25.8001,9.29011,1058.98,40.5978,13.6963,1065.29,100.131,82.1612,1061.74,111.014,91.5162,1071.44,122.631,81.7266,1066.5,110.027,73.7625,0,0,0
001747:1012.5,40.3549,148.626,1013.34,37.8556,152.476,1015.84,42.9468,150.888,1021.4,31.1104,152.406,1029.28,44.273,148.441,1033.16,20.2487,132.879,1040.87,46.2809,131.63,1018.88,15.5311,110.929,1044.59,50.1323,108.563,1010.17,31.4159,103.214,1032.09,64.8798,92.3284,1038.91,20.2209,85.1843,1042.86,37.9602,85.6596,1039.3,22.8756,48.3389,1030.1,46.7936,55.1668,1033.53,25.9362,11.2338,1058.59,40.4075,13.8386,1065.29,100.131,82.1612,1060,111.204,92.263,1078.21,121.986,79.607,1069.06,111.131,72.62,0,0,0
001748:1010.33,40.3018,148.931,1011.03,37.5868,152.774,1015.25,42.9698,150.942,1019.74,30.6886,152.531,1032.47,44.6656,147.783,1030.59,20.3213,133.494,1041.26,46.4292,131.414,1019.14,15.3508,110.918,1045.6,49.4343,107.829,1015.61,30.5846,101.479,1031.99,65.4253,92.0807,1033.92,20.8022,85.3062,1039.59,38.6713,85.235,1034.75,23.0123,48.2482,1026.86,47.019,54.2258,1033.14,25.771,11.4472,1056.7,40.6355,12.932,1067.51,99.8553,80.7469,1063.4,110.821,90.4689,1068.47,121.694,81.8541,1070.3,110.142,72.175,0,0,0
001749:1015.69,40.9282,146.934,1015.83,38.3116,150.991,1018.95,43.5401,149.407,1020.49,31.0328,152.331,1030.36,44.8154,148.027,1030.03,19.9984,133.683,1037.96,46.152,132.246,1021.15,14.9941,110.459,1046.48,48.7708,107.834,1012.64,29.8311,103.067,1037.73,63.3792,90.819,1033.64,20.4222,86.8325,1038.41,38.1948,87.1645,1028.99,23.0541,50.0602,1027.78,46.7108,54.5471,1032.27,25.9591,11.4813,1058.84,39.9983,12.7565,1066.38,98.5736,79.8924,1065.15,110.641,89.5927,1067.85,121.69,79.6948,1061.96,108.385,72.8398,0,0,0
001750:1044.9,36.6864,142.842,1041.43,34.6904,147.384,1045.42,39.8065,145.865,1026.19,30.5313,151.336,1041.68,43.3194,146.457,1028.23,20.8505,133.82,1032.99,47.7568,133.196,1016.9,14.9431,112.718,1045.07,50.5828,107.425,1011.34,30.6369,102.381,1045.37,61.9223,90.1727,1038.46,20.548,84.352,1039.85,38.7954,85.4171,1038.87,21.5938,47.1738,1029.11,47.6154,54.1474,1024.74,26.5473,13.3981,1059.36,39.5115,12.3203,1066.64,98.6861,79.0046,1064.49,109.962,87.6938,1066.83,120.521,77.262,1066.03,107.264,71.2262,0,0,0
001751:1013.96,39.9458,147.754,1014.89,37.638,151.239,1017.87,42.6383,149.78,1025.66,30.4818,151.37,1026.8,44.4637,148.861,1029.9,20.3652,133.642,1037.4,46.8951,132.183,1018.34,14.321,110.692,1050.64,49.7753,105.212,1012.04,29.9601,101.46,1037.48,62.3126,90.8231,1037.17,21.2558,86.8126,1040.01,39.1727,87.471,1027.67,23.7124,51.4307,1033.29,47.3822,53.4764,1034.07,24.4921,11.0706,1049.88,41.4904,15.436,1063.23,97.9788,78.0671,1064.43,109.405,86.0397,1067.95,120.414,76.3753,1069.45,106.504,68.2205,0,0,0
001752:1015.28,41.6541,146.796,1016.03,39.04,150.578,1019.94,43.9857,148.844,1020.92,31.4831,151.874,1033.92,44.4375,146.954,1029.76,20.4401,134.216,1037.18,47.2851,132.375,1017.56,14.7085,112.447,1041.31,51.4677,107.544,1009.19,30.6544,102.196,1033.57,62.4224,92.0886,1037.89,21.4256,84.2459,1041.32,39.3703,84.8135,1035.6,22.3561,47.5465,1028.81,47.4106,54.1513,1026.16,26.3878,13.0127,1056.03,39.9262,14.0322,1059.38,96.9712,76.8599,1066.32,109.211,85.7783,1071.36,120.044,74.4353,1063.66,105.365,68.6608,0,0,0
001753:1011.26,40.8693,148.119,1012.03,38.299,151.682,1016.71,43.2757,149.762,1019.84,31.4439,151.703,1033.06,44.1931,146.834,1030,20.5033,134.001,1037.54,47.6626,132.014,1018.44,14.2287,112.129,1041.92,50.6949,107.71,1008.62,30.0346,103.234,1041.91,61.1502,91.4694,1040.78,20.917,83.6392,1044.68,39.4374,83.8964,1035.57,22.4414,48.0488,1029.78,47.3881,53.1152,1028.38,25.6799,12.8545,1057.04,41.4973,13.0631,1060.32,97.0226,76.003,1063.91,108.715,84.7791,1077.54,118.395,71.9068,1061.01,104.684,66.3694,0,0,0
001754:1019.37,41.2418,146.074,1020.75,38.731,149.703,1022.61,43.5008,148.395,1025.35,31.2452,151.174,1032.4,43.9968,147.49,1029.63,20.0028,134.177,1036.94,47.6153,132.617,1019.26,14.3206,111.859,1043.45,51.2041,107.495,1013.15,29.7567,101.94,1042.08,60.9049,89.8888,1037.87,20.9046,85.6721,1040.67,39.4807,86.3699,1026.49,22.0165,50.7448,1030.55,47.4823,54.156,1028.64,24.6618,12.0489,1053.7,40.3763,14.6992,1056.62,96.2061,75.743,1066.23,108.28,83.1266,1070.59,116.968,72.0374,1062.29,104.383,65.573,0,0,0
001755:1022.62,41.7117,145.214,1023.35,38.9776,149.057,1025.14,44.0269,147.783,1024.13,30.7576,151.319,1032.87,44.3509,147.241,1027.94,20.0977,134.605,1037.03,47.1766,132.432,1018,14.126,112.395,1044.14,51.1132,107.314,1011.9,29.2456,102.631,1045.55,60.4689,90.2557,1033.57,20.8754,86.7363,1039.86,39.3663,86.0971,1030.71,22.1316,49.4506,1026.96,46.9618,54.6462,1027.95,25.5193,12.1712,1055.25,40.2683,14.136,1056.88,96.1271,74.4942,1063.95,107.796,82.4511,1072.8,116.344,69.487,1061.28,103.209,63.3298,0,0,0
001756:1014.69,40.5994,147.17,1015.83,37.9682,150.891,1019.33,43.21,149.085,1021.24,30.8107,151.791,1032.64,44.3779,146.948,1026.62,20.1348,134.572,1037.21,47.499,132.252,1019,13.8178,112.258,1042.11,51.0646,107.897,1017.34,28.225,101.279,1038.82,59.5583,91.9128,1034.68,20.8263,86.2094,1039.63,39.1713,86.3914,1030.63,22.1013,49.4615,1027.21,47.3063,55.5523,1028.43,24.9386,11.5359,1053.58,40.5347,14.5396,1058.96,95.8508,72.6113,1057.54,106.844,80.8928,1071.19,116.088,67.5988,1059.11,103.027,61.7846,0,0,0
001757:1016,40.4987,146.565,1016.63,37.9221,150.592,1019.24,43.359,149.007,1021.83,30.9597,152.443,1029.72,45.0693,148.288,1029.65,19.963,134.265,1036.74,47.4568,132.484,1018.2,13.4115,112.903,1044.08,50.4464,107.238,1014.25,28.1297,101.564,1040.55,59.4233,90.7425,1036.07,21.4616,83.8522,1039.72,39.8384,84.3824,1029.04,22.6918,47.8245,1031.4,46.787,52.4515,1027.3,25.2508,10.8793,1059.83,39.7923,11.3578,1056.69,94.535,71.784,1055.33,105.022,81.1755,1063.43,115.592,67.2699,1055.83,102.016,62.5315,0,0,0
001758:1016.04,40.5522,147.288,1017.87,37.8057,150.856,1020.13,43.0822,149.436,1025.15,30.6142,151.294,1032.05,44.2948,147.686,1030.06,19.9165,134.045,1037.17,47.8191,132.357,1017.74,13.46,113.181,1044.1,51.165,107.247,1010.15,27.6748,102.884,1034.28,59.6078,91.0889,1036.5,20.967,85.3731,1039.3,39.6496,85.9872,1030.56,21.5038,49.0912,1027.88,47.0239,54.5511,1026.69,24.9454,12.8015,1055.32,40.458,13.6484,1054.14,94.0665,70.1345,1052.49,105.752,79.6523,1062.09,115.346,66.1941,1058.15,101.748,61.4862,0,0,0
001759:1013.5,40.5551,147.481,1014.38,38.1251,151.294,1017.26,43.1354,149.738,1020.91,31.4134,152.385,1028.57,44.3574,148.418,1031.56,19.6713,133.935,1034.83,47.4708,132.315,1021.09,12.3434,112.06,1044.52,50.7477,105.401,1009.36,27.5611,103.157,1033.89,60.0974,89.2871,1031.73,20.4074,86.3613,1032.65,38.7561,87.1318,1030.03,21.9171,49.7625,1029.81,45.8788,53.6403,1027.03,24.8788,13.938,1063.57,38.4972,10.8884,1052.02,93.6074,69.8927,1051.54,105.451,77.5875,1060.03,114.667,65.8162,1051.51,102.399,61.2453,0,0,0
001760:1011.97,40.194,147.953,1013.61,37.5744,151.51,1015.39,42.7813,150.099,1021.61,30.8119,151.798,1026.98,44.2107,148.298,1028.88,19.8196,134.444,1033.52,47.7901,132.732,1017.13,13.0875,112.564,1039.12,50.8716,107.029,1006.06,28.4089,102.966,1032.21,59.4907,90.0151,1034.69,20.4828,85.6215,1036.18,39.3068,86.3088,1033.5,21.9314,48.4088,1025.45,46.8728,54.2602,1029.14,25.2499,11.6045,1055.03,41.398,12.3764,1051.92,93.6044,69.5952,1053.03,105.259,75.9221,1061.32,114.466,63.5296,1057.56,101.668,57.1211,0,0,0
001761:1018.42,40.6055,146.727,1018.93,37.9606,150.543,1020.55,43.1406,149.299,1022.06,30.8049,152.393,1027.73,44.4591,148.996,1027.43,19.8437,134.943,1036.19,47.5234,132.599,1019.17,12.884,111.934,1044.91,50.7353,105.911,1004.58,28.257,103.528,1037.15,58.6292,89.1006,1034.42,21.3931,85.8087,1038.72,39.8116,85.9335,1026.02,22.8119,50.4434,1025.85,46.3838,54.5459,1027.59,25.0604,12.7103,1058.86,40.806,12.2685,1047.47,92.4929,67.9768,1044.63,105.232,76.0326,1060.8,113.922,60.0762,1048.38,98.8693,58.1623,0,0,0
001762:1014.32,39.7507,148.47,1015.4,36.9516,151.975,1016.55,42.2797,150.672,1023.28,30.4398,150.719,1025.75,43.8023,147.949,1029.06,19.4712,133.278,1035.09,47.8589,131.421,1020.19,12.3579,113.106,1044.92,51.923,106.339,1008.13,27.3218,103.191,1035.33,58.7242,89.678,1034.41,20.7611,83.6707,1037.27,40.009,84.1097,1030.57,21.7333,47.3602,1021.08,46.6663,55.2557,1034.24,26.0514,9.225,1054.45,41.334,14.9017,1041.34,91.0172,69.7497,1041.12,105.176,74.1647,1055.3,111.772,56.6368,1045.83,97.5538,56.2813,0,0,0
001763:1016.34,40.5974,147.776,1016.83,37.6295,151.563,1018.43,42.9314,150.255,1023.45,30.4593,151.694,1027.45,43.9899,148.721,1027.99,19.7805,134.857,1035.73,47.3057,132.504,1021.3,12.3644,113.747,1040.02,50.8163,107.885,1008,27.4459,102.666,1034.91,59.0151,87.9696,1035.19,20.7445,84.9189,1039.19,39.3316,85.1776,1028.6,22.7181,49.3683,1023.08,46.9246,56.2007,1032.14,25.5462,9.57663,1048.5,41.0077,16.4457,1048.05,92.2324,67.3575,1041.77,106.199,70.6144,1055.84,110.791,53.6607,1051.1,95.8991,53.6625,0,0,0
001764:1013.46,38.2762,148.147,1012.22,35.7581,152.213,1015.07,41.2606,150.549,1017.79,29.9016,152.795,1023.97,43.9307,148.941,1030.61,18.4804,133.637,1036.34,47.3101,131.241,1020.29,11.4558,113.265,1043.87,50.6464,106.344,1010.44,25.6074,103.064,1036.51,57.6276,87.5436,1032.7,20.9302,85.2026,1036.62,40.3343,85.2093,1027.4,23.7171,49.4449,1024.72,45.5159,53.7647,1034.94,24.5989,10.1569,1053.94,41.1068,12.4478,1043.17,89.7863,65.1153,1046.59,106.649,67.7588,1051.07,110.178,52.5965,1052.65,95.9194,48.5098,0,0,0
001765:1014.72,40.0427,147.407,1014.73,37.4214,151.157,1017.3,42.322,149.774,1021.65,30.7205,151.719,1028.49,43.3527,148.487,1027.15,19.0443,134.691,1036.18,47.7993,132.66,1021.07,11.9728,113.245,1045.35,51.894,106.239,1008.59,25.763,103.506,1034.74,57.4972,87.848,1033.53,20.5929,85.0601,1038.9,39.9816,85.1993,1027.75,23.0537,48.4516,1019.75,46.0802,56.6971,1034.24,25.7112,9.70377,1051.99,41.8445,16.746,1041.59,89.7364,63.6745,1031.97,103.578,69.193,1049.35,110.785,50.3342,1050.19,94.5832,47.2083,0,0,0
001766:1015.17,40.332,148.424,1013.92,37.6392,152.626,1018.49,42.6655,150.876,1018.87,31.0026,153.606,1029.87,44.0711,149.516,1028.79,19.3302,134.897,1035.87,47.6599,132.229,1024.55,11.6136,112.599,1047.69,50.3464,105.078,1014.59,25.2013,101.571,1034.16,56.2283,88.9592,1032.94,21.0257,86.215,1037.2,40.1259,85.8511,1030.58,23.061,48.7845,1025.04,45.5325,53.8394,1031.17,25.86,11.7081,1059.49,40.981,11.2443,1036.32,89.6278,63.6106,1030.8,103.264,66.5077,1042.36,108.727,50.1581,1044.22,94.2384,48.5531,0,0,0
001767:1015.6,40.2679,148.065,1015.43,37.4201,151.956,1017.9,42.6464,150.493,1020.55,30.4382,152.2,1026.42,43.8222,148.846,1028.04,19.3092,134.598,1034.24,47.4769,132.507,1021.46,11.4132,113.218,1042.64,50.9478,106.809,1009.53,26.062,103.091,1031.8,57.1879,87.9924,1035.27,21.3413,85.293,1038.74,40.2696,85.4902,1036.32,22.4368,46.7023,1022.39,46.0016,54.8456,1032.86,25.4137,9.51524,1058.84,40.1583,11.6475,1032.6,88.831,63.0532,1030.64,104.217,64.3184,1042.49,107.743,45.8897,1033.84,92.1142,48.66,0,0,0
001768:1026.39,41.5081,146.097,1024.93,38.6641,150.275,1027.33,43.8178,148.954,1024.03,30.9799,152.078,1030.76,44.4379,148.761,1029.91,19.1645,133.944,1038.76,47.5474,130.906,1020.66,10.9911,113.763,1045.57,50.1787,105.536,1008.01,24.3002,103.825,1033.96,56.2598,87.3185,1034.74,21.4391,85.8148,1040.49,40.5227,85.2949,1023.62,23.9192,50.7234,1027.17,45.5495,53.0768,1040.57,24.1337,9.2594,1050.11,41.5046,13.862,1032.86,87.9115,61.7322,1028.35,104.223,62.5428,1038.15,106.413,44.1196,1025.87,90.0992,48.8315,0,0,0
001769:1015.69,39.6805,147.866,1015.33,36.615,151.679,1018.51,42.3658,150.096,1020.3,29.6468,151.499,1027.95,44.2543,147.893,1027.64,19.106,134.165,1036.15,48.1253,131.451,1020.46,11.1725,114.205,1040.52,51.2668,106.738,1006.86,24.0394,104.401,1027.51,55.5966,89.2682,1034.35,20.9481,84.4905,1039.41,40.5643,84.2401,1026.89,22.2226,49.2978,1022.33,46.5498,55.3849,1029.5,25.3074,11.2084,1050.83,42.0034,15.052,1030.85,86.9066,60.4428,1032.78,103.344,59.1922,1034.1,104.72,42.417,1021.83,87.3247,48.3174,0,0,0
001770:1011.34,39.4931,148.439,1010.52,36.5689,152.446,1015.53,42.1481,150.438,1017.17,29.7535,152.288,1029.26,44.2075,147.647,1028.62,18.7514,133.736,1037.12,48.317,130.711,1019.99,11.562,113.666,1048.29,51.3618,103.891,1008.27,25.8923,102.791,1028.08,53.9432,88.6321,1033.07,21.1287,84.547,1037.57,41.0015,84.2016,1031.04,22.8375,47.5146,1024.98,45.6973,53.5402,1028.24,26.3924,10.8434,1057.43,41.1644,11.4601,1024.47,85.4457,61.1413,1024.61,100.515,60.4993,1018.35,101.157,44.2303,1018.57,86.1726,48.3317,996.829,76.4005,65.4905
001771:1026.65,37.8936,146.604,1024.58,35.2078,150.81,1026.87,40.9282,149.426,1021.4,29.7892,152.154,1029.06,43.9153,148.511,1026.66,19.219,134.864,1033.79,48.3874,132.197,1021.96,11.0813,113.687,1044.72,50.2881,105.14,1009.98,25.3811,103.027,1029.18,53.6017,89.3206,1033.17,21.1478,85.24,1037.28,40.8595,84.9495,1029.38,22.1058,48.0678,1022.4,46.3365,54.2319,1029.13,26.2859,10.7214,1054.13,40.6642,13.2455,1020.88,84.669,60.8376,1016.62,99.6857,60.9725,1016.65,99.5005,44.1591,1012.05,84.7396,48.0713,1045.14,69.27,61.3978
001772:1018.41,38.481,148.494,1017.72,35.4468,152.284,1020.37,41.2772,150.85,1020.67,29.0594,152.075,1027.85,43.7759,148.634,1028.33,19.0206,134.231,1033.9,48.3369,131.91,1020.72,11.5069,113.999,1041.24,51.1231,105.522,1005.4,25.7709,103.872,1026.26,53.4874,89.1067,1034.77,21.0811,84.0175,1037.12,40.9427,84.148,1033.54,22.0267,47.5413,1020.96,46.1955,55.4225,1032.58,25.3635,10.18,1048.57,41.3688,15.4965,1016.24,83.662,60.3814,1014.6,98.3245,58.4791,1016.26,98.6637,42.6251,1013.39,84.0578,46.9507,995.662,76.3848,61.4375
001773:1024.86,38.7231,146.783,1024.17,35.917,150.834,1025.81,41.7182,149.565,1024.03,29.8178,152.454,1028.32,44.5049,149.355,1028.75,18.5331,134.762,1033.38,47.9327,132.065,1024.42,9.88629,113.766,1040.91,49.4536,105.947,1009.72,24.2425,102.999,1028.73,52.8507,89.1931,1032.24,20.5567,85.928,1035.87,40.3019,85.7423,1029.62,23.3472,49.1658,1028.74,45.8681,53.1879,1033.99,25.4517,10.2098,1051.65,41.2423,12.9102,1007.23,80.5687,61.2622,1008.89,96.496,59.8695,1004.54,97.2983,44.6025,1009.94,82.7327,45.7861,995.662,76.3848,61.4375
001774:1023.15,38.8934,147.672,1023.65,36.0567,151.199,1024.9,41.8083,150.006,1025.89,29.949,151.02,1029.82,44.3043,148.144,1029.82,19.0748,133.882,1033.89,48.4738,131.811,1023.31,11.0756,113.787,1037.2,50.1252,106.395,1007.86,24.1883,104.566,1026.92,53.1938,87.2081,1031.49,20.4653,85.1234,1033.53,40.539,85.3814,1032.77,21.8414,47.5871,1021.91,46.8663,54.5461,1033.74,25.034,10.4507,1048.8,41.9764,14.9045,999.779,77.8157,62.3405,1008.33,94.0602,59.8968,1005.29,95.0182,43.5802,1005.2,81.2655,45.728,992.117,76.8322,61.7968
001775:1012.35,40.4174,149.098,1011.48,37.8648,152.869,1016.51,42.6488,150.897,1017.17,31.3356,152.597,1029.5,43.3877,148.037,1026.59,18.7732,134.9,1034.24,48.0031,132.366,1018.99,10.3846,115.175,1039.49,48.8122,106.312,1007.62,23.1051,104.644,1025.35,51.5561,88.6428,1031.9,19.6684,84.6303,1036.18,39.7968,84.767,1026.42,20.8301,49.2115,1023.58,47.0747,55.6316,1030.9,25.3027,10.5178,1048.98,42.2454,16.4378,1001.65,77.704,60.7402,1001.48,91.7487,58.2971,1000.7,91.3247,42.2997,1004.87,77.6275,46.0056,1001.56,77.9352,57.3172
001776:1019.73,36.9947,148.792,1019.32,34.3992,152.583,1020.5,40.3515,151.307,1021.23,29.2957,152.414,1026.3,44.0352,149.025,1026.46,18.7143,134.778,1038.52,48.5337,130.788,1018.17,10.2482,115.935,1047.66,49.6261,104.45,1003.03,23.116,104.806,1026.12,51.112,88.7544,1031.34,20.4214,85.8903,1038.98,40.5716,84.7513,1029.73,22.4395,48.7244,1022.63,46.2637,55.4596,1027.62,25.9556,10.8134,1056.11,40.9754,13.1088,999.676,75.9013,59.3679,1001.03,90.9086,56.7347,998.032,89.5608,40.673,1006.7,75.4752,43.3383,997.81,78.375,57.1061
001777:1013.59,38.5357,149.299,1014.16,35.7529,153.006,1016.17,41.6443,151.591,1020.89,29.726,152.318,1025.79,44.5804,149.067,1030.11,18.759,133.727,1037.16,48.0359,130.873,1024.46,10.272,113.455,1043.58,49.2755,105.324,1008.72,23.496,103.367,1026.24,50.6315,89.5733,1031.12,20.278,85.1129,1035.15,40.0853,84.8671,1030.61,22.3557,48.1725,1025.67,46.3019,53.8769,1030.85,25.5792,9.68924,1050.84,41.6231,13.0618,999.518,73.4041,58.9748,1002.56,87.7421,56.2811,988.086,87.1317,43.2897,995.217,72.7935,46.3841,994.19,78.8008,57.4693
001778:1012.84,39.1843,150.423,1011.84,36.3076,154.273,1017.83,41.9143,152.223,1016.02,29.9621,153.52,1031.36,44.0482,148.591,1030.35,18.5452,134.17,1035.46,48.239,131.701,1022.52,10.4543,113.941,1045.61,49.3792,104.758,1010.57,23.9222,102.398,1024.13,49.2712,90.5658,1033.89,20.138,84.3096,1035.37,40.375,84.4254,1032.84,21.3694,47.4166,1025.43,46.6546,52.9004,1031,25.9706,11.3667,1052.49,41.3811,12.3928,992.546,70.5254,61.0891,999.338,85.9578,56.5172,984.15,83.8485,45.1112,985.33,70.476,49.208,993.862,78.7977,56.3114
001779:1013.74,38.9713,149.659,1013.3,36.241,153.531,1017.09,41.8854,151.758,1018.18,30.2148,153.103,1028.41,44.4308,148.812,1032.68,18.7844,133.802,1030.1,47.956,132.657,1025.48,9.97288,113.065,1041.87,50.0385,104.595,1011.16,23.068,102.018,1023.34,49.5219,89.0045,1032.86,20.0325,84.7689,1029.28,39.7359,86.0731,1038.24,22.5032,46.7248,1023.26,46.8405,54.5633,1031.23,25.9111,10.9854,1051.14,41.0754,13.2683,998.468,67.3066,60.4276,994.429,81.4323,58.1131,989.14,80.2853,43.9978,995.526,67.1169,45.6365,990.926,75.597,57.1298
001780:1017.75,39.9384,150.43,1018.89,37.5178,153.846,1018.44,42.3801,153.335,1022.94,30.8949,154.218,1025.23,45.0062,152.531,1029.1,19.3468,136.925,1027.21,46.3601,134.898,1023.48,9.41516,117.152,1033.83,49.1365,107.897,1009.2,19.6985,105.703,1032.06,51.0302,89.4827,1033.37,19.9715,87.8795,1032.25,38.6134,86.9113,1026.78,21.7286,51.566,1029.27,44.8896,51.5272,1031.61,24.2962,14.8,1046.4,39.7676,15.6111,989.97,66.3577,62.3724,987.577,77.2593,58.6934,987.562,78.0089,46.2392,983.383,66.7989,51.7865,981.275,72.1061,59.2085
001781:1021.31,39.4109,150.288,1022.45,36.985,153.712,1022.03,41.8643,153.195,1026.51,30.3462,154.087,1028.67,44.4888,151.812,1029.26,19.3461,137.509,1030.59,47.0729,134.154,1023.48,9.41516,117.152,1041.01,50.5871,107.448,1012.57,19.1249,104.882,1025.56,49.5742,92.356,1033.37,19.9715,87.8795,1032.25,38.6134,86.9113,1030.08,22.3999,50.0139,1029.12,44.892,50.933,1028.12,23.6176,15.8453,1042.45,40.3112,15.4768,980.59,62.9229,65.5703,981.462,74.5193,61.0098,981.257,75.253,48.037,980.426,63.6366,52.6252,972.057,68.6615,62.4042
001782:1021.31,39.4109,150.288,1022.45,36.985,153.712,1021.84,41.859,152.621,1023.09,30.8942,154.796,1025.23,45.0062,152.531,1029.1,19.3468,136.925,1033.98,47.7888,133.406,1023.67,9.42109,117.728,1041.04,50.5946,107.446,1015.97,18.5486,104.059,1025.59,49.582,92.3542,1036.68,20.6366,86.4167,1035.88,39.324,86.6334,1030.08,22.3999,50.0139,1032.65,44.3626,49.9571,1028.3,23.6249,16.4398,1045.99,41.0331,14.4264,980.71,61.7164,65.5369,984.774,72.8571,59.4612,981.401,72.8377,47.3777,977.172,61.6871,52.925,979.27,66.5393,62.2394
001783:1017.97,38.7206,150.991,1019.29,36.3051,154.981,1022.03,41.8643,153.195,1026.51,30.3462,154.087,1025.23,45.0062,152.531,1029.26,19.3461,137.509,1033.98,47.7888,133.406,1027.09,8.82098,116.933,1041.04,50.5946,107.446,1015.81,18.5498,103.475,1025.55,48.3562,91.7425,1033.37,19.9715,87.8795,1035.88,39.324,86.6334,1026.62,21.7305,50.9703,1025.69,44.1737,51.8801,1031.66,23.0358,14.786,1042.45,40.3112,15.4768,983.97,58.8268,63.408,981.403,69.6947,58.5568,978.157,69.6629,47.0664,980.576,58.7941,51.3374,975.938,65.8014,62.5529
001784:1024.73,38.8819,149.566,1026.05,36.456,153.574,1022.18,41.8635,153.772,1026.51,30.3462,154.087,1028.83,44.4879,152.391,1029.26,19.3461,137.509,1034.14,47.7877,133.99,1027.09,8.82098,116.933,1037.5,51.1063,108.283,1015.81,18.5498,103.475,1022.14,47.6295,92.5885,1033.37,19.9715,87.8795,1035.88,39.324,86.6334,1030.12,21.149,50.0028,1029.23,43.6526,50.9056,1024.83,22.9493,17.479,1042.64,40.3182,16.0778,984.013,56.4001,62.7712,984.701,68.02,57.0059,981.583,66.7764,45.448,983.952,55.8777,49.7463,969.793,60.7273,63.641
002037:467.289,-221.742,0.689283
