007086:1144.02,71.6368,148.841,1141.41,68.2182,151.745,1148.07,71.9691,150.968,1141.41,63.0631,147.438,1155.04,68.7395,147.523,1156.78,56.1659,127.917,1170.49,69.9941,124.966,1134.61,80.5741,144.547,1256.82,61.737,101.938,1122.39,85.254,163.281,1203.68,60.8941,129.513,1145.58,51.4072,82.0544,1191.53,66.1753,76.0079,1138.08,39.0873,47.4026,1173.91,80.8277,37.1754,1139.54,11.7074,9.22395,1191.07,77.2449,6.60163,1180.74,55.8487,159.276,1171.09,45.3478,163.904,1176.74,47.6299,180.323,1188.48,60.444,173.757,0,0,0
007087:1156.81,69.9545,147.164,1152.14,66.9372,150.768,1161.39,70.4388,148.866,1145.03,63.548,148.12,1172.19,67.1569,143.711,1122.15,61.6075,135.973,1210.49,65.1588,116.392,1137.84,81.2305,144.755,1255.8,61.8519,101.946,1122.39,85.254,163.281,1203.68,60.8941,129.513,1129.37,54.8121,87.8554,1198.26,65.3687,74.6641,1140.69,40.6317,46.3928,1173.98,80.8302,37.4228,1139.54,11.7074,9.22395,1191.07,77.2449,6.60163,1180.74,55.8487,159.276,1171.71,45.2866,164.446,1176.33,46.8154,180.251,1174.41,59.0824,177.319,0,0,0
007088:1146.84,72.7514,147.576,1148.86,69.2778,149.921,1145.07,72.6081,150.796,1153.99,64.317,145.897,1137.35,68.1043,151.16,1137,65.4949,133.514,1212.41,67.2743,116.234,1142.89,82.3314,143.752,1257.11,62.1006,101.672,1124.27,85.6932,162.59,1203.68,60.8941,129.513,1139.45,54.2166,85.2933,1186.52,66.8213,78.0635,1139.3,40.8557,47.2752,1173.98,80.8302,37.4228,1139.54,11.7074,9.22395,1195.78,78.2698,4.48263,1181.41,55.795,159.818,1174.24,44.5332,167.931,1171.22,47.9179,183.822,1185.82,61.0226,173.123,0,0,0
007089:1144.32,71.9126,148.746,1149.47,69.7221,150.323,1136.81,71.194,152.763,1171.04,66.9086,142.015,1115.68,65.0282,154.095,1139.84,65.807,132.929,1214.98,67.7665,116.101,1145,82.7733,143.674,1259.72,62.5993,101.123,1124.27,85.6932,162.59,1203.63,60.8942,129.344,1160.36,53.7112,79.7496,1166.05,70.1097,83.6507,1139.3,40.8557,47.2752,1173.98,80.8302,37.4228,1139.54,11.7074,9.22395,1191.07,77.2449,6.60163,1181.41,55.795,159.818,1174.41,45.3472,167.098,1179.92,48.1531,181.457,1179.32,57.8518,175.945,0,0,0
007090:1154.97,72.8653,146.686,1155.66,70.0126,149.081,1149.89,72.2677,150.204,1160.14,66.3034,144.641,1134.91,66.5872,151.155,1140.96,66.3307,132.473,1210.9,68.6674,117.577,1145,82.7733,143.674,1271.87,64.8601,99.8102,1133.04,87.6816,160.424,1200.89,61.2272,129.751,1141.69,56.2291,85.384,1199.21,67.2619,75.2311,1143.78,41.7434,45.5203,1171.05,82.325,38.1867,1143.66,11.408,7.53192,1191.07,77.2449,6.60163,1183.91,55.5036,160.02,1162.93,43.1596,169.172,1176.44,47.4706,182.344,1181.06,59.086,175.718,0,0,0
007091:1161.32,72.7407,145.11,1156.71,70.5813,149.022,1161.5,71.8069,147.537,1142.12,68.8008,148.156,1159.39,65.0236,144.597,1139.91,66.6787,132.551,1210.9,68.6674,117.577,1145,82.7733,143.674,1277.08,65.8756,98.3037,1116.97,83.7047,170.036,1207.61,62.5246,128.974,1117.18,59.5073,92.2361,1203.94,66.6656,73.4715,1144.99,42.4218,46.7711,1171.05,82.325,38.1867,1143.71,11.4075,7.72004,1198.19,78.7834,3.61067,1184.38,55.4442,159.935,1169.55,43.9804,167.904,1174.7,47.1304,182.786,1184.22,58.97,175.09,0,0,0
007092:1182.27,71.0706,140.275,1173.74,69.2762,145.07,1181.37,70.5873,143.146,1147.88,68.8064,146.976,1175.99,65.0128,141.039,1145.34,67.7991,131.658,1222.04,70.902,115.279,1149.07,83.661,142.866,1275.15,66.1042,98.8574,1133.04,87.6816,160.424,1205.8,62.7462,129.336,1112.62,60.1035,93.1527,1209.85,65.901,70.8614,1147.06,43.3139,46.7566,1171.05,82.325,38.1867,1157.1,13.6583,5.33059,1191.07,77.2449,6.60163,1184.45,55.4442,160.215,1175.17,44.9929,168.054,1174.35,46.9006,183.136,1184.73,58.9129,175.148,0,0,0
007093:1150.74,73.459,148.444,1150.88,71.2301,151.252,1152.8,72.743,150.379,1156.17,69.6909,145.926,1159.7,66.387,145.181,1146.65,68.0792,131.25,1222.04,70.902,115.279,1151.11,84.1064,142.461,1268.67,66.0524,100.515,1138.89,89.0194,158.806,1204.93,63.9605,130.659,1119.62,61.7604,90.2915,1206.21,67.5243,71.6329,1152.11,44.213,46.9687,1171.05,82.325,38.1867,1148.35,15.6305,11.4977,1191.07,77.2449,6.60163,1187.01,54.8532,160.553,1176.08,43.1152,167.308,1180.94,46.6293,182.956,1182.63,57.7355,175.805,0,0,0
007094:1167.33,74.0197,144.717,1162.41,71.87,148.601,1168.38,73.332,147.047,1149.3,70.4004,146.783,1171.75,66.9722,142.376,1145.42,68.6723,131.364,1224.74,71.4015,115.525,1151.11,84.1064,142.461,1266.72,66.2784,100.923,1122.76,90.7546,160.649,1228.39,68.5975,126.345,1122.55,62.916,90.3306,1215.42,66.8482,70.08,1147.78,44.8611,49.5318,1177.79,84.7222,38.4426,1148.71,15.6376,12.7923,1191.07,77.2449,6.60163,1188.54,54.6775,160.718,1175.8,43.1824,167.944,1183.86,46.2633,183.043,1183.77,57.6241,176.34,0,0,0
007095:1140.21,73.4795,148.401,1138.99,71.7931,151.643,1148.1,73.2282,149.672,1145.57,71.7166,146.33,1174.89,69.1993,141.163,1142.19,69.959,131.98,1221.92,71.722,115.961,1154.18,84.7767,141.851,1268.04,66.5319,100.647,1123.65,90.9775,160.143,1228.34,68.5963,126.208,1118.91,63.3142,89.6677,1207.23,70.5275,70.7632,1147.88,44.86,49.9031,1176.16,84.9029,38.8655,1143.13,14.6126,15.6144,1191.07,77.2449,6.60163,1190.07,54.4999,160.953,1176.54,43.1264,168.763,1185.86,46.0187,183.287,1184.21,57.5649,176.19,0,0,0
007096:1145.64,77.1592,150.335,1146.99,74.8045,152.723,1153.74,76.6412,151.094,1153.86,72.4348,146.954,1173.31,70.6505,143.634,1149.62,71.5167,130.537,1219.19,72.0425,116.722,1157.35,85.4491,141.566,1276.05,70.6184,102.54,1123.65,90.9775,160.143,1228.44,68.5959,126.551,1115.38,63.7837,90.9609,1211.79,70.0354,70.701,1152.91,45.767,49.9944,1176.2,84.9022,39.0533,1143.13,14.6126,15.6144,1191.07,77.2449,6.60163,1190.11,54.4998,161.093,1178.17,42.8681,167.883,1183.95,45.678,183.174,1187.05,57.2139,175.917,0,0,0
007097:1158.96,75.0941,146.956,1156.65,73.8635,150.184,1160.9,74.4989,149.023,1153.22,74.2733,147.259,1166.53,68.4216,144.381,1139.12,72.858,134.227,1215.47,72.4672,117.344,1157.35,85.4491,141.566,1269.49,71.4015,104.947,1123.65,90.9775,160.143,1230.88,69.0436,126.787,1116.23,64.5323,93.3985,1219.99,71.8878,69.5862,1156.64,46.4538,49.8261,1176.2,84.9022,39.0533,1144.35,14.8165,15.4756,1191.07,77.2449,6.60163,1190.27,53.9103,161.434,1178.69,42.8074,168.008,1184.71,44.7398,183.849,1186.7,57.2757,176.346,0,0,0
007098:1153.42,75.4376,147.713,1152.05,74.558,150.526,1160.8,76.1402,148.383,1141.09,73.5345,149.212,1183.29,73.5318,139.946,1140.82,73.5232,133.438,1209.97,73.1029,118.476,1157.44,85.4487,141.893,1269.49,71.4015,104.947,1123.65,90.9775,160.143,1228.13,69.3694,127.513,1123.57,65.0795,91.4322,1223.14,71.9292,69.0441,1156.64,46.4538,49.8261,1180.59,86.8054,39.8624,1148.31,14.9807,14.5766,1191.07,77.2449,6.60163,1190.12,53.086,162.345,1182.04,42.0774,167.846,1184.73,44.4486,183.775,1194.21,56.3325,175.334,0,0,0
007099:1151.12,77.288,148.742,1151.46,75.1777,151.391,1159.71,78.1509,149.738,1152.39,73.0889,147.502,1181.87,76.3848,142.727,1140.82,73.5232,133.438,1216.22,74.9167,117.974,1157.44,85.4487,141.893,1269.55,71.4013,105.142,1123.65,90.9775,160.143,1228.13,69.3694,127.513,1134.82,65.9246,89.3831,1212.98,73.5332,72.1804,1168.75,48.7346,47.939,1181.59,87.5048,40.5425,1148.31,14.9807,14.5766,1191.07,77.2449,6.60163,1192.18,52.847,162.707,1183.92,41.8267,167.655,1185.27,42.3973,185.141,1180.15,55.5157,177.99,0,0,0
007100:1137.29,75.4004,151.062,1137.82,74.2249,153.786,1148.57,76.551,151.657,1156.84,74.5078,147.068,1184.67,76.7192,141.121,1140.93,73.5225,133.867,1208.11,73.3126,118.716,1157.44,85.4487,141.893,1272.18,71.9165,104.597,1123.65,90.9775,160.143,1230.48,69.8181,127.407,1147.25,65.9002,87.2401,1189.12,77.4028,76.5778,1171.19,49.1948,47.5206,1178.31,87.8609,41.3852,1152.45,15.1473,14.2939,1191.07,77.2449,6.60163,1191.47,52.0822,163.353,1188.83,40.9043,167.733,1184.49,42.2292,185.71,1185.73,54.8059,177.241,0,0,0
007101:1136.48,77.9202,151.144,1144.41,76.2432,152.349,1146.36,78.2326,151.992,1166.9,75.394,144.702,1174.16,76.6676,144.275,1131.21,75.3538,135.812,1202.11,74.4026,120.097,1155.47,85.6331,141.446,1274.88,72.433,104.246,1123.61,90.9777,159.984,1228.09,70.1498,129.294,1138.62,66.9491,88.6865,1209.27,75.1526,73.2008,1187.48,52.2139,46.0062,1178.31,87.8609,41.3852,1153.87,15.358,14.8296,1191.07,77.2449,6.60163,1191.96,52.0222,163.339,1188.83,40.9043,167.733,1184.35,41.9351,185.15,1185.98,54.8123,178.007,0,0,0
007102:1152.48,80.1395,148.303,1156.43,77.6541,150.24,1157.87,80.827,150.212,1170.28,74.7335,144.742,1165.91,77.1636,146.286,1135.39,76.2083,135.744,1212.06,76.3515,119.801,1155.47,85.6331,141.446,1277.86,72.9501,104.874,1123.57,90.9779,159.825,1226.63,70.3767,130.889,1139.89,66.795,88.4954,1195.68,77.4459,75.3298,1188.7,52.4489,45.6986,1178.36,87.8603,41.5731,1155.4,15.5678,15.7439,1191.07,77.2449,6.60163,1192.44,51.9621,163.324,1187.02,40.5677,168.056,1183.66,41.7686,185.996,1182.45,53.0011,180.147,0,0,0
007103:1180.05,79.1203,142.502,1175.86,77.3329,146.034,1182.11,79.6138,145.046,1154.1,76.1317,147.407,1178.9,76.0809,143.247,1136.14,76.3509,135.929,1213.46,76.6515,119.278,1151.03,86.1053,141.771,1277.86,72.9501,104.874,1123.48,90.9782,159.506,1224.86,70.5945,131.526,1126.3,68.5143,92.1316,1211.39,76.8426,71.6586,1188.7,52.4489,45.6986,1173.46,88.392,42.8306,1152.11,16.9789,18.9002,1191.07,77.2449,6.60163,1192.93,51.9021,163.31,1186.15,40.3997,168.357,1180.59,41.0359,186.73,1185.16,53.2295,179.681,0,0,0
007104:1187.26,77.9262,142.732,1182.36,76.7699,146.511,1190.43,78.3898,144.855,1167.66,78.0827,146.012,1184.56,73.9253,142.572,1141.07,76.2429,135.812,1219.5,77.209,119.874,1149.25,86.2931,141.848,1281.86,72.9882,106.747,1124.37,91.2015,158.999,1225.31,70.6,133.061,1135.57,68.9626,92.0664,1223.08,75.9811,70.5456,1188.7,52.4489,45.6986,1171.83,88.5685,43.2481,1152.25,16.9772,19.4652,1191.07,77.2449,6.60163,1196.83,51.42,163.125,1186.15,40.3997,168.357,1180.28,40.222,187.074,1185.16,53.2295,179.681,0,0,0
007105:1151.74,80.1166,149.863,1154.39,78.1727,152.571,1163.51,80.1094,150.59,1165.65,75.9923,147.627,1195.47,76.6073,141.881,1143.54,76.1861,135.761,1221.39,78.1741,119.661,1136.42,87.8189,146.612,1281.91,72.988,106.943,1128.18,92.0964,157.765,1225.54,70.6021,133.845,1137.57,69.3955,89.9441,1220.94,77.3827,70.3284,1188.7,52.4489,45.6986,1171.39,89.0028,43.3617,1151.21,16.6078,24.5638,1191.07,77.2449,6.60163,1194.17,50.8963,163.9,1185.29,40.2319,168.658,1179.08,40.0547,186.113,1190.17,52.2718,178.524,0,0,0
007106:1154.63,80.3794,149.198,1158.45,79.2521,151.864,1164.2,79.8584,150.364,1166.13,80.0627,147.02,1189.3,74.2982,142.392,1143.58,76.1872,135.891,1219.78,78.3797,120.937,1135.11,87.5973,145.683,1286.45,73.7685,108.092,1128.1,92.0968,157.445,1223.78,70.8194,134.478,1130.48,70.6752,92.2074,1225.47,76.8769,69.3414,1193.64,53.3922,44.6545,1169.62,89.2435,45.0204,1151.21,16.6078,24.5638,1193.51,77.7548,5.92663,1191.48,50.3741,164.531,1187.66,39.6957,169.927,1177.96,39.3663,187.027,1195.88,51.5491,177.984,0,0,0
007107:1203.06,77.7468,141.444,1195.51,76.5046,145.43,1203.25,78.6927,143.981,1161.09,76.9645,149.611,1187.82,78.4935,144.198,1142.43,76.4011,137.903,1212.04,79.0643,123.605,1133.56,87.3663,144.041,1281.56,72.9949,105.544,1121.91,92.7176,157.272,1225.18,71.377,134.529,1138.89,69.7238,92.2071,1217.06,77.8902,72.9667,1196.14,53.8655,44.2254,1170.11,89.2547,46.6532,1151.21,16.6078,24.5638,1198.67,78.7743,5.53089,1192.9,50.1915,164.349,1187.16,38.5734,169.719,1179.32,39.1762,186.798,1188.34,51.1083,180.086,0,0,0
007108:1164.28,85.2199,150.731,1166,82.6484,153.148,1172.33,85.6192,152.174,1165.29,78.1789,149.638,1185.99,80.8056,146.412,1146.48,77.5101,137.814,1218.63,80.4307,122.231,1133.56,87.3663,144.041,1280.54,72.7442,106.807,1122.71,92.9421,156.446,1228.37,72.0534,133.19,1143.37,69.806,88.4044,1212.46,78.3505,72.7012,1181.84,56.8845,48.3094,1170.11,89.2547,46.6532,1151.39,16.6057,25.3157,1197.09,78.9622,6.37732,1193.41,50.1316,164.405,1186.62,38.34,169.52,1180.3,39.0485,186.923,1187.01,51.292,180.462,0,0,0
007109:1140.72,79.6381,153.647,1150.23,77.9851,154.7,1147.66,80.2364,155.363,1180.08,77.8828,146.373,1166.85,79.451,149.882,1146.44,78.0043,138.882,1222.07,81.7027,122.061,1133.43,87.3641,143.621,1281.58,72.634,106.801,1119.87,93.2066,155.645,1226.69,72.2719,134.098,1149.73,69.0745,88.1009,1199.06,79.9099,77.145,1183.04,57.122,48.005,1170.11,89.2547,46.6532,1149.27,16.1911,26.8933,1196.05,78.7023,7.48181,1192.18,49.7243,165.069,1191.29,37.4016,168.835,1190.66,37.8705,184.667,1189.23,50.9871,179.788,0,0,0
007110:1137.78,77.3697,157.385,1146.45,76.6237,158.352,1144.48,77.512,158.962,1177.15,78.5724,149.352,1172.19,77.6749,151.093,1149.25,78.5826,138.77,1222.08,82.2124,123.536,1133.35,87.3619,143.362,1280.3,72.3744,107.269,1116.86,93.4699,154.242,1226.69,72.2719,134.098,1147.33,69.4013,89.4322,1191.49,80.7292,78.1942,1183.04,57.122,48.005,1170.11,89.2547,46.6532,1149.27,16.1911,26.8933,1193.84,78.1861,9.11189,1189.54,49.2048,165.838,1196.32,36.3909,167.644,1197.09,36.9622,183.581,1194.91,50.2603,179.182,0,0,0
007111:1138.74,78.0465,157.397,1144.59,77.3439,158.747,1143.29,78.3025,159.046,1172.33,79.0606,151.358,1172.34,76.5706,151.002,1146.68,79.3743,140.372,1219.92,82.0128,124.789,1135.61,88.0277,140.177,1280.59,72.3794,108.227,1116.2,93.4732,151.86,1220.7,73.0295,136.854,1147.71,69.4787,92.1131,1194.31,80.5307,80.5194,1161.81,59.7831,52.304,1170.73,89.1915,46.5924,1154.28,17.0131,26.7453,1192.61,77.9308,9.44721,1188.7,48.7378,166.136,1186.92,36.1223,167.18,1199.7,35.9754,182.477,1193.93,48.6771,180.306,0,0,0
007112:1158.89,77.9744,153.688,1160.39,77.9504,155.526,1159.5,77.9436,155.936,1176.63,82.8706,149.511,1165.82,75.4622,151.685,1146.68,79.3743,140.372,1220.68,83.6023,125.289,1132.33,87.1927,142.576,1278.17,71.8636,109.639,1110.95,91.951,158.057,1221.3,73.698,137.46,1151.39,71.7168,92.0759,1202.67,80.3769,78.579,1176.13,58.3947,49.7478,1170.73,89.1915,46.5924,1157.04,17.4307,27.5349,1192.61,77.9308,9.44721,1188.74,48.7378,166.276,1181.82,34.8383,169.194,1197.69,34.4559,181.933,1199.26,47.411,179.913,0,0,0
007113:1184.19,86.6446,150.987,1179.61,84.2249,154.309,1187.76,87.0277,152.823,1168.07,79.773,153.904,1197.19,81.3528,148.022,1145.2,79.5768,141.363,1220.96,83.6025,126.323,1137.53,88.4755,139.449,1273.29,72.0519,111.996,1111.43,92.5708,149.634,1220.29,73.8051,137.264,1148.92,72.4837,94.7053,1212.2,79.3961,78.3926,1164.89,59.827,52.582,1169.74,88.9306,47.6397,1158.34,19.2026,27.4488,1193.74,78.1878,8.72929,1187.92,48.2707,166.644,1181.82,34.8383,169.194,1192.28,32.8753,182.994,1194.51,47.1389,180.207,0,0,0
007114:1165.68,84.2223,153.775,1162.7,82.288,156.856,1174.23,84.9928,154.695,1157.3,80.2186,155.271,1206.1,81.5681,145.454,1145.2,79.5768,141.363,1226.74,84.8337,124.694,1139.45,88.9245,138.72,1273.43,72.0557,112.417,1111.91,92.472,148.449,1220.42,73.8087,137.672,1155.13,74.7846,93.4576,1220.98,79.2155,76.7033,1141.58,63.292,60.8602,1169.74,88.9306,47.6397,1157.72,20.1096,28.1426,1193.65,78.1896,8.34657,1187.28,46.9203,167.419,1186.42,34.2666,169.916,1187.38,33.3049,184.263,1201.17,46.2734,179.512,0,0,0
007115:1170.2,88.2838,154.44,1170.44,85.6457,156.987,1174.29,88.4226,156.287,1173.2,79.9623,153.65,1195.4,82.2259,149.023,1146.42,80.5975,142.64,1222.17,83.8675,125.856,1139.45,88.9245,138.72,1269.64,72.4982,113.629,1113.34,92.2865,147.483,1218.84,74.0279,138.809,1161.21,75.5944,92.2501,1213.29,80.4643,78.7131,1159.66,65.999,55.8427,1170.6,88.8637,48.513,1160.1,20.529,27.5043,1190.92,78.59,11.2713,1189.15,46.6734,167.157,1183.11,34.6436,168.669,1195.36,32.1157,181.886,1197.75,44.4058,180.61,0,0,0
007116:1161.22,85.9129,155.946,1164.45,84.3306,157.846,1163.67,85.5426,158.023,1180.31,82.6073,152.425,1177.85,78.9919,152.328,1144.82,80.7952,143.237,1231.26,86.4092,123.037,1139.32,88.9252,138.235,1268.67,72.6075,113.826,1114.88,92.1042,146.9,1218,73.8017,140.04,1161.81,76.3363,93.5769,1204.09,82.3094,82.1589,1150.56,64.0872,58.9357,1178.51,88.0301,47.1932,1158.77,20.7673,28.8696,1179.74,80.3746,17.2982,1195.77,45.8061,166.342,1180.95,34.0867,169.348,1198.44,31.6518,180.773,1199.97,44.089,179.862,0,0,0
007117:1165.48,86.703,153.282,1172.16,85.151,154.847,1169.05,86.252,155.534,1193.36,82.6504,150.415,1189.2,79.791,150.9,1141.54,81.1842,144.228,1231.52,86.7721,122.731,1138.14,88.7018,137.792,1267.69,72.7166,114.022,1120.99,91.3675,144.169,1216.31,74.0117,140.901,1162.5,76.3235,94.9706,1200.96,83.5212,85.0732,1150.56,64.0872,58.9357,1184.01,89.391,46.2981,1160.1,21.4297,30.6503,1165.35,82.0413,22.2075,1196.24,45.7437,166.259,1186.11,33.3045,167.104,1197.92,30.8263,180.566,1200.44,44.0262,179.783,0,0,0
007118:1166.83,87.3047,156.436,1169.88,85.4988,158.468,1170.16,87.0634,158.505,1177.57,82.3447,154.697,1186.11,80.6914,152.777,1136.64,81.7663,145.677,1226.93,87.2697,123.946,1138.14,88.7018,137.792,1262.46,73.7427,115.968,1125.52,90.8119,141.818,1215.43,73.7861,141.959,1156.56,77.0272,96.8193,1200.68,84.3135,84.6796,1152.35,63.8972,59.2702,1184.01,89.391,46.2981,1158.46,23.6839,32.217,1163.78,82.223,22.8321,1197.66,45.5569,166.078,1187.94,33.043,166.703,1196.92,30.3657,180.369,1199.28,44.1461,179.242,0,0,0
007119:1187.44,85.1573,154.166,1181.55,82.7447,157.803,1191.82,86.1107,155.996,1158.68,80.3364,158.872,1202.83,84.7414,150.311,1138.14,82.0557,146.053,1227.05,87.2749,124.305,1141.46,88.327,136.977,1258.72,74.1785,117.164,1127.3,89.9013,140.092,1215.75,73.7853,143.143,1148.49,78.3462,98.602,1201.59,84.5943,84.226,1154.68,64.3735,58.6898,1183.72,89.4653,47.4468,1164.42,24.7468,30.6346,1163.78,82.223,22.8321,1197.66,45.5569,166.078,1188.86,32.9118,166.537,1195.01,30.0392,180.399,1199.82,44.086,179.372,0,0,0
007120:1174.88,88.7571,155.441,1178.27,86.4821,157.671,1175.19,88.7962,158.235,1181.45,82.0912,154.724,1170.69,81.8059,156.152,1138.83,82.2008,146.029,1232.14,88.3269,123.579,1141.46,88.327,136.977,1253.16,74.4648,120.242,1127.3,89.9013,140.092,1216.03,73.7859,144.125,1157.91,77.2654,97.1422,1190.36,86.2034,86.5836,1156.39,64.626,60.2285,1183.72,89.4653,47.4468,1188.03,28.8493,26.815,1187.51,80.0927,10.7776,1198.59,45.4318,165.911,1188.79,32.9099,166.329,1192.14,28.3668,180.227,1205.42,42.7346,178.192,0,0,0
007121:1163.28,88.1034,156.165,1168.32,86.655,157.794,1166.48,87.6217,158.21,1191.51,85.7183,151.364,1189.92,80.7074,151.356,1138.23,82.2962,147.047,1225.67,89.016,125.167,1145.77,87.8603,136.379,1257.17,74.8799,121.087,1127.3,89.9013,140.092,1216.35,73.7853,145.309,1146.78,78.6196,100.906,1209.33,84.1986,83.7335,1156.39,64.626,60.2285,1183.72,89.4653,47.4468,1190.49,29.2883,26.1647,1163.83,82.2222,23.0194,1199.04,45.3685,165.757,1189.99,32.7109,165.449,1191.39,27.2466,179.18,1196.18,41.6259,179.694,0,0,0
007122:1188.4,85.3844,153.498,1186.46,84.5686,156.388,1191.35,85.2387,155.749,1178.61,87.7783,155.184,1192.61,79.6264,152.665,1155.51,86.1133,143.069,1228.73,89.435,128.66,1150.96,87.2966,135.604,1253.74,75.3164,123.209,1137.79,92.3725,136.214,1217.59,73.6797,146.32,1139.11,80.2434,101.979,1215.94,85.4381,82.0468,1166.1,66.5433,59.2031,1183.72,89.4653,47.4468,1209.68,32.6236,23.0864,1163.92,82.2204,23.3943,1199.04,45.3685,165.757,1188.76,31.9509,164.418,1190.64,26.422,178.207,1198.6,40.6414,177.951,0,0,0
007123:1176.88,87.2152,155.944,1178.59,86.355,158.451,1179.93,86.7905,158.412,1180.83,88.8892,156.105,1196.17,78.8587,153.14,1152.29,85.6231,144.88,1228.41,89.5422,125.564,1149.63,87.0733,134.671,1240.33,76.804,125.883,1138.71,92.5981,135.718,1218.13,73.6889,148.081,1134.37,80.7875,102.872,1227.93,84.9441,79.4021,1166.1,66.5433,59.2031,1183.72,89.4653,47.4468,1203.11,35.6346,26.7829,1166.28,82.728,22.7572,1199.98,45.2431,165.589,1188.62,31.9473,164,1194.51,25.4339,175.038,1195.86,40.4309,178.495,0,0,0
007124:1158.46,88.4539,160.005,1164.82,86.6749,161.916,1164.44,88.6992,161.974,1188.61,84.7412,156.56,1196.26,83.8147,154.423,1151.67,85.7202,145.847,1219.3,90.9858,130.158,1152.4,86.7947,134.805,1253.8,76.1512,124.563,1138.16,90.2759,134.965,1216.5,73.245,150.525,1144.13,79.6916,101.586,1205.19,87.4053,85.1964,1167.28,66.7849,58.9108,1183.95,89.4726,48.1717,1204.2,36.3232,27.4518,1166.28,82.728,22.7572,1204.51,44.6103,164.255,1186.08,32.27,163.651,1195.57,24.9299,173.672,1192.22,39.4657,178.973,0,0,0
007125:1185.96,89.5003,157.966,1188,88.5263,160.114,1186.14,89.3693,160.48,1191.18,89.3049,156.535,1183.08,81.9795,157.801,1150.18,85.9166,146.834,1230.3,90.6453,128.471,1151.54,86.8896,134.979,1251.06,76.4733,125.545,1132.85,89.1505,134.957,1216.5,73.245,150.525,1142.6,79.9136,103.03,1204.33,87.532,86.249,1167.28,66.7849,58.9108,1190.03,88.8285,46.8352,1194.75,37.7131,31.8125,1166.28,82.728,22.7572,1204.83,44.2454,163.603,1181.67,33.0795,161.881,1193.47,24.2374,171.312,1209.77,37.6845,176.925,0,0,0
007126:1174.36,92.5808,160.624,1177.26,90.6092,162.783,1179.82,91.9787,162.409,1193.15,87.7935,157.121,1200.22,81.8736,155.593,1150.26,85.9189,147.096,1239.17,92.5054,127.066,1151.54,86.8896,134.979,1249.24,76.6861,126.252,1132.76,89.1481,134.698,1216.5,73.245,150.525,1141.81,81.13,102.906,1210.5,87.6691,85.175,1167.28,66.7849,58.9108,1186.6,89.2229,48.3822,1189.82,38.3977,33.095,1170.36,83.4825,23.8664,1204.64,44.2453,162.896,1181.07,33.0777,159.714,1189.85,23.5259,170.404,1205.18,36.1764,176.081,0,0,0
007127:1168.74,88.6489,160.274,1171.73,87.4025,162.506,1173.22,88.7596,162.247,1181.41,88.4415,158.834,1199.05,83.3789,155.144,1149.63,85.7725,147.358,1244.42,93.5782,126.728,1151.54,86.8896,134.979,1249.3,76.686,126.444,1132.6,89.1434,134.178,1216.5,73.245,150.525,1134.79,82.6853,104.267,1218.67,89.6033,85.3056,1167.28,66.7849,58.9108,1186.63,89.2239,48.473,1194.89,39.3026,32.3894,1166.19,82.7298,22.3818,1204.27,44.2416,161.624,1180.89,33.0729,159.158,1188.3,23.0617,168.397,1206.73,35.907,174.773,0,0,0
007128:1171.43,80.3428,160.029,1173.71,80.9146,162.265,1173.58,80.5758,162.524,1182.73,91.4021,158.323,1187.28,80.4159,157.281,1149.66,85.7723,147.465,1247.5,94.1207,128.069,1148.86,87.1732,135.043,1249.35,76.6859,126.636,1131.64,89.2326,133.962,1216.68,73.2498,151.066,1131.73,83.0191,104.527,1224.6,88.9598,83.4346,1172.21,67.7527,58.4861,1185.51,89.3556,49.0475,1196.27,39.5284,32.6436,1166.19,82.7298,22.3818,1197.79,43.0431,162.646,1176.51,31.8896,158.72,1187.08,22.8973,167.513,1201.15,33.419,175.293,0,0,0
007129:1185.5,84.949,159.125,1185.96,84.6953,161.681,1187.07,85.2025,161.628,1188.19,90.9741,158.492,1186.2,82.632,158.735,1147.36,85.8161,148.166,1250.05,94.6598,127.57,1148.81,87.1735,134.88,1241.84,77.529,128.458,1119.76,86.8624,131.428,1214.56,72.8015,151.814,1141.1,83.4539,102.303,1213.12,90.9673,86.4876,1174.69,68.2387,58.2726,1189.13,90.1408,48.1344,1195.85,39.9831,32.7513,1169.64,83.4957,21.0459,1203.16,44.065,161.227,1176.33,31.8848,158.166,1183.81,22.1167,166.188,1205.69,32.6814,172.43,0,0,0
007130:1198.68,80.9123,156.229,1197.71,81.7067,159.141,1197.95,81.2302,159.234,1192.67,91.7292,158,1191.06,82.3871,158.222,1141.72,86.7304,150.74,1251.32,94.5727,128.355,1147.92,87.2683,134.891,1234.53,78.37,130.623,1115.16,85.8434,132.143,1212.87,73.0157,152.557,1143.09,84.3372,101.375,1212.67,90.6231,86.948,1176.02,68.481,58.5408,1183.99,90.7266,50.4021,1197.09,40.2111,32.4307,1177.89,85.2931,18.4104,1200.22,43.5491,161.093,1174.93,32.0117,156.595,1186.06,21.3186,162.547,1200.04,31.9904,172.97,0,0,0
007131:1228.41,85.757,153.899,1224.01,85.6332,157.958,1225.31,85.9069,157.994,1195.26,91.6693,158.883,1194.03,84.7347,159.66,1142.38,86.8777,150.61,1249.58,94.7691,129.285,1151.82,88.1706,133.408,1225.46,79.4109,133.269,1108.82,86.4833,131.279,1205.96,73.8632,154.977,1142.91,84.3657,101.585,1211.45,92.3264,87.5841,1178.41,68.9701,57.9516,1182.71,92.4793,52.695,1198.25,40.4367,31.8599,1177.89,85.2931,18.4104,1195.48,44.1076,160.102,1174.6,32.5966,155.557,1183.77,20.9958,161.272,1207.78,31.0797,169.242,0,0,0
007132:1179.84,77.1015,161.509,1182.71,77.9862,164.007,1180.64,78.332,164.49,1194.08,90.3424,160.081,1183.84,84.4864,161.615,1142.38,86.8777,150.61,1250.07,95.1397,129.779,1150.84,88.2657,133.094,1219.03,80.1289,134.67,1108.74,86.4809,131.023,1205.96,73.8632,154.977,1150.01,84.7124,100.463,1215.77,94.2628,87.6575,1178.41,68.9701,57.9516,1183.69,93.9754,53.9295,1199.66,40.2055,30.5457,1181.44,86.069,17.2459,1194.35,44.2292,159.641,1170.88,33.6322,154.424,1183.05,21.0596,160.52,1205.88,30.4494,169.426,0,0,0
007133:1205.79,84.2621,157.969,1203.93,83.7713,161.336,1205.26,85.2803,161.101,1195.65,89.0768,160.631,1182.86,86.5422,162.695,1145.11,87.4675,150.305,1250.18,95.1393,130.162,1149.04,88.4544,133.117,1218.42,80.588,134.789,1112.53,86.8633,128.854,1206.01,73.8631,155.144,1155.72,84.5627,102.04,1175.18,98.511,99.4034,1187.72,70.7028,59.0604,1179.6,94.4114,55.3462,1199.58,40.2028,30.2959,1187.43,87.3689,15.4208,1192.3,43.8846,159.203,1170.19,33.9874,153.75,1180.94,20.7402,159.807,1210.87,29.6304,166.312,0,0,0
007134:1230.7,86.9076,153.498,1222.48,85.5889,158.065,1231.75,88.0513,156.484,1188.81,88.2639,161.677,1195.79,87.9274,160.481,1145.19,87.4698,150.566,1252.84,95.6802,130.05,1148.32,88.8666,133.127,1218.5,80.5905,135.061,1116.48,87.0091,126.529,1206.01,73.8631,155.144,1155.72,84.5627,102.04,1176.94,99.0974,99.014,1171.75,72.7157,65.7052,1182.27,95.3209,55.8821,1199.53,40.2033,30.1038,1196.52,88.9064,20.5036,1194.99,44.3259,156.929,1171.69,34.3112,152.44,1180.3,20.7379,157.496,1207.22,30.0966,165.695,0,0,0
007135:1240.52,88.9098,152.533,1229.11,87.2616,157.663,1241.65,89.7112,155.576,1184.57,89.066,163.285,1203.76,87.5859,159.922,1144.29,87.809,151.155,1257.27,96.8598,130.257,1143.06,89.4225,133.649,1221.45,80.2897,135.066,1119.97,86.7759,124.175,1205.15,73.9685,155.445,1162.75,86.0707,100.865,1175.84,99.9834,99.6511,1188.46,70.7248,61.4779,1183.51,95.584,55.7744,1210.68,42.2751,26.7893,1194.85,89.0853,20.9508,1198.39,45.007,155.408,1177.68,35.4601,150.274,1179.98,20.7353,156.377,1204.54,28.6388,164.684,0,0,0
007136:1217.53,89.5213,158.35,1211.91,87.8803,162.157,1217.01,90.7214,161.267,1196.21,88.7476,161.967,1183.16,89.6142,163.857,1143.36,88.1464,151.614,1241.71,98.3575,132.591,1143.06,89.4225,133.649,1220.08,80.507,136.922,1119.71,86.45,119.36,1203.35,74.1768,155.778,1161.01,86.2633,101.253,1175.84,99.9834,99.6511,1182,71.5038,63.3162,1183.56,95.5833,55.962,1210.58,42.2762,26.4026,1193.17,89.2639,21.397,1200.05,45.0521,154.359,1183.81,35.3593,146.664,1179.73,21.5408,153.996,1205.39,28.7206,162.747,0,0,0
007137:1231.92,86.9551,155.269,1224.6,85.9201,159.544,1231.63,88.1575,158.29,1199.9,89.7772,161.431,1196.14,88.8741,161.682,1143.26,88.3901,151.909,1257.12,96.8491,129.911,1144.73,89.8763,131.935,1215.52,82.1892,137.843,1125.21,85.7831,117.194,1197.5,76.643,158.201,1159.28,86.4553,101.64,1178.24,100.511,99.3155,1184.45,71.9978,62.921,1183.56,95.5833,55.962,1210.58,42.2762,26.4026,1191.5,89.4421,21.8423,1199.52,45.0474,152.523,1189.34,35.9925,144.118,1178.9,21.895,152.903,1206.76,30.2383,160.936,0,0,0
007138:1244.42,90.4585,153.376,1232.83,88.7327,158.592,1243.07,91.6297,156.835,1191.58,90.1925,163.582,1199.77,90.2416,161.921,1144.6,88.6862,151.651,1258.84,97.1272,131.129,1155.35,92.1751,130.916,1232.13,85.9106,135.262,1125.18,85.7834,117.088,1203.14,78.0928,157.341,1159.85,86.7718,101.512,1169,101.466,102.031,1185.75,72.2445,63.0053,1183.56,95.5833,55.962,1220.12,43.8977,26.8155,1191.5,89.4421,21.8423,1200.4,45.2165,152.282,1192.67,36.6568,142.286,1176.7,22.1611,151.995,1202.2,31.6641,158.865,0,0,0
007139:1188.1,79.6593,161.115,1189,80.3235,163.797,1187.93,80.9472,163.943,1199.25,90.0442,160.458,1183.41,86.7543,162.523,1146.6,89.1312,151.263,1239.63,99.0018,134.69,1144.69,89.8766,131.773,1230.21,86.9365,136.506,1122.89,85.0965,115.804,1203.14,78.0928,157.341,1154.75,87.3474,102.932,1173.72,102.524,101.184,1183.34,71.7493,63.5885,1183.61,95.5826,56.1496,1215.58,43.2058,24.8929,1195.16,90.2312,20.8682,1208.73,46.7075,149.008,1202.19,38.5035,138.197,1185.81,23.9062,147.01,1203.58,31.4635,158.538,0,0,0
007140:1254.29,90.3312,151.627,1243.75,88.6825,156.52,1250.64,91.1976,155.422,1199.28,89.7495,161.704,1196.43,88.0667,162.015,1146.24,89.6145,151.332,1251.09,98.3528,134.757,1146.68,90.3295,131.192,1227.5,87.2352,137.319,1124.1,84.8983,113.979,1203.14,78.0928,157.341,1157.22,87.0019,100.642,1177.28,103.32,100.593,1181.94,71.9498,64.7241,1183.61,95.5826,56.1496,1223.15,44.6101,22.709,1190.14,90.7624,22.2053,1210.17,47.35,147.313,1200.96,39.448,136.039,1181.06,23.9173,145.631,1207.72,31.6093,154.271,0,0,0
007141:1243.2,89.4528,154.636,1234.98,88.5023,159.164,1243.3,90.0105,157.862,1197.28,92.3808,163.447,1201.01,87.1209,162.822,1146.91,89.7633,151.203,1244.48,99.0087,136.318,1148.25,90.1399,130.448,1230.7,89.3075,138.066,1124.94,84.3134,112.599,1222.97,82.529,153.171,1151.35,87.7285,103.786,1182.04,104.388,99.7386,1178.92,72.3422,66.2503,1187.2,96.3762,55.2625,1216.39,45.5094,24.6807,1190.14,90.7624,22.2053,1208.09,47.5968,147.105,1206.42,41.0014,132.939,1187.05,25.5576,141.433,1208.93,32.8338,151.805,0,0,0
007142:1229.99,93.3013,156.054,1224.55,91.9482,160.092,1226.08,93.4603,159.944,1200.8,94.3602,161.99,1182.7,87.8477,165.029,1148.89,90.2103,150.707,1247.08,100.023,138.296,1149.01,90.3641,129.356,1229.63,91.4065,138.855,1125.5,84.2127,111.553,1211.87,85.151,155.434,1146.84,88.2347,104.978,1182.04,104.388,99.7386,1178.92,72.3422,66.2503,1187.25,96.3755,55.4504,1209.71,46.405,26.6955,1190.14,90.7624,22.2053,1210.16,48.181,145.815,1206.21,41.5978,132.379,1193.49,27.3442,142.34,1216.57,33.4956,149.178,0,0,0
007143:1254.14,93.5018,151.997,1243.23,92.042,157.128,1250.52,93.6433,155.982,1196.58,93.494,163.219,1193.45,88.7899,163.673,1146.65,90.3806,149.341,1246.42,100.117,139.517,1140.13,88.236,128.957,1244.38,96.6203,136.07,1126.19,84.1154,110.897,1212.24,85.8101,155.367,1149.6,87.8178,101.68,1180.14,104.56,99.775,1175.68,72.7258,67.0337,1182.15,97.7053,57.9993,1211.05,46.6423,26.6201,1190.14,90.7624,22.2053,1204.37,50.3524,145.342,1207.42,43.7338,130.257,1185.98,28.2727,140.086,1203.16,35.3443,151.238,0,0,0
007144:1259.75,93.572,150.46,1243.17,92.5863,157.394,1256.12,93.7946,155.017,1188.91,94.697,165.056,1201.01,88.9964,162.269,1153.02,89.742,149.489,1246.58,100.116,140.088,1141.52,88.0401,127.69,1240.83,97.8337,138.655,1125.85,84.1105,109.714,1215.44,86.506,154.425,1148.07,88.4855,105.089,1181.17,105.283,101.084,1169.24,73.4886,68.5917,1178.91,98.0759,60.0755,1195.45,51.1276,31.9016,1190.14,90.7624,22.2053,1199.27,51.5586,145.121,1190.49,46.5275,132.286,1190.35,31.0267,135.359,1206.64,35.4144,149.615,0,0,0
007145:1196.28,82.8347,161.356,1196.84,83.6167,164.25,1194.13,83.7336,164.812,1200.2,95.2188,162.332,1180.07,88.3075,165.288,1150.51,90.0224,150.116,1243.87,101.584,141.188,1141.44,88.0407,127.366,1243.76,101.116,138.542,1129.26,84.3599,108.05,1216.54,86.7384,154.223,1153.87,89.748,104.188,1191.22,105.514,100.724,1171.6,73.9819,68.0214,1178.5,98.134,60.9692,1195.13,51.5778,32.3945,1193.79,91.5535,21.2332,1199.13,52.4507,144.924,1192.47,48.5976,131.148,1191.18,32.6052,133.479,1206.35,36.468,145.405,0,0,0
007146:1236.02,93.1746,156.496,1228,92.1589,160.974,1234.05,93.9077,160.052,1192.18,96.1865,165.135,1194.41,91.8059,164.554,1155.42,89.9549,149.633,1245.18,101.859,141.088,1142.4,88.2659,126.992,1248.82,102.212,137.58,1129.05,84.3604,107.278,1225.4,88.6088,152.595,1153.92,89.7475,104.371,1188.24,105.805,101.473,1176.12,74.972,66.0695,1178.55,98.1333,61.1559,1190.17,52.2221,33.6802,1193.84,91.5527,21.4235,1199.29,53.5784,144.147,1192.11,50.382,130.401,1186.65,33.1928,133.117,1204.5,37.8567,144.412,0,0,0
007147:1239.62,95.6722,155.421,1227.61,93.5622,160.673,1239.96,96.4232,158.699,1177.95,93.8127,167.52,1211.23,93.9793,161.542,1156.71,90.2547,149.156,1245.18,101.859,141.088,1142.36,88.2647,126.861,1260.94,105.437,135.277,1131.35,84.9498,105.403,1225.96,89.6053,152.527,1153.92,89.7475,104.371,1181.63,107.21,102.923,1178.5,75.4695,65.4932,1177.93,98.1933,61.2118,1195.7,54.3041,33.2641,1207.53,94.4793,18.5919,1206.94,56.9688,140.883,1198.13,52.8036,128.07,1186.65,34.6066,131.703,1210.19,38.7987,142.121,0,0,0
007148:1238.96,95.8087,155.924,1229.29,94.1977,160.77,1238.26,96.2783,159.336,1188.92,96.5997,166.12,1200.26,92.1867,163.812,1156.71,90.2547,149.156,1243.27,102.041,141.448,1142.32,88.2635,126.731,1244.19,108.248,140.523,1131.96,85.0972,105.04,1224.01,90.8932,153.92,1154.15,89.7485,105.183,1181.63,107.21,102.923,1178.5,75.4695,65.4932,1179.11,98.4583,60.9216,1195.7,54.3041,33.2641,1209.96,95.0178,17.7406,1208.98,57.8632,139.663,1192.15,53.8214,128.227,1192.83,38.3834,128.519,1205.45,41.4025,140.108,0,0,0
007149:1250.32,95.5158,154.962,1238.16,93.9329,160.31,1249.11,96.0561,158.563,1189.79,96.5724,167.116,1202.88,92.1896,164.598,1156.71,90.2547,149.156,1244.43,102.315,140.83,1158.87,88.8176,123.132,1253.06,110.204,138.85,1131.61,85.0924,103.853,1226.37,91.3659,154.02,1150.88,90.5063,106.472,1179.85,107.381,103.314,1175.3,75.8464,66.4656,1176.08,101.078,61.6665,1196.93,54.5422,32.945,1204.7,95.9912,20.2363,1209.22,58.6982,139.089,1188.28,54.3004,128.562,1197.17,39.5253,126.744,1216.56,43.7688,137.658,0,0,0
007150:1201.37,88.0838,162.368,1200.34,88.6509,165.552,1200.21,88.4441,165.695,1202.98,100.674,163.873,1186.61,89.7842,166.145,1156.71,90.2547,149.156,1246.96,102.864,140.353,1160.94,89.2733,122.699,1258.21,111.33,138.078,1134.4,85.193,102.461,1227.48,91.6028,153.817,1152.02,90.7601,106.221,1184.76,108.459,103.024,1171.92,76.2175,66.7572,1179.49,102.726,62.4841,1196.93,54.5422,32.945,1208.19,97.2458,20.2675,1214.56,61.2867,137.679,1193.66,57.0853,126.051,1190.12,43.919,125.629,1211.7,45.5384,136.942,0,0,0
007151:1239.5,97.4718,156.23,1230.3,96.1496,160.821,1239.05,97.4572,159.516,1185.21,99.2855,167.156,1199.51,91.3357,164.346,1156.71,90.2547,149.156,1195.67,107.714,149.333,1160.94,89.2733,122.699,1244.31,114.175,141.698,1135.08,85.0925,101.748,1228.65,91.84,153.782,1155.65,91.5214,106.194,1189.51,109.545,101.988,1173.1,76.4663,66.4706,1185.39,104.071,60.8472,1200.54,55.26,31.602,1210.75,97.79,19.8651,1213.06,63.7992,136.986,1196.63,61.0766,124.097,1199.18,47.3731,121.981,1213.72,47.0217,135.719,0,0,0
007152:1236.32,100.419,155.636,1227.58,99.0687,160.019,1233.74,99.7497,159.19,1182.72,101.156,166.35,1191.8,91.1326,164.667,1156.71,90.2547,149.156,1195.67,107.714,149.333,1160.94,89.2733,122.699,1233.3,115.185,145.202,1135.08,85.0925,101.748,1236.96,94.1789,152.622,1155.65,91.5214,106.194,1177.88,110.64,104.555,1173.1,76.4663,66.4706,1184.78,104.13,60.9943,1199.63,56.1636,31.6336,1206.91,99.0295,22.7284,1215.85,66.3945,135.463,1200.42,62.6405,122.275,1199.12,49.3998,120.639,1208.3,50.3475,135.126,0,0,0
007153:1215.91,102.228,159.182,1212.44,100.622,162.537,1211.84,101.481,162.765,1191.9,100.164,164.41,1175.72,91.8799,167.22,1156.71,90.2547,149.156,1185.55,110.586,151.741,1163.84,89.6346,121.95,1234.89,115.831,145.103,1135.08,85.0925,101.748,1241.06,97.686,152.458,1155.6,91.5219,106.011,1180.22,111.183,104.043,1174.29,76.7155,66.1836,1181.81,104.425,61.8184,1197.49,56.8262,31.9857,1202.7,100.697,26.0208,1215.79,69.9474,134.877,1211.94,65.9845,120.214,1194.96,51.6791,120.668,1218.75,54.0393,132.544,0,0,0
007154:1243.02,100.538,155.856,1228.6,99.3802,161.901,1239.4,99.9594,159.963,1185.41,99.7452,166.878,1192.93,91.3122,164.995,1161.85,91.3055,149.637,1178.6,111.252,153.632,1164.75,89.8584,121.367,1236.24,116.112,145.248,1135.08,85.0925,101.748,1248.37,99.8266,151.565,1175.11,95.5724,106.659,1180.22,111.183,104.043,1175.48,76.965,65.8962,1181.89,105.203,62.1867,1197.49,56.8262,31.9857,1196.15,101.369,28.4854,1214.46,71.8606,134.536,1218.51,69.3385,118.034,1212.29,56.2026,114.594,1223.16,56.6879,129.328,0,0,0
007155:1247.25,100.622,154.126,1236.39,98.9928,158.852,1241.5,99.9527,157.995,1187.17,99.8318,165.44,1182.53,91.6536,165.908,1144.26,87.4504,152.341,1178.65,111.252,153.815,1165.84,90.0872,121.313,1251.46,119.525,143.004,1135.08,85.0925,101.748,1260.6,102.971,150.823,1186.77,94.4399,106.176,1181.86,112.168,103.295,1175.48,76.965,65.8962,1189.08,106.053,60.4364,1198.67,57.067,31.4742,1197.15,102.073,29.2389,1213.64,73.4168,134.095,1213.68,73.7018,117.208,1221.14,58.924,110.928,1220.29,58.7977,128.91,0,0,0
007156:1250.76,100.947,155.06,1234.13,99.6836,161.292,1246,100.491,159.225,1177.46,99.2647,168.005,1197.31,93.1028,164.127,1144.26,87.4504,152.341,1180.47,112.227,153.857,1165.84,90.0872,121.313,1260.42,121.542,141.534,1135.08,85.0925,101.748,1234.99,105.407,156.048,1188.39,94.2485,105.248,1184.12,112.715,102.41,1175.38,76.9661,65.5225,1182.62,106.961,59.3904,1202.24,57.7917,29.9353,1195.46,102.239,29.6783,1211.34,75.4367,133.948,1217.58,77.1758,118.297,1223.82,60.686,110.215,1228.53,60.7472,126.362,0,0,0
007157:1254.85,101.521,152.814,1236.83,99.9596,159.566,1249.23,101.159,157.258,1179.6,99.1965,167.819,1192.31,93.8667,164.86,1144.26,87.4504,152.341,1180.52,112.227,154.039,1165.84,90.0872,121.313,1253.74,125.678,143.926,1135.66,85.2407,101.275,1232.25,108.204,159.029,1193.32,95.338,104.037,1184.12,112.715,102.41,1180.04,77.9688,63.9931,1178.63,108.136,61.23,1204.77,58.2746,29.4819,1194.42,103.55,31.3043,1221.49,79.5901,130.746,1217.67,79.7827,116.166,1232.05,65.0895,108.338,1227.95,63.8408,127.241,0,0,0
007158:1254.26,100.598,152.889,1241.88,99.6022,158.121,1246.23,99.3197,157.532,1180.76,100.921,167.292,1199.86,94.8471,164.172,1144.26,87.4504,152.341,1180.52,112.227,154.039,1165.8,90.086,121.181,1253.77,126.866,144.322,1135.66,85.2407,101.275,1233.23,109.876,159.276,1195.46,95.8075,103.574,1185.3,112.989,102.151,1180.04,77.9688,63.9931,1184.57,109.499,59.7781,1201.42,58.6938,30.3523,1199.97,104.63,32.6987,1238.51,84.315,127.997,1210.89,82.937,118.849,1231.56,67.2782,109.358,1232.17,67.2008,125.338,0,0,0
007159:1259.43,103.048,152.601,1245.87,101.343,157.76,1251.12,102.283,156.941,1187.01,102.104,166.209,1181.03,93.308,166.847,1154.52,89.7009,150.738,1176.98,112.556,154.706,1165.75,90.0848,121.048,1254.69,129.163,144.555,1136.96,85.5359,100.867,1238.68,112.554,158.691,1193.73,95.9955,104.237,1185.26,112.988,102.016,1180.04,77.9688,63.9931,1185.71,109.773,59.2993,1196.99,60.0032,30.6938,1198.8,105.947,33.8181,1239.02,86.0912,128.82,1222.12,85.5833,116.843,1212.8,69.2205,114.259,1225.93,70.317,126.28,0,0,0
007160:1190.67,106.217,166.016,1189.5,103.97,168.983,1187.6,104.01,169.394,1183.63,100.78,166.606,1194.39,92.9254,165.05,1158.27,89.6737,150.153,1174.34,112.803,155.204,1166.8,90.3143,120.83,1255.72,132.65,145.569,1140.25,86.2759,99.895,1222.78,116.17,164.488,1193.82,95.998,104.508,1179.74,113.481,102.793,1180.04,77.9688,63.9931,1192.79,111.424,57.1643,1200.27,62.3235,28.4805,1198.8,105.947,33.8181,1230.27,90.0086,130.998,1225.08,89.752,116.849,1217.43,73.4288,112.622,1233.23,72.7469,124.067,0,0,0
007161:1227.32,102.89,159.108,1219.15,101.555,163.199,1221.32,101.026,162.829,1174.33,101.916,168.473,1200.18,93.9463,164.041,1158.27,89.6737,150.153,1170.74,113.128,155.6,1166.8,90.3143,120.83,1237.96,134.422,149.691,1143.58,87.0186,99.0276,1215.55,116.829,166.345,1193.82,95.998,104.508,1184.45,114.578,101.761,1181.24,78.2201,63.7031,1200.04,113.088,55.3887,1198.6,62.5288,28.9165,1200.02,106.222,33.5033,1224.46,94.1889,132.676,1232.57,94.0874,116.544,1216.56,78.2604,111.676,1221.93,76.1521,127.239,0,0,0
007162:1187.34,108.377,168.892,1186.83,104.41,171.25,1189.98,108.094,171.191,1189.18,96.9258,166.8,1191.52,100.799,167.534,1158.27,89.6737,150.153,1184.65,116.386,152.982,1166.09,90.7335,120.945,1230.41,137.344,151.918,1144.92,87.3164,98.7228,1212.86,117.402,166.534,1195.71,95.815,104.387,1184.45,114.578,101.761,1182.43,78.4717,63.4127,1198.35,113.242,55.8017,1193.24,64.7271,29.1681,1190.56,107.899,35.4104,1229.6,95.4961,133.555,1233.67,97.876,117.23,1214.16,81.8926,115.878,1244.2,82.7487,125.406,0,0,0
007163:1181.04,107.639,169.433,1181.72,104.56,171.479,1180.94,106.068,172.011,1190.01,99.5478,165.498,1207.82,99.2531,163.95,1161.7,90.4318,149.491,1196.43,119.142,150.767,1166.09,90.7335,120.945,1230.97,138.076,151.816,1144.92,87.3164,98.7228,1196.98,119.184,170.486,1197.86,96.2856,103.923,1181.59,114.819,101.814,1182.36,78.4693,63.1657,1198.35,113.242,55.8017,1191.3,67.6481,27.5803,1194.78,109.437,33.7143,1229.43,98.7626,133.131,1235.99,100.359,117.822,1223.7,85.0007,113.3,1232.26,83.1747,129.282,0,0,0
007164:1173.79,106.425,169.743,1173.71,102.227,171.681,1179.88,107.185,171.58,1183.06,96.121,165.688,1200.15,107.948,165.812,1164.04,90.9387,149.23,1201.18,120.255,149.873,1165.05,90.5039,121.164,1216.23,139.557,154.529,1144.92,87.3164,98.7228,1220.24,120.675,168.349,1197.86,96.2856,103.923,1181.59,114.819,101.814,1182.36,78.4693,63.1657,1198.35,113.242,55.8017,1191.3,67.6481,27.5803,1201.88,111.104,31.0645,1217.99,101.137,137.196,1229.97,102.154,119.588,1230.46,87.8474,111.439,1238.44,87.2931,127.616,0,0,0
007165:1179.06,108.347,168.718,1182.4,104.873,170.361,1181.96,108.656,170.877,1191.65,98.6104,164.695,1184.18,105.119,167.684,1164.1,90.9385,149.412,1202.37,120.534,149.648,1165.45,90.5009,122.646,1204.44,140.454,157.467,1144.92,87.3164,98.7228,1224.05,122.104,168.388,1197.86,96.2856,103.923,1179.79,114.983,102.208,1180.72,78.6557,63.5625,1201.41,116.004,56.85,1189.34,69.4313,27.2191,1202.27,113.407,30.3549,1216.62,105.428,138.534,1227.24,103.653,121.748,1226.51,90.988,113.784,1232.12,90.9535,129.103,0,0,0
007166:1167.07,108.163,171.333,1165.59,105.257,173.89,1179.22,109.052,171.913,1160.09,100.91,171.296,1231.95,107.16,159.818,1164.15,90.9383,149.594,1200.55,120.692,149.992,1167.72,90.9591,122.87,1211.66,142.217,156.341,1146.27,87.6147,98.4176,1244.26,128.509,166.045,1197.86,96.2856,103.923,1179.79,114.983,102.208,1183.02,79.161,62.606,1202.85,116.338,56.498,1187.69,69.6285,27.6549,1216.8,116.803,25.557,1220.44,107.455,138.936,1229.09,108.858,122.392,1218.82,93.6303,116.706,1236.28,94.4951,131.042,0,0,0
007167:1187.4,108.904,166.346,1185.46,105.897,168.988,1188.01,109.773,169.156,1178.93,100.404,165.998,1186.57,109.341,166.783,1164.15,90.9383,149.594,1198.99,120.857,151.144,1170.85,91.6504,122.216,1211.32,143.009,156.597,1150.33,88.5124,97.4989,1241.47,136.876,170.367,1196.04,96.4709,104.316,1190.9,117.448,101.914,1187.72,80.1745,61.0613,1203.99,117.158,55.9818,1184.39,70.0219,28.5238,1219.24,117.375,24.7172,1214.92,110.648,141.21,1220.45,111.191,125.97,1206.88,97.2732,121.289,1222.68,97.0552,133.276,0,0,0
007168:1183.6,108.3,168.457,1185.07,104.839,170.467,1191.22,109.519,170.026,1187.54,99.1173,165.334,1211.84,110.341,163.42,1166.45,91.4468,149.15,1201.56,121.418,151.337,1170.94,91.6498,122.547,1211.66,143.37,156.781,1153.76,89.2636,96.8384,1251.81,139.286,169.452,1196.56,96.8775,104.204,1185.57,116.362,100.495,1181.03,82.0345,61.0315,1199.08,117.612,57.7222,1187.88,70.7688,26.9944,1223.2,119.4,23.4807,1217.3,112.262,143.529,1223.34,113.927,127.144,1219.36,99.3517,121.98,1219.62,99.1983,136.358,0,0,0
007169:1195.67,109.041,165.888,1196.83,105.151,168.076,1197.36,110.345,168.608,1193.89,98.7771,164.065,1194.8,110.627,166.28,1167.86,91.7086,149.721,1206.4,122.54,150.628,1171.03,91.6492,122.877,1195.57,145.713,161.643,1157.94,90.1685,96.2384,1251.4,140.042,170.257,1196.56,96.8775,104.204,1190.9,117.448,101.914,1181.03,82.0345,61.0315,1206.11,119.293,55.2889,1190.12,71.27,25.5903,1222.1,120.27,23.4186,1221.9,116.005,144.391,1222.19,116.206,131.904,1228.33,104.816,124.493,1227.09,101.789,137.191,0,0,0
007170:1183.22,108.525,167.915,1181.42,105.54,170.447,1193.63,109.772,168.644,1171.07,101.603,168.252,1243.2,108.935,156.208,1167.86,91.7086,149.721,1206.4,122.54,150.628,1173.13,92.1115,122.44,1198.19,146.663,161.168,1159.31,90.4714,95.9287,1242.47,141.422,172.951,1196.36,97.3829,104.855,1197.28,118.938,100.522,1178.69,87.3383,62.1387,1207.66,120.772,54.4319,1193.69,72.0215,24.2398,1215.83,121.586,24.7797,1233.89,120.379,146.23,1225.55,119.055,138.168,1229.3,110.928,133.175,1213.69,108.502,144.157,0,0,0
007171:1187.19,109.846,167.933,1185.53,106.469,170.372,1191.24,110.87,169.922,1187.78,101.329,165.529,1217.83,110.225,162.153,1173.98,93.3368,148.736,1205.48,122.618,150.799,1176.15,92.8081,121.287,1205.1,149.592,159.721,1166.86,93.2815,94.4004,1228.33,143.109,174.639,1196.36,97.3829,104.855,1197.28,118.938,100.522,1173.43,86.1505,64.291,1206.33,120.432,55.236,1191.41,72.661,24.1658,1217.07,121.874,24.456,1239.34,123.526,147.709,1229.43,122.075,141.093,1214.6,112.083,139.452,1224.41,114.443,148.234,0,0,0
007172:1184.86,110.881,166.838,1180.35,107.295,169.869,1190.59,111.533,168.362,1173.39,102.706,167.579,1221.16,109.677,160.223,1176.31,93.8514,148.29,1205.48,122.618,150.799,1178.22,93.2736,120.681,1205.1,149.592,159.721,1165.71,93.6181,94.3745,1211.11,144.388,179.157,1194.85,97.5756,106.194,1195.96,119.511,100.811,1178.64,87.3389,61.9518,1211.6,122.762,53.8289,1194.84,72.2772,23.5936,1223.2,122.163,23.4105,1243.65,125.915,149.884,1227.27,122.034,144.225,1226.84,115.275,143.171,1228.72,117.142,152.559,0,0,0
007173:1190.68,110.34,166.295,1186.21,106.949,169.242,1198.36,111.631,167.547,1176.37,102.185,167.364,1226.37,111.573,159.735,1176.31,93.8514,148.29,1202.18,122.939,152.566,1178.22,93.2736,120.681,1200.07,150.335,161.354,1164.84,93.7108,94.573,1211.39,148.833,179.781,1193.25,97.2629,105.836,1190.01,120.479,101.823,1183.36,88.372,60.5995,1215.25,123.616,52.9372,1195.82,72.5245,22.3847,1211.5,123.901,25.3627,1251.69,130.156,153.541,1233.92,124.545,147.598,1236.96,119.316,148.842,1245.5,123.522,154.272,0,0,0
007174:1183.09,113.455,168.423,1182.44,109.923,170.722,1189.19,113.872,170.011,1182.02,103.335,166.671,1224.91,110.535,160.461,1180.84,94.8855,146.842,1204.94,123.862,152.389,1174.69,93.6452,121.419,1203.79,151.591,160.393,1164.84,93.7108,94.573,1198.36,151.772,176.995,1193.12,97.2592,105.43,1198.44,122.483,99.7457,1185.71,88.8911,59.8264,1215.25,123.616,52.9372,1181.39,74.282,27.8332,1216.69,126.221,24.0065,1258.67,134.251,158.599,1240.55,127.426,152.63,1255.11,122.729,152.249,1260.37,126.98,158.611,0,0,0
007175:1198.46,113.112,165.292,1199.7,110.013,167.894,1193.73,112.783,168.709,1203.62,105.245,162.391,1168.85,107.817,169.034,1182.01,95.1447,146.616,1205.28,123.731,149.32,1173.76,93.7367,121.469,1204.97,151.891,160.178,1165.53,93.8642,94.4169,1246.69,166.309,175.501,1193.12,97.2592,105.43,1198.4,122.482,99.6094,1185.71,88.8911,59.8264,1215.98,123.787,52.7584,1174.3,74.5723,26.2276,1219.11,126.798,23.2299,1263.36,139.117,163.841,1246.7,131.221,156.713,1255.58,124.308,156.622,1271.09,131.055,161.727,0,0,0
007176:1189.44,114.165,166.34,1196.26,111.674,168.298,1182.92,112.99,170.254,1215.33,107.814,160.472,1158.58,105.787,171.064,1184.1,95.6572,145.364,1211.24,124.397,148.373,1173.76,93.7367,121.469,1204.4,151.876,158.412,1170.43,94.9413,93.5405,1245.98,167.377,175.036,1185.5,99.4081,101.37,1198.4,122.482,99.6094,1185.71,88.8911,59.8264,1223.99,125.682,50.4409,1175.3,74.5735,28.7367,1218.12,127.667,23.49,1256.65,143.621,171.73,1245.24,134.141,162.897,1263.46,129.572,163.673,1272.24,137.184,170.172,1180.5,205.195,239.426
007177:1199.03,113.911,164.094,1205.64,111.73,166.081,1190.15,113.107,168.436,1219.65,109.03,158.929,1157.65,106.691,170.291,1188.68,96.7,143.951,1203.11,125.061,149.997,1173.76,93.7367,121.469,1207.67,152.775,156.801,1165.98,96.287,93.9495,1240.04,169.447,176.334,1198.17,98.3609,104.575,1199.82,122.817,99.298,1174.84,90.1253,64.1368,1220.25,126.456,51.3547,1170.49,75.1623,30.5901,1218.17,127.666,23.6818,1257.21,148.108,175.728,1253.85,136.946,169.169,1262.45,135.316,175.129,1254.51,143.426,181.703,1175.83,205.335,238.77
007178:1195.71,115.035,164.648,1203.7,112.926,166.406,1187.34,113.872,169.007,1222.88,110.457,158.148,1156.35,106.555,170.471,1192.18,97.4866,143.08,1210.52,124.435,147.867,1173.76,93.7367,121.469,1214.79,154.157,152.975,1167.36,96.5963,93.6368,1222.97,171.719,177.538,1180.17,100.316,98.9469,1199.82,122.817,99.298,1177.18,89.901,64.2417,1221.08,126.627,51.5148,1179.13,74.1045,27.2599,1218.31,127.663,24.2569,1261.7,155.045,180.8,1258.52,142.437,176.893,1262.54,142.372,184.57,1259.59,151.85,189.985,1183.17,206.293,235.161
007179:1204.91,116.973,163.228,1206.59,113.233,165.779,1197.93,116.35,167.182,1210.33,107.195,160.061,1171.39,110.399,168.075,1193.32,97.7497,142.665,1209.28,124.537,147.89,1173.76,93.7367,121.469,1215.84,154.46,152.246,1170.16,97.2162,93.1194,1215.1,172.116,177.721,1196.01,98.5339,103.883,1199.82,122.817,99.298,1179.96,89.5933,63.3365,1211.95,126.676,53.6255,1174.91,74.5705,27.7056,1218.41,127.661,24.6403,1251.51,160.563,190.588,1260.66,149.329,186.152,1268.38,150.496,193.152,1273.54,163.917,197.701,1178.48,206.431,234.515
007180:1196.68,116.149,164.889,1202.72,113.946,166.818,1187.2,115.132,169.23,1223.42,112.277,157.556,1153.8,108.147,170.657,1191.53,97.9317,143.013,1195.8,125.681,150.784,1168.2,94.2823,121.639,1211.97,154.699,152.529,1173.53,98.24,92.7054,1205.92,173.944,177.794,1195.38,98.9416,99.6438,1199.82,122.817,99.298,1173.68,91.4106,64.2915,1214.81,127.367,52.6869,1167.21,75.5235,30.9209,1218.41,127.661,24.6403,1238.49,166.95,196.874,1246.82,156.04,198.404,1255.78,160.673,206.03,1256.39,172.878,204.689,1181.99,206.272,231.42
007181:1193.36,116.923,165.076,1198.19,114.429,167.259,1188.07,116.637,168.703,1217.65,112.056,158.763,1166.47,111.361,168.345,1182.9,98.7858,144.131,1197.61,125.494,149.399,1173.26,95.4479,119.883,1219.13,156.527,151.056,1168.28,98.7837,94.039,1203.66,174.363,176.374,1193.34,99.2006,102.872,1206.14,124.337,97.4454,1175.18,91.97,62.4472,1210.25,127.419,53.2336,1169.7,75.2215,30.0295,1226.34,130.163,21.3397,1244.06,174.864,200.877,1249.34,165.378,205.147,1253.79,169.136,214.567,1252.18,181.634,210.315,1181.81,206.271,230.811
007182:1194.46,116.88,164.512,1195.13,113.675,167.103,1192.4,117.192,167.607,1207.31,110.058,160.359,1186.91,115.403,165.251,1185.29,99.7103,144.154,1199.31,125.354,149.145,1181.48,97.3275,117.283,1219.13,156.527,151.056,1166.52,98.9637,94.437,1194.39,174.849,177.688,1194.68,99.5141,102.292,1203.03,124.813,97.6889,1173.27,92.9196,62.1557,1200.2,128.261,56.2404,1179.31,77.5907,27.5514,1226.3,132.154,21.444,1236.51,183.943,204.756,1237.86,172.505,211.985,1236.48,179.119,222.586,1236.25,190.216,217.447,1181.21,206.258,228.926
007183:1189.97,117.007,164.017,1187.1,113.074,167.364,1192.79,118.802,166.334,1192.4,107.864,162.523,1201.83,120.141,161.936,1190.21,99.585,142.742,1198.2,125.443,149.229,1185.23,98.1138,117.316,1219.58,157.256,150.684,1166.52,98.9637,94.437,1204.17,178.66,172.156,1200.58,100.941,99.0126,1203.75,124.982,97.532,1166.42,93.6391,63.7129,1200.2,128.261,56.2404,1162.71,76.3926,31.0658,1227.09,132.919,22.3956,1209.56,185.797,210.674,1228.32,181.42,218.771,1239.7,194.839,226.872,1222.36,199.887,218.715,1184.67,207.376,227.127
007184:1195.52,119.042,162.374,1203.73,116.967,164.334,1188.57,118.355,166.915,1223.15,113.961,157.163,1160.82,110.829,168.965,1186.65,99.5018,141.707,1201.2,125.198,148.868,1181.48,97.3275,117.283,1228.57,158.973,148.036,1161.03,99.745,95.5361,1204.3,178.992,172.134,1195.73,101.383,99.0606,1203.75,124.982,97.532,1171.06,93.559,63.0447,1200.2,128.261,56.2404,1169.29,78.3425,29.5791,1219.2,133.529,24.3495,1201.44,193.437,209.344,1213.85,188.636,220.979,1221.89,203.473,229.649,1204.41,205.821,217.233,1183.89,207.362,224.627
007185:1200.88,118.655,160.984,1202.27,115.322,163.303,1200.2,119.712,164.082,1203.99,109.198,158.829,1198.56,119.475,161.681,1198.46,101.926,140.076,1198.47,125.223,148.677,1181.26,97.323,116.581,1202.32,152.984,152.186,1160.22,100.724,95.4894,1203.19,179.034,171.752,1189.31,102.008,100.182,1200.85,125.21,97.7293,1171.89,93.8641,62.9582,1200.2,128.261,56.2404,1170.32,78.6381,29.9094,1218.93,134.729,24.5192,1214.73,200.1,203.15,1202.27,197.427,222.616,1193.9,209.343,229.707,1194.6,211.09,210.822,1183.49,207.355,223.377
007186:1195.16,119.601,163.801,1196.69,115.62,166.206,1195.67,120.941,166.394,1192.49,108.014,162.266,1203.3,121.512,162.331,1191.99,100.848,141.503,1202.55,126.436,148.289,1181.54,97.1829,119.275,1197.74,153.039,153.945,1174.2,101.115,96.4715,1195.59,174.129,167.131,1195.65,105.717,95.7834,1201.64,123.819,97.2301,1178.31,95.6765,61.2631,1212.02,131.379,58.6553,1179.08,81.1138,24.2626,1236.35,139.508,15.5048,1196.6,201.52,200.875,1192.25,199.329,213.417,1196.81,214.423,217.343,1197.4,215.522,206.031,1182.53,207.34,220.267
007187:1199.04,120.555,162.435,1196.51,115.62,165.574,1199.94,121.903,166.311,1200.88,108.532,160.742,1199.17,121.892,163.76,1191.99,100.848,141.503,1198.19,126.798,149.114,1185.42,98.0858,117.792,1193.41,153.336,154.777,1182.91,101.612,95.9014,1195.41,174.13,166.506,1195.48,105.719,95.1417,1201.64,123.819,97.2301,1182.39,96.5821,60.264,1211.72,132.741,58.728,1179.28,81.1206,24.9142,1227.24,140.184,18.6122,1190.55,204.238,199.223,1189.96,203.164,210.523,1190.3,217.076,214.402,1190.86,218.178,203.12,1167.44,208.993,216.647
007188:1203.13,121.513,161.697,1204.68,117.514,164.111,1207.74,123.824,163.569,1204.81,109.465,159.36,1206.96,123.813,161.005,1200.01,102.678,139.275,1206.2,128.751,146.933,1185.45,98.093,117.799,1192.84,153.332,152.876,1178.67,102.046,96.8628,1186.52,173.29,166.11,1199.44,106.653,93.5826,1201.19,125.169,96.6502,1182.42,96.5908,60.2699,1215.46,135.119,57.135,1170.74,80.7348,26.5023,1231.37,141.232,16.8169,1174.85,204.654,192.578,1172.74,207.387,203.419,1172.35,221.152,205.443,1174.04,219.735,194.683,1145.41,208.408,214.892
007189:1194.34,120.925,161.946,1195.87,116.946,164.348,1199.29,123.229,165.085,1200.26,109.865,159.508,1202.86,122.848,161.747,1195.9,101.761,140.074,1201.89,127.767,147.061,1189.7,98.9978,117.584,1196.66,154.357,151.475,1179.01,102.042,98.1341,1189.88,174.348,163.483,1199.61,106.652,94.2257,1201.37,125.167,97.2918,1182.38,97.9383,60.9656,1215.63,135.116,57.7865,1179.27,82.4771,25.6113,1231.54,141.228,17.48,1172.46,205.895,186.402,1169.49,209.881,196.092,1164.65,222.461,196.864,1167.21,219.802,187.27,1128.73,206.468,213.622
007190:1198.4,121.882,161.209,1199.95,117.894,163.615,1202.98,124.188,163.075,1204.19,110.8,158.124,1202.42,124.183,161.164,1199.8,102.672,138.629,1201.61,129.102,147.116,1189.5,98.992,116.94,1200.46,155.38,150.048,1179.01,102.042,98.1341,1193.23,175.405,160.819,1199.61,106.652,94.2257,1205.12,126.144,95.0848,1182.38,97.9383,60.9656,1215.32,136.48,57.8614,1174.82,82.9598,26.1064,1231.05,142.614,16.9038,1165.73,204.729,177.675,1166.02,209.827,184.875,1156.69,221.253,183.874,1160.45,217.347,176.628,1113.16,204.582,214.807
007403:134.281,162.946,-0.83759
