010554:985.17,-76.6815,146.666,989.556,-78.3005,149.423,985.339,-73.223,149.391,996.826,-79.0629,146.972,988.632,-64.9791,147.221,996.734,-87.6411,128.694,991.443,-54.9768,129.418,978.08,-102.181,109.567,997.328,-36.0978,113.177,958.507,-107.106,90.1422,980.221,-22.4653,106.818,1000.51,-86.6106,78.4973,993.651,-66.2257,78.8617,987.675,-91.4776,49.6748,962.343,-68.0348,53.0099,1013.84,-80.5824,13.163,1000.45,-60.0474,13.5043,931.099,-121.363,63.3247,923.274,-121.917,52.1565,911.951,-133.958,54.9007,926.603,-133.109,64.7643,0,0,0
010555:984.194,-75.2437,145.42,987.859,-77.0146,148.299,984.346,-71.9621,148.387,993.336,-78.6536,146.751,988.098,-65.1808,146.825,993.809,-87.7944,128.726,988.147,-55.6552,130.627,975.68,-102.615,109.22,987.66,-36.3426,115.946,963.24,-108.461,87.0315,969.893,-22.3665,109.46,1002.39,-86.037,78.0666,992.796,-65.844,79.93,994.993,-91.6125,47.2817,958.981,-69.2972,54.8379,1023.63,-81.5611,8.80466,987.551,-61.3431,17.1946,934.075,-122.314,63.3764,923.274,-121.917,52.1565,913.765,-135.606,54.2038,922.831,-133.454,65.8436,0,0,0
010556:985.015,-80.7029,148.106,990.221,-81.2643,150.685,984.495,-77.3149,150.926,998.658,-79.3416,147.379,987.678,-68.1946,147.957,998.927,-87.8148,127.709,988.7,-56.4724,130.226,976.456,-103.098,108.706,991.252,-37.6806,114.6,960.602,-108.444,86.6664,975.635,-23.1615,107.779,1006.73,-86.4819,75.733,991.099,-67.561,78.9454,1004.69,-91.5233,44.2737,941.355,-70.8549,60.1681,1048.86,-79.5478,0.444248,967.42,-64.2206,24.1656,934.301,-124.455,64.0449,924.866,-124.516,52.1354,912.834,-135.69,54.4799,924.358,-133.921,65.2482,0,0,0
010557:984.039,-80.1132,147.187,996.732,-79.9902,148.613,979.259,-77.4836,151.675,1031.12,-75.8984,139.672,959.515,-72.1907,153.618,1087.31,-78.0795,108.484,913.052,-68.0707,146.979,1182.51,-81.2801,62.6598,828.993,-63.3041,147.756,1242.39,-80.4515,25.698,772.369,-57.3065,147.243,1069.67,-79.3884,59.5861,952.779,-73.0139,89.4943,1073.36,-83.5364,24.4496,911.165,-74.6541,70.3551,1089.85,-76.3817,-13.9734,928.886,-69.9128,36.5594,935.029,-125.309,64.0012,920.8,-125.524,53.3356,909.734,-136.573,55.3984,918.83,-135.936,66.6718,0,0,0
010558:979.768,-79.1826,147.067,992.823,-79.3146,148.395,975.111,-76.2968,151.713,1028.87,-76.7949,140.012,961.516,-72.0165,153.139,1089.8,-79.94,108.627,917.28,-69.3328,146.612,1189.39,-82.8738,62.065,824.941,-63.2529,148.31,1240.71,-81.0336,27.5676,767.421,-57.7006,148.606,1074.13,-82.267,58.0239,955.376,-74.5305,88.6619,1078.03,-87.0549,23.0078,905.696,-75.6239,71.7508,1096.07,-77.1326,-17.5648,928.976,-70.8389,35.1751,931.47,-126.262,64.8507,920.302,-126.483,53.2985,909.18,-137.525,55.2476,916.96,-136.104,67.2073,0,0,0
010559:972.926,-79.6048,148.562,974.793,-80.8387,151.878,974.702,-76.4835,151.175,982.505,-81.1374,149.587,985.623,-68.9928,147.735,989.442,-89.8847,130.202,988.939,-58.3403,130.586,976.993,-105.041,110.101,988.071,-39.0224,116.422,956.901,-110.725,89.6928,968.991,-24.355,110.463,987.241,-88.3186,81.4735,987.529,-67.4787,80.5065,970.455,-96.3689,55.0624,972.331,-66.851,51.229,991.026,-90.262,18.2976,1015.82,-57.4791,6.99694,929.173,-127.091,65.2642,918.669,-127.853,53.4379,907.668,-138.869,55.9022,918.69,-137.758,66.2133,0,0,0
010560:981.358,-81.369,147.77,993.986,-81.4908,149.126,978.113,-78.3694,151.871,1026.84,-78.1347,140.946,963.049,-72.4778,153.136,1079.57,-80.4414,111.034,917.202,-68.3859,146.382,1182.46,-82.672,64.3592,825.405,-63.866,149.054,1246.7,-82.1361,26.7768,769.231,-58.1488,148.547,1058.71,-82.4376,63.1887,949.419,-74.1501,90.663,1062.51,-87.8883,27.7586,902.997,-76.6366,72.1994,1102.49,-78.824,-18.624,919.599,-71.4738,38.0865,924.567,-128.428,65.6777,914.239,-129.487,54.4307,906.429,-139.579,56.2694,917.351,-138.476,66.2573,0,0,0
010561:974.665,-80.8441,148.64,976.472,-82.7161,151.897,975.51,-77.3865,151.569,982.562,-83.9835,149.419,982.746,-69.689,148.659,987.319,-92.2808,129.57,985.934,-59.1744,131.004,971.856,-105.527,109.552,984.559,-39.9962,116.965,957.06,-112.328,88.1881,964.064,-25.576,111.967,991.363,-90.5155,80.3095,990.919,-68.1724,79.8482,973.713,-99.6247,54.2947,972.533,-66.5337,51.5909,992.275,-93.258,17.5723,1016.76,-57.3197,6.41151,925.444,-129.553,64.7816,914.086,-129.805,54.4756,904.991,-140.603,56.5136,916.588,-139.747,66.0042,0,0,0
010562:960.837,-78.993,150.952,967.778,-80.8576,153.074,960.71,-75.9977,154.109,986.307,-83.2858,148.31,972.197,-70.2777,150.633,991.67,-92.8304,128.89,985.189,-61.12,131.672,974.668,-106.867,109.024,986.937,-41.568,117.071,958.24,-113.276,87.2584,967.859,-26.1019,111.986,993.618,-90.7853,79.6613,989.704,-69.3348,80.4878,969.037,-99.9895,54.8009,968.625,-67.0171,53.0246,988.122,-96.2738,16.4646,1015.37,-57.9795,6.15776,922.146,-130.763,64.995,914.086,-129.805,54.4756,900.079,-141.629,57.9705,917.204,-140.297,65.8266,0,0,0
010563:985.471,-84.0485,146.347,982.692,-84.7426,150.547,987.059,-80.9638,149.107,976.644,-83.737,150.872,987.288,-72.8214,147.726,981.58,-92.3394,131.576,980.09,-61.153,132.824,972.714,-107.104,109.746,981.234,-41.4562,117.911,960.278,-113.965,87.073,966.354,-26.3007,112.528,989.584,-91.3539,80.3483,990.091,-70.1239,79.7417,964.524,-100.694,56.222,965.483,-67.3241,54.1334,979.564,-96.6492,19.1934,1014.06,-58.0112,7.24088,918.237,-131.425,65.7898,915.599,-130.267,53.8684,902.316,-142.332,57.1497,919.535,-141.003,65.1559,0,0,0
010564:964.318,-82.498,150.591,968.096,-84.0505,153.348,965.897,-79.3206,153.381,978.21,-85.4377,150.359,975.953,-72.3387,150.081,985.114,-93.8606,130.401,978.779,-62.224,133.203,971.055,-107.344,109.958,977.834,-42.2064,118.984,958.38,-113.879,87.7369,961.69,-26.5868,113.556,990.254,-91.4865,80.5307,986.482,-69.7412,81.3396,963.789,-103.027,56.1656,959.97,-68.3559,56.2196,982.163,-99.8591,17.0931,1009.96,-58.28,8.13239,916.665,-132.779,65.9252,916.37,-132.01,53.0049,904.561,-143.038,56.3263,918.646,-142.588,65.0957,0,0,0
010565:972.878,-82.7161,147.809,976.593,-84.6737,150.736,973.107,-79.4889,151.075,984.188,-86.7488,148.695,977.573,-72.4846,149.574,986.129,-95.0613,129.923,979.411,-62.511,133.186,972.304,-107.967,108.676,978.052,-42.6956,118.726,956.286,-113.991,86.8241,961.698,-26.8181,113.323,985.558,-92.2241,81.0093,983.964,-69.9586,81.6967,960.43,-103.152,55.7822,968.813,-66.7864,53.3138,972.791,-101.718,18.7508,1014.18,-57.9636,6.94356,914.654,-132.97,66.8283,914.504,-132.183,53.5585,902.401,-143.821,56.9675,916.245,-143.695,65.6285,0,0,0
010566:970.297,-81.2623,148.393,970.767,-83.533,151.834,972.644,-78.307,151.27,974.698,-86.7831,150.414,980.604,-72.7883,149.079,982.217,-95.9735,130.505,979.719,-63.0936,132.958,971.922,-108.87,109.401,976.302,-42.3528,119.469,956.931,-114.687,86.8671,959.235,-27.0085,114.552,986.412,-92.7959,80.4043,986.322,-69.8572,80.6558,963.615,-105.161,55.1315,968.384,-66.9684,53.2379,978.774,-103.494,16.9102,1014.27,-57.5047,5.9354,915.347,-133.511,66.5531,914.504,-132.183,53.5585,903.401,-145.231,56.4877,909.682,-144.243,67.3351,0,0,0
010567:974.087,-87.6693,148.176,975.654,-88.9815,151.508,974.626,-84.1731,151.371,978.194,-88.9247,150.227,977.98,-75.0605,149.691,980.796,-96.4314,130.867,979.143,-63.3005,132.749,972.999,-109.625,108.711,982.103,-43.6125,117.918,957.998,-115.224,86.8375,962.099,-28.1661,114.217,984.851,-94.7208,80.9942,985.525,-71.4165,80.5798,958.465,-106.735,57.1923,966.083,-66.834,54.2771,974.593,-105.073,18.4028,1014.53,-57.9387,6.4401,914.146,-135.131,66.6697,914.815,-133.366,53.4643,902.354,-147.109,56.4598,910.084,-145.107,67.0371,0,0,0
010568:968.397,-84.6973,149.143,973.532,-86.3436,151.587,968.055,-81.5366,152.485,983.377,-87.9708,148.764,973.307,-74.6725,150.47,987.983,-96.4872,129.279,975.407,-64.5259,133.779,976.188,-109.792,108.197,979.512,-43.6725,118.547,953.326,-115.878,88.1773,967.503,-28.6638,113.026,985.646,-94.489,80.6846,979.069,-72.0228,82.3383,956.759,-106.313,57.6178,959.566,-67.7789,56.1641,970.916,-105.945,18.6425,1015.46,-57.3343,4.99171,912.754,-135.86,66.9938,911.178,-133.708,54.9078,901.111,-147.809,56.8288,907.542,-146.513,67.5866,0,0,0
010569:957.287,-86.2272,152.108,964.238,-88.3149,154.184,956.884,-82.8678,155.384,980.776,-90.345,149.917,968.353,-75.4942,152.042,986.552,-98.1969,129.386,977.848,-64.8247,133.483,971.633,-110.265,108.702,978.61,-43.9136,118.615,953.273,-116.29,88.0826,959.936,-28.6454,114.192,978.836,-94.6867,81.8485,977.174,-71.594,82.6381,949.241,-106.651,59.2829,965.039,-66.7083,54.5518,964.388,-107.296,20.6658,1016.84,-57.2319,4.47927,911.78,-136.854,67.4355,910.109,-134.423,55.9521,901.343,-148.984,56.6029,905.251,-147.6,68.4015,0,0,0
010570:978.646,-89.7521,147.179,973.545,-89.1337,152.42,983.39,-87.5102,149.88,947.929,-82.2574,156.868,1001.89,-82.8458,144.504,896.476,-76.2365,151.191,1062.62,-85.2404,112.889,815.28,-68.6382,150.455,1180.39,-88.6079,62.6133,758.172,-63.2651,150.971,1239.06,-87.4505,26.6296,927.247,-82.8356,96.0534,1047.85,-89.2969,63.1822,864.392,-85.158,84.7473,1077.29,-93.8233,21.7646,857.215,-80.0556,53.7494,1149.97,-87.513,-39.6514,912.326,-138.009,67.1209,910.569,-135.289,55.8395,897.755,-149.28,58.0323,901.653,-147.9,69.7984,0,0,0
010571:980.863,-86.614,144.592,982.147,-89.0406,147.877,979.35,-83.1364,148.435,980.86,-92.0399,148.041,975.943,-76.0323,149.361,981.791,-100.064,129.482,971.903,-65.9391,135.619,973.263,-112.043,107.619,970.35,-44.8813,122.898,950.831,-118.89,87.7981,961.571,-30.2055,115.162,980.494,-96.5549,81.0457,978.239,-72.516,82.8718,949.537,-109.273,57.4872,962.547,-67.0436,54.807,963.653,-110.651,19.3513,1010.67,-56.7883,6.06254,912.453,-139.504,67.1644,910.059,-136.239,55.8322,893.945,-150.194,59.8862,903.968,-148.606,69.2871,0,0,0
010572:964.403,-89.0497,149.919,969.074,-90.4775,152.511,963.314,-85.6182,153.576,982.144,-91.5201,149.07,969.776,-77.6162,151.484,993.064,-99.1941,127.591,971.192,-66.9238,135.09,972.931,-111.572,107.559,972.293,-45.0334,120.546,948.774,-120.338,87.9467,959.131,-28.7006,115.784,984.983,-97.6389,79.5475,967.478,-75.0886,84.3022,969.4,-110.109,52.6243,928.722,-71.7265,64.7559,985.335,-110.558,12.7437,969.418,-63.9379,19.9723,908.671,-140.439,68.5688,905.395,-136.658,57.0561,897.256,-152.312,59.1092,906.29,-149.315,68.7741,0,0,0
010573:969.888,-88.733,148.104,972.225,-91.1318,150.997,969.455,-85.1415,151.421,978.28,-93.8131,149.152,974.389,-77.7305,149.889,983.726,-101.719,128.852,976.685,-67.437,133.857,970.547,-113.764,108.964,974.524,-45.5572,121.337,955.07,-121.03,88.0199,960.656,-30.6263,116.237,986.811,-97.8142,79.7431,986.174,-73.5951,81.0116,952.702,-110.525,56.5502,966.369,-67.6566,53.3857,962.835,-113.43,20.5656,1014.6,-57.3094,5.25301,916.835,-138.816,66.3523,910.627,-138.908,56.1575,898.003,-152.234,58.0606,908.933,-151.199,68.3241,0,0,0
010574:959.697,-89.4541,151.14,964.72,-91.8044,153.465,959.543,-85.81,154.382,976.289,-94.2146,150.202,968.863,-78.1397,151.627,982.181,-102.25,129.05,974.8,-67.9481,134.211,964.145,-114.408,109.552,974.37,-47.2546,121.26,946.634,-121.241,87.5866,958.507,-31.3604,116.946,986.49,-98.6976,79.4308,985.674,-74.3461,80.7921,952.389,-111.861,56.33,967.687,-67.9836,52.6946,960.209,-114.224,21.5588,1020.15,-57.6972,3.85538,911.865,-139.255,67.9411,910.627,-138.908,56.1575,894.22,-152.523,58.6425,909.698,-151.439,68.1042,0,0,0
010575:978.194,-90.6859,146.54,974.24,-90.7369,150.896,979.566,-88.2518,149.754,968.727,-90.3739,151.38,986.221,-82.9851,147.54,976.153,-100.017,131.427,984.423,-72.9054,132.766,952.623,-112.66,112.628,982.321,-51.0807,118.678,945.458,-123.677,88.2941,959.18,-32.5129,117.472,986.153,-99.0059,78.9682,992.374,-78.9279,78.8323,957.875,-114.246,53.0691,964.212,-70.4402,55.5925,954.338,-116.259,16.5975,1005.65,-57.9453,8.90096,910.824,-140.248,68.1636,904.918,-139.711,57.8449,894.22,-152.523,58.6425,910.216,-152.297,68.2664,0,0,0
010576:955.477,-89.535,150.883,955.706,-91.2641,154.01,957.502,-86.7452,154.026,964.539,-94.2252,151.7,972.442,-81.2296,150.858,977.881,-103.792,130.265,980.177,-71.0473,134.016,959.625,-115.937,111.408,979.679,-47.8007,120.463,947,-123.541,88.7831,960.898,-31.5281,116.935,988.467,-100.173,79.1527,991.83,-76.1301,80.1151,955.483,-114.327,54.6598,969.291,-68.2415,54.9375,952.217,-118.277,20.1505,1011.63,-58.5577,8.76182,912.215,-141.331,67.6882,902.405,-141.124,58.3803,893.145,-152.904,58.9619,908.315,-152.443,68.6304,0,0,0
010577:963.635,-92.4343,149.19,973.427,-92.6168,151.427,958.193,-89.9236,154.346,1011.79,-90.3084,142.511,940.736,-85.8324,156.742,1075.51,-93.4826,111.313,895.806,-81.7948,150.099,1184.97,-95.0426,65.6097,802.845,-74.4635,153.588,1249.07,-94.9305,29.716,750.222,-66.6044,152.91,1051.83,-93.0904,61.7025,919.053,-84.9446,95.6997,1099.82,-99.8735,13.6133,854.202,-84.708,84.1479,1167.7,-95.4645,-46.4955,830.772,-83.301,60.165,908.701,-142.533,68.6955,900.213,-141.909,58.847,895.362,-155.098,57.7573,903.605,-152.804,69.6207,0,0,0
010578:963.292,-92.8984,149.034,966.455,-94.6577,151.737,963.239,-89.9688,152.428,974.397,-96.2787,149.461,970.491,-83.1332,150.551,983.316,-104.596,128.845,973.623,-72.6269,134.747,959.884,-118.837,110.375,979.165,-49.787,120.78,938.133,-125.143,89.4232,961.884,-33.0954,117.694,987.124,-101.211,78.2894,980.622,-78.7806,81.6098,958.416,-114.068,54.5502,952.765,-72.7992,58.7127,959.167,-118.946,18.8462,987.898,-61.7763,13.9612,907.53,-144.131,68.9552,896.879,-143.391,59.9874,889.689,-155.825,59.2662,901.228,-153.88,70.148,0,0,0
010579:957.908,-94.57,150.152,961.827,-96.0809,152.901,958.504,-91.3857,153.485,973.528,-97.846,149.515,969.324,-83.5722,150.434,982.265,-105.836,127.926,978.555,-74.3044,133.002,956.003,-118.235,109.474,980.839,-51.316,120.646,935.262,-124.269,91.8183,958.675,-32.9888,118.689,988.603,-103.857,77.4459,986.843,-80.6988,80.1581,956.567,-117.904,53.9115,966.06,-70.8658,56.8272,942.092,-121.624,19.9477,1006.71,-58.4322,9.92454,907.033,-144.471,69.0166,897.433,-143.937,59.642,887.92,-157.435,59.6374,901.445,-155.05,69.9034,0,0,0
010580:966.749,-95.4244,149.826,976.839,-95.917,151.533,960.271,-92.9606,154.52,1010.83,-94.4892,142.892,937.432,-88.4497,157.347,1066.95,-97.8588,112.093,897.106,-85.1194,148.656,1182.2,-99.1787,65.3628,806.601,-76.196,151.7,1241.25,-95.9763,32.7692,740.777,-66.214,155.894,1053.94,-96.9085,60.3348,924.414,-88.1303,94.0834,1109.63,-102.343,9.7574,845.845,-86.7682,86.5284,1181.16,-99.3873,-52.1937,819.401,-83.6894,63.451,902.29,-145.46,70.054,899.541,-144.952,59.0165,885.946,-157.878,60.2254,900.318,-155.432,70.0725,0,0,0
010581:964.025,-97.3282,149.976,971.07,-97.6406,152.065,963.311,-94.6295,153.338,995.402,-94.5902,146.305,953.19,-88.3545,154.14,1060.68,-96.3866,113.668,899.449,-83.0333,148.742,1188.82,-97.9485,63.1857,802.256,-75.1863,152.533,1249,-97.8423,29.2259,741.102,-67.8345,155.588,1045.02,-95.6025,62.3645,924.827,-86.9565,93.5028,1103.9,-100.559,11.9775,846.765,-87.9782,85.468,1188.01,-100.247,-51.8391,818.113,-86.2617,62.9773,902.965,-145.999,69.7788,899.735,-146.125,58.6206,884.019,-158.319,60.9792,899.571,-156.674,69.9766,0,0,0
010582:958.839,-97.1156,150.159,961.741,-98.5321,152.838,958.739,-93.7686,153.727,968.643,-99.7762,150.831,964.313,-85.4492,152.113,971.991,-107.795,130.558,970.88,-74.3744,134.909,957.143,-120.453,110.346,981.464,-50.8463,119.128,937.128,-126.725,90.7825,962.624,-33.1622,116.365,977.121,-104.083,80.0718,983.043,-79.5201,80.4904,941.2,-119.36,56.9933,978.177,-69.8837,51.9811,929.388,-127.056,25.3796,1022.64,-58.8504,6.0118,901.927,-146.978,69.9951,898.818,-146.201,58.892,887.671,-159.519,59.7354,897.321,-157.431,70.2632,0,0,0
010583:968.101,-100.616,149.366,967.905,-101.736,152.447,968.324,-97.1333,152.67,964.245,-101.149,152.213,968.926,-87.4773,151.693,965.44,-108.086,131.865,965.732,-75.1698,136.714,951.611,-121.136,111.129,972.742,-51.5949,122.531,934.633,-127.714,89.4608,961.581,-33.7565,117.387,973.634,-104.26,80.486,981.19,-80.0585,80.7565,937.083,-118.459,56.869,976.335,-69.7144,50.3856,928.858,-128.513,25.6563,1018.67,-59.3501,5.03477,903.141,-148.366,69.2528,895.269,-147.677,59.2445,887.007,-160.746,59.9321,897.779,-158.285,70.2845,0,0,0
010584:960.58,-98.9362,148.748,962.591,-100.887,151.643,961.152,-95.7021,152.368,966.19,-102.84,150.302,964.631,-87.4395,151.618,965.671,-109.947,130.782,969.44,-76.7851,135.229,951.694,-122.666,109.953,978.095,-53.1852,120.632,936.514,-128.208,90.2226,961.49,-34.0411,117.575,980.408,-106.844,77.5329,988.361,-81.5928,78.0823,943.89,-121.784,55.354,980.756,-68.9246,50.2095,925.504,-129.597,25.7288,1021.37,-58.6635,3.98355,903.658,-149.516,68.9476,898.63,-149.485,57.9332,892.867,-162.686,57.8737,895.907,-158.422,70.6438,0,0,0
010585:960.57,-100.342,149.379,964.84,-101.763,151.678,961.879,-97.0552,152.383,969.079,-102.957,149.885,965.038,-88.5044,150.774,968.646,-110.313,130.512,968.88,-76.9384,134.081,956.612,-123.418,109.521,978.062,-53.2613,120.011,935.327,-129.212,89.5702,952.297,-34.9744,119.988,975.95,-107.191,78.674,978.516,-82.2094,79.8145,953.72,-122.014,51.3335,976.875,-69.1304,49.8135,943.091,-128.944,18.571,1015.85,-59.1521,5.54844,903.178,-149.853,69.0854,898.856,-150.658,57.7085,890.453,-163.737,58.2314,899.652,-160.806,68.581,0,0,0
010586:952.96,-100.136,150.553,958.425,-102.003,152.558,954.772,-96.8032,153.572,964.656,-104.274,150.458,959.302,-88.8374,152.013,967.071,-110.845,130.489,962.447,-78.6126,136.323,958.831,-123.838,108.204,971.494,-55.2369,123.232,932.821,-130.258,88.7764,956.346,-36.159,119.878,976.5,-107.105,79.2046,976.309,-82.8242,81.5543,946.16,-122.333,52.7418,970.865,-71.4002,51.344,945.417,-130.61,16.935,1021.97,-60.7677,3.21643,903.992,-151.576,68.7679,899.407,-151.207,57.3629,892.305,-165.082,57.4961,901.194,-162.471,67.333,0,0,0
010587:954.338,-100.806,149.711,955.332,-102.524,152.733,957.926,-97.6017,152.494,957.458,-104.592,151.382,964.662,-89.7554,150.473,963.748,-111.123,130.259,967.782,-79.3393,134.446,958.423,-124.304,107.184,972.032,-55.5191,122.605,937.215,-131.225,87.7329,955.225,-37.0277,120.664,976.081,-107.546,78.0939,981.631,-83.3914,79.0876,947.009,-122.761,52.2443,977.939,-70.9346,49.3558,941.895,-131.949,17.8733,1011.26,-59.952,6.60575,896.555,-152.159,70.7476,897.041,-152.284,57.8833,891.349,-165.146,57.6005,900.26,-164.016,67.2658,0,0,0
010588:952.45,-100.405,148.773,954.328,-102.607,151.689,955.857,-97.1086,151.807,957.495,-105.848,150.581,962.788,-89.8453,150.389,965.247,-112.429,129.501,965.284,-80.3255,135.227,959.092,-125.092,106.944,968.138,-56.3761,124.042,938.563,-132.375,87.8382,955.547,-37.1934,120.728,977.62,-108.332,77.662,980.946,-83.9248,79.6407,945.714,-123.863,52.3148,977.364,-71.7443,50.0128,935.905,-132.067,19.9016,1011.91,-60.4297,7.5541,892.884,-152.448,71.8048,899.441,-154.478,57.3219,889.888,-166.131,57.8819,902.259,-165.361,66.9948,0,0,0
010589:950.586,-101.056,149.349,953.963,-103.3,151.889,953.947,-97.7355,152.511,958.037,-106.027,150.686,961.094,-89.9734,151.189,965.1,-112.382,129.77,960.735,-79.2319,135.843,956.075,-124.213,108.44,963.908,-54.8433,123.977,936.422,-131.432,89.9644,953.709,-36.7088,120.775,973.529,-107.914,77.7872,975.177,-83.1937,79.6498,943.331,-123.602,52.7098,974.413,-71.8719,50.2341,942.881,-133.832,17.181,1015.47,-61.4643,6.08209,893.9,-153.256,71.5111,896.687,-154.69,58.1402,886.123,-166.684,59.1872,900.193,-166.096,68.0561,0,0,0
010590:960.478,-103.404,146.753,956.788,-105.237,151.349,962.708,-100.015,149.969,958.787,-106.073,150.682,963.094,-91.3458,149.997,970.019,-112.132,128.481,964.067,-79.6228,134.231,959.329,-125.754,106.046,964.912,-55.239,122.059,934.21,-133.771,89.2167,957.433,-36.7112,119.694,990.413,-106.39,73.203,958.392,-86.1681,83.5634,1064.83,-111.404,20.8933,860.357,-87.6354,81.3566,1195.9,-113.049,-56.869,819.17,-89.4089,63.8857,896.157,-154.265,71.1684,894.816,-154.831,58.5154,885.089,-167.05,59.6759,898.137,-166.527,68.443,0,0,0
010591:960.987,-105.409,146.889,960.875,-107.036,150.257,961.9,-101.957,150.666,960.079,-107.797,149.934,961.621,-91.6795,150.867,961.567,-113.375,129.447,960.154,-79.5707,135.844,952.367,-126.432,107.635,967.288,-54.8072,122.396,928.638,-133.638,91.1631,956.02,-37.2651,120.175,974.613,-109.315,76.1784,979.245,-84.135,78.352,945.161,-124.023,52.3996,984.222,-71.8775,49.8448,927.306,-138.101,22.1433,1023.34,-63.6571,6.06252,894.83,-154.962,71.7108,892.407,-154.424,59.2324,885.487,-167.906,59.5828,896.832,-167.203,68.6389,0,0,0
010592:951.735,-104.919,149.213,954.173,-107.033,151.938,951.925,-101.491,153.135,961.054,-108.942,149.677,958.693,-92.5037,151.665,964.864,-114.732,128.148,965.417,-81.1458,134.412,951.026,-127.704,107.182,972.171,-55.4111,121.316,930.201,-136.385,88.777,957.988,-37.5568,120.072,970.817,-109.381,76.5472,976.794,-84.5109,78.4177,943.034,-124.213,52.8462,984.684,-72.5419,48.9508,924.666,-138.781,22.8184,1021.48,-63.9087,5.11083,896.469,-156.615,71.325,889.681,-154.635,60.0429,887.529,-168.945,58.9718,897.153,-168.063,68.1834,0,0,0
010593:959.152,-107.163,146.846,954.179,-107.976,151.148,961.623,-104.448,150.351,947.217,-107.486,152.139,967.517,-95.8194,149.306,958.074,-114.682,129.797,964.943,-82.656,134.308,949.766,-129.268,107.377,970.087,-56.5779,120.885,928.145,-137.365,88.9563,954.421,-39.1896,120.948,972.741,-110.053,75.7881,983.684,-86.1851,76.3395,941.887,-124.84,53.0106,980.101,-72.9183,50.5602,922.657,-140.249,23.2763,1018.01,-64.4747,6.96486,888.905,-155.706,72.7939,896.033,-157.108,57.3478,880.059,-168.864,62.5336,889.285,-169.169,69.6416,0,0,0
010594:955.568,-108.457,147.263,956.717,-109.802,150.295,955.218,-105.117,151.351,958.758,-109.926,149.415,956.263,-94.7988,151.409,960.053,-115.548,128.845,957.187,-82.1954,135.764,946.671,-129.645,107.43,966.003,-57.2293,121.714,926.791,-139.056,88.8141,956.081,-39.7203,119.888,969.611,-111.127,75.4514,972.979,-86.3068,77.9421,939.96,-125.56,52.4328,974.486,-73.5733,50.7995,923.793,-140.495,21.8672,1016.62,-65.072,6.14799,890.205,-156.785,72.2643,889.025,-155.567,59.593,879.977,-168.867,62.2255,890.279,-169.107,69.7132,0,0,0
010595:947.655,-107.975,147.613,951.917,-109.794,149.86,946.745,-104.791,151.872,961.934,-111.266,147.365,951.852,-95.7481,151.326,961.676,-117.359,127.645,962.082,-83.2259,134.298,942.901,-130.782,107.874,971.244,-57.1704,120.535,920.49,-139.934,90.1148,961.053,-39.8841,119.174,972.181,-111.177,74.5388,977.815,-85.7427,76.8143,939.087,-126.141,52.2777,985.19,-73.0417,48.047,918.852,-141.25,23.6499,1023.83,-65.34,4.99364,888.57,-158.379,72.5073,884.218,-156.222,60.4849,878.753,-170.696,61.7709,887.551,-169.288,70.5043,0,0,0
010596:954.283,-110.229,146.274,949.408,-110.237,151.356,959.334,-108.08,149.244,926.368,-103.653,156.263,981.911,-102.726,144.211,880.476,-96.4404,149.704,1025.89,-99.3782,116.397,775.972,-83.0982,155.58,1175.1,-104.92,59.2686,711.691,-76.8079,159.079,1266.29,-108.559,18.4674,920.776,-100.34,89.4757,1023.46,-99.7052,61.5158,886.84,-111.406,69.7254,1077.51,-97.8915,15.2255,844.74,-118.718,52.8447,1175.81,-106.232,-47.712,890.164,-159.73,71.7318,887.668,-157.727,59.1449,875.98,-170.873,62.2405,884.834,-169.467,71.2923,0,0,0
010597:948.583,-108.96,147.209,950.943,-111.175,149.992,947.947,-105.778,151.651,956.346,-113.441,148.021,953.338,-97.0686,150.996,961.475,-118.842,126.689,956.347,-85.2694,135.254,936.649,-132.118,106.751,963.596,-57.8236,122.424,912.241,-141.428,90.8193,956.63,-39.0301,120.406,964.732,-112.084,76.0548,965.544,-87.1385,79.9833,943.131,-128.443,50.6411,978.158,-75.5247,51.1883,930.742,-141.941,16.5412,1016.79,-65.723,7.07346,892.352,-161.327,70.1385,883.926,-159.47,59.4121,866.545,-172.065,64.2483,886.665,-171.977,69.7863,0,0,0
010598:944.019,-109.247,148.26,951.486,-111.278,149.803,942.67,-106.217,152.616,963.377,-113.713,146.228,947.233,-98.3113,151.636,960.544,-119.368,126.983,953.779,-86.967,135.696,938.09,-132.117,107.573,967.84,-59.8407,121.527,917.113,-140.963,90.9809,955.772,-41.0926,120.014,959.913,-111.638,76.6585,960.223,-87.3539,81.0295,936.999,-128.494,51.6081,977.42,-75.2848,51.9639,931.792,-142.652,14.2847,1029.21,-64.3519,3.59862,892.311,-161.33,69.9966,884.416,-160.021,58.957,864.111,-173.085,64.3181,885.545,-172.341,69.9587,0,0,0
010599:948.913,-111.029,147.621,957.84,-112.161,149.778,943.371,-108.444,152.869,993.884,-110.378,141.558,926.255,-102.001,155.838,1051.6,-110.652,110.503,883.538,-95.5043,147.679,1176.35,-111.768,60.8232,774.857,-85.3852,155.867,1255.89,-113.871,22.4739,709.211,-77.9807,160.051,1035.86,-105.736,58.1301,905.467,-95.7083,92.2749,1130.95,-111.658,-0.134365,830.94,-95.0356,86.3919,1267.29,-116.848,-79.0379,779.381,-97.8181,72.6677,894.471,-162.355,69.3701,886.508,-160.75,57.8671,860.256,-175.052,64.6387,889.539,-174.137,67.8471,0,0,0
010600:950.177,-113.731,146.394,951.311,-115.3,149.368,950.492,-110.52,150.417,950.799,-115.906,148.294,951.795,-100.638,149.952,953.83,-121.008,127.347,950.406,-87.3451,135.292,938.572,-134.463,106,961.054,-59.7389,122.279,913.759,-143.541,90.7348,949.819,-40.687,121.183,961.954,-113.785,75.0754,963.889,-88.6695,78.7395,939.546,-129.957,49.4997,976.475,-76.5027,49.992,932.035,-143.381,14.8637,1018.8,-66.9696,6.37452,893.095,-162.743,69.4451,885.429,-162.296,57.2376,856.177,-175.877,64.8816,883.658,-175.085,69.2288,0,0,0
010601:943.048,-112.843,147.356,944.517,-114.721,150.23,943.788,-109.691,151.289,946.365,-116.556,148.765,948.075,-101.033,150.273,950.353,-121.915,127.525,949.783,-89.302,135.174,939.319,-134.556,105.281,961.248,-61.4165,122.399,918.842,-143.013,89.3964,951.766,-41.2679,120.742,955.648,-114.045,76.506,960.091,-89.636,79.9242,935.326,-129.858,50.67,978.23,-77.273,50.3281,928.606,-144.698,15.5586,1016.91,-67.6613,7.62497,892.442,-163.376,69.2377,883.082,-163.044,57.094,859.449,-177.397,63.5926,879.62,-175.915,70.0753,0,0,0
010602:949.055,-114.564,145.007,947.657,-115.557,148.44,950.24,-111.783,148.918,944.789,-116.037,148.346,952.932,-102.924,148.618,947.707,-122.012,128.011,951.781,-89.8879,134.519,936.399,-135.634,105.51,955.982,-60.7298,122.657,914.173,-144.584,89.0016,951.217,-41.8078,120.056,954.401,-114.87,75.7592,961.914,-90.9115,78.4382,937.927,-130,49.4744,985.434,-78.1314,48.7693,931.621,-145.777,13.8196,1018.04,-68.6667,8.39537,891.505,-164.611,68.5551,881.67,-164.896,55.9008,862.159,-178.383,62.3212,877.822,-176.025,70.6003,0,0,0
010603:946.631,-115.948,144.841,949.481,-117.661,147.607,946.145,-112.591,149.206,952.55,-118.973,146.329,945.849,-102.738,149.565,951.227,-123.834,126.024,946.605,-90.9332,134.756,937.944,-137.471,103.247,950.299,-63.5697,123.921,912.145,-146.211,87.4216,946.022,-42.9812,121.644,958.791,-116.217,73.5587,959.38,-91.5739,78.2003,939.367,-131.076,47.9001,977.79,-78.667,49.226,932.005,-146.221,12.2637,1010.67,-68.7736,8.12973,890.234,-165.573,67.9711,883.292,-166.246,54.4324,861.988,-178.682,62.3727,875.734,-176.441,70.7276,0,0,0
010604:944.477,-115.797,144.878,946.312,-117.8,147.828,944.512,-112.388,149.137,948.137,-119.716,146.685,946.755,-103.035,148.896,948.388,-124.31,126.117,950.597,-91.5529,133.502,935.482,-137.262,104.368,957.941,-63.3848,122.477,908.835,-146.855,89.1775,947.937,-42.7836,120.902,956.375,-116.468,74.9965,961.359,-92.0128,78.4589,931.647,-130.963,49.9072,974.13,-79.2419,50.0847,932.029,-147.299,12.4618,1009.23,-70.4413,8.83172,887.528,-166.045,67.9618,885.249,-167.286,53.503,861.562,-179.281,62.1717,879.069,-177.691,68.6582,0,0,0
010605:938.668,-116.963,146.238,940.374,-119.038,149.15,939.311,-113.684,150.389,945.855,-121.149,146.743,945.805,-104.418,149.06,949.636,-125.662,124.664,952.655,-93.4948,132.661,937.542,-138.053,102.513,965.265,-67.0853,120.557,913.755,-147.589,86.6518,956.633,-45.2082,117.86,952.728,-118.071,74.0623,958.106,-93.8974,78.125,931.577,-133.134,48.6522,973.219,-80.5133,49.9347,924.794,-146.226,13.9179,1007.38,-69.9762,9.44937,886.624,-166.978,67.1203,880.605,-167.594,54.3705,861.137,-179.88,61.9706,880.009,-178.798,67.7449,0,0,0
010606:941.244,-117.089,144.691,942.514,-119.321,147.715,941.579,-113.629,148.977,945.177,-121.581,146.109,944.165,-104.229,148.642,945.63,-125.956,124.986,949.268,-93.403,132.815,937.911,-138.605,101.755,957.315,-65.1862,122.222,913.465,-148.171,86.0737,950.418,-43.1243,118.978,951.44,-118.563,74.8084,958.022,-94.2742,78.2326,928.74,-132.072,50.6906,976.606,-80.2171,49.6875,933.274,-148.726,11.7829,1011.88,-71.3069,7.8954,887.283,-168.102,65.9091,876.176,-168.76,54.3558,857.252,-180.39,62.2847,878.166,-178.905,68.107,0,0,0
010607:943.163,-119.313,143.449,943.125,-120.73,146.789,943.917,-115.786,147.628,943.706,-121.928,145.805,947.13,-105.566,147.131,943.861,-125.937,125.134,949.679,-94.085,132.234,935.687,-138.443,102.654,959.141,-65.9131,120.851,914.995,-148.949,86.7748,949.26,-44.0013,118.182,950.414,-119.394,74.4735,958.671,-95.7271,77.5803,926.981,-133.635,48.8335,970.798,-81.9293,51.5988,927.272,-148.864,9.81621,1006.8,-71.8582,11.2131,886.512,-168.733,65.2635,871.087,-169.672,54.7037,858.524,-182.031,60.5838,878.634,-179.457,67.6372,0,0,0
010608:933.6,-118.876,145.534,934.807,-120.731,148.465,933.576,-115.172,149.791,942.016,-123.015,145.673,942.132,-105.957,147.725,943.898,-127.454,123.753,955.046,-95.8298,130.284,932.97,-140.174,102.617,961.992,-67.632,120.599,908.568,-149.727,87.4115,945.819,-44.9103,119.006,948.223,-119.265,75.3427,961.293,-95.7723,77.1281,923.077,-131.946,50.1935,974.398,-81.7284,49.0061,915.57,-148.795,16.1126,999.119,-72.3474,11.9859,885.003,-169.122,64.8444,867.412,-169.911,55.2896,859.427,-183.128,59.6775,875.56,-179.925,67.7276,0,0,0
010609:937.007,-120.24,143.856,936.145,-122.025,147.325,937.487,-116.679,148.233,938.961,-124.043,145.935,942.881,-107.215,147.511,940.811,-128.099,124.22,952.776,-96.6839,130.79,935.587,-141.313,100.908,956.898,-67.9383,121.052,911.909,-150.711,85.0663,947.465,-46.0513,117.808,950.917,-120.466,72.9782,964.106,-96.7414,74.7449,923.547,-133.401,48.9708,975.275,-82.7402,47.4263,922.335,-151.034,14.4516,995.863,-72.1451,13.0359,884.346,-169.454,64.3284,867.172,-171.371,54.215,858.704,-184.028,59.0882,873.893,-180.885,67.1991,0,0,0
010610:935.041,-120.142,143.48,934.438,-121.764,146.807,936.629,-116.775,147.43,937.715,-123.746,145.22,944.268,-107.977,145.982,940.403,-129.07,123.608,951.993,-97.4964,130.038,929.576,-142.377,102.349,959.52,-70.1529,120.337,906.151,-150.946,85.2362,945.557,-46.6141,117.588,949.607,-121.322,72.73,962.077,-97.4809,74.8042,932.598,-134.902,45.0458,977.282,-82.6076,45.7177,920.097,-150.412,13.7939,997.883,-72.7298,11.2403,881.385,-169.643,64.6398,865.073,-171.794,54.197,858.389,-185.476,57.8675,868.165,-181.497,68.0276,0,0,0
010611:942.776,-123.485,142.217,941.84,-124.423,145.484,942.263,-120.1,146.763,941.168,-124.931,144.879,942.192,-109.962,147.216,940.482,-129.002,124.361,948.782,-99.1444,131.613,936.582,-143.112,101.118,958.602,-71.4691,119.675,911.765,-151.85,83.9877,953.605,-49.5944,114.537,952.197,-121.91,72.0345,963.877,-99.2648,74.5624,921.505,-133.865,47.9718,976.124,-85.2186,47.4686,914.146,-151.413,14.0546,1000,-73.9314,12.2006,879.126,-170.076,64.5846,865.457,-172.347,53.4427,858.111,-186.922,56.8132,866.765,-182.149,67.7561,0,0,0
010612:935.801,-123.708,142.675,936.504,-125.219,145.583,935.463,-120.16,147.249,940.663,-126.361,143.647,940.249,-109.844,146.579,942.801,-130.038,122.283,951.823,-98.8875,129.74,935.719,-142.979,100.303,960.274,-70.7332,119.056,913.431,-151.522,83.7934,948.708,-48.6275,115.861,954.761,-123.166,71.6416,967.423,-99.6497,73.8324,921.446,-135.304,48.6597,977.701,-85.1166,47.3647,907.449,-152.207,16.8117,996.668,-74.8214,13.0829,877.515,-170.758,64.0415,864.707,-173.258,52.6796,858.734,-187.175,56.2923,868.864,-183.761,65.564,0,0,0
010613:937.419,-124.474,140.94,938.453,-125.988,143.836,937.686,-120.975,145.325,942.519,-127.258,142.216,941.331,-110.72,145.001,940.822,-130.855,122.153,950.276,-99.271,128.954,934.67,-144.577,100.991,954.333,-70.1665,119.889,914.061,-152.953,83.3624,945.489,-48.6679,115.934,949.628,-122.683,72.3209,962.077,-98.9003,74.3209,919.67,-136.104,47.4935,974.745,-85.5362,46.1711,910.249,-153.725,14.4144,991.597,-74.603,12.7043,888.571,-173.867,59.0345,867.959,-174.795,51.1171,865.022,-188.861,52.6352,876.369,-184.8,61.168,0,0,0
010614:934.41,-125.451,140.974,933.973,-126.492,144.212,933.72,-121.917,145.587,938.329,-127.379,142.775,937.865,-111.589,145.333,942.643,-131.291,121.477,946.267,-100.708,129.749,932.459,-144.899,101.296,949.352,-72.3976,120.717,913.977,-154.033,82.6629,945.193,-51.2231,115.431,950.906,-123.692,70.5023,959.427,-100.386,73.7438,919.406,-136.571,46.2925,968.784,-86.5452,47.3643,906.327,-154.447,15.3765,992.072,-75.5536,13.773,890.857,-174.902,57.3445,866.185,-174.907,51.6651,863.204,-188.954,53.0166,876.328,-184.801,61.0007,0,0,0
010615:935.019,-125.487,140.576,934.83,-127.045,143.73,935.573,-121.9,144.923,938.294,-128.514,142.057,940.895,-111.878,144.082,941.16,-131.899,120.721,948.069,-101.881,128.249,928.233,-146.132,101.826,949.724,-73.1429,120.485,911.77,-154.972,82.846,943.937,-50.3764,115.314,954.691,-124.771,69.2353,963.962,-101.94,72.1707,921.641,-136.54,46.2771,961.661,-88.1871,49.0094,912.464,-155.752,14.2462,981.481,-77.4867,15.7319,887.175,-175.708,57.4085,862.697,-175.986,51.4183,861.433,-189.046,53.5633,874.272,-186.071,59.8324,0,0,0
010616:933.532,-126.766,140.598,931.202,-128.523,144.54,933.708,-123.18,144.803,937.588,-129.401,142.353,935.213,-112.968,144.837,939.04,-132.409,121.489,950.106,-101.565,126.802,930.9,-147.047,99.971,949.42,-74.3264,119.583,914.211,-155.473,81.6388,948.622,-51.303,113.039,951.735,-123.993,70.6684,947.011,-102.501,75.7689,960.741,-133.134,36.5868,894.379,-95.8088,64.3898,1007.62,-148.549,-11.9779,856.429,-93.4062,49.0688,884.457,-176.163,57.4307,862.155,-176.595,50.7723,859.774,-189.989,53.0571,870.522,-186.266,60.244,0,0,0
010617:932.562,-127.49,140.091,933.818,-129.072,143.036,929.981,-123.927,144.866,944.205,-129.805,139.593,927.953,-113.97,145.301,941.089,-133.215,119.749,942.836,-102.865,127.055,928.665,-147.522,99.8672,948.837,-75.3995,118.396,910.412,-155.37,82.2835,948.806,-51.5198,113.241,944.505,-125.307,70.0803,936.911,-103.741,76.0856,952.914,-135.116,37.5399,901.849,-94.61,61.7727,976.961,-151.6,-3.641,870.61,-91.5496,44.7636,882.021,-177.767,56.5135,859.638,-177.608,50.5349,858.659,-191.189,51.7238,869.488,-187.476,59.2584,0,0,0
010618:934.236,-128.672,138.897,935.681,-129.735,141.381,933.067,-125.226,143.461,938.146,-130.27,139.8,932.191,-114.88,143.799,936.341,-133.889,120.015,935.159,-103.882,129.452,931.784,-147.926,99.4278,945.763,-75.0428,119.479,919.454,-155.911,80.7887,944.535,-51.6848,114.511,942.999,-126.141,69.6686,948.386,-102.943,73.8188,915.24,-140.192,45.9407,959.15,-88.3386,48.6004,897.615,-158.213,16.2966,987.717,-76.4644,12.6952,877.228,-179.211,56.2265,861.395,-178.655,49.1998,855.701,-192.477,50.6096,865.681,-187.673,59.392,0,0,0
010619:925.254,-127.956,140.585,929.894,-129.591,142.307,923.737,-124.504,145.212,940.297,-131.321,138.701,929.116,-115.293,143.946,941.081,-135.223,118.095,936.259,-104.875,128.252,926.938,-147.839,100.051,944.672,-76.1542,118.766,913.735,-154.984,82.2187,943.238,-51.9712,114.268,943.249,-126.453,69.3776,945.463,-103.137,74.2804,917.858,-141.232,45.354,952.537,-89.0371,50.2398,897.363,-158.957,16.1402,983.219,-78.5584,12.839,875.482,-180.185,55.5879,862.182,-180.91,46.9639,857.429,-193.538,49.2576,862.695,-189.262,58.9498,0,0,0
010620:932.826,-128.943,138.003,933.633,-130.683,140.671,931.995,-125.356,142.604,935.162,-132.407,139.124,932.052,-115.555,142.743,934.423,-136.451,118.994,932.261,-104.248,128.929,926.218,-148.715,99.3774,940.497,-75.1968,119.602,916.055,-156.719,80.3162,945.88,-52.8703,112.784,940.169,-128.109,69.6123,945.572,-103.368,73.7039,911.447,-142.949,46.8109,957.421,-88.8256,48.11,893.422,-159.057,17.3262,992.536,-77.8986,9.14587,874.905,-181.377,54.7395,860.669,-181.57,46.2647,856.871,-194.139,48.62,860.885,-189.354,59.3219,0,0,0
010621:926.207,-130.013,138.885,928.587,-131.595,141.097,926.491,-126.673,143.135,934.919,-133.217,138.507,932.254,-117.453,142.005,936.897,-136.801,117.664,934.154,-106.544,128.129,928.437,-148.57,98.9009,940.098,-77.1262,120.469,917.102,-156.704,80.9798,946.928,-54.4373,113.105,941.325,-128.122,68.8855,945.401,-104.631,73.5111,921.178,-143.623,43.5041,961.346,-90.6334,46.833,898.146,-159.541,14.923,985.029,-77.9998,10.8167,874.305,-182.571,53.8264,858.943,-182.526,45.428,855.794,-195.336,47.4852,860.844,-189.354,59.156,0,0,0
010622:930.786,-132.481,137.163,931.327,-133.277,140.021,932.663,-128.934,140.775,932.852,-133.741,138.439,936.921,-118.947,139.287,939.898,-137.24,116.339,933.4,-107.594,127.706,939.141,-148.126,94.1198,942.431,-77.7488,119.395,922.633,-156.623,79.4649,945.672,-54.0154,112.519,935.357,-128.901,70.9853,936.245,-106.109,76.2244,917.513,-143.839,42.7752,949.207,-91.9469,48.9328,901.615,-159.738,12.9264,984.607,-80.1109,11.6305,872.702,-183.24,53.3741,860.441,-183.882,43.8345,855.635,-196.489,46.2132,862.02,-191.883,55.7862,0,0,0
010623:927.031,-133.037,137.034,929.409,-134.341,139.531,927.682,-129.282,141.111,933.719,-135.402,137.404,931.719,-119.043,139.913,941.297,-138.419,115.378,930.706,-107.988,127.164,930.881,-148.585,97.0424,942.891,-78.4489,118.077,916.389,-156.814,81.8235,948.317,-55.3519,111.839,942.844,-130.358,67.7039,940.218,-106.842,73.7732,923.739,-144.702,40.4698,951.756,-92.1216,47.6827,897.002,-159.949,13.3524,985.392,-80.6313,10.406,871.8,-184.159,52.6365,858.005,-184.589,43.2523,852.369,-198.063,44.6991,859.889,-193.125,54.171,0,0,0
010624:923.389,-133.147,137.096,926.474,-134.626,139.388,925.474,-129.502,140.83,931.811,-136.083,136.94,931.642,-119.697,139.068,939.98,-139.3,114.75,927.737,-108.213,127.163,934.24,-148.943,95.1858,934.394,-78.2813,119.355,921.49,-158.03,79.6038,945.722,-54.6477,111.542,941.298,-130.405,67.6127,938.347,-106.581,73.972,925.246,-145.468,41.3815,957.81,-92.222,47.8908,893.137,-158.97,14.5546,985.605,-81.5571,11.06,871.499,-185.335,51.2481,857.043,-185.504,41.7764,849.018,-198.781,44.2386,858.126,-193.784,52.5857,0,0,0
010625:922.1,-134.095,137.457,924.016,-135.242,139.85,924.387,-130.759,140.942,929.064,-136.091,137.122,932.215,-121.449,138.467,939.855,-140.063,113.625,929.162,-109.013,126.192,935.126,-150.943,92.4158,934.626,-79.1572,118.467,924.775,-160.725,75.7468,947.404,-57.3391,109.526,939.205,-129.549,67.2187,937.446,-105.756,73.2898,920.982,-144.897,40.0183,954.629,-91.3609,44.8867,896.547,-159.362,12.8214,984.634,-80.1867,8.13344,869.281,-186.319,50.4349,854.909,-186.773,40.2205,848.511,-200.229,42.4221,861.557,-195.921,49.7694,0,0,0
010626:920.239,-135.457,136.435,923.949,-136.898,138.625,921.253,-131.822,140.334,931.528,-137.806,135.738,928.236,-121.709,138.526,940.402,-140.99,112.732,929.311,-109.179,125.666,926.744,-150.502,93.6641,933.974,-79.2176,118.312,915.275,-160.084,77.8673,941.249,-57.0774,108.96,949.517,-131.667,63.6057,946.508,-107.112,69.8482,926.748,-147.628,38.4031,955.845,-93.5327,43.7565,897.465,-158.85,13.9294,986.383,-81.3746,7.25355,868.321,-187.237,49.4769,852.812,-188.031,38.7548,851.559,-201.537,39.7549,858.653,-196.049,49.5992,0,0,0
010627:909.417,-134.872,138.941,917.432,-136.651,139.89,909.569,-131.33,142.895,934.822,-138.444,134.191,921.401,-122.265,139.496,944.584,-141.746,111.264,927.997,-110.571,125.213,930.938,-150.386,93.0913,934.678,-82.0699,117.469,921.606,-159.695,78.2453,950.21,-60.1614,109.211,946.092,-131.62,64.2476,939.893,-107.445,71.2811,923.847,-148.543,38.5327,953.462,-94.3349,43.7099,898.541,-158.99,13.2638,991.19,-82.0677,5.71867,867.516,-188.72,48.1485,855.387,-189.048,36.9853,850.179,-201.882,38.8491,858.972,-197.751,47.9676,0,0,0
010628:915.955,-137.026,136.522,919.672,-138.223,138.547,917.347,-133.574,140.339,928.975,-138.593,135.113,927.034,-123.372,137.867,942.407,-141.862,111.746,926.708,-110.148,125.168,931.688,-150.894,93.6274,928.324,-81.7161,118.471,923.948,-159.81,78.9408,945.678,-62.449,110.236,946.879,-132.122,64.346,941.623,-107.657,71.0005,925.745,-148.588,38.3716,955.714,-94.8569,43.8247,894.731,-157.974,13.8931,983.716,-82.3869,8.34793,868.812,-190.967,46.0201,858.004,-191.5,35.2928,850.232,-202.738,37.6884,858.108,-198.652,46.9428,0,0,0
010629:924.018,-138.862,133.988,926.651,-139.933,136.271,925.537,-135.36,137.83,930.367,-139.348,134.049,929.514,-124.067,136.703,938.19,-141.727,112.175,923.248,-110.011,125.379,929.522,-150.9,93.8138,925.352,-81.5927,118.684,928.448,-159.778,78.8967,939.859,-60.7593,111.783,943.495,-132.462,63.5773,938.763,-107.932,70.0038,921.598,-148.577,38.8268,949.705,-94.7741,44.3991,899.428,-157.436,11.9922,989.034,-82.6658,5.56603,865.298,-191.426,46.1595,857.785,-191.797,35.1831,846.224,-203.187,37.6081,858.61,-200.067,45.3362,0,0,0
010630:921.146,-139.25,133.095,923.415,-140.544,135.532,921.894,-135.747,137.277,929.324,-140.541,133.112,926.944,-124.89,136.409,939.171,-142.797,110.998,925.128,-111.215,124.399,930.16,-152.168,92.6686,925.031,-83.1075,118.569,930.651,-162.496,76.0066,937.032,-62.2485,112.103,945.504,-132.426,62.9962,941.452,-107.974,69.5015,919.988,-147.559,38.0869,949.785,-93.7455,43.29,901.165,-158.06,10.7164,988.368,-83.1308,5.29235,862.847,-192.123,45.746,861.435,-193.923,32.9996,845.542,-203.787,36.5096,859.448,-201.175,44.1996,0,0,0
010631:926.571,-141.03,131.287,925.218,-141.736,134.578,927.551,-137.616,135.329,925.635,-140.823,133.697,931.946,-126.599,134.772,937.049,-143.305,112.097,929.497,-112.91,123.264,930.305,-152.638,93.719,930.875,-84.8307,117,926.99,-162.993,76.2778,938.613,-63.5503,110.847,938.985,-134.117,65.7569,939.368,-110.51,70.5894,917.931,-148.556,40.0796,951.578,-95.8971,43.41,898.544,-158.183,12.9679,984.072,-84.5251,7.34364,860.878,-192.791,45.488,859.493,-194.012,32.907,844.68,-204.68,35.4982,861.927,-202.509,42.778,0,0,0
010632:924.511,-138.642,130.447,926.062,-140.307,133.058,923.941,-135.395,134.922,931.607,-141.315,130.682,928.398,-125.788,134.374,935.455,-144.36,110.216,928.853,-112.834,121.778,917.816,-154.623,93.3007,927.651,-84.9081,116.884,907.423,-165.675,75.2431,934.339,-65.1563,111.401,938.885,-133.563,64.1138,937.409,-109.573,70.1333,918.121,-148.999,39.0894,949.018,-97.0977,43.0676,891.896,-157.763,14.3986,986.172,-84.2642,5.01603,885.399,-192.477,37.7855,860.096,-194.857,30.1267,844.431,-205.835,33.9856,858.831,-202.923,42.7348,0,0,0
010633:923.553,-141.996,131.086,924.258,-142.9,133.908,924.01,-138.625,134.921,928.945,-142.099,131.481,930.109,-127.484,133.234,934.207,-144.731,110.176,930.067,-113.556,120.713,921.314,-154.564,91.8279,934.494,-86.2066,114.932,903.995,-164.407,77.8732,942.526,-66.453,109.489,933.394,-134.775,66.279,932.982,-111.086,71.5577,921.145,-149.986,41.9224,950.901,-96.9789,45.6632,897.056,-159.01,13.4453,986.956,-85.6215,4.70506,885.896,-192.754,36.7001,869.218,-196.468,25.7326,861.591,-209.214,25.9825,870.026,-205.652,38.443,0,0,0
010634:921.691,-142.221,130.691,921.694,-143.148,133.685,921.227,-138.892,134.839,926.462,-142.507,131.429,926.039,-128.074,133.781,933.011,-145.019,110.086,928.043,-114.573,120.958,925.312,-156.146,90.7109,935.697,-87.0791,114.32,914.161,-166.935,74.9118,944.058,-66.4958,108.38,930.276,-133.923,66.3065,930.698,-110.795,71.5292,913.024,-148.823,41.5488,949.131,-97.2445,43.387,893.548,-158.426,13.7269,992.719,-84.8335,1.9809,875.402,-189.166,42.445,870.618,-196.987,25.1189,865.054,-210.525,24.4181,869.987,-205.655,38.3025,0,0,0
010635:920.312,-143.302,130.242,921.34,-143.934,132.77,922.388,-140.216,133.769,925.415,-142.796,130.849,928.366,-129.718,132.499,936.744,-144.649,109.886,923.419,-115.686,122.008,934.591,-154.149,91.4926,925.107,-86.7234,115.901,927.378,-164.204,76.5588,929.883,-63.7607,111.021,932.871,-133.466,66.2041,930.658,-111.078,71.5307,914.428,-148.35,40.5003,946.007,-97.7338,43.6378,899.082,-157.716,12.7707,990.709,-85.9576,3.79196,869.793,-189.446,43.3008,871.941,-197.511,24.1935,865.012,-210.526,24.2494,870.362,-206.502,38.3058,0,0,0
010636:922.68,-144.16,128.873,923.46,-145.083,131.581,922.663,-140.902,132.818,927.054,-144.174,129.565,927.389,-129.896,131.757,931.717,-146.484,109.305,927.97,-115.712,120.17,916.629,-156.467,91.6839,935.841,-88.3498,113.816,905.954,-166.999,75.6506,940.197,-67.9095,108.485,933.186,-135.285,65.6151,933.099,-111.938,70.9723,917.261,-149.91,40.0737,946.767,-99.1321,43.4837,894.085,-158.082,13.892,988.982,-87.5844,2.60614,868.755,-189.785,43.7511,870.008,-197.594,24.2806,863.839,-210.854,24.2713,870.402,-206.499,38.4461,0,0,0
010637:917.249,-143.771,129.439,920.679,-145.184,131.543,915.905,-140.32,133.733,928.863,-145.18,128.333,920.623,-129.689,132.583,933.192,-146.922,108.275,923.151,-116.574,120.587,921.95,-155.734,90.3477,932.82,-88.5404,114.123,915.415,-166.153,74.3515,938.911,-68.0945,108.426,929.427,-135.889,65.6604,926.323,-112.885,71.8064,915.519,-149.614,40.2294,944.434,-99.7524,43.6314,893.325,-157.931,13.9206,990.981,-87.581,1.26641,867.802,-189.551,43.1353,866.613,-196.291,26.1664,863.526,-211.152,23.8277,868.635,-206.564,39.1601,0,0,0
010638:919.239,-145.381,128.756,920.32,-145.899,131.375,918.076,-142.06,132.897,925.843,-144.765,129.052,921.567,-131.146,132.035,932.678,-147.041,108.396,924.367,-117.546,120.366,926.848,-157.261,88.2087,935.166,-89.5649,113.127,921.436,-168.99,69.7234,937.017,-68.6006,108.814,930.765,-134.906,65.0368,928.511,-112.541,71.2474,910.502,-148.628,40.7018,938.521,-99.7644,45.5635,895.421,-157.786,12.0414,988.098,-87.6885,3.388,872.386,-191.925,41.3253,866.613,-196.291,26.1664,863.485,-211.153,23.6592,868.593,-206.565,38.9919,0,0,0
010639:917.436,-145.303,128.176,919.816,-146.062,130.397,915.914,-142.079,132.412,926.28,-145.209,127.731,918.075,-131.303,132.011,930.122,-147.993,107.752,920.23,-117.331,121.119,911.387,-157.776,89.4946,929.835,-89.5937,114.651,896.647,-168.772,72.4896,937.448,-70.239,108.593,932.22,-136.695,64.2879,928.191,-113.56,71.2228,917.488,-150.209,39.3355,942.402,-100.806,44.52,895.355,-158.334,13.1985,990.029,-89.3323,2.28968,868.196,-190.393,43.1069,866.613,-196.291,26.1664,873.703,-210.805,21.3841,866.627,-206.637,38.8921,0,0,0
010640:917.226,-146.63,128.113,917.952,-147.153,130.671,916.203,-143.495,132.081,921.886,-145.626,128.468,918.435,-132.567,131.497,926.554,-148.438,108.155,920.882,-118.057,120.374,911.237,-158.145,88.7992,930.366,-90.4321,114.187,893.479,-169.4,71.9289,937.404,-69.6207,108.231,930.102,-137.39,64.5922,928.577,-114.362,70.5934,909.53,-150.933,42.8541,939.303,-100.81,45.6564,892.987,-158.268,13.8683,985.282,-89.5122,2.17483,866.249,-190.495,43.1093,870.242,-197.574,25.1283,875.613,-210.741,21.1215,866.627,-206.637,38.8921,0,0,0
010641:911.338,-145.99,127.859,914.057,-146.686,129.982,910.339,-142.938,131.751,921.807,-145.816,127.15,913.811,-132.607,130.954,925.632,-148.943,107.815,917.883,-118.004,120.046,904.652,-158.674,90.7556,926.802,-90.3906,114.243,890.048,-170.006,73.4321,938.53,-70.2344,106.677,932.632,-136.774,62.8896,929.117,-113.172,69.234,908.565,-151.037,41.4735,934.352,-100.35,44.7522,891.042,-158.356,14.7571,982.631,-89.1621,2.00869,867.679,-191.001,42.6578,872.405,-198.35,24.4178,876.337,-211.007,20.8825,866.709,-206.635,39.2282,0,0,0
010642:917.543,-147.23,126.712,918.223,-147.703,129.017,916.503,-144.38,130.671,921.232,-146.004,126.675,917.707,-133.897,130.197,925.308,-148.855,107.242,918.379,-118.424,119.96,910.731,-158.561,88.2087,933.339,-91.5399,111.975,894.9,-169.654,71.3893,950.465,-72.8706,103.036,926.689,-136.059,64.7048,923.866,-112.845,71.2083,909.126,-150.713,39.9915,934.938,-100.187,44.0649,892.043,-158.139,13.4105,980.21,-88.6584,2.84554,870.625,-192.011,42.0329,872.405,-198.35,24.4178,877.826,-211.536,20.5459,866.709,-206.635,39.2282,0,0,0
010643:916.021,-148.324,126.772,917.379,-148.477,128.894,914.664,-145.459,130.675,922.958,-146.131,126.491,917.231,-134.85,130.113,922.467,-148.908,108.56,924.858,-119.113,118.333,908.311,-158.577,90.8499,939.362,-92.0608,110.049,897.591,-169.883,71.7005,943.079,-73.2588,104.906,931.854,-135.452,62.7593,934.887,-112.413,67.4975,901.861,-151.282,42.6098,933.527,-100.677,44.5716,896.338,-157.382,13.3475,980.983,-87.885,3.12323,871.866,-192.535,40.8754,876.713,-199.912,22.8482,880.599,-211.733,20.5244,868.134,-207.157,38.7741,0,0,0
010644:924.124,-147.285,124.163,925.638,-148.677,126.282,922.133,-144.227,128.168,926.809,-148.354,123.775,914.547,-134.587,129.042,921.083,-150.779,106.306,913.308,-119.879,118.782,901.637,-159.077,89.8166,921.368,-92.7976,113.82,889.431,-169.374,73.5389,933.371,-71.8559,106.368,933.88,-136.929,61.1845,929.922,-113.251,67.7714,908.438,-152.405,41.1745,934.362,-101.328,43.3094,889.493,-157.674,14.8232,976.101,-90.4719,0.791114,871.715,-194.278,41.0447,878.897,-200.694,22.1308,883.637,-212.794,19.9902,870.836,-208.218,37.3013,814.183,-200.565,72.5229
010645:913.105,-149.699,126.439,915.254,-150.366,128.833,910.537,-146.739,130.614,928.606,-148.209,124.272,907.085,-136.623,130.971,937.515,-149.359,103.789,912.332,-121.368,118.999,905.212,-157.907,89.9677,923.932,-94.4425,113.139,892.212,-169.595,72.0468,948.498,-73.3072,103.331,950.161,-134.98,56.6864,911.329,-115.67,71.2278,971.147,-147.732,23.6889,831.823,-114.423,71.7325,991.082,-149.174,-15.8621,802.007,-110.189,53.7928,862.296,-192.988,44.9027,881.78,-201.745,21.0283,884.986,-213.622,19.8568,864.881,-209.007,38.4722,816.317,-201.488,70.7536
010646:905.835,-148.499,126.359,908.094,-149.074,128.47,906.009,-146.104,129.87,917.441,-147.867,125.594,913.295,-136.929,128.651,922.441,-150.205,107.248,919.816,-121.337,117.91,902.431,-158.662,89.9714,934.855,-94.1312,109.719,885.988,-169.222,73.7765,944.938,-74.6195,101.982,923.666,-135.566,65.3368,922.423,-113.097,70.602,908.509,-151.683,40.0528,928.894,-100.628,43.0752,895.627,-158.754,13.0431,969.528,-88.0438,2.55283,862.714,-194.697,43.6475,868.672,-197.635,26.5657,881.381,-214.897,20.7941,861.833,-208.54,40.1102,816.042,-201.501,69.7203
010647:907.612,-148.839,126.411,908.638,-150.25,128.675,907.909,-146.018,130.178,916.08,-149.879,125.96,914.587,-136.19,129.382,918.356,-151.881,107.312,923.057,-121.177,117.506,900.909,-159.113,90.1918,931.947,-94.8655,110.969,884.023,-168.347,74.4445,948.505,-78.6501,101.905,932.153,-138.019,62.3645,937.444,-114.206,66.703,902.52,-152.278,41.4013,942.836,-102.205,39.3492,893.76,-156.231,13.8438,981.639,-88.8148,-0.767602,854.607,-193.651,45.5485,864.098,-197.838,27.6981,879.95,-215.809,21.5714,857.105,-208.14,42.6392,815.494,-201.529,67.6533
010648:903.707,-147.973,126.963,904.306,-149.759,129.239,904.935,-145.408,130.643,911.802,-150.359,126.259,913.955,-136.78,129.357,913.282,-152.452,107.112,920.631,-121.829,117.897,893.893,-159.664,89.2571,925.21,-93.7561,112.511,879.707,-169.829,72.4302,926.276,-74.7344,107.083,924.93,-136.723,63.9008,930.488,-112.975,68.7017,903.225,-152.761,40.6341,933.364,-101.418,41.8046,898.88,-158.031,12.0682,970.507,-87.8866,2.06259,845.095,-192.125,47.4251,859.594,-198.038,28.9908,867.36,-216.189,26.6119,850.294,-208.67,46.6562,820.442,-202.337,65.0025
010649:899.551,-146.942,127.93,902.101,-148.977,129.716,900.399,-144.266,131.694,913.771,-150.572,125.478,910.645,-136.278,129.834,913.331,-153.454,106.346,920.655,-122.341,117.74,888.463,-159.543,89.0662,918.927,-94.0447,113.74,872.391,-169.983,73.1307,925.159,-74.4522,107.275,928.688,-138.517,62.2819,934.836,-114.55,67.3652,901.467,-153.625,42.2036,939.031,-102.789,42.0479,898.587,-157.827,13.428,975.97,-90.0989,2.86832,852.35,-195.753,45.6931,852.714,-197.774,30.5799,860.192,-216.405,29.1391,851.026,-208.925,46.5746,820.167,-202.351,63.9643
010650:905.934,-148.724,125.864,904.145,-150.462,128.779,907.25,-145.874,129.406,907.66,-151.105,126.593,913.252,-136.867,128.482,911.31,-153.429,106.691,917.904,-122.312,117.804,894.032,-159.302,87.8272,922.349,-94.3434,112.815,879.319,-170.074,71.0343,935.174,-75.9811,103.466,930.339,-139.031,62.125,936.042,-114.865,66.8375,906.452,-154.057,39.3134,941.163,-103.229,38.5574,897.538,-157.913,13.449,976.616,-90.2511,-0.0475385,844.68,-195.265,46.6886,836.126,-194.838,36.8977,853.056,-216.62,31.4733,845.459,-209.409,47.7991,819.892,-202.365,62.926
010651:901.206,-147.716,125.943,902.622,-150.296,128.154,901.904,-144.844,129.967,911.865,-152.242,124.577,910.418,-136.449,128.865,911.946,-154.17,105.199,918.996,-122.643,116.937,889.97,-159.489,87.1279,917.553,-94.5775,113.301,869.639,-168.736,72.8925,926.675,-74.46,105.635,925.295,-138.936,62.8607,931.839,-114.673,67.8031,900.871,-153.457,41.4357,941.573,-102.026,39.5622,895.503,-158.187,14.4422,977.432,-90.6862,0.810233,843.224,-194.769,46.8521,832.579,-196.141,36.9526,838.501,-215.092,35.9383,843.713,-209.469,48.3232,821.777,-203.312,60.0858
010652:900.682,-149.771,126.139,904.271,-152.182,127.459,900.637,-147.096,129.895,914.022,-152.657,123.366,906.245,-137.773,128.996,916.279,-154.599,103.497,913.882,-122.726,117.645,894.167,-159.931,85.7107,913.415,-94.2711,113.852,877.175,-168.851,71.5753,925.38,-75.3522,105.24,930.578,-138.476,61.7063,932.748,-114.608,68.0569,900.966,-153.578,41.5769,936.134,-103.13,40.5971,899.484,-159.043,14.3791,972.571,-89.2297,1.15583,846.792,-193.739,47.4571,827.351,-196.387,38.1648,828.373,-213.47,38.3652,846.27,-210.239,49.7669,821.502,-203.326,59.0451
010653:896.882,-147.599,126.323,899.491,-150.489,127.992,898.622,-145.127,129.814,909.034,-152.22,124.327,908.085,-136.8,128.576,911.475,-154.077,104.951,916.849,-122.539,117.278,890.054,-159.116,86.8178,919.626,-94.7291,112.701,871.736,-168.652,72.8262,925.237,-75.3172,105.42,925.128,-138.261,63.3965,931.473,-114.434,68.452,903.07,-153.241,40.2811,937.836,-102.747,38.5073,898.475,-159.319,15.7178,965.358,-89.7698,2.84659,840.452,-192.082,50.4627,822.258,-193.855,44.8135,824.749,-212.155,46.1782,832.76,-206.771,56.3385,821.227,-203.34,58.0042
010654:901.043,-149.451,124.867,904.082,-151.402,126.415,902.685,-147.207,128.503,910.077,-150.924,124.381,908.1,-139.158,128.339,911.475,-151.695,106.617,918.191,-124.898,116.62,897.033,-159.071,85.4299,931.755,-98.8291,109.737,871.697,-167.175,71.8194,933.93,-78.0718,104.455,926.98,-136.619,62.8157,932.918,-116.997,67.1462,894.615,-152.338,44.4933,931.934,-104.099,40.9219,895.402,-155.33,13.221,960.061,-91.0522,8.16201,834.136,-191.418,55.1007,823.937,-196.059,45.8376,814.791,-206.703,49.9492,827.438,-203.083,58.3609,821.502,-203.326,59.0451
010655:900.886,-149.458,124.349,903.924,-151.41,125.896,902.544,-147.209,127.946,910.077,-150.924,124.381,908.1,-139.158,128.339,913.978,-152.581,104.8,920.733,-125.734,114.815,896.879,-159.079,84.9082,931.612,-98.8298,109.171,868.903,-166.3,72.0808,930.672,-78.4837,104.69,926.98,-136.619,62.8157,929.582,-117.333,67.5058,894.615,-152.338,44.4933,928.618,-104.458,41.3054,895.402,-155.33,13.221,959.917,-91.0524,7.57158,831.921,-190.497,56.933,819.081,-195.259,49.0839,812.925,-205.751,52.8028,822.945,-201.224,61.4836,817.741,-201.436,64.7186
010656:900.886,-149.458,124.349,903.924,-151.41,125.896,902.386,-147.216,127.428,909.936,-150.926,123.82,907.799,-139.167,127.26,913.978,-152.581,104.8,917.628,-126.036,115.595,894.137,-158.197,85.6704,928.324,-99.2018,109.429,868.903,-166.3,72.0808,927.57,-78.8936,105.486,926.98,-136.619,62.8157,929.582,-117.333,67.5058,894.615,-152.338,44.4933,928.76,-104.457,41.8805,895.402,-155.33,13.221,959.872,-92.2504,8.22088,832.341,-190.472,58.4829,819.496,-195.233,50.6237,811.07,-204.795,55.5971,823.366,-201.191,62.9736,808.845,-198.783,71.9327
010657:897.703,-149.705,124.547,900.727,-151.653,126.091,899.201,-147.469,127.619,906.695,-151.177,124.061,904.741,-139.436,128.008,913.82,-152.589,104.275,917.628,-126.036,115.595,893.997,-158.199,85.1086,931.239,-99.987,108.689,869.052,-166.29,72.5945,930.646,-79.6389,105.295,923.647,-136.91,63.1916,929.582,-117.333,67.5058,894.615,-152.338,44.4933,928.618,-104.458,41.3054,898.201,-156.223,12.2944,959.872,-92.2504,8.22088,825.05,-187.768,61.3451,812.478,-192.521,54.0479,804.038,-202.065,58.4722,818.999,-198.331,64.9624,807.106,-196.843,73.5787
010658:897.24,-150.816,124.105,900.417,-152.758,126.167,899.04,-148.572,128.248,906.384,-152.286,124.137,904.453,-140.548,128.077,910.708,-152.831,105.084,917.366,-127.166,115.66,896.739,-159.081,84.3452,928.114,-100.349,109.482,866.28,-165.411,72.8121,930.503,-79.6393,104.732,926.542,-137.774,62.3572,929.582,-117.333,67.5058,894.615,-152.338,44.4933,928.618,-104.458,41.3054,898.35,-156.212,12.8299,963.157,-93.0463,7.78589,820.421,-185.97,63.9124,802.943,-189.966,58.7525,797.494,-199.331,62.7786,812.026,-195.606,68.2424,797.252,-190.297,81.5281
011089:109.967,105.322,-1.65528
