001142:995.123,-4.45708,153.196,996.813,-6.02853,156.394,998.342,-1.2226,155.577,1005.6,-8.26909,154.22,1006.88,5.84212,152.619,1014.38,-18.0061,134.832,1023.17,14.7624,132.503,1028.47,-32.285,108.636,1032.76,27.5031,110.487,1013.53,-40.7955,86.589,1018.32,32.554,94.4753,1026.56,-17.176,85.6824,1028.84,9.78979,85.1908,1015.67,-23.0883,57.5457,1036.85,19.9869,52.1757,1056.89,-29.8704,10.5895,1061.53,21.5824,13.3383,1000.46,-61.3925,56.3962,996.593,-64.2563,45.6276,976.138,-75.3989,44.938,990.324,-73.9494,55.4297,0,0,0
001143:999.434,-7.29091,152.27,1002.56,-8.70552,155.235,1000.36,-3.63188,155.196,1011.87,-9.98255,152.78,1007.3,4.70753,152.37,1016.4,-18.5933,133.952,1022.94,14.574,132.152,1026.33,-32.9128,109.959,1030.87,27.3411,112.199,1011.33,-41.5171,87.9526,1010.92,30.9049,99.9641,1024.61,-17.3143,85.3242,1031.09,9.68394,84.7432,1030,-26.1891,50.678,1038.55,18.6333,51.3323,1053.15,-30.2149,11.5833,1053.69,21.1272,16.481,1004.17,-62.9267,56.5,996.593,-64.2563,45.6276,982.105,-75.999,45.0872,988.275,-74.2337,56.6182,0,0,0
001144:997.465,-7.14131,152.307,1001.56,-8.76579,155.161,998.289,-3.35667,155.293,1011.59,-10.5929,152.728,1004.65,4.49606,152.596,1012.01,-19.6751,134.95,1023.49,14.2783,131.654,1025.94,-33.8906,110.028,1035.9,27.0497,109.517,1011.8,-42.7617,87.4579,1025.03,32.3644,92.5041,1019.84,-17.0805,86.0284,1031.09,9.68394,84.7432,1024.08,-27.1209,52.0262,1039.48,17.5845,51.1113,1060.33,-30.1242,9.20302,1053.83,18.4811,16.7922,992.005,-64.5846,59.8672,990.531,-65.0811,47.3592,984.646,-77.7471,48.7808,986.184,-74.5174,57.6122,0,0,0
001145:991.794,-7.38966,153.858,998.092,-8.72766,156.196,990.167,-3.97223,157.309,1014.24,-9.97166,152.536,999.641,3.66543,154.496,1015.79,-19.6188,135.017,1020.92,13.9423,133.666,1017.07,-34.6495,112.124,1035.72,26.1223,111.565,1010.22,-43.1739,88.3039,1016.35,31.3708,100.011,1028.96,-18.8179,84.8467,1026.59,9.36884,85.8811,1027.83,-26.5164,50.8003,1026.65,17.3277,55.3263,1047.16,-29.84,13.2775,1050.36,17.5234,18.7116,1001.16,-66.6835,57.6751,997.773,-66.767,45.2886,980.422,-78.943,49.9865,985.092,-74.6589,57.9172,0,0,0
001146:998.268,-8.54535,153.189,1002.62,-9.96701,155.755,998.637,-5.09677,156.23,1012.47,-11.4346,153.244,1002.92,2.60971,154.072,1012.05,-20.5096,135.96,1020.46,13.0455,133.804,1025.37,-35.537,110.858,1031.97,26.7402,112.443,1012.2,-44.547,88.0306,1021.57,30.9197,98.9817,1025.06,-18.643,86.512,1025.76,9.22839,85.8119,1021.53,-28.0867,54.0829,1034.66,15.4127,54.2157,1055.11,-31.0944,11.3928,1051.95,16.7523,18.4135,997.307,-66.5335,58.7401,995.096,-69.1243,46.052,976.792,-79.4479,52.5202,997.828,-79.7605,59.4804,0,0,0
001147:994.325,-7.38624,153.889,1000.52,-8.89595,156.239,993.465,-4.20797,157.178,1016.47,-10.8436,152.354,1001.33,2.77992,154.157,1015.11,-21.0569,135.334,1026.45,12.5038,132.252,1018.2,-36.4641,112.372,1036.61,26.0734,111.774,1005.59,-44.9342,89.4546,1014.76,29.3412,104.067,1020.05,-19.2192,86.7983,1024.24,8.94673,86.1977,1024.58,-28.3391,52.4745,1034.98,13.9189,52.3624,1053.43,-32.6433,10.6625,1047.43,15.3678,19.9755,991.909,-67.3175,62.6168,990.706,-71.0461,47.6826,970.863,-80.2008,54.2079,986.833,-81.0617,58.7909,0,0,0
001148:1001.75,-6.31451,152.523,1007.64,-7.99574,154.858,1000.83,-3.36749,155.823,1019.31,-10.6562,151.684,1003.5,2.40481,153.778,1010.89,-21.6,136.133,1025.83,11.514,132.511,1011.51,-37.4743,114.058,1034.33,25.6425,112.755,1001.32,-46.2538,91.2666,1008.33,30.4824,105.619,1018.13,-19.4,86.6378,1024.27,8.9465,86.3286,1021.86,-29.2697,52.9482,1033.87,13.5561,53.6751,1050.29,-32.8289,12.1006,1056.72,13.9681,15.8811,989.185,-71.0275,64.7902,996.122,-72.3299,46.1355,968.897,-80.4504,54.7676,989.098,-82.8555,62.9089,0,0,0
001149:990.231,-10.2526,154.868,995.785,-11.3817,157.2,991.476,-7.26559,157.591,1011.26,-12.3256,153.294,1003.4,0.523299,153.671,1013.86,-22.3768,135.367,1024.83,11.0834,132.799,1017.73,-38.7207,112.418,1027.92,25.1774,115.06,1005.35,-47.4368,89.8827,1013.09,31.1048,105.087,1018.78,-20.4118,86.9335,1024.27,8.9465,86.3286,1022.43,-29.475,53.8383,1031.53,12.9875,54.2033,1052.64,-33.0812,10.9681,1057.68,13.3139,16.3015,986.963,-71.9799,65.398,995.901,-73.0242,46.1982,977.141,-84.6576,53.09,976.098,-83.1829,67.6971,0,0,0
001150:994.468,-8.8863,154.318,1002.34,-10.0739,156.259,992.932,-6.05254,157.734,1020.54,-11.3918,151.774,998.831,0.427968,155.047,1013.01,-22.38,136.257,1026.05,10.487,133.076,1010.85,-39.1485,114.816,1033.73,24.6794,114.272,1002.71,-48.3946,92.0088,1016.86,30.3963,106.075,1016.66,-20.7254,87.2881,1020.17,7.71637,86.5296,1019.17,-29.95,53.6799,1032.83,12.4048,53.2269,1052.43,-33.8204,10.9786,1060.2,11.9463,14.7835,982.972,-72.5046,66.4911,995.457,-74.412,46.324,969.085,-86.3106,55.7506,975.939,-87.1301,68.3444,0,0,0
001151:995.104,-12.1499,153.992,1000.75,-12.8894,156.484,994.854,-8.84873,157.105,1013.41,-13.0271,153.706,1002.82,-0.123122,154.284,1011.05,-22.5142,137.265,1022.31,10.285,134.055,1017.15,-39.3884,114.381,1026.63,24.2944,115.988,1010.19,-49.9562,90.7564,1008.64,30.3016,109.453,1017.6,-22.0494,88.1598,1018.68,7.17028,87.1973,1017.53,-30.2382,54.8684,1025.75,10.599,55.87,1056.4,-34.7619,9.63792,1058.81,10.2399,17.9331,982.754,-73.1905,66.5502,999.041,-75.968,46.0234,967.121,-86.5517,56.3084,974.068,-87.3912,70.072,0,0,0
001152:998.442,-13.1564,152.851,1004.6,-14.0044,155.198,997.985,-9.93065,156.109,1016.82,-14.1618,152.649,1003.97,-1.5378,154.008,1010.13,-23.5991,136.883,1022.34,9.27971,134.071,1013.33,-40.2527,114.442,1024.86,23.2394,116.004,1002.9,-49.7568,92.5704,1004.72,29.4356,108.646,1019.26,-21.2255,87.8916,1020.74,6.26431,86.8031,1019.13,-29.9977,54.7548,1031.36,10.3371,55.0913,1048.37,-33.7472,12.0806,1062.82,8.88578,15.6594,981.295,-77.9806,67.282,983.605,-78.0015,53.211,959.174,-88.1792,58.897,978.112,-87.5602,69.4352,0,0,0
001153:1002.66,-13.9984,152.89,1008.76,-14.9327,155.238,1001.49,-10.6301,156.315,1018.91,-15.0928,152.724,1003.17,-2.11096,154.705,1007.73,-24.38,137.57,1020.02,8.99904,134.809,1013.72,-40.9946,114.481,1022.59,23.3378,116.743,1001.23,-50.6651,93.6323,1003.97,30.7285,108.812,1021.61,-22.2862,87.6961,1022.09,5.48108,86.599,1015.72,-30.5354,55.6488,1029.89,10.3372,56.3353,1054.78,-35.3895,10.6655,1062.33,7.71088,16.3794,977.887,-78.4617,70.2308,987.253,-78.8676,52.5539,991.71,-96.1725,53.9633,983.06,-89.5842,68.4196,0,0,0
001154:999.335,-13.7322,152.583,1003.84,-14.9771,155.407,999.355,-10.1786,155.823,1013.79,-15.8457,153.605,1006.1,-1.45956,153.797,1008.67,-25.1508,137.394,1024.85,8.89664,133.812,1012.74,-41.3507,114.173,1025.23,23.0324,116.248,1000.77,-51.4245,93.4641,1008.75,31.2563,108.196,1020.57,-22.8928,87.4988,1024.41,5.10754,86.66,1017.1,-30.3394,55.8731,1036.52,10.4889,53.9593,1052.89,-35.7334,11.5374,1064.91,7.39698,15.0872,975.91,-78.7139,70.7688,988.812,-79.9913,52.1122,986.922,-98.6723,55.1894,974.629,-91.8876,70.7152,0,0,0
001155:995.034,-13.4724,153.811,998.372,-14.8245,156.99,999.536,-9.87097,156.095,1006.28,-16.2361,155.083,1013.67,-2.31491,151.952,1003.06,-24.4854,138.127,1028.87,6.07998,132.554,1006.81,-39.788,115.805,1038.2,22.3531,115.33,1006.43,-52.6457,93.2384,1022.4,32.2701,105.19,1007.78,-25.4137,90.0373,1024.41,5.10754,86.66,1014.1,-33.3324,56.1997,1042.28,10.0374,49.6954,1049.82,-37.5816,15.4162,1069.29,6.37003,12.3303,982.011,-80.6115,71.0114,985.817,-83.0976,56.8144,984.204,-98.3921,59.1177,991.775,-95.1725,68.9877,0,0,0
001156:999.229,-14.0645,152.358,1003.4,-15.4085,155.072,999.653,-11.1436,155.561,1012.12,-16.7507,153.318,1003.02,-3.73994,154.468,1010.23,-26.7418,137.004,1023.42,6.92809,134.804,1022.6,-43.5119,111.233,1031.66,21.7159,115.585,1004.27,-53.712,92.8033,1015.36,30.0651,107.618,1022.38,-24.8921,86.8065,1021.37,4.55346,87.4291,999.592,-28.6935,60.9563,1029.38,9.17947,54.5504,1055.2,-37.8254,10.0245,1062.33,5.13601,14.3871,976.843,-81.8688,70.8817,968.147,-85.8592,59.2557,971.189,-98.6297,65.6778,978.484,-94.1204,74.0153,0,0,0
001157:1004.54,-15.2205,151.762,1007.15,-17.0179,154.929,1004.72,-11.7716,155.063,1011.42,-18.8279,153.934,1006.33,-3.77191,154.108,1006.28,-27.2338,138.004,1022.62,6.69816,134.673,1018.94,-43.3174,112.798,1028.97,21.6084,115.759,1007.42,-54.8952,93.8695,1007.77,29.7728,110.165,1021.06,-24.806,87.8395,1021.02,2.698,87.5173,1021.26,-34.2206,53.3624,1029.05,7.50551,54.5575,1054,-36.6006,11.584,1061.6,5.0049,14.6304,978.903,-82.9745,72.4794,977.593,-86.6893,57.7148,982.473,-101.934,63.5442,987.751,-96.3706,73.627,0,0,0
001158:1009.37,-16.8599,150.099,1016.22,-18.2471,152.445,1008.43,-13.7427,153.522,1021.37,-18.857,151.517,1006.1,-5.78873,153.916,1009.24,-27.3557,137.372,1015.09,6.05529,136.785,1012.6,-43.2784,113.282,1027.05,20.9629,117.803,1010.5,-57.3292,91.7265,1003.98,31.185,110.712,1030.46,-26.3777,86.4292,1021.62,2.04011,87.3636,1001.29,-30.7301,62.6303,1018.89,6.76876,57.5343,1049.93,-37.1812,13.9962,1060.09,4.43081,15.9758,980.66,-83.4098,72.0035,985.112,-88.4347,57.2934,986.869,-104.083,63.1346,985.169,-98.0083,76.1384,0,0,0
001159:1005.3,-16.2145,150.885,1010.46,-17.5139,153.433,1003.86,-13.086,154.442,1018.72,-18.7934,151.847,1004.33,-5.88353,154.274,1012.82,-28.845,135.761,1016.2,5.87693,136.859,1014.2,-44.5613,112.366,1023.56,22.0298,119.007,1006.34,-58.8581,92.6994,1012.22,31.6782,108.589,1023.99,-27.1044,86.1271,1024.46,1.52695,86.645,1016.91,-35.3829,54.0733,1022.88,6.85484,56.6374,1050.45,-38.7417,11.9685,1061.18,3.85677,14.9684,978.21,-85.0172,72.6644,977.289,-89.3919,60.2295,976.828,-105.846,67.0196,993.009,-100.41,74.4525,0,0,0
001160:1012.77,-13.325,149.475,1017.23,-15.7266,152.04,1010.23,-10.2324,153.303,1021.98,-19.5196,150.816,1005.93,-4.89087,154.052,1015.33,-29.8037,133.862,1013.36,4.5952,137.059,1016.27,-45.82,111.333,1022.91,21.2091,119.898,1006.98,-59.7769,92.6124,1011.04,32.1722,108.679,1035.15,-26.537,83.4865,1025.25,1.40103,86.7054,1027.84,-35.572,53.5006,1023.28,6.35261,58.1236,1050.12,-40.4618,13.6645,1063.28,3.6992,14.2194,982.393,-85.2096,73.3961,979.044,-89.8352,59.7388,977.002,-105.845,67.7191,980.653,-99.1902,78.4162,0,0,0
001161:1006.68,-14.841,150.475,1010.09,-17.267,153.23,1005.73,-11.7314,153.92,1015.91,-20.7959,151.904,1006.57,-5.96029,153.747,1013.28,-30.4582,134.555,1016.61,4.08225,136.464,1014.15,-46.1179,111.334,1022.83,20.8568,120.436,1002.24,-60.2048,94.1701,1009.1,31.4311,109.533,1033.21,-27.1961,84.4519,1024.31,0.733384,86.6619,1013.03,-33.1245,59.1657,1031.33,5.85882,54.8877,1048.1,-41.6056,15.451,1065.17,2.988,13.0672,982.51,-85.8904,74.8544,971.133,-91.4582,63.0639,965.625,-105.785,70.8387,965.758,-99.6087,83.9016,0,0,0
001162:996.951,-20.441,152.766,1003.54,-21.666,154.944,995.134,-17.0986,156.197,1017.3,-22.0258,152.048,999.216,-8.65992,154.924,1014.93,-30.6489,134.618,1015.49,3.71273,136.274,1015.63,-46.4493,110.803,1022.62,21.0258,119.652,1003.1,-61.1543,94.7821,1009.35,31.349,109.327,1032.88,-27.7998,84.5211,1027.27,0.220946,86.3022,1020.06,-36.7348,54.8523,1025.89,5.13414,55.8172,1044.85,-42.4928,15.0727,1063.05,2.09076,13.539,980.701,-87.4647,77.684,976.598,-92.1125,61.5405,982.443,-107.886,67.9027,967.965,-101.907,81.9896,0,0,0
001163:997.118,-20.4096,152.265,1000.73,-22.151,155.052,996.445,-16.9055,155.521,1011.91,-23.4757,152.652,1003.17,-8.43352,153.819,1016.09,-31.7483,133.638,1017.46,3.38191,135.412,1016.72,-48.2598,110.772,1021.73,21.3581,120.099,1002.31,-62.7346,94.9039,1014.05,33.2306,107.918,1033.11,-28.61,83.5377,1027.99,0.0915447,86.1217,1019.25,-37.1342,55.6568,1029.02,4.68368,53.4158,1046.93,-45.2225,14.3532,1063.97,2.05275,11.7081,978.47,-89.7208,79.9471,977.867,-93.919,61.1855,975.999,-110.543,71.1519,958.434,-102.974,84.7228,0,0,0
001164:1001.79,-21.1642,151.417,1004.63,-22.6795,154.328,1001.12,-17.789,154.654,1013.04,-23.6126,152.543,1005,-9.41775,153.52,1016.29,-32.1032,133.932,1015.57,2.87171,135.607,1020.38,-49.0341,110.153,1019.34,21.0425,120.167,1003.11,-63.341,95.0506,1009.25,32.5997,109.467,1031.11,-28.7504,84.3736,1027.99,0.0915447,86.1217,1018.98,-37.9884,57.1561,1026.62,3.97276,55.8163,1046.5,-47.1066,15.2835,1061.68,0.81708,13.2365,983.595,-91.7185,78.8443,989.223,-97.2597,61.7428,966.605,-110.24,73.7074,965.231,-104.783,82.9136,0,0,0
001165:996.525,-22.6576,153.179,999.049,-23.9451,156.109,997.207,-19.3769,156.023,1007.64,-24.1039,154.144,1004.85,-10.615,153.959,1013.32,-32.4943,134.903,1016.48,2.26297,135.761,1021.49,-49.2768,109.872,1021.41,20.7135,120.63,1000.31,-64.6472,95.2074,1011.56,33.108,110.107,1034.54,-30.1341,83.4431,1027.11,-0.576916,86.3414,1021.13,-39.1928,56.7826,1030,3.06126,54.3164,1045.03,-48.1952,16.1689,1059.47,0.178392,13.6218,979.121,-93.5439,80.028,964.583,-97.4964,69.6535,967.456,-113.372,74.135,980.213,-107.746,82.0303,0,0,0
001166:1001.27,-23.4973,152.461,1004,-24.4987,155.253,999.981,-20.4088,155.74,1012.63,-24.2113,153.139,1002.13,-11.9165,154.734,1016.64,-32.7916,134.397,1013.63,1.11631,136.571,1020.82,-51.1128,110.143,1017.78,20.2324,121.367,999.555,-65.9743,95.4079,1012.42,33.1752,110.065,1037.33,-30.604,83.0115,1026.3,-0.978759,86.548,1013.43,-39.0241,58.5194,1031.16,2.8141,53.6636,1045.17,-51.3123,14.6553,1065.74,0.481198,11.5241,975.352,-94.6766,82.8406,965.81,-99.29,69.3134,964.52,-116.241,75.2591,974.996,-108.995,85.9437,0,0,0
001167:994.877,-22.3011,151.996,998.136,-23.6842,154.743,994.896,-19.2506,155.147,1009.39,-24.7229,152.659,1001.39,-11.5564,153.935,1014.89,-33.9219,134.032,1014.66,1.04852,136.175,1015.96,-52.9031,110.372,1016.35,20.5033,121.859,1001.13,-66.9945,94.5454,1011.9,32.9777,110.13,1031.59,-30.8143,83.3713,1026.79,-1.64452,86.0332,1007.98,-41.1036,58.206,1028.62,1.78968,52.5624,1040.54,-51.6188,16.1065,1065.36,0.162733,11.2998,979.019,-95.5623,82.5381,961.415,-101.743,71.6282,966.398,-116.707,75.491,969.18,-109.66,89.9925,0,0,0
001168:992.689,-24.2862,153.178,995.669,-25.2216,155.927,992.899,-21.2495,156.279,1007.26,-25.292,153.622,1002.06,-12.8424,154.276,1015.6,-34.1041,134.001,1016.6,-0.10629,135.756,1015.58,-53.6092,110.538,1020.62,19.2042,120.174,996.406,-67.9518,95.0889,1013.45,32.1961,109.994,1032.29,-31.3194,82.9413,1028.09,-2.17381,85.4445,1009.96,-41.084,58.3231,1031.22,1.79694,53.5653,1042.11,-54.4306,13.7467,1065.67,0.192915,11.7624,978.528,-96.9159,82.6655,964.832,-102.648,70.6894,962.455,-117.767,77.6671,968.107,-109.773,90.2716,0,0,0
001169:998.151,-25.9196,151.11,999.859,-26.6995,154.15,997.884,-22.8485,154.287,1007.43,-26.1895,152.869,1003.6,-13.8501,153.145,1013.99,-34.5512,134.155,1015.46,-0.434203,135.477,1011.99,-54.0084,111.294,1018.27,19.3774,120.758,997.49,-68.6772,96.7461,1013.38,33.2957,109.833,1031.59,-32.3443,83.2612,1030,-3.36471,84.6783,1005.58,-42.2528,59.5521,1030.06,1.51015,54.2286,1034.34,-55.6576,16.613,1061.3,-0.518487,11.8609,979.911,-100.054,84.7434,964.678,-103.987,72.2114,963.347,-120.232,77.4237,970.108,-111.491,90.0788,0,0,0
001170:997.69,-24.9384,152.033,1001.25,-26.4999,154.706,995.783,-21.4568,155.557,1012.09,-27.6081,152.303,999.406,-12.8196,154.418,1016.73,-35.8505,133.283,1011.43,-0.695048,136.105,1015.39,-54.7652,110.436,1014.29,19.2359,121.647,1000.36,-70.2495,95.842,1011.41,33.4925,110.524,1027.38,-33.1245,84.3498,1028.98,-3.76465,84.0964,1008.17,-44.1038,58.0939,1026.36,1.54272,54.9511,1034.52,-57.3142,15.7028,1062.5,-0.276364,10.7156,979.911,-100.054,84.7434,973.28,-106.273,69.857,964.577,-122.697,78.5714,971.124,-113.32,90.472,0,0,0
001171:1000.43,-26.7488,152.075,1003.06,-27.781,154.902,1000.26,-23.46,155.217,1010.14,-28.0741,153.186,1004.5,-14.5893,153.8,1016.82,-36.3788,134.078,1010.86,-1.88969,136.885,1019.31,-55.6058,109.883,1011.72,18.7844,122.447,1002.04,-71.2149,95.9102,1005.97,32.9455,112.577,1023.19,-34.3527,86.0323,1031.12,-4.15922,83.551,1006.84,-44.9622,59.2633,1025.87,-0.127957,55.3658,1032.25,-58.3885,15.6685,1062.41,-0.292211,10.7011,979.911,-100.054,84.7434,972.767,-107.62,69.996,964.39,-123.36,78.9916,982.214,-116.705,87.9226,0,0,0
001172:994.961,-26.8859,152.548,996.901,-27.5424,155.509,995.803,-24.1812,155.519,1006.59,-27.2639,153.017,1006.08,-16.2826,152.76,1018.47,-36.3495,133.052,1013.4,-3.19528,136.283,1018.78,-55.517,109.613,1012.69,17.5535,122.559,997.613,-72.9214,96.6813,1003.25,31.0888,114.73,1024.63,-34.596,84.0237,1029.58,-4.42864,83.9421,1007.54,-45.4304,57.4686,1028.15,0.308602,54.1417,1032.45,-61.3332,14.5855,1060.1,0.0944169,11.583,973.953,-100.72,86.3024,962.904,-108.674,72.6923,947.681,-123.707,84.3363,974.774,-117.463,90.658,0,0,0
001173:994.492,-25.112,152.105,999.248,-26.607,154.331,994.263,-22.1976,155.389,1011.97,-28.5564,151.614,1000.99,-15.1634,153.975,1020.78,-37.2032,132.646,1010.04,-3.34104,137.233,1020.53,-55.9003,109.27,1009.05,18.1814,123.791,999.847,-73.5204,97.6549,1003.35,32.048,115.169,1028.29,-34.2782,83.8013,1028.04,-4.69747,84.3323,1009.95,-45.8275,56.7789,1027.75,-0.436749,54.1103,1025.64,-62.2622,17.7033,1052.75,0.631462,13.6558,967.56,-104.057,90.1814,963.753,-111.802,73.1583,961.349,-123.707,83.2575,973.349,-120.198,92.5637,0,0,0
001174:1007.45,-30.228,150.27,1007.45,-30.8583,153.561,1007.29,-27.1393,153.345,1009.91,-29.9293,152.598,1007.77,-17.8035,152.541,1016.42,-37.5777,133.264,1010.29,-3.99656,136.501,1019.42,-56.4605,109.414,1007.06,17.7521,124.011,1001.63,-73.7179,96.684,996.717,32.2135,116.957,1025.16,-35.3851,84.4965,1024.98,-5.2336,85.1105,1010.02,-47.3918,58.6094,1027.07,-0.0441025,54.1011,1028.41,-63.9596,16.9432,1061.34,0.399995,9.15571,966.541,-106.065,89.3401,965.638,-112.261,73.3456,951.33,-125.3,85.9245,975.158,-120.668,92.427,0,0,0
001175:990.353,-28.414,154.031,993.088,-28.9884,156.773,991.816,-26.1203,156.99,1006.14,-28.5058,152.951,1004.95,-19.0846,153.223,1019.22,-37.0739,132.687,1012.61,-5.82495,136.202,1016.76,-57.8955,109.647,1005.03,16.0431,124.203,1004.14,-76.5273,94.3286,998.456,31.6952,115.594,1030.41,-35.1694,80.8378,1023.44,-6.03193,85.9196,1014.99,-48.6314,55.7986,1036.54,-1.56368,51.4512,1033.09,-65.9686,13.8728,1063.89,0.792288,9.57662,964.842,-106.276,90.8865,961.447,-114,75.5951,959.696,-127.676,83.6947,973.441,-120.194,92.8694,0,0,0
001176:1004.98,-31.7855,150.772,1010.16,-32.8889,152.844,1000.97,-28.2604,154.686,1019.06,-31.9648,149.332,1001.1,-18.7387,153.284,1022.1,-38.7045,129.873,1011.6,-6.0219,135.463,1008.52,-59.2782,110.94,1026.89,13.4609,120.193,1000.01,-75.5874,97.6285,1014.96,29.4582,113.059,1030.68,-35.1162,81.6031,1024.64,-6.83083,85.2268,1018.92,-49.2441,55.3776,1030.97,-0.76684,54.4803,1022.01,-65.4021,19.6625,1060.57,0.361923,10.9993,965.238,-111.597,90.1756,966.054,-115.076,76.4158,960.273,-128.587,83.3718,962.545,-120.309,96.999,0,0,0
001177:1000.51,-32.6512,151.132,1002.97,-33.2001,154.174,1000.89,-29.7213,154.525,1012.13,-31.9548,151.825,1007.32,-19.9017,152.778,1016.66,-37.8642,132.501,1013.09,-6.5413,135.768,1004.1,-59.8205,112.573,1009.95,15.8709,122.845,1006.07,-78.6774,94.7873,1001.05,30.6385,114.936,1026.38,-36.3443,81.5059,1026.66,-7.23263,84.3244,1014.13,-49.2582,55.9189,1042.53,-2.5486,50.4885,1019.43,-68.7193,16.1653,1060.71,0.21401,11.0963,963.659,-109.601,91.4796,959.688,-118.651,76.3989,957.023,-128.003,89.2688,965.822,-121.605,96.3602,0,0,0
001178:1007.93,-34.3395,149.409,1006.74,-34.4937,153.278,1009.05,-31.4168,152.615,1008.42,-32.5214,152.521,1013,-21.0854,151.242,1015.34,-38.9171,132.736,1012.8,-7.02764,135.578,999.859,-62.1092,112.088,1005.68,15.7017,123.727,1003.33,-79.7536,94.9366,1000.85,30.7407,115.514,1029.87,-37.3918,80.4803,1025.89,-7.36554,84.5193,1015.83,-50.5288,55.5047,1038.02,-2.79372,50.3183,1025.91,-71.1141,13.1205,1054.55,1.17696,11.6152,959.931,-110.014,93.1818,961.371,-119.783,77.0509,958.215,-131.083,91.2369,971.969,-123.589,96.3729,0,0,0
001179:1009.25,-32.6567,148.606,1009.88,-33.3263,151.977,1009.26,-29.9151,152.117,1013.49,-33.0247,150.821,1010.04,-21.5895,151.511,1016.53,-40.0149,132.311,1011.63,-8.44826,135.857,1004.97,-61.2051,112.404,1009.4,14.794,122.673,1001.89,-80.3635,96.013,1001.28,31.1461,115.248,1033.63,-36.3414,79.4592,1025.82,-7.36509,84.2561,1023.87,-52.4286,51.9594,1037.13,-2.07906,51.9356,1022.43,-71.8633,15.0772,1056.32,1.76538,12.5745,953.947,-111.292,95.0988,973.409,-123.098,74.1222,956.262,-131.261,91.7471,964.435,-124.308,98.295,0,0,0
001180:1001.07,-33.9958,150.469,1004.17,-35.057,153.402,1001.19,-30.9282,154.024,1013.37,-34.8853,151.09,1008.27,-21.3401,152.242,1019.64,-40.6834,131.119,1012.41,-8.22475,135.251,1008.1,-61.9463,111.286,1002.79,15.511,124.258,997.81,-81.6732,96.6673,994.268,31.4313,117.097,1036.07,-38.0316,78.4413,1024.26,-7.63017,84.5141,1017.14,-50.8515,55.3046,1037.32,-3.44684,50.5389,1026.1,-74.3734,14.0971,1047.12,1.25329,13.8344,955.896,-111.737,95.5711,976.108,-126.716,74.7191,957.988,-136.161,91.6165,965.198,-124.886,98.7752,0,0,0
001181:1002.57,-36.0809,149.651,1004.87,-36.4293,152.622,1002.13,-33.1107,153.225,1013.55,-34.8852,150.71,1007.32,-22.8782,151.976,1016.07,-41.3468,132.123,1017.3,-8.75073,133.813,1012.46,-62.9185,110.452,1014.26,13.6058,120.13,1003.86,-82.3786,96.0118,1001.12,29.6747,115.434,1032.46,-39.1667,78.7834,1024.26,-7.63017,84.5141,1015.19,-53.3709,54.8351,1046.35,-2.51849,47.9495,1025.34,-74.9169,13.4525,1056.2,1.29216,11.5824,952.035,-112.143,96.5692,971.225,-125.258,77.0296,952.991,-134.709,92.9225,961.916,-123.934,99.9382,0,0,0
001182:1003.33,-35.8679,150.05,1007.83,-36.8,152.557,1001.57,-32.6502,153.943,1020.28,-36.5477,149.461,1006.08,-22.9514,152.49,1018.41,-42.9309,130.748,1017.87,-9.75218,133.54,1012.95,-63.0832,109.654,1009.99,13.5305,121.628,1000.5,-83.0739,96.8917,999.515,29.4178,115.853,1031.74,-39.8905,78.915,1023.4,-8.02917,84.6025,1026.54,-55.7093,50.6494,1048.53,-2.02461,48.4523,1032.36,-77.0236,10.8162,1057.21,2.038,11.0669,954.049,-112.598,97.5073,964.981,-127.143,79.8184,958.231,-136.801,93.6329,960.849,-124.036,100.209,0,0,0
001183:1003.7,-36.491,149.328,1005.9,-37.1713,152.402,1003.04,-33.5591,153,1015.17,-36.444,150.191,1008.51,-23.9311,151.598,1019.79,-42.3599,131.289,1015.55,-10.8003,134.254,1010.98,-62.6232,110.095,1011.49,13.0897,121.882,986.376,-82.8586,102.556,1003.1,30.1993,115.608,1031.92,-40.5774,79.1152,1023.63,-8.96062,83.3156,1017.55,-55.2518,52.3123,1043.51,-3.6234,47.1401,1024.31,-79.0023,12.5448,1063.14,1.8735,7.99508,951.949,-112.801,97.3195,972.073,-129.056,78.9082,954.28,-138.427,96.687,954.672,-124.644,102.577,0,0,0
001184:1001.32,-38.4201,149.588,1003.45,-38.4402,152.432,1000.5,-35.6984,153.19,1014.67,-36.5349,149.752,1006.35,-26.0168,151.495,1018.45,-42.723,131.309,1019.2,-11.5806,133.008,1010.99,-62.5977,110.477,1017.57,12.3443,119.708,998.855,-81.7609,101.63,1002.92,29.1501,115.603,1034.32,-39.5993,77.6261,1025.64,-9.36534,82.411,1018.39,-56.1337,51.6877,1044.87,-1.31137,48.2429,1018.96,-79.792,13.6099,1060.5,3.05294,10.3889,967.104,-116.964,93.4024,966.111,-129.6,80.5014,948.254,-139.574,98.6063,957.216,-128.184,101.729,0,0,0
001185:998.319,-39.0816,150.373,1001.33,-39.4023,153.012,997.829,-36.1625,153.832,1012.96,-38.2838,150.064,1004.01,-26.5709,151.842,1013.61,-44.8695,131.874,1016.36,-12.868,133.314,1011.02,-63.8436,109.874,1011.16,10.7114,121.399,990.893,-83.9098,100.758,999.473,28.7997,116.352,1033.53,-41.6872,77.9543,1027.67,-9.77122,81.5039,1020.06,-57.9083,50.521,1047.21,-2.099,47.4285,1024.25,-81.4312,12.3512,1068.96,2.35886,7.30301,973.941,-118.843,91.6354,963.814,-131.753,83.2514,954.741,-142.176,97.6644,961.478,-129.096,103.898,0,0,0
001186:996.477,-39.3976,150.735,994.934,-38.7167,154.844,1002.33,-37.408,153.172,980.752,-32.5941,157.283,1028.56,-31.0388,146.614,1010.5,-45.7295,130.339,1022.19,-14.1528,130.768,995.32,-67.7137,114.029,1028.1,8.43965,119.324,995.339,-85.0107,99.6354,994.221,29.8287,118.242,1020.92,-40.7612,81.1864,1028.31,-9.90817,81.0805,1023.1,-59.0201,50.0548,1030.62,-0.293811,52.0182,1015.94,-80.1311,15.5573,1056.38,3.76602,10.8434,967.728,-120.093,93.2376,957.916,-132.283,84.8189,948.852,-143.937,101.198,960.657,-130.443,104.502,0,0,0
001187:999.073,-40.5976,149.899,1001.9,-41.0973,152.621,998.934,-37.5642,153.443,1012.27,-40.1838,150.225,1005.83,-27.5595,151.721,1013.66,-46.1812,131.91,1016.61,-14.1111,133.436,1013.33,-66.3475,109.591,1014.46,9.58764,120.464,995.216,-84.9652,99.854,1005.56,27.482,115.763,1028.78,-42.2681,79.2313,1029.73,-10.1768,80.7149,1016.71,-59.3983,50.3392,1044.97,-3.66252,47.7214,1025.05,-83.0664,10.7084,1068.55,2.46995,8.08164,963.503,-122.458,96.4912,960.705,-134.568,84.0755,948.852,-143.937,101.198,957.34,-132.649,106.131,0,0,0
001188:1008.01,-42.2494,147.756,1009.36,-43.59,150.556,1005.35,-38.7978,151.752,1010.15,-42.6555,149.399,1004.17,-29.1728,151.649,1009.01,-48.0538,130.604,1009.7,-14.9516,134.399,1005.6,-67.8528,110.085,1023.24,7.71087,119.813,1000.84,-86.323,98.8031,1012.93,27.2189,115.397,1024.02,-43.3744,79.2377,1029.73,-10.1768,80.7149,1001,-60.1397,55.6916,1028.1,-4.20577,53.279,1019.12,-80.8312,15.1861,1057.05,1.22296,9.79464,972.063,-124.127,93.7991,949.336,-131.258,87.3778,949.859,-145.185,98.7701,974.313,-135.964,101.594,0,0,0
001189:1000.48,-42.4832,149.113,1000.73,-43.1846,152.44,999.943,-39.5124,152.77,1006.47,-42.776,151.112,1001.51,-30.1601,152.234,1006.87,-48.5155,133.486,1013.96,-16.9947,134.248,996.311,-71.0949,114.289,1015.42,7.71383,122.15,1005.8,-87.625,96.578,1013.36,27.542,114.69,1025.03,-43.7712,78.6,1016.62,-12.398,83.6513,1000.73,-60.1782,53.0799,1038.1,-5.31061,47.4318,1024.51,-83.2731,10.7711,1051.79,-0.195669,10.9292,963.243,-122.46,95.455,961.498,-137.683,84.9292,956.904,-147.049,99.4576,967.161,-133.7,105.645,0,0,0
001190:998.01,-42.6237,149.074,995.4,-42.8345,152.835,998.599,-40.2187,152.534,998.781,-41.7219,151.982,1005.16,-31.7492,151.19,1008,-48.1698,133.261,1016.95,-17.8897,133.864,1001.09,-71.1467,111.269,1014.38,7.45703,122.563,996.93,-91.11,97.3486,1003.8,27.2508,117.094,1025.56,-44.5083,78.9566,1017.22,-12.5349,83.1013,999.9,-61.4809,55.5236,1036.8,-5.85129,50.1297,1027.38,-85.4203,9.46013,1052.51,-1.04083,10.1973,968.051,-124.545,94.2153,961.389,-138.332,85.6119,958.053,-148.844,99.4856,953.011,-132.44,109.178,0,0,0
001191:999.115,-43.4942,148.374,999.966,-44.6107,151.487,998.032,-40.4995,152.338,1006.19,-45.1569,150.163,1001.37,-31.4257,151.836,1006.93,-50.7849,133.011,1016.37,-18.279,133.633,1002.21,-72.5133,112.569,1022.18,7.58166,120.66,991.488,-90.5276,98.8441,1016.45,26.2268,114.005,1020.44,-44.8382,80.7768,1014.24,-13.8457,84.8495,1000.74,-61.5143,53.0043,1033.57,-6.38483,49.7895,1026.61,-86.035,8.30809,1048.93,-1.27422,11.8306,963.556,-126.241,95.3702,963.071,-138.822,85.1663,960.468,-151.799,98.8652,951.5,-133.203,109.554,0,0,0
001192:999.077,-44.4233,147.678,999.152,-45.2338,151.053,997.815,-41.4822,151.779,1005.55,-45.0346,150.054,1000.04,-31.8572,151.928,1008.37,-50.5026,132.607,1014.74,-18.4305,133.639,1001.03,-72.9636,113.932,1018.29,6.97532,120.429,993.347,-91.0164,98.1126,1012.82,25.9441,114.141,1024.94,-46.3181,77.35,1019.47,-14.9305,82.0039,1001.33,-64.0974,51.0229,1032.07,-8.22783,47.6756,1032.06,-86.9778,6.10676,1051.6,-1.3728,9.6228,970.338,-128.155,93.6226,959.892,-142.269,87.1132,958.803,-151.297,99.291,945.794,-134.338,110.977,0,0,0
001193:1011.61,-45.4244,144.575,1009.61,-46.074,148.351,1009.77,-42.5977,148.818,1008.04,-45.787,149.222,1005.51,-33.1485,150.519,1003.48,-51.2963,133.943,1016.11,-19.8272,133.479,1002.58,-73.3746,113.027,1017.64,5.45275,120.516,995.449,-91.529,97.7668,1010.86,24.8486,114.233,1018.68,-46.3143,79.2167,1029.26,-16.8427,78.9263,999.633,-63.9623,50.7803,1034.86,-7.69141,46.8334,1028.46,-88.2702,6.11245,1048.7,-0.114022,10.5042,962.701,-128.88,96.6911,966.621,-144.252,85.3363,954.572,-152.244,100.371,957.948,-137.039,108.539,0,0,0
001194:1001.9,-46.3349,147.649,1002.65,-46.8224,150.742,1000.13,-43.6905,151.615,1007.98,-46.0678,149.676,1000.45,-34.7511,151.735,1007.17,-52.081,132.98,1014.36,-20.8086,133.796,1003.66,-73.6194,112.841,1018.35,4.95896,120.809,996.954,-91.8577,97.98,1012.05,25.0017,114.027,1021.93,-47.0431,77.517,1028.16,-17.5017,78.3627,1007.28,-65.4228,49.1728,1031.2,-6.7051,47.3535,1027.99,-88.7523,7.26747,1039.41,1.0397,12.2046,974.783,-131.595,93.217,982.172,-148.771,81.8922,957.576,-153.898,99.6014,945.282,-138.133,111.693,0,0,0
001195:1010.91,-45.7433,145.602,1010.03,-46.4128,149.108,1008.22,-43.0063,149.894,1009.13,-46.3,149.466,1001.87,-34.2624,151.546,1003.62,-52.584,134.002,1013.46,-20.6198,133.949,1000.63,-72.9297,113.218,1019.59,5.56769,119.813,990.873,-92.3439,99.1793,1009.05,25.1314,114.685,1025.39,-48.0819,76.368,1031.73,-18.1921,77.4425,1006.69,-65.837,48.6632,1032.93,-6.72852,46.486,1028.27,-89.763,6.95361,1047.35,0.446453,10.307,973.718,-134.248,93.859,978.422,-148.419,82.8802,956.218,-154.031,102.475,954.771,-141.704,109.648,0,0,0
001196:1000.66,-47.3213,147.578,1002.88,-48.0179,150.331,1001.17,-44.3108,151.145,1009.91,-47.9697,148.8,1009.09,-34.9247,149.522,1007.49,-54.3745,131.488,1021.99,-21.2978,130.858,1008.22,-74.7267,111.412,1023.61,4.98149,117.611,997.425,-94.3731,97.8352,1010.31,24.0992,113.719,1023.86,-48.0244,77.4495,1032.44,-18.3305,77.258,1014.31,-66.2215,46.6184,1029.55,-7.0801,49.1515,1033.39,-91.3862,3.55326,1052.8,1.49764,10.5792,975.602,-134.735,94.1177,976.401,-148.575,83.4124,961.289,-155.541,101.512,952.65,-141.881,110.176,0,0,0
001197:1000.66,-49.4547,146.943,1002.68,-49.6686,149.842,1001.58,-46.3648,150.408,1008.37,-48.7062,149.045,1007.63,-35.8849,149.443,1004.4,-54.7594,132.069,1018.47,-21.7909,131.853,1005.95,-74.5869,111.963,1022.55,4.64473,117.728,987.428,-95.0895,99.4734,1010.03,24.0807,113.131,1026.9,-49.0172,76.0848,1033.95,-18.605,77.13,1012.85,-66.5878,47.5674,1032.51,-7.11683,49.8311,1029.99,-91.3603,4.02632,1058.34,1.3412,9.99313,975.602,-134.735,94.1177,979.303,-150.909,82.9764,962.734,-156.694,101.468,954.893,-142.947,109.617,0,0,0
001198:997.572,-49.9677,147.18,997.505,-49.8584,150.421,998.932,-47.3576,150.489,1002.23,-48.3267,149.895,1007.35,-37.81,149.167,1002.61,-54.8648,132.998,1019.5,-23.0284,131.535,1001.66,-75.1992,112.358,1024.14,3.34554,116.786,986.177,-95.9566,99.8578,1006.01,22.7122,114.776,1021.92,-48.9967,78.0495,1030.17,-19.2423,78.5152,1014.01,-66.2688,47.2849,1030.1,-6.59189,49.4378,1033.63,-91.9095,3.5261,1057.83,1.10547,9.20525,974.727,-136.725,94.3402,972.716,-152.675,85.037,956.814,-157.119,102.967,954.94,-142.946,109.804,0,0,0
001199:1001.37,-51.6809,146.028,1003.33,-52.0138,149.108,1000.76,-48.628,149.875,1009.35,-51.0027,148.458,1006.34,-38.1055,149.219,1012.42,-56.1744,130.414,1014.35,-23.8462,132.223,1006.02,-76.7276,110.193,1021.53,3.6575,116.386,986.947,-97.8151,98.8343,1005.18,23.106,113.541,1025.43,-50.0995,76.1156,1024.1,-20.2575,80.4987,1015.48,-67.8958,47.2349,1022.58,-8.01802,50.9001,1026.7,-93.6418,6.0213,1061.6,1.60045,7.17198,977.562,-139.037,93.6123,972.491,-153.332,85.4685,966.805,-160.179,100.434,951.291,-143.87,110.711,0,0,0
001200:999.755,-50.8343,146.21,1002.97,-51.682,148.979,999.425,-47.7386,150.058,1009.07,-51.9788,148.147,1004.5,-38.1738,149.525,1009.17,-57.5937,130.462,1010.93,-25.1678,133.147,1005.71,-77.1329,108.969,1019.65,2.76503,117.835,984.855,-97.7146,98.8916,1009.24,21.8269,112.593,1021,-51.962,76.6802,1024.1,-20.2575,80.4987,1016.81,-69.2329,46.2571,1023.17,-9.36062,50.3973,1021.28,-93.5999,7.34583,1053.9,1.85687,8.82456,979.279,-139.532,93.1722,974.37,-153.836,85.6771,973.195,-162.249,97.326,957.158,-145.916,110.568,0,0,0
001201:994.128,-50.7699,146.65,999.756,-52.0221,148.947,993.698,-47.5777,150.729,1012.12,-53.3367,146.975,1004.17,-38.3671,149.46,1011.68,-58.6895,129.237,1016.85,-26.2524,131.844,988.132,-79.5087,115.392,1027.01,1.8383,115.78,983.574,-98.1831,99.112,1009.41,21.3175,111.853,1017.02,-52.5398,77.414,1024.55,-21.1941,80.1238,1011.63,-69.6655,47.8444,1019.21,-9.40816,52.9768,1021.07,-94.3929,5.90493,1054.55,2.0748,9.17746,980.402,-141.357,92.8832,976.075,-154.348,85.2297,970.538,-163.688,97.9998,965.766,-148.387,109.405,0,0,0
001202:1004.33,-52.7538,144.652,1007.06,-53.6914,147.635,1003.11,-49.4772,148.831,1011.53,-53.7271,147.318,1004.4,-39.0673,149.366,1009.3,-58.4631,129.972,1011.36,-25.6615,132.707,988.773,-79.9664,115.509,1022.08,2.3894,116.49,982.831,-98.3155,100.156,1010.66,20.1777,111.617,1024.95,-52.4874,75.5994,1019.12,-22.3364,81.5196,1011.83,-69.1277,47.6094,1020.16,-9.54428,51.5194,1020.86,-93.6376,7.0556,1059.09,1.90555,7.55257,980.102,-142.021,92.9595,973.517,-155.808,86.2726,970.214,-164.339,98.0813,960.203,-150.711,111.577,0,0,0
001203:1001.1,-51.733,145.42,1005.01,-53.1952,147.916,1000.44,-48.5177,149.272,1010.26,-54.3867,146.9,1004.39,-39.3638,148.786,1012.5,-60.7753,127.91,1006.9,-26.3693,133.3,991.042,-81.263,113.856,1020.66,1.46897,117.676,983.187,-99.9622,100.464,1012.58,18.26,112.013,1017.9,-53.7148,75.922,1019.75,-22.7412,81.3666,1016.9,-70.4314,46.3859,1017.3,-9.83333,52.979,1013.83,-92.3366,10.6986,1055.88,1.32891,9.09767,976.073,-142.349,93.9911,976.924,-156.836,85.3792,965.181,-162.786,99.3627,966.788,-152.724,109.628,0,0,0
001204:1002.6,-55.3853,145.486,1004.22,-55.3092,148.518,1002.04,-52.4524,149.216,1007.39,-53.6976,148,1005.46,-42.2505,148.551,1007.85,-59.0318,129.668,1009.83,-28.0074,132.524,985.117,-79.5576,114.747,1018.69,0.775175,116.465,982.867,-99.9791,99.3751,1015.24,19.3297,110.479,1022.79,-54.0367,73.5616,1019.75,-22.7412,81.3666,1022.62,-72.7421,43.0008,1016.5,-10.3935,50.4988,1027.88,-96.095,5.0206,1043.04,4.08078,11.6473,977.785,-142.847,93.5524,974.902,-156.979,85.9087,970.214,-164.339,98.0813,961.684,-151.22,110.566,0,0,0
001205:995.202,-54.9152,146.889,998.814,-55.8074,149.243,995.334,-51.8915,150.422,1004.99,-55.7147,147.577,1003.82,-42.2508,148.53,1009.53,-61.5719,127.798,1010.13,-28.5227,132.447,980.727,-80.9019,114.858,1026.17,0.0114046,116.133,973.335,-97.3616,103.47,1017.51,16.8336,109.758,1017.37,-54.3287,74.93,1019.48,-22.7446,80.3501,1017.48,-70.8758,46.5173,1010.89,-10.1747,55.5115,1018.48,-92.9913,8.29144,1044.71,2.72344,11.8098,981.127,-143.853,92.3657,974.902,-156.979,85.9087,970.041,-164.342,97.3823,952.729,-148.155,112.46,0,0,0
001206:999.442,-56.6709,144.908,1003.58,-56.9799,147.164,997.785,-53.7504,148.727,1011.05,-55.7587,145.408,1002.03,-43.7687,147.787,1012.88,-62.1182,126.673,1009.8,-29.5885,132.155,982.103,-82.2908,113.59,1024.66,-1.48691,116.183,979.863,-99.1124,101.156,1019.39,16.4494,109.105,1019.14,-55.4556,74.6727,1016.19,-23.774,80.8111,1014.69,-70.7878,46.971,1016.11,-10.9344,53.7674,1016.81,-92.8967,9.19777,1053.71,1.1105,9.73949,985.186,-143.528,91.3254,974.902,-156.979,85.9087,983.571,-165.375,97.6072,969.095,-153.17,107.435,0,0,0
001207:994.957,-55.8932,146.36,999.704,-56.9131,148.349,994.516,-53.0503,149.952,1009.79,-57.1135,145.371,1001.97,-44.324,147.951,1011.62,-63.2086,125.62,1011.68,-31.3732,131.244,979.764,-82.6577,112.795,1024.4,-3.92905,116.514,977.82,-98.5376,102.193,1012.21,14.6344,111.52,1015.6,-54.936,73.9755,1012.99,-24.7948,81.497,1013.92,-71.4088,46.0173,1013.04,-10.6883,52.9758,1021.5,-93.7904,7.27974,1046.58,2.76784,9.65468,979.826,-142.034,92.0413,981.745,-159.047,84.1149,983.814,-164.726,96.7215,974.121,-152.774,104.371,0,0,0
001208:1003.45,-59.6879,143.704,1006.46,-59.6932,146.259,1001.89,-56.6108,147.435,1009.79,-57.5483,145.311,1003.35,-45.7224,146.853,1009.8,-62.9582,126.253,1007.02,-32.0557,131.725,977.36,-83.3073,114.278,1020.35,-4.66024,117.516,980.459,-99.281,100.841,1017.05,13.3938,110.554,1018.3,-56.6262,73.5849,1012.95,-24.7961,81.3779,1013.5,-70.7217,49.2881,1009.68,-11.9289,57.4039,1018.17,-93.4747,9.1264,1047.77,1.41888,11.6849,979.826,-142.034,92.0413,981.745,-159.047,84.1149,996.339,-164.554,93.3827,974.121,-152.774,104.371,0,0,0
001209:1002.36,-59.6838,142.854,1005.15,-59.7897,145.422,1001.64,-56.9379,146.545,1008.14,-58.0439,144.771,1004.13,-47.1816,146.136,1008.79,-63.525,125.812,1007.18,-33.5522,131.727,976.051,-82.3246,113.43,1019.7,-5.3943,117.558,948.611,-99.9864,112.111,1011.19,13.4088,111.961,1017.71,-56.1559,71.9653,1017.58,-25.7869,79.2782,1019.87,-71.1903,46.2678,1014.07,-12.0396,55.5042,1019.69,-93.9369,8.02991,1048.57,1.04679,10.9524,988.472,-144.544,89.8193,981.745,-159.047,84.1149,996.251,-164.556,93.0271,965.691,-150.25,106.474,0,0,0
001210:1027.01,-56.4371,137.872,1024.28,-57.77,141.454,1024.63,-53.4694,142.054,1012.37,-59.0813,143.389,1013.32,-45.3593,144.452,1007.24,-65.5211,125.505,1008.46,-33.8173,131.468,981.716,-84.8032,112.219,1024.08,-6.02287,117.235,985.397,-101.353,99.6531,1024.15,12.51,108.51,1019.77,-57.4607,72.5751,1016.62,-26.44,79.2698,1016.06,-72.0202,46.5521,1014.97,-12.7542,54.1914,1014.65,-94.3443,10.1169,1046.63,0.952509,10.9102,988.104,-144.563,88.5878,985.834,-158.764,83.044,1009.23,-168.885,85.7188,972.471,-152.263,104.906,0,0,0
001211:999.405,-61.5158,143.107,1002.5,-62.0955,145.69,997.785,-58.4055,146.969,1007.2,-60.957,144.923,1001.68,-47.8805,146.557,1009.84,-65.4843,125.908,1006.71,-34.913,131.698,983.348,-85.5762,112.147,1023.28,-7.70964,116.479,985.145,-102.506,99.4317,1020.69,11.643,108.634,1011.17,-57.5101,74.814,1016.62,-26.44,79.2698,1016.93,-70.9421,46.6797,1010.6,-13.0976,54.5627,1021.98,-93.3624,7.67047,1044.79,1.06738,10.3744,984.937,-142.89,89.4048,987.887,-158.623,82.5063,989.742,-163.038,90.0517,970.548,-151.764,104.456,0,0,0
001212:993.075,-61.8563,143.911,997.466,-62.4445,146.157,991.957,-58.6422,147.639,1006.1,-61.717,144.415,999.725,-48.2216,146.22,1009.83,-66.8697,124.761,1008.23,-35.1239,131.032,981.503,-87.1115,112.31,1023.09,-7.42276,117.262,984.965,-104.044,99.569,1019.78,10.1243,108.505,1013.7,-57.9601,73.5987,1011.89,-27.4365,80.0757,1014.45,-72.9481,44.7206,1013.7,-15.3218,52.9709,1015.13,-93.4603,9.05479,1045.64,-0.728932,12.3108,985.305,-142.871,90.6338,987.887,-158.623,82.5063,984.103,-161.49,89.8505,980.639,-153.556,102.012,0,0,0
001213:1000.38,-63.7628,141.885,1003.21,-64.2309,144.603,998.828,-60.3336,145.664,1008.9,-62.7146,143.406,1002.21,-48.7187,145.001,1014.53,-67.4952,123.074,1005.88,-35.2206,130.07,992.878,-88.5863,109.067,1015.79,-8.39468,117.206,985.4,-106.19,98.9939,1014.08,9.44903,109.036,1016.49,-59.5791,72.1043,1011.03,-27.5579,79.8795,1010.43,-72.4384,47.049,1016.1,-14.4985,51.8944,1012.44,-92.6856,11.8338,1053.26,-0.207676,9.92908,989.878,-144.411,87.09,981.751,-154.575,83.4556,980.024,-161.764,90.9009,985.699,-155.098,100.418,0,0,0
001214:994.63,-63.473,141.935,999.323,-64.0261,144.082,993.628,-60.4225,145.647,1008.58,-62.9777,142.162,999.042,-49.9,144.872,1011.29,-67.534,123.01,1007.11,-36.6524,130.162,983.603,-87.5891,109.836,1020.16,-8.33014,116.776,963.746,-107.896,105.261,1021.13,8.97133,107.006,1017.18,-59.4509,71.9869,1011.57,-28.2239,79.601,1011.24,-72.6019,45.4909,1012.97,-15.7749,51.4828,1017.3,-93.8343,9.52234,1051.61,-0.0720614,8.73816,985.13,-142.874,89.9299,995.295,-154.212,77.6279,994.751,-162.017,82.7037,986.573,-155.022,99.1798,0,0,0
001215:999.117,-63.3382,140.492,1001.34,-64.2684,143.228,998.735,-60.0776,144.21,1005.34,-63.9135,142.553,1002.08,-49.4715,144.116,1006.02,-68.0548,124.039,1006.17,-37.3182,130.084,978.635,-87.8311,111.466,1017.13,-10.3434,117.229,978.735,-105.577,101.225,1016.73,7.43509,108.279,1012.36,-60.0922,73.1857,1012.13,-28.3645,78.8959,1007.02,-73.2027,47.1795,1010.66,-16.8599,52.9257,1018,-93.6669,10.3741,1051.57,-0.684821,10.4049,985.13,-142.874,89.9299,995.295,-154.212,77.6279,994.225,-162.026,80.5678,1001.02,-158.496,95.476,0,0,0
001216:1010.52,-62.591,136.572,1012.47,-63.6542,139.219,1007.48,-59.6362,141.025,1012.86,-63.9389,139.632,1001.26,-50.273,143.625,1009.02,-68.4593,123.128,1002.99,-38.3302,131.106,982.918,-87.9116,110.571,1013.44,-10.9933,118.157,976.309,-105.692,102.256,1019.93,6.60617,107.618,1017.02,-59.6229,71.3915,1012,-28.89,78.929,1009.41,-72.9064,47.1304,1015,-16.6323,53.1229,1019.38,-94.1807,8.42655,1055.96,-0.973588,8.30561,977.958,-140.889,90.7885,980.76,-151.423,81.4667,1001.71,-164.12,80.276,974.477,-150.798,99.8973,0,0,0
001217:997.148,-65.1432,141.216,1002.16,-65.417,143.115,994.526,-62.4864,145.224,1012.4,-63.8147,140.676,994.15,-52.9984,145.501,1014.08,-68.8436,122.28,1002.53,-39.5245,130.797,991,-88.9972,108.506,1015.38,-12.4326,117.009,982.933,-107.556,99.324,1026.34,5.34828,106.071,1019.56,-59.7133,70.9521,1016.77,-29.8881,77.3008,1001.97,-73.3755,48.3973,1014.65,-16.6559,51.4642,1011.9,-93.5484,10.615,1057.01,-0.561356,6.8564,977.522,-140.894,89.0373,988.621,-151.479,79.3922,993.59,-162.053,78.3108,989.771,-155.387,95.0265,0,0,0
001218:990.585,-64.536,141.583,995.299,-65.4507,143.503,989.497,-61.8735,145.519,1006.27,-65.1741,141.101,994.721,-52.7083,145.236,1010.25,-69.8138,122.279,1004.47,-40.0031,130.36,982.298,-89.0379,109.59,1020.04,-12.8945,115.796,961.794,-108.072,106.195,1030.1,3.32343,105.196,1019.36,-60.8752,71.314,1015.87,-30.5358,77.5335,1002.75,-74.3712,48.3854,1005.6,-18.4827,54.6451,1016.52,-94.2357,9.30007,1048.74,-1.68983,9.74253,978.117,-139.567,88.8842,989.772,-151.365,75.6225,1003.71,-162.031,75.6435,993.248,-156.423,94.1456,0,0,0
001219:993.057,-66.4792,142.169,996.637,-67.0388,144.245,993.161,-63.9461,145.683,1005.77,-65.5971,141.835,1001.02,-54.3231,144.344,1010.78,-69.9993,122.712,1008.8,-40.8001,129.347,980.13,-89.5319,110.574,1020.67,-14.8244,115.24,959.418,-107.942,106.566,1026.17,2.56421,105.787,1018.55,-60.8077,71.808,1014.81,-31.7102,77.6807,1000.15,-74.459,49.3112,1008.47,-17.8429,53.6357,1014.67,-94.5896,9.51178,1053.38,-1.40396,7.66325,979.837,-140.064,88.4379,991.833,-151.212,75.0736,1003.43,-162.046,74.7097,996.011,-154.936,91.7416,0,0,0
001220:981.394,-63.3063,143.976,987.7,-64.5764,145.335,982.032,-61.2218,147.417,1005.81,-65.5713,140.906,995.938,-54.441,144.987,1017.02,-71.4652,120.29,1005.82,-41.9376,129.855,993.281,-92.2054,106.679,1008.97,-15.2904,118.217,979.753,-113.504,99.2336,1016.66,1.58117,107.485,1017.34,-59.8173,71.4067,1014.47,-32.7652,77.5107,1002.2,-74.7536,47.3186,1012.2,-19.0017,51.0882,1015.93,-94.1761,8.75815,1057.63,-1.99623,5.10731,979.653,-140.073,87.8249,995.341,-152.244,74.1386,1005.2,-162.577,74.2399,986.645,-154.318,93.1321,0,0,0
001221:985.144,-66.7582,143.151,990.194,-67.6204,144.876,985.648,-64.1463,146.681,1004.66,-67.3681,141.321,997.339,-55.1264,144.649,1014.95,-72.0416,120.539,1004.74,-42.3886,130.144,988.549,-92.2158,107.141,1010.32,-15.2071,117.747,973.274,-112.84,101.041,1019.49,2.04027,106.574,1018.42,-61.2991,71.3105,1010.47,-33.8852,78.2743,999.724,-74.972,49.4441,1007.02,-20.8057,55.0709,1016.7,-93.8315,8.16826,1058.58,-2.93464,6.56156,979.653,-140.073,87.8249,985.888,-151.009,76.3247,1002.83,-162.719,73.7208,986.645,-154.318,93.1321,0,0,0
001222:992.34,-66.8599,141.397,995.375,-67.51,143.394,991.659,-64.556,145.171,1004.46,-66.8906,140.824,996.478,-56.3335,144.574,1013.62,-72.0214,120.703,1001.33,-43.5612,130.829,984.592,-92.3133,108.21,1008.81,-16.5549,117.771,963.176,-111.543,103.927,1019.13,1.01181,105.841,1019.69,-60.6059,71.0427,1022.61,-32.7662,75.5305,994.901,-74.4338,51.4323,1002.04,-20.3461,57.2514,1012.18,-93.7721,9.38596,1057.59,-1.88588,6.58954,979.653,-140.073,87.8249,992.861,-153.069,74.4642,996.378,-163.132,74.6712,990.277,-154.028,88.989,0,0,0
001223:993.705,-69.5637,140.643,997.175,-70.0623,142.735,992.548,-66.9039,144.496,1006.76,-68.4013,140.315,997.556,-56.904,143.945,1017.18,-72.0648,119.759,1001.82,-43.6517,130.111,987.139,-91.8445,107.449,1013.4,-17.0203,116.381,961.234,-110.106,104.958,1024.29,0.103492,104.803,1020.75,-61.6844,70.3006,1022.47,-33.2949,75.5652,998.538,-74.5602,49.3265,1010.04,-20.2806,54.2297,1020.31,-93.06,8.41473,1049.97,-5.70569,12.4329,973.533,-140.574,89.0424,989.556,-150.709,73.4562,995.919,-163.157,73.1219,992.044,-153.873,86.48,0,0,0
001224:977.96,-67.1284,144.36,983.398,-68.3532,145.769,980.384,-64.8779,147.413,1000.82,-68.9436,141.095,997.471,-57.3513,143.971,1016.04,-73.2329,118.926,1005.74,-45.4513,129.327,981.694,-91.8161,107.971,1010.3,-18.539,117.781,961.183,-110.502,104.879,1021.16,-0.890789,105.223,1021.67,-60.6113,70.1321,1016.93,-34.657,76.8696,996.965,-75.023,49.4377,1018.72,-20.0859,50.7679,1019.24,-93.423,7.8738,1063.73,-3.88157,8.99977,977.697,-141.46,83.2499,996.385,-152.784,70.9541,998.56,-164.91,70.3116,971.798,-151.535,91.9171,0,0,0
001225:987.129,-70.7697,140.906,997.487,-71.2788,142.395,986.348,-67.9787,144.762,1008.96,-70.9303,139.224,1009,-56.0251,140.82,1001.61,-75.6905,122.447,1007.51,-44.8447,127.523,979.485,-93.3744,108.607,1015.91,-19.8898,115.684,963.512,-111.641,102.004,1036.1,0.111149,100.871,999.399,-65.1324,77.4694,1015.01,-35.9385,76.6985,1002.46,-75.2377,47.6675,1026.76,-19.597,46.3984,1005.63,-93.7173,15.9664,1057.55,-4.9696,11.4208,982.869,-142.962,81.8874,988.733,-150.753,70.6726,996.77,-163.727,69.4072,983.979,-154.442,87.5407,0,0,0
001226:993.746,-72.8641,139.844,1001.07,-72.8951,141.911,993.363,-70.1291,143.493,988.594,-73.0576,143.528,1012.56,-57.2639,139.884,1003.56,-74.3936,122.248,1017,-42.9667,125.505,978.534,-93.6258,107.787,1009.39,-19.9784,115.605,973.837,-111.266,101.291,1024.97,-2.21832,103.63,991.722,-65.5626,79.0639,1017,-36.3737,75.7351,992.737,-75.689,48.6855,1019.57,-20.0359,47.3529,1005.62,-94.738,14.1605,1046.36,-7.0184,14.1659,980.189,-143.794,81.0941,994.439,-150.964,68.3718,998.301,-166.837,65.1143,988.254,-156.69,84.9783,0,0,0
001227:991.805,-72.724,139.495,997.187,-73.1167,141.974,992.68,-69.9367,142.843,1027.08,-68.5494,135.427,985.892,-61.5784,143.951,1000.41,-76.4789,121.623,1020.99,-43.8161,124.618,989.384,-93.5228,106.011,1021.13,-19.5913,112.613,967.714,-111.892,100.784,1023.68,-4.86483,104.728,1008.3,-65.9211,73.7192,1011.3,-37.6965,82.4287,989.028,-77.3013,48.5906,1021.13,-20.2327,48.1767,1008.71,-94.9585,13.1631,1051.95,-6.27367,12.6331,973.744,-144.945,82.4675,987.789,-151.448,68.5001,979.305,-161.65,71.8962,982.488,-157.088,85.7381,0,0,0
001228:986.798,-72.5217,140.98,994.263,-73.504,142.051,986.027,-69.691,144.397,1008.64,-72.6646,137.907,991.788,-60.3229,142.729,1012.86,-75.5803,118.487,1022.63,-44.1703,124.164,979.638,-93.1079,107.856,1007.16,-21.6348,117.003,960.213,-111.049,104.265,1023.09,-2.76672,103.43,1018.66,-62.9076,70.5786,1019.08,-37.0799,75.5908,994.104,-75.9865,49.3031,1002.71,-25.1297,53.0617,1012.04,-92.8421,10.483,1062.19,-7.03595,3.59677,974.846,-146.771,82.1748,985.736,-151.6,69.0577,990.05,-167.357,67.7377,975.547,-155.034,87.2208,0,0,0
001229:992.15,-72.8894,139.288,998.188,-73.799,140.596,990.674,-70.268,142.996,1009.27,-72.8195,137.248,993.042,-61.1156,142.424,1010.38,-76.0303,119.408,1009.96,-46.6487,127.631,977.97,-93.8091,108.661,1010.08,-22.7004,115.492,958.576,-111.827,104.371,1028.7,-4.53093,101.143,1014.65,-64.0294,72.2419,1018.45,-37.1978,76.3191,992.468,-77.2969,49.8136,1006.59,-24.1547,51.8161,1007.8,-94.5304,12.7456,1062.42,-5.49333,4.34029,974.846,-146.771,82.1748,985.645,-151.605,68.7488,999.054,-169.373,64.907,983.433,-158.294,84.4993,0,0,0
001230:991.71,-74.7905,138.547,997.695,-75.4617,140.133,990.638,-72.1533,142.081,1012.18,-73.237,136.415,993.566,-62.5148,141.485,1014.25,-75.8752,118.412,1000.2,-48.5078,127.487,973.931,-93.9314,109.368,1008.72,-23.0831,115.298,954.833,-111.679,104.853,1033.11,-4.03423,99.9754,1022.07,-62.4849,69.5495,1017.72,-37.3139,76.6385,1002.84,-75.7411,43.505,1027.61,-21.4935,44.7711,1008.92,-93.4713,9.94098,1069.56,-5.84045,4.69322,972.658,-146.934,82.0511,981.556,-151.908,69.8603,981.435,-165.342,71.3606,974.152,-157.659,85.6573,0,0,0
001231:986.166,-75.5643,140.396,994.219,-76.1392,142.261,987.708,-72.7057,143.538,1028.23,-71.847,134.632,984.498,-64.5336,143.552,1012.67,-77.1944,119.468,1025.24,-46.3121,123.499,976.877,-95.3629,106.545,1012.73,-24.4176,114.371,960.2,-113.12,102.227,1021.36,-7.97145,104.69,1003.01,-66.3361,75.0776,1012,-38.244,79.6264,997.375,-78.2627,45.8224,1024.58,-21.8861,44.2695,1008.31,-94.5621,13.8346,1050.64,-6.43379,10.592,967.477,-145.431,83.0533,980.539,-152.59,67.2076,982.688,-169.722,68.9314,973.936,-160.2,84.1143,0,0,0
001232:978.351,-71.6606,141.07,980.72,-72.3392,143.357,983.555,-70.3522,143.4,992.046,-71.6235,140.231,1006.05,-64.7726,138.637,1002.92,-76.5701,120.036,1014.93,-52.1415,123.655,972.523,-95.1303,108.673,1012.81,-25.2684,114.081,961.685,-114.015,101.374,1014.15,-5.88338,104.852,1009.89,-62.873,72.18,1018.56,-37.1936,76.6772,988.576,-76.7427,50.5253,1010.39,-26.9547,51.6316,1011.71,-94.9285,9.052,1059.23,-8.97973,4.49812,968.956,-146.589,83.0325,977.873,-154.073,68.0264,978.256,-170.629,70.1365,968.265,-159.937,82.9544,928.672,-161.354,95.6721
001233:994.004,-75.6967,137.456,995.094,-76.0405,140.08,995.686,-73.8398,140.605,998.392,-73.615,138.881,1003.1,-65.7504,139.29,997.743,-76.7968,121.561,1009.75,-51.8109,125.314,966.301,-94.8931,109.893,1017.61,-25.6098,113.266,958.142,-112.999,102.447,1015.34,-9.37822,104.784,1012.34,-63.7055,71.389,1019.99,-37.4841,76.4318,990.065,-77.0258,50.8843,1012.47,-27.4775,51.2162,1014.96,-95.2271,7.37611,1065.89,-9.7757,0.802283,976.243,-150.454,78.6099,975.764,-157.403,66.5224,983.404,-172.232,68.7334,968.031,-159.327,84.3272,928.355,-161.371,94.6099
001234:960.27,-69.5319,145.336,968.068,-71.5567,146.098,965.31,-68.2974,147.855,994.852,-74.3244,138.811,993.07,-63.827,141.943,1007.29,-79.0537,117.686,1014.43,-51.8653,124.271,968.716,-95.1114,109.116,1020.54,-25.002,112.977,960.2,-113.596,101.71,1010.66,-10.0987,105.379,1015.15,-62.9325,71.0604,1022.3,-37.1311,75.8299,989.18,-78.7183,51.4679,1001.67,-26.8338,56.8307,1013.6,-95.3558,7.63296,1050.71,-7.832,8.13641,971.948,-150.765,78.6785,984.466,-160,64.4594,972.392,-170.352,71.4033,967.714,-159.342,83.2255,931.416,-161.149,93.1885
001235:963.94,-70.0708,144.408,972.413,-72.1684,145.054,967.465,-68.8267,147.168,999.111,-74.999,137.787,990.133,-64.6168,142.263,1008.31,-80.0157,117.885,1008.06,-52.9406,125.542,967.744,-95.6292,109.284,1014.33,-26.3072,114.078,959.752,-114.153,100.686,1010.26,-9.54327,105.403,1014.59,-64.3576,71.5705,1025.19,-37.4526,75.078,996.134,-78.4831,49.3927,1005.72,-26.1399,54.4344,1011.27,-94.8929,9.79131,1055.57,-7.54493,6.30705,971.948,-150.765,78.6785,973.742,-160.704,65.1483,964.49,-173.337,71.3518,964.63,-162.078,84.0404,934,-162.068,91.3141
001236:988.573,-77.802,138.739,993.454,-78.8416,140.446,988.238,-75.4771,142.412,1004.35,-77.2548,137.001,994.19,-66.3454,141.109,1004.09,-79.7108,119.214,1003.11,-52.4264,126.3,963.943,-95.7808,110.273,1012.1,-27.0634,114.491,949.341,-112.7,103.789,1016.01,-10.9588,103.856,1019.09,-66.189,70.4287,1021.32,-38.0405,76.0842,996.696,-79.4044,49.3892,1006.92,-26.7955,53.4223,1009.13,-95.3153,10.2672,1052.64,-8.15126,6.38113,969.937,-150.92,79.2606,973.595,-161.36,65.942,966.501,-173.217,70.801,954.726,-160.244,86.6675,933.698,-162.079,90.2047
001237:987.719,-78.6985,137.42,991.651,-79.5389,139.559,988.254,-76.2639,140.871,1001.06,-77.6969,137.231,996.518,-66.5282,139.543,1005.78,-80.5018,118.663,1003.54,-52.1379,125.307,974.161,-98.5071,107.444,1012.13,-26.8103,113.399,956.186,-114.671,100.718,1014.2,-10.5362,103.751,1020.31,-66.3902,69.6285,1016.01,-39.122,78.0292,999.212,-79.7909,47.7848,1002.52,-27.6213,53.0863,1016.69,-95.1783,8.22296,1049.15,-8.95841,7.05748,961.703,-151.526,80.3486,970.93,-162.811,66.6765,954.513,-173.929,74.0836,950.447,-160.541,87.8016,936.434,-163.001,88.8973
001238:996.98,-80.7552,136.425,1000.11,-81.169,138.658,996.221,-78.3356,140.094,1005.22,-78.0611,136.836,997.545,-68.1167,139.827,1003.88,-80.2129,119.607,1002.31,-53.1235,126.112,968.861,-96.7515,109.297,1009.38,-28.1486,114.702,955.519,-113.543,101.628,1008.32,-12.5977,105.609,1024.14,-66.8362,68.1943,1017.54,-38.889,77.6306,1005.62,-80.2725,45.759,1008.38,-27.8833,51.2308,1016.93,-94.8784,7.70806,1049.04,-8.94975,6.70946,961.524,-151.536,79.7423,966.258,-164.388,67.9649,952.534,-174.047,74.6256,957.225,-163.833,86.3265,939.376,-162.79,86.9169
001239:989.083,-80.6182,137.358,993.945,-81.4515,139.148,989.527,-77.9509,140.662,1002.34,-79.4278,137.134,994.705,-67.7899,140.119,1005.5,-80.8661,119.051,995.578,-54.2258,127.647,970.09,-97.618,108.248,1006.39,-29.5494,114.404,953.776,-114.894,100.714,1024.67,-11.9502,100.36,1014.49,-67.0162,71.4906,1024.94,-38.5105,75.2822,1008.91,-78.8668,45.3547,1010.18,-28.1623,49.402,1016.58,-93.2139,9.44207,1050.96,-9.72159,4.74283,966.571,-153.056,78.3848,960.085,-164.786,68.9214,946.969,-174.391,77.6306,952.964,-164.112,87.4985,939.232,-162.792,86.3383
001240:1005.08,-79.4618,133.431,1008.93,-80.5601,136.089,1000.32,-77.3805,137.843,1031.65,-76.7681,130.937,981.037,-70.5053,142.173,1007.98,-81.387,118.583,1025.13,-51.0058,122.251,975.997,-97.06,106.439,1006.76,-29.4569,114.685,959.922,-113.672,97.607,1006.68,-12.0061,105.971,1000.11,-69.4487,76.3338,1013.58,-40.2579,78.9424,1003.76,-79.9471,46.1232,1033.61,-23.9549,41.4409,1004.09,-95.5664,13.143,1044.32,-10.8307,12.7466,961.524,-151.536,79.7423,959.912,-164.789,68.2217,952.914,-176.535,73.7313,949.802,-164.326,88.5362,942.136,-163.717,85.5967
001241:992.021,-80.0149,135.647,994.297,-81.117,137.901,992.112,-77.7664,139.386,1000.67,-79.9131,136.213,997.064,-68.7314,139.267,1001.79,-81.8508,119.483,1004.94,-54.944,125.786,969.77,-97.2544,108.556,1016.07,-29.9145,112.929,954.495,-113.683,100.321,1026.94,-13.6626,99.8876,1016.91,-67.3091,70.7731,1018.73,-39.7089,77.0391,1002.01,-81.5834,47.763,1013.72,-29.8539,51.9876,1010.44,-95.6287,9.62412,1051.06,-10.5284,7.51041,946.13,-152.972,83.2838,948.22,-159.783,69.991,959.859,-174.248,73.3437,957.299,-166.789,85.5471,941.69,-163.731,83.8994
001242:990.284,-80.1952,137.481,990.92,-81.3671,140.342,991.61,-77.7912,140.806,1000.68,-81.3139,137.583,996.138,-68.9904,139.811,999.031,-82.1998,119.694,1004.56,-54.4245,125.783,977.888,-98.2452,104.71,1013.98,-31.052,113.789,958.251,-115.065,96.3666,1025.69,-12.8694,100.426,1017.25,-65.548,72.4189,1020.53,-44.5702,75.9891,1000.63,-81.3471,46.7721,1024.27,-26.9857,44.568,1011.1,-93.8266,10.5628,1049.68,-10.5188,9.35393,954.489,-153.839,81.6688,949.596,-162.005,72.7301,947.695,-172.274,78.0749,955.542,-165.095,85.6266,948.102,-163.29,81.5505
001243:990.284,-80.1952,137.481,993.919,-82.1491,139.084,991.61,-77.7912,140.806,997.291,-81.7325,138.335,999.345,-69.7437,139.1,999.031,-82.1998,119.694,1007.83,-55.1535,125.032,980.867,-99.0559,103.348,1013.98,-31.052,113.789,960.974,-115.909,94.4576,1022.42,-13.4468,101.841,1013.76,-66.0121,73.3371,1020.53,-44.5702,75.9891,1000.63,-81.3471,46.7721,1020.84,-26.2984,45.5319,1011.1,-93.8266,10.5628,1049.5,-10.5266,8.75362,945.585,-152.258,85.2274,940.895,-160.366,76.8792,942.301,-170.372,81.2886,946.976,-162.302,89.0666,941.993,-163.719,85.0168
001244:990.284,-80.1952,137.481,993.919,-82.1491,139.084,991.61,-77.7912,140.806,997.116,-81.7384,137.779,999.495,-69.7431,139.683,995.467,-82.6237,119.932,1007.83,-55.1535,125.032,977.526,-99.4316,104.179,1013.9,-32.2745,113.807,954.532,-115.41,95.5085,1022.38,-14.6797,101.85,1013.76,-66.0121,73.3371,1017.06,-45.083,76.8941,997.359,-80.5541,47.7013,1024.27,-26.9857,44.568,1010.93,-93.8361,9.98292,1045.89,-11.1337,9.837,944.964,-153.417,84.192,936.865,-161.747,76.1668,938.236,-171.726,80.5727,943.22,-163.669,89.4422,942.296,-163.708,86.134
001245:993.457,-80.969,136.77,990.562,-82.564,139.829,991.437,-77.7972,140.252,1000.17,-82.5195,136.481,995.804,-70.194,139.289,998.672,-83.408,119.178,1004.25,-55.6405,125.25,974.247,-98.63,104.403,1013.9,-32.2745,113.807,957.941,-115.074,95.2425,1025.63,-15.3337,100.431,1017.1,-66.7781,72.4571,1017.06,-45.083,76.8941,1000.63,-81.3471,46.7721,1024.27,-26.9857,44.568,1007.57,-94.2277,11.6441,1045.74,-11.1319,9.22421,947.932,-153.182,82.191,946.171,-162.225,73.0139,947.208,-173.413,77.5428,949.137,-164.382,86.6694,929.989,-163.441,90.6174
001246:989.929,-81.3926,136.968,993.732,-83.3423,139.124,991.259,-78.9893,140.291,996.78,-82.9352,137.236,999.183,-70.9437,139.135,998.672,-83.408,119.178,1007.69,-56.3657,125.061,977.357,-99.4387,103.627,1010.67,-32.8033,115.18,957.631,-115.083,94.1183,1022.33,-15.9124,101.86,1013.76,-66.0121,73.3371,1020.42,-45.805,76.0157,1000.63,-81.3471,46.7721,1024.27,-26.9857,44.568,1010.93,-93.8361,9.98292,1045.89,-11.1337,9.837,944.817,-152.288,82.4489,939.801,-161.54,74.1929,941.186,-171.543,78.6079,946.03,-163.467,86.9162,930.147,-163.433,91.1496
001518:382.382,-159.998,0.805068
