012268:987.88,-60.4683,150.156,991.352,-62.3132,153.126,985.004,-57.3026,154.038,999.677,-65.1778,150.956,983.486,-52.4189,153.455,993.326,-74.6766,134.349,1009.68,-45.4976,128.695,987.636,-88.1719,105.022,1008.19,-39.8685,102.994,980.226,-89.9206,84.1108,996.019,-34.3932,88.6729,993.641,-79.7869,84.7449,1008.27,-49.9082,81.5893,989.621,-81.5402,49.6768,1003.58,-41.4896,44.7225,1013.04,-92.0074,14.9639,1041.93,-58.5308,19.5227,946.139,-94.044,55.6606,943.227,-92.7011,44.1159,920.999,-97.0234,41.5443,925.27,-98.4197,53.2415,0,0,0
012269:983.524,-60.6844,151.464,984.147,-62.9861,155.091,983.329,-57.1308,154.777,987.993,-66.3625,153.9,987.385,-51.284,153.036,988.012,-75.1611,135.555,999.946,-45.5901,131.14,987.636,-88.1719,105.022,1008.4,-39.8689,103.816,978.948,-90.0795,84.6952,994.518,-34.1015,88.7229,991.471,-80.0475,84.816,1008.27,-49.9082,81.5893,989.621,-81.5402,49.6768,1003.58,-41.4896,44.7225,1010.92,-92.2508,15.6063,1036.57,-57.4431,19.3968,944.911,-94.197,56.2627,941.206,-93.6478,44.7213,925.589,-98.1225,41.7099,925.358,-98.8843,53.8221,0,0,0
012270:983.126,-59.9274,151.841,981.986,-62.4962,155.76,984.064,-56.4934,154.979,984.695,-66.6485,154.557,989.991,-51.3859,152.799,986.114,-75.577,135.683,1003.44,-46.3441,130.435,987.67,-88.1705,105.135,1009.78,-40.1525,103.603,976.429,-90.3966,85.9773,994.728,-34.1244,89.0424,990.769,-80.3754,84.998,1003.55,-50.6022,83.0633,989.621,-81.5402,49.6768,1010.26,-42.5207,44.8567,1009.6,-91.913,16.134,1035.52,-57.8113,18.536,941.046,-94.4153,57.1253,936.237,-93.0808,46.2063,922.474,-99.4271,43.2639,922.863,-100.335,55.1452,0,0,0
012271:992.071,-62.3477,150.136,990.542,-64.5287,154.195,992.889,-58.7517,153.278,989.481,-67.4755,153.941,994.873,-52.3667,151.905,986.544,-75.6461,136.339,1006.46,-46.6734,131.085,987.67,-88.1705,105.135,1012.54,-40.9682,103.179,976.429,-90.3966,85.9773,997.004,-34.5427,89.3059,996.682,-81.8071,83.5844,1002.19,-50.7997,83.4155,989.621,-81.5402,49.6768,1007.89,-43.8422,44.6387,1009.6,-91.913,16.134,1021.32,-60.5103,23.1279,939.111,-94.4154,57.5751,937.276,-94.5834,45.7716,924.646,-101.022,42.38,924.877,-101.047,55.6488,0,0,0
012272:991.788,-62.0743,150.563,991.044,-64.695,154.429,992.366,-58.5409,153.773,990.737,-68.319,153.905,995.006,-52.8301,152.317,987.699,-76.4597,136.061,1006.62,-46.697,131.184,981.406,-88.8935,105.688,1006.75,-41.8925,105.959,974.741,-90.6205,87.5118,996.82,-34.9411,90.3252,989.408,-83.9349,86.7123,1000.83,-50.9969,83.767,990.275,-81.7004,49.4906,1004.49,-44.3538,45.731,1005.39,-92.3983,17.4108,1024.15,-61.1283,22.5451,937.224,-95.5865,58.7348,931.277,-94.8565,48.6425,915.963,-99.9483,44.1749,923.152,-101.259,56.7565,0,0,0
012273:987.613,-59.9805,150.896,989.002,-62.8613,154.341,987.215,-56.6255,154.444,991.97,-67.4238,153.516,988.717,-51.906,153.762,985.726,-75.8326,136.889,1005.85,-46.5382,131.252,981.406,-88.8935,105.688,1006.73,-42.3837,105.964,972.982,-90.7952,86.3879,992.551,-35.0419,91.4459,989.408,-83.9349,86.7123,1000.83,-50.9969,83.767,990.275,-81.7004,49.4906,1005.01,-45.4922,45.0731,1003.6,-92.623,19.0987,1030.28,-63.0457,20.3416,940.148,-95.918,57.1508,931.749,-95.0232,48.0207,915.39,-100.72,44.96,921.739,-102.107,56.9311,0,0,0
012274:987.408,-63.2868,152.621,987.909,-65.8185,156.287,989.021,-59.7965,155.494,991.604,-69.1786,154.624,993.371,-53.2729,152.913,985.812,-76.5062,136.534,1010.8,-48.3904,129.65,978.196,-89.2915,106.975,1006.84,-42.3797,106.31,970.336,-91.1103,87.0807,994.806,-37.0701,93.5942,989.379,-83.9349,86.5948,1001.5,-51.1441,83.5946,991.587,-82.0214,49.1175,995.407,-46.9101,47.5503,1003.6,-92.623,19.0987,1031.13,-65.1433,18.3934,935.654,-96.6819,58.4514,930.338,-95.8806,48.1927,917.381,-101.884,45.5495,918.713,-102.464,58.18,0,0,0
012275:987.832,-62.8853,152.256,987.625,-65.3768,156.026,988.315,-59.5031,155.534,988.489,-68.7927,155.307,990.734,-53.9948,154.202,985.351,-76.9195,137.35,1005.86,-47.2453,131.694,979.073,-89.4423,107.604,1006.84,-42.3797,106.31,970.336,-91.1103,87.0807,987.67,-35.5548,95.419,989.447,-83.9319,86.8225,1004.97,-53.6073,83.7013,991.587,-82.0214,49.1175,998.043,-47.4967,46.673,1003.39,-92.6343,18.3974,1029.75,-65.3328,19.0637,927.392,-95.6114,62.0536,927.867,-97.3529,49.7831,914.293,-102.479,46.7324,918.266,-103.225,59.3907,0,0,0
012276:985.348,-62.413,152.85,984.683,-65.1282,156.73,987.13,-59.0195,155.866,986.623,-68.977,155.762,994.118,-53.678,153.613,985.836,-77.3378,137.221,1000.19,-48.4908,132.61,979.073,-89.4423,107.604,1006.84,-42.3797,106.31,967.101,-91.5023,88.1753,987.721,-35.5865,95.1128,989.551,-83.9274,87.1637,1004.97,-53.6073,83.7013,991.587,-82.0214,49.1175,998.043,-47.4967,46.673,1003.39,-92.6343,18.3974,1026.92,-66.9721,20.4268,932.533,-97.9951,60.0884,926.759,-97.4977,50.7197,915.034,-103.326,47.4636,912.598,-103.868,60.6902,0,0,0
012277:983.203,-62.6741,152.8,983.019,-65.3314,156.648,984.768,-59.3153,155.857,986.295,-69.2369,155.825,991.19,-54.1147,154.07,985.69,-77.9542,137.693,999.534,-48.3249,133.041,979.142,-89.919,108.075,1006.84,-42.3797,106.31,967.703,-92.1399,88.1378,988.63,-35.7534,95.1751,989.551,-83.9274,87.1637,1003.58,-53.8022,83.9355,991.587,-82.0214,49.1175,998.043,-47.4967,46.673,1003.39,-92.6343,18.3974,1026.62,-68.7462,19.8707,933.607,-99.4924,59.9003,923.631,-97.8651,51.6401,910.868,-103.123,48.956,915.521,-104.675,59.8356,0,0,0
012278:979.57,-62.3562,153.952,980.074,-65.291,157.613,981.408,-59.1159,156.915,984.714,-69.7799,156.399,989.447,-54.5076,154.746,984.071,-78.2749,138.229,1000.71,-48.5679,133.04,979.142,-89.919,108.075,1006.84,-42.3797,106.31,966.237,-93.4899,88.5202,986.881,-35.3883,95.5338,986.647,-84.2589,87.0395,1005.82,-54.9759,84.3527,990.846,-82.1058,49.0736,999.948,-48.9262,45.8746,1003.39,-92.6343,18.3974,1028.07,-69.0616,19.6953,929.936,-99.4635,61.2039,922.109,-98.4975,51.386,907.849,-103.935,50.3405,913.497,-105.815,60.3076,0,0,0
012279:981.165,-62.6489,153.367,980.551,-65.2738,157.31,984.772,-59.7263,155.912,983.244,-69.3453,156.445,989.709,-54.3976,153.723,977.905,-77.353,139.123,1008.56,-50.3676,130.246,972.456,-91.4258,109.843,1008.25,-42.664,106.215,966.237,-93.4899,88.5202,988.68,-35.7559,95.2765,984.631,-84.5061,87.5618,1002.88,-55.3629,84.2302,987.016,-82.545,48.5394,999.591,-49.6757,44.7079,1003.39,-92.6343,18.3974,1026.62,-69.2468,19.9978,930.001,-99.4601,61.4241,926.657,-100.07,51.7168,910.363,-104.801,50.4167,912.982,-106.334,61.038,0,0,0
012280:975.178,-63.7375,154.443,976.653,-66.5209,157.924,976.92,-60.5205,157.508,983.802,-70.6124,156.43,986.122,-55.557,155.375,981.36,-78.9642,138.753,1002.26,-48.8924,132.902,973.646,-91.7499,109.31,1008.5,-42.6548,107.022,960.507,-94.1785,90.6262,984.069,-34.8281,95.7376,984.631,-84.5061,87.5618,1001.46,-55.5559,84.3458,987.016,-82.545,48.5394,993.407,-50.5728,46.2227,1003.39,-92.6343,18.3974,1026.26,-71.015,19.1905,929.45,-100.467,62.4329,922.492,-99.6401,53.3065,904.735,-105.44,51.7573,911.95,-106.471,62.1851,0,0,0
012281:977.175,-63.2849,154.085,978.43,-66.2983,157.617,979.699,-60.175,156.952,983.191,-70.8661,156.602,988.007,-55.7805,155.003,978.284,-79.0134,139.277,1000.39,-49.9525,133.414,972.983,-92.3054,109.718,1005.16,-43.1651,108.077,956.1,-95.1871,92.6363,985.871,-35.1225,96.5136,984.631,-84.5061,87.5618,1001.46,-55.5559,84.3458,982.14,-82.4068,49.0561,995.916,-51.6602,44.9982,1003.42,-92.6342,18.5182,1021,-73.4169,20.2361,925.208,-100.97,64.2527,925.579,-100.445,52.8844,903.972,-106.668,52.1165,907.244,-107.246,64.5049,0,0,0
012282:976.163,-65.3412,154.703,979.966,-68.2896,157.935,978.052,-61.7754,157.828,986.665,-72.3846,156.435,982.648,-56.1013,156.312,981.358,-79.8211,139.003,1000.98,-50.0628,133.549,974.874,-92.7888,109.253,1003.93,-43.3687,108.872,957.133,-95.5182,91.6477,995.634,-35.5681,93.3112,983.289,-84.6707,87.9092,1001.46,-55.5559,84.3458,974.15,-81.7154,50.847,1000.6,-52.7006,43.6572,1003.42,-92.6342,18.5182,1019.58,-73.5974,20.6588,925.955,-102.053,65.114,922.878,-101.674,53.4413,903.977,-108.272,53.0632,911.262,-108.841,63.4539,0,0,0
012283:982.87,-64.1928,153.964,984.244,-67.1525,157.432,985.277,-61.0272,156.8,985.616,-72.0603,156.445,984.171,-56.0584,155.497,976.019,-79.6165,139.288,1005.94,-51.2509,131.175,973.641,-92.9437,109.925,1003.93,-43.3687,108.872,957.039,-96.2298,91.6718,986.57,-35.3139,95.7299,987.019,-85.6366,86.4521,1001.41,-56.2926,84.357,972.79,-81.8825,51.1108,997.363,-53.1921,45.3455,1002.49,-94.6961,18.7992,1020.88,-73.9228,20.0117,918.504,-103.14,67.4784,916.131,-102.225,55.6631,900.12,-108.047,55.4039,908.786,-109.121,64.1867,0,0,0
012284:966.633,-66.129,157.306,971.161,-69.1501,160.327,968.566,-62.5948,160.307,981.311,-73.3403,157.774,976.123,-57.1718,157.754,977.446,-80.633,139.858,1003.04,-50.5382,132.81,971.424,-94.1369,110.115,1003.93,-43.3687,108.872,955.742,-96.3809,92.0105,989.799,-35.6378,96.6846,987.748,-86.2759,86.7526,1000.16,-56.4804,85.0533,972.966,-81.8823,51.8148,996.523,-54.0302,45.0763,1004.1,-95.0177,19.329,1024.18,-75.2385,18.6391,918.17,-103.198,68.6403,913.88,-102.971,57.5364,892.979,-109.549,58.5007,900.608,-109.601,67.7469,0,0,0
012285:971.149,-66.9308,155.995,974.299,-69.9374,159.333,973.788,-63.3559,158.959,981.55,-73.955,157.489,980.736,-57.543,156.72,979.036,-80.7793,139.249,1002.37,-50.3699,133.22,971.361,-94.6138,110.13,1003.93,-43.3687,108.872,954.446,-96.5318,92.3487,989.605,-33.9221,96.3464,983.012,-86.846,87.8546,995.332,-57.1498,85.9235,973.112,-81.8821,52.4015,996.464,-54.03,44.839,1009.2,-96.178,19.3144,1015.46,-76.3086,20.3308,920.003,-104.838,69.078,910.958,-104.246,59.5986,895.494,-110.184,58.6931,898.524,-111.231,70.6095,0,0,0
012286:965.153,-64.9962,157.499,965.89,-67.907,161.146,971.073,-62.075,159.654,973.518,-72.6124,159.288,980.672,-56.987,156.596,973.76,-80.5802,140.399,1006.24,-52.4869,131.989,968.201,-94.9937,111.391,1000.59,-43.1424,109.679,953.912,-98.0207,93.7041,988.682,-33.7059,96.8848,981.673,-87.0081,88.2016,996.651,-57.4484,85.5823,969.736,-82.2986,53.1148,997.798,-54.3288,44.4566,1004.29,-96.7294,20.7932,1015.46,-76.3086,20.3308,921.197,-106.086,69.3351,908.771,-105.661,61.8941,895.065,-111.385,60.2461,899.228,-113.162,69.6954,0,0,0
012287:958.542,-65.3123,159.144,961.513,-68.4177,162.305,964.143,-62.1737,161.298,973.573,-73.3363,159.044,976.268,-56.8526,157.129,974.277,-80.6473,139.309,1006.08,-52.4949,131.437,968.201,-94.9937,111.391,998.672,-42.7115,110.387,958.46,-99.1464,93.3576,987.677,-33.5006,97.0473,981.673,-87.0081,88.2016,996.629,-57.9352,85.5846,969.736,-82.2986,53.1148,992.954,-55.0088,45.4625,1004.36,-96.7256,21.0269,1015.28,-76.8162,19.8721,915.754,-106.253,71.2514,903.314,-104.686,62.7851,889.498,-111.542,61.0883,895.83,-113.092,71.2562,0,0,0
012288:974.328,-68.5183,155.213,975.822,-71.0812,158.598,977.621,-65.3741,157.867,979.656,-74.5173,157.266,979.092,-59.0399,156.337,972.615,-80.7274,139.713,1004.82,-52.2085,131.838,974.048,-96.444,110.675,998.672,-42.7115,110.387,952.625,-99.8129,94.873,988.981,-33.6984,97.8044,979.728,-87.2506,88.9546,996.629,-57.9352,85.5846,969.736,-82.2986,53.1148,991.6,-55.2024,45.8501,1004.36,-96.7256,21.0269,1020,-77.9557,18.1987,911.694,-107.193,73.7179,908.014,-106.885,62.2346,886.786,-112.083,63.053,890.749,-113.224,73.7904,0,0,0
012289:968.103,-67.9128,156.03,969.021,-70.5831,159.595,973.219,-64.836,158.333,974.559,-74.577,158.265,980.721,-59.1246,155.881,972.304,-81.8155,139.913,1007.8,-52.8498,131.349,972.726,-96.5959,110.999,997.421,-42.424,110.934,952.567,-99.8132,94.643,984.287,-32.717,98.8804,979.728,-87.2506,88.9546,1001.26,-58.986,84.386,969.619,-82.2989,52.6466,994.253,-55.8007,45.0894,1001.24,-96.0745,20.3158,1021.27,-78.7838,17.5565,914.41,-109.153,72.8123,905.531,-108.312,63.5618,887.222,-113.603,63.2705,892.175,-115.302,73.3791,0,0,0
012290:971.58,-68.7921,156.42,973.081,-71.8008,159.931,975.497,-65.3303,158.986,978.636,-75.8389,158.023,980.091,-58.8897,156.499,972.168,-81.8963,139.934,1004.45,-53.1341,131.577,968.847,-97.1089,114.526,996.208,-42.1357,111.595,951.277,-99.9607,94.9784,986.029,-32.555,99.2327,978.6,-87.4113,90.1169,1001.26,-58.986,84.386,968.297,-82.4649,53.025,989.399,-56.4745,45.9732,998.419,-95.409,20.5341,1017.66,-79.222,18.3774,912.519,-109.407,75.6073,901.963,-108.99,67.4367,885.875,-115.589,66.6056,891.256,-115.652,74.9456,0,0,0
012291:968.71,-69.0068,156.145,971.144,-71.8019,159.395,972.87,-65.7299,158.62,978.466,-75.7792,157.384,978.668,-59.5789,156.13,972.208,-82.4917,139.614,1002.44,-53.8989,132.419,970.06,-96.8992,111.529,994.234,-41.7101,112.071,945.498,-100.621,96.4801,980.349,-30.5889,101.256,982.438,-88.3747,89.1245,1001.23,-58.9874,84.271,964.797,-82.8791,53.1511,989.399,-56.4745,45.9732,998.521,-95.4034,20.8833,1017.66,-79.222,18.3774,909.939,-110.374,76.3428,896.118,-110.311,68.2279,881.955,-117.158,69.5258,894.891,-117.976,75.7762,0,0,0
012292:971.589,-68.5256,155.305,973.17,-71.7622,159.081,972.655,-65.1733,158.713,978.7,-76.1505,157.591,978.925,-59.706,156.767,975.968,-82.856,139.694,998.561,-53.0147,133.538,966.629,-97.2775,111.756,994.234,-41.7101,112.071,940.546,-101.667,98.6069,982.866,-31.0833,101.208,985.72,-89.1784,88.5202,1001.05,-58.9946,83.6955,964.797,-82.8791,53.1511,985.975,-56.9534,46.7022,998.516,-95.4051,20.8874,1019.52,-80.2138,17.1652,906.057,-111.923,77.3092,893.676,-110.805,68.9324,877.573,-118.329,72.6845,889.557,-117.915,79.5326,0,0,0
012293:974.39,-71.2305,154.989,976.692,-74.2935,158.6,975.21,-67.272,158.324,980.65,-77.4357,157.238,976.592,-60.0574,157.04,974.441,-82.9615,139.343,996.196,-53.0057,133.713,963.536,-97.6522,113.249,990.385,-42.3948,115.614,939.21,-101.814,98.7172,978.232,-30.0824,102.779,981.023,-89.7381,89.7328,1002.31,-59.2989,83.1207,963.482,-83.0443,53.528,985.259,-57.7838,46.9068,998.605,-95.4048,21.2488,1019.52,-80.2138,17.1652,909.088,-113.423,77.5285,901.41,-113.123,68.0877,880.106,-120.312,74.1639,894.519,-120.777,80.9047,0,0,0
012294:968.724,-69.9929,155.531,971.272,-73.2725,159.138,969.69,-66.1066,158.917,977.989,-77.3583,157.555,974.197,-59.7128,157.379,973.659,-83.607,139.527,993.784,-53.6563,134.819,963.502,-97.6536,113.138,994.324,-41.7101,112.419,945.24,-103.437,97.1507,983.412,-31.0701,103.022,981.023,-89.7381,89.7328,1002.31,-59.2989,83.1207,958.842,-83.6199,54.6092,985.228,-58.2736,46.9151,998.605,-95.4048,21.2488,1017.86,-81.6407,17.1404,902.952,-114.079,79.1259,897.749,-116.016,70.6741,884.622,-121.842,73.3171,890.975,-121.146,82.1309,0,0,0
012295:976.569,-71.9545,154.417,976.275,-75.0366,158.501,975.487,-67.9847,158.256,979.449,-78.2992,157.163,975.942,-60.3172,157.044,974.76,-83.865,138.829,997.627,-54.5442,133.61,963.502,-97.6536,113.138,991.759,-41.1443,113.283,945.24,-103.437,97.1507,975.07,-29.2821,105.656,978.353,-90.0565,90.4225,1002.31,-59.2989,83.1207,958.842,-83.6199,54.6092,997.938,-61.3243,41.3711,998.664,-95.4047,21.4897,1017.86,-81.6407,17.1404,902.235,-115.962,80.0181,896.853,-118.368,71.4294,876.469,-122.696,76.2636,889.5,-122.438,84.5088,0,0,0
012296:981.123,-71.4776,153.281,979.86,-74.5104,157.472,980.916,-67.8061,156.922,978.896,-77.9704,157.199,978.648,-60.7998,156.507,973.749,-84.1069,139.309,996.791,-54.8249,134.111,956.379,-98.4768,115.011,990.662,-40.8544,114.28,942.743,-103.723,98.0421,972.454,-28.7257,106.422,978.235,-90.057,89.9555,1000.95,-59.4884,83.4734,958.842,-83.6199,54.6092,993.878,-61.6375,42.5373,998.698,-95.4028,21.606,1012.91,-82.2432,18.6284,896.249,-116.197,84.0438,899.375,-119.014,71.6338,877.747,-124.133,77.4058,889.023,-122.947,85.4655,0,0,0
012297:981.678,-72.9416,152.883,980.963,-75.9701,157.104,980.314,-68.894,156.893,980.854,-78.9745,156.539,976.98,-60.8918,156.569,973.775,-84.9093,138.791,989.112,-55.3284,135.472,954.988,-99.3318,115.351,990.662,-40.8544,114.28,942.829,-103.723,98.3848,973.249,-28.7842,108.005,978.235,-90.057,89.9555,1002.19,-61.0184,83.15,958.842,-83.6199,54.6092,992.519,-61.8253,42.9289,998.698,-95.4028,21.606,1011.31,-82.4203,18.3352,896.471,-117.545,85.7347,890.553,-120.627,75.5769,877.732,-126.139,78.8011,886.117,-125.532,90.592,0,0,0
012298:976.456,-72.587,153.154,977.294,-75.9014,157.165,976.111,-68.7235,156.932,979.184,-79.2952,156.327,976.098,-61.3008,156.284,970.214,-84.6087,139.314,988.16,-55.1261,135.514,954.855,-100.274,115.383,992.865,-40.5487,114.614,939.714,-104.077,99.4279,980.871,-29.8403,107.076,978.235,-90.057,89.9555,999.765,-61.8051,82.5376,956.237,-83.9471,55.3566,987.842,-62.48,44.5306,987.549,-96.6562,24.4541,1011.31,-82.4203,18.3352,895.749,-118.969,86.4061,892.358,-121.57,75.8889,874.529,-126.547,85.4656,882.85,-125.211,92.1934,0,0,0
012299:975.368,-74.0034,153.768,976.358,-77.0574,157.653,974.177,-69.794,157.778,979.033,-80.0138,156.464,973.434,-61.4625,156.833,971.587,-85.3873,139.018,988.784,-55.7834,134.928,957.978,-101.085,114.861,989.698,-39.8412,115.739,943.506,-106.212,99.7522,974.076,-27.1285,109.841,973.584,-90.6114,91.1579,995.695,-62.365,83.5951,952.79,-84.3549,55.4767,984.418,-62.9449,45.2641,984.777,-98.1887,25.802,1008.38,-82.7623,18.6972,894.324,-120.723,89.3692,888.156,-121.148,78.8551,875.323,-127.808,86.9529,879.076,-125.655,96.9219,0,0,0
012300:973.537,-72.1784,153.431,975.358,-75.1234,156.794,972.092,-68.6308,157.269,979.19,-78.7267,155.714,970.638,-62.0242,156.883,970.711,-85.7036,139.395,988.644,-56.4695,135.181,960.438,-101.737,114.258,989.698,-39.8412,115.739,935.363,-107.122,102.336,974.398,-27.9107,110.2,973.584,-90.6114,91.1579,989.513,-63.199,84.7021,952.79,-84.3549,55.4767,984.418,-62.9449,45.2641,985.532,-98.8362,26.2002,1012.45,-83.7469,17.4701,892.468,-120.508,91.7605,892.846,-123.808,79.2681,875.177,-129.185,89.7767,880.948,-127.245,97.9979,0,0,0
012301:983.11,-72.5285,151.743,983.683,-75.8988,155.486,981.986,-68.9119,155.497,982.375,-79.8966,154.874,979.232,-62.6991,155.041,971.119,-86.2009,138.434,986.305,-56.503,134.651,960.438,-101.737,114.258,989.768,-39.8387,115.966,931.041,-107.607,103.812,974.668,-27.9838,109.896,973.584,-90.6114,91.1579,993.649,-64.1003,84.3662,952.79,-84.3549,55.4767,988.353,-63.859,44.1282,985.468,-99.3251,26.2187,1014.49,-84.2412,16.8541,895.564,-121.767,92.2988,888.51,-125.403,83.1931,872.19,-130.182,93.2788,885.39,-127.502,98.5603,0,0,0
012302:977.486,-74.2919,152.733,978.66,-77.6332,156.268,977.478,-70.5901,156.294,979.008,-80.8928,155.181,977.294,-63.3383,155.354,968.75,-86.2202,138.881,986.222,-56.4799,134.727,955.724,-102.248,114.681,987.231,-39.2756,116.816,932.588,-107.917,104.702,981.315,-28.7932,109.754,971.506,-91.3284,91.5738,993.5,-64.1003,83.7789,949.936,-84.6832,55.1866,985.324,-64.2317,43.6122,983.357,-100.042,26.8536,1017.15,-84.9061,15.794,887.581,-122.607,95.9647,881.554,-125.888,85.7242,869.919,-131.73,95.1629,880.433,-128.237,101.509,0,0,0
012303:963.789,-73.4317,155.623,965.917,-76.7748,158.912,965.309,-69.9082,158.766,971.969,-80.5309,156.565,973.049,-63.596,155.978,968.083,-86.339,138.699,986.691,-56.6055,134.373,955.724,-102.248,114.681,987.291,-39.2756,117.047,925.814,-108.673,106.919,976.047,-26.9596,111.447,968.581,-91.65,91.232,993.291,-64.109,83.092,954.316,-85.9734,51.7231,986.566,-64.5406,43.002,981.869,-100.926,27.1725,1015.02,-85.1601,16.4353,892.713,-123.455,96.9015,881.374,-126.601,87.8567,872.168,-133.714,95.9175,883.452,-129.726,102.323,0,0,0
012304:967.458,-74.9007,155.157,970.626,-78.341,158.213,966.894,-71.0079,158.563,975.828,-81.7094,155.698,970.711,-63.8512,156.123,967.396,-86.2983,138.588,981.85,-57.2235,135.307,951.327,-102.753,116.245,987.291,-39.2756,117.047,927.617,-111.232,107.873,968.211,-25.2459,114.651,968.912,-92.2998,90.2998,992.839,-64.128,81.6035,947.692,-87.2599,53.2809,986.566,-64.5406,43.002,977.712,-101.378,28.0415,1016.35,-84.9909,15.6429,889.857,-124.427,98.7225,884.409,-128.311,88.7481,868.344,-134.093,98.0016,882.193,-130.955,103.238,0,0,0
012305:966.74,-73.9422,153.999,968.045,-77.5431,157.705,968.685,-70.3273,157.206,972.63,-81.8318,155.718,976.238,-64.1007,154.492,968.891,-87.4788,137.65,984.61,-57.8627,134.517,950.043,-102.897,116.559,987.396,-39.2718,117.388,924.685,-111.562,109.326,978.975,-27.5143,111.637,966.732,-93.0117,90.2487,992.839,-64.128,81.6035,946.376,-87.4194,53.5387,986.475,-65.7662,43.027,980.291,-102.051,27.2627,1017.83,-84.8213,15.4581,886.721,-125.851,99.8001,879.805,-129.883,91.4096,866.483,-135.577,99.07,882.84,-132.003,104.092,0,0,0
012306:964.161,-74.4084,154.022,966.882,-77.8259,157.486,965.895,-70.7511,157.331,972.123,-81.8463,155.697,972.977,-64.2787,154.971,967.051,-87.5435,137.968,982.703,-57.9228,134.777,950.043,-102.897,116.559,985.516,-38.8502,118.079,924.685,-111.562,109.326,976.813,-26.0817,112.505,972.065,-92.3887,89.1077,992.839,-64.128,81.6035,945.005,-87.5788,53.5653,987.788,-66.0733,42.6466,975.495,-102.574,28.4532,1017.83,-84.8213,15.4581,888.321,-126.828,101.657,885.525,-131.54,90.6253,869.437,-136.399,99.282,883.276,-132.436,106.061,0,0,0
012307:966.662,-76.1279,153.581,968.82,-79.4895,157.048,967.543,-72.1958,157.046,972.613,-82.9415,155.533,971.548,-64.5533,155.337,965.695,-88.2115,138.175,979.823,-57.7936,134.705,948.179,-103.113,117.258,985.516,-38.8502,118.079,924.841,-111.557,109.875,974.972,-24.9653,113.114,972.065,-92.3887,89.1077,992.839,-64.128,81.6035,946.235,-87.8953,53.2077,986.23,-66.7548,42.4711,974.147,-102.722,28.8597,1019.2,-85.1528,15.0444,887.121,-128.063,102.789,876.907,-132.604,94.2782,871.406,-137.99,101.039,880.646,-133.591,108.706,0,0,0
012308:970.184,-77.1648,152.497,971.747,-80.3899,155.969,971.233,-73.3666,155.882,972.599,-83.325,154.903,972.483,-65.5264,154.657,964.154,-88.2886,138.252,977.212,-57.9559,134.891,940.021,-104.04,119.736,985.516,-38.8502,118.079,924.841,-111.557,109.875,970.482,-23.9789,115.056,972.065,-92.3887,89.1077,989.325,-64.5876,81.8982,946.235,-87.8953,53.2077,986.161,-66.758,42.2407,971.984,-102.946,28.876,1019.23,-85.1509,15.1626,883.075,-128.915,104.684,872.102,-132.207,96.7403,868.811,-139.565,104.156,882.322,-135.83,107.585,0,0,0
012309:970.423,-77.846,151.826,971.791,-81.0199,155.375,971.397,-74.0348,155.287,971.912,-83.716,154.606,971.882,-65.9772,154.404,963.78,-88.4044,137.786,975.51,-58.0646,135.027,939.475,-104.11,120.23,985.516,-38.8502,118.079,926.23,-111.878,110.347,972.627,-24.3756,115.266,972.065,-92.3887,89.1077,988.102,-64.7708,82.7184,946.235,-87.8953,53.2077,990.764,-67.8384,40.9044,965.145,-103.687,30.3141,1019.2,-85.1528,15.0444,882.972,-130.484,105.673,876.973,-135.263,96.6979,865.054,-140.805,107.253,867.855,-136.122,113.573,0,0,0
012310:970.648,-77.0618,151.515,973.093,-80.5275,154.851,971.951,-73.2523,154.905,973.134,-84.1282,154.27,972.512,-66.0993,154.198,960.207,-88.6535,138.273,979.518,-58.4459,134.954,939.509,-104.109,120.339,986.816,-39.1295,117.769,926.375,-112.332,111.132,962.328,-22.2044,118.483,966.615,-93.0122,89.7848,984.757,-65.2276,83.5941,944.894,-88.0541,53.3499,993.303,-68.4635,39.7897,965.079,-103.691,30.087,1019.13,-85.1566,14.8078,877.937,-129.914,109.391,876.102,-136.465,98.9993,861.923,-141.321,109.555,870.91,-138.915,115.842,0,0,0
012311:977.572,-76.8395,149.828,979.752,-80.1346,153.081,977.139,-73.2302,153.477,975.459,-83.7184,153.21,971.58,-66.6726,153.817,958.6,-88.9323,138.098,974.546,-59.0529,135.37,939.509,-104.109,120.339,988.268,-39.4095,118.037,924.505,-112.532,111.604,965.563,-21.3596,119.097,966.615,-93.0122,89.7848,986.055,-65.5314,83.2539,944.543,-89.7221,52.8394,993.303,-68.4635,39.7897,962.656,-105.127,29.8285,1023.87,-86.3254,13.1156,883.005,-132.07,109.215,868.899,-134.114,102.327,860.879,-142.719,111.279,864.009,-138.705,119.318,0,0,0
012312:964.667,-77.7266,152.899,968.343,-80.8782,155.707,965.454,-74.1594,156.276,971.424,-84.2333,153.959,967.342,-67.3172,154.751,960.779,-90.0915,137.438,969.972,-59.6882,136.442,939.509,-104.109,120.339,987.757,-39.2645,118.646,923.318,-112.665,112.144,974.177,-22.3116,118.476,965.244,-93.1674,89.8953,986.011,-65.5357,83.1461,936.444,-91.4242,56.1451,991.203,-68.7357,40.1448,960.457,-105.349,29.6169,1023.87,-86.3254,13.1156,874.158,-131.411,112.579,862.949,-137.297,105.547,858.462,-143.798,112.272,865.649,-139.243,121.412,0,0,0
012313:961.405,-78.5956,153.338,965.424,-81.6265,156.001,963.016,-75.1122,156.455,969.389,-84.4803,154.111,967.419,-68.0986,154.501,959.994,-89.8389,137.525,971.271,-59.9822,136.25,942.569,-104.917,119.826,985.641,-37.9642,120.73,920.711,-114.076,113.033,963.38,-20.1023,121.058,965.109,-93.1735,89.4482,985.864,-66.0189,82.6818,936.444,-91.4242,56.1451,992.49,-69.0482,39.645,957.885,-104.683,30.1542,1025.94,-86.8271,12.4889,874.284,-134.23,112.99,862.124,-138.668,105.88,860.262,-144.73,113.044,868.476,-139.199,120.565,0,0,0
012314:965.159,-79.36,152.518,968.769,-82.339,155.307,966.943,-75.7707,155.574,970.158,-85.1235,153.954,969.081,-68.5869,153.973,955.623,-90.0992,138.064,970.549,-60.7858,136.395,940.186,-105.657,121.232,986.114,-38.1096,120.01,916.373,-115.45,114.724,965.871,-20.5455,121.491,964.243,-94.2051,89.3032,984.469,-66.929,83.047,936.444,-91.4242,56.1451,995.172,-69.6697,38.9906,948.726,-105.887,30.6001,1025.77,-86.8365,11.8948,876.855,-135.11,114.173,867.291,-140.599,106.31,859.916,-147.129,113.934,866.834,-141.317,123.026,0,0,0
012315:961.798,-79.2768,152.461,965.436,-82.3521,155.319,963.453,-75.71,155.577,969.027,-85.2131,153.809,967.787,-68.5107,153.838,958.291,-90.2885,137.684,966.982,-61.1939,136.756,941.98,-106.145,120.795,986.044,-38.1121,119.783,917.706,-116.911,115.787,964.775,-20.3074,122.021,964.243,-94.2051,89.3032,987.065,-67.5397,82.3655,930.696,-92.1179,57.5683,995.172,-69.6697,38.9906,951.307,-106.75,27.8417,1022.22,-86.2562,12.7105,875.004,-135.717,114.654,869.13,-141.754,107.305,858.28,-147.085,116.731,869.632,-141.101,124.274,0,0,0
012316:962.717,-79.9952,152.133,966.581,-82.928,154.857,963.562,-76.3536,155.538,969.654,-85.7202,153.283,964.69,-68.7502,154.377,959.481,-91.2422,137.208,966.354,-61.0462,136.906,937.607,-106.634,122.1,986.044,-38.1121,119.783,916.497,-117.041,116.213,966.655,-20.1367,122.926,964.243,-94.2051,89.3032,984.389,-67.9001,83.0672,927.496,-92.501,58.2529,995.172,-69.6697,38.9906,959.711,-109.128,24.0222,1022.22,-86.2562,12.7105,880.736,-137.163,114.198,868.52,-142.463,107.924,858.978,-147.072,119.419,875.285,-141.676,122.919,0,0,0
012317:956.183,-81.1824,152.618,960.456,-83.9161,155.475,956.65,-77.6022,156.356,966.403,-86.295,153.543,961.903,-69.6844,154.65,961.554,-91.7355,136.568,967.11,-61.2378,136.549,938.758,-107.884,122.165,987.344,-38.3908,119.475,916.562,-117.038,116.428,962.367,-19.1961,125.055,966.056,-95.1676,88.8281,984.33,-67.9001,82.8334,929.763,-93.1414,57.1142,995.607,-70.8119,38.2245,958.185,-109.271,23.6062,1022.22,-86.2562,12.7105,872.214,-137.116,119.016,862.277,-144.108,111.054,853.411,-147.768,121.643,866.294,-143.359,127.236,0,0,0
012318:955.906,-81.4092,153.652,962.079,-84.0477,155.698,956.082,-77.869,157.114,970.227,-86.1837,152.753,959.8,-69.9985,155.112,957.562,-92.038,137.732,967.193,-61.2723,136.339,938.758,-107.884,122.165,984.711,-38.8007,120.098,916.627,-117.035,116.641,968.125,-19.8447,124.523,963.967,-95.8739,89.1272,982.996,-68.0798,83.1835,930.833,-93.4656,56.3227,994.24,-70.9916,38.622,951.512,-109.974,25.2878,1022.22,-86.2562,12.7105,875.487,-138.123,118.421,856.794,-144.168,113.187,852.402,-149.369,123.825,868.836,-145.111,129.21,0,0,0
012319:959.565,-81.2422,152.051,963.382,-84.0744,154.932,959.886,-77.6035,155.733,966.484,-86.7726,153.305,961.44,-69.9789,154.457,958.944,-92.3578,136.848,967.21,-61.7766,136.063,934.373,-108.366,123.35,986.778,-39.2196,120.098,915.481,-117.163,117.286,973.122,-19.6207,124.042,960.809,-97.3786,88.4944,982.996,-68.0798,83.1835,930.833,-93.4656,56.3227,994.206,-70.9934,38.506,951.512,-109.974,25.2878,1022.22,-86.2562,12.7105,873.216,-138.554,119.46,856.92,-145.03,114.394,854.151,-150.082,124.257,867.269,-145.037,130.044,0,0,0
012320:959.82,-80.5181,151.575,964.564,-83.6629,154.241,960.88,-76.9346,155.139,967.523,-87.1846,152.564,963.257,-70.038,153.589,958.1,-93.294,136.393,965.521,-61.9063,135.753,934.373,-108.366,123.35,986.868,-39.2197,120.444,912.429,-117.935,118.394,968.875,-18.7486,125.198,958.085,-97.68,88.7175,982.102,-68.6575,82.6742,930.768,-93.4689,56.1019,992.101,-71.2623,38.8634,948.476,-110.263,24.4766,1020.02,-86.5093,13.1148,874.515,-139.1,120.145,854.832,-145.223,115.737,850.382,-151.051,126.688,865.408,-145.623,130.388,0,0,0
012321:957.783,-82.3799,152.098,962.504,-85.2425,154.759,959.21,-78.7383,155.661,966.016,-87.8938,152.968,962.435,-70.9036,154,956.941,-93.4215,136.611,964.708,-62.2374,135.387,931.909,-109.33,124.535,987.009,-39.2148,120.898,912.374,-119.072,118.997,969.12,-18.7805,125.536,956.136,-97.9049,89.2303,983.973,-69.1197,81.9363,932.424,-94.4189,55.2521,992.101,-71.2623,38.8634,944.423,-110.681,25.1055,1019.78,-86.5226,12.286,872.94,-139.689,121.56,861.34,-147.669,115.123,852.546,-151.723,126.457,868.594,-146.636,129.58,0,0,0
012322:958.398,-82.477,151.926,960.752,-85.3697,154.98,959.844,-78.8856,155.53,961.705,-88.2556,153.589,962.478,-71.3149,154.053,953.994,-93.6892,137.227,967.226,-62.8156,134.99,931.976,-109.327,124.751,987.08,-39.2123,121.124,908.301,-119.964,121.194,975.257,-19.9852,124.676,956.136,-97.9049,89.2303,985.268,-69.4267,81.5951,930.471,-95.1163,55.8215,992.135,-71.2605,38.9793,941.06,-111.032,25.6556,1019.78,-86.5226,12.286,875.046,-141.239,121.588,858.63,-148.773,117.311,853.5,-153.13,126.72,862.571,-147.168,132.447,0,0,0
012323:958.816,-83.7054,151.183,957.625,-85.3342,154.92,963.527,-80.8782,153.931,953.303,-86.2552,154.823,973.001,-74.2115,150.896,952.353,-93.584,137.886,972.572,-64.0585,133.954,931.976,-109.327,124.751,985.763,-39.4166,121.435,907.148,-120.086,121.709,971.19,-19.1513,125.762,957.435,-97.755,88.8886,988.187,-70.2069,79.5886,930.042,-96.7681,55.0972,993.487,-71.5738,38.713,938.334,-111.308,25.8774,1018.24,-86.691,12.2304,869.93,-142.571,124.12,854.63,-149.541,118.805,849.075,-153.951,130.992,862.638,-147.818,133.351,0,0,0
012324:951.483,-82.4854,152.908,956.197,-85.2847,155.435,953.747,-78.9369,156.236,961.905,-88.488,152.972,963.03,-71.9429,153.097,953.707,-94.9078,136.497,969.353,-63.3599,133.882,931.976,-109.327,124.751,985.551,-39.4241,120.755,905.425,-120.722,122.834,975.979,-20.1173,124.712,957.435,-97.755,88.8886,985.503,-70.5628,80.2968,927.524,-97.0663,55.8334,993.555,-71.5704,38.9446,937.866,-111.33,24.1835,1018.24,-86.691,12.2304,871.607,-143.513,124.38,851.091,-151.981,121.309,848.892,-155.027,131.381,862.13,-149.156,134.793,0,0,0
012325:948.895,-82.8161,152.933,953.506,-85.6112,155.417,951.245,-79.3676,156.236,959.546,-88.7248,152.916,960.526,-72.3315,153.228,956.281,-94.9201,135.747,966.916,-63.5059,134.534,932.154,-109.782,125.647,983.58,-39.7298,121.221,905.482,-120.721,123.057,976.093,-20.5868,125.368,959.895,-97.4552,87.625,982.844,-69.9503,80.7536,928.753,-97.3849,55.5934,993.555,-71.5704,38.9446,928.055,-112.318,23.8149,1018.3,-86.689,12.4707,872.067,-144.122,124.385,845.393,-151.192,123.689,849.852,-155.794,131.235,862.31,-150.012,136.2,0,0,0
012326:954.329,-84.1596,151.632,957.265,-86.7156,154.513,956.87,-80.7006,154.844,959.136,-89.2482,153.04,962.785,-73.3786,152.512,952.138,-95.6928,136.995,966.456,-63.8939,134.484,932.154,-109.782,125.647,983.615,-39.7286,121.334,901.866,-121.769,124.542,972.496,-19.8506,126.289,959.895,-97.4552,87.625,982.844,-69.9503,80.7536,925.612,-97.7558,56.5115,990.801,-71.9276,39.6179,928.055,-112.318,23.8149,1018.3,-86.689,12.4707,869.166,-144.811,125.577,844.268,-151.5,124.208,847.814,-156.795,131.314,860.415,-150.803,136.529,0,0,0
012327:949.328,-84.8795,152.3,954.731,-87.0954,154.707,952.106,-81.2956,155.437,960.037,-89.2518,152.644,960.478,-73.5258,152.563,952.83,-96.6433,136.104,965.354,-63.6444,134.601,932.154,-109.782,125.647,981.101,-40.1315,122.29,901.866,-121.769,124.542,974.422,-20.2315,126.058,959.895,-97.4552,87.625,982.844,-69.9503,80.7536,925.612,-97.7558,56.5115,990.742,-71.9276,39.3803,928.055,-112.318,23.8149,1018.99,-86.8557,12.2624,865.696,-145.328,126.675,845.329,-153.732,123.714,846.466,-157.956,131.882,863.622,-152.473,136.659,0,0,0
012328:950.554,-85.256,152.064,955.191,-87.7509,154.597,953.457,-81.7057,155.267,959.85,-90.2001,152.494,962.047,-73.9304,152.359,954.088,-97.1705,135.476,966.5,-63.9087,134.421,927.837,-110.256,126.928,979.854,-40.3342,122.828,901.866,-121.769,124.542,976.812,-20.6931,125.844,955.689,-97.9193,87.6542,982.844,-69.9503,80.7536,925.612,-97.7558,56.5115,988.705,-72.1946,39.973,928.952,-113.835,23.0381,1021.9,-86.519,11.6401,867.016,-146.31,127.924,851.427,-154.304,122.578,849.12,-159.236,131.995,865.097,-153.855,136.757,0,0,0
012329:952.941,-84.7847,151.658,957.374,-87.708,154.071,955.964,-81.2724,154.947,958.529,-90.8779,152.365,960.692,-74.1061,152.845,948.508,-97.548,136.473,962.191,-64.1473,134.635,930.068,-110.909,125.911,977.898,-40.6376,123.289,900.826,-121.249,127.07,973.64,-20.0435,126.664,961.327,-99.3815,86.4033,982.844,-69.9503,80.7536,923.383,-98.6799,56.0614,986.233,-72.5496,41.7082,926.265,-114.105,23.2634,1021.97,-86.5152,11.8773,865.827,-147.279,128.905,851.388,-156.232,124.261,844.543,-160.431,133.814,864.618,-154.329,137.658,0,0,0
012330:958.955,-86.471,149.958,962.34,-88.9594,152.834,961.007,-82.8837,153.456,961.501,-91.3352,151.764,963.321,-74.9761,151.803,952.717,-98.4463,134.868,962.304,-64.6894,134.143,927.006,-111.245,126.889,976.457,-41.803,123.264,901.254,-122.315,127.077,976.352,-20.6268,125.525,961.327,-99.3815,86.4033,982.844,-69.9503,80.7536,920.299,-100.375,55.2538,987.543,-72.8626,41.3274,927.175,-114.458,21.8856,1021.97,-86.5152,11.8773,862.465,-147.353,129.98,850.987,-156.057,124.812,844.037,-161.11,134.842,862.047,-156.026,138.734,0,0,0
012331:956.647,-86.3384,150.989,960.999,-88.806,153.429,958.48,-82.685,154.492,962.195,-91.5123,151.713,961.614,-75.1795,152.49,954.08,-99.1016,134.962,960.768,-65.3052,134.312,927.006,-111.245,126.889,971.832,-42.5036,123.991,899.419,-122.948,127.762,977.189,-20.7997,125.18,962.571,-99.7086,86.0745,978.07,-70.5712,81.5171,924.602,-101.497,54.5881,987.425,-72.8625,40.8533,927.119,-114.459,21.6543,1021.94,-86.5152,11.755,863.081,-148.385,130.951,843.62,-156.636,126.705,843.679,-163.03,135.488,861.39,-156.72,139.239,0,0,0
012332:954.762,-85.865,150.73,958.429,-88.5459,153.501,957.775,-82.2623,154.057,956.598,-91.6358,152.632,961.578,-74.9343,152.005,946.503,-98.8422,136.377,960.199,-65.1764,134.295,922.662,-111.714,127.938,971.832,-42.5036,123.991,897.071,-123.19,128.574,975.887,-20.5397,125.422,962.571,-99.7086,86.0745,972.068,-71.3638,82.8567,924.602,-101.497,54.5881,988.635,-73.1812,40.125,921.16,-115.061,22.4248,1021.94,-86.5152,11.755,865.542,-150.325,130.681,843.102,-157.316,127.609,848.031,-164.398,135.373,863.423,-158.7,139.743,0,0,0
012333:954.933,-87.5438,150.184,957.458,-90.1345,153.344,957.725,-83.6555,153.744,955.772,-92.9478,152.777,960.824,-75.5541,152.21,948.152,-99.796,135.186,961.317,-65.4324,134.165,924.33,-112.661,127.534,971.832,-42.5036,123.991,897.071,-123.19,128.574,969.1,-20.5949,126.913,963.515,-100.05,84.7399,970.665,-71.5392,82.8564,927.581,-102.307,53.7111,993.076,-74.2913,38.2029,912.744,-114.542,23.1569,1021.94,-86.5152,11.755,868.082,-151.616,130.045,844.065,-158.718,128.12,850.567,-166.329,135.739,857.402,-158.527,141.758,0,0,0
012334:942.875,-88.8593,152.904,949.3,-90.9841,155.177,944.551,-85.0884,156.662,958.633,-93.2481,152.088,957.08,-76.6464,152.952,953.713,-100.5,133.327,955.942,-67.0935,134.536,923.07,-113.253,128.076,967.203,-43.2001,124.6,897.071,-123.19,128.574,971.843,-21.8807,126.19,967.892,-101.201,83.5796,970.665,-71.5392,82.8564,931.773,-103.445,52.4771,993.076,-74.2913,38.2029,912.744,-114.542,23.1569,1021.94,-86.5152,11.755,865.329,-151.845,131.288,840.315,-159.018,129.877,849.083,-168.328,136.768,851.515,-158.967,142.521,0,0,0
012335:947.387,-89.5309,152.261,952.295,-91.5228,154.663,949.522,-85.8213,155.654,957.712,-93.0415,151.906,959.304,-77.0569,151.946,953.489,-100.028,133.628,957.997,-66.8982,133.63,923.103,-113.251,128.184,968.329,-43.4844,123.854,892.884,-123.614,129.602,972.456,-22.0165,125.899,966.455,-101.35,83.4639,968.64,-71.8016,83.1458,931.83,-103.445,52.7067,993.076,-74.2913,38.2029,910.436,-115.678,22.6686,1021.22,-86.3503,11.8454,862.298,-153.595,132.948,844.862,-160.56,128.606,848.338,-169.855,137.836,856.911,-160.68,142.093,0,0,0
012336:942.547,-90.1203,154.081,949.466,-92.3432,155.698,944,-86.1304,157.302,959.604,-94.4831,151.424,957.689,-77.6014,152.152,953.014,-101.689,132.645,960.328,-67.4237,133.509,922.971,-113.257,127.755,970.208,-44.383,123.408,893.295,-124.902,129.868,973.9,-22.7894,125.434,961.765,-101.866,84.3364,963.923,-72.4113,83.7794,931.436,-104.399,51.8617,992.415,-74.1335,38.3956,910.436,-115.678,22.6686,1019.16,-85.8506,12.4713,864.399,-154.281,132.425,848.612,-162.804,127.212,849.108,-171.268,137.726,853.854,-161.538,142.72,0,0,0
012337:943.701,-90.178,152.435,949.959,-92.2092,154.463,945.997,-86.2323,155.695,957.416,-94.3108,151.029,957.846,-77.6351,151.176,942.557,-100.131,135.149,960.539,-67.5164,132.934,923.553,-113.42,127.614,970.208,-44.383,123.408,893.295,-124.902,129.868,967.792,-22.5606,125.924,961.765,-101.866,84.3364,962.497,-72.5878,83.6695,928.245,-104.755,52.6779,986.532,-73.2027,40.358,910.436,-115.678,22.6686,1019.16,-85.8506,12.4713,863.383,-155.851,132.457,848.022,-163.697,128.141,851.482,-172.157,136.488,855.778,-163.088,142.589,0,0,0
012338:938.412,-89.4264,153.417,944.805,-92.1804,155.001,941.445,-85.4711,156.439,954.458,-95.3289,150.8,952.705,-77.5591,152.102,941.411,-102.01,134.391,962.608,-68.0496,131.995,925.343,-116.834,126.948,970.103,-44.3868,123.072,893.295,-124.902,129.868,967.771,-26.396,125.856,959.089,-102.159,84.7996,962.497,-72.5878,83.6695,931.011,-105.586,51.0226,986.532,-73.2027,40.358,903.513,-116.399,24.3922,1014.99,-84.8592,13.4818,860.972,-157.111,133.736,847.886,-166.229,128.053,853.203,-173.935,135.951,857.017,-164.685,142.172,0,0,0
012339:942.02,-90.0448,151.766,947.832,-92.6396,153.889,944.718,-85.9376,155.049,955.491,-96.1471,150.324,957.115,-78.4594,150.471,942.154,-102.271,133.488,964.635,-68.8252,130.716,925.343,-116.834,126.948,970.103,-44.3868,123.072,893.817,-125.068,129.627,959.42,-25.3697,127.815,959.416,-102.807,83.8639,961.072,-72.7639,83.56,926.445,-106.08,51.7552,989.552,-74.7313,38.72,903.106,-116.425,22.9728,1014.99,-84.8592,13.4818,862.259,-157.23,134.073,847.257,-169.007,128.644,848.892,-175.679,137.45,861.014,-167.158,141.775,0,0,0
012340:946.54,-90.5931,150.29,950.404,-93.3507,152.883,949.78,-86.4043,153.538,952.431,-97.0852,150.593,957.561,-79.0536,150.1,939.659,-103.368,133.682,961.647,-68.5916,131.411,920.999,-117.285,127.998,969.736,-46.0664,122.071,896.418,-126.345,128.645,958.901,-25.27,127.812,955.951,-103.171,83.9229,960.401,-73.0893,83.7381,924.782,-106.238,50.6804,976.225,-72.4287,44.243,904.265,-116.758,22.5997,1010.23,-83.7049,14.9285,859.184,-158.102,134.72,847.227,-169.009,128.544,848.324,-178.021,138.047,860.178,-168.486,142.303,0,0,0
012341:947.558,-90.2577,150.043,951.82,-93.1755,152.568,950.026,-86.1188,153.442,954.1,-97.4846,150.048,957.551,-79.13,149.751,938.829,-103.996,133.86,964.62,-69.3357,130.357,918.529,-117.541,128.596,975.462,-47.3412,120.708,897.449,-126.677,128.039,963.845,-26.322,126.392,954.535,-103.317,83.8079,962.112,-73.5553,82.6766,924.697,-106.238,50.3372,986.479,-74.9243,40.8879,904.265,-116.758,22.5997,1010.23,-83.7049,14.9285,861.403,-160.483,134.173,843.68,-169.668,129.326,850.175,-179.372,137.588,859.3,-169.815,142.744,0,0,0
012342:944.666,-91.1511,150.539,949.862,-93.4923,152.641,947.205,-87.3762,153.689,953.692,-96.8962,150.021,954.175,-80.4801,150.151,938.878,-104.467,134.522,965.318,-69.9915,130.165,918.365,-117.548,128.062,975.437,-47.3399,120.591,893.23,-127.089,128.954,964.41,-28.6657,124.957,954.401,-103.323,83.3638,962.436,-74.4369,81.7414,923.187,-105.929,49.5919,984.276,-75.1865,40.7673,903.432,-117.287,22.2516,1010.23,-83.7049,14.9285,861.843,-160.874,133.948,859.538,-171.555,125.494,849.755,-180.229,137.016,859.607,-170.426,142.343,0,0,0
012343:940.339,-92.6332,151.516,947.314,-95.0047,153.221,942.786,-88.6166,154.431,954.091,-97.6967,149.367,952.297,-80.5584,149.661,941.72,-104.86,131.813,961.284,-70.328,129.669,917.133,-117.676,128.36,974.251,-48.4079,119.056,893.23,-127.089,128.954,967.772,-29.3911,123.924,952.311,-103.541,83.3074,960.011,-74.4659,80.434,914.842,-106.843,51.1067,981.021,-74.4017,41.7169,902.144,-117.417,22.4205,1010.23,-83.7049,14.9285,864.007,-163.049,132.959,865.75,-173.699,123.689,845.47,-181.527,138.191,856.396,-171.479,142.788,0,0,0
012344:934.504,-92.5959,152.362,942.123,-94.7836,153.838,936.509,-88.6333,155.317,951.338,-97.4529,149.551,946.399,-80.7451,150.464,940.184,-104.891,132.282,957.414,-70.6468,129.932,916.953,-117.679,127.7,974.251,-48.4079,119.056,890.249,-127.382,129.687,966.545,-29.1669,123.732,952.153,-103.546,82.7442,955.341,-75.0644,81.0738,915.175,-107.707,50.4018,978.373,-74.7492,42.6126,902.144,-117.417,22.4205,1011.64,-83.5347,14.501,858.743,-163.426,134.036,864.765,-175.251,124.055,851.061,-183.501,136.803,857.467,-173.511,142.297,0,0,0
012345:937.895,-93.0527,150.429,942.637,-95.4395,152.517,940.247,-88.8406,153.629,946.901,-98.886,149.513,948.751,-81.5883,149.644,934.84,-105.222,133.288,959.258,-71.5963,129.183,916.953,-117.679,127.7,972.952,-48.6026,119.366,890.682,-127.996,129.468,964.712,-28.7843,124.114,950.772,-103.691,82.7457,955.341,-75.0644,81.0738,915.055,-107.71,49.9559,978.339,-74.7509,42.4981,903.785,-117.923,21.5325,1013.71,-84.0268,13.9989,863.906,-165.606,132.976,864.642,-175.683,124.086,851.389,-183.691,136.073,860.986,-175.181,141.41,0,0,0
012346:939.531,-92.9742,150.454,943.961,-95.3376,152.548,941.149,-88.9187,153.673,948.602,-98.9474,149.169,950.441,-81.9698,149.056,937.542,-106.105,133.227,960.694,-71.9715,128.524,912.826,-118.117,129.268,975.837,-49.3256,117.586,893.936,-128.992,128.441,969.965,-29.9578,121.938,950.639,-103.698,82.3026,953.996,-75.2347,81.1902,915.941,-108.053,48.6201,974.674,-74.7181,42.201,901.217,-117.727,21.639,1015.76,-84.5224,13.3772,867.355,-165.36,131.875,866.37,-177.489,123.423,852.233,-186.15,135.394,854.177,-174.979,142.851,0,0,0
012347:940.899,-94.0165,149.294,947.313,-96.442,150.802,941.188,-89.7283,152.532,950.862,-99.5552,147.736,945.93,-81.9947,148.968,938.511,-106.851,131.908,958.528,-71.9381,128.98,912.19,-117.956,129.194,969.968,-50.1954,118.871,892.45,-130.231,128.585,965.828,-29.9998,123.488,948.057,-103.985,82.9967,953.87,-75.2378,80.7373,916.956,-108.389,47.7198,974.674,-74.7181,42.201,899.729,-117.861,21.0215,1015.76,-84.5224,13.3772,863.913,-165.604,132.962,862.455,-178.36,123.653,853.314,-186.511,135.348,859.395,-176.756,141.794,0,0,0
012348:939.942,-94.1426,149.502,944.389,-96.5259,151.785,942.638,-89.8606,152.505,943.727,-99.6938,149.79,948,-82.1828,148.779,927.196,-105.716,134.327,957.363,-71.6659,129.113,912.092,-117.96,128.875,969.941,-50.674,118.877,893.621,-130.561,128.522,965.74,-30.0367,122.732,947.991,-103.989,82.7756,953.87,-75.2378,80.7373,916.956,-108.389,47.7198,974.674,-74.7181,42.201,899.636,-117.867,20.6945,1015.76,-84.5224,13.3772,859.399,-165.91,132.432,860.549,-178.898,124.03,855.739,-187.849,134.758,856.234,-177.367,142.005,0,0,0
012349:938.897,-94.4546,148.634,943.269,-96.9319,150.683,940.416,-90.4133,151.988,946.299,-100.411,147.438,946.215,-83.1042,148.111,931.598,-106.456,132.634,957.669,-72.2416,128.761,907.826,-118.404,129.91,966.566,-51.1539,119.081,893.621,-130.561,128.522,966.188,-30.8752,122.124,947.825,-103.996,82.2228,952.518,-75.4107,80.8608,918.244,-109.367,45.7752,974.674,-74.7181,42.201,899.636,-117.867,20.6945,1015.76,-84.5224,13.3772,862.283,-166.774,132.696,856.175,-179.58,124.493,856.74,-188.215,134.393,859.577,-179.053,140.628,0,0,0
012350:938.445,-95.7561,148.47,943.681,-98.0384,150.363,939.385,-91.8052,151.914,944.886,-100.39,147.658,940.025,-83.3276,149.353,929.755,-106.53,131.575,953,-72.3693,128.926,907.741,-118.404,129.577,965.119,-52.0611,118.943,893.621,-130.561,128.522,975.195,-33.3342,119.002,948.913,-104.331,81.4508,952.417,-75.4153,80.5265,913.338,-109.855,44.9411,974.557,-74.7182,41.7306,901.803,-118.535,19.3757,1015.76,-84.5224,13.3772,863.677,-167.523,131.898,859.282,-180.663,123.696,856.768,-189.257,133.467,859.296,-179.7,140.37,0,0,0
012351:935.175,-95.7136,149.028,939.845,-98.3139,150.814,936.062,-91.7623,152.235,944.172,-100.805,147.262,940.029,-83.8254,148.87,928.21,-105.614,132.444,952.24,-72.2338,128.388,904.975,-117.585,130.477,964.579,-53.0254,117.264,893.641,-130.563,128.643,966.35,-31.9898,120.285,952.802,-105.504,78.9604,950.359,-75.6758,80.6004,913.197,-109.855,44.3719,975.201,-74.8744,41.5418,900.362,-119.562,17.2027,1015.76,-84.5224,13.3772,864.663,-167.879,131.433,853.644,-179.722,124.216,854.269,-190.848,132.976,864.118,-181.317,139.739,0,0,0
012352:933.942,-95.3118,149.091,939.31,-97.7754,150.823,935.014,-91.2952,152.557,942.154,-101.008,147.681,940.498,-83.8154,149.021,927.235,-106.713,132.209,950.484,-73.5328,128.152,904.975,-117.585,130.477,965.7,-53.3182,116.513,893.697,-130.562,128.864,967.143,-32.1947,119.593,948.84,-105.884,77.2491,950.656,-75.8393,79.3097,913.133,-109.859,44.1534,976.89,-75.3488,40.0418,898.925,-119.698,16.8258,1015.76,-84.5224,13.3772,868.281,-169.122,130.31,854.674,-180.082,123.951,859.121,-192.073,132.088,862.36,-181.42,140.18,0,0,0
012353:936.198,-96.8358,148.303,940.02,-99.2306,150.172,936.081,-92.8628,151.732,944.6,-101.72,146.575,938.62,-85.0636,148.653,933.671,-107.217,131.474,951.949,-73.8962,127.769,904.975,-117.585,130.477,968.785,-54.0418,115.524,894.741,-130.899,128.382,966.944,-33.4112,118.684,947.289,-106.028,76.5642,949.068,-76.4836,78.6371,910.599,-110.132,44.6789,974.037,-75.6989,40.1254,901.716,-120.543,15.5533,1015.76,-84.5224,13.3772,867.754,-168.945,130.441,856.502,-180.814,122.594,860.259,-192.017,131.695,860.103,-180.706,140.078,0,0,0
012354:936.96,-97.5156,147.029,939.638,-99.8781,148.941,938.041,-93.6088,150.202,943.081,-102.243,145.688,941.267,-85.2434,147.351,932.589,-107.726,130.85,952.007,-74.8725,127.791,905.508,-117.75,130.234,959.633,-55.3598,117.138,893.543,-131.013,128.677,966.416,-33.7198,119.568,945.106,-106.716,76.4305,947.454,-76.6584,77.738,908.648,-110.343,44.9199,973.698,-75.7058,38.8446,894.191,-121.76,17.6469,1014.39,-84.1918,13.7918,867.592,-168.947,129.778,857.613,-180.534,121.85,859.521,-192.054,131.335,862.768,-181.181,139.197,0,0,0
012355:934.879,-97.8481,146.871,938.011,-100.429,148.886,934.824,-93.5728,150.416,943.524,-103.057,144.844,940.267,-85.3279,146.64,930.472,-106.832,130.643,951.174,-75.9769,126.566,904.298,-117.876,130.528,960.778,-55.6523,116.5,893.543,-131.013,128.677,956.463,-35.6005,119.048,941.481,-107.54,75.9508,950.435,-77.4299,76.562,908.648,-110.343,44.9199,971.344,-76.459,38.2871,894.191,-121.76,17.6469,1014.39,-84.1918,13.7918,864.965,-168.061,130.436,861.946,-180.911,120.156,857.69,-192.142,131.446,865.635,-181.013,138.266,0,0,0
012356:935.941,-96.9786,146.778,938.411,-99.8762,148.964,935.948,-92.9778,150.306,940.912,-103.05,145.611,938.571,-85.5592,147.372,925.537,-106.793,130.946,952.232,-76.2453,126.173,901.077,-118.196,130.496,961.097,-55.5586,115.09,893.543,-131.013,128.677,966.17,-37.7815,115.69,940.202,-107.68,76.3029,950.69,-78.3077,75.402,908.648,-110.343,44.9199,971.218,-76.4625,37.8237,895.273,-122.099,17.0541,1007.06,-85.0385,14.7189,867.067,-168.124,129.233,857.938,-181.15,121.56,860.541,-192.003,130.528,863.551,-180.289,138.775,0,0,0
012357:932.169,-97.7685,147.824,935.659,-100.506,149.537,933.445,-93.8706,150.89,942.165,-103.899,145.219,940.376,-86.7171,146.808,934.871,-110.353,128.852,955.96,-77.4628,124.436,898.464,-118.452,130.324,960.959,-55.5638,114.645,893.543,-131.013,128.677,971.144,-38.7951,115.39,937.526,-107.963,76.5561,952.287,-78.7801,73.9935,907.416,-110.478,45.2949,970.51,-76.3094,37.7854,895.941,-122.036,17.0811,1002.99,-85.5425,16.4781,864.238,-168.105,130.051,857.141,-179.714,121.406,860.974,-191.982,129.875,865.512,-181.019,137.86,0,0,0
012358:931.027,-98.431,146.779,937.176,-101.125,148.094,932.608,-94.379,150.044,940.779,-104.508,144.56,937.816,-86.8192,146.511,928.377,-110.026,129.436,950.619,-76.7278,124.257,898.464,-118.452,130.324,960.787,-55.5702,114.088,889.365,-131.411,129.705,962.392,-36.9922,115.94,935.51,-108.643,76.996,953.426,-79.0939,73.3179,903.037,-111.417,46.6374,965.535,-75.7214,37.5244,897.717,-121.853,16.2611,1002.99,-85.5425,16.4781,862.169,-167.399,130.692,858.543,-180.056,122.357,859.606,-191.419,130.872,864.469,-180.657,138.115,820.625,-164.16,155.027
012359:929.556,-99.1827,145.968,935.433,-101.769,147.631,929.567,-94.8961,149.635,942.857,-105.201,143.344,937.067,-87.2036,145.333,928.967,-110.084,128.902,955.422,-77.9588,122.646,898.464,-118.452,130.324,962.971,-56.8671,112.462,888.148,-131.525,129.888,971.226,-39.0204,112.289,935.939,-109.281,76.5205,951.811,-79.2643,72.4126,903.037,-111.417,46.6374,964.073,-75.8936,37.3311,897.689,-121.853,16.1473,1002.96,-85.5426,16.3574,862.48,-166.748,131.193,855.073,-178.994,121.94,859.157,-191.229,131.188,866.499,-180.953,136.793,820.492,-164.162,154.501
012360:933.949,-99.6445,145.173,936.413,-102.423,147.174,933.579,-95.339,148.644,941.78,-105.735,143.085,936.259,-87.2786,145.533,937.536,-112.173,125.961,951.382,-76.9737,123.389,898.464,-118.452,130.324,962.548,-59.0232,111.605,888.148,-131.525,129.888,970.706,-38.8438,113.286,935.939,-109.281,76.5205,951.811,-79.2643,72.4126,903.037,-111.417,46.6374,964.073,-75.8936,37.3311,897.689,-121.853,16.1473,1004.26,-85.8735,15.8314,862.432,-166.318,130.512,856.17,-178.927,121.438,858.69,-190.412,130.762,862.422,-179.502,138.12,822.751,-165.002,153.438
012361:928.815,-99.6487,145.444,936.023,-102.114,146.542,929.648,-95.6581,148.91,943.596,-105.459,142.641,935.509,-87.8746,145.705,933.417,-112.156,127.1,952.954,-77.8227,123.319,898.464,-118.452,130.324,961.991,-58.8745,111.982,882.614,-129.872,131.028,963.271,-39.0003,113.599,935.939,-109.281,76.5205,954.651,-80.5199,70.7691,903.1,-111.413,46.8543,966.178,-77.0087,35.0742,897.633,-121.854,15.9195,1003.19,-86.467,14.8773,862.432,-166.318,130.512,851.984,-177.706,122.522,859.765,-190.358,130.166,855.287,-176.992,140.342,822.469,-165.011,152.427
012362:930.954,-98.9827,144.454,935.642,-101.751,145.993,932.491,-95.0893,147.727,938.222,-105.682,142.782,935.165,-88.4785,144.956,929.704,-111.672,126.827,953.378,-78.7394,122.122,892.825,-116.836,131.476,960.006,-59.1509,112.228,878.608,-128.724,131.213,963.892,-40.8397,112.967,935.939,-109.281,76.5205,951.224,-80.9339,70.854,903.107,-111.41,46.8452,964.143,-77.2653,35.4311,897.633,-121.854,15.9195,1003.13,-86.9636,14.8932,860.436,-165.611,131.34,852.645,-178.3,123.338,856.309,-189.065,131.578,855.373,-176.989,140.659,827.349,-165.658,150.165
012363:934.231,-100.496,143.039,937.429,-102.771,144.93,935.763,-96.5233,146.27,938.341,-105.509,141.822,936.801,-88.924,143.408,925.349,-110.457,127.361,953.516,-78.8368,121.264,890.979,-117.029,131.702,954.021,-59.9772,112.736,876.918,-128.012,131.168,961.295,-40.262,113.733,935.91,-109.281,76.4061,948.421,-80.3289,70.4249,900.116,-111.741,47.9901,965.169,-77.5835,34.1224,896.351,-121.979,16.0941,1003.02,-86.9637,14.41,856.222,-164.428,132.396,848.287,-177.939,124.699,856.441,-188.638,131.545,854.132,-175.81,141.409,827.349,-165.658,150.165
012364:929.481,-101.385,143.503,933.9,-103.907,145.119,932.135,-97.3774,146.522,938.165,-106.991,141.479,937.319,-89.6889,143.313,929.53,-112.388,125.072,949.364,-80.0946,120.374,886.898,-115.911,131.906,952.384,-60.1715,111.826,871.912,-126.551,131.852,961.186,-40.3267,112.558,935.853,-109.281,76.1771,947.083,-80.4942,70.5509,897.571,-112.008,48.2793,965.044,-77.5869,33.6603,893.766,-122.229,16.3286,1004.13,-87.3038,13.1713,852.471,-164.066,133.661,842.565,-176.411,126.187,846.363,-186.876,134.628,851.682,-174.92,142.459,829.501,-166.508,148.558
012365:918.731,-101.029,145.897,926.642,-103.331,146.825,922.397,-97.3425,148.543,938.283,-106.491,141.814,934.328,-90.4897,143.62,925.206,-112.647,126.76,950.795,-81.4052,120.415,886.898,-115.911,131.906,952.384,-60.1715,111.826,873.199,-125.772,131.534,961.082,-40.3305,112.223,935.71,-109.282,75.6046,947.025,-80.4943,70.3212,899.444,-112.489,48.2967,964.782,-77.5869,32.6052,893.766,-122.229,16.3286,1002.38,-87.4703,12.1487,852.417,-164.067,133.445,831.328,-174.432,130.396,840.433,-184.709,136.544,850.879,-173.099,144.117,831.985,-166.319,146.866
012366:915.993,-100.367,145.639,922.853,-103.02,146.653,919.703,-96.6608,148.29,932.702,-106.529,141.673,931.276,-89.8635,143.285,923.466,-111.789,125.935,941.39,-80.7258,122.585,886.759,-115.912,131.359,951.116,-60.3536,112.141,873.199,-125.772,131.534,956.483,-40.7951,112.754,933.805,-109.489,76.1312,947.092,-80.4912,70.5437,895.194,-112.953,49.5881,964.579,-77.5869,31.7844,895.599,-122.042,15.7263,1002.38,-87.4703,12.1487,843.114,-160.144,136.796,842.89,-173.058,127.984,839.879,-182.886,138.904,848.013,-171.401,144.788,831.836,-166.326,146.377
012367:920.694,-100.872,146.115,926.657,-103.699,146.964,922.62,-97.1849,148.919,934.688,-107.278,141.347,932.671,-90.3702,143.445,929.326,-114.027,124.484,939.15,-80.128,123.498,888.741,-115.666,129.374,949.072,-60.6263,112.045,869.449,-123.756,131.769,956.183,-40.804,111.747,931.273,-109.764,76.8314,947.092,-80.4912,70.5437,895.194,-112.953,49.5881,964.579,-77.5869,31.7844,895.599,-122.042,15.7263,1000.29,-87.7187,12.7904,841.615,-157.545,137.908,833.003,-169.153,132.038,834.545,-180.098,140.668,838.595,-169.558,149.189,831.702,-166.328,145.846
012368:924.587,-102.687,144.654,927.853,-104.593,146.219,925.991,-99.2631,147.238,932.848,-106.195,142.189,932.796,-91.6911,143.376,921.269,-109.277,126.319,936.021,-81.8151,125.707,885.12,-116.306,126.602,950.678,-63.4818,109.741,850.206,-123.229,136.374,955.877,-45.3612,109.031,924.725,-106.751,77.8195,935.366,-85.149,77.8994,896.205,-111.398,48.1871,947.469,-75.8581,43.0263,891.276,-121.295,13.3725,1004,-84.8389,6.36775,834.129,-155.89,142.552,829.289,-166.41,137.195,831.054,-175.52,144.382,833.617,-164.204,150.302,827.536,-164.621,149.559
012369:927.295,-103.477,143.467,930.571,-105.388,145.034,928.87,-100.041,146.584,935.587,-106.996,140.991,935.547,-92.4642,142.176,923.972,-110.082,125.093,938.806,-82.5738,124.459,885.12,-116.306,126.602,950.678,-63.4818,109.741,850.45,-122.152,136.315,958.957,-46.0521,108.263,924.565,-106.759,77.2825,938.181,-85.9233,76.5355,895.981,-112.533,48.2541,950.223,-76.6264,40.9802,888.238,-121.607,14.379,1000.35,-85.2693,6.87485,834.734,-153.789,142.405,827.168,-164.525,137.731,828.956,-173.625,144.9,836.868,-162.947,150.046,821.156,-161.067,153.267
012370:926.987,-103.484,142.379,930.406,-105.394,144.505,928.562,-100.048,145.496,935.278,-107.004,139.896,938.164,-93.2411,140.408,923.972,-110.082,125.093,941.769,-83.3291,123.744,887.774,-115.997,124.802,950.391,-64.6541,109.207,847.981,-120.305,136.393,958.534,-47.2398,107.169,924.565,-106.759,77.2825,934.879,-86.3212,76.8355,895.981,-112.533,48.2541,947.164,-77.0418,42.4944,891.276,-121.295,13.3725,1000.35,-85.2693,6.87485,830.253,-151.089,144.039,822.905,-161.801,139.893,822.306,-170.03,147.619,829.95,-159.393,152.274,817.226,-158.369,156.364
012371:921.038,-103.052,143.75,927.157,-105.743,144.654,925.683,-99.2701,146.153,932.147,-107.349,140.619,932.122,-92.8487,141.798,923.829,-110.083,124.532,938.316,-83.7366,123.401,881.981,-115.526,125.67,953.262,-65.3883,107.901,845.295,-119.533,136.495,958.388,-47.2396,106.599,924.565,-106.759,77.2825,934.879,-86.3212,76.8355,895.826,-112.542,47.7226,943.954,-76.2912,42.8509,888.325,-120.482,13.7677,1000.5,-86.4799,8.08503,828.368,-148.182,144.542,821.09,-158.898,140.389,823.404,-166.929,147.954,828.28,-155.444,152.155,818.118,-156.293,157.227
012372:920.732,-103.059,142.667,924.125,-104.962,144.784,922.298,-99.6372,145.771,932.003,-107.35,140.057,931.978,-92.8495,141.238,920.572,-110.427,124.758,938.316,-83.7366,123.401,884.526,-116.322,124.477,949.935,-65.8327,108.129,847.691,-120.313,135.36,954.865,-47.738,106.3,924.423,-106.76,76.7141,937.692,-87.0977,75.4699,895.686,-112.543,47.1595,946.857,-77.0502,41.3624,891.288,-121.285,13.34,996.56,-85.698,6.77655,826.357,-145.278,144.479,822.018,-155.771,140.122,822.111,-162.973,148.755,829.197,-152.306,151.9,809.179,-150.992,159.362
012750:131.857,250.008,-3.31988
