003675:1216.88,-168.011,146.379,1212.7,-170.829,149.73,1219.66,-167.41,148.928,1208.18,-177.069,146.958,1233.51,-172.913,143.367,1206.42,-178.438,129.107,1226.76,-163.401,126.099,1184.29,-183.56,130.539,1248.25,-161.981,110.003,1176.98,-174.265,149.706,1236.02,-145.838,122.655,1208.71,-174.941,86.3851,1212,-159.298,83.9781,1188.13,-148.102,51.7651,1219.56,-176.227,45.5251,1194.48,-144.999,16.4223,1256,-198.979,4.53701,1235.99,-150.224,153.268,1223.14,-155.135,164.292,1229.66,-153.541,176.441,1223.07,-143.559,171.328,0,0,0
003676:1214.82,-168.438,147.114,1213.81,-171.376,149.927,1215.53,-168.216,149.862,1213.37,-177.673,145.985,1222.78,-174.914,144.706,1218.38,-177.226,127.083,1222.98,-163.603,125.759,1184.29,-183.56,130.539,1248.25,-161.981,110.003,1178.09,-174.208,149.494,1237.1,-146.105,122.439,1211.56,-175.784,84.8993,1213.99,-159.838,83.1609,1177.98,-148.045,54.2875,1217.56,-176.493,45.0487,1172.15,-147.172,23.212,1255.65,-198.642,5.55565,1235.54,-150.27,154.96,1226.34,-157.94,163.724,1219.41,-154.158,176.524,1229.58,-145.131,170.893,0,0,0
003677:1196.92,-171.479,149.999,1204.13,-174.242,151.415,1195.32,-171.059,153.162,1226.5,-179.477,144.555,1194.09,-176.669,150.554,1222.6,-178.172,127.907,1222.98,-163.603,125.759,1186.87,-183.427,126.617,1248.25,-161.981,110.003,1178.19,-174.205,149.804,1237.22,-146.104,122.974,1216.74,-177.179,83.7317,1222.04,-162.684,81.168,1185.23,-149.689,53.5971,1210.61,-175.564,47.0984,1180.85,-151.202,21.5879,1255.21,-198.316,4.75045,1235.61,-150.268,155.228,1223.64,-158.1,164.201,1212.71,-157.215,177.83,1235.77,-146.722,169.149,0,0,0
003678:1213.95,-169.805,146.92,1218.1,-172.844,148.878,1211.15,-169.317,150.266,1227.97,-179.151,143.626,1194.86,-175.553,149.688,1221.3,-179.401,126.944,1219.35,-163.801,125.94,1197.21,-186.246,125.181,1248.25,-161.981,110.003,1167.96,-174.716,150.527,1228.98,-146.649,124.621,1218.72,-177.744,82.9454,1216.17,-163.016,82.4953,1178.1,-149.317,55.0597,1209.72,-176.256,46.907,1198.21,-147.018,15.0145,1253.57,-198.371,4.99127,1234.22,-151.033,155.898,1215.6,-158.577,165.624,1219.18,-157.16,176.985,1240.38,-148.474,171.347,0,0,0
003679:1218.44,-169.534,148.007,1213.97,-172.338,151.509,1221.3,-169.522,150.537,1208.01,-178.598,148.505,1236.58,-177.652,144.04,1215.1,-177.653,128.984,1220.82,-165.354,124.737,1198.33,-186.527,125.289,1252.56,-164.138,110.229,1169.93,-175.261,150.15,1236.5,-148.523,123.117,1222.87,-178.872,82.0521,1213.42,-163.497,82.1013,1185.57,-150.743,51.7853,1210.33,-177.546,46.7284,1198.91,-151.368,14.853,1246.44,-198.613,7.37977,1231.54,-151.205,156.522,1221.88,-160.199,164.513,1221.34,-157.695,176.815,1236.69,-148.71,171.808,0,0,0
003680:1240.08,-174.108,141.473,1235.81,-176.274,145.282,1238.35,-173.982,144.969,1222.42,-180.626,145.023,1229.81,-180.259,143.76,1220.94,-179.66,127.19,1219.7,-165.084,124.599,1184.6,-182.714,127.935,1250.14,-164.27,110.727,1173.88,-176.353,149.394,1236.5,-148.523,123.117,1219.18,-179.374,82.899,1213.42,-163.497,82.1013,1199.44,-154.966,49.2411,1211.35,-175.743,46.4202,1193.45,-157.345,17.9055,1254.96,-198.326,5.67293,1234.89,-152.006,156.425,1223.98,-160.742,164.14,1215.04,-158.068,177.608,1225.26,-148.444,173.369,0,0,0
003681:1235.84,-175.291,142.682,1231.83,-178.324,146.423,1233.85,-174.477,146.311,1219.86,-183.064,145.11,1225.62,-178.146,144.612,1209.69,-178.534,128.528,1219.7,-165.084,124.599,1184.6,-182.714,127.935,1246.43,-164.469,111.118,1188.5,-180.506,145.432,1247.47,-151.224,121.271,1218.01,-179.429,83.1648,1215.5,-164.041,81.6295,1195.67,-153.12,48.3702,1208.97,-178.657,45.1311,1195.05,-153.608,16.8184,1245.49,-198.646,7.7151,1237.03,-152.544,156.039,1225.46,-161.986,163.739,1220.25,-159.414,176.723,1227.56,-149.296,173.111,0,0,0
003682:1224.05,-172.122,145.091,1218.73,-174.285,148.925,1225.6,-172.554,147.838,1208.59,-179.058,147.78,1235.2,-182.024,143.119,1204.78,-177.411,131.206,1221.77,-165.627,124.181,1180.11,-182.917,128.848,1247.52,-164.75,110.894,1179.68,-178.331,148.092,1236.5,-148.523,123.117,1218.09,-179.427,83.5145,1212.69,-165.184,81.8983,1193.29,-155.444,50.3206,1211.24,-178.492,45.9347,1197.44,-158.365,16.1084,1251.86,-198.429,5.59876,1239.51,-153.737,155.593,1223.22,-163.111,164.135,1220.7,-159.403,178.123,1231.17,-151.067,172.324,0,0,0
003683:1228.48,-173.679,144.611,1224.64,-176.665,148.217,1227.27,-173.135,148.047,1215.51,-182.439,146.355,1223.25,-178.154,145.513,1217.28,-180.928,127.388,1227.93,-167.268,122.608,1178.99,-182.968,129.075,1252.77,-166.852,109.814,1176.3,-178.492,148.563,1236.5,-148.523,123.117,1219.76,-180.999,83.1387,1211.49,-165.249,81.9891,1178.63,-152.455,53.2666,1218.64,-178.195,43.8787,1167.65,-153.83,23.9366,1255.04,-198.323,5.36847,1228.58,-154.407,157.424,1227.33,-164.209,163.07,1219.37,-160.473,178.346,1236.14,-153.437,171.75,0,0,0
003684:1216.95,-171.704,146.186,1216.94,-174.893,149.079,1216.19,-171.431,149.454,1217.3,-182.098,145.842,1216.44,-177.616,146.298,1214.54,-182.055,127.706,1227.93,-167.268,122.608,1176.31,-183.723,128.923,1252.77,-166.852,109.814,1177.29,-178.767,148.373,1246.6,-151.295,122.938,1219.25,-182.008,82.8824,1207.92,-165.444,82.4337,1168.86,-152.925,55.9531,1223.94,-178.144,42.8057,1202.94,-153.07,13.5385,1228.2,-199.232,13.0527,1222.39,-154.791,158.958,1221.1,-164.556,164.452,1226.94,-163.023,176.868,1234.36,-153.548,172.194,0,0,0
003685:1224.62,-173.073,143.338,1223.53,-175.901,146.466,1224.38,-173.244,146.493,1220.37,-182.089,144.62,1228.25,-180.889,143.518,1209.26,-180.506,129.96,1227.93,-167.268,122.608,1192.52,-188.403,124.257,1254.86,-167.422,109.034,1178.29,-179.043,148.182,1246.6,-151.295,122.938,1211.86,-182.662,83.6325,1207.92,-165.444,82.4337,1175.57,-157.166,55.141,1227.34,-178.224,42.608,1220.84,-159.242,7.31876,1239.76,-198.846,12.6644,1230.85,-156.95,157.432,1219.41,-164.654,165.166,1230.05,-164.173,175.67,1228.24,-153.934,174.071,0,0,0
003686:1235.41,-176.762,139.988,1235.62,-179.878,143.093,1231.85,-176.178,143.957,1230.67,-185.502,141.558,1204.81,-180.903,146.521,1216.36,-183.714,126.756,1227.93,-167.268,122.608,1192.52,-188.403,124.257,1254.86,-167.422,109.034,1180.23,-179.598,147.645,1245.22,-152.407,123.764,1212.99,-182.94,83.715,1210.97,-166.263,81.5706,1182.75,-154.044,52.5612,1214.06,-179.385,44.2166,1201.01,-154.113,12.8955,1239.76,-198.846,12.6644,1231.91,-157.221,157.24,1229.46,-167.113,165.462,1222.05,-164.619,177.439,1228.24,-153.934,174.071,0,0,0
003687:1228.37,-174.483,142.608,1227.29,-177.742,145.596,1230.44,-174.073,145.338,1224.93,-184.264,142.742,1239.22,-179.136,140.743,1215.33,-183.406,127.262,1233.12,-168.643,121.393,1194.38,-191.269,122.357,1255.97,-167.706,108.807,1180.23,-179.598,147.645,1249.61,-153.844,123.446,1212.99,-182.94,83.715,1210.97,-166.263,81.5706,1178.36,-154.002,52.9225,1219.57,-179.42,43.7665,1203.43,-155.678,9.90816,1239.76,-198.846,12.6644,1229.3,-157.381,158.129,1229.46,-167.113,165.462,1222.84,-165.906,177.945,1230.62,-154.793,174.002,0,0,0
003688:1221.55,-175.563,145.368,1219.61,-178.9,148.429,1225.56,-175.21,147.747,1217.22,-185.68,145.087,1242.2,-181.078,141.362,1217.26,-183.917,127.051,1233.12,-168.643,121.393,1185.04,-191.635,123.2,1253.68,-167.828,109.8,1188.12,-182.953,145.343,1249.61,-153.844,123.446,1219.06,-184.977,82.3414,1216.15,-167.631,80.3895,1175.73,-156.136,53.2778,1231.11,-178.184,40.9348,1191.76,-156.727,13.0777,1239.76,-198.846,12.6644,1230.62,-157.975,158.309,1235.66,-169.797,165.52,1218.87,-166.789,179.282,1232.98,-155.326,174.413,0,0,0
003689:1218.25,-174.537,143.768,1219.32,-178.128,146.42,1218.59,-174.271,146.887,1219.59,-185.779,143.85,1212.79,-180.408,145.893,1216.2,-183.67,126.675,1235.23,-169.195,120.969,1182.65,-192.054,123.691,1253.68,-167.828,109.8,1178.27,-181.627,147.489,1247.29,-153.989,124.272,1219.57,-185.285,80.3609,1216.15,-167.631,80.3895,1180.15,-155.897,53.2226,1224.44,-178.767,42.7169,1202.35,-159.74,11.5707,1239.76,-198.846,12.6644,1238.49,-160.537,157.205,1224.99,-170.682,167.664,1220.22,-167.381,179.556,1230.9,-156.787,174.766,0,0,0
003690:1220.4,-176.101,142.456,1219.46,-179.191,145.581,1222.74,-176.579,145.276,1221.14,-186.702,142.806,1227.65,-184.517,142.077,1222.2,-185.365,124.885,1224.38,-169.753,122.24,1188.63,-193.775,122.306,1253.74,-167.826,109.963,1175.93,-182.058,147.939,1250.57,-154.811,123.623,1217.21,-185.386,80.8969,1214.94,-167.694,80.4814,1189.08,-159.704,50.9718,1227.34,-176.666,41.5813,1204.43,-160.284,11.0064,1220.92,-193.964,13.5538,1241.81,-161.358,156.948,1228.4,-171.838,167.405,1218.73,-168.121,179.806,1231.42,-157.758,174.846,0,0,0
003691:1223.17,-176.422,143.651,1220.89,-179.388,146.619,1228.64,-176.582,145.695,1218.94,-186.238,143.305,1243.35,-182.133,140.253,1221.27,-185.581,123.993,1226.86,-169.628,122.287,1189.17,-193.761,124.53,1258.59,-168.948,110.561,1177.84,-182.94,147.736,1252.77,-155.361,123.189,1212.55,-185.585,82.1392,1214.68,-168.368,80.5407,1193.02,-163.718,50.0707,1240.03,-178.169,40.7324,1199.78,-160.556,12.2652,1239.76,-198.846,12.6644,1237.33,-161.616,158.171,1234.74,-173.518,166.297,1221.15,-169.641,179.064,1225.12,-158.131,175.916,0,0,0
003692:1231.53,-177.507,140.852,1230.34,-180.858,143.541,1233.78,-177.504,143.567,1224.66,-187.804,141.333,1230.56,-181.776,142.114,1213.86,-186.743,126.189,1226.76,-169.631,121.971,1189.17,-193.761,124.53,1252.96,-169.25,113.534,1179.42,-184.484,147.254,1249.06,-155.923,123.901,1214.61,-186.154,81.6703,1218.63,-169.809,79.2722,1191.82,-164.388,51.2815,1235.17,-178.696,42.4983,1202.27,-163.071,11.5878,1239.76,-198.846,12.6644,1227.62,-162.503,160.358,1240.42,-175.579,165.475,1226.57,-171.674,177.734,1226.89,-159.693,176.03,0,0,0
003693:1222.84,-178.259,143.001,1223.35,-182.324,145.259,1227.11,-177.864,145.337,1224.17,-189.865,141.384,1237.3,-180.012,140.929,1201.26,-188.159,128.401,1224.28,-170.09,122.472,1189.27,-193.758,124.844,1254.9,-170.856,113.485,1178.93,-185.798,147.347,1247.62,-157.028,124.303,1212.22,-186.584,82.5677,1216.19,-169.933,79.4581,1177.52,-167.469,55.6219,1218.44,-176.16,47.65,1204.25,-164.622,12.0884,1239.76,-198.846,12.6644,1230.87,-163.325,160.056,1231.11,-176.022,166.402,1220.73,-172.31,179.88,1234.45,-161.595,175.252,0,0,0
003694:1221.35,-178.164,145.823,1220.46,-182.157,148.337,1224.66,-177.754,148.352,1220.38,-189.818,143.964,1233.57,-180.296,143.495,1204.49,-188.813,128.148,1221.93,-170.212,122.945,1198.02,-196.043,125.233,1254.9,-170.856,113.485,1178.93,-185.798,147.347,1240.14,-157.457,124.499,1208.7,-187.062,83.918,1215.93,-170.607,79.5178,1179.67,-166.851,54.9075,1226.46,-177.303,45.8147,1200.76,-164.817,13.0317,1239.76,-198.846,12.6644,1232.06,-164.613,161.974,1234.44,-176.865,166.325,1220.73,-172.31,179.88,1234.45,-161.595,175.252,0,0,0
003695:1226.07,-178.799,144.481,1222.82,-181.895,147.544,1229.14,-179.243,146.978,1218.39,-188.835,144.782,1241.93,-186.256,141.823,1212.29,-187.533,128.518,1231.37,-172.694,121.209,1198.02,-196.043,125.233,1259.87,-171.981,114.393,1177.5,-187.154,148.317,1244.95,-158.546,125.327,1209.52,-188.338,84.6199,1220.1,-171.714,78.5664,1179.21,-167.26,55.5675,1206.72,-174.191,50.4509,1199.08,-165.906,12.9663,1239.76,-198.846,12.6644,1231.93,-165.631,163.201,1236.15,-178.122,166.784,1223,-174.517,180.828,1237.61,-164.094,175.135,0,0,0
003696:1222.2,-176.871,145.562,1222.25,-180.289,148.615,1221.75,-177.155,148.923,1217.25,-187.562,146.466,1207.04,-182.768,149.342,1222.69,-188.99,127.855,1231.5,-172.692,121.732,1198.07,-196.04,125.376,1259.98,-171.977,114.721,1180.48,-187.997,147.746,1243.62,-159.646,126.29,1206.02,-188.481,85.4106,1223.24,-172.549,77.8498,1189.51,-166.322,52.3995,1206.24,-173.891,51.0732,1196.12,-165.076,14.2835,1239.76,-198.846,12.6644,1226.35,-165.929,163.521,1225.24,-178.63,168.684,1216.16,-175.512,182.108,1232.65,-165.369,176.112,0,0,0
003697:1223.44,-177.825,145.654,1221.37,-180.37,148.82,1223.53,-178.907,148.582,1222.3,-187.225,145.06,1214.22,-188.985,146.833,1212.92,-187.857,128.671,1231.5,-172.692,121.732,1192.31,-196.25,126.367,1258.89,-172.376,115.811,1111.95,-169.8,152.036,1243.62,-159.646,126.29,1208.07,-189.051,84.9481,1221.14,-171.992,78.3278,1204.61,-171.504,49.2742,1221.63,-184.045,41.5569,1221.86,-171.716,9.53328,1239.8,-198.845,12.8446,1223.77,-166.4,163.84,1233.2,-181.588,168.076,1215.82,-176.518,182.607,1229.93,-166.528,178.134,0,0,0
003698:1222.49,-178.044,146.127,1220.5,-180.699,149.033,1225.57,-179.212,148.216,1220.28,-188.054,145.156,1241.89,-191.198,141.335,1205.11,-185.572,131.548,1231.45,-172.693,121.574,1188.82,-196.376,126.704,1259.06,-172.372,116.52,1177.79,-189.4,148.438,1242.61,-160.395,128.119,1205.55,-189.48,85.3498,1221.14,-171.992,78.3278,1168.6,-166.259,58.5585,1207.95,-178.203,48.9372,1219.77,-172.846,7.94211,1239.8,-198.845,12.8446,1235.11,-170.47,162.528,1228.17,-181.82,170.404,1215.82,-176.518,182.607,1224.49,-166.82,178.91,0,0,0
003699:1232.94,-181.703,144.615,1236.8,-184.172,146.486,1232.79,-182.07,147.101,1245.08,-189.498,140.916,1207.43,-189.241,147.414,1219.8,-189.722,127.723,1233.55,-173.249,121.151,1206.06,-202.317,124.372,1261.38,-172.943,116.404,1173.14,-190.558,150.008,1243.9,-160.665,128.555,1208.52,-190.341,84.341,1221.14,-171.992,78.3278,1188.71,-167.808,55.371,1198.35,-175.768,52.4682,1212.48,-173.207,9.15505,1248.63,-198.548,11.4738,1230.63,-170.702,163.6,1232.78,-183.279,170.447,1218.12,-180.691,183.717,1223.32,-168.208,179.244,0,0,0
003700:1225.95,-181.065,146.335,1232.15,-184.335,148.003,1224.32,-181.646,149.478,1249.92,-191.503,141.447,1207.48,-189.98,148.995,1220.62,-189.917,127.923,1234.6,-173.528,120.939,1201.51,-202.465,125.656,1261.38,-172.943,116.404,1192.34,-195.888,147.98,1247.26,-161.494,128.242,1210.38,-191.248,83.7517,1210.77,-172.525,81.4305,1185.22,-166.543,55.8692,1203.15,-179.831,50.9656,1220.59,-175.796,6.8043,1251.11,-198.464,10.8207,1229.75,-170.748,163.893,1236.6,-185.773,169.591,1220.64,-181.896,183.988,1222.52,-168.253,179.793,0,0,0
003701:1227.54,-181.618,145.381,1227.87,-183.281,148.338,1233.92,-183.619,146.768,1229.16,-185.756,144.628,1221.87,-193.298,145.133,1212.62,-187.591,130.722,1236.76,-174.084,120.673,1207.53,-204.897,124.954,1261.38,-172.943,116.404,1192.34,-195.888,147.98,1248.4,-161.77,128.191,1208.04,-191.34,84.2812,1207.91,-172.689,84.8302,1194.38,-170.699,53.2013,1184,-174.993,56.685,1198.31,-171.588,14.3923,1251.2,-198.462,11.1833,1244.94,-176.688,162.284,1239.85,-186.637,169.31,1217.26,-182.377,184.822,1214.54,-169.68,183.194,0,0,0
003702:1226.46,-182.108,146.181,1227.77,-183.771,148.536,1229.96,-183.265,147.945,1241.16,-188.783,143.156,1228.53,-194.642,144.701,1215.05,-188.278,130.083,1244.38,-176.04,119.817,1207.53,-204.897,124.954,1247.21,-173.989,121.429,1187.81,-196.055,148.842,1252.95,-163.224,128.363,1206.83,-191.386,84.3712,1211.15,-172.517,82.9969,1189.47,-170.008,56.6944,1191.79,-178.143,55.2831,1203.95,-173.617,15.5717,1251.2,-198.462,11.1833,1243.3,-176.77,163.251,1234.04,-188.205,170.645,1221.71,-184.153,184.223,1220.13,-171.699,182.704,0,0,0
003703:1259.41,-192.339,141.015,1248.11,-192.918,145.217,1264.69,-192.421,142.755,1219.88,-191.949,146.454,1271.11,-194.59,138.407,1215.79,-188.424,130.568,1242.2,-176.817,122.222,1199.67,-205.14,127.627,1247.21,-173.989,121.429,1184.62,-195.218,148.639,1250.53,-164.044,129.757,1205.52,-191.764,84.6678,1211.15,-172.517,82.9969,1175.34,-172.14,59.3686,1230.28,-182.327,42.5948,1202.51,-174.022,15.4394,1252.44,-198.42,10.8563,1237.31,-177.062,165.877,1235.72,-191.46,171.225,1209.72,-185.653,186.534,1220.33,-172.345,182.178,0,0,0
003704:1239.26,-187.871,147.155,1232.81,-190.125,150.299,1244.59,-187.38,148.958,1218.88,-193.091,147.193,1254.3,-188.928,142.882,1221.48,-190.124,128.105,1235.86,-177.133,126.655,1199.63,-205.141,127.454,1248.41,-173.93,121.188,1186.58,-195.781,148.264,1256.35,-165.437,129.861,1207.57,-192.337,84.2048,1212.5,-172.449,83.3654,1175.58,-172.662,58.511,1211.26,-177.041,51.7808,1195.46,-174.373,16.9603,1248.55,-198.55,11.1118,1231.09,-177.36,167.66,1235.6,-193.124,171.582,1212.87,-188.463,186.509,1225.29,-174.744,182.018,0,0,0
003705:1220.95,-183.66,149.409,1217.42,-186.568,152.274,1227.12,-183.725,150.925,1209.17,-190.595,148.72,1246.6,-187.341,143.506,1210.06,-191.002,130.681,1235.91,-177.132,126.83,1203.62,-206.327,126.286,1248.41,-173.93,121.188,1192.54,-197.477,147.306,1256.38,-166.467,131.286,1207.57,-192.337,84.2048,1215.88,-173.271,83.6606,1184.16,-174.208,54.8692,1195.97,-172.586,54.5878,1182.84,-177.312,21.0054,1240.85,-198.808,11.7996,1236.21,-180.121,167.274,1230.35,-193.652,172.817,1234.76,-194.517,183.177,1236.35,-179.865,181.715,0,0,0
003706:1239.32,-188.251,144.897,1232.11,-190.158,148.25,1243.97,-188.532,146.651,1215.97,-192.767,146.577,1251.47,-192.562,141.572,1202.71,-192.584,132.86,1234.57,-177.193,126.59,1206.7,-207.219,125.665,1255.18,-173.633,124.976,1186.81,-198.001,148.754,1252.85,-167.001,132.889,1209.61,-192.912,83.7409,1216.01,-173.269,84.184,1180.31,-174.837,57.1848,1214.7,-179.264,50.4811,1179.58,-177.464,23.5904,1240.77,-198.81,11.439,1235.31,-181.829,168.187,1231.68,-196.579,173.007,1228.78,-197.372,185.049,1251.61,-183.867,180.206,0,0,0
003707:1249.67,-190.453,143.537,1240.7,-191.401,147.368,1250.07,-190.494,145.931,1215.2,-191.556,148.019,1229.58,-192.509,145.994,1218.85,-192.289,130.191,1234.57,-177.193,126.59,1210.52,-208.424,123.883,1248.46,-173.929,121.364,1182.19,-198.482,149.809,1251.88,-169.112,136.652,1203.95,-193.13,85.7575,1207.98,-173.676,86.5451,1190.34,-176.289,56.0399,1205.03,-178.457,53.0648,1181.33,-179.019,24.314,1240.91,-198.801,11.9284,1225.62,-182.921,170.006,1219.99,-196.994,175.45,1222.47,-197.593,186.223,1252.06,-186.197,181.399,0,0,0
003708:1232.08,-187.267,148.592,1229.78,-190.19,151.341,1236.79,-187.431,150.48,1220.01,-194.275,148.501,1247.32,-191.179,145.226,1197.84,-193.093,133.628,1234.57,-177.193,126.59,1210.52,-208.424,123.883,1253.2,-173.716,124.253,1181.9,-199.126,149.865,1256.66,-170.233,137.137,1210.64,-194.833,86.2957,1210.13,-174.225,86.3977,1184.28,-176.894,55.5607,1200.98,-176.03,54.8001,1187.08,-179.391,20.742,1249.49,-201.439,6.93711,1226.96,-185.512,170.445,1222.98,-199.19,175.772,1220.73,-197.655,186.785,1243.72,-186.541,182.767,0,0,0
003709:1226.78,-186.932,149.251,1223.61,-189.023,152.038,1232,-187.33,150.937,1217.3,-193.485,149.236,1244.47,-192.532,145.549,1196.27,-193.155,134.389,1236.77,-177.751,126.491,1210.52,-208.424,123.883,1253.25,-173.715,124.429,1187.91,-200.826,149.257,1252.12,-170.473,139.285,1210.78,-194.826,86.7682,1213.63,-174.051,85.6109,1181.12,-176.134,57.9228,1213.31,-179.759,51.7373,1192.23,-181.118,19.0221,1252.81,-202.367,6.05157,1229.06,-186.085,170.082,1228.81,-202.615,174.25,1218.15,-200.359,187.179,1243.19,-189.889,182.517,0,0,0
003710:1215.8,-184.531,151.577,1214.58,-187.193,154.099,1222.2,-184.932,153.152,1216.13,-193.824,149.79,1247.06,-191.642,145.412,1198.14,-195.335,135.801,1238.93,-178.312,126.232,1210.52,-208.424,123.883,1256.89,-174.564,124.924,1187.91,-200.826,149.257,1248.77,-170.992,141.569,1210.83,-194.824,86.9256,1215.83,-174.602,85.6522,1180.61,-177.844,58.0735,1220.72,-181.619,49.8497,1197.36,-183.186,18.7682,1245.14,-200.011,10.4581,1221.1,-186.749,171.625,1233.39,-204.78,173.468,1215.85,-203.371,187.939,1247.46,-191.055,181.815,0,0,0
003711:1215.94,-186.678,152.34,1212.73,-188.969,154.85,1223.49,-187.429,153.34,1209.35,-194.094,150.589,1247.55,-194.339,145.015,1197.96,-195.982,135.294,1228.32,-179.468,129.729,1217.67,-210.531,122.097,1255.48,-176.682,127.397,1190.86,-201.681,148.696,1250.02,-171.612,142.414,1209.05,-194.238,88.3802,1216.87,-174.881,85.419,1188.85,-179.975,57.2794,1217.13,-181.17,52.0238,1194.7,-182.978,20.0245,1252.46,-202.15,7.45664,1225.37,-189.874,171.333,1229.78,-208.181,172.772,1223.32,-209.024,185.913,1229.9,-193.708,184.672,0,0,0
003712:1223.68,-187.562,150.149,1225.53,-190.457,152.011,1226.28,-187.849,152.298,1226.91,-196.491,147.828,1226.98,-192.414,149.158,1207.11,-196.618,134.607,1225.12,-179.62,131.543,1212.88,-210.661,122.703,1253.17,-176.325,125.025,1178.3,-204.308,150.226,1254.58,-172.742,142.249,1209.05,-194.238,88.3802,1216.87,-174.881,85.419,1182.52,-180.263,57.9633,1205.56,-179.89,53.7372,1193.57,-183.683,19.694,1264.28,-200.601,3.32859,1234.36,-193.826,169.445,1236.07,-209.985,171.694,1222.54,-209.373,186.041,1218.08,-194.147,186.338,0,0,0
003713:1221.78,-186.286,151.054,1224.55,-189.461,152.876,1220.6,-186.314,153.829,1230.41,-195.53,147.689,1193.26,-190.461,155.051,1207.78,-196.6,136.595,1228.38,-180.458,131.437,1194.39,-211.162,126.815,1247.53,-175.593,126.134,1177.78,-204.206,149.825,1247.6,-173.094,144.652,1209.05,-194.238,88.3802,1219.18,-175.43,85.7776,1197.98,-178.656,54.8819,1233.3,-178.403,43.5428,1193.36,-183.705,22.2522,1220.98,-191.806,14.8571,1228.02,-196.043,171.125,1239.11,-213.871,169.996,1232.81,-213.033,183.076,1235.3,-197.803,183.672,0,0,0
003714:1231.29,-190.991,150.694,1225.73,-192.744,153.599,1239.05,-191.681,151.667,1215.11,-196.003,150.61,1261.48,-198.38,143.43,1199.05,-196.906,135.516,1226.12,-180.561,132.214,1194.48,-211.158,127.128,1242.38,-174.522,128.436,1180.75,-205.077,149.259,1254.48,-174.793,144.577,1209.05,-194.238,88.3802,1219.22,-175.429,85.9524,1191.06,-181.062,56.6218,1239.55,-182.324,41.9543,1197.77,-184.482,18.8951,1222.49,-192.577,14.5041,1228.02,-198.023,171.543,1239.11,-213.871,169.996,1229.21,-213.78,182.946,1238.05,-202.337,183.053,0,0,0
003715:1250.05,-196.075,145.279,1242.14,-196.738,148.705,1254.94,-196.285,146.826,1215.13,-194.753,149.572,1256.38,-197.541,143.081,1200.74,-197.168,135.566,1226.12,-180.561,132.214,1194.48,-211.158,127.128,1242.48,-174.519,128.754,1172.75,-205.325,150.077,1259.08,-175.933,144.622,1210.08,-194.526,88.1509,1221.44,-175.984,85.9944,1194.39,-182.052,55.4373,1229.64,-181.887,45.54,1205.77,-187.114,17.3453,1216,-191.611,16.012,1238.5,-201.639,168.728,1230.83,-214.735,170.441,1224.5,-217.167,182.033,1243.94,-205.135,182.365,0,0,0
003716:1240.61,-192.504,147.41,1239.47,-193.963,149.759,1242.89,-193.318,149.128,1233.74,-195.676,147.141,1225.79,-199.626,148.165,1202.4,-198.078,136.908,1226.16,-180.561,132.388,1198.74,-212.316,127.268,1242.48,-174.519,128.754,1176.68,-206.486,149.325,1259.13,-175.932,144.798,1215.54,-195.959,88.1398,1221.54,-175.98,86.3119,1208.44,-182.695,54.0022,1236.79,-184.829,40.7383,1204.78,-188.157,20.2448,1222.11,-193.629,14.9047,1240.65,-204.225,168.861,1225.22,-215.528,169.959,1222.54,-219.823,181.61,1232.11,-208.12,184.447,0,0,0
003717:1252.38,-190.958,147.492,1252.61,-193.051,149.56,1250.54,-191.588,149.992,1241.11,-196.573,147.074,1233.75,-197.67,148.434,1201.01,-198.447,136.819,1223.16,-180.707,135.111,1209.09,-215.349,125.347,1242.53,-174.517,128.913,1179.64,-207.36,148.759,1262.82,-176.785,145.521,1217.65,-196.538,87.8372,1222.86,-176.249,87.0484,1196.78,-183.162,56.0476,1236.79,-184.829,40.7383,1230.2,-196.978,11.4516,1221.2,-194.162,15.0916,1235.31,-204.719,169.977,1234.22,-221.247,166.24,1224.09,-222.077,180.601,1244.41,-211.746,180.936,0,0,0
003718:1237.9,-191.82,150.378,1240.89,-194.117,152.339,1237.32,-192.108,152.926,1244.01,-198.512,148.029,1223.35,-200.768,151.398,1205.18,-199.59,136.496,1223.16,-180.707,135.111,1209.09,-215.349,125.347,1244.41,-174.772,131.493,1179.64,-207.36,148.759,1267.36,-178.965,146.454,1217.65,-196.538,87.8372,1222.86,-176.249,87.0484,1204.77,-182.412,56.1505,1238.79,-185.417,39.7202,1228.7,-197.436,13.5388,1226.4,-195.097,13.9504,1225.08,-205.029,171.044,1227.73,-221.379,167.232,1217.02,-224.824,178.963,1242.67,-215.097,180.498,0,0,0
003719:1236.84,-193.849,152.843,1241.22,-196.086,154.198,1240.23,-194.037,154.261,1242.43,-197.791,148.472,1245.92,-198.278,147.949,1209.26,-200.741,135.862,1223.26,-180.704,135.425,1209.09,-215.349,125.347,1248.09,-175.6,132.501,1177.39,-207.427,149.188,1269.73,-179.542,146.541,1217.65,-196.538,87.8372,1225.2,-176.799,87.3774,1202.29,-184.899,54.688,1248.59,-188.042,37.6505,1223.95,-194.904,13.0424,1227.52,-197.172,14.9062,1225.59,-206.985,170.009,1232.39,-223.265,163.84,1229.87,-228.851,174.96,1249.19,-217.927,178.717,0,0,0
003720:1231.77,-195.344,153.746,1225.24,-196.401,156.718,1236.26,-194.505,155.302,1206.83,-195.914,154.36,1246.46,-195.293,148.583,1211.59,-200.664,135.406,1227.46,-181.825,134.777,1209.09,-215.349,125.347,1248.09,-175.6,132.501,1193.22,-212.138,145.832,1267.12,-181.368,148.793,1215.33,-196.621,88.5383,1226.59,-177.066,88.2585,1193.36,-185.354,56.8874,1235.91,-187.549,42.0726,1234.07,-197.946,10.978,1228.13,-193.767,14.1863,1230.01,-209.162,168.767,1236.81,-226.153,161.569,1238.13,-232.016,172.148,1246.08,-219.65,179.233,0,0,0
003721:1225.74,-193.739,155.66,1229.46,-197.537,156.885,1226.77,-192.521,158.446,1229.91,-202.646,151.026,1222.15,-190.999,155.373,1208.63,-202.052,135.791,1223.88,-182.313,135.804,1207.92,-215.377,125.582,1250.44,-176.158,132.968,1193.22,-212.138,145.832,1258.55,-181.744,150.349,1214.28,-196.66,89.325,1226.59,-177.066,88.2585,1205.34,-187.101,54.2905,1230.78,-186.087,44.0349,1229.16,-196.175,11.5605,1225.06,-196.332,15.6517,1240.9,-214.163,165.356,1234.04,-227.193,160.798,1235.23,-233.048,170.673,1248.04,-221.933,175.896,0,0,0
003722:1217.37,-192.762,155.936,1222.2,-196.417,157.133,1224.46,-192.53,157.486,1232.53,-202.616,150.029,1250.53,-196.189,148.775,1207.58,-202.087,136.384,1228.04,-183.769,135.499,1209.12,-218.946,127.116,1254.27,-176.989,134.543,1187.52,-212.289,146.923,1258.55,-181.744,150.349,1214.52,-196.65,90.1132,1226.59,-177.066,88.2585,1192.36,-186.712,58.0845,1232.45,-185.351,44.3626,1220.74,-196.789,14.5069,1231.08,-194.789,13.7652,1244.47,-216.066,164.733,1240.57,-229.395,159.972,1226.03,-234.153,170.968,1246.88,-224.607,174.934,0,0,0
003723:1225.17,-195.516,153.592,1227.57,-198.618,155.149,1230.66,-194.909,155.189,1226.86,-202.999,150.268,1244.8,-196.126,148.674,1201.92,-203.235,138.109,1227.79,-185.095,136.777,1209.12,-218.946,127.116,1254.57,-176.982,135.777,1184.11,-212.379,147.574,1252.78,-182.003,152.681,1209.38,-196.178,92.7638,1224.57,-177.169,90.1523,1194,-188.774,58.5991,1230.04,-185.453,44.9563,1221.18,-197.158,15.6004,1238.4,-195.187,12.7229,1233.43,-216.653,166.519,1237.74,-230.764,158.792,1223.98,-235.165,169.494,1246.43,-227.266,173.067,0,0,0
003724:1213.93,-195.002,156.439,1217.73,-198.688,157.656,1217.72,-193.953,158.607,1220.94,-203.938,151.869,1225.2,-193.075,153.714,1199.15,-203.324,138.844,1230.07,-185.656,137.006,1209.12,-218.946,127.116,1253.8,-177.167,140.272,1184.11,-212.379,147.574,1255,-182.581,152.451,1209.29,-196.507,92.9533,1227.86,-178.008,89.9518,1189.49,-187.454,59.0524,1219.42,-182.584,47.2043,1222.78,-197.464,13.9672,1247.16,-195.64,10.2078,1234.83,-218.601,165.321,1239.81,-232.392,156.723,1218.43,-238.484,169.516,1246.04,-229.59,172.036,0,0,0
003725:1224.03,-197.439,156.065,1231.97,-201.043,156.483,1220.67,-195.903,159.401,1238.9,-205.293,149.257,1197.71,-194.212,159.259,1223.48,-203.524,134.653,1230.41,-185.647,138.4,1205.61,-217.919,127.646,1253.8,-177.167,140.272,1177.26,-212.561,148.528,1252.75,-183.359,154.46,1210.31,-196.796,92.7271,1231.11,-178.85,89.5749,1206.45,-190.743,56.3032,1211.32,-182.947,49.9468,1217.3,-196.393,16.8749,1234.11,-195.296,14.5726,1231.01,-218.685,165.429,1236.83,-232.767,156.25,1233.48,-242.291,163.141,1227.1,-229.88,173.98,0,0,0
003726:1214.81,-197.645,155.292,1219.81,-201.066,156.67,1214.2,-195.513,158.063,1224.61,-205.371,152.03,1216.93,-192.641,154.93,1199.09,-204.287,139.408,1235.93,-187.061,138.347,1197.61,-218.1,129.794,1253.9,-177.164,140.597,1180.08,-213.769,147.988,1248.09,-183.563,156.029,1216.47,-198.539,91.3645,1231.16,-178.848,89.7343,1196,-191.949,58.9586,1208.93,-183.067,53.3982,1214.15,-197.668,17.0326,1239.01,-196.097,12.8885,1238.07,-221.839,161.916,1238.6,-234.073,153.786,1235.85,-242.285,160.885,1229.68,-230.831,171.383,0,0,0
003727:1220.67,-199.518,156.409,1219.22,-201.798,158.614,1222.64,-198.335,158.867,1211.81,-203.95,155.081,1219.21,-195.602,156.338,1200.51,-205.525,138.851,1236.14,-187.056,139.221,1197.61,-218.1,129.794,1251.98,-176.582,141.816,1191.02,-217.041,145.892,1244.48,-183.718,156.675,1213.96,-198.952,91.9181,1233.42,-179.408,89.7486,1201.69,-191.464,56.8882,1218.57,-184.633,51.4535,1208.93,-196.683,17.4892,1237.72,-196.205,12.3907,1232.28,-221.957,161.956,1240.56,-234.713,152.835,1238.89,-243.251,160.008,1235.4,-232.728,168.408,0,0,0
003728:1213.43,-197.598,160.245,1213.05,-200.358,162.148,1215.51,-196.419,162.793,1211.43,-203.616,156.576,1216.05,-194.413,158.731,1212.46,-208.385,137.56,1236.14,-187.056,139.221,1197.61,-218.1,129.794,1250.43,-175.99,144.166,1191.02,-217.041,145.892,1244.48,-183.718,156.675,1220.15,-200.706,90.55,1237.85,-180.537,89.4571,1202.46,-191.279,56.5187,1218.02,-185.651,51.2255,1211.73,-197.7,16.9112,1232.47,-196.179,14.7155,1227.65,-222.049,162.638,1243.67,-235.022,149.264,1244.66,-245.206,156.859,1239.17,-233.67,167.014,0,0,0
003729:1215.97,-197.884,160.644,1217.06,-201.684,162.288,1215.82,-196.038,163.775,1220.86,-207.193,155.551,1218.08,-193.924,159.767,1215.39,-209.917,137.349,1236.14,-187.056,139.221,1199.94,-218.682,130.475,1243.13,-174.239,143.583,1193.02,-217.64,145.508,1244.48,-183.718,156.675,1220.15,-200.706,90.55,1237.95,-180.533,89.7771,1208.98,-192.77,55.5733,1225.23,-186.012,50.9033,1206.9,-197.449,17.6452,1227.28,-194.765,15.8908,1230.72,-222.975,161.924,1243.46,-235.029,148.422,1248.55,-246.545,151.136,1238.41,-233.695,163.898,0,0,0
003730:1208.79,-197.292,159.568,1210.14,-200.171,161.295,1211.24,-196.515,162.103,1215.69,-204.509,155.378,1228.87,-197.854,156.31,1216.56,-209.885,137.916,1236.14,-187.056,139.221,1191.83,-218.863,131.933,1241.37,-176.001,147.732,1197,-219.167,145.078,1246.79,-184.292,156.773,1220.15,-200.706,90.55,1226.05,-180.091,95.6013,1199.94,-192.941,58.655,1216.71,-184.383,53.7572,1213.46,-201.722,18.5331,1235.09,-197.46,14.5171,1230.39,-222.985,160.577,1242.4,-234.711,148.617,1252.25,-247.87,148.505,1235.38,-234.067,163.257,0,0,0
003731:1211.59,-197.387,158.315,1214.98,-201.462,159.643,1218.42,-197.537,160.114,1222.11,-208.655,153.32,1239.92,-200.959,153.377,1208.53,-210.106,139.5,1236.14,-187.056,139.221,1198.63,-220.95,130.046,1249.18,-175.623,145.572,1191.18,-219.296,145.833,1257.57,-185.868,157.343,1220.15,-200.706,90.55,1219.84,-178.401,97.1191,1196.61,-192.082,59.2473,1221.14,-184.191,52.6036,1211.91,-201.77,18.2446,1241.1,-197.996,13.4162,1240.84,-224.775,156.852,1250.74,-236.626,143.985,1252,-247.878,147.703,1234.26,-234.085,162.81,0,0,0
003732:1232.36,-199.306,155.855,1227.87,-201.879,158.903,1237.61,-200.037,157.791,1220.51,-206.288,155.11,1271.58,-211.122,147.538,1214.3,-210.593,137.61,1230.2,-187.301,140.352,1207.08,-223.888,128.042,1256.14,-177.3,146.447,1188.89,-219.346,146.271,1262.36,-187.029,158.1,1220.25,-200.702,90.8661,1219.84,-178.401,97.1191,1191.12,-190.585,61.3706,1212.5,-183.452,55.4997,1214.86,-203.987,18.7153,1215.94,-192.676,22.9403,1246.36,-224.676,155.435,1251.22,-236.967,141.7,1251.75,-247.887,146.901,1259.13,-236.12,156.502,0,0,0
003733:1224.21,-200.401,157.545,1224.12,-204.154,159.272,1228.21,-200.2,159.924,1228.48,-210.654,152.573,1245.94,-203.535,153.567,1210.64,-210.692,138.224,1225.51,-187.494,141.426,1202.5,-223.974,129.323,1252.27,-176.16,148.509,1183.17,-219.472,147.189,1264.71,-187.612,158.201,1213.71,-200.916,94.3874,1223.38,-178.235,96.3514,1206.85,-196.279,56.991,1228.44,-187.495,50.4095,1213.79,-205.009,19.7978,1212.76,-191.806,23.8098,1249.74,-224.955,153.042,1256.84,-236.91,140.217,1256.36,-247.874,145.333,1266.8,-237.724,152.791,0,0,0
003734:1222.5,-202.248,158.026,1222.97,-206.229,159.746,1225.56,-201.282,161.042,1225.66,-211.386,154.088,1235.53,-199.712,157.297,1209.37,-210.726,139.343,1230.4,-187.962,144.126,1202.5,-223.974,129.323,1252.27,-176.16,148.509,1183.17,-219.472,147.189,1271.18,-189.058,160.282,1208.02,-201.106,96.3708,1223.38,-178.235,96.3514,1194.78,-195.734,59.9454,1231.76,-188.043,55.1037,1210.06,-205.783,21.0892,1220.74,-193.22,19.6461,1252.44,-225.579,151.222,1257.73,-236.902,139.763,1256.85,-247.887,143.501,1266.37,-237.737,151.382,0,0,0
003735:1221.93,-203.965,160.411,1224.2,-207.552,161.647,1223.57,-203.052,163.362,1227.3,-211.715,154.885,1227.78,-201.538,159.421,1208.38,-210.753,139.81,1224.69,-189.173,145.415,1202.5,-223.974,129.323,1252.65,-175.934,152.131,1183.17,-219.472,147.189,1255.71,-190.666,166.29,1208.02,-201.106,96.3708,1232.92,-180.772,94.6189,1194.72,-195.094,61.0692,1233.95,-188.538,55.5056,1211.06,-206.404,22.0871,1221.01,-193.209,19.3713,1258.04,-225.483,149.776,1260.14,-237.225,137.193,1259.18,-247.895,141.01,1265.04,-237.759,150.039,0,0,0
003736:1223.13,-204.257,158.916,1221.21,-206.908,161.124,1227.2,-203.728,161.412,1221.85,-210.372,155.867,1243.61,-204.065,155.98,1213.48,-211.582,139.185,1229.81,-188.972,146.138,1205.55,-224.895,128.711,1251.44,-175.991,152.35,1179.94,-219.542,148.52,1253.53,-190.089,166.499,1211.08,-201.981,95.6996,1234.11,-180.718,94.3595,1202.2,-197.667,59.1134,1237.41,-189.207,54.0377,1207.1,-206.851,23.6927,1220.46,-193.231,20.1387,1258.99,-225.466,149.602,1252.62,-234.969,138.464,1255.11,-246.939,138.899,1265.04,-237.759,150.039,0,0,0
003737:1220.74,-202.831,161.754,1224.41,-207.65,162.832,1226.65,-202.43,164.268,1233.46,-214.453,154.861,1245.68,-202.997,157.747,1210.79,-212.296,140.246,1232.52,-189.518,145.593,1208.66,-225.816,128.255,1239.67,-176.566,157.03,1179.94,-219.542,148.52,1254.59,-190.378,166.316,1211.08,-201.981,95.6996,1229.34,-180.933,95.3949,1199.33,-197.304,58.8767,1239.33,-189.754,53.3696,1217.78,-209.515,20.9199,1219.56,-193.266,20.4421,1258.89,-225.469,149.191,1247.95,-233.702,137.922,1248.16,-244.661,138.551,1255.3,-235.867,150.379,0,0,0
003738:1209.64,-203.542,161.558,1211.05,-207.363,163.16,1215.56,-202.823,164.08,1221.75,-212.965,155.927,1246.74,-204.809,156.689,1212.53,-212.25,140.699,1235.46,-189.406,146.32,1209.2,-226.144,126.472,1246.21,-176.259,156.526,1177.81,-219.588,149.46,1254.34,-191.048,166.526,1212.1,-202.273,95.4753,1229.51,-180.93,96.097,1195.65,-197.002,61.2377,1235.65,-189.324,55.415,1220.17,-209.449,20.5177,1220.1,-193.247,19.9707,1257.39,-224.83,148.379,1244.48,-231.417,139.377,1253.61,-244.637,136.368,1253.95,-235.891,148.908,0,0,0
003739:1219.02,-206.881,161.837,1221.64,-211.592,163.387,1223.27,-205.705,164.594,1229.41,-217.306,157.156,1238.76,-203.764,160.331,1205.64,-212.43,142.252,1229.2,-189.657,148.048,1209.05,-226.149,125.999,1239.07,-176.599,157.911,1177.86,-219.587,149.615,1253.43,-191.419,168.482,1216.21,-203.447,94.5755,1226.45,-180.079,97.1287,1207.03,-200.265,59.4218,1225.22,-185.593,58.2238,1226.55,-211.934,17.879,1232.96,-195.914,16.4123,1258.28,-224.815,147.93,1240.62,-230.156,138.243,1258.55,-243.281,133.986,1255.01,-235.876,149.438,0,0,0
003740:1217.68,-207.515,162.983,1218.49,-211.305,164.708,1222.38,-206.172,165.774,1226.47,-216.251,157.607,1247.54,-206.105,159.226,1208.64,-212.673,141.811,1236.46,-190.68,146.819,1209.05,-226.149,125.999,1243.54,-176.383,156.506,1183.63,-221.706,148.512,1254.84,-191.699,169.443,1221.17,-204.93,92.8129,1224.08,-180.187,97.6408,1205.25,-201.57,59.4737,1237.76,-189.997,55.702,1222.03,-212.052,19.1203,1238.35,-197.885,15.6525,1259.64,-224.125,146.595,1246.99,-230.066,136.144,1260.33,-241.273,132.212,1267.62,-234.758,141.142,0,0,0
003741:1210.71,-206.128,163.25,1213.45,-210.588,164.394,1215.59,-205.142,166.085,1222.04,-216.186,157.161,1232.25,-203.55,161.291,1208.32,-213.644,141.864,1229.63,-190.947,148.364,1205.54,-226.211,126.706,1251.56,-180.738,158.7,1180.91,-222.404,148.318,1261.49,-193.104,168.642,1220.95,-205.591,93.2314,1223.9,-180.524,97.4958,1195.79,-199.471,61.98,1230.55,-187.709,58.406,1217.46,-212.171,20.5153,1244.84,-198.429,15.6934,1254.24,-222.553,147.586,1239.88,-226.525,137.074,1268.14,-240.216,128.691,1284.81,-233.88,137.486,0,0,0
003742:1201.98,-203.546,165.715,1204.69,-207.491,167.133,1209.52,-203.336,167.865,1219.44,-214.142,158.863,1251.87,-209.056,157.982,1208.01,-213.653,141.441,1229.82,-190.938,147.634,1197.31,-226.356,128,1253.82,-180.638,158.612,1189.11,-222.253,140.381,1263.79,-193.683,168.753,1220.95,-205.591,93.2314,1220.41,-180.684,98.4363,1203.34,-202.481,60.8278,1233.87,-189.682,57.4541,1215.26,-212.228,21.8796,1241.61,-198.512,16.6081,1275.92,-222.13,146.067,1244.32,-225.784,136.225,1264.38,-236.225,128.06,1284.45,-230.83,136.827,0,0,0
003743:1216.89,-206.647,164.439,1218.54,-211.425,165.673,1220.51,-205.217,167.476,1225.41,-217.732,157.46,1233.74,-203.595,162.252,1203.87,-214.078,141.424,1227.37,-191.359,148.144,1199.1,-226.979,126.792,1248.96,-180.855,159.458,1186.04,-222.312,142.004,1270.17,-193.453,168.591,1220.95,-205.591,93.2314,1222.6,-181.578,99.0651,1206.78,-204.232,60.059,1227.64,-187.583,60.2398,1218.88,-214.449,20.975,1230.62,-195.771,21.0587,1276.35,-219.076,144.6,1247.31,-223.061,136.568,1263.55,-231.527,128.079,1260.55,-230.501,140.669,0,0,0
003744:1216.43,-207.521,163.912,1218.58,-212.368,165.011,1218.73,-206.178,167.221,1225.25,-218.686,157.351,1229.2,-204.522,163.131,1200.09,-214.173,142.771,1223.49,-192.165,150.752,1200.76,-227.608,125.062,1259.21,-180.408,159.558,1186.14,-222.31,141.989,1268.99,-193.232,167.709,1221.83,-206.22,93.0381,1219.28,-181.732,100.699,1208.87,-204.904,59.5161,1227.12,-187.829,60.5449,1217.87,-215.135,20.9919,1229.11,-195.727,21.244,1282.06,-218.616,143.556,1250.7,-221.994,135.922,1305.38,-237.504,119.708,1254.99,-228.24,142.049,0,0,0
003745:1213.85,-208.626,164.75,1217.96,-213.619,165.645,1218.96,-207.578,167.536,1228.65,-219.934,157.585,1233.75,-205.77,162.602,1204.44,-215.025,141.795,1227.5,-192.662,149.687,1200.76,-227.608,125.062,1259.21,-180.408,159.558,1187.24,-222.287,142.329,1269.07,-193.23,168.063,1221.83,-206.22,93.0381,1219.43,-181.726,101.173,1205.22,-205.234,60.6833,1224.06,-187.445,60.8568,1218.34,-217.437,20.3588,1222.46,-194.831,22.0713,1275.55,-216.721,145.265,1250.61,-219.321,135.94,1269.46,-225.033,126.074,1262.61,-229.135,139.254,0,0,0
003746:1211.36,-206.908,166.033,1211.49,-211.431,167.51,1216.19,-206.105,168.742,1216.73,-217.75,160.085,1232.35,-206.084,163.275,1200.98,-216.068,142.252,1222.26,-192.862,151.047,1205.43,-227.53,124.115,1245.56,-182.701,163.858,1184.23,-222.349,142.599,1266.74,-193.317,169.012,1221.83,-206.22,93.0381,1222.83,-182.561,101.453,1203.67,-206.472,61.8406,1228.13,-188.018,61.0859,1207.55,-217.332,26.1272,1224.94,-195.388,23.3454,1273.88,-214.726,146.031,1237.04,-214.625,140.397,1273.63,-223.607,124.833,1246.45,-224.39,142.285,0,0,0
003747:1212.83,-208.145,164.798,1211.08,-212.333,166.636,1218.51,-207.523,167.463,1213.81,-217.84,160.2,1233.9,-206.898,162.772,1199.71,-216.099,142.349,1222.7,-192.846,151.342,1205.43,-227.53,124.115,1245.93,-182.684,163.601,1183.9,-222.358,141.533,1258.34,-193.627,171.172,1221.83,-206.22,93.0381,1222.83,-182.561,101.453,1200.76,-206.897,63.0567,1227.87,-187.942,61.4672,1210.82,-218.248,24.9492,1236.98,-197.288,20.6449,1273.02,-212.377,146.622,1244.01,-213.121,139.219,1283.03,-224.111,124.197,1305.41,-222.627,130.523,0,0,0
003748:1213.27,-209.436,164.395,1214.95,-214.035,165.723,1219.79,-208.911,166.778,1225.2,-220.706,157.982,1244.82,-210.447,159.915,1203,-216.02,141.993,1221.62,-192.886,151.229,1205.43,-227.53,124.115,1256.78,-182.214,162.284,1180.85,-222.419,142.378,1263.99,-195.106,170.898,1213.59,-206.465,95.0301,1222.83,-182.561,101.453,1214.48,-209.83,54.9174,1233.51,-190.734,58.5629,1215.83,-218.136,23.5362,1232.89,-197.364,20.3347,1288.47,-210.617,154.197,1250.55,-212.957,137.836,1272.84,-215.8,129.647,1292.25,-218.758,134.778,0,0,0
003749:1207.85,-207.962,165.599,1202.8,-210.688,168.648,1217.34,-208.374,166.98,1199.31,-213.487,164.587,1280.85,-221.24,152.382,1200.54,-216.079,142.537,1223.06,-193.808,151.603,1205.43,-227.53,124.115,1247.6,-183.623,164.586,1178.51,-222.464,143.913,1266.23,-195.701,170.691,1211.4,-206.53,96.2442,1222.83,-182.561,101.453,1212.44,-210.851,57.9151,1212.19,-184.143,62.8141,1205.75,-218.361,26.5637,1221.59,-193.184,23.3049,1288.47,-210.617,154.197,1255.93,-212.151,136.675,1266.11,-209.523,133.362,1298.3,-215.541,131.101,0,0,0
003750:1213.86,-210.421,163.982,1213.66,-213.967,166.234,1222.86,-210.69,165.646,1215.24,-217.352,161.775,1274.2,-219.804,154.07,1202.43,-216.033,142.43,1226.81,-195.295,150.688,1205.43,-227.53,124.115,1244.04,-183.768,163.482,1184.13,-224.603,141.032,1266.23,-195.701,170.691,1210.23,-206.565,96.5011,1222.93,-182.558,101.77,1205.82,-210.7,60.254,1214.34,-186.731,62.0227,1208.94,-220.926,25.235,1215.03,-191.734,27.2215,1255,-210.484,146.278,1252.04,-208.557,138.668,1266.59,-207.477,134.482,1323.88,-220.191,127.236,0,0,0
003751:1216.45,-210.121,164.283,1210.39,-212.877,167.234,1225.85,-210.877,165.701,1207.61,-216.805,162.654,1279.57,-222.077,153.077,1194.84,-216.216,143.381,1222.4,-195.457,152.076,1211.47,-229.394,122.553,1240.14,-183.941,165.348,1176.01,-224.743,147.119,1253.19,-191.787,176.784,1209.22,-206.917,97.9408,1222.93,-182.558,101.77,1190.04,-204.404,67.6711,1219.81,-186.506,61.6238,1209.57,-221.241,25.1848,1241.98,-199.897,19.69,1269.37,-210.438,146.564,1256.82,-207.078,139.973,1264.19,-204.5,137.531,1317.77,-215.783,131.701,0,0,0
003752:1228.5,-213.405,163.534,1224.1,-217.509,165.805,1232.24,-212.879,166.639,1216.36,-220.515,160.65,1248.04,-212.155,161.634,1201.13,-216.383,143.474,1229.23,-195.211,151.658,1210.29,-229.413,122.792,1244.46,-183.752,163.943,1196.07,-231.143,141.097,1256.46,-192.653,176.605,1210.22,-207.858,98.7258,1222.93,-182.558,101.77,1207.62,-211.265,62.8089,1221.61,-184.942,62.8622,1205.66,-221.321,26.2451,1228.89,-193.557,19.6269,1265.86,-206.818,147.122,1260.45,-205.962,140.238,1276.18,-205.163,135.505,1320.21,-215.384,129.381,0,0,0
003753:1221.83,-211.702,164.297,1221.31,-216.576,165.851,1228.93,-211.666,167.022,1230.98,-223.718,157.76,1262.71,-215.289,158.92,1205.32,-216.283,143.009,1230.9,-195.15,151.152,1210.29,-229.413,122.792,1238.74,-183.997,164.777,1177.24,-225.037,147.951,1260.01,-193.515,177.48,1212.28,-208.773,98.996,1226.06,-183.408,101.1,1197.61,-208.921,65.0405,1230.82,-188.08,60.8896,1211.35,-222.846,24.7633,1232.56,-194.474,21.8379,1267.1,-204.079,148.507,1255.54,-204.089,143.559,1284.95,-204.906,133.972,1297.12,-208.335,137.973,0,0,0
003754:1233.3,-214.971,161.271,1233.65,-219.471,162.759,1235.91,-214.395,164.329,1233.76,-223.416,156.658,1250.45,-213.613,159.503,1206.6,-216.254,142.128,1224.11,-195.719,151.91,1206.65,-229.471,122.986,1246.6,-183.683,168.397,1177.19,-225.038,147.797,1261.21,-194.135,178.595,1209.93,-208.839,99.506,1226.06,-183.408,101.1,1210.43,-211.838,62.78,1222.05,-185.595,63.3184,1213.49,-226.623,22.5348,1231.35,-195.048,19.7084,1264.9,-201.447,151.859,1246.81,-201.681,148.193,1282.28,-203.616,137.265,1290.77,-207.822,138.562,0,0,0
003755:1205.66,-211.369,165.242,1207.86,-215.7,166.844,1215.79,-211.683,166.452,1226.85,-222.644,158.617,1255.59,-216.419,157.072,1205.95,-216.91,142.046,1232.12,-195.432,151.27,1206.6,-229.473,122.828,1247.41,-183.64,166.617,1179.9,-225.952,146.458,1264.58,-195.008,178.542,1210.95,-209.135,99.2848,1226.06,-183.408,101.1,1197.42,-211.09,66.2524,1232.47,-188.344,58.6568,1222.52,-225.931,22.8672,1220.53,-191.569,23.253,1265.89,-201.416,151.825,1246.89,-201.01,149.371,1294.54,-202.905,140.678,1292.03,-205.727,138.885,0,0,0
003756:1210.72,-211.122,163.369,1209.73,-215.514,165.084,1218.12,-211.736,165.809,1221.24,-223.039,157.677,1260.62,-218.395,156.551,1203.24,-217.932,143.181,1222.37,-195.783,152.738,1209.67,-230.406,122.204,1250.08,-183.531,167.251,1182.81,-226.862,145.733,1261.05,-193.822,181.676,1209.53,-209.499,99.2244,1226.06,-183.408,101.1,1196.82,-210.394,65.2929,1231.25,-188.342,60.2974,1218.23,-228.311,21.5703,1231.4,-192.824,22.0561,1276.26,-200.068,151,1249.16,-199.597,148.987,1296.78,-202.838,141.145,1299.24,-203.454,142.005,0,0,0
003757:1212.83,-212.522,164.511,1212.54,-216.171,166.065,1220.18,-212.728,166.558,1223.76,-222.254,158.005,1258.04,-218.632,157.159,1207.07,-219.127,141.398,1212.91,-196.126,154.727,1210.69,-230.718,121.995,1246.47,-183.686,167.873,1182.81,-226.862,145.733,1249.71,-190.632,184.75,1209.34,-209.829,99.0837,1217.67,-183.771,102.345,1211.79,-212.675,61.2168,1229.26,-189.723,61.1361,1224.3,-229.305,19.8635,1229.18,-195.347,23.9018,1278.05,-199.67,150.681,1251.46,-198.52,151.865,1304.75,-202.599,143.529,1319.94,-202.838,144.795,0,0,0
003758:1221.17,-217.731,161.778,1226.45,-222.447,163.138,1223.3,-215.935,164.529,1236.53,-225.98,157.122,1232.79,-211.684,161.453,1212.26,-219.01,142.648,1227.82,-195.589,152.736,1210.69,-230.718,121.995,1248.36,-184.944,167.547,1182.81,-226.862,145.733,1249.71,-190.632,184.75,1210.35,-210.126,98.8623,1209.49,-184.128,104.098,1213.43,-216.55,62.3609,1222.7,-185.475,59.521,1231.58,-230.957,20.4544,1225.51,-192.982,17.7367,1277.95,-197.304,157.383,1289.88,-197.563,144.445,1315.03,-199.86,147.964,1302.53,-199.571,152.228,0,0,0
003759:1224.94,-217.885,161.702,1228.65,-222.676,163.239,1225.84,-215.889,164.631,1233.04,-226.191,157.719,1229.16,-211.324,162.134,1206.41,-219.139,143.087,1223.56,-195.742,152.944,1209.47,-230.736,122.06,1239.27,-183.443,169.073,1182.81,-226.862,145.733,1249.71,-190.632,184.75,1210.35,-210.126,98.8623,1209.49,-184.128,104.098,1212.58,-216.768,61.868,1219.72,-185.12,59.9637,1229.62,-231.975,20.2996,1219.53,-192.306,19.4865,1293.18,-195.416,156.048,1278.71,-197.957,156.834,1308.4,-196.959,151.084,1321.1,-198.982,155.58,0,0,0
003760:1224.19,-217.808,161.803,1226.72,-222.311,163.546,1226.82,-216.021,164.331,1231.34,-225.699,158.028,1234.5,-212.009,161.009,1207.92,-219.105,143.281,1235.02,-198.271,151.143,1198.58,-230.903,122.645,1239.85,-183.42,169.683,1182.81,-226.862,145.733,1257.62,-190.33,184.465,1213.41,-211.017,98.1966,1220.25,-186.286,102.495,1205.39,-217.296,64.453,1215.39,-185.06,61.95,1232.84,-233.223,19.9609,1222.92,-192.596,19.3658,1285.96,-195.69,167.703,1286.79,-197.688,156.83,1326.21,-200.207,148.851,1319.49,-198.343,158.936,0,0,0
003761:1208.55,-214.219,164.802,1210.81,-218.342,166.387,1217.92,-214.552,166.066,1226.39,-224.547,158.786,1258.61,-220.057,156.36,1207.88,-219.428,142.813,1232.46,-198.685,151.884,1200.55,-231.525,122.073,1241.83,-185.632,169.57,1182.81,-226.862,145.733,1257.04,-190.35,183.884,1214.44,-211.315,97.9741,1222.32,-186.856,102.051,1199.61,-215.268,64.9458,1233.98,-188.881,57.3301,1234.85,-235.549,18.721,1222.18,-191.536,21.6808,1290.35,-195.542,169.008,1300.01,-200.691,157.808,1321.04,-199.337,158.5,1326.42,-199.868,162.227,0,0,0
003762:1203.22,-212.63,165.177,1199.06,-214.992,168.391,1219.71,-215.088,164.587,1198.06,-217.048,163.574,1267.58,-223.291,152.482,1207.63,-220.074,142.824,1228.89,-198.808,152.875,1201.76,-231.507,122.008,1238.48,-186.758,171.18,1182.81,-226.862,145.733,1251.05,-190.584,185.398,1212.86,-212.007,97.9489,1222.32,-186.856,102.051,1204.22,-216.606,63.9073,1228.03,-186.04,57.7979,1221.68,-234.7,21.2216,1241.84,-196.89,13.5133,1293.89,-196.116,172.776,1299.15,-200.723,162.168,1320.76,-197.617,164.591,1318.69,-198.384,167.598,0,0,0
003763:1235.13,-220.385,159.668,1237.81,-225.155,160.698,1237.6,-218.774,162.415,1242.25,-229.285,153.985,1239.31,-214.433,159.747,1209.99,-220.346,141.646,1226.98,-198.871,152.423,1187.87,-227.067,126.714,1234.25,-186.932,171.759,1185.29,-227.408,147.379,1259.23,-190.933,185.711,1214.58,-212.938,96.8378,1222.32,-186.856,102.051,1216.77,-222.229,58.6403,1218.4,-184.964,59.2869,1227.44,-235.784,20.0551,1216.89,-189.57,21.7919,1279.27,-193.831,180.2,1296.63,-197.231,171.233,1312.06,-196.708,167.786,1296.6,-191.862,179.456,0,0,0
003764:1230.64,-221.627,158.557,1234.98,-226.235,159.225,1231.73,-219.837,161.586,1243.71,-230.109,152.52,1232.25,-214.62,159.963,1210.71,-220.331,141.542,1223.7,-198.983,152.865,1191.95,-227.56,126.016,1229.45,-187.131,172.729,1189.4,-229.046,142.875,1258.48,-190.963,186.312,1216.63,-213.536,96.3907,1223.36,-187.142,101.828,1214.68,-221.275,60.519,1222.77,-185.529,58.5928,1233.13,-237.872,18.3545,1225.78,-192.263,17.9749,1277.79,-193.889,182.292,1296.26,-197.929,176.158,1312.14,-197.409,177.259,1287.4,-189.89,189.496,0,0,0
003765:1226.69,-220.231,159.904,1228.97,-224.727,161.057,1228.77,-218.623,162.561,1239.99,-229.848,153.883,1235.26,-214.964,159.528,1208.07,-220.388,141.505,1225.23,-198.93,152.462,1194.44,-228.311,125.533,1230.02,-187.106,172.325,1194.79,-231.081,141.577,1258.84,-190.951,186.739,1218.68,-214.136,95.9426,1223.36,-187.142,101.828,1216.11,-222.965,60.5682,1223.86,-185.389,57.2489,1231.31,-236.701,20.0483,1233.11,-193.448,16.2688,1276.31,-193.629,187.975,1296.03,-199.291,180.777,1289.06,-195.19,191.316,1287.72,-190.563,193.158,1228.08,-192.158,259.714
003766:1223.66,-220.768,159.275,1225.08,-224.966,160.803,1225.92,-219.039,161.929,1236.85,-230.045,154.066,1235.55,-215.459,158.479,1211.1,-221.286,141.585,1242.97,-203.904,150.152,1196.26,-229.225,121.376,1235.38,-186.892,173.079,1195.57,-231.473,139.751,1248.31,-191.356,189.178,1219.39,-215.097,95.7874,1225.44,-187.713,101.383,1220.9,-225.259,60.0831,1210.29,-183.923,60.3918,1242.29,-240.848,16.8263,1233.22,-192.772,17.2274,1278.37,-194.574,193.501,1295.54,-202.673,185.077,1301.36,-199.154,195.878,1274.52,-191.08,199.4,1227.53,-192.169,257.773
003767:1224.33,-220.29,157.874,1226.41,-224.824,159.474,1228,-219.136,160.567,1236.96,-230.18,153.998,1237.78,-216.127,158.224,1211.92,-222.232,141.586,1244.14,-204.524,149.623,1199.85,-230.229,121.453,1237.74,-186.787,170.877,1196.61,-231.46,138.99,1243.38,-188.603,189.106,1220.42,-215.398,95.5628,1226.49,-188,101.159,1225.69,-225.001,57.5042,1218.88,-184.931,58.9089,1236.54,-239.489,17.2931,1230,-191.639,17.2548,1269.6,-193.581,199.451,1289.29,-200.869,190.614,1278.74,-196.913,202.209,1281.97,-191.502,206.819,1231,-193.303,255.386
003768:1221.43,-220.232,157.742,1225.38,-224.981,158.882,1226.7,-219.458,160.018,1238.48,-230.811,152.908,1239.31,-216.954,157.154,1209.09,-222.292,141.369,1241.46,-204.604,149.611,1199.99,-230.223,121.916,1235.14,-187.549,171.639,1196.08,-231.48,137.302,1244.47,-188.567,190.846,1220.42,-215.398,95.5628,1229.62,-188.861,100.488,1222.9,-224.826,58.5639,1215.43,-184.587,60.2155,1234.66,-239.477,19.3434,1224.53,-190.836,19.0273,1259.38,-193.968,205.043,1275.59,-200.992,203.452,1290.5,-199.876,210.66,1277.02,-191.716,213.702,1230.25,-193.317,252.826
003769:1217.49,-219.457,157.808,1212.85,-221.51,161.476,1228.16,-220.273,158.547,1214.16,-223.336,158.502,1267.06,-225.187,149.644,1210.4,-222.269,140.387,1245.83,-205.786,148.509,1202.56,-231.18,119.688,1236,-187.841,171.751,1189.05,-229.682,135.512,1241.62,-188.68,191.007,1223.37,-216.31,94.4139,1229.62,-188.861,100.488,1241.09,-231.386,52.1015,1207.91,-182.316,62.2922,1240.07,-242.498,19.2738,1233.6,-191.702,17.6523,1261.86,-193.306,210.738,1282.84,-204.691,206.622,1302.57,-201.068,216.35,1275.88,-193.181,221.061,1229.49,-193.331,250.265
003770:1218.03,-219.898,160.241,1219.26,-223.677,162.152,1225.71,-220.005,161.51,1225.99,-226.878,156.707,1251.02,-220.969,155.141,1209.64,-222.284,140.466,1249.09,-207.006,147.286,1211.56,-233.644,120.692,1232.85,-187.974,173.424,1191.29,-229.648,135.058,1242.61,-188.315,191.16,1214.83,-216.512,95.3727,1229.62,-188.861,100.488,1224.49,-224.253,58.6101,1219.8,-184.144,59.2285,1228.38,-238.907,21.9464,1218.37,-189.237,22.311,1263.38,-195.61,215.754,1276.62,-204.548,213.549,1295.6,-201.641,223.463,1279.34,-193.08,226.015,1233.68,-193.167,248.409
003771:1224.08,-223.085,154.351,1226.95,-227.423,156.344,1227.27,-221.416,157.353,1235.41,-231.097,152.347,1234.84,-216.526,156.673,1212.21,-224.166,138.259,1246.45,-207.082,146.996,1203.68,-231.487,119.793,1231.58,-188.998,172.57,1195.11,-229.583,135.829,1230.62,-186.198,192.017,1208.69,-216.658,95.6151,1219.87,-189.579,102.024,1218.84,-225.767,59.6524,1210.24,-183.886,60.9659,1243.77,-243.867,15.753,1213.87,-188.351,21.0691,1258.53,-194.472,220.91,1260.43,-204.053,223.429,1271.77,-200.404,233.391,1263.77,-189.673,232.59,1232.93,-193.182,245.841
003772:1228.72,-223.152,154.857,1231.13,-227.197,156.732,1232.3,-221.775,157.498,1237.21,-230.709,152.371,1239.24,-217.762,155.936,1213.6,-224.783,138.148,1249.05,-207.995,145.805,1203.68,-231.487,119.793,1238.72,-188.713,171.693,1192.3,-229.627,136.388,1232.76,-186.108,191.738,1210.72,-217.259,95.1685,1219.87,-189.579,102.024,1220.53,-226.49,58.6113,1213.65,-184.755,60.9092,1240.57,-244.934,14.6581,1215.29,-187.424,19.2118,1251.52,-194.73,223.699,1252.15,-203.328,229.65,1267.42,-200.56,238.758,1266.17,-190.598,236.112,1232.18,-193.196,243.273
003773:1225.42,-223.926,152.937,1229.64,-227.987,154.391,1228.83,-222.778,155.495,1237.71,-231.166,149.778,1237.03,-219.088,153.722,1219.85,-227.048,136.306,1253.52,-210.505,144.629,1204.29,-232.78,119.834,1233.62,-188.91,170.688,1181.6,-229.789,139.652,1234.14,-186.042,189.462,1210.62,-217.263,94.8552,1230.13,-192.467,99.3162,1231.47,-230.101,55.7396,1209.77,-183.181,61.4992,1236.6,-245.157,17.0131,1215.15,-186.777,20.417,1235.3,-192.376,227.994,1252.75,-203.315,231.785,1254.55,-199.988,243.136,1252.67,-189.139,239.154,1235.68,-194.34,240.839
003774:1226.1,-223.686,152.984,1228.16,-227.839,154.89,1229.1,-222.19,155.711,1233.8,-231.535,150.641,1236.33,-218.132,154.105,1218.98,-227.386,135.87,1253.98,-210.493,144.942,1206.16,-233.344,119.48,1233.4,-188.917,170.289,1195.65,-229.898,136.405,1235.43,-185.992,190.241,1211.45,-217.572,94.0041,1229.85,-192.476,98.3126,1229.69,-229.313,56.5008,1209.4,-182.73,62.3829,1247.19,-247.122,13.8485,1213.88,-186.489,20.9509,1234.04,-192.446,229.803,1233.8,-203.016,237.508,1252.39,-201.149,248.236,1242.95,-188.214,244.713,1234.93,-194.355,238.265
003775:1225.12,-221.591,160.103,1228.46,-225.393,160.871,1226.39,-220.268,162.608,1233.31,-231.803,153.848,1235.15,-220.09,159.019,1219.86,-229.513,136.474,1232.83,-207.16,148.489,1195.97,-231.254,122.133,1231.06,-190.328,170.087,1195.08,-231.187,135.75,1228.68,-186.612,190.183,1218.96,-216.756,94.6021,1219.48,-194.526,99.3901,1217.83,-228.752,54.1821,1216.09,-185.405,56.043,1240.42,-245.979,15.6261,1225.02,-186.34,16.8402,1219.37,-184.491,203.691,1226.98,-189.337,203.819,1225.26,-184.266,207.425,1221.9,-180.542,207.287,1230.72,-194.515,240.154
003776:1225.12,-221.591,160.103,1228.46,-225.393,160.871,1230.49,-221.476,161.88,1233.31,-231.803,153.848,1235.15,-220.09,159.019,1223.94,-230.742,135.683,1232.83,-207.16,148.489,1200.14,-232.466,121.935,1230.49,-190.343,168.16,1194.92,-231.192,135.077,1224.21,-185.498,189.552,1218.96,-216.756,94.6021,1223.65,-195.682,98.4435,1221.97,-229.998,53.1761,1216.28,-185.396,56.6801,1235.76,-245.992,17.5406,1220.35,-186.535,18.074,1249.31,-188.523,212.994,1284.59,-199.115,213.28,1279.71,-192.696,221.409,1249.25,-182.055,220.323,1213.5,-193.885,243.738
003777:1225.12,-221.591,160.103,1232.56,-226.614,160.138,1230.49,-221.476,161.88,1233.31,-231.803,153.848,1234.78,-220.101,157.71,1219.1,-230.817,135.961,1236.79,-208.352,147.09,1203.75,-233.707,119.879,1229.81,-191.668,167.619,1198.49,-232.422,133.065,1228.27,-186.622,188.939,1218.08,-218.084,93.4028,1218.84,-195.857,98.8105,1221.97,-229.998,53.1761,1216.09,-185.405,56.043,1230.79,-246.022,18.0958,1225.19,-186.336,17.5359,1235.86,-189.066,217.086,1256.79,-198.722,219.403,1248.3,-191.26,229.292,1232.07,-181.532,226.258,1204.8,-194.216,245.508
003778:1228.84,-222.812,158.065,1232.4,-226.619,159.456,1230.32,-221.481,161.199,1228.46,-231.872,154.018,1234.78,-220.101,157.71,1223.17,-232.049,135.169,1231.95,-208.488,147.276,1203.78,-233.705,119.819,1224.68,-191.859,166.448,1198.49,-232.422,133.065,1223.34,-186.821,188.387,1218.08,-218.084,93.4028,1222.98,-197.019,97.9149,1217.28,-230.069,54.3155,1216.09,-185.405,56.043,1230.79,-246.022,18.0958,1220.96,-185.179,18.651,1205.89,-187.731,224.974,1208.56,-197.816,231.792,1205.38,-190.39,242.081,1206.77,-181.413,235.367,1188.47,-193.593,250.232
003779:1228.84,-222.812,158.065,1227.53,-226.704,159.668,1230.12,-221.486,160.575,1232.95,-231.814,152.539,1234.61,-220.106,157.028,1223.01,-232.054,134.486,1231.78,-208.493,146.594,1203.58,-233.713,119.2,1219.94,-192.039,166.577,1198.49,-232.422,133.065,1218.46,-187.018,187.788,1218.08,-218.084,93.4028,1222.62,-197.032,96.5984,1221.25,-231.323,52.6163,1215.93,-185.409,55.3565,1235,-247.326,16.989,1225.47,-184.983,16.7232,1209.98,-187.554,223.067,1213.33,-196.373,230.495,1209.9,-188.931,240.214,1211.26,-179.923,233.479,1180.23,-195.166,254.542
004190:137.6,-196.797,-0.864877
