000012:946.468,58.4717,153.125,947.989,54.3196,156.04,947.213,61.1856,155.924,955.183,49.2859,152.091,952.271,65.1814,153.146,957.863,45.0543,133.289,957.534,73.0727,133.289,961.689,33.773,112.483,950.424,80.9288,112.681,948.4,21.3583,105.192,918.543,80.7733,117.405,958.968,50.7133,87.5048,957.559,71.1805,86.456,966.296,43.8966,54.5528,957.368,78.7074,50.4975,994.561,42.3498,12.941,966.393,85.3567,11.8387,891.526,107.177,127.29,898.808,115.478,138.994,877.189,126.248,139.716,883.619,119.23,127.191,0,0,0
000013:950.951,59.5114,152.466,951.738,55.1193,155.496,950.91,62.0979,155.443,955.848,49.6587,151.982,952.982,65.7178,153.211,955.963,45.329,133.42,959.659,73.467,132.76,961.557,34.0277,112.29,957.082,82.2488,112.172,948.336,21.3775,104.658,921.638,82.1432,116.632,955.935,50.9041,87.8502,956.859,71.3002,86.2953,963.644,44.6444,55.3044,955.344,78.9285,50.9228,992.905,42.8656,13.049,967.12,85.3456,10.6462,891.752,107.173,128.126,891.522,116.285,140.73,877.189,126.248,139.716,877.966,119.858,128.885,0,0,0
000014:948.611,59.0968,152.893,948.879,54.8435,156.164,949.08,61.9895,155.832,953.95,49.9669,152.681,952.967,66.3764,153.304,956.234,46.0839,133.55,959.487,73.8318,132.6,960.721,34.6653,112.406,950.236,81.7817,112.502,948.849,21.4787,105.028,917.065,82.7418,117.488,958.371,51.118,86.6525,959.47,71.3064,84.9549,964.306,45.2518,53.8393,958.861,79.3573,48.7899,993.239,44.2306,12.1487,966.199,85.908,10.5423,896.268,111.887,127.704,895.984,117.531,140.112,870.995,127.759,142.084,884.378,121.736,127.288,0,0,0
000015:950.5,60.0869,153.044,950.232,55.7502,156.341,951.072,62.8962,155.936,953.318,50.5817,153.001,954.003,66.9965,153.4,955.796,46.5783,133.87,958.557,74.7116,132.96,960.522,35.7717,113.046,957.27,82.6312,110.943,947.889,22.163,105.478,921.65,83.9154,116.34,958.185,51.8209,86.9391,959.124,72.1923,85.2707,960.403,45.8694,54.7162,955.963,79.6865,49.6564,987.417,45.1334,13.0733,967.615,86.0207,9.82494,896.37,111.89,128.024,894.299,117.694,139.627,875.196,129.023,141.074,884.378,121.736,127.288,0,0,0
000016:946.236,58.9801,153.941,944.326,55.3286,157.555,947.245,61.989,156.789,949.794,51.1394,154.037,949.699,67.2017,154.305,955.943,46.5129,134.382,958.491,75.0927,133.178,960.469,35.2691,114.368,947.948,83.2321,114.01,944.553,22.5502,106.681,928.582,85.6897,114.605,959.264,51.8332,87.3039,960.96,72.2503,85.6004,956.524,47.0002,56.4089,955.454,80.1545,51.7258,986.772,47.574,12.8748,961.001,86.4863,13.2037,896.37,111.89,128.024,894.299,117.694,139.627,875.084,129.025,140.664,884.378,121.736,127.288,0,0,0
000017:946.445,60.9579,153.828,947.039,56.7069,156.912,948.074,63.8227,156.485,952.956,51.2253,153.212,952.942,67.7625,153.69,958.317,46.6568,133.111,953.599,75.4408,134.166,963.327,36.3816,112.214,945.904,82.7657,113.829,950.675,22.4797,104.264,911.7,87.9429,119.864,959.098,53.15,86.7215,954.373,73.779,86.6337,965.583,47.1603,53.1356,954.027,80.089,50.6173,993.486,48.4669,10.0904,965.715,86.4018,10.4346,896.37,111.89,128.024,887.906,119.262,141.752,870.938,129.458,142.1,880.064,122.198,128.364,0,0,0
000018:950.024,61.5455,152.766,949.538,57.2707,156.094,950.867,64.3447,155.554,952.182,51.6493,153.282,953.054,68.0744,153.516,955.56,46.9675,133.749,952.709,75.528,134.917,958.786,36.1878,113.807,942.456,81.9292,114.275,947.203,21.8763,105.113,912.648,87.7877,118.961,956.614,53.2932,88.4037,953.365,73.5969,88.1271,963.201,48.6049,55.5409,954.064,80.3778,52.1631,988.367,49.1925,13.2621,962.905,86.8577,12.4186,888.19,112.907,132.105,890.799,118.948,141.063,866.418,131.587,142.323,876.978,122.509,128.254,0,0,0
000019:948.013,61.5128,153.323,948.677,57.2611,156.439,950.083,64.3104,155.825,952.919,51.5618,153.293,954.334,67.8875,153.288,955.182,46.8934,133.969,951.637,75.0449,135.117,957.704,36.4026,114.12,949.427,83.5352,114.656,948.887,22.2875,104.778,916.541,87.2622,117.622,954.851,53.7974,88.6511,950.901,73.7441,88.6006,960.197,49.129,55.5478,951.956,80.5351,52.0304,989.974,50.2536,11.4747,964.051,87.1898,11.1418,884.704,113.303,132.96,897.319,120.833,139.513,876.771,134.778,139.39,876.978,122.509,128.254,0,0,0
000020:946.889,61.5124,154.077,947.125,57.405,157.235,948.571,64.5078,156.65,951.692,52.0138,153.895,953.04,68.6129,153.84,954.615,47.1782,134.305,953.571,76.3919,135.037,957.387,37.4858,114.626,942.4,81.9301,114.063,949.112,23.7823,105.762,914.796,88.4454,119.671,955.214,54.0762,89.4807,953.27,74.6446,89.1323,960.431,49.8601,56.1418,952.664,81.0404,53.8658,984.685,51.4832,12.8268,964.101,87.1287,12.9913,884.704,113.303,132.96,896.657,121.779,139.957,873.832,135.054,139.819,881.083,125.485,126.79,0,0,0
000021:943.965,61.7858,154.401,944.751,57.6619,157.493,945.333,64.8131,157.11,951.143,52.0979,153.892,950.799,68.9599,154.247,955.741,47.2822,133.849,952.769,76.7766,135.272,958.604,38.0676,113.862,942.4,81.9301,114.063,947.899,23.3762,105.426,914.796,88.4454,119.671,953.197,54.1505,89.4161,950.303,74.6824,89.5023,958.037,51.0995,55.5167,950.041,80.8346,53.9543,979.447,53.5595,12.5816,964.51,86.5272,11.9246,889.044,114.529,132.097,893.16,123.034,141.358,877.398,137.261,139.396,882.62,126.261,129.623,0,0,0
000022:941.505,61.9172,154.49,942.497,57.7911,157.49,943.446,64.7969,157.061,950.24,52.4773,153.578,950.363,68.8982,153.998,955.383,47.5763,133.576,953.068,77.3188,134.942,959.267,38.0582,113.471,942.4,81.9301,114.063,948.199,23.9191,105.243,914.796,88.4454,119.671,953.54,54.7633,88.8111,951.387,75.3419,88.6398,957.202,51.2334,55.8864,950.996,81.394,52.9922,982.134,54.4116,12.421,964.639,87.025,11.1646,889.044,114.529,132.097,891.705,123.188,141.704,875.63,136.609,141.131,886.158,128.468,128.748,0,0,0
000023:942.961,62.2706,154.452,943.672,58.1244,157.525,944.701,65.2324,157.1,950.171,52.804,153.985,950.599,69.4345,154.39,953.733,47.9544,134.052,952.584,77.9126,135.991,956.406,38.3816,114.535,933.67,82.9995,114.483,944.567,23.8015,106.184,914.796,88.4454,119.671,951.669,55.5121,89.3553,949.775,76.1024,89.4837,955.179,52.0862,56.2551,950.952,81.0991,53.4158,982.173,56.0054,12.462,965.09,87.2754,11.9276,886.272,116.547,132.434,893.757,123.823,140.775,875.517,136.611,140.722,886.158,128.468,128.748,0,0,0
000024:947.13,63.0402,152.961,946.675,58.7489,156.26,947.627,66.0041,156.028,949.456,53.1169,153.24,949.581,70.0688,154.012,952.902,48.3774,133.909,947.637,77.7125,136.049,952.576,38.0113,115.256,931.321,83.3098,115.07,944.848,24.6741,106.458,915.991,88.7231,119.859,953.245,56.266,88.4174,947.593,76.2894,89.4593,953.561,51.1235,56.0278,948.001,81.0711,54.7565,976.412,55.9253,13.731,956.909,85.3965,15.637,882.891,116.936,133.606,893.757,123.823,140.775,874.763,137.53,140.905,882.515,129.693,129.652,0,0,0
000025:944.095,63.3491,154.203,944.799,59.1575,157.313,944.712,66.3671,157.09,950.011,53.4934,153.889,947.757,70.3685,154.76,953.869,48.1038,133.882,949.118,78.7203,136.229,956.468,38.998,113.947,932.229,83.6861,116.081,943.525,24.3048,106.161,914.162,91.1883,119.832,952.639,55.715,89.0803,948.751,76.5726,89.6631,955.405,53.0559,55.5048,947.02,81.699,54.0959,978.357,58.3118,12.8676,966.258,87.0584,11.0588,885.038,117.558,133.081,881.882,124.255,145.039,869.076,138.074,142.276,883.983,131.267,129.574,0,0,0
000026:937.368,63.9157,155.14,938.216,59.7959,158.2,939.886,66.9495,157.625,946.524,54.2325,154.254,947.818,71.0457,154.39,953.548,48.8317,133.754,948.879,79.077,135.671,956.48,39.1618,114.276,936.781,84.8411,114.949,944.168,24.7824,106.289,914.162,91.1883,119.832,952.167,56.3766,88.6478,948.092,76.8996,89.2618,956.55,54.1411,55.2394,944.415,81.8507,55.2914,982.952,60.3446,11.1025,964.305,87.8258,12.1838,885.852,119.187,132.883,876.089,124.855,146.13,869.076,138.074,142.276,881.097,131.555,130.29,0,0,0
000027:942.254,64.5665,154.051,942.95,60.482,157.164,943.247,67.4631,156.86,948.275,54.9284,153.885,947.076,71.1049,154.542,952.814,49.1517,133.939,947.347,79.1493,136.282,955.723,39.8521,113.932,936.781,84.8411,114.949,945.261,25.5895,105.918,914.162,91.1883,119.832,951.626,56.879,88.8583,947.144,77.1842,89.6542,953.511,54.3787,55.5285,942.542,82.119,55.0337,978.157,61.2683,12.3514,961.83,87.2224,12.2012,882.369,119.566,133.737,889.589,127.723,142.779,884.473,143.416,138.57,879.658,131.699,130.646,0,0,0
000028:939.526,64.7532,154.943,940.953,60.7786,157.859,940.808,67.7883,157.687,947.89,55.3194,154.141,945.644,71.7547,155.034,951.701,49.3511,134.484,946.665,79.8933,136.775,954.359,39.9817,115.248,934.095,85.2339,116.519,944.394,25.0582,107.183,914.162,91.1883,119.832,949.009,56.7938,89.7336,944.48,77.3298,90.6728,953.569,54.9237,55.2405,942.161,81.8732,55.6582,978.091,62.8009,11.522,959.941,87.2933,13.5508,882.571,119.572,134.372,891.041,127.575,142.434,884.473,143.416,138.57,880.919,133.27,129.896,0,0,0
000029:938.962,64.6006,154.218,940.424,60.7769,157.18,940.235,67.7016,157.064,947.148,55.802,153.886,945.108,72.0814,154.805,952.535,50.2266,134.18,944.864,80.2948,137.274,955.547,40.3418,114.699,933.506,85.3106,116.665,944.921,25.5161,106.576,914.162,91.1883,119.832,952.592,58.09,88.712,945.971,78.2017,90.3088,954.017,55.0575,54.7942,937.035,81.1875,57.1911,980.227,63.5955,10.5337,957.304,87.1976,14.5573,889.065,121.442,132.642,888.112,131.309,143.417,884.473,143.416,138.57,875.178,133.835,131.32,0,0,0
000030:938.73,65.8783,154.738,939.907,61.9286,157.755,939.955,68.8542,157.462,945.766,56.6622,154.402,944.015,72.7058,155.05,950.729,50.6547,134.63,944.405,80.9609,136.788,957.751,40.8613,114.074,927.858,87.3085,117.28,946.443,26.213,105.865,914.162,91.1883,119.832,951.41,58.2126,89.1502,946.302,78.3551,90.0204,955.572,56.3989,55.1948,942.417,82.6954,55.4775,979.453,64.2107,11.7116,956.965,87.2258,14.0458,881.835,122.194,133.87,893.459,130.711,140.599,878.693,143.938,139.963,875.178,133.835,131.32,0,0,0
000031:942.288,67.0707,152.785,942.712,62.9945,155.962,942.834,69.7666,155.786,946.309,56.9643,153.449,944.922,72.7169,154.345,950.425,50.6124,134.308,945.678,80.5776,136.619,955.296,40.9742,114.234,928.475,87.2339,117.239,944.927,25.941,105.846,906.754,92.1355,121.68,952.051,58.8195,89.0701,947.692,78.7358,90.1792,957.332,56.6579,54.4914,941.455,82.9973,56.6424,976.201,64.7401,11.514,955.932,87.7967,14.7572,875.122,122.939,136.197,879.326,132.159,145.09,878.693,143.938,139.963,873.75,133.976,131.675,0,0,0
000032:938.464,66.967,154.055,939.576,63.0825,157.065,940.032,69.8566,156.822,944.753,57.3741,154.058,943.902,73.2356,154.754,948.482,50.8215,134.758,944.236,80.8895,136.925,955.063,40.6579,114.667,928.475,87.2339,117.239,943.196,25.986,106.441,935.883,101.076,117.292,950.316,58.78,89.013,946.181,78.7259,90.1656,954.688,57.1651,54.2177,939.509,82.7558,56.7064,979.992,65.895,10.1642,955.126,88.5965,15.8181,875.122,122.939,136.197,881.445,132.799,144.588,880.804,144.595,139.455,873.75,133.976,131.675,0,0,0
000033:932.035,68.0844,155.32,933.533,64.3123,158.21,934.252,70.813,157.861,940.774,58.5092,154.804,940.565,73.7987,155.283,947.146,51.5513,135.188,940.941,81.3713,137.703,951.205,40.9764,115.655,933.629,87.4209,115.523,940.794,26.1996,106.741,933.679,101.362,118.401,951.378,59.3365,88.6077,945.285,78.8766,90.185,957.159,58.0903,53.0322,934.311,81.54,57.5041,981.352,67.671,9.44981,953.315,88.0512,15.7042,879.698,124.188,136.398,884.454,134.227,144.598,872.741,146.152,140.966,866.492,136.366,133.197,0,0,0
000034:931.671,68.0459,154.529,933.542,64.2524,157.328,934.416,70.848,157.009,942.198,58.5516,153.705,942.255,74.0853,154.269,949.274,51.8319,134.01,941.935,81.4845,137.214,952.555,40.9981,115.093,934.765,87.7122,115.24,941.654,26.2171,106.665,906.438,93.726,122.656,950.35,59.8101,89.3654,943.888,79.164,91.3671,956.685,59.0463,52.8334,935.874,82.5042,57.4583,977.577,67.9583,9.53947,952.986,88.9121,15.8273,885.994,126.086,134.425,885.827,135.799,144.275,872.741,146.152,140.966,868.573,137.008,132.681,0,0,0
000035:933.31,68.3203,154.514,935.973,64.6985,157.012,936.637,71.185,157.059,943.092,59.1232,153.373,945.933,74.9448,153.958,952.02,53.3552,132.876,939.595,81.471,137.933,950.616,41.3468,115.168,935.903,88.0038,114.957,939.803,26.1297,106.331,934.928,101.185,117.428,949.553,61.0589,88.6361,939.636,79.378,91.8679,959.623,60.2574,50.4627,930.421,82.2968,58.4291,976.631,67.6514,8.4007,954.921,90.0921,14.3089,880.563,126.622,135.065,890.108,137.098,143.263,872.517,147.849,140.587,868.573,137.008,132.681,0,0,0
000036:936.516,68.7317,153.23,937.757,64.9902,156.222,939.349,71.731,155.704,942.175,59.3487,153.502,945.268,75.2494,153.262,945.856,52.2724,134.42,942.656,82.8558,136.845,950.416,41.5265,114.524,935.903,88.0038,114.957,937.028,25.753,106.64,934.928,101.185,117.428,945.802,60.5149,89.6663,942.087,80.456,90.9977,954.705,59.6255,51.8941,936.209,83.8762,55.9526,976.244,68.908,8.93383,953.161,88.8279,14.9827,878.93,126.804,135.806,890.108,137.098,143.263,871.857,148.756,141.182,868.573,137.008,132.681,0,0,0
000037:934.521,69.3415,153.691,937.308,65.5108,156.211,936.315,72.1701,156.36,942.27,59.7407,152.682,939.914,75.264,153.878,943.539,52.9569,133.915,938.775,82.6343,136.515,945.482,41.1375,114.679,936.872,88.7811,115.615,938.378,26.7623,106.115,934.928,101.185,117.428,946.354,61.4713,88.1735,941.111,80.5137,89.7276,951.46,60.1829,51.9229,934.796,84.4117,55.4636,976.328,69.0992,8.2702,947.07,87.7499,15.7241,878.93,126.804,135.806,885.75,137.511,144.295,869.091,149.006,142.131,868.573,137.008,132.681,0,0,0
000038:931.733,69.4387,154.471,934.979,65.7423,156.788,933.678,72.2667,157.135,942.16,60.1428,152.491,939.017,75.4679,154.059,944.887,53.3068,133.392,938.944,82.5282,136.425,945.89,41.4102,114.592,929.968,89.1999,116.862,939.805,27.1659,105.911,934.928,101.185,117.428,946.548,61.5391,89.1403,940.774,80.1205,91.1478,951.383,60.8995,51.5705,934.419,83.8036,56.5469,976.518,70.1343,6.76384,949.98,88.4503,15.6397,871.934,127.516,137.174,884.303,137.649,144.637,869.091,149.006,142.131,866.991,137.14,132.511,0,0,0
000039:930.178,69.9617,154.214,933.096,66.2174,156.627,932.806,72.7479,156.779,940.027,60.4595,152.69,939.168,75.9245,153.858,943.055,53.7141,133.83,937.728,83.2487,137.087,943.191,42.5021,115.119,922.255,87.3895,116.13,937.505,27.3596,106.413,933.391,101.367,117.809,946.782,62.1722,89.1123,941.043,81.1298,91.1881,950.859,61.0917,51.98,934.507,85.1649,56.8463,975.763,70.4154,7.23497,943.915,88.7587,17.8031,876.318,129.591,135.325,882.607,137.778,144.19,869.091,149.006,142.131,866.572,138.825,131.49,0,0,0
000040:931.389,70.8034,153.999,934.359,66.9498,156.316,933.927,73.6133,156.404,939.204,60.6766,153.027,939.868,76.6949,153.685,940.597,53.6943,134.417,938.164,83.7725,137.1,945.601,42.8681,114.971,927.295,89.4412,115.267,938.848,27.7812,106.644,930.327,101.73,118.566,948.435,63.0381,88.8252,945.007,82.3176,90.4266,950.881,62.2534,52.6421,932.813,84.6043,57.1999,972.636,70.2533,9.04679,956.844,90.383,13.1799,876.318,129.591,135.325,885.701,140.003,142.014,871.708,150.453,141.067,865.048,138.961,131.436,0,0,0
000041:927.357,70.8505,154.532,929.712,67.3023,157.023,930.599,73.6356,157.061,936.901,61.504,152.976,935.872,77.0238,154.007,940.119,54.4926,134.149,941.453,82.8697,135.633,949.493,41.5772,113.364,927.295,89.4412,115.267,930.561,28.9345,106.997,930.327,101.73,118.566,941.273,62.232,90.7327,939.757,80.3068,92.0348,938.19,63.2897,54.3913,932.106,84.4958,57.5657,978.549,70.8628,4.7624,944.174,89.4773,18.0565,878.322,130.229,134.397,876.289,141.722,144.259,875.687,151.782,139.39,873.166,141.559,128.534,0,0,0
000042:926.191,71.4543,154.52,927.716,67.9084,157.269,930.024,74.3254,156.901,933.863,62.005,153.676,936.424,77.8008,153.7,939.61,55.014,134.241,940.511,83.5674,135.894,949.049,42.6424,112.683,913.685,91.1684,118.384,931.742,29.6735,106.454,930.327,101.73,118.566,941.298,62.537,89.9685,940.235,80.7624,91.1452,937.088,64.1005,54.8307,932.732,85.4227,57.3613,977.713,70.9764,4.97492,945.384,89.7675,17.4499,871.421,130.926,136.09,874.83,141.858,144.453,866.781,152.495,140.421,873.166,141.559,128.534,0,0,0
000043:925.295,71.3486,154.099,926.459,67.8066,156.73,929.188,74.2621,156.311,932.035,62.043,153.411,936.309,78.0616,153.15,937.446,55.3457,134.044,942.914,84.3601,135.156,949.72,43.7134,112.402,913.685,91.1684,118.384,930.645,29.7674,106.84,930.327,101.73,118.566,946.102,64.4576,88.1962,947.693,83.1041,89.0065,939.315,65.2966,53.8935,930.582,85.6615,57.5407,972.861,71.2578,6.96822,948.031,92.3301,16.6972,871.421,130.926,136.09,874.83,141.858,144.453,866.781,152.495,140.421,870.311,141.823,129.25,0,0,0
000044:927.995,72.1463,153.338,929.158,68.7036,156.092,930.996,75.0415,155.809,934.711,63.0303,152.411,936.074,78.4224,152.623,938.206,55.6682,133.53,942.739,84.4366,134.394,943.828,43.0487,113.524,913.685,91.1684,118.384,929.522,29.7824,106.479,930.327,101.73,118.566,945.118,63.9732,87.759,946.388,82.4823,88.3736,936.731,64.4275,53.4936,934.037,86.635,55.6287,975.15,71.7919,4.90361,938.347,90.8189,19.0738,873.409,131.564,135.166,881.144,143.821,142.95,865.727,153.395,139.684,870.311,141.823,129.25,0,0,0
000045:928.737,72.8239,152.286,929.722,69.3815,154.902,930.964,75.5545,154.749,934.328,63.5521,151.876,935.201,78.9673,152.269,937.906,55.9125,133.597,943.009,85.352,134.776,945.896,43.2135,113.569,919.489,92.6496,117.576,926.813,29.7451,107.608,918.201,103.166,121.566,946.82,64.8469,88.1328,947.578,83.7323,89.0756,939.515,65.6623,54.4656,928.131,86.7635,58.1715,976.833,71.9788,6.48338,944.865,93.3101,17.2315,877.626,132.843,134.132,876.577,144.203,143.193,868.435,154.844,139.025,862.385,143.385,130.956,0,0,0
000046:925.528,73.0607,152.247,926.658,69.6774,155.035,928.633,75.9604,154.643,931.829,63.8642,152.109,935.074,79.7065,151.667,937.927,56.7938,132.767,942.663,85.7693,133.075,948.083,44.5462,112.007,913.685,91.1684,118.384,930.608,30.4343,106.509,918.201,103.166,121.566,942.709,64.1052,87.6871,943.044,82.4611,88.4364,943.491,67.219,51.368,932.095,87.518,55.7034,977.83,72.7301,4.09458,941.039,92.0229,18.4672,879.744,133.485,133.612,869.443,144.847,144.899,865.508,155.076,139.457,865.981,145.594,130.925,0,0,0
000047:922.993,72.7934,152.893,924.843,69.4235,155.37,926.84,75.8301,155.096,931.763,64.0538,151.974,933.952,80.1763,152.084,937.094,56.982,133.342,939.457,86.7793,134.571,946.185,43.9571,113.376,913.685,91.1684,118.384,924.725,30.1867,107.849,922.758,104.402,120.44,944.949,65.5685,88.2992,943.263,84.5225,89.6348,938.859,66.9161,54.4838,921.802,87.2643,60.1979,976.165,72.8272,6.07674,940.366,93.4971,18.7753,881.486,133.313,133.184,867.913,144.976,144.832,864.007,155.191,139.542,860.333,146.101,132.338,0,0,0
000048:927.329,73.4167,151.502,929.26,70.1026,153.986,930.096,76.4771,153.899,934.22,64.6018,151.071,933.783,80.6115,151.594,937.417,57.194,133.102,937.959,86.6424,135.111,948.087,44.4342,113.119,918.579,92.3596,118.528,927.146,30.3507,106.747,922.758,104.402,120.44,941.462,65.3111,89.9627,938.727,84.1053,91.7871,937.675,66.7656,55.6976,920.197,87.7369,61.7801,973.38,72.3493,7.09332,937.839,93.9575,20.024,872.82,134.165,135.313,868.456,145.759,144.27,866.065,155.857,139.04,870.341,149.394,128.53,0,0,0
000049:921.271,73.3566,152.95,923.064,70.0994,155.41,925.267,76.5153,154.984,930.374,64.9968,151.627,932.894,81.0624,151.378,935.494,57.8046,132.824,938.728,87.482,133.715,945.834,44.8605,112.887,917.149,93.3381,116.192,930.63,31.1962,105.987,925.048,105.023,119.874,940.343,65.959,88.3383,938.724,84.7791,89.6434,937.18,67.529,54.2195,917.268,88.2021,60.7495,975.063,72.825,5.74797,933.194,94.1924,20.4327,872.108,136.765,135.054,868.456,145.759,144.27,859.481,158.891,140.65,870.341,149.394,128.53,0,0,0
000050:925.651,73.938,150.146,927.805,70.5875,152.75,928.605,76.9532,152.619,932.453,64.947,150.014,933.154,81.0816,150.195,933.231,58.2215,132.189,937.67,87.4548,132.621,942.971,45.8743,112.352,921.835,94.5428,115.472,931.962,31.4548,105.763,917.492,105.902,121.743,936.446,65.731,88.1938,936.039,84.3721,89.1517,939.718,68.8241,52.4021,925.561,90.8806,57.5251,974.646,73.0328,5.0333,933.769,94.9806,20.6153,871.997,136.767,134.646,868.456,145.759,144.27,863.456,160.234,139.25,867.488,149.641,129.247,0,0,0
000051:927.971,76.1369,149.913,928.96,72.4814,152.701,930.46,78.9642,152.5,931.467,65.9565,150.093,933.496,82.14,150.227,932.546,58.9133,131.808,937.894,87.7691,132.656,941.624,46.2073,112.485,914.163,95.4722,116.819,931.58,31.3865,105.015,917.492,105.902,121.743,937.949,66.732,87.3382,937.753,85.0873,88.6266,940.216,69.336,51.7891,925.455,91.2187,57.7909,974.893,72.9337,4.35155,931.792,95.0658,21.5745,878.207,138.705,132.776,874.59,147.731,142.367,862.04,160.345,139.596,867.488,149.641,129.247,0,0,0
000052:927.07,75.9377,149.008,928.453,72.3603,151.741,929.356,78.7832,151.677,932.077,66.2193,149.136,932.576,82.4397,149.566,934.473,59.2509,131.004,938.858,88.3873,131.54,944.045,45.7058,111.792,914.278,95.4704,117.246,932.257,31.0399,104.713,917.492,105.902,121.743,937.696,66.5435,87.4649,936.974,85.0674,88.6333,936.815,69.5885,53.509,920.681,91.2823,59.4665,970.958,72.8259,5.59219,929.621,95.1629,21.4378,878.207,138.705,132.776,872.016,150.451,142.143,862.04,160.345,139.596,871.537,150.969,127.795,0,0,0
000053:926.158,76.8678,148.592,927.79,73.501,151.144,928.295,79.5835,151.1,932.599,67.5028,148.442,930.816,82.8174,149.191,933.934,59.4505,131.147,936.781,88.8772,132.275,944.206,45.7675,111.897,914.278,95.4704,117.246,930.41,30.9744,104.975,917.492,105.902,121.743,940.386,67.4945,87.062,938.093,86.1797,88.6513,937.01,69.2243,54.8054,917.053,90.9635,61.4723,972.279,72.3793,7.0267,927.626,95.0536,22.5807,874.636,139.03,133.314,867.743,150.817,143.172,861.466,162.01,138.332,869.995,151.094,127.747,0,0,0
000054:924.748,77.6126,148.501,925.661,74.1096,151.224,926.511,80.284,151.167,929.647,67.8296,148.738,929.152,83.3349,149.345,933.335,60.3472,131.113,936.268,88.8371,132.214,946.2,47.0512,111.255,914.278,95.4704,117.246,934.934,31.944,103.962,917.492,105.902,121.743,942.03,68.44,86.3836,939.36,86.5959,88.0577,936.693,69.1954,53.8404,911.883,90.1127,61.921,977.134,73.6697,4.47547,926.561,96.4836,21.7243,874.636,139.03,133.314,869.814,151.479,142.674,865.887,164.152,136.102,865.553,151.453,128.3,0,0,0
000055:926.138,78.4499,147.747,926.431,74.6643,150.746,927.771,81.0888,150.532,928.649,67.9176,148.663,929.174,84.0346,148.988,932.783,60.534,130.666,933.641,89.5035,131.802,944.709,46.4756,111.279,923.403,97.8992,114.955,934.918,31.8955,103.524,917.492,105.902,121.743,937.588,67.93,87.1487,934.078,86.4581,88.9369,940.476,70.587,53.2378,919.202,93.5908,60.1321,975.459,73.517,4.50874,925.939,97.341,22.0729,867.123,142.264,135.171,864.586,152.742,143.222,865.931,164.938,133.947,868.863,153.682,127.336,0,0,0
000056:922.637,78.3033,148.512,923.205,74.7879,151.237,924.32,80.9836,151.124,927.826,68.845,148.497,927.551,84.3356,149.067,931.241,61.2301,130.989,935.525,90.3529,131.672,943.174,47.2802,112.031,923.403,97.8992,114.955,934.434,32.182,104.502,917.492,105.902,121.743,939.831,69.1291,85.9954,938.831,87.9648,87.2033,936.143,69.7038,53.9998,919.161,93.6434,59.6163,974.093,72.528,5.46654,931.023,98.6664,20.0662,868.988,142.914,133.935,865.835,152.618,142.358,865.931,164.938,133.947,868.863,153.682,127.336,0,0,0
000057:922.447,78.9996,148.497,925.343,75.2033,150.769,924.783,81.7194,150.94,932.203,68.7883,147.388,931.688,84.6196,148.328,935.363,61.0374,129.612,931.724,91.216,132.053,945.519,46.6365,110.296,912.801,99.1786,117.328,937.487,30.8788,103.262,910.099,106.775,123.86,938.115,69.791,85.7305,932.18,89.1961,88.1204,942.079,69.4792,51.2229,914.489,94.4456,59.4336,970.714,73.3731,6.26845,928.682,98.2696,20.5725,872.335,142.595,132.765,872.958,152.017,140.637,864.422,165.042,134.039,868.863,153.682,127.336,0,0,0
000058:922.864,79.5851,147.884,923.966,75.9249,150.638,925.032,82.2366,150.748,928.541,69.5618,147.514,929.05,85.5546,148.369,934.901,62.5551,128.413,931.458,90.5553,131.073,942.583,47.1237,110.833,907.618,100.691,118.631,940.693,33.6003,101.35,907.129,107.121,124.594,939.829,70.0245,84.0095,935.23,88.628,86.2881,938.934,71.3024,52.1552,916.544,95.6611,59.7164,969.606,71.637,5.7515,930.388,100.839,19.7112,872.335,142.595,132.765,867.564,153.288,140.644,866.365,165.726,133.125,874.897,155.699,124.941,0,0,0
000059:918.858,79.6224,148.861,920.905,75.7405,151.068,921.943,82.2145,151.001,928.335,69.4944,146.961,930.561,85.1031,147.606,931.534,61.9252,129.11,931.087,92.628,131.2,940.488,47.8132,111.272,909.634,101.304,117.218,934.609,31.6466,103.951,907.129,107.121,124.594,934.779,70.5312,85.5738,930.092,90.4346,87.6696,943.661,69.3368,50.528,915.89,96.2723,58.6887,968.642,72.2752,6.9576,921.741,100.464,22.4471,868.888,142.911,133.619,878.086,156.634,138.531,868.203,166.414,131.802,874.897,155.699,124.941,0,0,0
000060:921.194,79.0141,147.5,922.451,75.3012,149.964,922.96,81.9155,149.947,928.905,69.4033,146.5,928.602,85.5771,147.305,931.387,62.1521,129.12,929.23,93.1661,130.55,938.004,48.2233,112.059,909.634,101.304,117.218,932.494,31.6646,103.875,907.129,107.121,124.594,934.498,70.8038,85.5801,927.875,91.1188,87.6744,944.123,69.3887,50.8519,914.081,97.1932,59.311,972.169,73.3239,5.26095,925.885,100.586,20.5499,869.757,145.34,132.629,867.791,157.434,140.181,866.436,166.51,131.109,874.897,155.699,124.941,0,0,0
000061:919.914,80.8799,146.835,920.296,76.7597,149.716,922.72,83.4386,149.213,926.367,69.7754,146.415,930.287,86.1763,146.413,929.928,62.3478,128.2,930.707,93.298,129.069,933.654,47.7008,111.444,909.634,101.304,117.218,931.618,31.8063,103.166,904.172,107.465,125.325,931.024,70.5668,85.4944,927.515,91.0537,87.0454,945.565,70.5508,48.5982,922.922,100.163,54.98,969.006,72.6895,4.43719,926.183,101.61,18.9651,869.656,145.337,132.313,867.54,157.427,139.396,866.436,166.51,131.109,876.995,156.374,124.411,0,0,0
000062:912.455,81.2809,148.855,914.284,77.1086,151.387,916.744,83.8621,150.912,922.234,70.5501,147.083,928.201,86.8177,146.885,927.347,63.3796,128.411,928.433,93.6822,129.215,932.877,47.924,110.981,891.088,96.4948,118.756,932.251,31.589,102.75,899.758,107.979,126.416,928.491,70.7337,85.8254,925.951,90.9434,86.9995,945.324,70.0196,49.6409,922.802,100.458,55.233,967.761,72.509,6.68015,924.643,103.652,19.7037,872.908,145.021,130.819,869.383,158.103,138.082,866.436,166.51,131.109,872.755,157.509,123.472,0,0,0
000063:916.298,81.9732,148.01,917.353,77.8566,150.77,919.448,84.5355,150.21,925.133,71.1204,146.705,927.269,87.087,146.948,928.524,63.5244,128.32,929.516,94.1122,128.924,934.083,48.4788,110.89,891.088,96.4948,118.756,932.078,31.6819,102.007,896.831,108.319,127.14,932.009,71.5442,84.4528,928.867,92.1541,85.4883,942.549,69.9209,49.4868,919.595,101.161,54.4645,965.102,73.0002,9.1938,925.298,103.333,17.8947,867.217,146.393,132.592,870.73,157.986,137.47,861.028,167.704,131.333,868.896,158.642,123.735,0,0,0
000064:917.959,83.2033,147.389,918.823,79.1021,150.133,921.109,85.4487,149.47,925.899,71.7762,146.252,927.535,87.0197,146.555,927.878,63.5903,128.065,929.122,93.959,129.497,934.065,48.7314,110.444,891.088,96.4948,118.756,931.335,32.3259,101.928,896.944,108.318,127.559,929.531,72.2327,84.4225,925.805,92.5028,86.0169,944.74,70.6193,48.6259,919.67,101.536,54.6671,965.108,73.042,8.53961,927.214,104.174,17.4053,861.367,146.897,133.334,870.73,157.986,137.47,861.121,168.498,129.301,864.692,159.764,122.805,0,0,0
000065:917.042,82.4577,146.576,920.024,78.568,148.687,921.902,84.9646,148.427,927.707,71.9805,144.886,932.093,87.4864,145.026,929.448,64.4415,128.242,930.982,94.2724,128.726,940.303,49.4176,109.55,908.38,101.326,112.547,938.039,32.7184,100.626,899.144,108.933,127.016,929.775,73.5044,84.8582,926.665,93.2587,86.0965,939.971,70.4675,50.723,911.925,100.362,58.2615,964.664,72.9523,8.41161,916.759,103.729,21.6294,862.611,146.766,132.461,870.506,157.991,136.657,867.272,170.56,127.751,864.692,159.764,122.805,0,0,0
000066:915.712,83.3114,146.998,918.861,79.2695,149.112,919.822,86.099,148.937,926.771,72.4007,144.8,928.866,88.876,145.182,926.556,64.3474,128.058,930.558,94.9215,127.481,934.423,48.0968,110.624,893.505,99.6212,115.9,929.447,30.8234,102.337,899.144,108.933,127.016,929.833,72.6699,84.7142,927.667,92.8265,85.5429,942.743,70.4039,50.9639,914.392,100.975,58.0129,966.88,73.4341,8.50144,909.951,104.57,23.4267,859.546,147.01,132.384,869.717,158.892,136.852,867.272,170.56,127.751,864.497,159.764,122.137,0,0,0
000067:915.945,84.8543,146.612,918.369,80.5103,149.154,920.174,87.3452,148.561,925.255,73.374,145.063,928.524,89.4385,145.026,924.701,65.2793,127.881,929.116,95.5495,127.284,932.692,48.4415,109.993,897.914,100.828,114.773,931.316,31.7465,101,899.144,108.933,127.016,926.146,72.6597,85.5652,925.547,92.9813,85.748,939.454,71.0151,52.6096,916.627,103.171,56.2425,964.784,72.923,9.31294,914.002,105.886,20.7,859.546,147.01,132.384,875.733,160.927,134.509,865.03,171.551,128.317,864.249,159.774,121.18,0,0,0
000068:909.177,84.1695,147.407,912.871,80.0698,149.725,913.874,86.7103,149.248,923.157,73.7542,145.253,925.205,89.4433,145.383,924.445,66.4263,127.973,927.07,95.7545,127.819,930.974,50.2357,110.055,898.14,100.823,115.615,928.408,32.969,101.299,894.845,109.442,128.363,928.41,73.3028,84.9585,925.971,93.1588,85.4319,938.83,71.2518,53.1741,913.549,103.875,56.7535,966.579,73.3441,8.88742,912.547,106.544,20.0002,859.546,147.01,132.384,873.377,162.726,132.366,864.475,171.563,126.293,864.165,159.772,120.918,0,0,0
000069:910.506,85.1996,146.936,913.107,80.8808,149.527,914.588,87.7083,148.977,921.886,74.0975,145.381,923.81,90.0868,145.561,923.031,66.8614,128.129,925.633,96.0815,127.673,929.275,50.6488,110.419,892.79,103.265,118.777,928.337,33.521,101.129,899.63,113.211,125.842,926.655,74.4111,84.6607,924.62,94.3083,85.0414,940.279,71.6014,51.9344,914.161,104.787,55.9768,965.458,73.0842,9.10105,908.377,107.278,20.7783,851.443,148.527,133.146,861.525,163.582,133.894,862.795,171.655,125.87,864.165,159.772,120.918,0,0,0
000070:910.649,86.4968,147.603,912.643,82.072,150.227,915.36,88.6625,149.342,921.112,74.8262,145.669,925.651,90.1654,145.309,924.985,67.152,127.219,926.876,96.3128,127.463,933.373,50.7638,108.286,892.79,103.265,118.777,929.872,33.5066,99.7718,890.868,114.195,128.012,929.031,74.9815,83.2829,926.084,94.9069,84.0017,941.942,72.4204,50.316,913.117,105.915,54.5723,963.792,72.6846,9.63803,907.896,107.724,19.4519,859.254,151.155,129.889,861.525,163.582,133.894,862.795,171.655,125.87,863.834,159.779,119.699,0,0,0
000071:911.133,86.5465,146.37,913.738,82.0866,149.015,915.047,88.8397,148.238,921.549,74.9982,145.038,923.189,90.6598,144.946,922.714,67.2972,127.703,924.54,96.6227,127.42,931.088,50.0316,108.807,892.79,103.265,118.777,929.029,33.1644,99.8112,889.418,114.358,128.372,929.629,74.4878,84.6055,926.461,94.4562,84.8713,938.086,73.0549,53.4111,909.611,106.589,55.4971,964.617,72.8704,9.56787,906.589,109.078,18.0457,859.254,151.155,129.889,853.154,162.555,135.695,859.612,171.844,125.548,863.834,159.779,119.699,0,0,0
000072:912.923,86.8042,145.884,914.899,82.4285,148.559,917.212,89.0831,147.697,922.511,75.5309,144.547,926.385,91.0798,144.185,925.287,68.1179,127.107,927.054,97.2245,127.002,932.267,51.0265,108.945,892.79,103.265,118.777,930.688,34.2081,99.6375,887.971,114.521,128.73,929.942,75.21,83.701,927.077,95.1377,84.0346,940.937,73.4386,51.4716,912.427,106.821,54.4463,962.56,72.411,9.68964,904.644,109.431,19.5887,859.143,151.158,129.484,861.163,165.259,133.272,856.393,172.833,122.655,859.27,160.118,119.731,0,0,0
000073:914.94,87.7345,144.269,915.984,83.1551,147.301,918.657,89.9152,146.47,922.757,75.8271,143.879,928.377,91.4533,143.321,928.638,67.9977,125.875,929.299,97.6191,126.302,934.079,50.4773,107.925,889.779,103.617,119.095,925.44,34.3362,100.079,884.611,114.786,126.862,934.824,74.9894,81.9861,928.977,95.5641,83.3668,946.751,73.1513,50.076,905.282,108.765,57.4655,963.403,72.5672,10.1644,904.676,110.629,19.1734,858.922,151.162,128.675,859.663,165.362,133.365,853.317,173.021,122.602,861.94,159.89,118.47,0,0,0
000074:913.752,88.8773,144.57,915.307,84.3414,147.492,916.842,90.8803,146.819,922.583,76.8036,143.988,925.873,91.8526,143.712,928.357,68.9786,126.084,927.783,97.5564,126.31,936.313,51.4043,108.26,889.779,103.617,119.095,926.282,35.3642,101.087,877.84,115.648,130.957,934.437,76.1699,81.1477,927.557,96.2096,82.6665,948.058,73.8532,48.9997,903.681,109.335,57.0566,964.156,72.7653,9.6409,903.586,111.64,18.5781,861.659,150.918,127.7,862.672,167.613,131.619,855.143,173.71,121.416,861.689,159.882,117.684,0,0,0
000075:913.089,89.3774,144.118,913.907,84.7689,147.207,916.604,91.2866,146.195,919.806,77.107,144.018,926.033,92.1231,143.033,926.88,69.3011,125.938,926.963,98.2301,126.064,937.709,52.0335,107.267,888.334,103.791,119.463,930.467,36.2473,99.7524,856.394,112.109,130.953,930.938,76.3934,81.0842,924.12,96.7407,82.3079,945.206,73.7831,49.8135,899.521,109.715,56.9273,962.961,72.4407,10.6357,901.481,112.153,18.18,862.907,150.791,126.819,859.706,164.467,130.651,855.143,173.71,121.416,851.482,160.652,119.221,0,0,0
000076:910.871,89.4464,143.333,910.733,85.1304,146.646,913.939,91.6046,145.272,916.68,77.9618,144.009,920.85,93.3821,142.949,921.518,70.6679,126.677,924.614,99.1197,125.743,936.815,52.1428,106.359,883.568,104.32,118.896,929.852,35.4394,97.6202,872.08,116.283,132.104,926.166,77.5317,83.6328,924.134,97.2187,83.0102,936.37,75.0322,53.305,905.228,109.267,54.3222,964.315,72.7657,10.1975,893.171,113.753,19.8453,863.552,151.574,126.656,861.553,165.146,129.472,854.976,173.705,120.894,847.743,161.756,119.639,0,0,0
000077:910.269,90.0369,144.997,910.586,85.5832,148.103,913.323,92.1491,146.846,917.462,78.4144,144.536,920.021,93.9206,143.987,921.813,71.23,126.491,923.148,99.6765,126.179,932.296,52.6853,107.43,882.218,104.495,119.525,925.421,36.2945,99.3474,872.08,116.283,132.104,927.309,77.5783,81.8717,922.8,97.5176,81.7239,940.04,74.889,51.0586,904.84,109.898,52.184,962.563,72.3099,11.4023,889.724,114.847,19.1088,858.704,151.924,125.764,855.648,165.561,130.117,854.976,173.705,120.894,844.962,161.974,120.368,0,0,0
000078:907.439,90.1008,144.956,909.053,85.7291,147.93,912.219,92.1763,146.738,917.986,78.7063,144.186,925.189,93.5196,142.731,925.056,71.1991,125.943,926.653,99.4675,125.25,935.767,53.2163,106.678,882.218,104.495,119.525,926.324,36.3663,99.0306,871.634,116.291,130.461,927.318,77.8243,81.125,921.42,97.984,81.9045,941.544,73.9822,48.6251,897.679,111.009,55.056,962.567,72.3386,10.9517,896.324,114.547,18.0332,851.589,152.524,127.151,855.481,165.556,129.596,857.499,175.964,117.673,843.519,162.075,120.615,0,0,0
000079:906.825,90.5129,144.886,906.761,86.253,148.137,910.536,92.7957,146.628,914.441,79.5321,144.627,919.251,94.9623,143.415,919.273,72.5901,126.903,924.393,100.461,125.492,932.378,53.708,106.975,892.13,104.183,117.098,922.283,36.5968,99.6855,871.634,116.291,130.461,923.879,78.8207,83.0974,922.486,98.302,82.154,936.348,75.4566,51.388,905.028,110.33,51.9029,967.016,72.7146,9.3267,885.264,116.492,19.9131,851.589,152.524,127.151,861.17,167.603,126.578,857.499,175.964,117.673,847.259,164.199,116.358,0,0,0
000080:906.949,91.0818,144.17,907.605,86.6571,147.386,909.689,93.3661,146.151,914.815,79.7829,144.245,916.232,95.4901,143.685,918.882,72.9922,126.623,921.326,100.952,125.771,932.93,54.1437,106.1,884.993,105.88,118.372,921.728,37.2265,99.3903,871.634,116.291,130.461,924.579,79.1025,82.359,921.615,98.8912,81.5459,934.817,75.6752,51.6674,901.489,111.453,51.2523,967.876,72.6217,10.0999,886.386,117.81,18.587,855.124,153.834,124.41,855.508,168.015,128.018,853.165,176.244,118.524,849.379,164.871,116.229,0,0,0
000081:906.23,90.5085,144.397,905.216,86.2748,147.859,909.32,92.8208,146.192,911.308,80.1456,144.576,917.006,95.4939,143.005,919.206,73.3916,126.252,920.912,101.538,125.298,936.402,53.6246,105.272,884.993,105.88,118.372,927.148,36.5077,97.0669,871.634,116.291,130.461,922.513,79.1408,82.5302,918.512,98.824,81.8325,936.653,75.7067,51.1238,899.213,111.528,51.5699,967.704,72.5438,10.751,881.694,117.872,20.4447,854.162,154.732,123.945,852.726,169.003,126.593,858.497,178.346,114.247,849.02,164.867,115.046,0,0,0
000082:904.322,90.8148,144.019,904.757,86.6542,147.226,907.668,93.2106,145.811,911.24,80.4126,144.269,914.625,95.9001,143.152,915.352,73.7597,127.13,916.354,101.277,126.499,930.845,54.1904,106.347,876.807,106.888,122.115,920.928,37.0246,98.7739,871.634,116.291,130.461,920.214,79.8457,83.3827,915.653,99.1102,83.0105,932.406,76.5638,52.4401,898.013,111.893,52.3744,968.693,72.8346,9.55128,881.892,118.488,19.8097,852.762,154.848,124.306,863.507,169.084,124.685,858.413,178.344,113.985,849.02,164.867,115.046,0,0,0
000083:902.309,91.6569,145.351,902.975,87.4772,148.465,905.519,94.0342,147.143,911.706,81.2331,144.57,914.178,96.7036,143.685,919.131,74.7728,125.931,918.737,102.359,125.61,936.811,55.9259,104.633,878.835,107.496,121.156,932.806,39.2065,95.1186,873.611,118.618,129.531,923.191,80.3982,81.8325,918.533,99.9731,81.4067,937.331,76.376,49.8387,897.932,111.872,51.4501,969.965,73.109,9.62674,882.703,120.163,19.3506,856.305,156.184,121.381,865.339,169.777,123.351,856.821,178.431,113.837,848.693,164.875,113.839,0,0,0
000084:902.759,92.1411,145.042,902.661,87.8597,148.287,905.903,94.5285,146.839,909.258,81.6926,144.72,913.575,97.284,143.517,916.236,75.307,126.367,915.321,102.594,126.171,930.67,55.7104,106.24,883.004,107.107,122.524,924.202,38.9633,98.0184,869.285,119.084,130.33,920.777,80.7741,81.9689,915.013,100.202,81.8023,932.95,76.3608,50.8776,895.125,112.752,51.5053,965.884,72.1553,10.5746,881.571,120.837,18.8712,852.097,156.53,122.472,865.003,169.768,122.3,855.232,178.517,113.689,848.418,164.873,112.916,0,0,0
000085:901.971,93.3003,144.231,902.263,88.974,147.428,904.997,95.497,146.043,908.255,82.4165,144.293,911.311,97.6571,143.314,912.029,76.1154,127.202,914.122,102.615,125.836,926.856,56.8564,107.079,877.411,107.665,121.519,922.335,39.702,97.8576,864.738,119.54,130.346,918.729,81.7662,81.9879,914.767,100.811,81.0475,928.975,76.8442,51.9961,894.749,113.326,50.6862,964.281,71.7241,11.8675,880.349,121.447,19.2257,851.765,156.52,121.433,864.835,169.763,121.774,855.232,178.517,113.689,844.016,165.195,113.233,0,0,0
000086:898.38,94.1273,144.644,899.359,89.6803,147.694,902.269,96.3443,146.321,906.661,82.7054,144.239,910.612,98.483,143.221,910.867,76.3259,126.581,911.847,103.34,126.082,924.28,56.8814,107.14,879.552,108.272,120.973,924.061,39.9415,96.4109,863.256,119.693,130.437,916.687,82.0062,81.7391,911.909,101.366,81.3009,932.254,76.6575,50.9613,894.125,113.395,51.4492,964.338,71.7323,11.9365,877.433,122.366,20.7433,851.683,156.518,121.173,861.506,169.963,120.913,854.466,178.538,110.867,842.354,165.299,112.686,0,0,0
000087:893.326,94.2814,146.25,895.025,90.1075,149.128,898.654,96.4911,147.436,905.906,83.7978,144.799,910.72,98.9241,143.28,910.398,77.4746,127.199,914.123,104.03,125.412,924.703,58.3307,107.378,885.344,110.116,116.827,928.1,41.3468,95.8279,871.298,122.179,127.105,913.797,82.1177,82.4183,911.129,101.267,80.9066,927.537,77.3459,51.8598,894.543,114.031,49.4325,965.799,72.0853,11.4074,876.666,123.424,18.9376,848.561,156.738,120.862,860.287,170.858,119.646,844.188,179.162,112.206,841.889,165.297,111.107,0,0,0
000088:898.954,95.4697,144.528,899.989,91.1526,147.482,902.953,97.6109,146.13,908.504,84.379,143.681,911.502,99.6238,142.97,910.614,78.1726,126.456,914.372,104.407,125.589,923.192,59.1497,106.967,879.601,110.783,118.303,930.194,41.8654,93.7414,871.298,122.179,127.105,911.15,82.6585,82.5025,908.399,101.524,81.5406,925.82,77.2852,52.21,894.366,113.315,50.8986,961.197,70.9523,13.4139,874.596,123.051,21.6292,847.088,156.85,120.966,868.391,173.632,117.108,844.188,179.162,112.206,844.519,166.746,110.547,0,0,0
000089:899.939,95.3274,144.344,899.615,91.5344,147.432,903.963,97.5193,146.035,909.358,84.8996,143.307,913.671,99.3773,141.974,922.15,76.8927,123.281,911.856,104.906,125.199,919.672,60.215,108.417,878.172,110.948,118.67,919.369,43.0955,96.8802,869.882,122.332,127.462,917.435,81.6101,79.3351,907.28,101.86,80.4208,941.665,75.9387,43.7515,898.091,114.608,47.6873,965.939,72.0993,11.6904,881.036,124.631,17.7778,852.608,160.539,117.93,862.258,174.021,117.267,834.055,179.777,113.526,844.27,166.739,109.768,0,0,0
000090:900.025,96.1534,143.176,901.253,91.9908,145.916,903.787,98.3933,144.888,907.788,85.2501,142.608,910.58,100.62,142.315,911.346,79.0219,124.88,912.135,105.384,125.18,921.102,60.2612,107.513,878.172,110.948,118.67,925.497,43.8393,94.959,866.17,123.557,127.836,913.846,83.5156,81.233,910.417,102.328,80.7486,935.637,76.2659,45.2113,895.311,114.739,48.5934,962.558,71.309,12.4824,877.255,123.799,20.7475,853.68,160.419,116.519,850.531,172.335,120.476,835.435,179.688,113.154,842.056,166.069,109.506,0,0,0
000091:906.984,97.5457,140.771,906.78,92.9352,143.938,909.365,99.5878,142.842,911.476,85.9152,141.194,912.346,101.507,141.405,913.267,79.5608,124.663,912.937,106.565,124.835,923.585,60.7282,106.67,878.172,110.948,118.67,928.083,43.7565,93.2135,868.262,124.181,127.309,916.298,83.8385,80.2357,911.37,103.429,79.8375,925.143,78.1696,50.3718,893.545,115.916,48.4287,962.958,71.3805,12.7434,870.103,124.704,21.2635,852.193,160.527,116.628,844.406,174.373,120.952,835.435,179.688,113.154,842.056,166.069,109.506,0,0,0
000092:900.855,97.9452,142.999,902.238,93.6796,145.674,904.42,100.115,144.633,909.154,86.8342,142.048,910.783,102.285,141.913,912.229,80.1122,124.576,911.124,107.798,124.957,923.409,62.1535,106.903,878.172,110.948,118.67,929.667,45.6571,93.8971,866.013,125.258,127.441,913.872,83.8761,80.2845,908.119,104.188,80.0121,935.59,78.1744,45.7038,894.631,116.725,46.8264,964.256,71.7391,11.5452,872.033,125.993,20.5946,846.191,160.956,116.804,841.76,173.687,119.239,836.403,179.587,111.486,840.014,166.173,107.644,0,0,0
000093:897.286,98.3573,142.916,897.515,93.7782,145.921,901.152,100.308,144.507,904.481,86.7668,142.311,908.109,102.099,141.738,911.281,80.2586,124.054,906.51,107.9,125.398,921.677,62.1083,106.358,878.172,110.948,118.67,925.673,45.902,93.8434,867.993,125.887,126.504,915.23,84.9853,78.5427,907.501,105.151,78.8419,933.14,77.2984,45.6097,893.331,116.768,46.0479,960.59,70.8595,12.7717,867.036,125.574,21.0669,846.191,160.956,116.804,835.981,174.062,119.925,829.107,180.02,112.062,838.028,165.5,108.185,0,0,0
000094:892.971,99.117,144.008,893.469,94.4974,146.964,898.156,101.061,145.221,903.361,87.4166,142.54,909.226,102.894,141.333,911.251,80.784,123.674,909.827,108.621,124.196,917.81,62.2596,107.029,878.172,110.948,118.67,919.202,46.5596,95.7238,869.978,126.518,125.564,913.65,85.0587,78.9521,908,105.339,78.5849,932.25,77.5636,46.6196,893.699,117.46,46.2303,960.71,70.8111,13.9813,867.451,125.419,21.1095,844.801,161.066,117.172,846.91,175.741,114.901,832.684,181.407,109.812,842.038,167.63,104.954,0,0,0
000095:899.431,100.725,142.399,899.51,96.0505,145.411,902.919,102.454,144.006,905.636,88.2723,141.813,909.58,103.575,141.112,911.695,80.8676,123.514,907.044,108.973,124.801,917.297,61.523,107.002,866.434,112.25,120.28,918.626,45.6159,94.4741,869.978,126.518,125.564,915.358,85.5817,78.2963,907.679,106.074,78.6689,935.218,78.0729,45.8613,894.786,118.307,46.6052,952.872,71.7869,15.5209,865.716,126.052,22.2013,842.693,160.402,117.301,837.496,176.386,118.684,836.415,182.793,108.085,840.649,167.732,105.335,0,0,0
000096:895.727,100.171,142.791,895.936,95.5331,145.755,899.145,102.024,144.544,902.815,88.188,142.022,905.851,103.575,141.806,909.471,81.5111,123.813,902.984,108.599,125.382,916.033,62.3299,106.418,861.989,112.73,120.585,920.593,46.0519,92.9727,867.15,126.814,126.281,915.165,86.1007,78.4174,906.642,106.17,79.0014,934.271,77.6588,46.532,896.231,118.39,46.7583,950.43,71.1905,16.4222,865.773,126.911,22.4559,842.611,160.399,117.042,841.557,174.456,116.47,840.034,184.197,105.81,836.252,168.032,105.699,0,0,0
000097:900.198,100.518,141.37,900.492,95.9756,144.458,901.944,102.702,143.493,906.013,88.8446,141.332,905.682,104.908,141.53,913.01,82.8234,122.629,903.217,109.692,124.882,922.226,64.3627,104.441,863.968,113.34,119.635,922.68,47.4052,92.7977,867.15,126.814,126.281,915.826,86.174,78.2627,905.563,106.315,78.8141,939.384,78.421,45.6534,897.611,119.243,45.3386,951.965,71.4744,17.3145,867.748,129.187,20.5049,842.611,160.399,117.042,833.188,175.02,118.416,839.818,184.203,105.011,836.303,168.021,105.98,0,0,0
000098:900.004,100.868,140.918,900.662,96.3271,143.98,901.308,103.081,143.098,906.295,89.2605,140.875,904.114,105.375,141.223,913.064,82.995,122.14,900.143,110.612,124.636,922.742,64.6934,104.619,884.521,119.111,116.969,922.076,48.4394,93.4955,867.15,126.814,126.281,916.189,86.5884,77.0146,905.147,107.239,77.5266,937.652,78.8428,45.0204,900.078,120.09,43.0564,954.818,72.2051,15.7164,875.382,129.902,16.9622,832.556,161.159,118.167,833.188,175.02,118.416,837.628,183.511,104.756,833.038,168.234,104.885,0,0,0
000099:894.875,101.299,141.893,896.051,96.8202,144.727,897.884,103.434,143.664,903.297,89.8605,141.129,903.847,105.552,141.117,912.023,83.707,122.026,899.581,110.551,124.954,921.357,65.6988,104.661,870.257,116.885,118.011,920.168,49.2751,94.0807,862.764,127.25,126.83,917.436,86.7437,77.013,906.542,106.914,77.7034,934.298,79.0829,45.9249,896.508,120.252,44.3717,952.452,71.7011,15.4081,875.011,129.8,16.7723,834.091,161.832,116.052,837.309,175.522,115.051,830.464,183.928,105.888,832.823,168.24,104.087,0,0,0
000100:900.124,102.872,140.369,901.594,98.3135,143.154,901.014,104.744,142.554,905.611,90.6922,140.21,901.797,106.183,141.105,911.645,84.1332,121.665,894.608,111.064,125.685,920.252,65.9039,104.292,870.257,116.885,118.011,920.683,49.3588,93.6893,848.83,125.342,129.809,918.66,87.5545,75.847,904.151,107.901,77.3812,937.57,79.0358,43.9698,894.508,121.026,43.2258,951.399,71.4276,16.0578,873.383,130.944,16.449,833.926,161.828,115.537,827.843,176.94,116.048,824.119,183.494,106.513,832.823,168.24,104.087,0,0,0
000101:897.884,103.488,140.325,898.85,98.9254,143.269,900.274,105.393,142.213,903.811,91.4393,140.508,904.141,106.935,140.46,911.736,84.8263,122.026,897.127,111.626,125.25,917.947,66.6196,104.722,864.864,115.81,120.283,916.51,51.6863,94.3856,847.458,125.489,130.158,918.157,87.6329,76.3432,904.988,107.868,77.4473,939.233,80.0286,43.185,893.411,121.216,43.078,953.059,71.8084,15.8381,870.119,131.108,17.3126,833.926,161.828,115.537,826.644,177.036,116.928,823.954,183.489,105.998,829.077,171.733,102.871,0,0,0
000102:894.258,102.8,140.552,895.966,98.3037,143.281,897.75,104.964,142.19,903.493,91.4311,139.889,903.949,107.247,139.872,911.637,85.5322,121.559,896.121,111.951,125.047,916.651,66.9146,105.119,862.663,115.2,120.413,914.064,50.9378,94.3359,831.205,127.232,134.291,914.068,88.1851,77.872,900.42,107.94,79.0927,937.907,81.1224,44.7842,892.61,120.893,44.4616,955.404,72.3648,15.234,868.532,131.018,17.9913,835.544,162.489,113.836,827.545,176.943,115,823.707,183.482,105.226,828.863,171.739,102.076,796.505,170.605,126.03
000103:893.553,103.778,139.642,894.76,99.3332,142.588,895.486,105.869,141.616,900.398,92.5195,140.047,899.761,108.006,139.988,911.336,86.4562,121.072,894.187,113.226,124.934,923.18,68.3178,102.728,862.663,115.2,120.413,917.901,52.8534,94.0131,842.732,130.949,129.648,917.338,89.0683,75.4981,902.838,109.148,76.8799,936.925,81.294,43.9099,887.744,121.641,44.6889,955.755,72.4888,14.4894,869.226,130.844,16.729,835.081,162.487,112.266,830.196,176.757,114.005,820.527,183.651,104.425,828.863,171.739,102.076,798.541,171.432,124.409
000104:886.509,104.156,141.177,889.13,99.7097,143.483,890.243,106.058,142.685,898.518,92.55,139.308,898.352,107.951,139.731,906.769,86.0468,120.863,894.032,113.237,123.997,915.063,68.4535,105.03,862.663,115.2,120.413,912.883,54.2492,95.354,841.178,131.089,129.339,915.755,89.5025,74.8982,903.706,109.838,76.1632,940.034,82.7278,41.277,893.542,123.073,43.0788,957.252,73.4565,11.7718,869.872,131.08,16.6089,831.958,164.358,112.257,830.196,176.757,114.005,820.527,183.651,104.425,825.862,171.933,101.929,798.378,171.428,123.898
000105:890.337,104.653,140.268,892.219,100.224,142.825,892.538,106.608,142.147,899.467,93.193,139.33,897.462,108.383,140.008,907.514,86.5098,120.84,894.633,113.366,123.949,918.518,69.2548,103.516,869.706,118.601,116.111,915.615,54.7236,93.3209,847.224,132.967,127.793,918.766,89.4811,74.0722,906.596,109.681,75.4207,937.397,82.7201,41.9967,890.551,123.163,44.1324,961.2,74.408,10.539,870.406,131.634,16.5806,831.038,163.595,111.226,821.702,177.297,115.187,814.629,183.972,104.403,819.946,172.306,101.912,800.421,172.258,122.27
000106:887.239,106.32,140.727,889.053,101.736,143.316,890.141,108.035,142.312,897.71,94.3951,139.329,896.622,109.354,139.658,908.884,87.8846,120.281,892.188,114.523,123.953,914.761,69.5283,103.671,856.837,119.991,118.623,904.519,53.7966,95.2448,847.224,132.967,127.793,917.697,90.5755,74.2441,902.505,110.549,75.7929,938.112,82.9993,42.6729,886.079,123.257,43.979,956.615,74.1268,13.7416,869.171,131.787,15.2985,830.08,164.473,110.781,820.351,177.387,115.553,816.215,184.669,102.69,818.384,172.408,101.504,800.288,172.262,121.782
000107:890.656,105.705,139.31,889.641,101.567,142.695,893.316,107.731,141.154,899.841,94.4548,137.915,900.262,109.47,137.171,912.342,87.7036,118.405,898.296,114.418,121.339,907.039,70.3329,105.301,858.229,119.837,118.259,906.26,52.5935,94.5126,852.856,136.542,124.931,914.248,91.3857,73.7316,896.689,111.621,75.7776,934.021,83.4531,41.0911,882.432,123.283,43.701,958.695,75.0922,13.1812,872.141,129.741,12.0424,822.726,164.979,110.839,823.77,178.76,112.935,811.932,184.91,103.061,816.956,172.502,101.628,802.175,173.09,119.634
000108:885.732,106.277,140.305,887.945,101.905,142.643,888.31,108.166,141.884,895.643,95.0633,138.58,894.261,109.951,138.982,901.342,88.5285,120.693,891.817,115.472,122.871,914.435,70.7916,103.077,858.229,119.837,118.259,918.098,56.1532,91.2879,848.457,136.942,125.225,907.191,92.5956,75.8711,896.383,112.432,76.784,933.496,86.0371,41.241,885.297,124.644,43.4637,961.401,77.0302,10.6719,870.698,131.99,14.836,826.183,165.545,110.45,814.166,179.378,114.996,811.932,184.91,103.061,816.956,172.502,101.628,802.042,173.094,119.146
000109:885.011,106.883,139.819,887.627,102.45,142.057,887.637,108.823,141.357,895.693,95.337,137.835,893.615,110.588,138.354,900.466,88.3025,120.244,892.36,116.343,121.704,911.467,71.124,103.749,858.229,119.837,118.259,913.398,56.562,92.4578,848.238,136.946,124.419,910.626,91.3233,74.8448,900.297,111.778,75.3698,938.504,85.0336,40.6019,885.847,123.687,44.1513,961.58,77.7567,10.9505,867.818,130.763,15.6896,826.183,165.545,110.45,815.098,179.278,113.355,811.932,184.91,103.061,815.449,172.593,101.496,804.1,173.93,117.502
000110:888.076,107.602,137.667,889.964,103.243,140.186,889.28,109.541,139.553,894.277,96.1011,137.358,891.728,111.317,137.747,897.564,88.9639,120.79,887.719,116.743,122.518,908.325,70.6143,104.563,858.229,119.837,118.259,912.781,55.7997,91.0778,848.238,136.946,124.419,906.731,92.1202,75.6388,895.684,112.304,76.2607,936.828,86.8666,40.6145,886.58,124.658,42.7989,962.289,78.1355,11.1724,867.777,131.296,14.9134,823.312,165.748,110.679,816.577,179.97,111.265,814.431,187.15,100.388,819.412,174.73,98.5311,806.351,173.743,115.274
000111:889.613,107.908,136.935,890.166,104.745,139.436,892.419,110.345,138.637,894.341,96.0762,136.844,897.271,111.437,135.281,895.967,87.682,120.932,886.627,113.73,122.501,907.047,75.8569,104.815,858.229,119.837,118.259,912.363,58.1213,92.0114,847.883,136.941,123.241,905.423,94.1216,73.1609,895.674,113.32,73.8,922.787,84.9371,38.8761,881.296,122.179,44.7239,956.103,75.0803,11.2737,864.021,130.923,10.3673,811.587,166.261,111.548,809.822,178.16,113.818,809.743,185.498,103.696,811.425,171.912,99.2168,806.186,173.738,114.76
000112:886.345,108.795,138.435,890.805,105.124,140.761,889.49,110.681,139.947,896.882,97.694,135.886,894.55,111.112,136.462,899.298,91.2795,119.249,889.151,115.528,121.252,903.363,74.5779,103.173,861.746,125.75,118.668,908.64,56.5208,92.423,837.43,135.61,124.437,905.442,94.5594,76.8824,898.243,114.232,75.9823,923.04,86.7485,42.5499,878.461,124.17,47.8621,950.489,79.015,15.1092,862.485,130.347,18.9401,813.016,168.172,112.35,811.415,181.449,112.27,806.265,186.588,101.125,810.385,174.191,100.476,806.431,174.762,116.833
000113:886.345,108.795,138.435,890.492,105.121,139.702,889.49,110.681,139.947,893.791,98.0634,136.07,894.342,112.227,136.513,902.102,92.0255,118.542,888.839,115.526,120.189,906.209,75.2961,102.424,861.607,125.753,118.153,911.219,57.2042,90.5538,834.372,135.884,124.133,902.111,94.9377,76.6487,895.232,114.568,76.8385,919.791,87.1567,42.9411,878.085,125.294,47.4038,947.254,79.446,16.1343,864.997,131.158,17.4958,812.095,170.248,111.512,810.914,182.476,111.846,803.349,187.772,102.485,807.356,175.416,101.339,808.835,175.614,116.211
000114:885.83,109.902,137.428,890.126,106.229,139.215,888.97,111.789,138.94,896.386,98.8117,134.867,894.028,112.224,135.45,898.815,92.4045,118.222,888.621,116.639,120.245,905.757,76.4335,101.381,855.853,125.266,118.532,910.945,58.3485,90.0388,829.252,134.312,124.933,904.949,95.6986,75.8457,891.923,114.901,76.613,919.791,87.1567,42.9411,874.956,125.599,47.7766,947.254,79.446,16.1343,862.065,131.454,18.4788,807.012,169.611,112.914,803.015,181.97,113.499,798.019,187.071,102.916,801.998,174.76,101.775,803.749,174.951,117.566
000115:885.661,109.897,136.894,887.056,106.578,139.393,888.8,111.784,138.404,893.268,99.1714,135.043,890.906,112.555,135.627,898.502,92.4017,117.15,888.309,116.637,119.182,905.614,76.4361,100.843,858.316,126.055,117.339,907.95,58.807,90.8523,834.099,135.89,123.126,901.618,96.0744,75.6146,894.701,115.695,75.8207,919.309,88.3165,41.884,877.536,126.413,46.4012,947.111,79.45,15.5676,864.778,132.283,17.5941,811.796,170.247,110.501,807.738,182.643,111.069,802.752,187.772,100.471,806.76,175.415,99.319,803.914,174.955,118.079
000116:885.313,111.008,136.422,886.745,106.575,138.336,888.448,112.897,137.933,890.191,99.537,135.228,893.504,113.336,134.439,898.329,93.5293,117.195,887.919,117.744,118.7,902.46,76.8482,101.091,863.379,127.631,115.44,910.837,59.4982,90.0689,838.953,137.472,121.289,904.312,96.8408,74.2699,891.392,116.025,75.5976,919.309,88.3165,41.884,874.577,126.72,47.3206,947.111,79.45,15.5676,864.354,133.392,17.1333,808.961,170.449,110.757,802.552,181.965,111.981,797.591,187.075,101.424,803.932,175.607,99.5995,799.329,174.303,120.931
000354:514.047,184.54,-0.877735
