006621:941.895,75.2365,156.455,944.316,72.0704,159.524,947.635,78.2461,158.489,950.498,65.1666,155.681,962.166,79.4542,152.841,942.5,54.6287,137.655,971.467,76.9622,129.688,923.827,45.986,109.27,979.913,85.3574,105.541,907.599,53.0842,96.2457,976.125,104.756,95.8617,955.367,43.6697,85.5459,977.032,57.5983,79.5634,915.989,51.6349,58.0373,996.582,58.8976,40.1175,947.818,40.7322,14.06,994.822,53.4042,9.52102,886.652,81.5043,64.0764,890.099,96.3958,62.7776,869.027,97.9273,51.869,878.43,83.1931,52.2698,0,0,0
006622:945.448,74.9838,155.732,946.367,72.0536,159.267,947.95,78.3814,158.229,951.971,65.2445,155.948,956.876,80.1688,152.993,949.646,54.5223,135.92,978.079,76.3545,128.055,921.588,46.3463,109.841,974.229,85.5864,108.204,905.197,55.7799,95.3982,971.144,103.78,99.6956,964.016,44.9562,84.1919,985.216,58.7116,78.6216,917.512,51.9712,57.8833,996.582,58.8976,40.1175,941.031,42.5816,16.4342,994.433,53.3256,9.53043,886.527,82.62,64.2531,888.26,97.7075,62.4764,869.731,98.95,52.2396,880.046,85.9646,51.3414,0,0,0
006623:947.519,76.4909,155.5,947.872,73.4252,159.115,949.925,79.7765,158.058,952.394,66.3061,155.738,958.971,81.1193,152.667,949.082,55.4516,135.782,978.614,76.8037,127.624,920.003,47.44,110.102,975.39,86.4129,107.378,902.209,57.0876,96.1533,976.278,105.482,97.3775,959.995,44.2591,84.8847,982.527,57.3484,78.8788,921.123,52.819,56.6778,996.582,58.8976,40.1175,935.891,44.851,17.1986,989.101,52.7825,10.9153,880.783,84.252,66.5291,890.339,99.6643,62.8638,871.055,100.424,52.54,879.283,86.0608,51.4291,0,0,0
006624:946.13,76.8367,155.936,946.064,73.7091,159.661,949.053,80.2462,158.37,950.792,66.7669,156.191,959.513,81.9639,152.549,949.38,56.3852,135.85,977.923,77.5525,127.511,919.188,47.5601,110.023,974.879,86.4069,107.272,903.796,57.49,95.3612,974.266,105.973,98.0888,956.265,45.0932,85.3573,978.03,58.0898,79.251,924.643,53.9565,55.2001,997.422,58.7772,39.8742,939.128,44.2418,16.3765,988.368,52.6623,10.4032,882.531,85.071,65.0091,890.349,100.22,63.2889,870.007,102.167,52.7134,879.654,87.9178,51.0311,0,0,0
006625:944.452,77.1992,155.723,946.437,73.7393,158.936,947.89,80.5465,158.543,953.201,66.5136,154.995,959.335,82.4849,153.856,944.587,57.373,136.519,972.808,78.6368,130.076,916.948,47.6334,110.452,977.586,87.9255,107.768,898.365,57.0027,97.588,978.478,106.916,96.2788,953.5,45.3545,85.4598,975.768,58.0787,80.0247,926.184,54.2972,55.0423,993.231,59.3778,41.0885,940.696,44.7683,13.513,991.734,53.4543,8.50138,879.054,86.1227,66.7645,886.684,100.672,64.3715,875.285,103.679,50.6688,875.233,89.3266,52.5263,0,0,0
006626:945.924,77.5545,154.93,948.148,74.1688,158.173,948.568,80.9527,157.845,955.332,66.9817,154.302,958.722,82.7727,153.41,943.686,57.7716,136.83,976.212,78.5159,128.996,915.462,48.4377,110.975,981.368,87.7394,106.53,900.566,58.41,96.749,982.352,107.199,95.5842,954.792,45.2549,86.0649,979.946,57.5355,79.7602,926.187,54.5829,55.1869,993.231,59.3778,41.0885,939.5,46.2921,14.6469,989.393,53.2157,9.75774,877.624,86.5863,67.4589,880.758,101.941,66.1184,873.117,104.771,51.9082,874.548,89.9795,53.1705,0,0,0
006627:942.575,78.3086,155.092,942.815,75.0968,158.782,947.109,81.3368,157.709,949.787,67.9962,155.39,962.403,82.4407,152.757,947.13,58.8832,136.208,976.549,77.9271,129.491,916.942,48.77,110.742,977.984,87.9453,105.545,902.423,59.793,95.1031,980.053,107.595,96.3196,949.766,45.7777,86.4617,973.167,57.0032,80.8077,925.301,54.6956,54.9998,989.048,59.673,42.1449,931.573,48.3832,17.6085,991.648,53.6302,10.5483,878.141,87.8779,67.3073,879.986,102.307,66.3467,873.793,105.511,52.1257,869.971,89.8052,55.8457,0,0,0
006628:943.265,78.9906,155.988,944.625,75.5064,159.349,946.871,82.0719,158.63,952.397,68.0658,155.25,960.097,83.3844,153.598,942.632,58.5909,136.805,973.729,78.3025,129.644,919.841,50.8598,110.439,980.159,88.4713,105.248,906.04,60.3162,95.0704,974.801,106.57,97.3874,946.279,45.7453,87.0527,969.429,57.1056,81.2751,920.712,55.395,56.1998,986.579,59.4307,42.707,941.173,50.8639,14.5183,991.801,53.6293,11.1265,880.344,88.7079,67.3847,878.196,103.591,66.3028,870.934,106.681,53.711,873.737,92.2903,54.4167,0,0,0
006629:943.297,79.1674,155.65,944.337,75.8097,159.214,947.1,82.4339,158.423,951,68.4224,155.661,959.269,83.7052,153.855,947.423,59.7588,135.997,971.937,78.5414,130.75,917.425,51.7813,110.483,977.947,87.8851,106.356,899.635,61.3679,96.712,973.963,107.855,98.2512,953.434,46.8873,85.1268,973.179,57.9297,80.6271,919.202,55.6276,56.6437,984.908,59.0705,42.885,926.753,50.6384,17.5479,991.086,53.7555,11.8198,883.055,89.7131,66.7251,882.116,105.281,64.9981,867.392,107.112,54.9435,868.062,93.0399,56.2966,0,0,0
006630:942.51,79.6619,155.815,943.282,76.0185,159.406,946.169,82.8692,158.593,950.4,68.3957,155.548,958.739,84.0967,153.852,947.841,60.3425,135.747,973.353,79.2681,129.844,915.202,52.131,111.051,980.268,88.5028,105.155,896.805,61.2349,97.7807,973.635,108.079,98.2449,954.171,47.8418,84.7064,974.575,58.7415,79.6343,917.705,56.146,57.2304,979.143,59.3111,44.2567,926.364,52.4,16.4057,991.086,53.7555,11.8198,880.039,90.649,67.4681,882.002,106.112,65.1736,871.91,109.271,53.5586,870.688,93.7798,55.2198,0,0,0
006631:939.488,80.0406,156.917,940.532,76.3991,160.495,944.097,83.3648,159.376,949.398,68.8228,156.249,959.151,84.8752,153.889,947.07,60.8966,136.286,973.904,79.9577,129.69,914.462,52.2474,111.24,984.564,89.5294,104.707,894.789,61.2003,100.16,973.172,108.62,98.8938,953.175,48.0184,85.0415,973.042,58.742,79.8783,913.977,57.2965,58.6204,979.229,59.3143,44.5408,924.403,54.3082,17.1755,993.705,54.2908,11.788,877.16,91.0278,68.3162,885.494,107.625,64.8647,866.888,109.316,54.6769,872.524,95.1592,54.5094,0,0,0
006632:939.938,80.4715,156.62,939.221,76.8606,160.475,945.527,83.6937,158.787,945.417,69.4312,156.681,962.966,85.1765,152.654,943.22,60.2944,136.848,973.365,80.173,129.135,912.249,52.5957,111.805,984.029,90.3501,104.28,895.491,62.5042,100.204,971.828,108.961,98.7224,944.509,47.9025,87.1155,968.685,58.9058,80.7193,914.7,57.4679,58.4083,978.192,59.4252,44.0689,926.807,55.7306,16.8847,993.792,54.2942,12.0769,878.335,92.78,68.1125,887.549,108.757,64.6891,865.253,110.862,55.3303,870.254,95.9897,55.0628,0,0,0
006633:937.555,81.9643,157.118,936.645,78.3101,160.97,942.496,85.0119,159.536,944.767,70.2392,156.659,959.807,85.6709,153.511,942.651,60.4339,136.232,973.002,80.1906,129.638,913.607,53.7792,111.459,986.199,91.1958,103.759,895.872,64.728,98.2481,972.486,110.192,98.7873,941.062,48.0725,87.2337,965.544,58.8557,81.6253,916.147,57.8109,57.9835,975.653,60.5246,47.5861,929.042,56.3336,14.8176,993.792,54.2942,12.0769,880.369,93.3319,67.5141,885.341,109.293,65.4871,867.392,111.436,55.2469,867.401,96.3559,55.9359,0,0,0
006634:932.913,82.0819,157.789,933.083,78.5358,161.461,940.282,84.9556,159.597,940.287,70.8205,157.639,960.34,85.6056,153.259,936.677,62.006,138.11,970.309,80.1206,130.316,905.612,55.0444,113.79,983.866,91.8235,104.537,888.702,66.6405,100.789,968.415,110.026,99.0464,944.569,47.8217,87.1918,969.956,57.8675,80.6657,915.293,58.2112,57.9402,975.696,60.5262,47.7277,925.023,58.6582,16.171,993.836,54.2958,12.2213,877.527,93.7064,68.496,884.61,109.378,65.7028,863.852,112.129,56.6228,867.797,98.196,55.8154,0,0,0
006635:933.826,82.0106,157.629,933.584,78.6051,161.371,940.862,85.1089,159.571,941.566,70.8045,157.491,961.691,85.986,153.118,936.23,61.2014,138.243,974.94,80.3187,129.957,906.318,55.2118,113.61,980.227,92.1047,105.858,886.039,65.9282,102.249,967.591,109.997,100.415,940.223,48.4966,88.0514,970.177,58.95,81.1047,913.705,59.0128,58.2613,975.624,60.5276,47.4446,922.11,59.181,16.7186,993.923,54.2992,12.5102,875.157,95.0906,69.0496,880.194,110.166,67.0101,863.8,112.403,56.639,867.527,99.5734,55.7534,0,0,0
006636:931.053,82.3137,158.104,931.723,78.8494,161.638,938.079,85.4986,160.23,943.357,71.1702,156.972,959.589,86.7347,153.857,941.903,62.6563,136.771,975.591,81.4272,130.36,906.885,56.5047,113.322,979.521,92.4918,106.711,886.985,66.1806,101.739,964.241,111.56,101.183,941.342,49.5172,87.7575,967.708,59.7343,82.2568,914.357,59.1864,57.7777,974.714,60.652,47.2561,911.631,59.3592,19.8708,992.323,54.5465,13.3183,870.908,95.6435,70.4452,876.812,112.433,67.5763,862.114,113.936,57.1564,865.391,99.8421,56.4072,0,0,0
006637:931.378,82.5356,157.7,931.871,79.1065,161.421,937.693,85.9077,159.777,942.404,71.4483,157.335,957.407,87.1317,153.609,944.619,62.6218,136.292,972.38,81.3745,130.906,903.359,57.0747,114.653,979.918,92.8795,106.867,891.333,67.2981,100.046,972.979,110.887,99.7673,944.736,49.6435,88.6166,965.424,59.9944,84.2606,918.013,60.049,56.8492,972.352,61.0052,48.245,917.423,60.6898,18.8728,992.323,54.5465,13.3183,873.341,97.4875,69.4491,876.037,112.792,67.8055,866.627,115.833,55.7751,870.659,101.337,54.5129,0,0,0
006638:932.419,83.3872,156.945,932.6,79.8648,160.704,937.341,86.6944,159.511,942.91,72.1016,156.666,954.543,87.8228,154.105,942.513,62.8774,136.285,975.074,82.0347,130.121,911.221,58.9357,112.939,980.29,92.9979,106.404,890.332,67.6475,99.9245,973.788,110.428,99.711,946.186,49.6606,87.3558,971.66,60.1625,82.0419,917.147,61.3093,57.1044,973.165,60.8879,48.0099,909.4,60.9223,19.9693,992.323,54.5465,13.3183,870.487,97.5732,70.1451,872.462,113.483,69.1516,864.399,116.073,56.1666,863.725,101.669,57.0584,0,0,0
006639:936.902,84.623,156.868,936.583,80.9683,160.573,941.778,87.6244,159.469,944.373,72.8547,156.531,956.828,88.0419,154.418,941.976,63.0515,136.465,970.578,83.0102,131.505,910.442,59.0468,112.993,982.236,93.4925,105.853,883.066,67.4977,102.604,970.643,111.937,100.124,945.05,50.1185,87.3197,968.4,60.8549,82.7652,915.556,62.3941,57.5728,973.165,60.8879,48.0099,910.286,64.1108,19.2022,992.323,54.5465,13.3183,870.224,99.7739,70.6446,872.947,114.494,68.994,864.793,117.358,55.896,867.937,102.246,56.2108,0,0,0
006640:934.616,84.2204,156.881,934.265,80.6951,160.742,938.431,87.5083,159.62,942.705,72.8374,156.812,952.589,88.3979,154.613,943.234,63.2142,136.475,967.211,83.3877,131.746,905.954,59.7165,113.851,980.85,93.1693,105.81,876.753,68.1219,105.238,968.012,111.721,100.61,947.572,51.1506,86.7754,968.027,61.8965,82.6871,916.828,62.746,56.4679,973.201,60.8871,48.1513,909.977,65.831,18.8515,996.849,53.5309,10.9203,875.181,100.257,69.6257,872.449,115.123,70.4176,858.28,118.621,57.8935,865.019,103.424,57.3889,0,0,0
006641:938.065,84.0431,155.901,936.669,80.4911,159.814,941.279,87.5005,158.635,943.247,73.1584,156.123,953.429,89.2209,154.017,945.162,63.7413,135.607,965.856,84.4513,131.007,903.158,60.1666,114.995,983.769,93.88,105.446,888.411,72.034,100.508,971.544,112.19,98.8362,944.365,51.0124,87.8366,962.795,61.94,83.5597,918.975,63.5566,55.8361,967.449,61.7048,49.5092,908.43,66.0512,19.2015,981.635,54.0246,16.4614,870.299,100.609,71.3503,868.079,116.159,71.8474,860.325,119.205,57.557,866.208,104.348,56.8808,0,0,0
006642:932.87,84.2325,156.952,933.602,80.6528,160.668,936.963,87.6748,159.432,942.879,73.4193,156.787,951.962,89.4346,154.327,938.751,65.2467,137.751,971.529,84.1438,130.441,906.439,61.3006,113.309,986.524,95.2049,104.486,888.042,72.4099,102.155,966.412,115.03,100.529,945.408,51.5099,87.0348,972.095,61.0105,80.1754,914.824,65.5436,56.1769,975.566,60.5336,47.1616,911.56,68.9505,17.1483,982.4,54.204,16.0705,868.625,102.156,71.8343,867.365,116.24,72.0575,862.222,120.336,57.1216,862.077,104.875,58.5825,0,0,0
006643:934.647,84.77,156.69,933.693,81.1856,160.46,939.191,88.2764,159.185,940.779,73.8194,156.632,953.063,90.0772,154.294,943.226,64.9453,136.309,965.331,85.0885,131.534,903.879,61.1753,115.235,974.541,94.8716,108.176,884.365,74.0407,103.281,963.946,114.346,101.393,946.636,52.5937,87.3443,966.457,63.1113,82.8106,914.789,65.5444,56.0412,981.068,61.8022,45.4222,908.441,69.9627,18.0126,979.202,53.4908,17.0585,869.213,102.064,71.2279,867.725,116.978,71.2386,861.431,120.959,57.504,863.878,106.263,57.8934,0,0,0
006644:930.887,85.4123,156.956,931.288,81.8353,160.734,935.177,88.7061,159.256,940.941,74.2283,156.796,950.286,89.8002,154.003,937.345,66.252,137.729,968.815,83.7171,130.467,902.171,61.9547,114.957,976.017,95.2298,108.058,865.181,71.3147,109.522,966.903,114.492,101.24,942.331,52.8967,87.4484,968.755,61.4198,80.6032,913.961,65.6542,55.9916,980.238,61.9173,45.6601,904.826,72.971,17.9966,979.202,53.4908,17.0585,869.105,103.711,71.965,866.783,118.696,71.9347,861.287,121.774,57.6825,862.293,106.708,57.9477,0,0,0
006645:931.805,85.8513,156.104,929.936,82.4577,160.463,934.536,89.0635,159.069,934.52,74.9333,158.022,946.43,89.7908,155.128,935.799,66.5974,138.439,965.728,83.946,131.855,904.585,63.7652,113.21,976.551,95.3934,107.514,867.757,73.6961,108.504,964.966,113.954,101.963,947.594,52.366,86.4867,970.566,60.9883,81.207,908.611,66.4251,57.135,975.909,62.4902,46.1366,906.292,73.3291,17.6671,979.159,53.4893,16.9155,866.846,103.969,72.1955,865.376,119.127,72.6326,860.405,122.67,57.953,859.462,107.049,58.813,0,0,0
006646:929.381,86.7631,156.846,928.87,83.0917,160.742,932.775,89.8335,159.253,935.233,75.3008,157.815,945.287,90.454,154.948,935.225,66.9613,138.526,962.951,85.2716,131.878,903.088,63.9846,113.452,979.514,96.1497,106.732,865.04,72.8995,110.594,968.206,114.813,101.354,942.368,54.0972,87.4966,965.698,62.7888,81.1728,904.892,66.9723,58.2356,974.407,62.7279,47.0345,899.48,74.8534,19.8797,979.159,53.4893,16.9155,865.744,105.703,72.1013,862.515,119.716,73.6177,856.857,123.054,59.0392,854.503,107.645,60.1899,0,0,0
006647:925.553,86.6862,157.68,926.949,83.6546,161.168,930.406,89.9437,160.222,936.198,75.8607,157.642,946.018,90.6994,154.862,934.573,65.1145,137.944,956.572,83.6049,133.949,901.566,64.4839,113.701,971.876,94.4446,109.618,871.1,74.9257,106.427,965.805,114.119,102.599,948.8,53.5134,86.2734,970.906,63.3968,82.2636,904.892,66.9723,58.2356,974.74,62.7236,48.3073,900.746,75.7803,19.1685,979.159,53.4893,16.9155,866.356,106.165,71.9213,861.096,119.872,74.0347,855.845,124.217,59.0656,857.458,109.679,58.8639,0,0,0
006648:929.376,87.0753,157.144,929.034,83.7337,160.963,932.065,90.3779,160.031,935.411,76.547,157.323,943.839,91.4413,155.437,932.544,67.507,138.215,962.749,86.1902,131.684,903.668,64.9989,113.163,980.218,96.6889,105.729,865.75,75.4958,108.128,970.018,115.329,100.514,943.924,53.3277,87.0127,966.238,62.5628,81.9729,903.154,67.2299,58.6657,975.526,62.9048,48.0808,899.254,75.9903,19.6538,979.159,53.4893,16.9155,864.862,107.435,72.794,861.631,120.608,73.8724,852.319,124.596,60.1458,858.105,109.866,58.661,0,0,0
006649:930.809,87.5117,156.032,930.521,83.9753,159.745,932.697,90.5961,159.005,936.555,76.369,156.502,941.842,91.2986,155.481,938.792,67.1734,135.995,954.93,86.5181,132.972,902.755,65.1084,112.688,978.59,96.2416,106.623,867.866,76.074,107.163,969.677,115.22,100.839,939.031,55.1155,88.38,953.985,64.7715,85.0876,907.969,67.2703,55.2678,974.71,63.0212,48.3163,896.787,76.5839,19.7119,979.159,53.4893,16.9155,866.728,108,71.8175,857.976,120.995,74.5203,859.892,127.767,57.682,855.364,110.467,60.0529,0,0,0
006650:928.29,87.3761,155.982,928.603,84.2485,159.93,932.171,90.8989,158.69,933.003,76.7537,157.474,945.204,92.1756,153.676,924.088,67.485,139.702,958.847,84.6142,132.546,899.758,65.5398,113.17,974.127,95.0299,108.861,868.12,78.2743,104.892,966.287,114.22,102.88,944.482,55.5621,87.1189,974.112,64.7519,80.7183,904.958,67.7073,56.0183,974.674,63.0219,48.1749,895.477,78.6734,18.9524,979.375,53.4845,17.7752,865.798,108.909,71.8122,855.282,121.308,75.7434,858.637,127.643,58.4903,855.33,110.468,59.9239,0,0,0
006651:928.354,88.3728,155.663,927.587,84.8291,159.52,932.116,91.5784,158.157,932.577,77.2882,156.678,944.143,92.5495,154.044,937.659,67.7059,135.806,956.405,88.3732,131.863,900.491,65.7112,113.124,984.141,97.6667,105.054,868.327,78.2963,105.301,973.618,116.322,99.3032,943.415,56.0017,87.032,961.112,66.3546,82.8382,906.496,67.7768,55.8564,977.639,62.545,46.2379,896.706,79.8909,18.2583,980.972,53.8406,17.2824,862.357,109.882,73.5458,853.176,121.54,76.3622,854.426,128.088,59.924,853.264,112.548,59.3046,0,0,0
006652:925.147,89.159,156.4,924.937,85.6809,160.08,929.504,92.3279,158.935,933.199,77.9429,156.105,944.432,92.9462,153.985,940.564,68.0201,134.277,956.064,87.7435,131.807,896.137,66.3586,114.242,981.408,96.9945,105.393,867.953,78.2682,104.397,973.913,116.43,98.8336,944.515,56.5031,85.8522,960.2,66.5176,82.8976,912.823,68.2269,52.9546,974.279,62.122,46.4501,895.635,81.4184,18.0238,981.808,54.0182,17.1792,859.451,110.213,74.1129,856.965,122.975,75.1111,855.755,128.482,59.6565,846.826,112.271,62.6632,0,0,0
006653:929.458,89.8208,155.051,929.536,86.1456,158.72,932.174,93.0191,158.054,935.705,77.9652,155.186,942.43,93.4192,154.223,938.798,68.9092,134.18,957.927,87.7817,131.283,901.17,68.6807,114.082,983.771,97.5787,105.055,867.956,78.4677,105.614,975.711,116.9,98.5909,951.289,58.5596,83.5077,968.562,68.0045,80.2735,914.776,68.7624,51.4963,971.837,62.4719,47.1581,897.581,81.9713,16.6546,982.789,54.1928,17.65,860.677,110.589,73.4647,858.642,124.643,74.4749,852.869,129.047,60.5395,843.281,112.676,63.4608,0,0,0
006654:924.412,89.477,156.139,925.26,85.8987,159.655,928.829,92.9854,158.703,933.546,78.3224,155.575,942.863,94.4124,153.806,937.336,69.2108,134.312,957,89.0394,130.696,890.389,68.6015,116.418,983.722,97.9368,104.104,864.047,77.9616,107.331,975.244,117.114,98.2502,949.95,57.9575,83.311,968.423,67.9322,79.3713,916.188,69.4036,51.0753,968.617,62.3443,47.9397,895.348,82.2757,17.387,984.393,54.5505,17.1562,860.428,111.954,73.5438,857.669,125.26,74.1967,850.678,129.807,61.3543,844.583,112.511,62.7761,0,0,0
006655:923.458,89.6157,155.879,924.227,85.9756,159.412,926.745,93.2374,158.696,932.332,78.3127,155.352,939.139,94.821,154.107,934.566,69.8356,134.891,957.229,89.1057,130.301,891.007,68.7748,115.979,981.746,97.4418,104.474,864.787,79.3244,106.603,975.629,117.205,98.332,949.988,59.5424,83.6194,969.964,69.2649,79.219,912.905,71.5542,51.7657,966.043,62.6933,48.0798,890.084,82.9794,18.8151,985.124,54.7312,16.6213,858.055,112.467,73.5241,857.427,126.074,73.9918,849.007,130.216,61.1445,843.217,113.744,64.155,0,0,0
006656:918.667,90.6135,156.927,920.001,86.7384,160.279,924.185,93.9374,159.43,929.757,78.8049,155.788,940.814,95.0326,154.03,934.314,70.2348,134.726,962.254,88.915,129.29,891.007,68.7748,115.979,983.215,97.8218,104.023,858.688,79.8883,109.369,975.673,117.235,98.0721,945.369,59.247,83.8746,967.13,68.7945,79.0745,912.016,71.9496,51.5945,959.733,62.1433,49.7608,883.313,83.8745,20.4432,987.358,55.2738,15.1571,856.029,112.715,74.4086,853.281,126.524,75.5004,848.157,131.096,61.5429,841.877,113.907,64.7071,0,0,0
006657:920.377,90.4367,156.04,921.183,86.4687,159.655,924.922,94.1016,158.901,929.943,78.545,155.304,939.224,95.5754,154.06,935.915,71.0429,133.577,951.496,89.3092,131.571,893.554,69.4681,114.485,979.958,97.0234,104.374,862.164,80.8953,107.246,973.359,116.63,98.3894,945.296,60.9243,81.583,960.966,70.0457,78.8462,911.948,72.5207,51.6154,956.661,61.4285,50.6525,880.99,85.0113,21.1994,987.358,55.2738,15.1571,854.616,113.151,74.9684,853.281,126.524,75.5004,849.421,132.305,61.7336,844.676,115.395,62.7326,0,0,0
006658:920.03,90.5834,156.097,920.795,86.6983,159.787,924.536,94.334,158.802,930.532,78.6603,155.195,939.372,95.7979,153.426,932.332,71.5432,134.207,957.559,88.8709,129.793,892.958,69.5777,115.067,981.799,97.5332,103.31,861.484,81.2775,107.455,974.939,117.096,97.4422,938.668,60.806,84.1809,962.183,69.1105,79.3686,912.666,72.6995,51.4007,956.661,61.4285,50.6525,879.602,85.2069,21.9444,987.272,55.2704,14.8695,858.686,114.023,74.1964,853.229,127.338,75.9466,846.699,132.593,62.8538,844.355,117.014,62.8311,0,0,0
006659:921.057,90.9338,155.125,921.593,87.2902,158.853,927.169,94.5947,157.335,930.094,79.3153,154.843,943.057,95.9419,151.798,939.257,71.0453,131.885,957.5,88.517,128.528,892.111,70.7967,115.285,982.234,97.5871,104.042,859.302,82.3655,108.377,971.357,117.33,98.6715,942.883,59.9841,82.972,961.012,68.5898,78.9897,905.697,74.5044,53.0434,959.59,62.1463,49.2007,883.571,86.8626,20.3438,987.272,55.2704,14.8695,854.799,113.151,75.6159,851.784,127.484,76.2283,843.21,132.947,63.9201,840.98,117.412,64.1504,0,0,0
006660:918.71,91.8257,154.756,919.039,88.1179,158.544,924.337,95.4491,157.433,925.898,79.9628,154.827,940.419,96.3748,152.279,935.789,72.4467,132.515,948.505,88.6139,131.032,893.423,71.4226,114.809,981.014,97.3154,103.768,855.943,82.3206,109.149,971.593,117.413,98.3517,938.535,60.7029,82.5713,952.9,68.58,80.4124,907.085,75.147,52.6283,960.288,62.327,48.6967,879.798,87.9117,21.4353,987.272,55.2704,14.8695,849.358,114.246,75.6456,851.88,129.296,75.4956,843.225,134.757,62.9415,836.731,117.879,65.0223,0,0,0
006661:922.446,91.8131,154.274,923.029,88.2685,157.855,927.614,95.2571,156.801,929.637,80.421,154.096,939.363,96.2822,152.332,937.502,71.668,131.457,949.189,89.082,130.191,894.77,71.771,114.323,967.41,98.1357,106.507,858.727,83.0619,108.467,968.403,116.567,98.9025,944.724,59.9076,80.894,959.255,68.5122,78.1993,901.594,76.722,53.6804,959.374,62.4425,48.5093,878.812,88.2907,20.8852,987.272,55.2704,14.8695,848.169,114.423,76.5928,850.14,130.246,75.4412,845.646,134.466,60.9035,838.104,117.722,64.602,0,0,0
006662:922.044,92.7414,153.66,923.038,89.3882,157.193,927.639,95.7891,156.144,930.444,81.228,153.702,940.905,95.6841,151.799,938.349,72.0267,131.073,950.222,88.2188,130.044,888.164,72.705,115.594,964.074,98.1657,107.592,856.528,83.0419,108.966,967.736,116.387,99.0708,944.727,60.9782,80.5279,958.717,68.766,78.248,899.248,77.0288,53.9419,959.245,62.438,48.0887,879.328,88.4795,19.9925,987.272,55.2704,14.8695,850.492,115.989,75.618,849.414,130.586,75.7932,845.716,135.272,61.8656,846.542,119.672,62.1676,0,0,0
006663:920.135,92.461,153.344,919.976,88.9161,157.096,926.794,95.7496,155.588,926.957,80.8061,153.518,942.52,96.2698,150.604,936.788,72.3721,130.226,950.938,88.5267,129.218,889.429,73.0545,114.849,963.673,98.1087,107.004,859.927,84.929,106.255,964.84,116.547,99.3778,943.926,61.4193,79.2853,960.612,69.2106,76.4099,903.343,78.1113,52.1336,959.245,62.438,48.0887,879.328,88.4795,19.9925,987.272,55.2704,14.8695,847.261,116.394,77.4269,848.673,130.657,75.8685,845.36,135.265,60.6907,845.192,119.829,62.7244,0,0,0
006664:918.954,93.3714,152.832,919.148,89.9345,156.639,924.175,96.633,155.614,926.135,81.6985,153.508,939.553,96.789,151.138,925.621,73.6985,134.064,952.468,89.0014,129.633,885.666,73.5725,115.119,967.334,99.0468,106.211,852.038,84.1381,109.37,966.96,118.382,98.3308,926.17,63.2379,85.5221,950.857,70.0108,80.9589,902.523,78.2138,52.0875,956.696,62.4912,48.079,877.751,88.669,20.0681,987.272,55.2704,14.8695,847.615,116.576,76.3241,847.571,132.074,75.783,842.97,135.749,60.4628,843.845,119.985,63.2801,0,0,0
006665:919.831,93.0172,153.203,919.841,89.5579,156.863,926.146,96.294,155.473,926.616,81.8161,153.221,941.553,97.0706,150.413,936.601,73.2387,130.012,949.069,89.9296,129.232,882.607,73.9777,115.199,968.333,99.3079,105.918,853.117,85.0453,108.342,967.706,118.579,98.2273,940.152,61.9717,81.3479,954.729,69.7719,78.8795,898.184,77.1353,52.9558,960.364,63.9784,46.5544,871.715,90.273,21.6183,983.946,55.7586,15.897,844.844,116.892,77.1419,849.225,132.932,74.5834,843.583,136.218,60.418,840.903,120.298,63.4866,0,0,0
006666:915.858,93.8364,152.81,915.794,90.3549,156.602,921.027,97.1192,155.646,923.319,82.0907,153.331,936.514,97.3229,151.275,925.527,74.045,132.823,949.868,89.5543,130.345,881.042,74.4589,115.184,966.187,98.7564,106.408,856.44,85.9936,106.77,968.146,118.732,97.6679,931.535,64.2299,83.2778,955.16,71.1822,79.7925,887.921,77.9396,54.3149,959.434,64.0886,46.3677,873.643,90.825,20.5451,983.946,55.7586,15.897,849.898,118.96,75.7947,849.473,132.939,75.3706,842.927,136.288,60.7641,842.026,120.681,62.5806,0,0,0
006667:913.07,94.2393,153.191,912.438,90.8737,157.069,919.107,97.4205,155.773,921.305,82.7499,153.408,937.173,97.4575,150.675,928.099,74.5511,131.563,947.832,89.6995,129.994,885.569,76.5061,113.587,965.579,98.6192,106.271,857.995,86.6978,106.343,967.541,118.553,98.0061,927.856,64.6227,83.0611,948.711,71.4325,80.2477,886.191,78.201,55.1454,956.983,64.1348,46.7804,873.609,90.8261,20.4123,983.946,55.7586,15.897,849.113,119.584,76.0424,849.888,133.678,74.8362,839.427,136.9,61.9857,843.841,121.801,62.0351,0,0,0
006668:920.016,94.5684,151.573,920.307,91.3908,155.13,924.915,97.4824,154.199,926.191,83.1825,152.413,935.843,97.0466,150.484,930.488,72.5161,130.647,940.129,89.1705,131.711,887.283,77.5856,112.157,963.469,98.0156,107.641,871.46,91.3311,100.941,959.878,116.415,100.624,940.729,64.45,80.544,957.239,72.9842,78.6333,886.825,78.1032,54.7742,957.055,64.1332,47.0601,872.622,90.9189,19.7158,983.117,55.8804,16.1532,847.443,119.733,75.5412,846.556,134.759,74.552,835.588,138.04,62.4651,844.014,122.802,60.8567,0,0,0
006669:916.614,95.7741,151.666,915.215,92.154,155.794,920.424,98.9496,154.866,922.318,83.0423,152.782,933.545,98.5324,151.035,927.184,75.173,131.271,947.467,89.9383,129.51,883.662,78.0892,112.957,965.835,98.7605,105.11,855.483,89.1685,106.331,965.318,118.622,97.6958,928.668,66.7194,80.7655,951.086,73.2046,77.7912,887.448,78.2833,54.2994,959.651,65.4457,44.6369,873.193,91.1036,19.0904,980.573,55.3456,16.321,846.592,120.083,75.3807,846.46,135.028,74.4435,834.705,138.642,62.4645,841.753,123.295,61.1222,0,0,0
006670:917.268,96.5809,150.95,914.849,93.0684,155.219,920.913,99.3741,154.176,920.044,84.0451,152.655,933.415,98.2719,150.646,924.708,75.1425,131.287,946.805,90.7796,129.622,880.74,79.0431,113.717,970.252,99.902,104.006,851.19,87.987,107.588,967.514,119.527,97.1367,926.306,66.8048,81.7193,949.086,73.7916,78.8491,887.922,79.0245,53.5796,954.869,65.2426,45.7377,875.609,91.8379,17.113,980.573,55.3456,16.321,845.884,120.431,75.7332,846.419,135.027,74.3126,837.023,139.713,61.208,840.369,123.446,61.5485,0,0,0
006671:916.155,97.1189,150.733,914.655,93.8992,154.842,918.578,99.7402,154.203,921.754,85.1014,152.127,930.097,98.2399,151.071,927.016,74.9015,130.905,944.404,91.1154,130.074,880.622,79.3164,113.464,968.596,99.4636,104.571,851.741,89.6262,106.316,964.634,118.767,97.4955,927.536,66.3439,81.7703,947.264,73.6484,79.6996,886.31,79.7858,53.7756,952.506,64.9947,46.2806,877.47,92.1096,15.6096,980.573,55.3456,16.321,846.024,121.155,74.2807,842.978,135.375,75.4771,837.023,139.713,61.208,837.364,124.288,61.9255,0,0,0
006672:918.983,97.7253,148.882,918.203,94.4639,152.888,919.439,100.287,152.645,924.541,85.1655,150.723,926.639,98.4711,150.563,927.736,75.6468,130.35,941.451,90.7,129.903,882.541,79.8451,112.545,965.545,98.656,105.608,854.001,90.1875,106.516,957.56,118.351,99.3104,929.428,67.7911,80.1855,945.274,74.1221,78.9366,890.785,81.6065,51.26,952.506,64.9947,46.2806,877.47,92.1096,15.6096,980.573,55.3456,16.321,841.15,121.966,75.7455,842.804,135.906,75.3799,836.818,139.707,60.5543,836.676,124.363,62.1378,0,0,0
006673:917.281,96.507,148.189,916.403,93.3974,152.604,917.676,99.5879,152.24,921.265,84.585,150.988,924.313,98.6956,150.351,920.784,76.0026,131.889,942.54,90.8225,128.907,883.793,80.2003,111.8,966.161,98.8973,104.264,851.311,92.612,106.342,957.082,118.253,98.9847,932.028,67.2635,79.4672,955.798,73.8108,76.4319,891.441,82.0685,51.0607,953.988,65.3532,45.692,877.47,92.1096,15.6096,979.748,55.4673,16.5763,842.896,122.54,74.6624,840.923,136.841,74.8158,839.202,140.777,59.5421,832.358,124.805,62.7571,0,0,0
006674:915.625,96.8006,148.552,913.666,93.6386,153.077,917.567,99.734,152.128,917.247,85.1506,151.651,927.699,99.0087,149.447,915.619,75.5451,132.705,944.104,92.3095,128.169,880.041,80.6966,112.078,967.589,99.2296,104.44,844.399,90.7795,107.055,958.573,118.712,97.925,929.326,67.0966,80.6174,955.913,74.5268,76.4832,889.739,83.3904,51.2851,951.523,65.6906,46.1138,879.525,92.6663,14.9239,979.748,55.4673,16.5763,841.716,123.687,74.0334,835.965,137.314,75.8652,837.813,140.91,59.9724,830.23,125.026,63.1302,0,0,0
006675:912.556,98.0118,149.366,912.094,94.8325,153.507,914.813,100.919,152.611,919.713,85.8959,150.974,926.053,99.8377,148.886,918.273,76.0116,131.451,935.859,90.8853,129.455,878.579,80.8934,112.319,963.702,98.1656,106.252,856.5,94.466,103.11,952.723,117.062,100.007,931.884,67.8069,80.2915,956.103,74.8791,76.8438,887.304,85.3692,52.024,953.666,66.2347,44.8824,874.734,94.0742,15.3554,978.924,55.5888,16.8313,840.969,124.03,74.2563,835.924,137.313,75.7351,837.494,141.706,59.6405,839.298,126.675,60.3558,0,0,0
006676:910.757,98.8783,149.653,908.75,95.3615,153.954,914.675,101.625,152.85,913.219,85.8051,151.497,928.547,100.208,148.843,917.116,76.8117,130.328,940.455,92.5686,127.949,875.546,81.2839,112.407,965.384,98.7679,103.394,835.095,92.8888,110.186,957.714,118.488,97.9788,935.347,69.2037,77.1859,958.088,75.6816,74.88,888.753,85.7317,51.8699,950.452,66.685,45.6793,872.36,95.1953,15.8614,978.1,55.7101,17.0861,840.805,124.025,73.7353,835.225,137.115,75.6654,838.405,142.369,58.3581,832.285,125.341,62.9225,0,0,0
006677:911.156,98.7425,148.632,910.345,95.7369,152.715,913.952,101.279,151.965,915.379,87.0459,150.45,924.601,99.4566,148.901,917.237,77.7967,130.686,938.045,92.0617,128.321,874.502,82.2046,111.84,968.462,99.5983,102.12,838.616,94.205,108.599,960.198,119.197,96.9616,925.138,68.259,79.2517,948.499,74.1629,76.3969,889.324,86.7562,51.6969,945.751,67.0666,47.0674,868.261,97.0491,16.2106,976.456,55.9527,17.5949,839.492,124.446,74.5544,836.312,137.78,74.933,834.126,142.757,59.2584,836.378,126.428,60.2632,0,0,0
006678:913.917,99.0348,147.757,913.973,95.9572,151.338,915.292,101.688,151.373,916.826,87.2215,149.093,919.582,100.288,149.373,922.318,76.8909,128.22,921.541,93.5546,130.482,872.831,82.9486,111.582,969.241,99.7665,102.405,839.49,95.9114,107.536,959.126,119.264,96.4347,921.683,67.3589,80.2382,930.358,74.8124,80.9093,889.975,87.2199,51.4991,945.616,67.6526,46.8093,866.831,97.2352,16.6948,975.592,56.072,17.7062,836.425,124.737,74.3386,834.116,137.987,75.0458,834.044,142.754,58.9971,835.443,126.768,59.8497,0,0,0
006679:912.451,99.464,148.015,911.705,96.4691,151.602,915.746,101.929,151.103,914.559,87.6222,149.494,925.288,100.179,148.077,917.385,77.0368,129.349,927.612,94.2959,129.516,874.013,83.5752,110.849,970.594,100.127,101.908,833.766,94.6078,108.614,958.909,119.611,95.0633,929.351,69.652,76.9294,943.283,77.0604,77.0116,889.285,87.601,52.0035,940.719,68.6087,47.6547,866.831,97.2352,16.6948,976.458,56.2494,17.7465,837.674,124.857,73.6919,834.454,138.45,74.1103,833.28,142.819,58.955,831.688,127.125,59.874,0,0,0
006680:910.817,100.57,147.327,910.197,97.707,150.964,914.635,102.846,150.474,911.716,88.5995,149.354,924.811,100.311,147.636,917.917,77.0363,128.458,926.385,93.6394,129.636,873.486,84.9461,109.73,981.894,98.849,97.691,837.917,95.8066,107.149,963.155,118.873,95.0132,927.859,69.4285,77.7309,939.711,76.2367,78.2323,890.018,87.5035,51.7807,940.609,68.8991,47.3876,866.114,97.3268,16.9357,977.252,56.4284,17.501,836.608,125.737,73.1868,837.175,139.444,71.764,836.545,144.565,56.5468,830.599,127.744,58.9884,0,0,0
006681:906.052,100.073,148.425,906.759,97.1016,152.059,910.15,102.447,151.424,913.543,88.1234,148.999,923.109,100.202,147.534,911.249,79.1034,130.503,935.005,91.9515,126.76,874.12,85.1248,109.424,999.012,97.6766,92.9034,840.915,96.6787,106.004,966.319,119.746,94.1076,921.069,68.3797,79.3914,946.308,72.8055,75.8447,879.599,88.856,54.2507,943.491,69.911,46.2318,869.103,97.5239,16.6733,977.725,56.9121,16.1193,836.543,126.002,73.2008,833.961,140.506,71.7538,835.218,144.161,56.6812,829.825,128.084,59.0937,0,0,0
006682:905.702,100.347,147.825,905.227,97.0538,151.705,909.359,102.843,150.855,912.357,88.1429,148.287,922.697,101.157,146.663,911.799,79.7561,129.272,936.92,93.3294,124.991,872.584,85.3138,109.405,1000.74,98.1865,91.3423,840.454,96.3657,104.823,966.007,119.71,93.5059,917.753,68.506,79.7826,945.902,73.9412,74.9376,882.453,89.5432,52.6522,944.912,70.562,45.6567,871.672,98.2771,15.2374,977.725,56.9121,16.1193,834.325,126.218,73.2984,833.961,140.506,71.7538,830.291,144.34,57.6501,829.468,128.885,58.5101,0,0,0
006683:908.656,100.4,146.693,907.444,97.0834,150.537,911.011,103.129,150.013,911.482,88.4377,147.904,920.872,102.296,146.649,911.037,80.0169,129.081,932.613,95.0201,126.056,871.756,85.4063,109.199,1004.22,97.458,91.1988,843.055,97.1695,103.197,967.986,119.659,92.7099,922.677,70.6186,79.6058,945.948,76.61,76.4285,887.042,90.8644,51.3735,944.912,70.562,45.6567,872.994,98.6536,14.6501,976.081,57.1532,16.6294,833.41,126.561,72.8867,833.718,141.298,71.6783,830.085,144.345,56.8892,829.549,128.887,58.77,0,0,0
006684:903.436,100.699,148.263,902.594,97.607,152.079,907.658,103.316,150.921,907.196,89.0958,149.181,922.153,102.48,145.478,914.085,78.7404,127.303,922.569,94.5107,126.896,871.052,85.5025,109.386,997.781,95.8498,92.7619,854.068,100.633,99.2679,966.498,118.632,93.2013,922.136,70.484,79.2893,940.885,78.6366,76.7009,893.525,91.4168,49.8386,944.125,70.6722,45.8899,872.952,98.6522,14.5154,976.081,57.1532,16.6294,830.141,126.926,74.4195,831.753,140.703,71.864,831.605,144.956,55.0318,830.723,129.276,58.1234,0,0,0
006685:903.278,100.92,146.872,901.85,97.8493,151.1,908.327,103.603,149.366,906.067,89.4617,148.71,924.055,102.823,143.849,908.096,80.3542,128.434,927.854,93.9046,125.261,868.861,85.788,109.684,998.542,95.7506,92.2644,851.932,101.459,99.6535,968.146,117.87,92.5773,921.585,70.9532,79.7063,949.416,77.1407,74.8421,887.348,92.4361,50.5148,943.143,71.0701,45.5772,872.145,98.7405,14.4892,974.404,57.3946,16.9955,836.882,128.522,71.4211,831.967,141.962,71.2435,828.273,145.536,56.7703,828.534,129.755,58.5235,0,0,0
006686:903.705,101.439,147.244,903.377,98.3181,151.164,908.616,104.099,149.675,909.071,89.5829,148.101,924.296,103.049,143.83,907.188,80.585,128.762,929.739,93.6808,124.729,871.225,86.313,110.575,998.295,95.7483,91.4129,853.6,101.894,99.7079,967.665,117.163,92.1854,918.901,70.9206,80.8766,947.821,76.8691,75.6386,886.208,92.5964,51.1386,944.533,71.4342,44.7147,872.145,98.7405,14.4892,974.404,57.3946,16.9955,835.449,128.672,71.5858,834.708,142.962,69.02,826.562,146.458,56.7574,831.243,130.728,56.1329,0,0,0
006687:905.842,102.242,145.28,905.829,99.2456,149.168,908.778,104.775,148.222,911.979,90.3243,146.689,920.963,103.515,143.699,912.05,80.7812,127.999,924.531,94.3157,125.479,875.632,88.1138,108.712,999.054,95.9483,91.0695,850.198,101.806,100.242,967.148,116.756,91.7746,922.52,72.7386,79.4701,944.772,78.8367,75.8635,888.752,92.262,50.2478,943.592,71.8334,44.5418,868.452,99.1925,15.4334,971.907,57.7528,17.6147,834.037,128.815,71.8693,837.174,143.767,68.135,829.951,146.142,55.5461,829.673,131.401,56.341,0,0,0
006688:902.461,101.601,146.151,903.626,98.6036,149.812,906.123,104.59,148.884,912.272,90.0821,146.397,919.471,104.126,143.639,909.682,81.2301,127.535,923.637,93.9118,124.892,872.052,88.5869,109.518,998.121,96.0438,90.9985,852.215,102.647,99.9068,967.117,116.186,91.0775,919.921,71.4947,79.2,952.718,79.5473,73.8888,891.787,92.7265,50.0694,954.001,74.6988,40.844,868.452,99.1925,15.4334,971.907,57.7528,17.6147,835.587,129.661,70.4174,838.361,144.436,67.7747,827.536,146.598,55.1964,831.756,131.459,55.9782,0,0,0
006689:905.179,103.198,144.151,906.741,100.369,147.634,907.902,105.689,147.065,914.688,91.596,144.775,919.403,104.376,142.707,910.355,81.807,127.007,922.416,94.617,124.992,867.813,88.3358,110.089,998.121,96.0438,90.9985,844.232,102.706,101.029,969.728,116.568,90.6618,911.833,70.0712,81.9693,957.748,81.7333,72.0441,890.152,93.4765,50.2771,948.379,75.4501,42.361,868.452,99.1925,15.4334,971.907,57.7528,17.6147,834.802,129.736,70.2458,835.51,144.69,68.355,825.261,146.786,55.078,828.587,132.27,55.8442,0,0,0
006690:906.974,102.932,143.66,908.233,100.001,147.258,908.849,105.716,146.698,915.731,91.3713,144.265,919.027,104.902,142.253,909.633,82.3116,126.898,923.813,94.8223,123.763,864.966,88.0328,112.239,1001.2,96.8449,89.7632,846.041,103.219,100.617,969.617,115.991,89.7565,915.794,71.7353,80.7198,954.268,81.0136,72.2085,889.376,93.5694,50.3665,946.797,75.6655,42.8326,867.113,99.3703,16.3136,971.012,57.8718,17.5833,832.706,129.95,70.738,835.51,144.69,68.355,827.697,147.595,54.1705,827.905,132.34,56.0593,0,0,0
006691:901.93,103.558,143.808,901.328,100.826,147.831,907.163,106.145,146.062,905.836,92.5307,146.049,923.631,105.036,140.725,903.226,82.7181,128.758,925.462,95.3133,123.409,861.112,88.1592,112.713,995.982,97.4319,90.4892,846.284,103.368,99.5193,971.285,116.188,88.59,909.277,72.7304,81.6577,938.717,78.3207,75.5724,886.362,93.9427,50.9919,945.964,75.7716,42.9286,866.345,99.4569,16.4187,970.668,57.8587,16.4446,833.208,130.141,70.1593,833.168,145.141,68.3529,828.242,147.797,53.7181,831.222,132.253,54.8703,0,0,0
006692:902.833,103.804,143.71,903.15,100.926,147.452,906.455,106.467,146.311,908.691,92.5307,145.139,919.524,105.649,141.482,904.646,83.1325,128.18,921.532,96.1758,123.745,864.044,89.6234,110.532,995.982,97.4319,90.4892,845.619,103.431,100.064,972.912,115.421,87.8363,911.382,72.7667,81.1318,935.823,78.6422,76.2119,887.738,94.315,50.572,945.964,75.7716,42.9286,864.869,99.6363,16.7666,970.668,57.8587,16.4446,830.997,130.886,70.6874,831.668,145.265,68.3815,826.787,147.92,53.8925,830.66,132.327,55.4771,0,0,0
006693:904.51,104.723,143.415,905.189,101.497,146.765,906.268,107.119,147.138,910.05,92.0379,143.927,914.003,105.108,144.52,905.239,83.6323,126.682,923.471,96.4352,124.677,859.738,89.6421,110.85,994.169,97.6223,90.4908,839.575,102.619,100.682,969.779,114.587,88.5158,913.619,73.1531,78.8563,932.813,77.308,77.6747,889.807,94.8746,49.9406,945.132,75.8775,43.0244,864.869,99.6363,16.7666,972.209,58.2185,15.8111,833.399,131.136,69.1297,832.148,145.731,67.9566,826.686,148.185,53.7883,829.575,133.46,55.2531,0,0,0
006694:898.948,104.059,144.309,899.958,101.04,147.753,903.257,106.624,146.776,906.776,92.5591,144.696,917.563,105.756,141.511,901.735,83.9092,127.607,920.777,96.2421,123.451,860.862,90.818,110.281,988.467,96.2329,91.1995,847.587,104.56,99.5515,971.78,114.852,87.533,914.461,73.115,79.7808,940.86,78.5307,74.644,885.357,95.7114,51.295,942.685,76.1961,43.4505,864.787,99.6334,16.4985,972.209,58.2185,15.8111,832.588,131.475,69.1037,833.833,146.074,66.4762,827.175,148.119,52.9233,829.346,133.993,54.909,0,0,0
006695:901.457,104.407,142.683,902.047,101.616,146.314,904.689,106.85,145.356,906.899,93.3095,144.346,917.522,105.872,140.821,899.7,84.2848,128.533,920.945,96.4422,123.16,859.514,91.0047,110.781,986.824,95.8381,91.3211,847.987,104.996,98.9446,974.247,115.248,86.322,911.985,73.8231,80.4569,941.453,79.4269,74.2076,885.271,95.9895,51.1744,942.685,76.1961,43.4505,864.746,99.6319,16.3646,973.681,58.5806,14.8908,829.733,131.754,69.5457,833.922,146.342,67.0141,834.29,148.768,50.1135,835.222,134.7,53.0537,0,0,0
006696:898.485,105.155,142.776,897.434,102.394,146.698,903.472,107.399,145.001,900.364,94.0968,145.186,919.986,105.992,139.727,899.499,84.8663,128.463,927.536,98.3709,122.936,859.514,91.0047,110.781,986.69,95.8339,90.8956,847.271,104.8,99.0192,974.225,114.744,84.6831,909.741,74.5759,81.1963,938.095,79.7571,75.2875,885.23,95.9881,51.04,942.685,76.1961,43.4505,872.015,98.7341,14.3195,973.638,58.579,14.7482,838.141,132.972,66.8559,833.922,146.342,67.0141,834.16,149.302,50.162,833.087,135.449,53.8844,0,0,0
006697:898.014,105.193,142.86,898.373,102.194,146.434,902.001,107.642,145.372,903.971,93.7759,144.07,916.331,106.712,140.453,900.785,85.6813,127.644,925.755,99.1052,122.348,860.126,90.9095,110.336,975.325,94.5479,92.9076,847.743,106.137,97.9555,972.76,114.376,84.7116,912.219,75.2672,80.3357,938.389,80.4757,74.9728,885.23,95.9881,51.04,941.857,76.3015,43.5457,872.299,98.6848,13.9212,973.638,58.579,14.7482,834.092,133.395,68.3742,835.334,146.74,67.2642,837.356,150.322,49.4197,834.997,135.777,53.1442,0,0,0
006698:898.348,105.227,142.377,898.283,102.454,146.149,902.303,107.761,144.748,902.465,94.3699,144.406,916.139,107.038,139.816,900.358,85.2824,128.042,921.844,99.5628,122.974,860.712,91.09,109.906,973.776,94.4494,93.4547,844.097,105.37,98.9204,972.945,114.112,84.7468,910.646,74.9532,80.6342,935.73,80.9608,75.0417,884.458,96.0794,51.1288,939.385,76.6196,43.832,873.581,98.5376,13.8117,973.638,58.579,14.7482,832.72,133.535,68.7916,836.516,147.148,66.631,835.309,150.507,50.2152,835.03,135.775,53.2711,0,0,0
006699:896.192,106.325,143.201,895.176,103.229,147.085,900.656,108.781,145.535,899.701,94.9865,144.702,915.25,107.646,140.316,898.932,86.3756,127.545,921.646,99.8547,122.612,865.442,92.3456,109.195,973.776,94.4494,93.4547,847.721,107.279,97.7551,971.429,113.781,84.0704,910.517,74.9946,80.8789,937.234,80.7749,75.1758,877.115,96.9977,53.0807,939.385,76.6196,43.832,874.494,98.4266,13.5938,973.638,58.579,14.7482,835.466,133.792,68.3842,837.284,147.085,66.6767,835.35,150.508,50.3465,836.7,135.646,53.751,0,0,0
006700:898.797,106.353,142.348,897.312,103.272,145.873,901.842,109.022,144.885,900.537,95.0193,143.544,910.634,108.292,141.045,902.3,85.912,125.413,912.341,100.949,124.104,866.082,91.9825,108.611,972.961,94.5472,93.6645,845.701,107.538,98.371,975.418,113.958,82.585,904.325,75.9536,80.9125,919.439,82.3322,78.855,876.393,97.0893,53.3015,938.603,76.7262,44.0657,869.893,99.0032,15.0753,969.886,58.9932,13.2971,834.738,133.861,68.4631,833.792,147.4,67.6051,838.186,150.256,49.7058,836.7,135.646,53.751,0,0,0
006701:898.762,106.717,141.405,898.744,104.025,145.062,900.51,109.18,144.381,902.436,95.9141,143.289,910.331,107.984,140.391,903.349,86.5031,126.09,916.998,100.625,121.926,866.749,91.8905,108.296,967.063,95.2214,94.4267,846.517,107.987,99.057,975.424,113.368,82.2393,909.437,75.4001,79.2181,925.582,80.8771,76.5532,876.393,97.0893,53.3015,938.603,76.7262,44.0657,866.612,99.3537,14.7705,967.467,59.6944,15.1184,834.051,133.931,68.6719,832.938,147.457,67.294,838.062,150.252,49.3113,836.7,135.646,53.751,0,0,0
006702:896.212,106.719,142.155,894.746,104.126,145.734,899.697,109.368,144.281,897.597,96.3903,143.762,910.923,108.947,139.522,903.929,86.6816,125.203,911.126,101.309,122.852,867.375,92.0716,107.991,967.608,95.1162,93.3778,839.985,106.711,100.107,973.378,112.88,81.9526,907.411,75.8584,80.6487,922.613,82.2755,77.8584,877.713,97.4627,52.7558,938.603,76.7262,44.0657,869.905,99.0132,15.3285,969.065,59.7559,14.618,833.969,133.928,68.4118,833.252,147.93,66.2389,838.881,150.459,49.7603,840.453,136.84,52.4317,0,0,0
006703:896.579,107.195,141.191,897.883,104.214,144.586,898.815,110.01,143.888,903.681,95.9858,142.11,908.252,109.596,139.71,900.792,87.8352,126.242,914.482,100.909,122.119,867.375,92.0716,107.991,967.567,94.5278,92.9335,841.219,107.056,99.9368,970.352,113.056,81.8067,915.94,75.102,79.4828,934.771,80.3778,75.2262,878.967,97.8387,51.9454,938.532,76.7278,43.7898,876.438,98.2149,13.6863,965.856,60.2306,15.778,834.106,134.188,69.188,833.277,147.927,66.3604,838.881,150.459,49.7603,839.868,137.174,53.3116,0,0,0
006704:895.83,107.207,141.114,895.763,104.155,144.34,897.9,110.068,143.8,900.293,96.1763,141.626,905.765,110.466,139.915,903.577,87.9587,123.652,904.842,102.046,123.956,866.68,92.1661,108.18,965.237,93.9433,93.3849,839.014,106.408,100.64,966.879,112.501,81.7421,913.73,77.3836,78.6093,927.696,84.4129,76.227,878.887,98.1178,51.8278,935.408,76.5721,44.4246,869.995,99.021,15.7285,967.35,60.5926,15.004,833.583,134.262,69.9165,830.8,148.444,68.3818,840.814,150.269,48.5668,840.06,137.441,54.2345,0,0,0
006705:894.343,107.179,140.325,892.953,104.336,144.337,896.852,110.066,143.201,896.806,96.5107,142.48,908.477,109.822,138.76,900.832,88.2025,124.555,911.029,101.31,122.583,864.578,92.4432,108.742,962.877,93.361,93.6972,840.356,107.389,99.9106,967.78,112.74,81.5536,911.016,76.7535,78.8249,928.267,82.6906,76.017,880.338,97.9353,51.3833,935.365,76.5706,44.2861,866.66,99.3224,14.1872,966.502,60.7113,15.1165,831.684,134.473,71.0551,837.042,148.42,67.0512,839.17,150.467,50.6813,840.756,137.372,54.0161,0,0,0
006706:893.49,108.185,140.097,892.449,105.112,143.454,897.241,110.951,142.391,897.43,96.9423,139.997,906.196,110.399,137.889,904.258,88.016,120.697,905.531,102.702,121.808,862.483,92.7194,109.301,960.459,92.784,93.735,844.301,108.897,97.8476,964.291,112.181,81.4206,915.657,76.1885,75.9428,927.202,82.83,74.8499,885.915,97.2018,48.9699,941.288,78.0471,42.3646,866.789,99.4024,16.3011,966.43,60.7131,14.8324,833.772,134.264,70.5589,836.191,147.748,68.5639,840.652,150.347,50.5016,837.976,137.645,54.8884,0,0,0
006707:891.724,107.242,141.257,890.721,104.033,144.862,894.634,110.542,143.836,895.057,96.1665,142.152,903.728,111.537,139.489,901.031,88.3868,123.534,901.35,103.223,123.317,862.524,92.7207,109.431,959.318,92.8729,92.83,835.609,107.77,100.217,962.594,112.111,80.7236,907.029,76.2116,79.8313,919.739,83.5843,77.509,886.883,97.0748,48.5555,942.109,77.9402,42.2676,867.413,99.3042,15.6516,966.43,60.7131,14.8324,835.662,134.585,69.8383,835.224,147.601,70.2319,838.391,150.872,53.3704,840.034,138.238,54.9311,0,0,0
006708:892.856,107.662,140.331,893.531,104.676,143.361,894.295,110.646,143.01,899.067,97.088,140.216,901.184,111.329,138.942,902.311,89.6047,122.365,901.822,103.417,122.707,862.191,94.8986,109.526,958.257,92.9624,92.2028,836.307,107.855,101.549,962.059,111.993,80.4961,915.912,78.6856,77.1811,927.666,85.376,74.9643,883.494,97.2306,49.7229,942.109,77.9402,42.2676,870.503,98.931,14.9728,966.43,60.7131,14.8324,834.285,135.259,70.6826,838.047,147.884,70.0797,834.704,151.239,56.3599,839.101,137.838,56.4862,0,0,0
006709:893.019,108.943,139.525,893,105.65,143.278,894.155,111.917,142.614,897.413,97.0405,141.14,899.922,111.398,139.485,895.485,89.3177,124.775,908.118,102.711,122.224,859.934,95.7109,109.848,958.039,92.9555,91.5065,841.346,108.351,98.2488,958.287,111.025,80.8684,916.096,75.3713,77.8416,933.854,80.7104,74.3974,882.869,97.3118,50.1045,942.895,77.8341,42.0321,875.055,98.3621,13.5466,963.275,61.1865,16.1322,832.941,135.667,71.3804,837.902,148.412,70.1165,834.761,151.234,56.6081,839.554,138.58,56.0831,0,0,0
006710:891.091,108.512,139.636,890.525,105.308,143.168,893.114,111.506,142.542,894.23,97.0295,141.12,899.195,111.294,139.686,896.196,89.4051,123.759,903.537,103.245,122.979,862.401,96.7109,108.778,958.039,92.9555,91.5065,841.829,108.437,98.8113,957.189,109.827,81.0191,908.983,76.7168,78.1663,921.187,82.3203,76.3456,884.846,97.0636,49.5233,942.86,77.835,41.8937,866.48,99.4241,16.0203,963.239,61.1874,15.9905,832.174,135.733,71.3277,835.574,149.655,70.9488,838.77,152.454,56.4423,838.087,139.242,56.8034,0,0,0
006711:890.199,109.342,138.664,889.287,106.034,142.815,893.458,112.233,141.476,894.397,97.3753,140.94,905.263,111.549,137.501,890.215,90.5639,124.671,919.388,101.369,119.493,861.703,96.8008,108.965,957.995,92.9541,91.3673,839.557,107.636,97.6064,961.442,110.945,80.2085,916.938,76.746,75.7264,947.866,80.7759,68.9809,876.225,98.1359,51.8435,943.667,78.0266,41.8105,867.93,99.2505,15.7333,963.239,61.1874,15.9905,829.621,136.007,72.7909,836.307,149.595,70.8704,839.386,152.391,55.9613,836.743,139.642,57.641,797.902,149.504,89.8778
006712:885.948,109.509,139.891,884.921,106.314,143.458,889.86,112.466,142.271,890.154,98.0508,140.53,902.693,112.575,137.335,897.09,89.9955,121.492,907.813,104.59,120.328,859.542,97.3436,109.41,957.11,93.0491,91.2977,840.219,107.756,98.3581,960.344,110.334,80.6541,911.988,76.6481,77.4967,928.403,83.083,74.767,882.864,97.5886,50.1747,943.667,78.0266,41.8105,864.119,99.7151,16.6698,963.239,61.1874,15.9905,829.69,136.267,73.3124,835.052,149.986,71.9565,836.754,152.634,57.3531,837.513,140.116,58.1198,799.984,150.304,88.1661
006713:886.628,109.424,140.164,885.765,106.331,143.717,889.328,112.48,142.718,890.857,98.16,140.864,898.712,112.843,138.365,899.087,89.289,121.554,903.181,105.144,121.642,858.193,97.5234,109.912,955.43,93.2413,91.4368,835.019,106.012,99.1231,957.485,109.614,80.7738,912.128,76.0155,76.5394,923.899,83.1005,74.699,882.017,97.6978,50.4925,942.008,78.2356,42.0033,863.894,99.745,16.7806,963.805,61.3729,14.8956,826.787,137.335,74.1943,832.848,150.962,72.8989,834.431,153.602,58.0562,836.755,140.449,58.3558,799.689,150.304,87.1573
006714:887.45,110.117,139.48,886.263,106.655,142.995,890.263,113.063,142.128,890.226,98.0718,139.793,898.731,113.02,137.805,896.386,90.5033,120.369,904.979,105.454,120.669,852.755,96.8426,111.455,954.505,93.3346,91.2283,843.589,108.48,97.1281,955.242,109.178,79.0512,913.771,77.5958,75.5547,928.705,84.1535,73.1357,879.388,98.0183,51.0663,938.905,77.7856,42.6324,863.276,99.8289,17.1204,963.805,61.3729,14.8956,827.408,138.066,74.4388,829.103,150.792,74.9792,832.136,154.308,58.4926,834.625,141.181,59.2998,801.778,151.107,85.4372
006715:884.872,110.922,140.582,884.655,107.762,143.789,888.627,113.597,142.754,890.454,99.2985,140.137,900.151,112.843,137.453,896.209,90.5751,120.954,908.852,106.335,118.773,847.507,95.292,113.92,954.505,93.3346,91.2283,835.601,106.884,100.756,956.247,109.276,81.1843,913.154,78.0746,76.0192,928.702,84.3983,73.2089,880.133,98.1896,50.3955,938.045,77.8908,42.5901,869.1,99.09,15.0488,962.99,61.1934,14.9985,825.066,139.058,74.7266,828.755,151.574,74.6428,835.344,155.335,57.9003,826.948,141.899,61.2608,803.988,150.861,83.1109
006716:887.085,111.099,139.374,887.561,107.997,142.866,889.853,113.663,141.938,894.581,99.5012,139.867,900.731,112.422,137.485,892.29,92.0913,123.96,920.744,104.991,116.84,855.633,98.4121,111.822,951.29,93.4309,91.7715,834.631,109.321,102.136,954.051,109.032,81.1923,915.712,76.4326,77.6496,939.802,80.0247,72.2457,874.082,98.9293,51.7935,937.221,77.9951,42.6858,869.328,99.0744,15.2663,962.99,61.1934,14.9985,821.701,139.655,76.0237,829.788,153.047,74.5102,831.753,155.623,58.5899,827.534,142.635,61.3775,806.094,151.669,81.3758
006717:884.273,110.457,139.779,884.922,107.361,143.292,887.921,113.321,142.189,893.365,99.0644,139.976,902.47,113.057,136.755,888.484,92.0292,124.312,924.154,104.608,116.354,838.312,96.8768,116.674,950.487,92.6632,91.397,831.466,108.709,102.511,950.897,108.533,81.4262,910.769,76.7518,77.9161,941.846,80.8146,70.6893,874.294,98.887,51.3827,937.186,77.996,42.5479,870.126,98.9545,14.5613,964.394,60.9505,13.7801,822.377,139.589,75.8202,822.957,153.637,76.5633,824.799,156.465,60.7618,825.889,143.293,61.333,805.666,151.672,79.8627
006718:882.284,110.803,140.202,881.446,107.643,143.913,887.596,113.448,142.193,887.425,99.4664,140.965,904.477,112.987,136.231,891.068,92.331,123.021,918.141,105.316,117.981,842.409,98.1098,114.646,949.185,91.9886,92.324,831.786,109.438,101.488,950.112,108.44,79.9809,914.029,77.984,77.1045,941.731,82.6567,71.0779,874.522,98.8768,51.7222,936.618,78.109,43.476,869.656,99.0252,14.9781,964.394,60.9505,13.7801,819.048,139.92,76.9641,823.895,154.569,75.7361,821.586,157.48,60.7891,822.427,144.867,60.8817,807.911,152.478,78.617
006719:882.262,110.866,139.847,880.86,107.837,143.602,887.91,113.366,141.789,886.228,99.8941,140.858,905.35,112.657,135.875,890.68,92.4878,122.828,921.02,104.992,117.563,839.628,97.9526,114.423,949.148,91.9893,92.1874,828.759,108.821,102.359,950.584,108.185,80.9477,914.647,78.5654,75.6949,946.267,82.9927,68.6637,863.545,97.7292,55.8843,932.728,78.6356,44.6424,868.043,99.2024,14.9375,969.271,60.2428,12.2452,814.778,140.833,77.8294,819.822,154.918,76.9622,817.657,158.542,60.8958,818.765,144.715,63.1149,807.483,152.483,77.1007
006720:881.54,110.798,140.069,879.368,107.701,144.103,888.481,113.588,141.681,883.681,99.6603,141.378,908.246,113.156,134.832,869.097,94.2969,126.597,923.865,104.754,119.036,840.691,100.245,113.744,953.27,93.8329,92.9078,832.042,110.655,101.183,937.309,110.824,85.9081,911.248,77.9824,76.807,948.407,82.6549,68.3135,865.237,96.7258,55.2509,942.586,77.6186,42.3992,868.796,99.1348,15.2951,959.249,57.9042,16.0036,815.544,140.764,78.0001,812.987,155.508,78.5154,811.614,159.325,62.9958,813.818,143.651,64.7992,807.319,152.478,76.5823
006721:883.125,112.458,140.343,887.391,109.916,142.71,889.488,114.018,142.217,893.986,102.542,139.44,901.609,110.446,138.773,887.487,95.0398,123.375,913.419,103.016,120.356,852.814,98.6485,109.793,908.003,104.104,102.554,830.933,110.452,102.399,892.316,114.504,99.1994,904.617,81.2543,77.7177,928.959,84.9097,73.8566,878.568,99.0265,51.9587,937.571,80.4371,43.0387,874.253,100.485,15.5989,963.179,57.2436,13.5748,808.387,142.21,80.1439,810.057,155.395,79.0769,808.633,158.316,67.2951,809.459,145.914,67.6083,804.927,152.716,78.4151
006722:882.983,112.46,139.822,887.248,109.918,142.188,886.415,114.35,142.391,893.816,102.537,138.904,901.465,110.448,138.245,884.571,95.4115,124.108,913.419,103.016,120.356,852.467,99.7373,109.318,914.116,103.391,100.963,830.731,111.528,102.456,901.648,113.508,97.8751,901.616,81.6633,78.5635,928.959,84.9097,73.8566,875.825,98.2689,52.7989,934.565,79.685,43.9397,874.253,100.485,15.5989,959.911,57.7271,14.6047,805.709,142.469,80.9506,807.226,155.631,79.3929,803.236,158.767,68.9748,804.245,146.423,69.7971,799.879,153.188,81.0468
006723:882.983,112.46,139.822,887.078,109.913,141.654,886.415,114.35,142.391,893.816,102.537,138.904,901.465,110.448,138.245,884.571,95.4115,124.108,913.419,103.016,120.356,852.605,99.7344,109.833,911.068,103.752,101.765,830.567,111.523,101.937,898.638,113.845,98.6812,904.604,82.3951,78.3027,928.959,84.9097,73.8566,875.962,98.265,53.3318,934.565,79.685,43.9397,874.389,100.481,16.1371,959.911,57.7271,14.6047,805.872,142.474,81.4669,802.441,155.048,81.9398,801.008,157.951,70.2366,804.376,146.418,70.2967,797.105,154.469,82.4497
006724:882.983,112.46,139.822,884.161,110.252,142.349,886.415,114.35,142.391,893.816,102.537,138.904,901.465,110.448,138.245,881.668,95.7817,124.839,916.464,102.654,119.597,849.817,100.089,110.582,914.288,103.396,101.511,827.983,111.846,103.203,899.195,112.729,99.7107,904.604,82.3951,78.3027,928.959,84.9097,73.8566,878.706,99.0226,52.4927,934.565,79.685,43.9397,877.01,101.252,14.6763,959.911,57.7271,14.6047,800.939,141.937,83.4866,800.187,154.232,83.1529,798.466,158.171,71.5631,799.308,145.87,71.8669,788.754,156.189,84.413
006725:882.983,112.46,139.822,884.161,110.252,142.349,886.415,114.35,142.391,890.735,102.895,139.082,898.486,110.788,138.955,881.527,95.7841,124.315,916.125,103.794,119.11,849.679,100.092,110.068,914.091,104.536,101.564,827.848,111.85,102.696,898.81,113.85,99.2253,904.463,82.3981,77.7617,928.959,84.9097,73.8566,875.825,98.2689,52.7989,934.422,79.6886,43.3821,879.974,100.886,13.6853,959.911,57.7271,14.6047,798.292,142.196,84.2816,797.53,154.465,83.9521,793.442,157.581,73.1222,794.411,145.321,73.9203,781.426,156.881,88.3004
007044:102.914,209.122,-3.49135
