009466:1161.9,128.932,163.947,1163.41,124.935,164.418,1160.59,128.449,166.007,1168.61,119.48,156.584,1162.45,127.487,160.638,1164.73,124.294,142.277,1231.88,132.546,129.397,1142.06,131.835,169.729,1201.26,112.651,122.051,1141.88,134.55,183.621,1218.12,126.38,137.65,1186.4,126.706,90.2051,1178.7,144.601,92.5539,1163.15,121.874,50.5786,1195.72,144.386,47.9788,1165.63,100.323,16.4429,1194.87,143.602,15.9833,1215.2,120.175,178.717,1203.34,108.323,190.613,1201.75,111.825,203.723,1213.91,124.784,194.457,0,0,0
009467:1160.78,129.576,163.035,1165.2,125.498,163.245,1158.11,128.936,165.693,1175.79,120.209,154.727,1157.45,127.838,161.14,1168.91,125.328,141.129,1231.88,132.546,129.397,1143.61,132.225,169.445,1202.18,112.567,121.862,1141.88,134.55,183.621,1218.12,126.38,137.65,1184.64,126.308,90.1893,1180.82,144.191,92.9016,1158.51,121.932,51.7137,1195.55,145.15,48.6283,1163.33,99.7579,17.8474,1194.65,143.45,16.7056,1215.2,120.175,178.717,1206.08,108.065,190.165,1206.44,110.024,202.292,1206.56,123.002,196.447,0,0,0
009468:1163.6,130.075,161.702,1165.64,125.741,162.724,1165.24,130.241,164.091,1170.08,119.498,156.431,1171.7,130.513,159.333,1162.66,123.792,142.696,1233.66,132.96,129.187,1143.61,132.225,169.445,1203.1,112.482,121.673,1139.56,133.964,184.025,1218.12,126.38,137.65,1185.21,126.429,90.3319,1181.66,144.126,92.4361,1159.43,122.199,50.7646,1196.15,145.296,48.1259,1158.05,98.237,19.8728,1199.03,145.795,13.0566,1217.11,120.016,178.538,1207.9,107.893,189.866,1209.03,106.819,201.768,1215.88,121.943,195.091,0,0,0
009469:1158.06,129.186,163.355,1155.58,125.047,164.773,1165.76,128.94,164.136,1155.35,119.728,158.845,1190.04,128.566,155.084,1162.2,123.709,142.377,1236.29,133.583,128.67,1148.23,133.399,168.339,1203.1,112.482,121.673,1141.72,135.079,183.65,1218.12,126.38,137.65,1183.36,125.999,90.5122,1181.66,144.126,92.4361,1160.15,122.988,50.123,1198.23,145.093,47.5458,1162.47,99.2271,18.8401,1207.9,143.643,10.9425,1217.24,120.02,178.948,1212.49,107.46,189.114,1211.77,106.559,201.338,1209.19,119.261,195.33,0,0,0
009470:1163.37,130.813,160.953,1163.02,126.462,162.613,1169.95,130.626,162.363,1163.57,120.159,157.276,1190.45,129.729,154.694,1163.08,124.013,140.794,1236.4,133.582,129.07,1151.25,133.917,167.108,1203.1,112.482,121.673,1141.72,135.079,183.65,1217.26,126.178,137.816,1185.97,126.641,89.6898,1184.4,143.926,91.8173,1164.98,124.187,48.4293,1197.92,146.407,46.9038,1161.8,99.0917,18.7477,1204.04,144.129,11.4767,1217.67,118.632,179.018,1214.43,106.731,188.658,1211.27,104.708,201.143,1214.87,119.617,195.687,0,0,0
009471:1169.66,131.153,160.554,1169.42,126.774,162.046,1171.61,131.736,163.061,1169.88,120.518,156.621,1178.61,132.094,158.442,1164.66,124.354,141.112,1239.07,134.207,128.686,1153.77,133.704,166.365,1203.13,112.482,121.804,1137.42,135.422,184.263,1217.26,126.178,137.816,1188.42,127.242,88.97,1186.24,143.792,91.4038,1163.43,123.828,48.5491,1191.05,145.416,49.0586,1158.5,98.3479,19.5998,1200.7,144.485,13.3953,1224.4,117.506,178.022,1208.02,105.395,188.042,1215.8,103.987,200.011,1214.02,119.42,195.822,0,0,0
009472:1166.98,131.016,161.167,1167.51,126.463,162.087,1165.27,130.768,164.093,1170.77,120.53,155.158,1167.23,130.552,159.769,1167.31,125.579,140.561,1239.07,134.207,128.686,1153.63,133.704,165.861,1203.17,112.482,121.936,1136.51,135.227,183.9,1217.26,126.178,137.816,1190.48,127.731,88.5767,1189.12,143.595,91.1937,1161.86,123.705,49.5553,1197.47,145.351,47.5183,1153.38,100.894,22.6527,1199.88,144.079,13.5941,1221.97,116.358,178.431,1200.76,103.148,189.912,1214.21,102.498,199.706,1215.13,118.51,195.507,0,0,0
009473:1175.12,131.624,157.778,1174.89,127.528,159.507,1176.53,131.544,160.171,1177.13,121.738,154.607,1188.74,130.432,154.32,1171.28,126.426,141.549,1241.71,134.833,128.168,1153.55,133.703,165.602,1206.68,113.26,121.635,1136.33,135.227,183.279,1215.55,125.775,138.147,1196.51,128.319,86.6796,1199.55,145.831,89.9713,1166.61,126.052,48.0692,1204.16,145.928,44.6532,1153.44,100.894,22.85,1197.18,142.223,14.2484,1217.38,115.377,178.095,1207.01,100.576,186.918,1225.23,103.096,199.208,1220.74,117.742,194.582,0,0,0
009474:1171.42,131.804,158.548,1171.37,127.842,159.999,1176.61,131.799,160.125,1172.88,122.278,154.388,1193.6,130.433,152.938,1166.19,126.117,141.703,1241.71,134.833,128.168,1153.22,133.702,164.455,1210.09,114.041,120.937,1136.19,135.227,182.782,1212.7,126.006,138.553,1183.69,127.99,88.2287,1191.31,144.227,89.4607,1162.43,125.011,49.5226,1211.54,147.002,41.845,1151.02,100.037,23.732,1206.31,143.227,9.55042,1214.01,114.597,178.804,1210.51,100.212,185.78,1223.29,102.712,198.802,1221.05,115.793,193.82,0,0,0
009475:1172.29,132.51,156.635,1172.35,128.328,158.687,1177.66,133.218,158.656,1170.99,121.536,155.014,1197.09,133.316,151.746,1154.95,123.374,144.08,1241.71,134.833,128.168,1158.54,135.086,162.675,1210.09,114.041,120.937,1135.98,135.222,182.128,1212.92,126.012,139.24,1184.39,127.339,87.0058,1187.06,144.477,88.5104,1157.07,125.869,49.2473,1209.55,147.499,42.103,1155.98,100.383,20.8803,1213.05,143.274,7.6031,1213.98,114.037,178.233,1211.38,100.12,185.492,1220.64,101.866,198.671,1224.96,115.467,193.77,0,0,0
009476:1174.08,132.497,158.115,1175.72,128.146,159.336,1177.77,133.181,160.021,1176.3,121.657,153.945,1185.85,133.687,154.389,1159.06,124.75,141.939,1247.94,136.302,127.086,1157.89,135.614,161.137,1210.09,114.041,120.937,1134.64,135.026,180.27,1212.96,126.013,139.378,1187.26,128.01,86.6794,1186.98,144.475,88.2359,1155.21,125.41,49.78,1202.98,147.472,43.0518,1151.48,99.3003,23.0448,1211.91,142.98,7.54294,1210.41,113.257,178.271,1209.49,99.7449,185.117,1215.47,100.738,199.345,1218.87,113.825,194.072,0,0,0
009477:1170.08,132.888,157.548,1174.02,129.234,158.165,1174.75,132.943,158.838,1178.45,123.905,151.683,1183.19,131.658,152.706,1164.9,126.725,141.173,1242.09,136.443,127.596,1157.59,135.612,160.113,1210.09,114.041,120.937,1133.43,135.089,179.264,1214.79,125.858,138.879,1192.38,129.196,86.2787,1186.98,144.475,88.2359,1163.45,127.306,49.4709,1201.89,147.542,43.6497,1155.92,99.7047,22.2064,1203.25,140.429,9.73815,1212.33,112.812,177.944,1211.32,99.563,184.812,1208.38,99.2426,199.372,1220.78,113.1,193.477,0,0,0
009478:1178.25,134.887,154.66,1178.59,130.98,155.812,1180.99,134.297,156.614,1181.44,124.82,149.987,1189.25,131.615,151.003,1167.33,127.373,139.839,1242.05,136.443,127.462,1156,136.211,158.494,1210.09,114.041,120.937,1133.36,135.089,179.016,1219.25,125.463,137.282,1189.23,129.357,86.5011,1189.34,145.376,87.5528,1164.87,127.782,47.0888,1203.8,149.899,41.8922,1157.92,100.208,20.8607,1213.81,140.793,6.07476,1212.56,111.421,177.472,1213.12,99.3808,184.375,1214.91,97.7702,198.066,1218.1,112.239,193.217,0,0,0
009479:1182.22,134.016,153.377,1183.01,130.035,155.087,1185.13,134.368,155.494,1185.43,124.06,150.665,1200.53,133.787,149.138,1164.44,126.686,140.153,1241.83,136.445,126.66,1154.85,136.276,157.748,1212.66,114.63,120.412,1137.83,136.262,177.698,1219.21,125.462,137.144,1189.48,130.357,85.6771,1188.9,145.919,86.7694,1167.62,128.152,46.4902,1207.27,149.277,41.186,1160.06,100.081,20.7352,1218.31,141.55,4.19858,1222.82,109.922,175.43,1211.28,98.4484,183.711,1215.83,97.6783,197.921,1217.36,111.49,193.199,0,0,0
009480:1181.72,133.748,153.36,1181.6,129.232,154.48,1180.66,133.49,155.863,1178.75,123.213,149.05,1184.04,132.626,150.545,1168.35,127.73,137.962,1240.03,136.025,126.874,1152.71,136.406,156.771,1222.3,116.238,118.441,1137.56,136.257,176.801,1222.89,125.148,136.137,1190.02,130.535,84.8625,1185.91,146.388,87.0079,1172.79,128.544,44.8525,1198.98,148.748,44.2035,1160.64,100.186,21.0388,1211.68,141.344,7.09404,1220.12,109.34,175.465,1212.03,97.517,182.328,1215.91,96.8432,197.497,1224.64,110.525,191.308,0,0,0
009481:1180.06,134.194,153.932,1180.58,130.381,155.249,1184.05,134.201,155.589,1180.72,124.723,149.804,1198.38,133.193,148.675,1165.4,127.084,137.433,1244.27,137.076,125.383,1152.67,136.406,156.645,1222.3,116.238,118.441,1137.33,136.255,176.041,1224.71,124.992,135.506,1191.16,130.857,83.8534,1188.03,147.287,85.5127,1171.3,127.612,44.8514,1198.48,147.222,40.2368,1158.88,99.7952,21.3325,1221.11,141.463,1.31372,1218.61,107.839,175.446,1211.18,96.4937,181.774,1213.41,94.8942,196.925,1221.36,108.358,191.136,0,0,0
009482:1172.05,134.803,153.676,1172.36,130.376,155.752,1177.31,135.377,155.915,1171.58,123.689,151.919,1190.98,135.436,150.522,1159.5,126.696,140.234,1244.27,137.076,125.383,1154.93,136.733,155.535,1222.3,116.238,118.441,1139.48,136.041,174.282,1222.58,124.859,134.889,1187.42,129.914,85.3114,1186.08,147.418,85.5425,1171.79,128.06,44.2272,1197.75,148.52,41.7821,1156.5,99.5891,21.2532,1204.03,140.107,6.95446,1223.51,106.284,174.467,1222,95.0859,178.944,1208.48,92.6794,197.427,1226.33,107.089,190.631,0,0,0
009483:1176.84,135.397,154.604,1179.44,131.09,155.41,1181.48,135.929,155.91,1182.74,123.939,148.845,1189.45,136.229,149.936,1159.84,126.846,139.146,1243.85,137.372,125.1,1152.76,136.859,154.541,1218.84,115.447,119.149,1144.23,135.891,172.349,1218.07,124.41,135.621,1190.5,130.661,84.5849,1183.15,147.615,85.5223,1166.79,126.806,46.0867,1185.57,148.925,44.0528,1154.1,99.116,20.629,1213.79,141.576,4.21393,1216.97,105.496,174.304,1221.33,93.7816,178.792,1205.84,91.0201,196.609,1224.65,106.427,190.772,0,0,0
009484:1175.79,135.271,152.362,1180.46,131.269,153.641,1180,136.372,154.493,1188.24,124.727,148.321,1190.08,137.76,149.507,1154.71,125.594,140.116,1246.73,138.516,123.215,1152.57,136.858,153.903,1214.4,114.458,119.616,1145.09,135.823,172.193,1219.73,124.247,134.565,1184.07,129.456,85.1811,1184.93,148.039,85.5547,1172.81,128.569,44.502,1191.77,149.445,42.3733,1157.33,99.8338,20.0405,1213.49,141.758,4.24883,1224.32,104.784,172.749,1224.36,92.0932,178.001,1210.21,90.5387,195.341,1219.25,105.556,191.07,0,0,0
009485:1182.36,136.374,151.536,1184.57,132.949,153.1,1185.93,136.303,153.419,1184.9,127.422,149.392,1199.52,134.409,147.631,1169.55,129.165,138.037,1252.1,139.79,122.29,1154.76,137.456,152.818,1217.84,115.246,118.911,1145.32,136.278,170.519,1223.33,123.927,133.275,1185.34,130.31,85.569,1187.42,148.671,84.9852,1175.69,129.266,43.821,1206.06,149.137,40.3146,1154.12,99.1499,20.1088,1219.47,143.021,4.50386,1222.49,104.402,172.651,1219.14,90.9867,178.745,1212.78,90.2467,194.361,1227.67,104.198,189.417,0,0,0
009486:1191.18,138.632,149.285,1198.59,136.187,149.823,1189.83,137.921,151.924,1204.74,131.624,144.78,1191.79,134.311,148.036,1162.94,127.626,138.199,1249.59,140.21,121.501,1154.76,137.456,152.818,1219.57,115.641,118.557,1144.16,136.34,169.761,1223.29,123.927,133.143,1187.04,130.848,83.2003,1190.75,149.515,84.2234,1173.31,129.939,43.3878,1208.46,149.955,38.3034,1155.76,99.5513,19.1796,1229.22,141.609,0.410625,1223.41,104.033,172.214,1217.42,90.6194,179.036,1211.9,89.2262,193.8,1226.04,102.977,189.268,0,0,0
009487:1189.27,136.765,151.6,1194.98,133.456,151.913,1190.96,135.785,153.651,1196.92,128.459,145.971,1195.06,132.189,148.368,1168.59,129.057,136.309,1251.37,140.636,121.146,1154.76,137.456,152.818,1219.57,115.641,118.557,1144.06,136.34,169.385,1224.19,123.847,132.819,1190.1,131.661,81.4116,1190.75,149.515,84.2234,1171.59,130.469,42.8712,1194.04,150.075,41.0139,1149.6,99.2737,21.5574,1209.62,139.973,4.72089,1225.52,102.732,171.711,1222.99,89.758,177.949,1215.4,88.5549,192.523,1225.37,101.668,189.099,0,0,0
009488:1185.44,138.036,148.597,1188.03,133.813,150.453,1187.03,138.15,151.244,1187.37,127.012,146.674,1196.64,137.096,146.35,1161.18,127.319,136.659,1251.37,140.636,121.146,1151.68,137.649,151.861,1219.57,115.641,118.557,1144.65,136.536,168.61,1224.06,123.844,132.404,1187.1,130.359,81.8206,1190.75,149.515,84.2234,1169.8,130.962,42.6445,1212.39,150.966,36.1999,1151.93,100.114,20.6442,1207.44,139.387,5.85044,1229.5,101.531,171.042,1226.47,88.5169,175.933,1212.02,86.9931,192.521,1228.98,100.738,187.653,0,0,0
009489:1172.23,136.187,151.8,1176.3,132.25,153.193,1171.33,137,155.119,1187.21,126.32,147.49,1173.4,138.189,152.338,1170.31,128.965,134.89,1250.48,140.423,121.324,1151.59,137.647,151.596,1219.53,115.639,118.419,1144.36,136.536,167.602,1228.36,124.007,130.558,1190.54,131.1,82.4469,1190.75,149.515,84.2234,1170.25,131.016,43.4022,1189.65,149.86,41.4502,1149.16,99.4766,21.4853,1203.91,141.614,6.71097,1224.91,100.578,170.984,1221.16,87.419,176.421,1208.99,84.8781,193.399,1222.22,98.3903,188.608,0,0,0
009490:1189.72,139.281,147.884,1194.4,135.56,148.426,1190.33,138.633,150.133,1197.56,129.303,142.246,1195.8,135.989,144.322,1164.38,127.562,135.405,1250.48,140.423,121.324,1153.12,137.504,150.595,1222.99,115.296,116.676,1145.97,136.398,166.902,1229.53,123.934,131.066,1192.32,131.606,80.8588,1190.66,149.513,83.9479,1169.7,130.923,42.9231,1196.87,151.539,39.919,1148.71,99.3572,21.9071,1220.44,141.057,2.19887,1224.05,99.8242,170.699,1218.6,86.0317,176.303,1206.43,83.2289,192.858,1226.49,96.7929,185.77,0,0,0
009491:1181.08,137.173,147.105,1183.13,132.616,148.708,1183.45,137.905,149.903,1182.28,125.977,144.79,1189.33,138.681,145.934,1165.68,128.486,134.744,1249.06,140.503,120.872,1155.98,138.3,148.951,1224.72,115.407,116.025,1145.66,136.394,165.873,1235.32,123.462,130.092,1195.05,132.638,79.1288,1191.45,149.445,83.3221,1171.78,131.496,41.4029,1196.94,152.733,39.6144,1149.2,99.4729,21.6881,1211.11,140.265,4.83675,1223.59,97.9533,170.782,1223.1,84.9691,174.683,1209.9,83.386,192.154,1233.05,94.5596,186.441,0,0,0
009492:1182.9,138.139,151.053,1183.45,134.186,152.4,1186.24,138.012,152.849,1181.39,127.892,146.997,1198.3,136.856,145.665,1159.47,126.982,135.787,1248.17,140.29,121.05,1158.17,138.899,147.843,1226.46,115.804,115.667,1146.16,136.319,164.546,1237.42,123.307,130.274,1191.67,132.057,80.8459,1191.45,149.445,83.3221,1172.57,131.674,41.4555,1202.37,152.023,38.0728,1146.03,98.7782,22.0873,1205.12,140.982,7.32582,1220.29,96.0823,170.939,1230.12,83.8788,171.778,1217.5,81.0703,187.822,1232.51,94.2642,184.521,0,0,0
009493:1181.37,139.672,149.625,1183.01,135.32,151.056,1183.91,139.66,151.662,1185.77,127.376,145.238,1194.45,138.398,145.144,1157.46,126.559,135.14,1248.17,140.29,121.05,1156.17,139.03,147.398,1226.46,115.804,115.667,1145.69,136.306,163.094,1234.67,122.7,130.39,1186.08,131.584,82.2005,1197.21,150.933,81.5834,1171.56,131.42,41.7915,1199.87,152.508,37.7839,1149.73,99.5957,21.5183,1231.67,139.792,0.114377,1219.41,95.6145,170.808,1234.04,82.3438,170.829,1217.64,79.9482,187.512,1229.87,93.7071,184.828,0,0,0
009494:1190.86,140.655,148.605,1194.64,136.297,149.706,1193.98,140.375,150.361,1192.37,128.149,144.869,1202.65,138.301,143.699,1159.61,126.952,136.729,1248.17,140.29,121.05,1158.07,139.632,145.273,1226.46,115.804,115.667,1146.44,136.686,160.201,1234.72,122.701,130.529,1191.1,133.085,81.3508,1198.05,151.147,81.3904,1173.12,130.892,41.7035,1208.85,152.357,36.2873,1151.94,99.5417,20.4405,1211.94,140.929,3.74278,1223.02,94.9531,169.603,1233.9,81.7727,169.992,1218.58,77.8838,185.979,1225.43,91.3687,184.142,0,0,0
009495:1187.36,141.377,147.664,1190.22,137.316,149.32,1189.49,141.196,150.305,1191.08,129.58,144.699,1195.55,138.954,145.453,1164.37,128.282,133.236,1248.17,140.29,121.05,1157.73,139.623,144.206,1226.46,115.804,115.667,1147.02,136.879,159.399,1235.67,122.621,130.341,1191.15,132.892,79.893,1193.39,151.462,82.4613,1173.65,131.052,41.1063,1201.72,152.926,38.3698,1155.26,99.7165,19.483,1209.1,140.501,6.32986,1224.68,94.7618,168.609,1230.2,80.1967,169.355,1217.16,75.8487,186.075,1222.03,89.5108,184.013,0,0,0
009496:1143.68,130,152.62,1153.98,128.131,152.748,1153.65,131.709,153.663,1176.98,127.183,144.431,1187.27,136.142,143.991,1170.97,130.267,130.702,1249.95,140.716,120.695,1159.09,139.481,142.55,1226.46,115.804,115.667,1151.52,136.99,156.745,1235.67,122.621,130.341,1204.34,135.611,75.1248,1197.23,152.534,80.1854,1175.08,131.326,41.9429,1207.16,153.782,36.8392,1157.94,99.4666,18.4167,1202.77,141.017,8.71706,1235.1,92.5831,166.223,1229.37,77.7477,168.073,1221.49,74.4747,183.938,1214.27,87.5882,185.017,0,0,0
009497:1184.7,139.303,145.64,1186,134.946,147.22,1190.64,139.881,147.423,1190.86,128.59,141.5,1202.86,140.058,141.125,1173.54,130.88,130.446,1251.65,141.141,120.079,1159.05,139.48,142.417,1227.29,116.002,115.349,1136.22,134.957,153.756,1235.67,122.621,130.341,1197.9,134.027,76.9218,1197.23,152.534,80.1854,1173,130.906,41.0676,1200.21,153.582,37.2329,1159.24,99.723,18.7175,1207.5,138.81,4.52689,1227.79,91.9413,167.084,1230.97,77.5324,166.924,1219.8,72.4344,183.235,1219.57,86.9949,183.42,0,0,0
009498:1167.23,135.93,147.934,1175.19,133.471,148.379,1170.11,136.493,150.133,1194.98,130.548,141.456,1179.34,137.418,146.247,1173.22,131.448,129.553,1251.65,141.141,120.079,1158.63,139.205,140.71,1229.91,116.599,114.809,1140.69,135.602,151.677,1236.24,122.067,131.563,1196.05,134.424,78.1037,1201.33,153.608,78.8201,1169.34,129.92,43.415,1193.62,152.453,40.8756,1159.63,99.8223,18.4389,1205.14,141.496,10.1351,1222.13,90.5397,166.358,1226.26,76.0695,166.19,1211.91,70.5881,183.859,1221.22,86.5131,182.295,0,0,0
009499:1189.46,139.551,149.842,1191.1,135.061,151.32,1197.09,139.65,150.913,1186.33,127.501,146.37,1208.62,138.141,143.428,1162.16,128.477,135.712,1250.7,140.926,120.084,1160.22,139.065,139.824,1229.91,116.599,114.809,1141.98,135.183,149.742,1231.82,121.058,132.285,1197.03,135.211,78.6537,1197.96,152.75,79.5974,1172.25,130.681,41.9117,1196.62,154.047,40.9352,1154.02,99.1529,19.6443,1205.66,139.666,5.85053,1225.04,87.9876,164.553,1225.29,74.1935,164.812,1215.4,69.593,182.42,1228.56,84.873,180.089,0,0,0
009500:1189.36,139.708,149.243,1190.77,135.068,150.903,1195.35,140.192,150.84,1190.39,127.912,145.42,1207.96,139.59,143.541,1165.31,129.384,133.037,1250.59,140.922,119.738,1160.04,138.788,139.005,1230.79,116.798,114.629,1140.8,135.246,148.868,1229.34,120.46,133.212,1194.68,134.73,77.7571,1195.22,152.102,79.4873,1167.6,130.168,42.5639,1219.59,153.847,33.6966,1158.78,100.222,18.559,1207.07,140.416,7.24388,1218.13,87.9397,166.797,1226.11,73.5175,163.948,1227.64,68.0643,178.229,1230.68,82.6964,179.171,0,0,0
009501:1191.67,139.624,149.394,1196.74,135.545,149.908,1193.94,139.73,151.487,1198.87,129.226,143.353,1196.1,138.434,146.102,1168.1,130.106,131.91,1250.44,140.923,119.201,1161.02,138.182,138.54,1233.42,117.398,114.087,1136.74,134.265,149.002,1229.38,120.461,133.35,1193.27,135.218,79.0538,1195.84,152.588,78.9005,1168.02,130.529,43.0457,1207.38,152.747,39.0705,1156.88,99.8049,18.8356,1211.25,141.097,6.99823,1221.87,86.4185,165.425,1226.23,71.5424,162.832,1227.33,66.6427,176.301,1226.32,80.9496,179.214,0,0,0
009502:1194.48,140.11,149.679,1197.37,135.3,150.652,1200.81,140.061,151.039,1193.73,128.105,144.52,1212.74,139.764,143.116,1171.48,130.937,131.175,1249.81,140.966,119.235,1163.76,136.897,137.05,1233.42,117.398,114.087,1133.78,133.672,147.287,1227.82,120.065,134.244,1185.06,135.277,81.1283,1193.05,152.775,79.5477,1161.78,130.114,45.6153,1198.6,153.569,41.2928,1157.09,100.41,19.2729,1219.29,140.306,3.82114,1224.3,85.8322,163.57,1232.63,70.4994,161.111,1234.13,63.8916,174.759,1224.97,78.9038,179.587,0,0,0
009503:1190.05,140.003,149.427,1192.53,134.939,150.807,1195,140.214,151.412,1190.19,126.854,145.136,1199.72,138.951,145.535,1170.43,130.543,133.475,1249.78,140.966,119.101,1168.15,135.736,135.072,1236.06,118,113.544,1128.46,132.766,146.071,1227.79,119.784,133.83,1186.67,137.775,80.4132,1193.56,153.817,79.2891,1162.59,130.329,45.165,1195.29,154.083,41.4675,1151.13,99.6609,20.4715,1215.48,141.128,3.95293,1225.13,85.1628,162.698,1242.67,69.2928,158.299,1221.37,60.9291,174.831,1226.56,78.1258,178.036,0,0,0
009504:1187.23,138.624,151.1,1191.25,133.601,151.772,1192.95,139.042,152.664,1191.18,125.941,145.563,1203.41,139.594,145.734,1165.74,129.407,134.194,1249.11,141.009,119.001,1161.4,134.138,135.217,1238.82,118.602,113.402,1128.39,132.951,143.11,1225.18,119.185,134.337,1179.07,137.383,82.0692,1196.08,154.46,78.7074,1161.16,128.614,48.496,1197.8,153.39,41.6418,1147.36,98.7594,22.1898,1213.22,140.719,4.25531,1228.86,84.7624,162.033,1238.25,69.7221,156.806,1220.54,61.193,172.403,1235.37,76.7921,174.553,0,0,0
009505:1185.29,139.069,152.295,1187.49,134.212,153.774,1189.2,139.401,153.938,1190.73,126.382,146.945,1194.3,139.372,146.922,1165.97,130.375,133.567,1246.37,141.479,119.46,1160.31,134.21,134.631,1238.82,118.602,113.402,1128.27,132.948,142.717,1228.02,118.939,133.784,1180.45,137.781,80.9034,1198.71,155.379,78.9351,1161.26,128.046,48.5059,1196.53,153.244,40.2987,1155.33,100.585,19.8903,1217.78,142.799,3.97987,1225.03,84.0324,161.453,1238.13,69.721,156.4,1225.36,60.5026,169.148,1234.38,75.4805,173.469,0,0,0
009506:1185.34,139.656,151.247,1187.23,134.75,152.657,1192.48,140.04,152.273,1188.14,127.108,146.045,1209.49,139.874,143.676,1169.91,131.44,131.313,1249.03,142.12,118.925,1160.78,134.946,133.975,1235.76,119.698,114.3,1130.77,132.648,139.174,1229.85,119.342,133.722,1179.93,137.609,81.6564,1198.67,155.379,78.8036,1167.72,127.509,47.6554,1199.7,152.609,40.8047,1155.13,100.52,20.2645,1210.8,141.002,6.50658,1226.88,82.9825,160.419,1224.35,65.3888,155.895,1220.85,58.6789,165.701,1233.47,73.0248,172.042,0,0,0
009507:1187.49,139.354,151.239,1191.63,134.667,152.326,1193.79,139.508,152.612,1195.4,126.98,144.954,1201.91,139.059,145.54,1170.85,131.675,131.041,1250.84,142.549,118.654,1159.81,135.014,133.886,1234.91,119.779,114.899,1128.67,131.454,136.75,1229.9,119.343,133.86,1183.32,138.387,81.8405,1196.82,154.944,78.6383,1166.09,127.091,48.4044,1191.97,154.111,43.8445,1160.05,101.656,18.7108,1205.95,141.303,10.6605,1225.71,81.9494,158.933,1223.01,65.2069,154.563,1224.33,57.3703,163.821,1231.43,71.2446,170.532,0,0,0
009508:1197.51,139.529,151.982,1196.86,134.56,153.599,1198.1,139.478,154.246,1195.57,127.279,147.178,1200.53,138.857,147.563,1173.36,132.22,131.609,1248.17,142.771,120.296,1159.81,135.014,133.886,1232.75,121.076,115.631,1128.44,130.925,135.336,1229.99,119.345,134.138,1185.75,138.374,81.6085,1194.23,154.851,79.6649,1168.59,127.635,48.806,1210.5,154.4,38.684,1169.72,103.866,15.9816,1205.97,139.127,6.64976,1223.64,81.3041,157.902,1222.68,64.3505,152.917,1222.12,56.1824,161.973,1221.13,67.0522,168.501,0,0,0
009509:1191.88,137.949,152.44,1193.76,133.521,153.746,1197.89,138.845,153.819,1198.26,127.642,146.376,1204.98,139.36,146.421,1170.91,132.254,131.318,1244.09,143.071,121.482,1159.47,135.012,132.721,1227.42,121.852,118.332,1130.08,129.979,134.023,1230.07,119.348,134.415,1183.16,137.734,82.2348,1195.88,155.556,79.5622,1172.51,127.69,47.9909,1201.46,154.192,41.286,1170.78,104.091,16.0275,1195.95,140.086,10.6694,1222.88,78.8618,156.763,1223.25,64.2347,151.535,1221.12,56.0113,161.721,1232.83,65.9011,165.319,0,0,0
009510:1198,137.487,153.725,1199.29,133.081,154.946,1201.19,138.697,155.32,1200.78,127.011,147.836,1202.64,139.502,148.415,1168.38,131.601,132.28,1242.75,142.903,122.256,1159.28,135.011,132.071,1228.65,122.349,119.561,1134.87,129.546,131.823,1230.07,119.348,134.415,1184.34,137.958,82.9662,1192.19,156.078,80.8601,1171.1,127.022,48.8466,1205.45,153.771,41.1758,1166.89,103.13,18.3106,1210.99,142.814,7.15411,1222.75,77.443,155.358,1224.21,64.2853,148.372,1222.74,55.4901,160.566,1235.59,65.853,164.835,0,0,0
009511:1192.64,136.782,155.732,1192.74,132.13,156.943,1196.57,137.614,157.275,1196.19,126.123,148.901,1203.49,138.013,149.119,1164.04,131.075,133.744,1240.35,143.372,123.759,1160.88,134.865,131.176,1226.79,122.791,120.369,1140.19,130.376,129.645,1230.07,119.348,134.415,1187,137.95,83.4809,1196.8,157.166,81.2721,1175.29,126.768,49.1569,1202.21,154.545,42.2022,1175.86,105.204,15.4169,1198.87,140.921,8.92767,1220.51,77.0787,154.057,1219.36,63.1353,147.426,1221.39,54.1844,158.413,1234.03,65.9544,162.968,0,0,0
009512:1194.46,137.659,154.597,1191.72,132.968,156.856,1201.48,138.281,155.513,1187.96,126.516,150.982,1213.88,138.747,146.594,1165.19,131.585,134.496,1241.22,143.585,123.584,1163.79,135.385,129.302,1226.8,123.641,121.24,1142.8,132.141,125.364,1228.26,119.513,135.061,1196.02,138.282,83.0281,1197.92,157.105,81.7204,1177.56,125.413,50.5909,1207,155.146,42.5476,1173.86,105.038,16.0401,1196.85,141.268,9.87287,1220.1,77.0718,152.707,1224.65,62.4554,145.562,1221.63,54.0539,156.081,1228.01,64.9056,161.474,0,0,0
009513:1188.53,136.954,154.465,1191.07,132.808,155.757,1196.29,137.69,155.124,1192.19,126.995,149.345,1206.4,137.274,147.186,1165.25,130.842,137.163,1236.59,143.923,124.922,1165.86,135.985,127.637,1224.03,124.726,122.951,1142.01,132.135,122.66,1228.3,119.796,135.481,1193.69,136.775,84.1635,1198.13,157.102,82.5081,1178.13,125.254,50.4487,1209.68,151.891,43.6439,1171.61,104.535,16.4984,1208.09,143.058,8.77438,1217.85,76.7107,151.286,1223.7,63.017,142.626,1225.84,53.0467,150.466,1227.48,64.0407,159.273,0,0,0
009514:1243.42,131.977,140.75,1227.44,128.556,146.343,1241.75,133.601,144.358,1191.09,125.604,149.497,1217.35,137.086,145.343,1167.18,131.292,137.169,1238.65,144.605,124.604,1165.6,135.978,126.83,1215.13,126.08,127.068,1143.91,131.905,119.869,1230.08,120.196,135.277,1196.05,137.361,83.5023,1197.29,156.887,82.7001,1178.4,124.363,51.4376,1205.66,150.749,43.9546,1177.83,105.94,15.0366,1201.61,142.291,9.06316,1218.81,76.2036,147.826,1217.33,63.6727,140.977,1224.74,52.1727,146.379,1231.29,64.323,156.158,0,0,0
009515:1189.16,136.043,156.133,1193.5,131.801,157.402,1195.56,137.396,157.124,1199.18,124.928,150.42,1204.74,138.714,149.093,1159.44,129.53,140.932,1237.04,144.735,125.474,1166.91,135.838,124.784,1218.47,127.729,126.966,1143.27,131.893,117.775,1231.05,120.399,135.385,1191.55,136.138,86.3468,1196.47,156.945,83.3076,1181.42,124.453,51.3336,1204,152.569,45.685,1178.46,106.071,15.0866,1201.92,142.564,10.2038,1224.9,76.3133,145.824,1219.44,63.0454,138.011,1229.38,51.7334,142.356,1234.28,64.7232,153.478,0,0,0
009516:1193.46,136.164,155.169,1194.47,131.572,156.984,1198.28,137.248,156.553,1194.9,124.38,150.818,1206.74,138.458,148.849,1162.02,130.254,139.084,1233.73,144.988,126.959,1166.87,135.292,124.089,1219.58,127.931,127.719,1144.37,131.74,115.311,1232.9,120.801,135.446,1194.72,136.932,85.3843,1196.7,156.947,84.1159,1182.46,124.615,52.4415,1206.6,152.415,45.588,1178.69,106.67,15.8456,1202.53,142.662,10.5229,1229.9,76.5298,143.316,1216.69,63.8228,135.688,1231.46,51.3677,139.385,1231.5,63.795,149.999,0,0,0
009517:1195.47,136.562,155.643,1196.74,131.926,157.659,1198.23,137.189,157.433,1199.61,124.891,151.696,1200.58,137.114,151.358,1174.15,133.104,138.76,1226.17,145.526,128.731,1168.55,135.152,123.333,1223.16,128.748,127.441,1143.83,131.734,113.492,1237.43,122.374,135.704,1202.65,140.691,83.3657,1196.88,156.945,84.7714,1181.21,124.598,53.0421,1201.25,150.506,48.3562,1179.42,107.142,15.4899,1213.19,143.456,8.48282,1232.98,76.9515,140.997,1220.29,64.9581,132.419,1237.04,52.5321,135.882,1236.41,62.823,146.364,0,0,0
009518:1203.06,135.967,156.19,1202.94,131.797,158.288,1200.96,136.877,158.84,1197.95,126.045,153.618,1203.05,136.73,152.797,1162.77,130.624,140.494,1228.05,145.95,128.919,1168.41,135.153,122.82,1228.13,129.214,128.169,1143.77,131.643,110.279,1236.76,122.459,136.846,1194.83,138.735,85.5868,1197.09,156.942,85.5579,1177.33,123.599,55.1274,1197.99,150.845,49.5232,1186.13,108.644,14.2392,1210.24,143.419,11.5125,1226.62,77.5691,139.625,1217.62,66.588,130.941,1231.09,51.6803,131.592,1241.37,61.8432,142.836,0,0,0
009519:1250.69,133.19,143.3,1228.92,130.455,150.022,1252.99,133.754,145.678,1164.35,128.884,158.558,1242.08,135.016,143.929,1165.32,131.31,139.13,1224.54,145.948,130.568,1162.98,134.217,122.145,1232.82,130.246,128.403,1143.47,131.64,109.239,1237.04,122.462,137.796,1195.51,138.707,88.444,1197.15,157.218,86.1113,1185.85,125.553,54.3936,1195.95,151.179,50.8393,1189.72,109.347,15.263,1209.76,142.631,12.5558,1229.84,77.4251,137.415,1220.48,68.2906,125.511,1228.81,53.2055,128.134,1255.54,60.5673,136.673,0,0,0
009520:1212.84,131.987,155.337,1201.25,128.95,159.118,1217.58,132.756,156.382,1166.05,126.45,160.149,1231.18,133.024,148.359,1163.26,130.718,140.804,1220.35,145.187,132.859,1162.9,134.215,121.877,1236.36,131.639,128.431,1144.56,131.491,106.653,1235.33,122.624,138.84,1196.89,138.994,88.9504,1195.73,157.337,88.1278,1180.1,124.194,55.5388,1195.09,150.984,50.7031,1182.88,109.018,16.3874,1213.29,143.505,11.5348,1229.13,77.4176,134.981,1219.03,69.9758,121.779,1232.47,53.4618,124.24,1250.75,62.181,134.721,0,0,0
009521:1193.21,134.721,159.802,1192.66,130.626,161.423,1197.93,135.336,161.07,1194.57,124.985,155.074,1210.4,135.757,153.703,1166.8,132.448,140.352,1219.71,144.974,133.817,1160.7,134.344,120.907,1237.2,132.974,129.4,1147.46,132.28,105.049,1235.4,122.624,139.107,1200.04,140.114,87.5548,1195.36,157.402,90.2205,1182.02,124.877,56.2404,1193.95,150.725,50.5416,1184.06,110.153,16.6011,1208.79,142.433,12.186,1234.04,77.9238,132.17,1223.4,70.2831,120.459,1235.67,55.1565,119.426,1239.29,62.5557,132.876,0,0,0
009522:1192.69,134.451,160.201,1187.99,131.09,162.665,1202.9,134.64,160.343,1177.7,126.751,158.737,1227.27,133.785,150.621,1164.16,131.744,141.649,1217.33,144.341,134.975,1160.44,134.337,120.102,1238.24,134.597,131.345,1148.91,132.678,104.187,1238.36,123.236,139.695,1198.66,139.676,89.3653,1198.75,159.1,90.6254,1181.67,125.28,58.0238,1198.36,150.186,51.7007,1191.43,111.739,16.422,1212.8,143.304,12.9338,1233.92,79.5222,129.607,1224.63,72.0587,119.216,1230.04,56.8739,117.954,1235.51,62.8793,130.282,0,0,0
009523:1224.59,130.45,151.155,1219.47,129.996,154.324,1221.47,129.544,153.715,1194.69,132.675,155.565,1218.66,127.156,150.077,1172.99,133.9,140.285,1216.95,144.383,135.783,1162.21,134.195,119.728,1239.03,135.371,131.481,1149.37,131.797,101.617,1239.73,123.445,141.164,1201.3,141.248,88.4456,1201.27,159.751,90.0609,1187.43,126.687,56.2474,1189.98,148.112,53.0589,1197.69,113.477,14.7796,1218.65,143.559,10.7338,1230.48,79.8247,128.121,1231.5,75.6477,115.352,1234.3,59.0297,113.889,1235.4,64.188,127.423,0,0,0
009524:1193.81,132.587,159.791,1188.81,129.642,162.909,1200.17,133.533,160.877,1175.19,126.059,160.749,1225.19,133.698,151.44,1153.62,129.052,145.055,1217.02,144.382,136.046,1165.57,134.183,118.611,1238.14,136.579,133.115,1150.83,131.917,100.573,1244.23,125.032,141.182,1186.2,137.206,92.0588,1200.37,159.811,90.4096,1178.81,124.546,59.5613,1196.88,148.951,51.398,1189.04,111.518,16.576,1228.85,146.053,8.20755,1233.81,81.8605,124.424,1234.35,79.6869,111.3,1235.34,60.5158,111.65,1230.7,65.4801,125.603,0,0,0
009525:1199.37,134.696,158.32,1200.74,130.798,160.034,1201.12,135.262,160.352,1205.64,124.915,154.045,1206.19,135.525,154.432,1164.46,131.639,144.268,1217.1,144.382,136.309,1169.07,133.898,117.599,1237.34,137.22,134.434,1150.62,131.911,99.9035,1240.53,125.921,142.916,1195.67,139.477,90.9464,1198.59,159.93,91.1059,1188.29,126.521,57.2505,1194.61,147.466,52.0893,1191.98,112.23,15.196,1218.17,144.463,9.31079,1236.03,83.2656,122.985,1234.39,81.8672,109.701,1220.11,64.495,111.937,1246.16,68.348,119.921,0,0,0
009526:1203.17,132.609,156.943,1195.28,128.533,160.356,1208.99,133.159,158.427,1183.24,123.382,157.958,1227.16,134.515,150.691,1157.97,130.111,144.444,1215.56,144.511,137.239,1169.11,133.627,117.453,1236.54,138.144,136.048,1151.98,132.305,98.7595,1240.79,126.205,144.144,1190.23,138.144,92.0167,1198.59,159.93,91.1059,1185.01,125.702,58.5729,1203.35,148.984,51.1247,1193.55,113.113,16.1098,1223.77,146.64,9.7617,1239.5,86.1786,120.391,1225.98,85.1271,107.087,1225.71,67.8675,106.86,1233.91,69.6594,119.344,0,0,0
009527:1237.72,132.428,149.278,1220.79,130.089,154.72,1240.97,131.966,151.506,1177.37,127.998,159.841,1245.76,131.494,147.579,1160.59,130.466,143.967,1216.96,144.972,138.025,1169.11,133.627,117.453,1230.97,138.858,138.008,1154.21,132.353,97.121,1243.44,126.819,143.649,1196.81,139.682,91.8883,1196.96,159.498,91.6189,1186.18,125.949,58.831,1205.24,149.441,50.9556,1190.49,114.12,18.3709,1220.34,146.976,11.3971,1224.31,88.5118,120.686,1231.86,86.9929,105.142,1230.36,73.1004,102.984,1223.94,72.6234,117.211,0,0,0
009528:1199.03,131.717,160.382,1191.61,128.923,163.621,1210.1,132.208,160.757,1168.82,126.114,162.781,1245.37,131.961,149.668,1159.77,129.609,145.277,1215.23,145.395,139.35,1170.76,133.485,116.559,1232.04,139.635,139.108,1157.31,132.88,95.7298,1251.53,128.671,142.558,1193.51,138.774,94.0229,1203.51,158.894,92.9731,1189.92,126.805,58.5524,1206.1,149.209,52.9691,1186.22,115.154,20.6721,1212.57,145.84,15.4552,1229.91,90.0937,117.695,1230.4,88.235,104.451,1224.69,76.083,99.1241,1229.53,74.7166,114.609,0,0,0
009529:1189.92,132.343,162.529,1191.93,128.517,163.699,1197.31,133.068,163.719,1188.95,123.093,158.417,1209.94,134.414,157.292,1161.46,127.95,145.691,1212.82,145.604,141.499,1171.65,133.413,116.369,1229.28,140.408,140.637,1157.89,133.078,94.7651,1251.71,128.675,143.113,1195.14,138.543,94.2452,1202.01,158.459,94.0102,1189.78,126.725,59.3305,1205.4,149.533,54.7207,1185.54,115.58,21.0536,1212.39,147.567,16.4952,1234.14,92.9265,114.262,1231.06,93.9237,101.27,1226.4,78.9023,97.0153,1232.38,77.1455,112.724,0,0,0
009530:1218.54,128.812,156.597,1203.93,126.46,160.847,1227.52,129.285,157.2,1167.93,125.156,163.05,1242.29,130.729,150.397,1170.83,128.195,144.046,1212.88,145.604,141.714,1175.18,133.401,115.637,1224.67,141.038,142.374,1159.24,133.478,93.4878,1255.39,129.503,142.85,1199.76,139.409,92.822,1203.14,158.673,94.8734,1189.51,126.665,59.318,1198.81,149.951,56.8981,1186.25,116.353,20.7145,1213.27,147.871,14.953,1240.67,95.2957,111.48,1235.16,97.0487,97.7528,1228.06,84.7658,93.7516,1238.25,80.5987,108.342,0,0,0
009531:1189.73,131.234,165.415,1184.81,127.262,167.373,1202.18,131.788,165.428,1178.01,122.975,161.886,1224.32,133.166,156.116,1170.95,128.183,144.678,1212.88,145.604,141.714,1179.45,133.589,114.456,1232.79,144.049,143.481,1159.17,133.479,93.2308,1263.84,131.384,142.577,1197.48,138.709,95.4323,1204.09,158.889,95.0811,1192.36,127.565,59.9068,1201.99,150.716,56.7119,1185.76,116.784,21.6932,1208.93,147.714,15.9632,1246.06,99.2094,109.482,1225.05,100.554,99.9448,1228.59,88.8477,92.047,1242.52,84.2798,105.412,0,0,0
009532:1190.2,131.343,164.615,1189,127.764,165.861,1201.05,131.998,165.097,1183.66,123.464,160.497,1219.74,133.613,157.464,1170.42,128.052,144.793,1212.88,145.604,141.714,1180.25,133.518,113.876,1251.01,149.394,140.339,1163.06,134.483,91.7966,1263.84,131.384,142.577,1195.36,138.192,95.823,1207,158.705,94.8296,1195.74,128.402,58.6905,1197.71,149.659,57.3701,1191.37,118.123,19.7696,1206.65,147.422,16.9599,1234.02,103.93,110.067,1230.2,105.025,98.0944,1236.3,91.3913,90.0581,1251.36,88.622,101.614,0,0,0
009533:1231.35,129.005,154.391,1215.4,126.407,159.078,1237.96,128.971,155.652,1175.75,124.481,162.562,1246.19,129.904,150.977,1170.08,127.096,144.88,1212.99,145.604,142.107,1182.9,133.302,113.038,1250.04,150.873,142.245,1165.42,135.089,90.9843,1262.94,131.174,142.744,1196.79,137.94,95.6509,1207.14,158.704,95.3557,1195.22,128.291,58.5857,1197.55,149.615,57.4655,1193.52,118.597,19.6821,1202.49,147.311,17.839,1240.79,106.628,108.512,1227.78,108.52,96.4424,1247.58,97.4991,85.936,1251.09,92.2728,100.217,0,0,0
009534:1203.97,130.405,159.345,1193.73,127.164,162.56,1215.09,130.382,160.006,1173.25,124.773,161.682,1238.97,131.257,152.872,1178.1,127.897,143.014,1216.11,147.04,142.589,1184.76,132.882,112.503,1247.43,151.069,143.883,1165.42,135.089,90.9843,1263.19,131.178,143.572,1197.3,138.11,94.8801,1210.01,159.362,95.8863,1186.68,128.552,61.8287,1201.07,150.196,56.7266,1194.81,118.887,19.517,1208.03,148.73,15.8928,1236.42,108.693,109.126,1218.13,114.12,98.8749,1243.72,102.868,84.3185,1245.29,96.2133,100.87,0,0,0
009535:1204.23,129.693,162.861,1199.43,126.621,165.16,1212.03,130.121,164.111,1188.05,123.768,162.113,1228.34,131.511,157.847,1179.09,127.439,144.576,1217.09,147.252,142.859,1184.02,132.406,112.661,1245.57,151.761,145.229,1165.42,135.089,90.9843,1261.39,131.333,144.496,1200.41,138.662,97.4434,1210.32,159.371,96.8596,1187.7,129.939,62.3688,1204.85,151.091,56.7079,1197.87,119.616,18.5001,1201.54,148.137,20.4092,1246.34,114.505,107.527,1217.08,117.781,98.9503,1236.96,106.565,85.2235,1245.06,98.9804,99.1432,0,0,0
009536:1202.95,129.46,164.197,1204.61,125.545,165.006,1207.42,130.556,166.329,1201.5,121.267,159.178,1212.35,133.368,161.594,1178.31,126.962,144.649,1223.63,147.958,144.33,1185.84,132.26,112.273,1243.4,153.382,149.747,1167.05,135.492,90.6136,1262.68,131.831,145.982,1198.49,138.212,97.5266,1209.47,159.153,97.0453,1191.54,129.771,59.6866,1208.58,150.592,55.461,1197.5,119.495,19.1564,1201.47,148.105,20.6517,1243.48,117.532,107.557,1233.66,124.432,98.4923,1240.68,114.621,85.1182,1232.36,106.569,99.9944,0,0,0
009537:1204.11,128.865,163.601,1201.52,124.953,164.957,1207.77,129.876,165.617,1193.91,120.893,159.72,1212.53,132.718,160.652,1178.08,126.922,144.471,1223.63,147.958,144.33,1185.84,132.26,112.273,1241.55,153.51,150.384,1167.05,135.492,90.6136,1262.87,132.691,147.538,1201.66,138.945,97.5429,1207.18,158.504,98.419,1197.04,129.879,58.9267,1209.11,151.434,55.9416,1198.82,119.815,18.6164,1202.91,147.653,19.7608,1258.48,122.711,105.296,1234.37,129.102,98.9506,1237.37,117.166,86.5988,1251.5,114.068,97.3149,0,0,0
009538:1193.94,128.265,166.364,1195.25,124.51,166.956,1201.59,129.155,167.78,1195.63,120.94,160.083,1214.27,131.891,161.506,1174.98,126.201,144.646,1223.63,147.958,144.33,1184.93,132.333,112.467,1240.04,153.36,151.81,1167.86,135.694,90.4281,1260.04,132.919,148.495,1196.91,137.827,97.8239,1207.44,158.512,99.2515,1195.54,129.397,59.9994,1207.99,151.326,56.3105,1191.37,120.968,22.3295,1208.29,148.193,18.0216,1256.44,126.808,106.153,1234.44,132.711,99.6719,1244.99,124.347,85.5047,1250.33,118.381,97.4615,0,0,0
009539:1177.81,123.199,167.733,1185.8,121.091,167.47,1185.55,124.579,168.911,1201.68,120.986,158.909,1206.44,129.882,161.62,1174.78,125.555,144.902,1222.78,147.745,144.492,1184.02,132.406,112.661,1238.79,154.608,155.857,1169.57,135.55,89.7463,1256.11,134.075,150.092,1201.5,137.953,98.4476,1207.44,158.512,99.2515,1193.3,130.294,61.4423,1209.11,151.226,56.1589,1198.37,121.596,19.9171,1209.43,148.795,17.6245,1262.62,132.785,105.737,1231.46,135.208,102.381,1247.95,129.183,86.9023,1259.41,124.083,95.962,0,0,0
009540:1204.81,130.028,165.589,1207.2,125.774,165.796,1206.72,130.635,167.739,1204.83,120.723,158.405,1207.37,132.621,162.902,1182.41,126.296,142.355,1218.5,146.686,145.299,1184.02,132.406,112.661,1240.64,156.444,157.646,1171.37,135.408,89.3348,1252,133.88,153.097,1203.03,138.063,97.6036,1207.62,158.517,99.8064,1189.74,130.893,61.6925,1210.59,151.246,56.056,1197.55,121.231,20.8023,1206.78,148.221,20.6251,1253.62,136.327,110.396,1233.53,140.078,104.706,1240.29,136.84,93.5378,1268.32,130.212,97.7424,0,0,0
009541:1195.64,128.285,166.632,1196.59,124.301,167.106,1202.16,128.771,168.063,1196.48,120.439,159.503,1213.66,131.173,161.619,1179.65,125.624,143.017,1218.54,146.685,145.43,1184.02,132.406,112.661,1232.2,157.552,160.606,1173.82,136.017,88.7739,1254.66,136.502,154.659,1201.12,136.389,98.2103,1207.76,158.515,100.332,1190.04,131.003,62.0527,1206.78,151.66,56.6459,1191.87,122.096,22.8355,1210.48,149.296,19.1785,1242.3,138.342,115.488,1232.19,142.687,106.578,1240.43,140.462,94.6881,1254.79,133.497,101.007,0,0,0
009542:1201.34,129.368,166.063,1202.37,124.9,166.58,1206.23,130.432,167.907,1199.73,119.896,159.269,1211.29,133.577,162.641,1176.97,124.96,143.814,1219.39,146.897,145.269,1184.02,132.406,112.661,1231.14,158.169,161.09,1173.82,136.017,88.7739,1238.21,137.825,160.851,1209.26,137.104,97.5178,1207.85,158.518,100.61,1199.54,131.302,60.2665,1205.54,152.802,57.5931,1200.66,122.334,21.6712,1210.85,149.432,18.7902,1236.67,139.338,117.931,1234.93,145.865,109.459,1245.85,144.881,97.4879,1258.03,138.371,103.333,0,0,0
009543:1200.94,128.999,165.463,1202.89,124.363,165.893,1203.97,129.671,167.78,1203.93,119.265,157.978,1208.65,132.484,162.702,1178.53,125.394,142.592,1220.44,146.869,146.601,1184.85,132.608,112.485,1226.54,158.471,162.497,1172.18,135.611,89.148,1238.42,138.674,162.402,1207.89,136.797,97.4123,1206.01,158.638,101.157,1194.04,131.501,60.6786,1205.62,152.732,57.9693,1197.59,123.247,21.6346,1210.19,149.782,19.6218,1236.59,141.881,120.551,1229.44,147.959,113.642,1235.05,147.329,101.436,1257.94,141.237,106.292,0,0,0
009544:1193.08,128.882,166.034,1197.52,124.634,165.82,1198.88,130.033,167.922,1202.83,120.205,157.04,1205.7,133.365,162.612,1179.59,125.356,142.405,1220.55,146.869,146.995,1184.85,132.608,112.485,1222.88,158.711,163.589,1173.82,136.017,88.7739,1236,140.014,165.669,1208.42,136.961,96.7468,1207.09,158.582,101.369,1193.29,130.971,60.2989,1206.38,152.968,56.9837,1201.59,124.757,20.8974,1208.13,149.205,20.2532,1242,144.29,121.328,1226.41,150.68,116.721,1236.99,150.583,105.204,1259.74,144.248,108.867,0,0,0
009545:1197.79,128.78,167.434,1199.37,124.291,167.522,1201.66,129.749,169.238,1200,118.959,159.024,1205.71,132.446,163.528,1179.87,124.524,142.714,1220.55,146.869,146.995,1184.85,132.608,112.485,1209.32,159.676,170.996,1177.14,136.831,88.1536,1249.78,143.467,165.943,1210.37,137.382,97.1514,1207.48,158.039,101.903,1188.55,132.401,62.6367,1204.68,153.064,58.7995,1199.33,124.822,21.7765,1213.99,148.509,20.1183,1243.66,146.987,123.199,1227.56,152.023,118.814,1240.34,152.095,108.02,1260.38,148.469,112.548,0,0,0
009546:1200.19,128.398,166.875,1201.33,123.997,166.986,1206.09,129.245,168.395,1198.69,118.864,159.39,1213.84,131.835,162.645,1182.02,124.156,142.41,1218.99,146.445,147.839,1184.85,132.608,112.485,1205.92,160.182,173.102,1179.67,137.442,87.8494,1247.95,144.171,167.271,1213.2,137.501,96.0623,1209.63,157.928,102.327,1189.51,132.776,62.8999,1207.37,153.658,58.8677,1201.21,124.675,22.1723,1204.36,148.735,22.7098,1240.63,148.881,125.396,1233.1,156.627,119.575,1245.57,153.483,110.164,1259.76,150.268,115.838,0,0,0
009547:1200.62,128.695,166.144,1204.16,124.171,165.888,1204.19,129.511,168.017,1205.72,118.845,157.152,1206.97,132.219,162.701,1183.71,124.331,141.083,1218.99,146.445,147.839,1188.49,132.316,111.708,1207.77,160.613,173.459,1179.67,137.442,87.8494,1246.84,144.319,170.329,1210.88,136.95,96.3543,1209.81,157.933,102.883,1195.93,132.524,61.7004,1209.19,154.123,57.355,1203.21,125.689,21.4086,1210.78,150.27,20.828,1244.15,152.569,128.15,1237.77,158.93,124.467,1277.19,160.794,106.934,1282.5,156.747,116.097,0,0,0
009548:1190.59,129.197,165.886,1193.27,125.16,165.887,1196.97,129.625,167.491,1195.79,120.694,158.006,1206.62,131.628,162.229,1183.81,124.343,141.248,1219.06,146.445,148.102,1192.24,132.025,111.201,1208.7,160.556,173.297,1179.67,137.442,87.8494,1243.95,147.054,173.687,1211.78,137.149,96.4696,1208.06,158.056,103.705,1189.85,133.1,62.8569,1203.49,154.383,59.3757,1204.96,126.32,20.3127,1211.87,150.912,18.9847,1250.7,155.798,130.316,1242.9,159.763,125.776,1272.52,163.106,111.896,1280.34,160.91,121.025,0,0,0
009549:1211.93,128.047,163.747,1214.15,123.846,163.949,1210.46,128.715,166.576,1213.4,119.109,156.487,1206.69,131.173,162.951,1183.42,124.285,140.807,1219.06,146.445,148.102,1185.67,132.532,112.019,1210.68,160.441,173.361,1180.5,137.647,87.661,1236.63,147.868,176.508,1212.67,137.373,96.1615,1208.06,158.056,103.705,1193.07,132.848,63.1552,1207.35,155.528,58.3595,1205.61,127.102,21.425,1220.65,150.425,18.0739,1247.48,158.313,136.167,1253.25,162.502,126.358,1282.11,165.18,114.744,1286.92,163.155,124.512,0,0,0
009550:1197.16,129.616,165.379,1197.72,125.279,166.136,1203.42,130.267,166.721,1196.18,119.96,159.221,1212.87,132.743,160.783,1184.5,123.907,141.366,1219.06,146.445,148.102,1189.15,132.791,111.276,1212.55,160.326,173.036,1179.59,137.717,87.869,1241.43,150.059,178.654,1218.78,136.479,94.2655,1208.06,158.056,103.705,1186.24,133.645,65.4944,1204.92,154.545,58.9426,1210.99,127.827,19.2545,1204.08,149.732,21.0563,1247.99,160.296,140.278,1255.14,162.732,129.595,1286.77,166.396,117.669,1293.53,165.407,128.126,0,0,0
009551:1206.85,127.639,163.904,1207.69,123.409,164.219,1209.92,129.067,166.125,1203.44,118.925,157.618,1210.94,132.747,162.188,1186.53,123.817,140.798,1219.31,146.452,148.864,1190.98,132.645,110.886,1213.61,160.542,173.67,1179.57,138.266,88.4351,1242.66,152.8,182.579,1218.57,136.428,94.3172,1208.06,158.056,103.705,1189.86,134.052,65.1727,1206.16,155.167,58.8649,1202.43,128.682,21.3328,1208.82,149.963,20.3073,1254.68,164.12,143.656,1252.55,162.123,133.959,1286.91,166.175,121.479,1287.62,165.823,133.835,0,0,0
009552:1205.51,129.176,165.506,1206.19,124.958,165.611,1207.68,129.438,167.335,1202.54,120.008,157.815,1209.79,131.353,162.016,1194.01,125.33,138.981,1216.83,145.819,149.603,1190.98,132.645,110.886,1216.28,161.191,173.754,1179.57,138.266,88.4351,1241.52,155.094,184.863,1220.45,137.719,94.9748,1208.06,158.056,103.705,1192.32,133.971,64.6334,1206,154.689,59.6671,1200.8,127.724,22.0555,1206.58,149.575,22.8597,1252.43,163.364,142.337,1270.68,160.863,134.208,1292.66,169.242,133.367,1277.31,170.388,140.623,0,0,0
009553:1213.11,128.481,163.508,1209.01,124.263,164.292,1215.6,129.178,165.008,1196.83,119.243,158.144,1216.2,131.226,159.863,1187.17,123.697,140.325,1216.83,145.819,149.603,1193.86,132.421,110.809,1216.28,161.191,173.754,1181.25,138.676,88.1891,1246.04,158.985,187.995,1220.37,137.685,95.2058,1208.9,158.273,103.523,1198.42,135.993,63.8213,1208.37,155.131,60.2907,1195.79,128.542,24.3297,1212.57,151.284,22.56,1244.56,164.045,153.712,1248.02,162.274,142.766,1298.21,167.499,132.14,1296.22,168.976,145.136,0,0,0
009554:1214.17,127.421,166.6,1214.86,122.996,166.409,1214.1,128.892,168.548,1210.63,117.808,157.627,1211.44,132.445,162.935,1184.71,123.099,141.023,1215.98,145.608,149.761,1194.78,132.348,110.613,1216.28,161.191,173.754,1181.25,138.676,88.1891,1236.46,159.652,192.962,1213.24,136.874,96.5665,1209.86,158.489,103.736,1193.29,135.174,66.0016,1209.73,156.502,58.8839,1213.54,129.959,20.8963,1209.2,150.708,22.0362,1239.25,165.296,160.953,1249.54,162.287,147.923,1283.5,168.413,141.09,1287.68,170.597,151.155,0,0,0
009555:1195.58,127.949,166.658,1193.38,124.247,167.452,1205.87,129.072,166.95,1188.58,120.685,160.614,1221.88,131.71,159.366,1187.62,123.78,140.64,1213.43,144.978,150.236,1195.71,132.274,110.417,1214.6,160.758,174.044,1186.71,139.364,88.0874,1220.8,160.65,197.036,1220.75,138.638,95.8154,1209.77,158.486,103.458,1197.03,136.1,63.6803,1203.95,155.162,59.3916,1206.42,130.27,22.4295,1206.4,151.699,23.2117,1242.19,165.906,171.098,1248.19,161.511,158.913,1274.3,166.537,150.018,1274.49,171.795,164.258,0,0,0
009556:1207.05,127.03,165.712,1207.97,123.09,165.934,1209.23,128.317,167.632,1208.35,118.823,158.013,1210.26,131.464,162.772,1189.74,123.467,139.257,1213.43,144.978,150.236,1197.55,132.127,110.024,1213.76,160.542,174.189,1184.87,139.502,88.5044,1224.09,162.341,197.207,1217.81,137.957,95.9535,1209.74,158.481,103.436,1191.24,135.146,66.0745,1211.05,155.29,58.023,1202.31,131.274,22.8529,1214.27,151.799,20.8625,1249.14,165.942,177.375,1254.28,162.439,166.659,1279.64,166.468,160.595,1274.81,169.726,172.863,1161.47,169.436,277.032
009557:1204.11,124.671,167.591,1207.01,121.429,167.215,1206.82,126.065,169.316,1210.43,119.235,158.356,1210.05,130.088,163.819,1190.24,123.561,139.512,1213.47,144.977,150.366,1196.63,132.201,110.221,1213.76,160.542,174.189,1183.96,139.572,88.7124,1219.37,162.624,197.952,1218.86,138.3,94.3672,1209.85,158.48,103.831,1196.54,136.111,63.4854,1204.79,155.473,58.6296,1205.03,130.883,22.7078,1207.1,153.056,22.4321,1251.62,164.647,187.084,1261.32,159.296,179.016,1285.36,164.473,173.424,1290.67,170.569,184.477,1161.08,169.429,275.81
009558:1215.73,128.191,164.565,1215.66,123.819,164.619,1217.13,129.098,166.736,1208.07,118.662,157.31,1213.8,131.563,162.51,1188.8,123.235,139.575,1211.29,144.348,152.144,1196.75,131.924,110.334,1213.76,160.542,174.189,1184,139.573,88.8494,1209.92,163.455,199.446,1220.35,138.615,94.7644,1208.91,158.54,104.034,1195.8,136.241,63.3462,1205.66,156.978,59.4617,1203.74,131.487,22.4689,1208.48,151.841,21.9706,1253.69,166.359,195.88,1262.21,158.683,191.045,1281.16,161.797,193.444,1281.53,169.631,197.416,1164.62,169.178,273.482
009559:1199.97,124.777,162.175,1202.59,121.293,162.775,1202.05,126.144,164.741,1210.53,119.295,156.233,1210.32,130.994,161.499,1194.86,124.342,138.984,1215.53,145.396,151.358,1196.79,131.925,110.471,1212.82,160.599,174.35,1182.5,139.163,89.7593,1210.04,165.845,199.7,1221.79,138.919,95.1591,1208.94,158.539,104.165,1197.81,136.603,61.5512,1206.87,156.665,58.5678,1211.67,133.19,19.6721,1209.55,153.431,20.5362,1249.5,164.628,205.921,1262,157.562,202.274,1273.2,162.283,207.938,1270.84,168.812,211.61,1167.83,170.195,271.211
009560:1211.91,127.744,167.142,1214.23,123.753,166.96,1211.4,128.444,169.218,1214.73,119.09,157.941,1207.81,130.409,164.157,1189.29,123.058,139.46,1215.53,145.396,151.358,1195.87,131.999,110.667,1210.31,159.952,174.784,1177.3,138.755,90.9397,1205.08,167.199,200.753,1219.8,138.48,94.918,1207.06,158.657,104.57,1193.69,136.279,63.0617,1206.17,156.929,57.9431,1202.49,133.172,22.8929,1216.9,154.119,20.5627,1240.86,163.757,218.245,1258.46,156.843,209.267,1261.33,161.104,223.374,1250.33,169.941,227.62,1163.66,169.161,270.431
009561:1201,126.61,167.807,1202.68,122.632,167.645,1210.02,128.195,168.134,1202.57,118.201,158.756,1219.83,131.404,160.689,1187.34,122.648,139.016,1215.53,145.396,151.358,1196.03,131.445,110.631,1210.31,159.952,174.784,1177.41,138.754,91.3291,1200.47,169.022,200.482,1220.57,138.657,94.8902,1218.83,157.873,100.768,1187.62,136.436,65.6108,1210.32,157.253,57.642,1208.5,134.272,20.7316,1216.92,153.469,19.5003,1230.02,165.404,229.153,1246.89,156.561,225.711,1265.32,162.776,234.951,1250.95,170.922,237.081,1166.84,170.175,268.13
009562:1208.73,127.714,168.173,1210.2,123.543,167.905,1212.79,128.865,169.282,1206.92,118.431,159.524,1214.16,131.434,163.186,1191.3,122.939,139.205,1216.27,145.607,150.808,1200.74,131.077,109.923,1210.31,159.952,174.784,1177.41,138.754,91.3291,1201.98,169.454,199.815,1221.38,137.952,94.6368,1208.15,158.872,105.308,1195.1,136.523,63.4607,1206.21,156.851,57.9362,1211.74,134.9,19.7816,1208.68,153.558,23.5439,1221,164.999,236.712,1241.69,156.044,236.706,1249.56,162.383,250.464,1241.84,171.584,246.474,1166.27,170.166,266.299
009563:1213.18,127.939,166.663,1213.23,123.405,167.1,1216.37,129.339,168.147,1207.67,117.652,159.539,1216.51,131.879,162.401,1197.59,120.924,139.094,1216.27,145.607,150.808,1201.67,131.003,109.726,1210.31,159.952,174.784,1177.41,138.754,91.3291,1196.23,169.759,200.012,1220.1,136.997,95.5764,1209.07,159.089,105.39,1196.46,137.259,63.5684,1205.31,158.308,59.3755,1208.26,135.499,19.2072,1205.69,154.491,23.4203,1210.49,166.472,241.371,1226.31,156.95,247.049,1239.61,164.191,258.077,1221.78,172.508,254.461,1170.05,169.92,264.563
009564:1214.21,128.32,165.262,1215.32,123.903,166.03,1215.65,129.667,167.65,1210.59,118.535,159.522,1213.57,132.414,163.726,1192.72,122.372,139.273,1216.27,145.607,150.808,1202.64,130.93,109.667,1210.27,159.952,174.654,1188.63,138.014,92.5648,1198.68,169.596,198.624,1226.13,138.493,93.647,1219.76,160.319,103.311,1199.3,137.405,62.43,1207.29,158.694,59.2949,1209.77,136.212,18.7776,1209.02,156.787,21.9861,1203.09,168.52,244.163,1210.89,158.845,254.241,1210.34,166.561,267.488,1210.8,175.003,258.725,1173.27,170.941,262.237
009565:1208.54,128.721,167.362,1209.54,124.511,167.869,1210.14,130.123,169.173,1210.76,118.817,160.055,1213.22,132.698,163.709,1198.05,122.118,138.873,1216.27,145.607,150.808,1204.59,130.783,109.547,1208.41,160.067,174.976,1174.8,138.962,92.3405,1196.74,169.159,197.855,1209.9,134.515,98.0827,1215.27,160.614,105.041,1196.34,137.096,63.7641,1209.09,158.629,59.3283,1214.13,136.695,20.0831,1211.22,155.542,22.6416,1192.59,170.27,245.04,1187.45,160.631,255.503,1191.76,169.143,267.685,1177.77,178.734,260.361,1172.9,170.937,261.026
009566:1203.32,128.203,167.062,1208.63,125.177,167.464,1203.81,129.546,169.669,1216.42,121.73,160.649,1211.24,131.5,165.658,1206.2,122.029,142.157,1210.1,141.805,155.013,1194.5,126.335,121.354,1198.16,158.676,175.36,1187.88,134.293,105.058,1188.23,168.689,196.324,1208.28,139.29,100.592,1211.36,151.1,105.465,1209.54,143.596,60.6177,1202.62,157.411,65.7899,1209.18,138.779,21.9157,1201.26,156.773,27.5596,1184.42,174.774,231.946,1199.33,171.512,233.805,1199.43,178.028,240.432,1180,181.435,238.48,1167.52,171.149,257.83
009567:1203.32,128.203,167.062,1208.63,125.177,167.464,1203.99,129.545,170.301,1212.27,120.764,161.396,1206.84,131.849,166.441,1210.6,121.652,141.31,1210.1,141.805,155.013,1199.07,125.976,121.103,1193.83,158.957,176.136,1196.31,134.945,103.23,1184.5,167.645,197.599,1212.95,138.962,100.281,1206.89,151.4,106.42,1209.75,143.602,61.2807,1202.62,157.411,65.7899,1209.39,138.786,22.5836,1201.64,156.775,28.8742,1166.88,174.392,231.176,1177.07,171.396,232.997,1165.11,175.945,240.533,1158.77,179.936,238.172,1155.58,172.822,248.536
009568:1203.11,128.197,166.417,1208.63,125.177,167.464,1203.81,129.546,169.669,1212.01,122.106,161.445,1211.03,131.494,165.009,1206.2,122.029,142.157,1210.1,141.805,155.013,1194.98,125.004,121.944,1197.98,158.676,174.733,1188.14,132.953,104.979,1188.05,168.689,195.706,1212.74,138.956,99.6228,1215.51,152.144,104.578,1209.75,143.602,61.2807,1202.27,158.755,65.8758,1213.4,139.809,20.8037,1205.62,157.845,27.1406,1156.56,176.078,227.462,1153.97,173.792,230.426,1153.42,178.855,233.739,1151.84,181.356,231.383,1124.93,171.875,242.584
009569:1207.41,129.18,166.336,1208.81,125.177,168.099,1208.08,130.526,169.583,1212.01,122.106,161.445,1215.15,132.484,164.275,1210.6,121.652,141.31,1210.1,141.805,155.013,1194.98,125.004,121.944,1193.8,158.951,176.116,1192.02,133.944,103.463,1184.34,168.947,198.3,1208.28,139.29,100.592,1206.89,151.4,106.42,1205.3,143.934,62.374,1202.47,158.761,66.5368,1209.07,140.151,22.6676,1210.12,157.548,25.9382,1152.13,176.281,227.369,1149.74,174.002,230.927,1148.74,180.3,234.236,1151.3,182.592,231.316,1099.53,171.971,238.697
009570:1207.38,129.174,166.322,1208.81,125.177,168.099,1208.08,130.526,169.583,1212.01,122.106,161.445,1211.2,131.494,165.644,1206.2,122.029,142.157,1210.1,141.805,155.013,1199.34,124.636,121.045,1197.56,158.665,173.442,1192.49,132.606,104.035,1179.62,167.883,196.4,1208.49,139.296,101.249,1211.02,152.443,105.539,1205.3,143.934,62.374,1206.6,159.825,65.5542,1209.07,140.151,22.6676,1214.15,158.625,24.1881,1169.85,177.667,216.93,1166.59,176.621,219.352,1165.59,181.716,221.439,1168.84,182.773,219.025,1076.66,169.674,238.322
009705:193.347,181.941,1.3467
