000153:1179.15,95.7352,142.709,1178.17,92.8669,145.73,1181.12,96.2214,145.142,1177.07,85.8242,143.738,1195.11,92.5569,140.574,1152.86,84.9313,133,1200.86,96.3296,124.862,1136.4,86.4778,125.086,1192.95,101.141,116.458,1145.84,92.4716,139.246,1202.41,107.768,129.246,1172.62,78.7768,80.8554,1183.34,92.8644,75.1847,1172.41,72.763,43.7242,1190.86,104.676,42.5549,1161.96,47.2451,19.4774,1201.94,93.5227,10.0098,1184.96,104.429,160.536,1175.33,93.886,165.812,1175.36,99.1928,180.136,1184.06,109.78,174.115,0,0,0
000154:1177.67,96.8296,142.4,1178.46,94.1078,144.88,1177.25,96.6232,145.086,1180.51,87.1447,142.319,1183.74,90.6924,141.554,1179.22,81.953,125.109,1191.35,97.2771,126.034,1144.55,87.8948,124.537,1190.57,101.393,117.355,1137.24,93.4133,141.296,1217.39,111.129,126.652,1172.52,78.7719,80.5849,1187.25,93.6642,75.2792,1192.55,77.2875,38.5673,1178.24,101.632,49.0793,1157.08,46.1733,16.7511,1200.73,93.6276,9.82298,1185.58,104.437,162.63,1179.04,93.5756,167.658,1173.11,97.8296,181.677,1175.72,107.74,177.52,0,0,0
000155:1174.14,97.048,143.031,1173.13,94.2265,146.313,1182.68,97.1442,144.321,1164.73,87.1105,145.355,1198.34,93.0352,139.437,1160.26,84.8813,132.204,1186.22,97.7994,127.08,1141,87.1303,124.894,1191.79,102.459,117.301,1137.63,93.4176,142.623,1210.54,111.813,130.098,1164.38,78.7134,82.0049,1161.55,88.9611,82.2632,1185.15,75.7997,39.5026,1167.52,99.3733,49.0823,1143.08,44.4642,20.2847,1196.11,93.3018,11.082,1184.15,104.097,163.137,1179.09,93.5769,167.809,1178.74,97.8846,181.023,1184.66,109.336,176.935,0,0,0
000156:1176.9,97.6273,147,1173.61,94.1718,150.269,1180.08,98.2268,149.172,1170.51,86.2846,147.829,1196.8,94.5723,143.335,1160.53,85.5562,132.751,1180.71,98.4268,130.408,1149.27,88.9195,123.933,1191.22,102.984,120.019,1135.95,93.6316,143.751,1212.25,111.729,132.02,1163.1,79.3371,83.9104,1165.98,90.1819,82.6659,1180.21,75.7155,41.7699,1164.81,100.675,51.2035,1144,43.6466,20.3943,1194.1,93.5241,11.9723,1185.62,103.983,163.651,1182.21,93.2623,167.569,1165.45,96.8226,184.964,1183.59,109.141,176.292,0,0,0
000157:1169.41,97.5927,146.595,1167.24,93.957,149.837,1174.05,98.8182,148.623,1168.76,85.9339,147.594,1192.96,96.7136,143.245,1164.67,85.4403,132.604,1176.83,98.472,132.474,1149.44,88.204,125.697,1191.88,102.992,122.276,1138.41,94.1523,143.893,1216.94,111.354,132.589,1163.75,79.4497,84.2429,1167.12,90.9882,84.2732,1182.3,76.4955,41.0457,1164.51,100.912,51.7545,1146.11,45.617,21.2284,1191.66,93.7313,11.4402,1188.2,103.745,163.572,1180.78,91.9971,167.314,1169.5,96.0653,184.961,1188.56,109.445,176.063,0,0,0
000158:1180.01,99.6319,148.89,1179.27,96.6382,151.656,1177.52,99.3526,151.893,1178.51,89.4523,147.972,1176.25,93.926,148.534,1160.33,84.9317,131.573,1182.27,99.552,133.709,1152.7,89.817,126.442,1192.59,102.996,124.728,1138.6,94.1576,144.489,1220.08,111.06,131.803,1166.36,80.6921,83.1219,1169.08,94.8563,81.5275,1179.67,76.2735,41.7718,1173.54,102.913,50.2942,1147.61,47.6835,24.5624,1192,93.7427,12.5447,1189.68,103.63,164.088,1181.45,92.7466,168.086,1181.28,94.8127,182.311,1183.45,106.588,178.509,0,0,0
000159:1185.01,99.5308,147.502,1183.44,96.4791,150.216,1186.67,99.8973,149.618,1179.15,89.4735,147.566,1196.1,95.4493,144.421,1166.8,86.2768,131.351,1182.37,99.5531,134.05,1145.57,89.4712,128.903,1194.58,103.327,126.31,1152.59,92.6982,143.226,1218,110.491,133.863,1163.55,81.0402,84.4324,1168.12,94.9635,81.9169,1162.94,73.841,44.6015,1176.28,102.596,48.4307,1153.95,48.4857,25.0983,1190.9,93.8501,12.6728,1184.81,103.653,166.199,1185.5,92.3152,167.503,1175.5,93.5023,183.858,1179.75,106.036,180.799,0,0,0
000160:1176.3,99.8182,148.575,1173.95,97.6451,152.054,1185,99.1137,149.853,1162.31,93.2865,150.071,1206.39,93.3487,142.443,1168.05,86.8405,131.702,1189.52,100.802,132.947,1138.88,89.1446,132.431,1198.21,104.129,125.773,1152.69,92.6977,143.595,1211.45,109.948,136.377,1166.56,81.5691,85.9003,1174.53,97.0474,80.5507,1171.56,76.866,44.4796,1169.85,101.906,48.4061,1148.35,47.3221,28.1284,1174.01,90.5207,16.7039,1189.93,103.167,166.063,1179.55,91.003,168.73,1176.5,93.3971,183.688,1179.81,106.038,180.983,0,0,0
000161:1182.08,100.716,149.324,1177.6,97.9105,153.414,1191.36,100.514,150.786,1166.17,93.0274,151.714,1212.29,95.6002,144.214,1172.58,89.0516,132.284,1190.59,100.703,132.861,1146.07,90.6806,132.117,1204.67,105.867,126.438,1148.74,93.114,144.253,1216.95,111.832,135.875,1164.81,81.424,88.0701,1166.22,96.7721,83.7489,1174.51,78.124,44.3183,1174.18,102.799,48.7944,1148.96,47.5652,25.4781,1189.76,93.9558,12.6432,1189.19,103.298,167.863,1182.36,91.1667,170.335,1174.07,94.2148,186.21,1174.72,105.122,183.123,0,0,0
000162:1168.61,96.8145,150.663,1167.04,95.1454,154.273,1177.29,96.1743,152.366,1160.58,93.0533,151.991,1200.98,91.2316,145.483,1170.63,88.5829,133.423,1189.64,100.431,134.047,1148.91,90.0021,131.818,1207.3,106.41,126.701,1145.54,94.3915,149.28,1209.75,110.148,138.172,1167.64,82.3018,88.4573,1172.79,94.6499,87.0607,1184.76,80.2309,42.6899,1171.16,103.105,49.7258,1149.58,47.5728,27.6918,1140.51,80.7319,28.7421,1188.2,103.424,168.872,1182.56,91.1719,170.942,1176.55,93.9629,185.983,1179.52,104.672,182.829,0,0,0
000163:1199.56,98.2976,145.431,1190.06,96.1765,150.613,1208.28,98.8973,147.12,1157.29,92.9191,153.909,1221.61,95.9994,141.913,1167.97,88.0474,133.155,1195.65,101.038,134.048,1145.49,89.2313,132.714,1206.45,106.138,128.243,1146.51,94.288,149.09,1210.79,110.426,137.24,1165.59,82.5266,88.7651,1163,98.037,89.9322,1169.77,77.4556,45.4204,1169.36,103.316,51.0151,1154.84,49.2364,26.5546,1196.69,93.3214,12.9797,1191.03,103.191,169.541,1179.08,91.2504,173.962,1169.72,91.9033,190.185,1179.17,104.805,185.847,0,0,0
000164:1206.11,96.9313,145.567,1196.98,94.5976,150.646,1214.59,98.4627,147.223,1169.54,92.5271,152.68,1226.02,98.0125,142.442,1172.96,89.569,136.059,1194.53,100.77,134.562,1139.63,88.7935,135.612,1205.49,106.259,129.613,1149.05,94.0839,150.78,1213.21,112.598,137.776,1158.71,83.3173,90.6732,1161.09,98.2465,90.6969,1166.79,77.8082,46.35,1170.43,103.216,50.9127,1155.03,49.2431,27.1673,1196.64,93.3198,12.8216,1186.37,101.257,171.84,1177.55,90.9784,173.331,1175.41,91.2572,188.446,1182.75,104.447,185.216,0,0,0
000165:1209.52,95.2522,149.139,1198.21,93.0221,154.06,1212.37,97.3005,151.299,1161.16,92.166,156.259,1205.36,98.5314,148.004,1170.65,89.5627,139.188,1194.53,100.77,134.562,1140.89,88.6915,136.379,1206.83,107.313,130.333,1149.73,94.0993,152.943,1210.71,112.893,140.658,1173.74,83.2278,88.0443,1164.29,97.9422,90.6191,1162.81,78.2759,47.5331,1170.48,103.217,51.0675,1155.17,49.2481,27.6268,1196.59,93.3181,12.6635,1186.91,102.177,171.695,1177.86,91.3721,174.449,1171.38,91.6806,188.963,1181.4,103.653,186.686,0,0,0
000166:1212.37,93.4258,149.178,1201.06,92.0723,154.36,1215.46,95.8424,151.536,1164,93.1065,156.995,1205.04,98.8771,149.174,1162.89,89.0625,142.504,1195.05,100.77,136.42,1144.43,89.4577,136.047,1205.87,107.442,131.525,1147.01,94.4142,154.136,1207.45,112.426,142.251,1164.02,85.089,90.1085,1166.39,97.7379,90.465,1162.72,78.2728,47.2256,1171.5,103.116,50.81,1155.49,49.2599,28.6988,1065.21,64.4765,52.5039,1187.28,102.184,172.901,1179.24,91.2459,174.788,1174.56,91.3673,189.065,1181.56,103.204,188.112,0,0,0
000167:1159.07,95.709,157.501,1157.25,94.0712,160.852,1171.63,96.6786,158.209,1152.71,93.3737,157.344,1206.4,95.5798,148.112,1170.31,89.7787,139.896,1200.19,101.861,136.336,1152.46,90.5284,135.586,1204.6,107.562,131.777,1143.59,94.8314,156.392,1207.06,112.538,144.504,1165.02,84.9776,89.8791,1173.42,98.9763,89.024,1156.25,79.4481,50.2931,1173.64,102.916,50.6044,1160.94,50.2009,29.7479,1196.79,93.3246,13.296,1186.1,101.849,174.234,1176.12,90.4704,176.889,1179.08,91.915,190.331,1185.53,102.849,188.466,0,0,0
000168:1161.52,96.6305,158.18,1169.73,96.0453,159.958,1168.15,96.8062,160.267,1185.87,97.6751,152.639,1186.1,94.0508,153.497,1167.49,88.4281,141.842,1189.12,99.4228,138.041,1152.46,90.5284,135.586,1201.23,106.755,133.235,1139.78,94.5224,158.588,1207.31,112.543,145.315,1166.83,85.9912,90.1401,1172.12,98.7086,88.9198,1172.27,82.0599,49.2296,1177.74,102.508,49.5699,1157.15,50.7378,31.4611,1195.78,93.4359,13.7399,1186.41,101.854,175.254,1176.41,90.0832,177.811,1179.73,90.9571,192.3,1184.49,102.973,189.27,0,0,0
000169:1186.04,99.1038,155.78,1182.29,97.4107,159.342,1191.74,99.6112,157.736,1165.4,96.2472,157.236,1201.38,96.4113,151.616,1177.05,89.4567,141.317,1202.48,103.273,137.569,1146.67,89.2425,136.758,1201.6,106.765,134.359,1138.07,94.3722,160.309,1206.31,112.641,145.669,1166.27,86.4615,91.4127,1172.12,98.7086,88.9198,1172.94,82.0819,51.3935,1174.66,102.814,50.3462,1157.39,50.7344,32.4179,1193.48,93.6481,13.6793,1186.72,101.859,176.274,1176.8,90.0878,179.105,1178.73,91.0639,192.465,1184.68,102.976,189.87,0,0,0
000170:1166.63,102.228,159.475,1160.77,99.4659,163.208,1176.59,103.39,160.338,1150.71,95.0907,160.353,1204.06,101.765,151.389,1185.2,90.4487,141.908,1203.04,103.282,139.412,1140.3,88.0772,139.265,1199.56,107.009,136.525,1138.22,94.3746,160.788,1203.96,112.082,146.445,1157.18,86.7152,94.4463,1170.82,98.4411,88.8157,1177.66,83.9861,52.1005,1173.68,102.917,50.7595,1154.59,50.773,34.5629,1192.44,93.7495,14.0753,1186.78,101.859,176.508,1174.76,89.5726,180.623,1179.54,90.5234,193.472,1185.05,102.981,191.119,0,0,0
000171:1191.09,100.008,156.721,1183.77,97.4895,160.86,1193.92,101.338,159.15,1164.01,94.1006,161.383,1197.17,99.8737,155.769,1172.46,88.6445,144.612,1202.98,103.284,139.187,1137.31,88.1499,143.683,1197.34,107.254,137.95,1138.42,94.3769,161.449,1202.71,112.274,149.801,1151.66,87.8662,100.076,1165.73,97.1196,92.9692,1175.9,81.3578,51.1304,1175.93,102.72,50.864,1159.93,51.7137,35.3204,1188.76,93.3085,14.5971,1191.04,101.474,176.905,1174.88,89.5757,180.988,1182.74,90.2068,193.583,1184.67,103.565,193.174,0,0,0
000172:1174.82,103.228,161.118,1169.84,100.418,164.822,1178.06,103.868,163.391,1163.97,94.804,161.783,1183.59,100.199,158.974,1162.87,88.1955,146.136,1203.14,103.283,139.757,1136.7,87.9093,145.578,1195.08,107.108,138.985,1137.68,94.1227,163.019,1203.11,112.282,151.107,1162.83,91.4318,101.243,1164.89,97.8422,94.494,1171.64,81.4439,52.2021,1177.1,102.623,51.0717,1161.23,51.9515,35.3477,1192.15,92.9885,14.5322,1190.43,101.584,178.383,1181.15,90.0992,180.882,1180.79,90.4225,194.062,1186.19,103.452,193.891,0,0,0
000173:1210.47,98.9257,154.591,1200.33,96.2727,159.414,1210.02,100.401,157.575,1171.5,92.9555,161.618,1201.49,100.597,156.228,1172.37,89.8066,146.802,1202.14,103.337,138.935,1140.45,88.6823,145.907,1191.68,106.693,140.427,1145.54,92.9409,162.682,1206.96,112.753,151.607,1163.13,91.429,102.368,1171.2,99.21,93.9607,1167.35,81.8941,52.4495,1181.22,102.213,50.0364,1166.52,53.2757,34.8635,1138.83,81.3967,34.142,1187.68,101.89,179.915,1176.8,89.8478,183.176,1181.35,90.4306,195.898,1183.14,103.707,193.286,0,0,0
000174:1155.3,94.3621,166.852,1158.45,94.2336,169.349,1161.09,95.9743,168.942,1174.05,98.1858,163.234,1185.68,97.2966,161.322,1170.28,89.9277,148.464,1202.76,103.391,142.216,1140.6,88.6816,146.457,1192.29,106.702,142.462,1145.74,92.9388,163.449,1208.21,112.662,152.066,1164.61,91.6883,103.232,1178.4,101.009,94.9597,1171.24,81.5834,54.3895,1182.35,102.114,50.0885,1169.09,54.6403,36.8814,1190.29,93.2154,15.8877,1189.91,101.688,180.268,1178.49,90.1142,184.637,1181.84,90.4431,197.407,1178.61,104.214,195.621,0,0,0
000175:1204.15,92.6804,156.065,1198.99,91.5591,160.136,1205.86,94.8833,159.143,1180.69,93.9046,161.387,1193.75,100.297,159.676,1172.8,92.0186,149.661,1201.97,103.503,143.119,1141.05,88.6858,147.969,1192.29,106.702,142.462,1146.98,93.6769,166.27,1212.99,113.033,151.976,1163.33,91.7848,102.575,1186.76,102.918,92.6456,1175.45,83.4907,53.1898,1185.5,101.807,49.4644,1175.11,55.101,36.6328,1187.06,93.5395,16.422,1187.26,101.996,182.099,1180.77,90.2403,183.866,1178.31,90.7489,196.317,1180.62,104.017,195.294,0,0,0
000176:1161.84,95.5685,164.665,1161.06,94.4243,167.697,1170.13,97.2564,166.369,1164.19,95.6351,164.568,1200.43,98.8159,158.856,1176.73,92.8896,148.832,1197.48,102.412,145.466,1139.51,88.9065,149.606,1192.58,106.708,143.39,1147.31,94.0425,166.684,1213.15,113.032,152.547,1158.45,92.3211,103.982,1184.92,102.748,94.5626,1177.6,85.2354,53.4503,1190.85,101.295,48.6281,1177.34,54.8422,36.7619,1185.12,93.7541,17.5675,1194.69,102.271,182.054,1179.92,89.9859,185.174,1180.67,91.0883,198.896,1185.61,103.392,196.405,0,0,0
000177:1148.77,98.4271,168.83,1152.32,97.4548,171.012,1158.21,99.4623,170.171,1172.72,97.9544,163.556,1189.42,98.5533,161.498,1172.2,91.7817,151.561,1202.8,103.504,146.048,1138.82,88.6549,151.372,1192.73,106.707,143.941,1147.31,94.0425,166.684,1215.66,113.22,152.849,1163.46,93.3734,103.957,1181.65,103.527,97.7965,1182.83,84.6707,52.5174,1192.99,101.089,48.2608,1186.3,56.9114,34.8479,1084.22,70.8097,53.2033,1192.23,102.567,184.076,1176.73,89.211,187.071,1185.91,91.5285,198.944,1189.04,104.32,198.666,0,0,0
000178:1160.99,99.3273,167.467,1164.66,97.8986,169.829,1165.18,100.731,170.025,1178.09,97.2332,164.883,1183.32,100.557,164.798,1170.5,91.9996,152.92,1200.82,103.706,146.823,1140.39,87.3626,151.731,1194.01,107.364,144.28,1147.31,94.0425,166.684,1211.19,113.595,152.853,1163.89,93.3844,105.362,1183.21,103.803,98.7493,1185.34,84.8095,53.0268,1187.68,101.603,49.2556,1179.14,59.0743,38.279,1189.96,92.82,15.615,1192.61,102.571,185.332,1175.91,89.3459,188.565,1175.63,92.7231,203.46,1183.79,104.809,198.871,0,0,0
000179:1191.19,104.448,164.048,1186.85,102.034,167.244,1192.66,105.635,166.372,1178,97.1794,164.852,1188.29,102.288,163.373,1168.34,91.4822,154.007,1192.13,103.02,149.594,1137.73,85.4205,153.455,1191.62,107.991,145.329,1140.78,92.1392,169.765,1216.51,113.61,154.978,1157.75,93.2883,107.362,1188.46,104.9,99.126,1180.1,85.3722,53.9957,1181.51,102.222,50.9708,1172.76,59.9788,42.7742,1111.01,77.7745,43.7986,1195.6,102.283,185.07,1178,89.6359,191.015,1172.82,92.125,203.536,1179.63,103.249,199.006,0,0,0
000180:1235.46,100.156,154.752,1224.17,98.0926,159.513,1234.94,102.193,157.595,1179.2,96.3963,164.52,1205.81,103.207,159.47,1171.68,91.1655,154.639,1194.32,104.05,151.244,1136.27,84.4541,153.823,1195.51,109.187,146.138,1136.34,91.1196,170.924,1241.31,110.864,136.174,1161.95,94.4495,108.243,1179.96,105.817,103.542,1180.35,85.3689,54.9542,1183.62,102.019,50.6083,1170.44,62.725,45.1859,1188.75,95.4368,18.8915,1193.32,103.027,186.511,1180.99,89.8377,191.481,1169.71,91.7384,205.566,1175.99,103.653,200.786,0,0,0
000181:1182.25,90.7571,165.047,1180.82,91.4918,168.229,1185.42,92.8331,167.459,1181.08,98.3315,165.574,1190.12,97.6583,163.867,1170.9,92.0028,154.305,1196.8,104.597,150.976,1147.71,86.9824,151.542,1208.22,106.037,143.09,1144.5,90.3851,173.246,1208.22,112.883,159.393,1160.54,93.8166,108.388,1184.51,106.17,102.875,1182.01,85.2718,56.7905,1184.66,101.916,50.3486,1176.33,64.8271,45.2448,1198.51,97.2318,16.4534,1195.94,102.838,188.013,1181.44,89.8398,193.06,1173.33,90.5781,204.996,1182.19,104.603,201.903,0,0,0
000182:1212.8,103.38,160.98,1199.36,100.934,166.22,1216.05,104.657,163.612,1162.29,97.2241,169.412,1211.44,103.358,161.691,1167.01,92.7924,154.687,1196.9,104.596,151.353,1141.07,85.4665,153.685,1187.59,108.086,149.21,1135.49,91.2266,171.394,1230.69,110.586,159.441,1160.54,93.8166,108.388,1184.51,106.17,102.875,1191.29,87.8704,55.6911,1186.73,101.71,49.8285,1176.25,65.7134,47.1377,1207.42,98.7872,15.1696,1188.79,103.535,189.209,1182.78,89.7127,193.226,1170.03,91.7406,206.671,1181.54,105.061,202.79,0,0,0
000183:1235.91,100.503,157.767,1222.12,98.7014,163.055,1237.54,102.141,160.324,1175.07,97.0264,167.684,1212.47,101.412,161.273,1163.09,93.2152,155.588,1192.49,104.623,151.786,1136.14,84.9287,156.14,1186.77,108.195,151.078,1128.67,91.5972,172.64,1204.9,112.793,159.996,1161.39,93.7067,107.715,1176.53,106.967,105.278,1194.36,89.1583,55.7213,1195.04,103.755,50.5049,1177.81,65.9685,47.9858,1207.95,99.5531,15.6543,1189,103.539,189.898,1182.84,89.7142,193.409,1170.91,92.3367,206.366,1185.67,104.284,203.41,0,0,0
000184:1229.92,99.7055,158.101,1220.35,98.5677,162.462,1231.86,101.426,160.42,1182.99,99.696,166.702,1205.35,100.723,162.501,1161.82,93.4333,158.31,1211.25,104.792,148.835,1135.33,85.038,156.836,1186.95,108.2,151.634,1128.76,91.5998,172.934,1200.03,112.902,162.652,1167.69,95.3974,107.062,1173.53,107.263,106.097,1193.81,90.0265,56.2307,1191.02,102.168,51.6735,1187.17,67.7141,48.5945,1202.47,100.075,16.6437,1189.46,101.597,191.026,1179.37,89.6551,195.527,1164.91,91.6181,210.148,1173.18,104.605,206.968,0,0,0
000185:1232.47,101.835,158.136,1221.18,99.983,162.821,1234.5,103.609,160.628,1176.04,98.5156,168.623,1217.73,104.152,161.645,1157.28,93.9695,160.365,1194.06,106.503,153.682,1138.13,85.552,158.101,1185.78,108.321,152.055,1128.55,90.1792,174.632,1207.98,112.737,166.336,1171.9,95.3474,106.143,1172.57,107.363,106.471,1188.46,90.5738,57.0392,1197.3,103.171,51.272,1186.28,67.843,49.3194,1201.9,100.556,18.0862,1185.73,102.006,192.685,1179.43,88.7572,197.639,1173.52,92.2344,210.695,1185.38,106.768,204.573,0,0,0
000186:1222.26,101.442,162.904,1216.58,100.592,166.572,1223.14,103.152,165.197,1191.53,100.705,168.263,1201.36,102.37,166.298,1164.38,93.2348,159.85,1190.25,106.905,155.369,1142.91,86.2064,158.559,1181.04,108.41,153.341,1129.66,89.7194,175.691,1204.11,113.744,163.434,1175.03,95.0266,105.929,1173.86,107.636,106.587,1184.47,91.0153,58.5585,1199.17,104.199,51.9471,1187.76,69.7247,50.6114,1194.74,99.652,19.9021,1188.84,101.703,192.501,1181.97,88.4985,197.613,1177.06,91.85,209.956,1185.15,106.338,205.404,0,0,0
000187:1225.95,103.989,159.983,1216.65,101.893,164.492,1227.94,105.638,162.645,1174.65,99.4601,170.02,1216.87,105.626,162.604,1172.49,92.6252,154.932,1209.94,106.506,149.481,1145.03,85.9952,158.788,1180.41,108.157,155.217,1129.66,89.7194,175.691,1200.29,114.008,161.838,1174.27,95.1393,106.915,1170,108.037,107.978,1181.78,91.7163,60.0354,1201.48,103.998,52.0907,1189.49,70.3583,51.2603,1191.21,99.2063,20.8466,1190.06,101.607,192.943,1184.52,88.2392,197.586,1169.57,92.0257,213.25,1183.85,106.428,204.654,0,0,0
000188:1237.73,105.527,159.303,1230.86,103.15,163.3,1234.65,106.76,162.906,1193.91,99.2381,166.982,1203.54,104.471,165.818,1168.44,93.1759,158.809,1193.08,108.2,155.042,1138.27,84.4853,160.415,1178.15,108.011,156.032,1135.45,89.089,174.991,1203.98,113.37,163.62,1170.53,95.2041,109.36,1171.96,109.43,108.44,1181.92,91.723,60.4649,1197.32,104.402,53.3973,1193.92,71.5008,52.0301,1186.8,98.8651,22.6466,1193.44,101.309,193.52,1185.35,87.9915,197.992,1175.87,91.3039,211.037,1185.42,104.06,206.16,0,0,0
000189:1221.18,109.03,163.376,1215.89,107.733,166.966,1218.19,109.087,166.594,1187.38,105.191,168.266,1181.58,99.5959,169.438,1164.34,93.232,159.735,1184.89,106.654,156.727,1139.04,84.0166,160.268,1176.62,107.733,155.138,1157.85,87.1065,173.775,1204.24,113.372,164.495,1168.44,95.0436,110.211,1175.69,110.255,108.23,1183.05,91.6172,60.5238,1193.12,104.806,54.4689,1200.27,76.0555,52.465,1160.63,93.6382,30.8138,1192.79,101.413,194.925,1186.44,89.0075,198.001,1172.2,91.7341,212.546,1184.88,103.805,208.388,0,0,0
000190:1247.24,106.028,160.303,1235.66,104.043,165.299,1245.04,107.037,163.797,1182.85,101.136,172.503,1212.62,104.85,167.287,1167.62,94.0075,158.358,1187.9,107.947,157.084,1140.96,83.7982,159.905,1171.36,107.186,158.253,1138.54,89.1307,174.625,1202.56,113.569,166.171,1172.16,95.8381,110.003,1175.69,110.255,108.23,1181.59,90.9757,60.6775,1192.08,104.903,54.7988,1198.17,76.8125,55.9603,1192.98,99.8612,21.7509,1189.88,101.726,196.156,1190.41,89.0071,198.521,1174.06,89.7373,214.608,1183.07,103.294,210.284,0,0,0
000191:1241.54,106.611,160.773,1233.74,105.701,164.938,1236.37,107.203,164.541,1187.8,105.077,170.509,1186.27,101.004,170.811,1161.76,92.7036,159.453,1191.71,108.774,157.098,1139.45,82.828,160.189,1170.32,106.924,158.83,1134.39,87.6564,173.846,1200.54,113.76,166.695,1171.15,95.9429,110.221,1175.64,110.256,108.042,1181.73,90.9804,61.1429,1195.22,106.214,55.2559,1193.37,77.7809,57.9595,1187.43,98.881,24.7615,1192.91,100.007,195.815,1187.07,88.635,199.818,1173.09,88.7383,215.276,1179.78,102.151,211.793,0,0,0
000192:1197.7,109.233,168.178,1189.81,106.493,172.356,1201.22,110.578,170.47,1165.42,101.426,174.535,1205.08,108.583,167.659,1170.82,94.9029,160.162,1190.74,108.872,157.441,1137.23,82.3288,160.801,1171.92,107.195,160.076,1136.99,87.3371,172.418,1192.98,113.302,168.76,1172.44,96.2098,110.304,1174.62,110.352,108.262,1179.97,91.208,62.5743,1192.23,106.516,56.5699,1194.02,77.65,56.457,1189.3,98.7826,27.4473,1194.8,100.778,196.339,1190.61,88.2375,198.865,1168.86,88.8495,216.613,1185.54,104.507,209.929,0,0,0
000193:1234.66,105.971,163.015,1221.39,103.734,168.179,1235.82,107.803,165.775,1174.96,101.112,173.639,1216.38,109.105,166.266,1165.24,94.33,160.896,1189.17,109.443,158.775,1138.28,82.2213,160.917,1168.67,107.553,162.022,1134.09,85.7595,172.561,1190.01,113.587,169.613,1172.54,96.2108,110.645,1169.65,110.834,109.666,1178.94,91.317,62.8241,1197.32,107.26,56.5745,1188.88,78.2418,57.8839,1193.46,96.8489,29.0872,1191.43,99.636,196.769,1187.54,86.7178,200.5,1175.92,88.4056,216.373,1187.66,104.312,209.922,0,0,0
000194:1223.74,107.682,166.226,1215.46,105.591,170.493,1222.59,108.836,169.299,1181.25,102.215,173.753,1197.55,106.425,170.784,1159.8,94.1173,161.43,1188.3,109.544,159.423,1143.25,82.0297,159.977,1169.92,107.817,162.172,1131.53,84.5441,173.216,1256.57,107.225,150.985,1172.82,96.5845,110.912,1158.76,111.883,112.512,1178.02,91.4289,63.3831,1196.52,107.363,57.6879,1187.67,79.6008,59.2057,1196.72,96.1534,29.2938,1191.4,97.9424,198.375,1188.1,85.9598,201.944,1181.54,87.8818,217.577,1197.15,103.427,209.583,0,0,0
000195:1219.08,108.76,168.176,1208.1,106.241,172.784,1220.03,109.732,170.918,1170.49,102.007,176.427,1205.79,107.163,170.523,1162.13,94.6389,160.996,1187.6,110.016,160.037,1145.41,82.1707,159.727,1186.54,106.152,157.537,1134.42,84.2192,172.88,1189.5,113.682,171.63,1171.82,96.6889,111.129,1162.32,112.708,111.94,1183.19,90.8848,62.2889,1181.05,108.854,61.9702,1183.55,80.5772,63.1614,1193.66,96.4788,30.4327,1187.16,98.1204,200.219,1190.5,85.18,200.866,1182.52,85.8294,217.377,1184.98,100.856,214.154,0,0,0
000196:1228.3,108.571,167.02,1217.71,106.281,171.657,1226.78,109.388,170.288,1173.86,102.949,176.205,1193.65,105.396,172.988,1164.86,95.5274,161.269,1186.02,110.211,161.993,1147.53,82.3107,159.328,1168.65,107.932,162.212,1137.73,85.3355,171.737,1258.7,107.583,155.375,1170.32,97.6366,112.047,1168.16,114.091,110.482,1180.11,90.8525,63.5604,1181.1,108.853,62.1608,1190.59,83.3856,61.7891,1192.76,96.2144,31.8936,1197.82,97.0212,198.182,1195.33,83.5213,201.326,1178.21,83.9641,217.475,1189.08,100.452,213.776,0,0,0
000197:1219.86,108.824,168.478,1210.83,106.842,172.503,1219.76,109.79,171.224,1170.56,104.453,175.91,1194.46,105.697,172.317,1160.25,95.2063,161.098,1181.71,109.854,163.139,1147.28,82.3055,158.549,1168.64,107.93,162.21,1153.22,83.5787,168.83,1195.48,114.331,171.723,1171.85,98.2728,112.316,1164.36,114.098,112.746,1173.98,91.5057,65.0509,1185.96,109.97,60.976,1191.97,83.6503,61.994,1191.62,95.9402,32.6032,1188.24,97.1489,200.618,1198.28,82.8159,201.215,1179.96,83.7778,217.409,1195.21,99.8443,213.008,0,0,0
000198:1192.28,111.453,173.842,1189.42,108.644,177.084,1193.46,112.113,176.563,1178.33,103.275,175.901,1186.85,105.66,174.859,1153.01,97.5588,163.945,1176.4,109.594,164.497,1141.46,82.9657,159.495,1175.31,106.97,162.902,1157.07,83.1349,168.005,1267.86,107.547,153.501,1167.73,98.6824,112.875,1166.27,115.125,113.675,1174.61,91.396,63.3873,1189.72,110.812,60.4309,1191.43,84.5213,62.4613,1191.68,95.5611,33.5478,1190.53,96.0322,199.972,1200.07,82.2199,200.736,1177.6,82.8807,217.762,1187.45,96.7758,214.819,0,0,0
000199:1182.84,113.042,175.503,1184.03,110.286,178.146,1186.51,113.245,177.893,1186.77,104.986,174.717,1193.78,103.907,173.941,1165.74,96.9911,161.691,1173.39,109.881,165.048,1140.45,83.0742,159.528,1169.08,107.552,163.465,1154.68,81.5461,170.301,1196.28,113.863,171.419,1171.57,99.853,112.482,1166.47,115.124,114.422,1175.62,91.2874,63.1384,1186.74,111.108,61.6602,1189.11,86.3673,63.0241,1188.84,95.8928,35.3016,1194.05,94.5031,199.568,1200.68,81.3655,200.638,1178.85,81.8798,219.215,1190.21,97.0094,215.199,0,0,0
000200:1211,108.428,170.23,1206.82,106.919,173.789,1214.73,109.365,172.537,1186.47,107.223,175.108,1204.12,105.784,172.006,1163.34,96.4669,161.905,1175.12,110.891,165.513,1140.5,83.0754,159.677,1167.93,107.289,163.674,1151.26,80.7951,171.112,1249.39,108.294,153.225,1171.91,99.8629,113.551,1164.46,115.309,114.852,1174.9,91.3942,64.4943,1187.15,111.864,61.7643,1182.28,84.6841,62.6392,1196.37,97.5287,33.7665,1192.22,94.4107,200.167,1197.57,81.7057,200.932,1180.19,81.3036,220.348,1192.03,96.7976,214.289,0,0,0
000201:1189.64,112.471,173.796,1189.08,110.034,176.813,1193.6,112.91,176.188,1184.36,106.226,175.589,1197.5,105.096,173.643,1172.11,94.8049,160.919,1179.65,111.99,163.909,1140.55,83.0768,159.825,1167.99,107.672,164.052,1151.22,80.4363,171.627,1188.47,113.402,172.47,1172.01,99.8657,113.857,1168.16,116.514,114.061,1169.49,91.6916,68.8996,1186.41,111.96,63.0939,1183.02,84.5661,61.3854,1196.51,97.5336,34.239,1194.66,93.2866,200.073,1195.84,79.9798,202.125,1169.72,78.659,222.424,1184.4,94.1741,214.802,0,0,0
000202:1188.73,113.228,174.982,1185.64,110.246,178.257,1193.48,113.746,177.212,1171.44,104.458,178.213,1203.9,107.621,173.098,1163.72,96.8378,162.474,1176.47,112.269,164.006,1144.14,82.6392,158.145,1165.64,107.907,164.677,1152.33,80.6861,171.235,1188.47,113.402,172.47,1170,100.07,114.287,1168.31,116.513,114.621,1165.72,91.3906,72.1019,1190.37,112.813,63.1791,1183.8,84.445,60.3584,1200.98,97.1141,33.9377,1195.79,91.9523,198.918,1200.07,78.2906,200.657,1171.53,74.0546,220.503,1179.98,90.8355,217.061,0,0,0
000203:1250.57,109.151,163.59,1240.77,107.415,168.521,1246.23,109.509,167.662,1196.9,106.396,174.156,1188.63,102.22,175.653,1166.54,97.7341,163.016,1174.46,112.457,164.374,1145.1,82.5288,157.962,1165.56,108.285,164.687,1139.58,83.3491,165.177,1179.44,114.241,174.486,1170,100.07,114.287,1163.43,117.706,115.015,1172.24,92.3537,73.1633,1194.1,113.661,62.4818,1194.55,85.68,58.7581,1217.73,97.5263,32.992,1192.41,91.4762,200.588,1198.34,77.2942,200.609,1172.61,73.9258,220.323,1180.01,89.8685,217.056,0,0,0
000204:1224.01,110.963,169.329,1216.46,108.994,173.983,1225.22,111.305,172.544,1190.33,106.572,175.69,1196.84,104.409,174.805,1167.86,98.002,163.253,1172.45,112.645,164.741,1144.09,82.6379,157.996,1169.04,109.079,164.244,1156.25,81.6896,167.815,1173.5,114.794,175.986,1167.94,100.273,114.565,1165.19,118.724,115.624,1176.51,91.9278,72.81,1194.1,113.661,62.4818,1196.49,85.446,57.8169,1209.22,98.382,35.3775,1195.88,89.9345,200.035,1204.09,75.8568,199.82,1187.37,73.8941,217.718,1181.84,87.7182,215.971,0,0,0
000205:1227.46,110.038,168.997,1215.48,107.762,174.453,1229.37,110.847,172.074,1176.56,104.432,178.783,1209.28,107.119,173,1169.05,97.9049,163.674,1169.49,112.927,165.441,1136.32,83.5132,159.158,1173.68,109.759,163.393,1152.77,80.9374,168.449,1271.65,104.525,158.195,1163.83,100.676,115.117,1165.19,118.724,115.624,1176.46,91.9263,72.6557,1184.76,114.521,64.9074,1193.8,84.8073,53.5597,1169.92,93.398,46.0433,1194.79,89.432,199.175,1202.13,74.8596,199.018,1187.76,73.232,216.939,1194.12,86.8403,213.148,0,0,0
000206:1219.06,111.867,171.428,1207.71,109.229,176.665,1222.68,112.04,174.261,1170.62,104.726,179.83,1209.85,106.304,173.442,1169.05,97.9049,163.674,1169.49,112.927,165.441,1135.08,83.6146,158.453,1176.03,110.291,163.153,1154.63,80.2165,165.263,1165.01,114.43,177.477,1163.74,100.674,114.813,1165.19,118.724,115.624,1177.14,91.8075,71.3318,1192.43,116.226,64.3757,1194.74,84.6969,52.8783,1210.73,98.2822,36.6423,1198.86,87.4552,196.774,1193.07,72.3597,200.172,1188.82,71.9148,216.193,1185.87,84.7944,213.6,0,0,0
000207:1228.38,111.742,167.833,1218.25,110.735,173.371,1229.01,111.708,171.302,1187.33,110.175,177.017,1193.85,102.326,175.269,1168.39,98.3736,164.38,1169.49,112.927,165.441,1138.52,83.1667,156.537,1185.41,112.05,161.628,1154.63,80.2165,165.263,1158.65,113.525,179.454,1160.09,101.088,116.729,1165.19,118.725,115.59,1177.24,91.8063,71.7127,1198.02,115.764,64.2095,1198.83,84.6111,50.816,1226.58,101.128,31.396,1198.16,87.2665,197.552,1192.36,71.9805,198.654,1185.52,69.0039,214.604,1193.32,85.0713,212.665,0,0,0
000208:1236.83,110.34,168.588,1226.22,108.599,173.04,1237.85,110.864,171.332,1184.95,109.265,177.294,1205.73,105.256,174.138,1165.28,98.3134,165.144,1177.74,114.857,163.94,1141.4,82.8372,155.986,1188.06,111.826,161.731,1158.79,81.2167,162.662,1154.89,113.538,181.219,1157.11,101.39,117.365,1165.24,118.727,115.743,1179.81,92.3405,71.6349,1192.43,116.226,64.3757,1193.76,83.5526,51.7374,1224.5,101.345,32.2355,1200.69,85.201,196.774,1200.61,69.7913,196.496,1192.02,67.276,212.074,1192.4,82.7354,210.356,0,0,0
000209:1205.07,113.604,173.895,1200.74,111.024,177.291,1207.45,114.299,176.383,1182.13,108.692,177.764,1204.69,107.991,174.426,1165.28,98.3148,165.109,1185.02,116.526,163.201,1144.04,82.5,154.689,1191.57,112.636,161.091,1158.19,81.2083,160.689,1154.43,113.538,179.573,1156.07,101.489,117.425,1165.27,118.608,112.474,1185.08,93.4034,72.0061,1188.2,116.602,65.1912,1196.79,83.1999,50.721,1228.81,100.92,30.9613,1197.81,84.9248,197.111,1204.65,69.019,194.969,1192.81,64.764,210.551,1185.38,80.29,211.123,0,0,0
000210:1187.62,113.995,176.964,1188.91,111.699,179.486,1190.35,114.336,179.407,1192.65,110.465,176.159,1193.95,106.275,176.277,1164.29,98.4167,165.291,1185.02,116.526,163.201,1146.75,82.163,153.537,1198.53,114.266,159.435,1156.74,80.9491,160.009,1167.61,116.552,178.937,1151.09,101.989,118.328,1166.41,119.007,115.492,1183.02,93.6189,72.4944,1192.92,115.376,63.4421,1208.53,84.7038,47.0876,1227.02,101.145,32.8007,1203.95,83.0184,194.728,1200.66,67.6503,193.929,1189.51,63.0338,209.052,1181.94,78.618,211.186,0,0,0
000211:1171.22,112.328,180.999,1174.86,110.707,183.105,1175.56,112.494,183.018,1194.64,111.123,176.921,1193.66,104.398,177.048,1164.29,98.4167,165.291,1178.92,117.076,164.312,1148.78,81.9438,153.463,1197.08,115.15,159.505,1149.84,79.6848,157.428,1169.14,116.828,180.024,1150.11,102.088,118.538,1178.56,121.828,114.093,1182.87,93.6143,72.0298,1184.48,116.127,65.1441,1211.26,85.6235,46.3333,1151.48,92.3721,54.8261,1199.92,82.2382,194.154,1200,67.9514,192.046,1191.37,61.5484,206.819,1201.98,76.9313,208.308,0,0,0
000212:1185.14,113.674,177.781,1185.33,111.788,180.641,1190.18,113.983,179.829,1186.9,111.451,178.309,1202.9,106.114,175.47,1164.29,98.4167,165.291,1207.96,118.381,157.723,1148.78,81.9438,153.463,1197,115.537,159.519,1155.22,80.5651,155.652,1169.24,116.828,180.392,1157.08,103.693,117.048,1184.59,123.254,113.009,1184.83,93.396,71.2304,1186.46,115.936,64.3301,1207.21,86.0897,47.9839,1201.29,104.536,41.9815,1205.03,81.0535,192.569,1197.74,66.9536,190.389,1194.23,59.5535,202.878,1192.31,74.415,207.351,0,0,0
000213:1170.69,109.869,182.336,1176.03,109.032,184.028,1175.75,110.51,184.124,1197.57,113.582,177.531,1198.44,106.128,177.097,1164.29,98.4167,165.291,1193.79,118.194,162.445,1157.88,83.6031,151.609,1200.48,116.745,158.884,1158.2,80.5861,154.644,1171.76,116.537,178.493,1167.03,103.424,113.621,1180.53,123.609,114.037,1184.4,92.6434,71.1656,1187.6,115.845,64.3907,1200.53,86.7701,48.3102,1204.12,105.854,41.1697,1203.07,80.0464,191.798,1198.64,64.9721,187.916,1193.75,57.53,202.322,1192.04,72.5653,204.588,0,0,0
000214:1199.24,108.736,176.393,1197.82,108.181,179.183,1201.92,109.18,178.584,1195.29,113.943,177.131,1198.73,104.487,176.212,1173.85,100.539,164.128,1194.87,118.103,162.411,1161.06,83.6351,151.192,1203.83,118.345,158.074,1159.42,79.9913,152.443,1182.2,118.671,176.71,1159.42,104.231,116.549,1170.34,124.485,116.204,1183.18,92.7456,70.7903,1188.98,115.761,65.2322,1198.44,86.1248,46.2967,1205.27,106.13,40.573,1203.76,78.9975,189.504,1203.02,65.9359,185.536,1188.83,55.1708,199.844,1193.15,70.9149,203.073,0,0,0
000215:1209.58,112.487,175.119,1204.33,110.633,178.778,1212.17,112.887,177.647,1181.23,112.351,180.151,1204.38,106.255,176.071,1173.8,100.538,163.977,1199.69,119.205,161.924,1160.87,83.2704,151.228,1206.06,119.674,157.667,1161.85,80.8594,151.587,1186.36,118.311,176.306,1160.51,104.134,116.64,1170.34,124.485,116.204,1180.2,93.0724,71.8335,1187.29,115.961,66.9819,1200.44,86.6554,43.8753,1202.33,106.815,41.5273,1203.19,78.6801,187.279,1202.11,64.3133,182.004,1191.25,54.6925,195.109,1190.4,68.205,201.2,0,0,0
000216:1214,110.322,173.74,1204.37,108.363,178.018,1219.56,111.558,175.9,1161.35,109.006,182.744,1222.85,110.182,172.954,1173.8,100.538,163.977,1199.74,119.204,162.107,1160.87,83.2704,151.228,1209.54,122.505,157.236,1162.8,82.6839,151.407,1195.53,118.711,176.204,1162.55,103.937,116.367,1170.39,124.487,116.357,1179.08,93.1771,71.7681,1189.03,115.763,65.3884,1200.51,86.1458,40.9941,1155.47,97.3062,52.3463,1208.82,77.9756,184.478,1203.81,64.0555,180.59,1196.1,53.8885,190.085,1195.23,66.9796,199.056,0,0,0
000217:1225.78,111.784,173.028,1213.75,109.122,177.79,1230.26,112.917,175.461,1159.92,107.289,184.142,1239.54,112.163,171.132,1173.8,100.538,163.977,1197.61,119.385,162.329,1161.95,83.1619,151.339,1218.85,125.809,157.181,1167.12,83.695,149.191,1191.54,119.195,180.611,1162.55,103.937,116.367,1170.33,124.487,116.17,1179.37,93.5523,72.0685,1188.14,115.848,66.3178,1201.22,85.6468,40.305,1199.91,108.264,42.8937,1204.5,77.5073,183.483,1208.34,63.7889,177.005,1204.45,52.7759,187.932,1206.34,67.0421,195.119,0,0,0
000218:1240.3,109.213,169.214,1224.53,107.149,174.589,1244.66,110.773,171.818,1154.16,107.948,184.119,1236.54,112.81,171.041,1173.7,100.535,163.674,1195.64,119.931,162.525,1163.2,84.5062,149.325,1227.29,127.758,156.211,1139.43,86.8304,155.067,1183.13,119.908,181.245,1175.09,105.811,113.856,1173.99,123.753,114.676,1180.17,95.0479,72.1165,1183.81,115.846,67.3588,1197.22,84.8421,40.4725,1201.12,110.551,43.038,1203.51,77.4914,180.221,1205.36,64.3995,173.427,1195.43,50.3814,187.077,1202.75,65.851,192.283,0,0,0
000219:1231.39,109.859,170.901,1216.35,107.396,176.342,1239.31,111.841,172.995,1154.62,107.455,184.485,1246.17,114.438,169.608,1173.61,100.532,163.371,1196.92,120.207,162.678,1167.81,85.5293,148.043,1210.51,130.759,158.906,1172.64,83.021,146.499,1195.88,120.194,175.009,1180.74,107.171,111.504,1166.36,124.093,118.522,1184.85,95.376,71.7055,1183.81,115.846,67.3588,1193.93,84.4378,42.1186,1195.01,111.522,44.7494,1207.77,77.8309,177.365,1204.99,63.5158,170.151,1199.43,51.7021,183.234,1199.14,65.286,189.962,0,0,0
000220:1236.37,111.144,169.19,1220.97,108.604,174.719,1242,112.737,171.752,1153.68,108.426,184.356,1244.46,114.95,169.571,1172.56,100.632,163.403,1193.12,121.299,163.559,1167.81,85.5293,148.043,1209.52,132.962,159.169,1170.1,83.2345,145.115,1189.18,122.052,179.405,1183.22,106.986,112.452,1178.24,123.041,114.852,1184.95,95.379,72.0158,1180.76,116.129,68.2601,1193.82,84.4488,41.5824,1196.4,111.807,44.9457,1207.16,78.1311,175.736,1211.26,65.8646,166.833,1202.11,52.5657,175.885,1204.08,65.1456,185.728,0,0,0
000221:1184.05,112.362,179.927,1180.46,109.959,183.313,1193.09,114.347,181.571,1158.45,108.387,184.328,1229.98,115.854,172.782,1171.56,100.733,163.586,1180.62,123.076,164.238,1166.96,86.0045,148.048,1207.68,135.275,160.94,1158.09,84.609,148.086,1215.73,123.923,170.377,1183.22,106.986,112.452,1160.08,124.616,118.87,1181.72,95.6937,72.2837,1179.78,116.224,68.6632,1200.76,85.2798,39.2334,1209.1,114.67,42.6373,1209.93,79.5093,172.721,1210.88,66.9693,163.341,1212.91,55.4774,169.518,1207.91,65.1285,181.207,0,0,0
000222:1201.81,103.841,175.484,1201.04,104.583,178.463,1205.55,105.07,177.944,1193.36,118.874,178.96,1211.23,108.132,174.976,1171.51,100.732,163.435,1193.68,122.758,163.546,1161.86,86.5509,148.483,1211.04,137.646,161.491,1166.77,83.569,144.426,1211.83,122.311,171.48,1184.25,106.888,112.233,1171.11,123.657,116.365,1180.55,95.7954,72.0632,1176.05,116.606,70.9255,1208.31,86.4897,38.2564,1208.16,115.148,42.702,1213.42,79.3487,170.097,1215.04,68.3319,158.784,1213.52,55.3438,167.832,1213.69,65.7997,176.814,0,0,0
000223:1187.28,109.655,179.256,1183.51,107.932,182.649,1195.02,111.841,181.152,1150.28,109.477,185.739,1226.07,115.564,173.489,1175.23,101.902,162.753,1187.63,124.375,163.641,1152.13,86.7868,148.619,1206.12,138.037,162.975,1165.83,83.68,144.806,1182.33,124.03,175.976,1185.27,106.789,112.015,1156.76,124.138,119.575,1179.38,95.8969,71.8429,1176.69,116.625,72.9391,1206.91,86.5925,37.4205,1202.78,115.625,43.8858,1211.16,80.3813,167.347,1218.75,71.3176,153.418,1210.11,56.0019,162.042,1210.29,66.6515,173.472,0,0,0
000224:1170.7,112.028,182.287,1173.49,109.172,184.505,1175.89,114.582,184.751,1179.62,105.997,180.264,1202.39,118.678,178.24,1175.18,101.901,162.601,1185.58,124.549,164.013,1148.41,86.0246,148.373,1201.1,138.423,164.076,1183.76,87.8018,136.956,1181.05,123.746,175.811,1186.35,106.692,111.95,1157.71,124.05,119.211,1176.41,96.2129,72.9539,1176.25,116.612,71.5451,1198.66,88.2586,38.7704,1195.87,115.426,44.9464,1217.13,82.7287,164.358,1224.08,71.8384,150.24,1220.54,58.5478,156.179,1209.93,68.0756,170.167,0,0,0
000225:1175.61,114.757,181.631,1179.11,111.291,183.539,1178.06,116.768,184.551,1185.67,105.999,179.003,1188.29,119.407,181.149,1175.08,101.899,162.263,1187.8,125.105,163.229,1153.32,86.5729,145.466,1206.92,141.05,163.391,1177.46,86.1272,137.95,1179.42,122.726,175.639,1193.23,105.986,109.326,1161.2,124.898,118.471,1174.37,96.4239,73.439,1189.6,119.743,68.5601,1195.23,87.8302,40.1364,1189.17,115.992,45.1398,1215.17,85.2555,159.833,1225.88,75.6971,147.124,1226.73,61.6385,150.551,1209.52,70.4306,167.899,0,0,0
000226:1176.36,114.189,180.478,1179.09,110.528,182.882,1178,116.702,183.661,1184.84,105.597,179.692,1182.74,121.047,181.932,1177.04,102.437,160.337,1178.57,125.881,164.747,1154.44,86.8268,145.087,1189.38,142.356,166.937,1175.02,85.9709,137.662,1186.57,124.431,174.447,1193.03,105.98,108.707,1165.55,125.293,117.548,1173.36,96.5291,73.6811,1192.22,120.699,67.9011,1187.63,87.8643,42.3724,1203.25,119.428,39.0514,1229.73,89.6866,156.787,1222.23,79.4913,144.31,1224.24,65.7694,145.57,1216.32,71.7971,160.647,0,0,0
000227:1182.86,114.758,180.084,1181.5,110.881,183.124,1185.83,117.373,182.752,1180.48,105.754,180.622,1194.24,121.298,179.724,1179.37,102.975,159.712,1176.4,126.05,164.63,1156.11,86.6013,143.801,1194.6,145.723,165.452,1175.78,87.4496,137.441,1193.95,126.148,173.872,1196.79,105.569,106.575,1177.73,124.249,114.962,1171.33,96.7392,74.1647,1190.12,120.881,68.401,1189.71,87.6377,41.8797,1201.26,118.868,41.0881,1215.42,91.1046,157.574,1221.37,83.488,141.644,1232.34,69.2166,140.718,1221.65,74.698,156.74,0,0,0
000228:1175.21,114.788,180.981,1178.25,111.307,183.201,1177.63,117.202,183.774,1185.21,106.54,179.324,1184.8,121.384,181.091,1179.37,102.975,159.712,1177.69,126.326,164.964,1158.56,88.2013,141.773,1195.21,147.794,166.964,1172.81,87.781,138.156,1195.61,126.444,175.112,1194.66,105.767,106.866,1176.86,127.033,115.216,1171.31,97.1168,73.3271,1183.88,121.425,69.8933,1191.84,87.4146,41.5056,1205.74,120.529,35.4757,1207.79,92.6256,156.155,1217.2,89.022,140.032,1218.22,74.0285,138.124,1221.88,79.6306,152.785,0,0,0
000229:1179.96,115.313,179.715,1179.22,111.601,182.491,1185.64,117.54,181.965,1181.64,106.412,179.348,1199.87,121.042,178.317,1179.27,102.973,159.408,1175.72,126.496,165.54,1159.76,88.8281,140.878,1190.46,149.322,169.39,1173.83,87.5413,134.575,1198.69,127.028,176.928,1194.66,105.767,106.866,1187.75,127.297,113.27,1171.41,97.1197,73.6352,1183.01,121.893,70.1002,1186.41,87.9676,42.049,1197.73,119.137,40.7908,1201.45,93.806,153.361,1216.55,93.5024,137.392,1225.62,78.7541,132.928,1205.59,83.4626,151.598,0,0,0
000230:1164.54,115.801,182.813,1164.73,112.379,185.479,1174.11,117.635,184.269,1173.58,107.672,181.348,1218.01,119.302,175.168,1178.01,103.066,158.834,1176.14,126.394,163.529,1162.5,90.4456,139.711,1181.87,149.482,171.977,1159.21,89.0532,135.053,1211,129.929,175.402,1193.63,105.867,107.09,1180.38,127.898,114.27,1177,97.7176,72.0997,1190.2,123.62,68.0499,1184.25,85.4491,43.4393,1189.23,120.249,42.1049,1201.19,98.4837,151.996,1221.03,95.4385,136.924,1228.52,83.4327,131.587,1207.48,86.6232,149.447,0,0,0
000231:1163.43,116.585,182.667,1164.37,112.793,185.232,1171.56,118.642,184.348,1173.05,107.725,181.131,1193.62,122.24,179.513,1178.53,103.168,158.994,1172.5,126.746,165.483,1163.93,91.8022,138.357,1179.33,149.652,172.231,1168.15,92.3393,133.087,1191.82,132.643,178.96,1193.63,105.867,107.09,1183.91,128.766,113.32,1178.21,97.9874,71.8119,1189.16,123.699,68.4728,1176.18,85.482,43.673,1185.99,120.521,42.5916,1196.17,102.13,151.095,1201.82,99.0808,138.376,1229.44,91.9651,127.133,1210.09,94.0241,145.85,0,0,0
000232:1162.72,116.102,181.414,1161.61,112.493,184.969,1173.94,118.154,182.976,1167.22,108.082,182.088,1215.14,121.013,175.009,1180.94,103.724,158.394,1173.59,127.023,165.096,1168.75,94.3085,135.159,1177.85,149.633,173.086,1162.58,94.072,133.732,1189.27,134.007,179.528,1192.69,105.97,107.622,1183.91,128.766,113.32,1180.58,98.5265,71.08,1189.78,124.834,68.7319,1173.4,86.5722,43.9396,1180.59,120.971,43.2945,1205,108.51,148.399,1197.69,104.955,142.626,1206.48,100.178,133.167,1227.24,103.05,138.377,0,0,0
000233:1169.86,115.44,180.963,1173.84,111.612,183.124,1175.87,118.026,183.046,1184.3,106.989,178.809,1193.9,123.183,178.937,1179.18,103.995,158.513,1179.21,128.412,163.692,1169.92,94.9349,134.277,1174.42,150.275,174.858,1159.84,94.6374,130.914,1197.52,138.011,178.374,1195.46,106.904,107.524,1180.82,129.021,113.977,1180.33,98.5255,70.1983,1189.83,124.833,68.9227,1171.75,87.5439,44.3641,1174.29,120.537,38.6238,1192.71,111.37,150.777,1190.44,106.798,143.088,1208.74,104.711,133.123,1208.97,107.762,141.201,0,0,0
000234:1160.99,116.366,182.397,1157.58,112.944,186.276,1173.37,118.304,183.644,1156.44,109.136,183.512,1221.22,120.952,173.359,1169.05,104.77,158.21,1178.33,128.86,163.853,1166.53,95.2379,133.669,1178.81,152.96,174.863,1157.72,94.842,130.866,1199.62,139.811,178.829,1192.55,107.207,108.811,1180.82,129.021,113.977,1182.44,98.3178,69.862,1194.88,126.378,67.7173,1169.27,88.9954,45.0365,1190.25,125.076,33.4989,1208.4,114.634,147.929,1205.02,111.957,141.311,1229.36,108.02,130.11,1237.31,111.75,136.238,0,0,0
000235:1161.8,117.521,181.448,1154.6,114.541,186.112,1176,119.021,182.384,1142.01,111.082,185.371,1226.04,120.047,171.459,1165.01,104.145,159.382,1178.18,128.856,163.396,1166.48,95.2366,133.517,1183.17,154.894,174.092,1160.16,95.3644,130.793,1211.69,143.639,179.133,1192.55,107.207,108.811,1189.35,131.812,111.368,1180.38,98.5269,70.3533,1194.93,126.38,67.8742,1170,88.8758,43.848,1202.09,124.374,32.1358,1216.44,119.899,145.691,1219.57,118.692,139.261,1232.45,116.151,129.11,1230.7,118.656,137.906,0,0,0
000236:1155.77,116.549,181.721,1151.81,113.951,185.766,1169.95,118.056,182.441,1145.93,110.942,183.851,1222.75,119.676,170.894,1167.33,104.712,158.363,1182.69,129.972,162.249,1166.33,95.2375,132.957,1191.69,155.078,172.726,1158.32,95.9359,131.045,1207.62,143.945,180.347,1192.69,107.211,109.276,1189.35,131.812,111.368,1179.41,98.6328,70.7534,1194.93,126.38,67.8742,1166.75,90.4409,45.5534,1191.85,126.138,33.084,1227.52,126.111,145.137,1219.25,122.339,140.709,1242.78,122.56,128.562,1261.64,127.937,133.223,0,0,0
000237:1167.11,116.093,181.212,1170.16,112.526,183.253,1170.55,118.434,183.6,1178.73,108.022,178.598,1182.29,123.001,179.877,1172.12,104.603,155.8,1183.84,130.253,162.038,1169.57,96.0314,131.118,1183.09,156.03,174.871,1158.01,98.234,129.682,1208.86,146.58,180.568,1192.69,107.211,109.276,1189.35,131.812,111.368,1176.43,98.9482,71.7957,1192.92,127.314,67.4071,1178.29,90.3524,41.7562,1187.75,127.198,34.1494,1231.31,133.316,141.675,1220.72,129.281,136.609,1240.03,129.896,123.55,1256.3,134.061,130.821,0,0,0
000238:1173.21,119.163,178.999,1176.87,116.798,181.913,1177.9,119.983,181.635,1186.16,114.845,177.557,1182.29,116.647,178.526,1181.55,106.441,153.802,1184.9,130.531,161.52,1173.77,95.9865,130.193,1177.41,155.306,176.626,1153.16,99.1102,130.29,1178.75,148.786,188.72,1194.21,108.614,108.053,1195.29,133.284,109.701,1173.97,98.4131,72.1095,1199.4,129.545,65.8611,1173.42,90.4161,40.7048,1187.87,127.905,34.1206,1234.18,141.771,142.835,1217.43,136.395,138.156,1232.68,138.871,124.223,1252.75,143.068,129.939,0,0,0
000239:1169.46,120.372,180.854,1169.19,116.644,183.443,1174.71,121.811,182.897,1170.08,110.511,179.693,1186.51,123.012,178.775,1179.67,106.641,154.641,1182.89,131.059,161.565,1164.84,97.2873,131.689,1175.83,153.917,176.426,1156.5,100.636,127.748,1184.15,150.365,189.689,1194.27,110.391,106.548,1192.16,133.532,110.37,1175.76,98.208,70.6717,1197.28,129.717,66.3669,1145.51,90.6509,45.8288,1192.64,129.629,34.5405,1223.86,147.043,145.885,1217.36,142.668,139.427,1230.92,143.34,126.023,1251.14,148.697,133.79,0,0,0
000240:1169.48,118.348,180.196,1174.21,114.915,182.048,1172.55,120.528,182.519,1180.28,109.549,177.729,1179.58,123.494,179.102,1171.77,105.459,156.604,1183.03,132.151,160.616,1164.09,98.4923,130.735,1170.61,153.54,177.805,1154.43,100.836,127.821,1183.98,151.925,190.558,1195.97,110.764,106.463,1194.53,134.122,109.664,1155.86,100.323,77.249,1192.01,130.145,67.6258,1161.47,88.1858,42.9078,1192.24,130.395,31.8205,1223.9,151.492,150.992,1209.97,146.24,144.627,1225.78,149.476,131.613,1228.51,155.953,141.862,0,0,0
000241:1170.89,119.461,178.673,1175.18,115.649,180.744,1174.81,121.713,180.941,1181.18,109.258,176.663,1182.74,124.18,177.598,1181.04,103.911,157.019,1167.23,132.644,162.369,1177.07,101.794,127.378,1169.36,153.245,177.634,1149.87,100.139,128.444,1188.74,157.735,190.973,1192.22,110.613,106.631,1190.39,133.24,108.583,1177.44,97.2436,70.3776,1169.21,132.081,75.6995,1163.72,88.3393,42.4922,1191.92,131.368,31.4842,1216.79,156.509,157.459,1217.06,151.152,147.103,1224.88,155.466,136.282,1224.16,162.3,149.057,0,0,0
000242:1174.79,118.718,178.402,1179.75,115.325,180.391,1175.5,120.576,181.302,1189.27,110.762,175.445,1177.5,122.754,178.773,1202.83,108.525,151.461,1168.43,132.568,162.791,1172.49,102.182,126.529,1189.44,151.74,169.152,1155.04,102.299,127.374,1170.23,158.543,194.061,1183.79,110.34,108.524,1187.17,133.485,108.942,1154.16,99.749,79.1378,1177.19,131.321,70.3336,1168.38,89.0197,41.4546,1192.11,132.526,30.023,1216.27,162.049,164.107,1210.98,155.463,152.29,1223.88,161.292,142.845,1229.36,168.023,154.201,0,0,0
000243:1164.65,117.671,179.963,1169.44,114.215,181.952,1168.17,120.185,182.422,1183.67,110.818,176.356,1183.62,125.562,177.986,1193.66,107.21,151.569,1171.45,132.324,162.235,1176.23,103.731,125.075,1166.45,153.397,176.593,1180.54,101.388,124.619,1166.26,158.801,194.939,1185.26,112.075,107.184,1184.9,133.644,108.767,1174.48,97.5526,71.562,1177,131.315,69.7122,1157.25,90.0805,40.6822,1187.35,132.846,29.3946,1219.01,165.864,167.928,1216.37,159.408,158.391,1229.31,164.378,147.153,1226.6,172.406,160.324,1126.44,174.684,263.026
000244:1177.54,122.144,176.961,1179.36,118.177,179.462,1178.83,123.831,179.788,1183.29,112.091,175.512,1181.1,125.337,177.55,1186.78,106.224,155.217,1168.53,132.571,163.095,1175.6,104.2,125.997,1167.57,153.689,176.396,1160.21,104.84,125.553,1161.2,159.122,195.615,1184.9,112.336,107.086,1184.8,133.641,108.458,1170.51,97.9668,72.9489,1206.71,138.003,60.9468,1159.11,89.9994,43.189,1182.95,133.174,29.8697,1223.93,168.652,174.689,1212.83,164.464,166.111,1251.08,172.743,153.34,1250.52,176.744,168.505,1125.86,174.671,261.214
000245:1170.46,120.512,178.524,1175.28,116.667,180.484,1173.22,122.762,181.112,1185.81,111.629,175.132,1180.95,126.089,177.678,1188.49,106.421,151.663,1172.81,132.972,162.25,1164.87,102.144,127.22,1167.47,153.689,176.039,1155.15,105.328,126.282,1156.27,162.054,196.809,1186.14,112.625,106.803,1184.8,133.641,108.458,1173.43,99.2501,72.8579,1201.37,138.406,62.2337,1157.8,91.3338,44.0632,1188.87,133.454,29.4064,1231.02,173.772,180.536,1217.37,169.375,175.161,1238.39,175.224,171.647,1222.29,180.143,185.074,1125.31,174.663,259.427
000246:1154.23,117.912,180.317,1159.8,114.576,182.218,1159.79,120.667,182.204,1177.2,111.166,175.857,1178.22,126.083,176.675,1189.92,106.774,150.914,1175.63,133.084,160.544,1176.14,105.213,122.098,1165.94,153.77,175.18,1153.35,105.89,126.658,1152.01,162.295,196.561,1183.56,111.706,107.2,1185.78,133.559,108.046,1173.28,99.2498,72.3242,1190.41,138.449,64.6376,1161.68,90.8959,42.5611,1182.65,134.145,29.578,1214.15,173.319,189.364,1234.54,173.301,180.158,1250.26,181.811,184.012,1226.16,182.401,191.144,1128.36,175.671,257.173
000247:1139,116.791,182.812,1140.67,114.873,185.815,1155.33,118.643,182.829,1154.68,114.094,179.404,1218.32,122.279,168.099,1181.88,108.27,152.026,1174.37,133.163,159.886,1173.01,105.507,122.425,1163.29,153.933,174.894,1163.3,109.159,124.982,1158.21,164.83,192.714,1184.47,111.9,107.249,1209.06,138.379,100.808,1174.35,99.1478,72.2353,1186.26,138.77,65.8054,1163.55,91.0381,40.947,1198.92,141.254,24.9209,1201.21,173.623,195.76,1226.59,176.184,188.621,1256.43,188.512,190.004,1208.84,184.466,199.358,1127.6,175.657,254.768
000248:1162.07,120.823,178.573,1167.75,117.389,180.283,1166.51,123.275,180.603,1183.53,112.941,173.859,1181.4,127.183,175.524,1182.36,108.374,152.036,1175.23,133.079,159.213,1174.63,106.889,121.761,1159.32,154.173,174.452,1155.4,109.925,126.789,1165.15,165.129,190.436,1185.69,113.205,106.639,1207.93,138.077,101.457,1174.1,99.151,71.286,1186.31,138.771,65.9619,1161.71,92.3558,40.166,1191.37,141.802,26.5713,1198.77,180.193,207.655,1224.44,178.094,206.293,1234.78,189.795,213.734,1189.4,185.962,214.323,1127.22,175.65,253.566
000249:1168.22,122.518,177.566,1173.42,118.867,179.104,1169.48,124.679,180.256,1182.47,112.855,173.024,1173.52,127.329,176.533,1172.54,106.609,151.286,1179.61,134.21,157.612,1173.86,108.091,120.979,1155.7,154.045,174.725,1154.06,111.954,126.217,1159.8,163.905,188.478,1184.74,113.498,103.887,1200.16,138.627,101.97,1170.43,100.686,71.5609,1187.88,139.306,68.5309,1170.11,94.2128,38.0896,1196.84,143.078,26.4302,1191.64,180.251,217.745,1199.8,176.707,221.659,1210.22,186.983,228.738,1195.78,191.219,224.769,1130.63,175.419,251.217
000250:1174.26,124.077,175.962,1177.53,120.046,178.092,1176.51,126.264,178.361,1184.42,113.749,173.131,1179.61,128.331,175.289,1175.1,108.442,151.951,1181.71,134.777,156.46,1168.34,107.465,122.33,1153.51,153.839,175.501,1156.99,113.603,126,1162.58,164.085,186.733,1185.18,113.577,104.171,1199.14,138.331,102.894,1169.25,101.166,70.4356,1186.37,139.15,65.5764,1167.8,94.0493,38.3581,1197.3,143.28,25.0056,1181.41,180.393,224.36,1182.42,174.674,232.942,1196.06,186.205,242.538,1183.95,191.707,233.455,1133.71,176.433,248.934
000251:1164.99,122.546,176.867,1166.83,118.659,179.092,1170.92,125.107,178.492,1176.59,113.332,173.504,1183.82,128.691,173.481,1177.81,109.48,150.081,1181.79,135.14,156.283,1168.17,107.095,122.367,1152.6,153.831,172.463,1156.15,113.695,126.762,1151.59,162.444,184.241,1188.73,114.44,102.753,1196.99,138.49,103.195,1168.55,102.015,70.4039,1190.67,138.716,66.6922,1166.64,93.7815,38.8616,1200.26,144.023,24.1017,1162.52,179.041,228.441,1166.97,174.17,238.491,1176.89,185.719,247.128,1163.32,189.382,238.055,1132.92,176.416,246.493
000252:1176,124.419,173.303,1178.18,120.43,175.517,1178.4,126.673,175.741,1183.75,114.388,171.033,1181.85,129.352,172.879,1175.76,109.679,150.253,1182.9,135.423,155.914,1170.15,106.534,122.441,1158.41,153.096,172.272,1150.37,114.253,128.481,1142.93,161.121,185.39,1190.6,114.525,102.574,1197.15,138.868,103.159,1164.08,102.502,72.5115,1194.17,139.735,63.4933,1172.94,93.1424,37.8917,1197.04,144.953,23.9552,1148.52,177.95,228.139,1162.29,172.995,237.77,1147.82,181.575,250.044,1147.65,187.753,237.601,1132.57,176.413,245.309
000253:1178.92,126.383,173.38,1180.49,122.451,175.752,1179.41,127.707,175.946,1184.47,115.461,169.725,1182.62,128.657,172.73,1188.26,109.294,148.965,1181.13,136.148,159.013,1174.47,103.39,128.833,1162.26,155.646,171.104,1171.66,108.663,122.682,1151.53,166.758,188.69,1182.67,116.338,104.791,1179.25,136.288,108.247,1178.22,105.101,66.7841,1188.13,141.181,65.0901,1174.86,95.1509,33.0506,1189.79,145.513,26.319,1138.64,175.655,224.194,1134.91,169.903,233.032,1123.32,176.835,242.259,1126.67,183.795,234.192,1131.61,175.145,241.014
000254:1178.92,126.383,173.38,1180.28,122.446,175.116,1179.41,127.707,175.946,1180.23,115.847,170.481,1182.41,128.652,172.092,1184,109.698,149.778,1180.95,136.148,158.389,1178.48,104.301,128.016,1166.08,155.362,169.097,1179.9,109.182,120.966,1143.6,164.703,188.717,1182.67,116.338,104.791,1179.08,136.29,107.616,1178.22,105.101,66.7841,1183.76,141.506,66.1443,1178.95,96.0579,31.9779,1193.9,146.546,25.2331,1125.76,173.8,221.029,1117.77,168.325,229.203,1106.22,175.202,237.768,1114,180.665,229.726,1108.49,164.121,234.29
000255:1178.75,126.383,172.757,1180.31,122.451,175.129,1179.24,127.707,175.324,1188.31,116.399,168.382,1178.2,129.008,172.858,1188.03,110.625,149.012,1176.69,136.481,159.179,1182.33,105.218,126.562,1165.88,155.356,168.462,1192.53,109.299,118.334,1143.42,164.703,188.113,1186.72,117.287,103.91,1178.78,137.615,107.682,1178.26,105.109,66.7917,1183.48,142.851,66.2363,1178.95,96.0579,31.9779,1193.9,146.546,25.2331,1108.05,172.185,214.954,1103.59,167.76,221.963,1088.2,173.585,229.267,1096.54,177.774,222.375,1079.12,151.461,229.373
000256:1174.11,126.728,172.236,1175.5,122.807,173.98,1178.82,127.696,174.052,1183.84,116.777,168.507,1182.03,128.646,170.831,1183.35,111.014,148.547,1176.28,136.469,157.903,1173.85,106.044,128.298,1157.12,155.908,168.737,1183.52,111.445,119.544,1143.08,164.703,186.905,1182.21,117.667,104.202,1182.88,137.276,106.102,1173.78,105.521,67.1791,1183.27,142.845,65.5834,1174.85,96.5086,33.7564,1189.5,146.871,26.4217,1150.46,168.356,200.07,1164.45,165.076,200.407,1160.55,167.906,204.337,1150.73,172.188,204.604,1065.63,140.429,225.911
000257:1181.92,127.325,169.518,1179.25,123.75,172.646,1182.41,128.652,172.092,1179.4,117.154,168.631,1177.4,128.992,170.327,1179.1,111.412,149.358,1176.11,136.47,157.281,1177.25,108.284,126.259,1168.79,156.356,164.617,1173.84,113.559,118.207,1138.91,161.138,183.741,1182.04,117.669,103.568,1182.5,137.272,104.823,1177.99,106.444,66.8403,1178.92,143.165,66.6341,1182.89,96.9722,30.2523,1193.61,147.907,25.3368,1068.13,155.916,184.527,1056.52,155.497,183.628,1038.54,153.196,184.472,1046.45,153.865,186.627,1045.58,130.205,225.42
000408:228.082,-265.723,-2.17834
