000406:1000.51,-13.6317,160.42,1003.15,-16.675,163.546,1002.92,-10.203,163.436,1011.84,-21.0046,159.791,1009.89,-3.97276,160.323,1018.1,-27.5317,138.247,1011.39,4.95702,139.866,1017.13,-33.8845,109.807,999.281,16.0028,116.916,1005.35,-34.4819,87.4133,961.422,9.75527,110.694,1010.63,-22.2974,85.3298,1007.17,0.415903,86.07,1012.42,-26.0506,48.0262,1000.59,7.09785,49.5831,1027.54,-26.956,9.95451,1011.31,20.2771,11.8351,938.179,-2.45748,139.027,934.857,-11.1508,144.921,934.523,-9.91193,157.395,937.865,-1.32006,151.479,0,0,0
000407:998.352,-14.1024,160.148,1000.86,-17.0998,163.242,1000.77,-10.6381,163.135,1009.71,-21.3073,159.307,1008.26,-4.31775,159.863,1016.36,-27.7776,137.678,1011.37,4.60042,139.273,1017.29,-34.2681,109.426,999.527,15.8894,116.586,1008.23,-35.028,87.2191,960.753,9.66052,111.087,1010.24,-22.7816,84.7465,1007.94,-0.138617,85.4295,1012.13,-26.3904,47.648,1001.21,6.73105,49.1668,1029.25,-27.0203,9.63194,1011.97,20.2136,11.7362,934.776,-2.21765,140.338,932.833,-10.9334,146.426,933.285,-9.42858,158.967,934.951,-0.796895,152.842,0,0,0
000408:995.638,-14.1607,160.101,998.277,-17.1913,163.182,998.322,-10.7271,163.062,1008.5,-21.5036,159.18,1007.45,-4.55022,159.71,1015.99,-28.108,137.638,1012.24,4.29912,139.196,1017.66,-34.5594,109.543,1000.41,15.6727,116.538,1008.7,-35.2349,87.7059,959.291,9.61948,111.175,1009.51,-22.9392,85.1887,1007.13,-0.324731,85.8478,1012.85,-26.6393,47.8926,999.857,6.31168,49.5873,1030.03,-27.0957,9.74827,1009.89,19.9611,12.0156,929.432,-2.02436,140.953,929.375,-10.6213,147.213,930.792,-8.95132,159.606,930.404,-0.441199,153.257,0,0,0
000409:995.608,-14.5085,160.177,998.635,-17.4929,163.248,998.697,-11.0163,163.131,1009.99,-21.671,159.112,1008.79,-4.67407,159.654,1017.65,-28.2238,137.363,1014.03,4.29265,138.964,1018.16,-34.7783,109.377,1002.34,15.777,116.5,1007.71,-35.5329,87.9159,961.521,9.1447,111.925,1009.69,-23.1193,84.729,1007.63,-0.463071,85.3584,1011.61,-26.7132,47.6717,999.454,6.22011,49.2803,1028.6,-26.9072,9.78311,1011.21,19.874,11.7764,928.302,-2.4308,142.396,929.161,-11.1007,148.925,932.529,-9.19744,161.474,931.102,-0.586812,154.848,0,0,0
000410:994.129,-14.6403,160.17,996.925,-17.6196,163.243,997.193,-11.1449,163.1,1007.87,-21.7823,159.015,1007.15,-4.8063,159.53,1015.12,-28.4307,137.433,1013.08,4.1007,139,1016.01,-34.9378,109.528,1000.69,15.6497,116.768,1009.96,-35.7717,87.9942,958.111,9.03803,112.604,1009.1,-23.4286,85.435,1007.9,-0.80504,85.9977,1012.35,-27.0473,48.2302,1000.02,5.74494,49.8946,1030.44,-26.9784,10.0593,1010.02,19.7514,12.287,932.202,-2.35589,143.306,936.895,-10.7822,149.984,943.707,-8.70298,162.261,938.133,-0.342866,155.41,0,0,0
000411:995.302,-14.8824,160.469,998.123,-17.8628,163.554,998.388,-11.3581,163.398,1008.68,-22.0359,159.21,1007.82,-5.0358,159.723,1015.51,-28.648,137.376,1012.37,3.76167,138.949,1016.45,-35.1883,109.316,1000.14,15.3093,116.734,1009.2,-36.0102,87.7622,958.561,8.54342,113.025,1007.46,-23.7129,84.9144,1006.09,-1.15966,85.4781,1009.44,-27.2408,47.9551,998.552,5.50302,49.5118,1028.15,-26.9855,10.0435,1011.77,19.7061,11.97,932.097,-2.55733,145.128,935.187,-11.3017,152.054,940.775,-9.10698,164.78,936.841,-0.395358,157.726,0,0,0
000412:996.127,-14.6719,160.732,998.347,-17.7118,163.829,998.902,-11.1899,163.644,1007.38,-22.0634,159.373,1007.17,-5.00076,159.893,1012.98,-28.7925,137.469,1011.41,3.70305,139.096,1014.54,-35.2992,109.231,1000.83,15.3472,117.027,1010.55,-36.0949,87.21,963.932,8.76877,113.459,1005.89,-23.6514,84.9826,1005.01,-1.04164,85.5409,1009.93,-27.3603,47.9667,998.165,5.50181,49.6385,1029.14,-26.9927,10.1642,1010.94,19.6964,12.2513,934.391,-2.22647,146.258,936.784,-10.7876,153.481,941.635,-8.30552,166.029,938.336,0.217461,158.686,0,0,0
000413:997.649,-14.4223,160.574,999.785,-17.5228,163.686,1000.16,-10.984,163.477,1008.48,-22.1236,159.25,1007.71,-5.04468,159.658,1014.11,-29.1598,137.402,1011.24,3.34862,138.934,1015.42,-35.8302,109.263,998.979,15.1421,117.071,1012.03,-36.3548,87.6559,959.606,9.14117,114.185,1008.01,-24.0622,84.7492,1006.34,-1.49007,85.3599,1011.79,-27.5861,47.6313,999.183,5.16934,49.4335,1030.08,-27.0483,9.77925,1010.24,19.526,12.2427,938.286,-1.53003,149.337,940.954,-10.4568,156.933,946.753,-7.83281,169.957,943.183,1.0692,162.22,0,0,0
000414:998.071,-14.8025,160.608,999.439,-17.8596,163.723,999.828,-11.3157,163.528,1006.06,-22.3102,159.356,1005.44,-5.29647,159.789,1011.6,-29.192,137.555,1008.37,3.1141,139.13,1014.37,-35.9526,109.262,1000.18,14.8073,117.06,1011.2,-36.8343,87.4157,967.107,8.86387,113.796,1008.39,-24.1779,84.6,1006.38,-1.66152,85.2439,1012.1,-27.8273,47.5377,1000.01,5.0504,49.3018,1029.87,-27.2918,9.86448,1011.66,19.6311,12.1327,943.936,-1.01339,150.278,943.922,-9.63043,158.325,945.971,-6.50255,171.245,945.062,2.08655,163.133,0,0,0
000415:999.962,-14.7962,160.569,1001.49,-17.8443,163.711,1002.18,-11.291,163.463,1008.38,-22.3075,159.256,1008.35,-5.32766,159.604,1012.43,-29.2795,137.426,1010.5,2.84807,138.896,1012.98,-35.9798,109.058,1000.13,14.4807,116.982,1010.89,-37.0361,86.8217,962.469,8.51391,114.422,1006.87,-24.5535,84.6388,1005.73,-2.22316,85.2122,1010.76,-28.0345,47.6975,998.212,4.50908,49.5052,1030.42,-27.1723,9.93688,1010.54,19.4399,12.497,943.098,-1.07666,151.429,945.105,-9.81524,159.512,949.495,-6.74048,172.598,946.344,2.00441,164.418,0,0,0
000416:997.921,-14.993,160.949,999.641,-18.0163,164.091,1000.32,-11.4636,163.83,1007.5,-22.446,159.593,1007.3,-5.49508,159.905,1012.98,-29.4409,137.691,1010.14,2.61254,139.069,1014.06,-36.2135,109.429,999.218,14.3534,117.18,1010.21,-37.2211,87.4776,962.437,8.71403,114.712,1007.13,-24.952,84.5675,1005.44,-2.67136,85.1428,1011.34,-28.3034,47.5074,998.744,4.14809,49.3119,1029.54,-27.1406,9.85862,1010.92,19.2868,12.3602,944.266,-0.809582,152.228,947.965,-9.61368,160.447,953.174,-6.4027,173.628,948.152,2.41997,165.294,0,0,0
000417:996.498,-15.1974,161.063,998.618,-18.187,164.21,999.448,-11.6362,163.95,1007.67,-22.5324,159.697,1007.5,-5.59257,159.998,1013.7,-29.5143,137.738,1010.71,2.5408,139.134,1013.73,-36.3605,109.54,1000.52,14.4253,117.488,1009.7,-37.4288,87.6732,963.533,8.63054,115.609,1005.33,-25.1283,84.6506,1003.9,-2.88383,85.2033,1009.8,-28.4291,47.6805,998.411,3.98789,49.3883,1028.72,-27.0713,10.0518,1011.25,19.2636,12.4561,946.987,-0.839235,153.133,951.255,-9.63222,161.445,958.12,-6.35755,174.673,952.482,2.47388,166.242,0,0,0
000418:998.996,-14.9111,161.113,1000.7,-17.9632,164.263,1001.23,-11.4116,163.99,1007.87,-22.5826,159.702,1007.2,-5.67672,159.921,1013.23,-29.7419,137.613,1009.43,2.15536,139.057,1013.69,-36.6118,109.402,999.319,14.1616,117.662,1010.18,-37.7465,87.443,964.136,8.77596,116.127,1007.5,-25.213,84.4449,1005.68,-3.01277,85.043,1011.12,-28.571,47.5973,999.09,3.80253,49.3825,1028.74,-27.0325,10.1541,1010.55,19.2817,12.653,946.857,-0.462177,153.705,948.861,-9.68826,161.879,953.663,-6.72603,175.465,950.428,2.5813,167.188,0,0,0
000419:999.955,-15.248,161.269,1001.62,-18.2481,164.429,1002.26,-11.7328,164.148,1009.1,-22.693,159.948,1008.67,-5.90276,160.136,1014.12,-29.8047,138.156,1010.81,1.96574,139.516,1014.98,-36.6841,110.178,999.03,13.8943,118.278,1011.23,-37.8003,88.7988,961.777,8.42959,116.936,1007.95,-25.4525,85.5001,1005.96,-3.40537,86.0483,1012.1,-28.7838,48.3994,998.631,3.21417,50.251,1030.36,-27.2244,10.6036,1010.61,18.7657,13.1408,945.046,-0.661762,155.023,949.083,-9.59559,163.351,954.286,-6.38289,176.673,948.677,2.60845,168.212,0,0,0
000420:1002.03,-15.463,161.202,1003.46,-18.4739,164.359,1003.91,-11.9235,164.098,1009.38,-22.9327,159.869,1008.3,-6.05089,160.08,1013.56,-30.0335,137.957,1008.84,1.89251,139.412,1013.84,-36.9797,109.952,998.544,13.875,118.286,1011.39,-38.1711,88.452,963.8,8.20636,117.181,1008,-25.5753,84.9468,1005.77,-3.41823,85.5521,1011.55,-28.8427,48.0171,999.52,3.27136,49.7722,1029.77,-27.2163,10.4251,1011.96,18.641,12.8349,947.795,-0.694672,155.501,949.382,-9.77023,163.859,952.935,-6.55351,177.349,949.998,2.58887,168.917,0,0,0
000421:1003.65,-16.026,161.201,1004.91,-18.9585,164.362,1005.54,-12.4031,164.114,1010.12,-23.1083,159.89,1009.09,-6.23884,160.143,1012.27,-29.9438,138.042,1008.46,1.9265,139.472,1012.14,-36.9877,110.217,997.265,13.9105,118.371,1010.88,-38.3654,89.1183,962.926,7.92744,117.327,1005.74,-25.6522,85.0014,1003.74,-3.57922,85.5502,1009.88,-28.9325,48.0512,996.657,2.99905,49.83,1030.4,-27.2884,10.3254,1010.29,18.2883,12.8796,947.633,-0.887986,156.359,949.354,-9.64224,165.077,953.005,-5.9429,178.429,949.748,2.87193,169.654,0,0,0
000422:1003.54,-16.3718,161.21,1004.82,-19.2355,164.369,1005.44,-12.674,164.113,1010.36,-23.177,159.85,1009.3,-6.29622,160.075,1013.2,-29.987,138.042,1009.15,1.99845,139.431,1014.23,-37.359,110.47,996.737,14.2188,118.575,1014.47,-39.1135,89.7346,961.677,8.08271,118.034,1007.58,-25.9846,85.0428,1005.43,-3.85922,85.5425,1010.8,-29.2281,48.0981,996.95,2.69789,49.865,1030.45,-27.4396,10.3859,1008.53,18.0733,13.0326,945.973,-0.593734,157.4,950.497,-9.28121,166.177,957.296,-5.49669,179.552,950.937,3.28334,170.662,0,0,0
000423:1002.83,-16.3242,161.21,1004.68,-19.2418,164.382,1005.36,-12.6345,164.115,1011.75,-23.3099,159.758,1010.35,-6.25659,160.014,1014.57,-30.2947,137.907,1009.65,2.00502,139.328,1013.23,-37.5984,110.141,996.13,14.2906,118.7,1011.03,-38.73,89.3252,958.705,8.12782,118.706,1004.9,-26.2911,85.1033,1002.21,-4.11022,85.6571,1009.34,-29.1815,48.1625,994.499,2.54626,50.0757,1030.99,-27.2436,10.2968,1007.95,17.5805,13.2523,942.828,-0.66014,158.575,948.801,-9.30669,167.413,955.988,-5.41084,180.694,948.139,3.30761,171.754,0,0,0
000424:1004.19,-16.5035,161.068,1005.76,-19.385,164.241,1006.49,-12.8105,163.964,1011.85,-23.3919,159.68,1010.76,-6.4681,159.887,1014.51,-30.3332,137.972,1009.89,1.76354,139.365,1013.92,-37.7368,110.457,996.638,14.0577,118.933,1012.09,-39.1394,90.0331,958.461,8.08804,119.154,1006.93,-26.3877,85.184,1004.52,-4.33122,85.6884,1010.49,-29.353,48.2504,995.839,2.10219,50.0895,1030.61,-27.3704,10.5397,1007.25,17.1214,13.4196,946.07,-0.910515,159.498,950.106,-9.49739,168.476,956.285,-5.46605,181.767,950.429,3.21509,172.699,0,0,0
000425:1003.64,-16.647,161.19,1005.23,-19.4941,164.359,1005.96,-12.9433,164.106,1011.43,-23.4104,159.83,1010.3,-6.54412,160.065,1014.55,-30.3133,138.229,1009.7,1.71049,139.742,1012.94,-37.7402,110.771,998.144,13.8552,119.697,1009.95,-39.2952,90.3802,961.701,7.66108,120.567,1007.05,-26.3755,85.6259,1004.24,-4.41443,86.1569,1011.44,-29.2948,48.4382,995.828,1.8549,50.3362,1032.62,-27.6289,10.4003,1005.96,16.4404,13.6201,946.083,-0.851612,160.461,948.413,-9.29278,169.389,953.983,-5.19148,182.518,950.021,3.34237,173.513,0,0,0
000426:1003.79,-16.7938,161.056,1005.53,-19.6059,164.22,1006.09,-13.0704,163.969,1011.83,-23.4612,159.71,1010.05,-6.62401,159.912,1014.87,-30.3744,138.125,1008.83,1.62659,139.62,1013.42,-37.932,110.723,996.686,13.8779,119.649,1010.22,-39.5256,90.6612,960.346,7.60063,120.581,1006.38,-26.5402,85.7841,1002.91,-4.63068,86.3,1010.67,-29.4678,48.7855,994.033,1.45694,50.7061,1031.57,-27.4986,10.9585,1003.66,15.9459,14.1185,948.507,-1.0229,161.197,950.442,-9.49477,170.322,954.992,-5.1998,183.548,951.406,3.36954,174.381,0,0,0
000427:1002.23,-16.9082,160.826,1003.88,-19.722,163.975,1004.37,-13.198,163.745,1009.96,-23.5761,159.533,1008.09,-6.77619,159.765,1013.62,-30.4891,137.949,1007.45,1.53394,139.528,1012.63,-38.2213,110.566,995.574,13.9624,119.836,1009.53,-40.1864,90.2261,958.454,7.96441,121.068,1007.19,-26.5844,85.2499,1003.74,-4.67771,85.8207,1011.08,-29.4255,48.3988,995,1.43082,50.2781,1031.4,-27.5358,10.8237,1003.27,15.555,14.0941,948.867,-0.710713,161.82,950.284,-9.4505,170.913,954.852,-5.24375,184.394,951.741,3.627,175.283,0,0,0
000428:999.138,-17.038,160.873,1001.12,-19.9151,164.004,1001.33,-13.3948,163.794,1007.9,-23.907,159.432,1005.47,-7.10854,159.729,1012.85,-30.8051,137.795,1005.04,1.20509,139.554,1012.07,-38.1518,110.18,992.53,13.9392,120.249,1007.27,-40.004,89.4434,955.066,8.35624,121.982,1006.42,-26.6218,85.3319,1002.11,-4.78321,85.9652,1010.9,-29.463,48.4256,994.178,1.11015,50.3741,1030.21,-27.475,10.9732,1002.7,15.0846,14.0927,948.742,-0.15909,162.633,951.77,-9.33203,171.471,957.525,-5.50552,185.202,952.773,3.8193,176.337,0,0,0
000429:1001.15,-16.9738,160.982,1003.04,-19.8333,164.13,1003.4,-13.2947,163.885,1009.33,-23.8291,159.517,1007.08,-6.99647,159.724,1013.08,-30.8296,137.861,1005.37,1.20514,139.494,1011.93,-38.6014,110.608,993.257,13.8094,120.327,1007.87,-40.6767,90.2853,958.91,8.09895,122.545,1004.4,-26.7789,85.2036,1000.08,-4.96606,85.8167,1009.97,-29.4585,48.1469,992.513,0.986846,50.1466,1030.38,-27.5089,10.499,1002.01,14.8415,13.9111,947.564,-0.0239627,163.578,949.623,-9.13125,172.469,955.551,-5.19973,186.225,951.732,4.09025,177.276,0,0,0
000430:1002.18,-16.7406,160.739,1003.52,-19.6725,163.878,1003.67,-13.1293,163.635,1008.03,-23.8916,159.266,1005.5,-7.04881,159.461,1011.31,-31.0773,137.711,1003.44,0.956774,139.407,1010.46,-38.7888,110.38,991.401,13.6137,120.594,1007.14,-40.6694,89.7951,958.672,8.22951,123.103,1006.42,-26.9617,85.1892,1001.86,-5.16619,85.8457,1010.42,-29.5613,48.3013,993.358,0.671939,50.293,1029.62,-27.6727,10.8522,1001.54,14.1907,14.2637,948.402,0.18491,164.508,950.373,-9.16473,173.278,955.053,-5.44136,187.11,951.306,4.09356,178.314,0,0,0
000431:1000.71,-16.9151,160.758,1002.13,-19.8292,163.881,1002.15,-13.2781,163.645,1007.16,-23.9931,159.225,1004.45,-7.12604,159.428,1011.27,-31.1143,137.576,1003.58,1.01015,139.248,1011.45,-38.9491,110.381,992.631,13.8767,120.341,1007.54,-41.0642,90.0555,960.971,8.39322,122.892,1007.57,-26.9296,84.7819,1002.75,-5.06721,85.3959,1012.32,-29.7296,47.9639,993.859,0.545678,49.9758,1031.46,-27.7559,10.7788,1000.37,13.8316,14.2811,950.004,0.330908,165.398,950.888,-9.27156,174.277,955.084,-5.51007,188.423,952.497,4.30656,179.546,0,0,0
000432:1001.2,-17.3181,160.805,1002.43,-20.18,163.942,1002.58,-13.6339,163.727,1007.11,-24.1129,159.34,1004.44,-7.28512,159.593,1010.81,-31.03,137.92,1002.35,0.9864,139.698,1011.79,-38.8737,110.66,991.276,13.6078,121.059,1009.44,-41.4634,90.1549,965.534,7.69888,123.963,1004.55,-26.767,85.4594,999.173,-5.108,86.0892,1010.81,-29.4739,48.2518,992.153,0.178366,50.266,1030.48,-27.5377,10.8085,1000.01,13.1765,14.1552,949.093,0.296106,166.747,949.132,-9.0268,175.588,954.315,-5.18752,189.506,952.47,4.35629,180.684,0,0,0
000433:998.238,-17.3102,160.749,999.915,-20.1865,163.87,1000.07,-13.6474,163.654,1006.21,-24.2025,159.158,1003.44,-7.33018,159.422,1011.15,-31.2573,137.691,1002.91,0.875736,139.551,1012.04,-39.1967,110.478,990.646,13.607,121.44,1007.87,-41.5119,90.2082,959.718,7.57975,125.347,1005.46,-27.0727,85.3868,1000.02,-5.36793,86.021,1010.9,-29.6539,48.2122,991.249,-0.0806357,50.3039,1030.79,-27.7633,10.6732,998.599,12.6458,14.2398,948.04,0.0582993,167.858,950.046,-9.35009,176.647,956.601,-5.56231,190.582,952.638,4.08399,181.781,0,0,0
000434:998.914,-17.1513,160.913,1000.8,-20.0571,164.033,1000.91,-13.5046,163.813,1007.35,-24.1577,159.296,1004.52,-7.27663,159.522,1011.79,-31.2896,137.795,1003.26,0.906204,139.615,1012.45,-39.3668,110.693,988.858,13.6688,121.625,1008.36,-41.8798,90.4917,957.143,7.82205,125.732,1004.65,-26.9314,85.4408,998.729,-5.27168,86.0788,1011.19,-29.4938,48.169,989.663,-0.221661,50.3756,1030.51,-27.657,10.7191,995.863,12.0651,14.5322,946.829,0.2965,168.548,949.91,-9.29963,177.424,958.314,-5.53489,191.565,953.258,4.32599,182.637,0,0,0
000435:998.057,-17.1276,161.208,999.954,-20.0342,164.336,1000.06,-13.4438,164.105,1007.04,-24.175,159.474,1004.23,-7.17781,159.709,1012.63,-31.4596,137.845,1003.93,0.947433,139.703,1013.54,-39.697,110.517,991.561,13.4903,121.744,1008.53,-42.0632,90.099,962.209,7.19481,126.336,1005.77,-27.1756,85.3593,999.435,-5.41145,86.0203,1013.14,-29.5683,47.9087,990.176,-0.3726,50.2492,1032.11,-27.7167,10.389,995.098,11.5565,14.5368,948.033,0.139745,169.405,950.788,-9.33243,178.426,958.749,-5.32747,192.475,954.132,4.42082,183.402,0,0,0
000436:997.906,-17.1014,161.29,999.525,-20.024,164.397,1000.04,-13.4363,164.18,1005.72,-24.1903,159.486,1003.94,-7.22517,159.725,1010.34,-31.3709,137.89,1003.99,0.868604,139.722,1010.41,-39.4452,110.83,992.68,13.2735,121.938,1008.35,-41.8676,90.6406,963.216,6.84737,126.951,1004.34,-26.9161,85.3307,999.497,-5.26767,85.9015,1011.95,-29.4447,47.9028,990.557,-0.491342,50.0861,1032.61,-27.7716,10.3726,995.053,11.1183,14.5313,948.113,0.142652,170.415,950.422,-9.37101,179.485,958.935,-5.39443,193.573,954.833,4.42437,184.464,0,0,0
000437:998.011,-17.1328,161.302,999.712,-20.0146,164.432,1000.35,-13.3988,164.19,1006.14,-24.0962,159.496,1004.69,-7.0857,159.689,1010.22,-31.3805,137.884,1004.83,0.932712,139.705,1009,-39.7947,110.903,992.382,13.2891,122.378,1006.12,-42.293,90.7615,960.596,6.53,128.336,1003.53,-27.2875,85.2848,999.177,-5.65765,85.8206,1011.48,-29.6044,47.7881,989.821,-0.868424,49.9772,1032.28,-27.7511,10.1371,992.149,10.6464,14.7093,947.252,-0.0296744,171.644,949.327,-9.32835,180.774,958.578,-5.18278,194.729,954.552,4.4512,185.562,0,0,0
000438:996.937,-17.2282,161.317,998.523,-20.0901,164.444,999.058,-13.5009,164.216,1005.03,-24.0701,159.56,1003.36,-7.12623,159.784,1009.43,-31.232,138.118,1004.28,0.972301,139.943,1010.21,-39.5166,110.955,992.233,13.279,122.351,1009.04,-42.3042,90.6508,961.51,6.63019,127.867,1003.83,-27.0325,85.745,999.341,-5.53032,86.25,1011.69,-29.4263,48.1347,989.625,-1.09293,50.323,1032.3,-27.5573,10.5187,992.254,10.2493,14.8099,945.362,0.234003,172.621,946.99,-9.04721,181.89,955.504,-4.75729,195.883,951.801,4.86674,186.602,0,0,0
000439:998.052,-17.1107,161.253,999.707,-20.0585,164.372,1000.18,-13.4331,164.154,1005.8,-24.219,159.415,1004.03,-7.17531,159.682,1010.2,-31.4486,137.881,1003.36,0.922649,139.854,1011.07,-39.8156,110.652,988.016,13.2297,122.752,1007.67,-42.5271,90.2493,954.186,6.82322,128.841,1004.43,-26.8722,85.1635,999.256,-5.32444,85.7663,1011.02,-29.2206,47.6125,988.813,-1.02616,49.8291,1031.31,-27.5968,10.1218,992.262,9.73129,14.4446,943.308,0.476501,173.757,947.437,-8.93679,183.122,956.336,-4.63092,197.124,950,5.13305,187.727,0,0,0
000440:995.849,-17.1465,161.151,997.623,-20.0794,164.266,998.159,-13.4708,164.063,1004.44,-24.178,159.329,1002.57,-7.13795,159.627,1009.02,-31.3425,137.89,1003.35,1.01012,139.893,1009.31,-39.6352,110.666,989.9,13.3342,122.872,1005.76,-42.3894,90.2953,959.02,6.73711,129.232,1002.89,-26.7373,85.331,998.39,-5.26767,85.8761,1009.52,-29.0956,47.7266,988.801,-1.17252,49.8097,1030.25,-27.532,10.2331,992.7,9.30605,14.288,943.972,0.504851,175.041,947.243,-8.95864,184.425,956.831,-4.64312,198.521,951.27,5.18832,189.135,0,0,0
000441:995.556,-16.8785,161.323,997.414,-19.8423,164.441,997.815,-13.2501,164.24,1004.35,-24.1145,159.515,1002.44,-7.11403,159.769,1009.15,-31.4724,138.149,1003.34,0.766171,140.172,1009.48,-39.8471,110.865,988.847,12.6785,123.436,1005.5,-42.5404,90.4569,955.39,6.17222,130.219,1003.54,-26.8208,85.865,998.663,-5.45256,86.4515,1010.69,-29.0284,48.0555,988.266,-1.41234,50.3149,1031.18,-27.7711,10.3061,990.268,8.65293,14.8445,942.428,0.393918,176.047,946.561,-9.04237,185.538,956.395,-4.62377,199.547,949.974,5.18387,190.024,0,0,0
000442:996.984,-17.0557,161.213,998.576,-19.9958,164.318,999.097,-13.3973,164.135,1004.76,-24.1551,159.4,1003.03,-7.15737,159.671,1008.68,-31.338,138.047,1003.48,0.875205,140.122,1008.02,-39.8098,111.149,990.224,12.9207,123.718,1004.76,-42.7151,91.3039,960.473,6.22283,130.96,1002.82,-26.5504,85.6509,998.235,-5.21398,86.2062,1010.01,-28.9181,47.8594,988.081,-1.41773,50.0133,1030.78,-27.7031,10.2054,989.923,8.39495,14.6195,944.652,0.383368,176.964,947.256,-9.03174,186.52,956.416,-4.52811,200.546,951.536,5.27577,190.992,0,0,0
000443:996.184,-17.1399,161.415,997.848,-20.0952,164.528,998.107,-13.4667,164.345,1003.86,-24.2126,159.615,1001.55,-7.15791,159.927,1007.72,-31.3047,138.256,1001.01,0.995635,140.457,1007.76,-39.5998,111.078,985.131,13.0159,124.243,1002.73,-42.4624,90.8388,955.253,6.23563,131.68,1002.57,-26.4277,85.5853,996.782,-5.05703,86.2034,1010.25,-28.9172,47.5934,986.117,-1.53542,49.869,1031.03,-27.6536,9.92966,987.306,8.0238,14.4833,942.864,0.494169,177.839,947.146,-8.97189,187.434,957.573,-4.47541,201.478,950.982,5.3959,191.892,0,0,0
000444:995.789,-17.0364,161.444,997.322,-19.994,164.551,997.724,-13.3969,164.366,1003.68,-24.2314,159.582,1001.61,-7.2173,159.867,1007.78,-31.4489,138.281,1002.21,0.724733,140.569,1007.93,-39.9827,111.331,987.484,12.798,125.12,1004.06,-42.8362,91.2988,960.062,6.23652,133.627,1002.87,-26.6439,85.9575,997.331,-5.38586,86.6008,1011.17,-28.8909,47.8251,986.207,-1.82047,50.2246,1032.07,-27.6471,9.94001,986.485,7.54916,14.8805,943.676,0.44213,179.187,946.898,-8.91067,188.618,958.189,-4.47408,202.501,952.63,5.31272,193.063,0,0,0
000445:996.466,-17.1187,161.367,997.836,-20.0673,164.475,997.915,-13.4564,164.3,1003.43,-24.1937,159.547,1000.64,-7.16035,159.897,1006.93,-31.2613,138.246,1000.09,0.933148,140.789,1007.36,-39.7655,111.156,985.403,13.1552,126.085,1002.67,-42.721,90.763,960.936,6.51603,135.422,1001.9,-26.4288,85.6807,995.608,-5.18683,86.4203,1009.9,-28.7615,47.5984,984.818,-1.77546,49.9524,1030.81,-27.4864,9.8503,986.133,7.34444,14.6652,942.112,0.70737,180.353,944.998,-8.64854,189.713,954.705,-4.19351,203.473,949.232,5.59778,194.163,0,0,0
000446:994.935,-17.0202,161.233,996.47,-19.9655,164.319,996.939,-13.3985,164.135,1003.13,-24.2215,159.298,1001.08,-7.26137,159.623,1007.45,-31.3529,137.943,1001.71,0.559354,140.634,1008.07,-39.9486,110.924,985.971,12.4461,126.735,1001.76,-43.0838,90.4642,956.915,5.72143,137.289,1002.12,-26.4688,85.5966,996.274,-5.37941,86.3658,1010.6,-28.7656,47.559,984.906,-1.96865,49.9854,1031.83,-27.4051,9.82337,985.407,7.09055,14.9401,941.107,0.851805,181.629,943.336,-8.40381,190.967,952.837,-3.86782,204.56,948.024,5.83866,195.274,0,0,0
000447:995.373,-16.9698,161.206,996.976,-19.9026,164.295,997.517,-13.3241,164.118,1003.7,-24.0781,159.289,1001.8,-7.09278,159.625,1007.83,-31.1741,138.011,1001.62,0.831958,140.635,1008.83,-39.97,111.056,985.29,12.8103,126.63,1003.3,-43.2566,90.7321,955.617,6.19795,137.167,1000.88,-26.3016,85.6867,994.921,-5.22165,86.4218,1008.53,-28.5305,47.659,983.095,-1.93994,50.0394,1032.19,-27.5233,9.69647,984.968,6.66872,14.847,939.195,1.17413,182.667,941.377,-8.1817,192.089,952.171,-3.59121,205.892,947.489,6.24369,196.52,0,0,0
000448:994.779,-16.9754,161.26,996.363,-19.9215,164.341,997.061,-13.3413,164.171,1003.15,-24.136,159.331,1002.1,-7.20515,159.659,1007.15,-31.2252,138.073,1002.55,0.565092,140.819,1006.67,-39.9196,111.183,985.686,12.2735,127.553,1000.94,-43.3395,90.6529,952.218,5.68265,139.098,1000.32,-26.3288,85.6606,995.425,-5.39898,86.4087,1007.48,-28.5101,47.5935,983.692,-2.20945,49.84,1031.52,-27.4481,9.54127,984.394,6.31684,14.8014,938.334,1.35509,184.097,941.632,-7.97407,193.502,952.936,-3.40252,207.182,946.853,6.42106,197.835,0,0,0
000449:994.874,-17.0097,161.254,996.683,-19.955,164.314,997.061,-13.3558,164.158,1003.49,-24.1302,159.224,1001.39,-7.11669,159.575,1007.48,-31.195,137.952,1000.36,0.763544,140.855,1006.85,-39.985,111.254,981.872,12.546,128.331,1000.16,-43.371,91.1769,948.82,5.73667,140.862,999.618,-26.2686,85.7391,993.238,-5.26889,86.5501,1008.06,-28.5239,47.479,982.438,-2.26087,49.8133,1031.69,-27.4785,9.31196,983.555,5.98843,14.6201,937.128,1.41124,185.207,941.178,-8.01675,194.629,951.959,-3.37225,208.311,945.102,6.53783,198.95,0,0,0
000450:995.761,-16.9272,161.208,997.1,-19.8753,164.252,997.557,-13.2958,164.102,1002.77,-24.0999,159.168,1001.16,-7.16938,159.515,1006.11,-31.1075,137.945,1000.02,0.567904,141.045,1006.08,-39.9341,111.403,983.726,12.1427,129.45,1001,-43.3475,91.3269,953.784,5.41206,143.054,999.598,-26.1406,85.7372,993.354,-5.2676,86.6194,1008.5,-28.4217,47.4428,981.646,-2.35953,49.8552,1032.41,-27.4328,9.22099,982.107,5.59861,14.834,940.167,1.42836,186.375,943.057,-7.83544,195.735,953.275,-3.13308,209.143,947.543,6.64258,199.866,0,0,0
000451:994.623,-16.7665,160.938,997.367,-19.9255,163.894,996.176,-13.1317,163.758,1004.2,-24.3214,158.893,1000.27,-7.11735,159.4,1006.91,-31.1515,137.895,999.376,0.550904,141.525,1007.79,-40.23,111.371,982.984,12.5564,130.072,997.115,-42.954,92.5043,953.243,6.32751,144.088,1000.15,-26.2942,85.6551,992.088,-5.27857,86.7475,1008.19,-28.6665,47.4517,980.893,-2.63022,49.4631,1028.96,-27.3364,9.48161,982.244,5.01491,14.6199,942.796,1.26219,186.861,947.732,-8.53911,196.812,950.738,-2.93751,210.197,946.521,6.84803,200.277,0,0,0
000452:994.804,-16.6198,160.897,997.733,-19.7822,163.848,996.231,-12.9839,163.716,1004.69,-24.1572,158.941,1000.11,-6.93874,159.451,1007.28,-30.9964,138.043,998.532,0.745585,141.814,1007,-40.0755,111.519,980.584,12.5146,130.911,993.318,-42.7274,92.6905,950.475,6.14538,145.454,1000.56,-26.1015,85.8316,991.501,-5.09375,87.0147,1009.61,-28.5565,47.5104,980.65,-2.61871,49.6011,1029.55,-27.1985,9.56332,981.646,4.6595,14.7885,941.394,1.28726,188.047,947.112,-8.46695,198.063,949.811,-2.75219,211.319,944.677,6.97875,201.363,0,0,0
000453:994.606,-16.6263,160.953,996.436,-19.5914,163.974,996.795,-13.024,163.827,1003.51,-23.8613,158.86,1001.44,-6.91542,159.222,1007.58,-30.8848,137.686,999.543,0.740106,141.117,1006.03,-39.928,111.291,980.481,12.3292,131.264,998.586,-43.5027,91.3432,948.017,5.74498,146.973,997.606,-25.8888,85.8044,990.435,-5.15702,86.7588,1006.02,-28.2422,47.514,978.442,-2.7682,49.8862,1031.65,-27.3785,9.12815,979.973,4.35824,14.807,938.823,1.84685,189.475,943.024,-7.48272,198.879,955.615,-2.69453,212.262,948.348,7.18201,202.976,0,0,0
000454:994.76,-16.5382,160.899,997.374,-19.7239,163.819,996.213,-12.9187,163.705,1003.96,-24.0633,158.887,1000.22,-6.83087,159.455,1006.7,-30.8301,138.02,999.58,0.918871,142.114,1006.27,-39.9135,111.454,984.827,12.9606,132.487,993.254,-42.6544,92.3785,956.416,6.7654,148.577,1000.98,-25.9693,85.7658,992.741,-5.03136,86.9791,1009.45,-28.4511,47.3644,979.879,-2.90158,49.4126,1030.96,-26.9913,9.22201,979.61,3.89333,14.6911,944.708,1.70551,190.551,949.464,-8.10909,200.414,951.754,-2.4575,213.495,947.784,7.3343,203.787,0,0,0
000455:994.115,-16.4419,160.885,997.109,-19.6409,163.796,995.636,-12.8323,163.691,1004.45,-24.0073,158.874,1000.11,-6.77589,159.433,1007.31,-30.7389,138.057,998.93,0.945004,142.162,1007.09,-39.907,111.689,982.65,12.8157,132.797,993.663,-42.7971,93.0427,953.183,6.67964,149.116,999.522,-25.7054,85.8454,990.356,-4.8592,87.0658,1008.79,-28.3583,47.2866,977.076,-3.01498,49.428,1030.21,-27.0545,9.09722,977.65,3.44884,14.5649,943.948,1.83368,191.446,948.972,-7.99461,201.401,951.66,-2.28075,214.493,947.337,7.54546,204.696,0,0,0
000456:993.028,-16.1916,160.911,995.711,-19.4136,163.79,994.397,-12.6229,163.704,1002.53,-23.8806,158.799,998.593,-6.64879,159.379,1005.61,-30.6446,137.959,997.598,1.02431,142.224,1006.05,-39.9381,111.545,982.762,13.0401,133.363,994.078,-43.0395,92.6755,954.931,7.17521,150.236,998.107,-25.4744,85.85,989.308,-4.6684,87.0795,1008.08,-28.2567,47.2097,977.841,-3.11508,49.204,1029.48,-27.143,8.99229,977.306,2.9292,14.3392,946.479,1.89284,192.324,951.232,-7.98964,202.164,953.426,-2.35499,215.158,949.532,7.53462,205.501,0,0,0
000457:992.606,-16.0937,161.015,995.422,-19.3442,163.891,994.174,-12.5422,163.802,1002.87,-23.8401,158.916,998.735,-6.58769,159.494,1006.41,-30.6099,138.041,997.772,1.09797,142.321,1006.83,-39.9967,111.636,982.262,13.1756,133.662,993.792,-43.1438,92.8123,953.851,7.50333,150.808,998.276,-25.3681,85.6412,989.145,-4.57942,86.8894,1007.91,-28.2177,46.9885,977.145,-3.18503,48.975,1030.57,-27.2521,8.67294,978.839,2.46908,13.9682,946.711,1.96769,193.215,952.056,-8.03406,203.138,954.517,-2.38314,216.216,949.848,7.64129,206.488,0,0,0
000458:991.756,-15.982,161.153,994.584,-19.2409,164.028,993.276,-12.4368,163.937,1002.49,-23.7744,159.02,998.526,-6.51469,159.613,1006.66,-30.5403,138.103,998.749,1.08258,142.526,1006.28,-39.7375,111.537,983.358,13.0759,134.305,991.198,-42.7437,92.5727,954.399,7.34886,152.048,999.711,-25.362,85.6126,990.759,-4.57499,86.8893,1008.93,-28.2134,46.8095,978.539,-3.24643,48.7639,1029.69,-27.0385,8.53687,977.204,2.56272,13.8964,948.983,1.97839,194.152,954.827,-8.05411,204.064,957.176,-2.41345,217.068,952.111,7.626,207.372,0,0,0
000459:992.395,-15.9433,160.907,995.191,-19.2084,163.782,993.869,-12.4019,163.68,1002.75,-23.6881,158.865,998.503,-6.41713,159.445,1007.04,-30.4446,137.997,997.167,1.23963,142.434,1007.35,-39.7783,111.507,979.127,13.2978,134.433,992.567,-42.8366,92.6904,949.209,7.6314,152.209,998.736,-25.2941,85.4511,989.367,-4.51316,86.7297,1006.98,-28.2722,46.8072,977.527,-3.34213,48.6251,1028.43,-27.0204,8.59958,977.64,2.44855,13.7244,948.692,1.94796,194.573,956.29,-8.15874,204.624,959.799,-2.47589,217.757,952.738,7.63641,207.917,0,0,0
000460:991.62,-15.7628,160.993,994.566,-19.0625,163.854,993.19,-12.2509,163.764,1002.46,-23.6435,158.91,997.682,-6.3484,159.509,1006.68,-30.4627,138.027,996.142,1.28048,142.545,1006.51,-39.7882,111.517,980.089,13.5559,134.974,989.799,-42.4829,92.7271,954.411,8.10818,153.337,997.229,-25.2906,85.5019,986.868,-4.5037,86.8746,1007.19,-28.2194,46.7711,975.178,-3.32292,48.7959,1028.78,-27.0183,8.50601,976.393,2.11374,13.9123,952.997,1.98301,195.385,960.455,-8.30992,205.267,963.485,-2.79534,218.424,956.569,7.51847,208.776,0,0,0
000461:991.831,-15.637,161.063,994.661,-18.9432,163.91,992.934,-12.1334,163.824,1002.33,-23.5369,158.943,997.036,-6.25378,159.57,1007.21,-30.3568,138.12,995.967,1.35053,142.799,1008.06,-39.7979,111.651,981.662,13.6984,135.852,990.897,-42.6787,92.7641,958.911,8.40778,154.772,999.401,-25.1909,85.7039,988.367,-4.40919,87.1537,1008.51,-28.1033,46.9176,975.276,-3.22202,49.0441,1028.86,-26.9409,8.65469,975.743,2.16342,14.126,954.56,2.12727,195.992,961.461,-8.08194,205.638,963.395,-2.68992,218.529,957.101,7.52817,209.149,0,0,0
000462:989.881,-15.3961,161.349,991.744,-18.5437,164.308,991.622,-11.9243,164.142,999.966,-23.0816,159.069,996.565,-6.04296,159.5,1006.77,-30.1099,137.857,995.393,1.56238,142.005,1006.09,-39.4793,111.612,977.755,14.412,135.906,993.136,-43.2642,91.2802,952.099,9.32793,155.774,996.369,-24.9603,85.4617,986.951,-4.3883,86.6196,1005.56,-27.9924,46.7605,975.8,-3.419,49.0477,1031.15,-27.1016,8.30892,976.57,2.29507,13.9886,953.158,2.56053,196.858,959.299,-7.51135,205.552,971.21,-3.5339,218.869,961.451,7.16143,210.467,0,0,0
000463:989.704,-15.2918,161.08,992.638,-18.5865,163.928,991.171,-11.7968,163.805,1001.64,-23.2112,158.919,996.772,-6.01559,159.506,1007.55,-30.057,138.108,997.036,1.34841,142.827,1008.27,-39.5444,111.735,981.392,13.656,136.477,990.625,-42.6998,92.7649,956.121,8.51506,156.003,999.301,-25.135,85.6123,988.718,-4.52383,87.0254,1007.71,-28.13,46.8748,975.159,-3.53131,48.8729,1029.77,-26.8355,8.52228,975.669,2.09909,14.0546,957.496,1.84571,196.666,966.102,-8.35649,206.255,970.079,-3.10945,219.078,961.993,7.0937,209.748,0,0,0
000464:989.873,-15.2905,161.317,992.525,-18.5794,164.151,991.246,-11.7819,164.035,1000.88,-23.1617,158.997,996.003,-5.9241,159.626,1005.95,-29.8728,138.051,995.656,1.52602,142.906,1006.07,-39.3082,111.601,980.682,13.9824,136.807,988.736,-42.7143,92.4871,957.888,8.7453,156.747,997.596,-24.8443,85.5323,987.127,-4.26108,86.9463,1007.21,-27.9117,46.6693,975.431,-3.49714,48.5822,1030.35,-26.4903,8.2041,976.838,2.01574,13.5746,960.219,1.8512,197.309,968.48,-8.42107,206.784,972.448,-3.26346,219.625,964.709,7.02503,210.42,851.993,-30.9105,314.724
000465:988.456,-14.9818,161.311,991.496,-18.2943,164.131,989.697,-11.486,163.998,1000.68,-22.9357,158.958,994.823,-5.69457,159.582,1007,-29.6213,137.976,994.472,1.6064,143.071,1007.3,-38.9419,111.563,978.641,14.0065,138.092,987.18,-42.2565,92.4747,956.189,8.76115,159.024,998.489,-24.7214,85.4051,986.929,-4.1482,86.8801,1007.29,-28.2299,46.6011,974.533,-3.64217,48.4688,1030.16,-26.685,8.18618,977.026,2.04465,13.3134,961.125,2.04432,197.546,970.335,-7.98059,206.84,976.492,-2.98207,219.304,967.691,7.04631,210.303,852.105,-30.2471,313.338
000466:990.509,-14.9645,161.549,991.986,-18.0915,164.481,991.586,-11.4681,164.296,999.265,-22.5643,159.088,995.408,-5.56096,159.551,1005.81,-29.3728,137.82,993.953,1.89024,142.373,1004.83,-38.7209,111.569,977.764,14.6361,137.838,990.929,-43.0312,90.8939,956.917,9.51898,159.373,997.747,-24.46,85.5,987.699,-4.06947,86.7188,1005.84,-27.8093,46.6119,974.564,-3.53744,48.8952,1030.31,-26.8573,8.07072,974.288,2.09116,13.6709,960.845,2.45048,197.939,968.743,-7.43732,206.291,981.585,-3.66405,219.183,969.925,6.84543,211.142,857.419,-29.8077,312.935
000467:989.022,-14.8201,161.569,990.58,-17.9426,164.52,990.27,-11.32,164.308,998.439,-22.44,159.138,994.39,-5.45027,159.562,1006.07,-29.3473,137.861,992.927,1.89214,142.295,1006.4,-38.7122,111.5,975.473,14.5821,137.463,992.989,-43.0143,90.6207,954.446,9.48344,158.612,996.809,-24.5617,85.4722,986.402,-4.2106,86.6837,1005.69,-27.8261,46.6219,974.916,-3.63207,48.8826,1030.07,-26.5437,8.20383,974.697,2.31733,13.7936,961.2,2.37984,197.577,969.754,-7.52363,205.96,983.014,-3.79006,218.893,970.578,6.7366,210.817,857.529,-29.1416,311.543
000468:988.651,-14.6496,161.814,990.134,-17.776,164.735,989.886,-11.1683,164.519,998.345,-22.3578,159.242,994.675,-5.42492,159.663,1005.5,-29.1548,137.841,995.021,1.70223,142.497,1005.04,-38.4696,111.696,981.215,14.1931,138.719,992.063,-42.9875,90.8253,960.861,9.11546,161.151,997,-24.3477,85.439,987.532,-4.14172,86.6589,1006.37,-27.8424,46.5588,975.305,-3.6864,48.7962,1030.64,-26.4978,8.13537,974.423,2.2509,13.8051,962.965,2.22083,197.813,969.457,-7.37988,205.945,982.615,-3.67247,218.436,972.338,6.54807,210.628,860.189,-28.2286,311.146
000469:986.583,-14.5396,161.749,988.374,-17.6917,164.645,988.105,-11.0852,164.422,997.736,-22.3141,159.055,993.624,-5.3453,159.521,1006.44,-29.032,137.633,993.678,1.78885,142.484,1007,-38.2456,111.472,977.602,14.4448,139.416,991.224,-42.722,90.5523,956.193,9.38679,162.415,996.727,-24.1444,85.4338,986.183,-3.95318,86.7008,1005.06,-27.8744,46.705,973.212,-3.68233,48.9507,1031.09,-26.5005,8.25563,975.449,2.30244,13.663,963.448,2.41902,198.036,972.001,-7.1178,205.91,985.61,-3.68108,218.152,973.128,6.4607,210.617,865.612,-27.7926,309.689
000470:988.207,-14.6126,161.923,989.854,-17.7436,164.828,989.398,-11.1154,164.615,998.414,-22.3141,159.282,994.066,-5.30018,159.751,1006.38,-29.0093,137.864,993.179,1.83517,142.76,1006.51,-38.2574,111.718,976.381,14.1758,139.828,990.48,-42.595,90.9594,955.685,8.80801,162.955,997.038,-24.2606,85.5703,986.305,-4.0211,86.8591,1004.41,-27.8466,46.7219,972.878,-3.67065,48.9363,1028.46,-26.4363,8.24898,973.086,2.24138,13.6888,964.49,2.08841,197.815,972.673,-7.31307,205.717,986.401,-3.73113,217.855,974.347,6.26744,210.294,863.204,-27.3848,306.606
000471:987.602,-14.4886,161.968,989.256,-17.628,164.853,989.008,-11.0034,164.632,998.275,-22.205,159.176,994.409,-5.20267,159.71,1006.63,-28.779,137.705,994.375,1.86367,142.763,1007.41,-38.0117,111.46,979.49,14.1974,140.386,989.64,-42.5324,90.3463,958.771,8.86473,164.192,996.951,-24.0394,85.4584,986.844,-3.91221,86.7472,1003.21,-27.7096,46.7315,972.45,-3.58022,48.8674,1030.37,-26.5757,8.03368,975.129,2.20916,13.4531,967.458,2.07932,198.021,975.683,-7.21604,205.676,989.027,-3.77238,217.563,976.904,6.10748,210.267,865.998,-26.4889,304.813
000472:988.58,-14.4789,162.16,989.982,-17.6224,165.027,989.82,-10.9862,164.81,998.063,-22.172,159.28,994.354,-5.1641,159.857,1005.98,-28.6468,137.789,993.487,1.95539,142.995,1006.37,-37.7989,111.594,977.319,14.3988,141.217,989.258,-42.4538,90.2276,957.346,9.15251,165.525,997.486,-23.9405,85.4545,987.271,-3.79864,86.7954,1004.24,-27.7429,46.6891,973.682,-3.46296,48.7826,1030,-26.6492,8.12231,974.687,2.2697,13.532,967.976,2.14088,197.956,976.869,-7.10433,205.319,990.308,-3.86425,216.968,977.501,5.95821,209.983,868.814,-26.2854,303.03
000473:987.234,-14.2243,162.088,988.987,-17.3853,164.951,988.406,-10.7669,164.732,998.352,-22.0214,159.222,993.585,-5.00975,159.797,1006.81,-28.5495,137.772,993.629,2.03746,143.018,1006.77,-37.7236,111.577,976.529,14.5424,141.402,989.308,-42.3975,90.1792,956.98,9.41621,165.744,997.791,-23.8113,85.6705,986.867,-3.6859,87.0435,1006.08,-27.7419,46.799,974.182,-3.37616,49.0022,1029.73,-26.7549,8.37125,973.65,2.3149,13.8248,968.649,2.08141,197.849,977.322,-7.12284,205.077,991.954,-4.01397,216.669,979.331,5.77036,209.818,871.643,-26.0812,301.24
000474:987.102,-14.2556,162.52,989.07,-17.4003,165.375,988.651,-10.7942,165.173,998.633,-21.9848,159.525,993.473,-4.95964,160.168,1007.41,-28.4389,137.969,991.859,2.1594,143.312,1008.39,-37.7314,111.701,973.177,14.687,141.802,989.535,-42.441,90.4429,953.621,9.44762,166.329,996.009,-23.6374,86.0395,984.406,-3.56017,87.474,1003.38,-27.2782,47.1714,971.351,-3.09599,49.4422,1031.06,-26.5402,8.22499,975.842,2.36756,13.7057,969.464,1.97173,197.677,979.19,-7.27892,204.84,994.557,-4.18906,216.5,980.781,5.6407,209.676,874.457,-25.1791,299.073
000475:984.907,-13.9046,162.565,986.785,-17.0683,165.416,986.17,-10.461,165.203,996.414,-21.8046,159.603,991.161,-4.75792,160.19,1005.84,-28.389,138.033,990.636,2.12804,143.399,1007.06,-37.5603,111.794,972.302,14.245,142.197,989.234,-42.0609,90.4708,952.729,8.76477,166.972,996.474,-23.6647,86.0066,984.945,-3.53871,87.437,1004.18,-27.4784,47.0957,972.38,-3.10856,49.3191,1030.41,-26.54,8.25256,974.92,2.55077,13.7542,969.695,1.64173,197.442,979.645,-7.49108,204.554,995.348,-4.46515,216.005,981.314,5.23316,209.234,877.321,-24.9699,297.619
000476:987.157,-13.9865,162.522,988.688,-17.1331,165.361,987.957,-10.5304,165.157,997.004,-21.7937,159.521,991.272,-4.76846,160.163,1004.86,-28.1956,138.03,989.798,2.18244,143.513,1006.01,-37.3003,111.821,972.896,14.2917,142.619,991.304,-42.02,90.2605,958.071,8.87808,167.701,996.03,-23.4645,86.1309,984.105,-3.39737,87.6202,1005.37,-27.3444,47.1184,972.133,-2.90588,49.4522,1029.5,-26.648,8.4497,972.935,2.54183,14.0784,972.05,1.63497,197.402,980.562,-7.38687,204.342,995.702,-4.37381,215.619,983.317,5.21066,209.048,877.544,-24.319,294.811
000477:987.491,-13.9156,162.987,990.032,-17.2334,165.699,988.405,-10.4131,165.569,997.777,-21.9044,159.848,991.59,-4.61752,160.727,1004.35,-28.0416,138.517,988.779,2.33423,144.634,1006.5,-37.0658,112,971.677,14.4806,143.816,986.674,-41.0957,91.6503,957.27,8.76483,168.83,995.01,-23.5166,86.1722,982.453,-3.29388,87.863,1003.95,-27.5656,47.2602,972.432,-3.03394,48.8516,1026.89,-26.3065,8.59315,977.099,2.35673,13.3143,974.251,1.00867,197.181,984.851,-8.26423,204.522,993.687,-4.64316,215.277,983.087,4.64503,208.303,880.411,-24.1098,292.991
000478:986.686,-13.9347,163.182,988.979,-17.2525,165.887,987.713,-10.4736,165.785,996.697,-22.004,160.008,991.527,-4.772,160.896,1003.76,-28.1763,138.625,990.058,2.09535,144.669,1005.85,-37.1653,112.105,974.95,14.0447,143.479,986.932,-41.037,91.9733,959.602,8.3554,168.243,995.92,-23.5705,86.2057,984.266,-3.36297,87.867,1004.62,-27.4451,47.1567,973.761,-2.93633,48.7842,1027.74,-26.4687,8.28758,976.795,2.32753,13.2512,974.309,0.841479,196.728,985.172,-8.46406,204.223,992.641,-4.65634,215.018,981.799,4.6697,207.849,883.267,-23.1963,291.146
000479:987.374,-14.0855,163.37,989.789,-17.3806,166.081,988.316,-10.5897,165.973,997.023,-22.0229,160.179,991.551,-4.75548,161.104,1003.16,-28.0974,138.836,989.109,2.21614,144.932,1004.75,-36.9956,112.221,971.938,14.0219,143.754,986.179,-40.9785,91.8246,956.8,8.05226,168.413,995.266,-23.5278,86.5794,983.361,-3.30569,88.2547,1005.04,-27.3951,47.4416,973.297,-2.82434,49.135,1027.22,-26.3953,8.63159,975.812,2.47055,13.6347,975.003,0.554256,196.647,985.855,-8.65673,204.072,994.454,-4.86374,214.831,983.58,4.36965,207.728,886.158,-22.9839,289.311
000480:987.643,-13.9836,163.469,990.117,-17.3085,166.155,988.585,-10.5446,166.071,997.457,-22.065,160.251,992.241,-4.82738,161.189,1003.68,-28.0642,138.914,990.16,2.05169,145.146,1005.45,-36.7313,112.32,973.855,13.624,144.361,987.135,-40.6722,91.9858,957.25,7.61889,169.237,995.928,-23.233,86.8007,984.644,-3.07374,88.4603,1002.87,-27.3164,47.9648,972.642,-2.67727,49.5194,1026.55,-26.5443,9.16038,976.641,2.56289,13.859,975.574,0.269499,196.697,987.372,-8.85806,204.053,996.757,-5.19263,214.639,984.871,3.96705,207.607,886.392,-22.3271,286.838
000481:986.568,-13.9522,163.643,988.986,-17.2525,166.323,987.584,-10.4908,166.232,996.697,-21.9303,160.347,991.6,-4.67696,161.317,1003.26,-27.8747,139.021,990.162,2.27395,145.264,1005.36,-36.6348,112.461,973.952,14.0183,144.636,986.864,-40.7797,92.071,957.615,7.92806,169.741,995.424,-23.1795,86.9048,984.227,-3.00938,88.5332,1003.13,-27.3349,47.9387,972.768,-2.63529,49.4653,1026.72,-26.753,9.05194,976.085,2.52806,13.7775,975.619,0.0266568,196.674,986.938,-9.12041,203.765,996.035,-5.65661,214.292,984.58,3.5213,207.538,889.286,-22.1146,284.635
000482:986.505,-14.0692,163.606,988.941,-17.3576,166.287,987.472,-10.6072,166.196,996.453,-21.9302,160.425,991.255,-4.73121,161.41,1002.73,-27.7622,139.197,989.719,2.30753,145.424,1004.29,-36.3346,112.65,973.039,14.0172,144.668,986.998,-40.4417,92.231,957.407,7.84166,169.42,995.231,-23.1117,87.0329,984.24,-2.99031,88.6593,1003.77,-27.329,48.1068,974.204,-2.60749,49.5532,1024.63,-26.5889,9.61094,975.953,2.6513,14.1116,976.024,-0.325045,196.749,986.946,-9.51703,203.844,997.388,-6.11575,214.505,986.382,3.1066,207.773,889.447,-21.4459,282.506
000483:985.104,-13.7813,164.029,987.732,-17.0622,166.708,986.015,-10.34,166.617,995.756,-21.7483,160.824,990.012,-4.58111,161.816,1002.53,-27.6146,139.495,987.943,2.14632,145.86,1004.34,-36.1237,112.782,970.96,13.0244,145.666,985.962,-40.2788,92.0875,956.006,6.37822,170.939,993.839,-23.0417,87.3369,981.986,-3.0101,89.0409,1002.41,-27.2976,48.4251,971.717,-2.4581,49.986,1024.58,-26.6891,9.79087,975.644,2.77218,14.4135,974.903,-0.79308,196.652,986.253,-9.79501,203.768,997.536,-6.24546,214.17,985.987,2.78598,207.415,892.409,-20.5319,280.275
000484:986.151,-13.9733,164.461,988.836,-17.2306,167.135,987.243,-10.4924,167.044,996.783,-21.7995,161.164,991.48,-4.5796,162.171,1003.52,-27.5317,139.779,989.131,2.25996,146.107,1004.89,-35.8491,113.177,970.831,13.1406,145.906,986.968,-39.9376,92.8089,954.418,6.21231,171.368,994.607,-23.092,87.4912,983.1,-3.00431,89.116,1002.75,-27.4563,48.397,972.915,-2.45759,49.8311,1024.33,-26.853,9.61461,976.515,2.99906,14.0359,974.417,-1.03604,196.694,986.216,-10.0941,203.793,998.729,-6.6071,214.321,986.729,2.47448,207.566,895.328,-20.315,278.049
000485:984.866,-13.912,164.914,987.538,-17.203,167.575,986.017,-10.4957,167.503,995.749,-21.8986,161.597,990.633,-4.70859,162.633,1002.92,-27.5953,140.217,988.552,2.06692,146.661,1004.14,-35.5666,113.416,969.799,12.8204,146.488,984.056,-39.3567,92.8906,952.399,5.99035,171.75,994.196,-22.8661,88.0892,982.876,-2.86103,89.7361,1000.71,-27.2405,49.127,971.698,-2.39923,50.5396,1022.77,-26.7845,10.4003,975.331,2.95508,14.7309,974.17,-1.44284,197.008,986.499,-10.4565,203.96,999.409,-7.15793,214.375,986.845,1.89212,207.754,895.563,-19.6541,275.559
000486:984.471,-13.809,165.031,987.234,-17.0943,167.68,985.549,-10.3952,167.62,996.021,-21.8108,161.685,990.376,-4.61759,162.732,1003.22,-27.5137,140.33,989.018,2.10652,146.73,1004.3,-35.5303,113.642,971.924,12.7005,146.592,986.156,-39.4249,93.2247,956.069,5.7073,172.025,993.762,-22.839,88.1571,982.39,-2.81897,89.7728,1001.55,-27.4016,49.038,972.006,-2.2789,50.4637,1023.26,-27.4202,10.2431,974.904,2.91164,14.6529,975.735,-1.89886,197.305,986.847,-10.9943,204.169,1000.29,-7.76592,214.644,988.94,1.36948,208.113,898.507,-19.4331,273.674
000487:982.709,-14.0021,164.99,987.152,-17.0619,167.842,985.607,-10.3986,167.665,995.798,-21.5826,162.215,990.215,-4.45552,162.995,1001.7,-27.2402,140.93,988.277,2.33002,147.607,1002.53,-35.0919,113.635,965.91,11.988,147.328,984.332,-39.0585,94.0751,957.572,5.3573,172.497,993.45,-22.6198,88.8782,983.546,-2.53277,90.5703,1000.55,-27.32,50.2624,973.981,-2.00244,51.3431,1023.27,-27.2978,11.5776,974.217,2.89214,16.0655,974.391,-2.54195,197.228,977.518,-12.1941,204.136,989.122,-8.99505,215.546,986.783,0.775007,208.62,898.657,-18.7621,271.173
000488:983.34,-13.7554,165.383,986.18,-16.9646,168.018,984.882,-10.3287,167.968,995.142,-21.4896,162.148,990.351,-4.39245,163.229,1002.14,-27.0306,140.966,988.81,2.37132,147.473,1003.05,-34.7985,114.171,971.964,12.2602,147.585,984.328,-38.8328,93.6627,954.199,4.57205,173.049,991.264,-22.4731,89.2534,980.771,-2.55152,90.801,998.984,-27.2176,50.1872,970.983,-1.9772,51.4415,1022.86,-27.5324,11.2098,976.035,3.24846,15.2918,976.363,-2.88759,197.953,987.041,-11.9354,204.927,1000.92,-8.52184,215.424,989.985,0.547935,208.809,904.387,-18.2764,269.504
000489:982.696,-13.9002,165.464,987.276,-16.9592,168.308,985.656,-10.2874,168.14,995.92,-21.4603,162.706,990.716,-4.27581,163.515,1001.56,-27.0024,141.393,989.266,2.51847,148.16,1003.1,-34.6017,113.926,966.591,11.6074,148.102,987.535,-38.5783,94.2429,957.314,4.39891,173.538,993.255,-22.3308,89.1702,983.894,-2.18581,90.8252,1000.4,-27.3373,50.5258,973.236,-1.62381,51.5927,1023.08,-27.4749,11.8761,972.801,3.24508,16.3944,976.363,-3.31524,198.404,979.566,-13.0718,205.477,993.056,-9.80702,217.061,990.522,0.0779599,209.987,907.436,-18.0641,266.88
000490:984.514,-13.7673,165.373,987.142,-16.9936,167.984,985.408,-10.3808,167.965,994.845,-21.5208,162.193,989.596,-4.47798,163.306,1000.37,-26.9018,141.144,987.849,2.23066,147.837,1000.45,-34.3148,114.548,971.211,11.6069,148.686,983.539,-38.1579,94.5034,956.268,3.62318,174.619,992.284,-22.1855,89.5879,981.657,-2.3065,91.1806,1001.06,-27.262,50.4638,971.362,-1.71836,51.8162,1022.35,-27.7137,11.6964,974.529,3.47509,15.7911,975.927,-3.53814,199.119,986.858,-12.5411,206.187,1000.55,-9.04414,216.53,989.308,-0.0175034,209.851,907.596,-17.387,264.722
000491:982.59,-13.961,165.964,987.175,-16.9945,168.808,985.387,-10.3352,168.648,995.425,-21.4309,163.166,990.028,-4.23723,163.972,1000.87,-26.8316,141.798,987.94,2.52902,148.637,1001.88,-34.0986,114.124,963.726,11.1727,148.441,984.345,-38.0096,94.6049,954.749,3.58124,173.76,993.779,-22.15,89.5522,984.211,-2.00847,91.1704,1000.35,-27.4682,50.6591,974.198,-1.62847,51.5949,1021.47,-27.6456,11.9173,974.433,3.50731,15.8665,973.389,-3.73586,199.254,976.092,-13.4721,206.472,989.839,-10.0792,218.123,987.824,-0.218573,210.898,910.66,-17.1725,262.082
000492:983.311,-14.0032,165.906,987.529,-17.0081,168.737,986.054,-10.3908,168.599,994.947,-21.3671,163.261,989.94,-4.28485,164.074,999.496,-26.7715,142.092,987.787,2.44075,148.777,999.919,-33.8654,114.706,966.448,10.5384,148.441,984.292,-37.2974,95.7571,959.753,2.68347,173.7,992.457,-22.2591,89.9308,983.599,-2.17281,91.5124,999.742,-27.3791,51.0811,974.841,-1.43945,51.9672,1020.88,-27.8048,12.3673,974.463,3.61135,16.4847,974.933,-4.27972,199.826,976.224,-14.1571,207.452,988.441,-10.3242,219.336,987.899,-0.331534,211.718,910.82,-16.494,259.918
000493:982.121,-14.0136,166.312,986.8,-17.0457,169.136,984.973,-10.4021,168.997,995.284,-21.4654,163.554,989.534,-4.24061,164.39,1000.09,-26.8175,142.286,987.759,2.60568,149.101,1000.61,-33.7526,114.671,965.476,10.81,148.786,985.542,-37.2373,95.5522,958.086,2.79682,174.204,991.424,-22.0039,90.2153,982.122,-1.8104,91.7912,1000.41,-27.4732,51.1793,974.456,-1.38117,52.0865,1021.9,-27.9698,12.3846,975.027,3.5667,16.3236,973.467,-4.55453,200.69,974.506,-14.479,208.209,988.613,-10.8235,220.192,988.281,-0.764545,212.668,913.9,-16.2773,257.262
000494:982.464,-13.9782,166.569,986.954,-17.0415,169.37,985.372,-10.3677,169.245,995.123,-21.512,163.659,989.936,-4.18481,164.533,1000.46,-26.8264,142.271,988.02,2.66767,149.202,1001.85,-33.588,114.524,966.337,10.7171,149.153,985.98,-36.8277,95.5033,958.518,2.42792,175.042,992.508,-21.8712,90.0668,983.219,-1.59417,91.6596,998.829,-27.4635,51.219,973.045,-1.15247,52.1034,1021.5,-28.0656,12.4146,974.142,3.70274,16.3769,973.382,-4.90678,201.841,974.206,-14.9673,209.294,987.651,-11.3761,221.314,987.609,-1.17753,213.876,914.06,-15.5974,255.093
000495:981.894,-13.8863,166.936,986.234,-16.97,169.736,984.509,-10.3078,169.611,993.721,-21.4787,164.031,988.32,-4.17865,164.896,998.8,-26.782,142.609,985.656,2.65052,149.491,1000.94,-33.3152,114.643,961.655,10.6662,149.027,986.982,-36.3829,95.4775,953.735,2.55644,174.495,992.074,-21.7308,90.3328,982.508,-1.46683,91.916,998.54,-27.4668,51.5093,972.628,-1.11826,52.407,1020.04,-28.1738,12.8968,973.36,3.67566,16.7591,971.11,-4.95249,202.659,972.836,-15.2132,210.403,987.719,-11.5478,222.771,986.759,-1.12035,215.007,917.155,-15.3784,252.42
000496:982.452,-13.8134,166.755,986.943,-16.8941,169.546,985.303,-10.2564,169.422,994.658,-21.4084,163.919,989.426,-4.19761,164.767,998.951,-26.7317,142.664,986.967,2.54381,149.503,999.188,-33.0693,114.923,962.472,10.3735,149.166,984.933,-35.9934,96.0552,952.773,2.45429,174.736,991.243,-21.7115,90.6079,982.411,-1.54033,92.1693,998.443,-27.4161,51.8662,973.384,-1.01634,52.7066,1020.01,-28.2672,13.3142,973.548,3.90656,17.2682,969.915,-5.25045,204.031,971.951,-15.834,211.88,986.672,-12.1689,224.545,985.3,-1.42056,216.665,920.265,-15.1587,249.734
000497:981.408,-13.8948,167.009,985.881,-16.9812,169.806,984.153,-10.3431,169.69,994.081,-21.4359,164.219,988.397,-4.24426,165.105,998.617,-26.6258,142.926,986.481,2.4937,149.83,999.317,-32.7796,114.88,963.412,9.89875,149.379,984.899,-35.8264,95.8426,955.968,1.74207,174.808,990.999,-21.5248,90.5714,981.681,-1.41568,92.184,999.343,-27.3908,51.6527,972.928,-0.980683,52.5832,1020.12,-28.2951,13.1304,973.656,3.83011,17.0542,968.204,-5.62416,205.593,968.262,-16.3348,213.586,981.662,-12.5077,226.416,982.469,-1.603,218.477,920.426,-14.476,247.556
000498:981.164,-14.0243,167.436,984.953,-17.099,170.216,983.772,-10.4935,170.135,991.617,-21.5803,164.733,987.283,-4.46704,165.594,996.047,-26.8807,143.657,985.45,2.14228,150.456,998.099,-32.7492,115.656,965.897,8.87386,149.623,986.002,-35.2266,96.9472,959.498,0.603339,174.816,990.4,-21.6886,91.6866,982.282,-1.65009,93.2639,997.157,-27.1225,52.6673,973.694,-0.932898,53.5135,1018.94,-28.1215,13.8223,974.491,4.03203,17.7803,967.682,-6.21535,207.617,967.525,-17.1989,215.915,978.3,-13.0921,229.008,979.522,-1.94152,220.746,920.708,-14.5281,244.674
000499:979.71,-13.9424,167.569,984.092,-17.1076,170.342,982.344,-10.4424,170.253,992.346,-21.6905,164.732,986.631,-4.46763,165.655,997.392,-26.8589,143.443,985.318,2.13947,150.428,998.906,-32.4187,115.223,962.639,8.88045,150.008,984.498,-34.919,96.3988,954.164,0.696091,175.536,991.004,-21.3781,90.7283,981.98,-1.27822,92.4063,998.115,-27.3727,51.8256,973.591,-0.693646,52.6726,1018.95,-28.4268,13.376,975.145,4.21638,17.1991,963.27,-6.4421,209.388,962.761,-17.6081,217.585,976.011,-13.7776,230.822,977.489,-2.39264,222.716,923.712,-13.5698,242.67
000500:979.89,-14.0864,167.374,983.95,-17.2067,170.15,982.509,-10.5967,170.063,991.509,-21.6863,164.754,986.623,-4.60325,165.64,996.514,-26.9487,143.825,985.603,1.99242,150.65,997.882,-32.4024,115.75,965.224,8.43517,149.871,983.183,-34.5689,97.3017,957.317,0.297666,175.054,991.393,-21.6368,91.5925,983.066,-1.60787,93.2203,997.485,-27.2997,52.6794,974.105,-0.865926,53.4978,1016.69,-28.3865,14.2542,973.85,4.20894,18.0991,961.672,-6.79979,211.306,960.023,-18.2808,219.742,970.186,-14.1797,233.295,973.032,-2.51676,224.98,926.854,-13.3455,239.95
000501:979.081,-14.0691,167.385,983.068,-17.2202,170.144,981.408,-10.6083,170.088,990.871,-21.7168,164.8,985.023,-4.60335,165.696,996.855,-26.9932,143.887,983.696,2.11285,150.735,1000.02,-32.3593,115.734,962.449,8.54508,149.639,985.577,-34.3367,97.8915,954.874,0.404043,174.503,992.513,-21.3775,91.5926,983.047,-1.23675,93.2662,998.093,-27.2438,52.5945,973.841,-0.661073,53.4843,1017.95,-28.5099,14.0264,974.485,4.30676,17.8251,956.321,-7.32788,213.01,953.934,-19.059,221.763,964.546,-14.7729,235.691,968.25,-2.84359,227.064,926.988,-13.3738,238.14
000502:979.169,-14.0474,167.132,982.983,-17.2135,169.898,981.488,-10.61,169.837,990.544,-21.678,164.692,984.735,-4.64852,165.582,995.632,-26.9528,143.806,983.647,1.98982,150.641,998.743,-32.1423,115.764,963.792,7.98414,149.826,985.146,-33.9437,98.4111,956.686,-0.241171,175.111,991.061,-21.3662,91.1669,982.186,-1.25401,92.8579,997.465,-27.3513,52.2592,974.417,-0.525957,53.0612,1017.82,-28.5997,13.7808,975.357,4.55104,17.6411,952.317,-7.8834,215.508,949.49,-20.0206,224.733,956.277,-15.2741,238.876,960.186,-2.94478,229.827,927.303,-12.7125,234.865
000503:977.656,-14.0017,167.099,981.438,-17.147,169.834,979.938,-10.5693,169.778,989.484,-21.5565,164.548,983.369,-4.58497,165.46,995.574,-26.8022,143.636,982.445,2.01654,150.624,999.825,-32.0695,115.484,961.617,7.75439,150.201,985.61,-34.2429,98.1657,952.548,-0.467234,175.929,991.621,-21.1538,91.2025,982.184,-1.10806,92.9524,997.228,-27.2549,52.4518,974.196,-0.393242,53.2332,1019.11,-28.8638,13.9001,976.291,4.48867,17.7824,947.003,-8.11156,217.34,943.447,-20.5123,226.663,949.314,-15.597,241.007,954.032,-2.98643,231.884,933.272,-12.1927,233.003
000504:978.104,-13.9357,167.494,981.807,-17.1213,170.243,980.274,-10.551,170.209,989.758,-21.6933,165.005,983.829,-4.70656,165.892,996.108,-27.099,144.035,983.214,1.86981,150.793,1001.13,-32.1851,115.715,962.668,7.49852,149.201,986.672,-33.8175,98.78,952.371,-0.712329,173.844,992.431,-21.1137,91.4886,983.104,-0.98263,93.1726,997.017,-27.2185,52.737,974.753,-0.246274,53.5583,1018.14,-29.042,14.2769,975.51,4.65794,18.1951,941.269,-8.71607,217.585,937.172,-21.2772,227.277,941.542,-16.139,241.866,946.844,-3.36926,232.331,930.674,-12.5278,229.581
000505:977.975,-13.9992,167.046,981.688,-17.1286,169.801,979.911,-10.5992,169.768,989.699,-21.5963,164.716,982.864,-4.74817,165.571,995.58,-27.0008,143.974,981.846,1.66878,150.696,999.521,-32.0563,115.768,961.956,6.7203,149.118,983.682,-33.6982,98.9797,953.258,-1.69186,173.637,991.762,-21.2655,91.8108,981.737,-1.26814,93.522,997.08,-27.2949,52.9769,973.551,-0.372205,53.9009,1018.23,-29.3317,14.3319,975.312,4.67214,18.3171,936.062,-8.86474,217.583,931.715,-21.3172,227.381,933.507,-15.9237,241.74,939.044,-3.28847,232.119,930.846,-11.8387,227.749
000506:976.426,-13.9933,166.831,980.203,-17.0951,169.561,978.225,-10.5794,169.531,988.832,-21.49,164.471,981.629,-4.68002,165.34,995.451,-26.7964,143.825,981.64,1.76266,150.607,1000.56,-31.7611,115.797,960.341,6.8951,149.388,985.765,-33.4055,99.2894,950.22,-1.55479,174.196,992.756,-21.208,91.9205,982.622,-1.22191,93.6111,997.262,-27.3901,53.2574,973.825,-0.374037,54.1089,1017.46,-29.409,14.7965,974.714,4.82334,18.6314,930.245,-8.78866,217.103,925.154,-21.1101,226.756,928.102,-15.7815,241.027,934.311,-3.26985,231.547,924.888,-12.3609,229.269
000507:975.287,-14.1912,166.897,978.807,-17.3123,169.622,976.869,-10.8204,169.615,987.797,-21.7517,164.631,980.805,-4.99781,165.541,996.005,-27.0553,144.016,982.459,1.45706,150.832,1002.13,-31.9004,115.917,965.723,6.54647,149.579,986.295,-33.272,99.3729,957.253,-2.03725,174.233,994.205,-21.3566,92.0419,983.804,-1.31545,93.7836,998.415,-27.6417,53.3589,974.274,-0.314587,54.3136,1017.1,-29.7134,14.9803,974.539,5.00235,18.7856,924.16,-8.71308,215.766,916.674,-20.6499,225.189,916.15,-15.2678,238.881,924.98,-3.17856,229.695,916.168,-13.153,230.986
000508:972.962,-14.3026,166.802,976.686,-17.4095,169.524,974.365,-10.9386,169.527,986.949,-21.7805,164.62,978.678,-5.04165,165.565,996.294,-26.9657,144.055,980.739,1.49226,150.812,1001.55,-31.6567,115.901,962.2,6.52763,149.193,981.492,-32.5837,99.5153,952.538,-2.34371,173.278,993.986,-21.4264,92.0093,982.642,-1.3577,93.7827,997.539,-27.655,53.3018,974.129,-0.268244,54.2163,1015.19,-29.7317,14.9514,974.741,5.10294,18.5108,920.016,-8.50859,213.398,912.376,-20.1285,222.716,911.445,-14.7293,236.148,920.26,-2.96797,227.059,904.758,-12.7914,232.14
000509:974.927,-14.3234,166.531,978.454,-17.4888,169.203,976.242,-11.0094,169.28,988.207,-21.9665,164.303,980.143,-5.15927,165.35,996.946,-27.0191,143.742,981.557,1.53773,150.653,1002.13,-31.4948,115.575,964.858,6.5338,149.127,982.653,-32.0925,99.1631,956.489,-2.47,172.986,993.078,-21.01,91.9208,981.779,-0.854934,93.7194,996.723,-27.5539,53.2968,973.707,0.126677,54.1854,1015.02,-30.1188,15.0105,975.138,4.97828,18.3234,916.377,-8.14428,210.781,906.576,-19.2811,219.773,903.66,-13.9393,232.574,914.576,-2.67647,223.822,893.643,-13.1603,231.879
000510:974.084,-14.1813,166.292,977.548,-17.3235,168.956,974.94,-10.8668,169.027,987.793,-21.8139,164.109,978.976,-5.08082,165.14,998.069,-26.8699,143.551,981.564,1.43836,150.493,1004.95,-31.4303,115.354,962.351,6.24036,149.301,985.064,-32.0783,98.6297,951.874,-2.94087,173.2,997.444,-21.1923,91.6414,985.4,-1.05774,93.4697,998.787,-27.7645,53.2296,975.194,-0.0326536,54.1215,1015.58,-30.2255,15.1346,975.271,4.90957,18.4197,910.219,-8.09384,207.401,900.786,-18.7211,216.17,898.344,-13.4907,228.414,908.856,-2.74801,219.869,882.605,-12.8071,232.656
000688:218.262,-22.9236,1.28539
