001329:1008.15,-37.378,160.499,1007.96,-40.9375,163.886,1009.23,-34.5447,163.662,1010.29,-47.6903,161.141,1011.84,-31.5973,160.591,1010.5,-56.4932,140.637,1015.82,-25.9645,140.778,1009.45,-63.1808,114.238,1017.43,-16.6055,116.803,1003.22,-62.2062,91.3088,1006.11,-8.74184,96.967,1014.08,-50.7219,88.3819,1015.19,-30.8345,88.0344,1016.35,-53.0974,50.5713,1012.53,-33.6335,50.6853,1031.9,-54.3264,12.2437,1018.44,-34.2062,12.8358,976.502,15.5933,78.1472,971.348,26.7638,80.0692,961.257,33.0804,70.5776,967.76,21.8769,68.4136,0,0,0
001330:1009.13,-37.3008,160.657,1008.91,-40.8984,164.054,1010.36,-34.5006,163.839,1010.96,-47.7517,161.282,1012.79,-31.6703,160.733,1010.46,-56.4979,140.673,1016.72,-26.1428,140.848,1008.55,-62.8239,114.142,1019.34,-16.9489,116.74,1002.63,-61.1973,91.257,1007.79,-9.11301,96.9873,1013.46,-50.5296,88.2363,1015.14,-30.7016,87.9106,1016.2,-52.9796,50.2862,1012.91,-33.5291,50.4051,1034.04,-54.6324,11.6438,1020.19,-34.3732,12.3487,976.449,16.0157,78.3327,969.491,27.2252,80.4814,959.113,33.6227,70.9898,967.374,22.3948,68.602,0,0,0
001331:1010.66,-37.4039,160.66,1010.45,-40.9991,164.052,1011.93,-34.6032,163.83,1013.14,-47.8629,161.262,1014.93,-31.7673,160.714,1012.64,-56.6223,140.625,1019.5,-26.2216,140.846,1010.24,-62.902,113.968,1022.06,-16.8175,116.88,1001.47,-61.3714,90.7885,1008.95,-8.80698,97.3532,1015.28,-50.7319,88.3289,1017.09,-30.8674,87.9724,1017.76,-53.2253,50.5863,1013.88,-33.6849,50.7244,1035.17,-54.7161,12.1759,1019.63,-34.4614,12.9744,978.455,16.3433,78.5915,971.028,27.7586,80.9433,960.981,34.3989,71.2816,969.561,22.9618,68.7017,0,0,0
001332:1010.56,-37.4944,160.776,1010.4,-41.0815,164.152,1011.78,-34.6762,163.946,1012.74,-47.8331,161.303,1014.43,-31.7346,160.784,1012.1,-56.5217,140.679,1018.36,-26.055,140.899,1009.97,-62.8379,114.092,1020.44,-16.641,116.952,1002.38,-61.4727,90.9377,1007.44,-8.70359,97.5067,1015.01,-50.648,88.5088,1016.43,-30.7538,88.1559,1017.7,-53.1655,50.722,1012.83,-33.5712,50.9176,1036.41,-54.8837,12.1564,1019.35,-34.4754,13.0523,979.172,16.6914,79.2189,974.137,27.9888,81.57,964.619,34.776,72.0195,970.885,23.4263,69.4362,0,0,0
001333:1010.54,-37.3521,160.679,1010.31,-40.9515,164.066,1011.84,-34.5681,163.851,1012.4,-47.8254,161.272,1014.34,-31.7717,160.74,1012.11,-56.5401,140.688,1018.63,-26.2398,140.916,1009.95,-62.69,114.259,1021.64,-16.8058,117.076,1001.39,-60.7627,91.6314,1009.64,-8.6202,97.6924,1015.97,-50.6059,88.5156,1017.34,-30.7841,88.1485,1018.62,-53.2882,50.8389,1013.01,-33.7971,51.0884,1038.05,-54.7922,12.415,1019.81,-34.5972,13.3442,980.408,17.1148,79.6347,974.2,28.5198,82.2963,963.604,35.482,72.7892,971.073,24.0556,69.9118,0,0,0
001334:1010.06,-37.3576,160.607,1009.96,-40.9419,163.985,1011.52,-34.5688,163.762,1012.88,-47.7209,161.156,1014.76,-31.6675,160.622,1013.01,-56.4304,140.593,1019.59,-26.1177,140.826,1010.4,-62.654,114.011,1023.14,-16.7558,117.043,1000.37,-61.2932,90.8505,1011.08,-8.79195,97.861,1015.6,-50.6435,88.7171,1016.82,-30.8455,88.3106,1018.78,-53.3183,51.1278,1012.43,-33.8842,51.3878,1038.75,-54.8724,12.7375,1018.74,-34.7658,13.7861,980.635,17.4319,80.1232,974.103,28.8789,82.9032,964.038,36.007,73.3738,971.717,24.5304,70.3905,0,0,0
001335:1013.18,-37.1312,160.511,1013.19,-40.6902,163.806,1014.24,-34.3607,163.757,1016.27,-47.4394,161.268,1019.3,-31.315,160.704,1014.74,-56.2332,140.825,1022.82,-26.0015,140.696,1008.53,-62.511,114.362,1025.39,-16.8518,117.235,999.133,-60.9045,91.0395,1012.69,-8.95017,97.7275,1016.34,-50.7857,88.6141,1016.58,-31.1447,88.2674,1019.74,-53.4023,50.9692,1011.59,-34.014,51.4709,1039.17,-55.1968,12.6987,1017.52,-34.767,14.37,986.756,18.0371,80.1655,978.655,29.5283,83.345,967.992,36.7804,74.0471,976.232,25.1529,70.8423,0,0,0
001336:1012.82,-37.2372,160.546,1013.02,-40.8275,163.841,1014.2,-34.488,163.806,1016.35,-47.6077,161.305,1020.19,-31.4624,160.793,1014.08,-56.2604,140.868,1024.12,-26.0509,140.79,1007.92,-62.3466,114.352,1027.34,-16.7526,117.317,1002.17,-60.7979,90.7904,1014.15,-8.54186,97.7094,1013.86,-50.5496,88.768,1015.05,-30.9463,88.3521,1017.8,-53.4471,51.2469,1009.75,-34.0502,51.713,1043.27,-55.5231,12.6806,1018.36,-34.9223,14.4836,987.457,18.5484,80.8864,980.092,30.0296,84.2448,970.001,37.467,74.9902,977.752,25.8587,71.6122,0,0,0
001337:1015.66,-37.3605,160.671,1015.85,-40.9796,163.973,1016.86,-34.6385,163.944,1018.72,-47.8195,161.413,1022.14,-31.6706,160.924,1016.08,-56.4276,140.889,1024.69,-26.2696,140.925,1009.57,-62.3989,114.153,1027.33,-16.9319,117.53,1003.25,-60.9076,90.2303,1015.72,-8.52387,97.9513,1014.7,-50.4951,88.7682,1014.9,-30.9226,88.446,1018.99,-53.3594,51.2294,1009.49,-34.0372,51.8427,1043.33,-55.5449,12.761,1017.76,-35.1273,14.6977,987.75,18.888,81.3064,980.815,30.4166,84.8055,970.952,38.0277,75.4979,978.148,26.3603,72.0048,0,0,0
001338:1015.14,-37.4191,160.49,1015.45,-41.0348,163.775,1016.59,-34.7152,163.77,1019.12,-47.8729,161.239,1022.79,-31.7465,160.768,1016.84,-56.4936,140.767,1026.49,-26.3124,140.79,1010.16,-62.4988,114.163,1030.08,-16.9424,117.443,999.687,-60.5858,90.6685,1017.81,-8.43635,97.9904,1015.67,-50.5735,88.7673,1016.26,-30.9799,88.429,1019.85,-53.4423,51.3939,1009.8,-34.0578,52.0429,1046.41,-55.8643,12.8942,1018.79,-35.3829,15.0385,989.534,19.4384,81.8591,982.298,30.7936,85.5259,972.743,38.5387,76.4332,980.218,27.0419,72.7769,0,0,0
001339:1015.39,-37.3977,160.499,1015.7,-41.0175,163.829,1016.88,-34.6996,163.796,1019.45,-47.8419,161.352,1023.24,-31.7122,160.86,1016.92,-56.4795,140.953,1027.61,-26.2641,140.95,1009.86,-62.4686,114.217,1030.06,-16.8466,117.6,1001.25,-61.0401,90.3814,1015.54,-8.18367,98.3246,1017.59,-50.6747,88.8843,1018.69,-31.0448,88.4797,1022.65,-53.7521,51.2457,1012.36,-34.3342,51.8581,1049.37,-56.2034,12.5453,1019.6,-35.598,14.7154,990.028,20.0752,82.519,982.468,31.3416,86.33,972.439,39.2035,77.3833,980.241,27.8007,73.5676,0,0,0
001340:1016.28,-37.4441,160.507,1016.32,-41.057,163.811,1017.42,-34.7313,163.811,1019.07,-47.7999,161.29,1022.48,-31.6701,160.822,1016.94,-56.3115,140.936,1026.13,-26.2066,141.016,1011.21,-62.1431,114.292,1029.71,-16.9304,117.867,1006.51,-60.4832,90.6531,1017.98,-8.43277,98.8114,1018.58,-50.5211,89.0274,1018.83,-30.9345,88.6977,1023.77,-53.563,51.3874,1011.86,-34.2293,52.1474,1050.68,-56.1671,12.6613,1018.12,-35.626,15.1578,990.759,20.4342,83.0741,982.488,31.8894,87.0947,972.946,39.9467,78.017,981.464,28.3675,74.015,0,0,0
001341:1016.56,-37.3279,160.394,1016.58,-40.9627,163.701,1017.76,-34.6706,163.704,1019.49,-47.8415,161.196,1023.15,-31.7543,160.734,1017.23,-56.3905,140.84,1027.51,-26.4474,140.934,1010.96,-62.1013,114.165,1031.12,-17.1802,117.788,1005.51,-60.0081,90.6101,1018.88,-8.41167,98.8267,1019.86,-50.5868,88.8482,1020.5,-31.0573,88.5432,1025.76,-53.5534,51.2636,1012.97,-34.2511,52.1294,1054.43,-56.4546,12.4053,1018.63,-35.9541,15.3697,994.249,20.6939,83.1603,985.726,32.2175,87.3776,976.397,40.4685,78.247,985.189,28.8122,74.0593,0,0,0
001342:1017.48,-37.6235,160.272,1017.56,-41.2673,163.573,1018.72,-34.9414,163.591,1020.03,-48.0892,161.005,1023.79,-31.9233,160.582,1017.36,-56.5852,140.588,1027.74,-26.4363,140.747,1011.53,-62.2628,113.856,1031.81,-17.0697,117.695,1006.09,-60.1236,90.2358,1019.56,-8.26992,98.9714,1019.54,-50.7404,88.5742,1020.37,-31.0497,88.2647,1026.03,-53.9314,50.9609,1013.75,-34.2288,51.7701,1054.11,-56.8044,12.2424,1019.3,-35.7147,14.9937,993.549,21.4628,84.1758,986.924,32.8363,88.5781,977.943,41.3558,79.682,984.874,29.8506,75.3078,0,0,0
001343:1016.97,-37.5075,160.069,1017.37,-41.1713,163.369,1018.3,-34.8919,163.39,1020.36,-48.0524,160.826,1023.85,-32.0049,160.422,1018.17,-56.5075,140.403,1027.55,-26.5726,140.617,1012.95,-62.2746,113.654,1030.74,-17.2102,117.612,1009.07,-60.5785,89.8536,1018.93,-8.06951,98.9804,1018.69,-50.3505,88.3647,1018.94,-30.7841,88.1413,1026.03,-53.4875,50.8128,1013.14,-33.8562,51.7166,1054.71,-56.7051,12.1443,1019.92,-35.5882,15.0176,994.003,22.2644,84.7705,988.027,33.509,89.354,979.373,42.2368,80.607,985.743,30.8425,76.0447,0,0,0
001344:1016.23,-37.6078,160.177,1016.67,-41.2721,163.464,1017.7,-34.9769,163.504,1020.02,-48.1826,160.86,1023.84,-32.0386,160.472,1018.77,-56.7813,140.401,1028.61,-26.586,140.651,1013.28,-62.4789,113.602,1032.84,-17.1587,117.741,1008.3,-60.3381,89.8935,1019.78,-8.06791,99.4579,1020.94,-50.8803,88.3076,1021.54,-31.0951,88.0878,1026.61,-53.9647,50.9141,1014.46,-33.9202,51.7669,1054.72,-56.8425,12.3765,1020.81,-35.2784,15.1357,992.885,22.6425,85.6568,988.855,33.8295,90.2826,980.509,42.7179,81.6308,985.02,31.3888,77.0295,0,0,0
001345:1018.2,-37.6271,159.866,1018.27,-41.3118,163.164,1019.33,-35.0272,163.218,1020.33,-48.2848,160.598,1024.14,-32.1844,160.2,1018.03,-56.8579,140.2,1028.21,-26.8061,140.429,1013.06,-62.5512,113.615,1032.7,-17.3769,117.684,1008.79,-59.9905,90.451,1021.55,-8.07749,99.638,1021.27,-50.8962,88.1856,1021.79,-31.1623,87.9868,1029.36,-54.0888,50.6128,1015.79,-34.0415,51.5959,1055.25,-57.1566,12.1476,1018.47,-35.5642,15.2984,993.08,23.2596,86.2505,987.922,34.2788,91.1072,978.996,43.266,82.6744,984.44,32.0982,77.8466,0,0,0
001346:1015.81,-37.7039,159.983,1016.38,-41.395,163.246,1017.73,-35.1176,163.325,1020.73,-48.3472,160.585,1025.3,-32.2862,160.244,1019.81,-56.7591,140.154,1031.64,-26.881,140.401,1014.53,-62.1483,113.504,1034.73,-17.2997,117.627,1009.59,-59.5062,90.3216,1017.86,-7.64695,99.8708,1022.88,-50.8138,88.1488,1024.16,-31.1696,87.8949,1029.73,-54.0623,50.5712,1015.94,-34.1326,51.5371,1057.32,-57.4532,11.9792,1018.9,-35.8164,15.1763,993.811,23.6439,87.1053,989.947,34.7114,92.2548,981.547,44.0423,83.8863,985.883,32.8213,78.7774,0,0,0
001347:1017.75,-37.7511,159.656,1018.04,-41.4261,162.96,1019.17,-35.174,163.025,1020.92,-48.3536,160.449,1025.16,-32.3478,160.081,1019.25,-56.7664,140.25,1029.95,-26.989,140.483,1013.79,-62.0579,113.696,1033.39,-17.5748,117.793,1011,-59.3493,90.6757,1021.31,-7.92933,99.948,1022.16,-50.8909,88.4298,1022.85,-31.2805,88.2286,1031.45,-54.2238,50.6218,1016.73,-34.0475,51.6923,1055.82,-57.7566,12.1425,1017.18,-35.5154,15.4777,996.937,23.8807,87.4736,993.503,34.9873,92.6502,986.04,44.3781,84.2782,989.885,33.1097,79.1387,0,0,0
001348:1016.22,-37.8337,159.563,1016.84,-41.5351,162.808,1017.99,-35.2812,162.924,1021.07,-48.5169,160.149,1025.13,-32.4944,159.862,1020.78,-56.8954,139.805,1030.84,-27.0693,140.138,1016.98,-62.2682,113.292,1033.99,-17.4169,117.583,1014.8,-59.2266,90.5167,1020.84,-7.5249,100.113,1022.79,-50.8089,88.009,1022.8,-31.1804,87.901,1031.98,-53.9654,50.3259,1014.99,-33.8721,51.6136,1058.21,-57.724,11.769,1015.36,-35.7581,15.6603,997.841,24.2834,88.2924,994.285,35.2677,93.7914,986.759,44.9681,85.6243,990.845,33.8019,80.1552,0,0,0
001349:1016.18,-37.7513,159.656,1016.63,-41.4614,162.897,1017.98,-35.2526,163.003,1020.51,-48.5014,160.215,1025.57,-32.6214,159.937,1019.65,-56.796,139.857,1032.07,-27.3729,140.231,1014.45,-61.9176,113.265,1035.82,-17.6793,117.877,1015.22,-59.3972,89.9622,1022.14,-7.38785,100.731,1021.87,-50.7087,88.0829,1023.64,-31.2874,87.8784,1031.08,-54.1948,50.4432,1017.52,-34.1514,51.4541,1055.24,-57.9033,12.2318,1016.71,-35.6537,15.533,999.366,24.4834,89.0629,995.576,35.5009,94.8112,988.692,45.4285,86.5802,992.916,34.224,80.869,0,0,0
001350:1017.08,-37.867,159.628,1017,-41.5984,162.854,1018.63,-35.3618,162.88,1018.89,-48.6658,160.164,1023.02,-32.8245,159.968,1020.03,-56.7844,139.952,1029.72,-27.5402,140.68,1016.64,-61.9766,113.502,1036.9,-17.8392,118.381,1017.68,-58.925,90.7674,1025.44,-7.91351,101.513,1025.66,-50.5024,88.3852,1026.41,-31.0541,88.4145,1035.26,-53.8722,50.6419,1020.35,-33.7739,51.623,1056.67,-57.8701,11.85,1016.2,-35.582,15.3748,999.799,24.9241,90.4798,998.223,36.4296,96.0579,987.65,46.2931,87.7381,990.11,34.6552,82.1494,0,0,0
001351:1020.09,-38.1113,159.578,1020.09,-41.8621,162.786,1021.73,-35.6237,162.83,1022.13,-48.9396,160.011,1026.1,-33.0849,159.871,1023.65,-56.9819,139.692,1032.51,-27.7264,140.542,1019.73,-62.0082,113.087,1039.01,-17.9133,118.317,1022.2,-58.9863,90.0089,1026.49,-7.75149,101.709,1028.83,-50.5091,88.1252,1029.03,-31.0627,88.2337,1037.36,-53.7244,50.5252,1020.98,-33.7158,51.6582,1057.94,-57.6504,11.9442,1015.36,-35.668,15.7195,999.334,25.3021,91.69,997.854,36.6742,97.5803,986.894,46.8021,89.4996,989.41,35.3209,83.5951,0,0,0
001352:1020.25,-38.2942,159.394,1020.22,-42.0438,162.606,1021.85,-35.8099,162.668,1022.13,-49.0956,159.839,1026.27,-33.2484,159.739,1023.39,-57.0677,139.544,1033.09,-27.8897,140.437,1018.61,-62.0265,112.891,1041.07,-18.0883,118.2,1020.75,-59.0125,89.7363,1030.47,-7.86315,101.654,1028.65,-50.601,88.0078,1029.03,-31.1729,88.1278,1037.82,-53.8202,50.3144,1021.2,-33.6604,51.4974,1058.45,-58.0198,11.6128,1014.63,-35.6232,15.5926,999.947,25.4319,92.5911,998.578,36.7655,98.7514,987.306,47.1233,90.8441,989.708,35.6695,84.6749,0,0,0
001353:1020.7,-38.1909,159.443,1020.69,-41.9552,162.661,1022.13,-35.7396,162.717,1022.49,-49.031,159.875,1026.45,-33.2535,159.757,1023.13,-56.9481,139.661,1033.34,-28.01,140.494,1018.82,-61.7535,113.049,1040.52,-18.426,118.231,1023.16,-58.929,89.9933,1029.62,-8.26126,101.802,1028.3,-50.4277,88.3017,1029.18,-31.1088,88.3773,1038.61,-53.9211,50.3557,1023.97,-33.7455,51.3876,1057.01,-58.192,11.7047,1018.43,-35.4572,15.0401,1004.01,25.6436,93.3697,1002.18,36.8983,99.8967,991.607,47.5043,92.1022,994.261,36.1181,85.5656,0,0,0
001354:1021.39,-38.3069,159.373,1021.43,-42.045,162.591,1022.83,-35.833,162.651,1023.12,-48.9517,159.79,1027.2,-33.2081,159.694,1023.46,-56.743,139.679,1033.63,-27.7655,140.442,1019.23,-61.6626,113.317,1040.63,-17.9815,118.233,1023.37,-59.1017,90.591,1029.5,-7.53394,102.038,1027.51,-50.3074,88.4483,1028.65,-31.0202,88.4701,1037.64,-53.8085,50.4522,1024.07,-33.6521,51.3627,1056.61,-58.2294,11.71,1018.72,-35.3963,14.9114,1003.37,26.2612,94.4562,1002.2,37.1537,100.981,992.151,47.7983,93.5743,994.319,36.7631,86.9922,0,0,0
001355:1022.38,-38.3447,159.318,1022.38,-42.1477,162.52,1024.08,-35.9688,162.629,1024,-49.2501,159.735,1028.92,-33.6131,159.711,1023.87,-56.9813,139.531,1036.64,-28.2789,140.418,1017.68,-61.4967,113.116,1043.88,-18.4808,118.221,1020.66,-58.3879,90.5228,1031.38,-7.62161,102.158,1029.46,-50.1479,88.0539,1031.74,-30.9233,88.1779,1040.07,-53.5912,50.0635,1027.27,-33.2336,51.0626,1057.31,-58.2078,11.4929,1019.94,-35.0528,14.8746,1004.99,26.5883,95.2963,1004.58,37.1715,102.079,993.475,47.9579,94.9972,995.075,37.2291,88.1774,0,0,0
001356:1022.02,-38.3322,159.321,1022.07,-42.1492,162.502,1023.58,-35.9518,162.602,1023.94,-49.2854,159.529,1028.01,-33.5877,159.502,1024.46,-57.0703,139.21,1035.12,-28.3497,140.107,1018.77,-61.6016,112.677,1042.6,-18.4946,118.052,1021.04,-58.6152,89.8901,1030.96,-7.42467,102.474,1029.32,-50.4305,87.7901,1030.42,-31.1846,87.9315,1039.58,-53.8694,49.8282,1025.08,-33.5408,50.9183,1057.02,-58.1998,11.3182,1018.31,-35.1226,14.7399,1004.48,27.381,96.3667,1002.91,37.9111,103.545,991.706,49.041,96.6072,994.469,38.4036,89.374,0,0,0
001357:1020.72,-38.3233,159.269,1020.87,-42.1589,162.45,1022.63,-35.9971,162.592,1023.47,-49.3579,159.579,1028.53,-33.756,159.601,1024.01,-57.1302,139.408,1038.05,-28.551,140.383,1017.01,-61.3466,112.861,1046.81,-18.7328,118.305,1018.94,-57.904,90.3398,1033.12,-7.58672,102.793,1029.71,-50.2921,88.2921,1032.4,-31.12,88.4746,1041.6,-53.6018,50.1184,1028.27,-33.2472,51.2515,1059.06,-58.0992,11.2997,1020.22,-34.8437,14.917,1006.45,27.2274,97.3624,1005.07,37.7231,104.785,993.073,49.0187,97.978,995.6,38.3902,90.5076,0,0,0
001358:1022.28,-38.5372,158.958,1022.41,-42.3503,162.139,1023.9,-36.1992,162.276,1024.63,-49.4444,159.255,1028.93,-33.8331,159.267,1025.4,-57.1706,139.237,1037.17,-28.5468,140.159,1021.01,-61.6526,112.926,1045.63,-18.7749,118.21,1022.33,-58.4111,90.9227,1034.06,-7.67949,103.009,1030.3,-50.3791,88.4036,1031.63,-31.182,88.591,1041.91,-53.7927,50.2551,1026.79,-33.3022,51.4782,1059,-58.1595,11.529,1019.22,-34.6268,15.0969,1004.26,27.7564,99.1062,1004.01,37.9814,106.777,992.241,49.5184,100.372,993.609,39.1533,92.6358,0,0,0
001359:1023.3,-38.6177,158.926,1023.18,-42.4434,162.125,1025.04,-36.3012,162.247,1025.13,-49.6299,159.278,1029.8,-34.0041,159.31,1026.46,-57.4119,139.253,1037.67,-28.7244,140.207,1020.88,-61.5897,112.838,1045.32,-18.6988,118.389,1023.57,-58.0041,90.6135,1032.85,-7.09027,103.43,1032.37,-50.7263,88.0451,1033.82,-31.4724,88.2789,1042.96,-53.9938,50.0239,1028.26,-33.3272,51.2592,1057.88,-57.7355,11.6911,1018.98,-34.193,15.2306,1005.42,28.1065,100.238,1006.15,38.048,107.996,996.003,49.5943,101.828,996.436,39.5409,94.0182,0,0,0
001360:1025.98,-38.7172,158.934,1025.8,-42.5443,162.097,1027.45,-36.4215,162.27,1026.77,-49.6795,159.172,1031.12,-34.1349,159.226,1026.31,-57.3019,139.199,1038.26,-28.8768,140.21,1019.55,-61.4446,113.043,1044.74,-18.9647,118.667,1022.55,-58.0183,91.2387,1030.76,-7.4422,104.312,1033.25,-50.4823,88.3583,1035.15,-31.3399,88.6376,1044.78,-53.7195,50.3331,1030.7,-33.0608,51.6038,1060.06,-57.7831,11.9068,1021.52,-33.983,15.5277,1004.95,28.5785,101.522,1004.58,38.3965,109.546,994.281,50.1869,103.538,995.753,40.2426,95.4511,0,0,0
001361:1025.68,-38.8224,158.717,1025.63,-42.6515,161.874,1027.41,-36.5252,162.043,1027.42,-49.8304,158.89,1031.63,-34.2016,158.963,1027.71,-57.5718,138.811,1038.92,-28.8848,139.806,1020.99,-61.7816,112.651,1045.31,-18.8617,118.326,1021.17,-57.9545,90.952,1029.31,-7.35713,104.498,1034.14,-50.8809,87.7072,1035.89,-31.5473,87.9913,1043.71,-54.0398,49.9138,1030.07,-33.0135,51.1418,1059.27,-57.8273,11.649,1022.47,-33.6701,15.1345,1003.39,28.5605,102.853,1004.14,37.9767,111.118,994.588,49.9374,105.575,994.837,40.4037,97.2346,0,0,0
001362:1026.21,-38.9567,158.605,1026.15,-42.7967,161.779,1028.21,-36.6713,161.952,1028.08,-49.9635,158.841,1033.22,-34.2758,158.953,1028.25,-57.6294,138.783,1041.61,-28.8748,139.83,1021.17,-61.6706,112.419,1048.09,-18.8551,118.251,1022.57,-57.6924,90.4505,1031.27,-7.3376,104.677,1034.8,-50.7959,87.6389,1037.5,-31.3793,87.8745,1043.9,-54.1626,49.9315,1030.5,-32.9097,51.1234,1060.12,-58.0134,11.7439,1020.9,-33.6516,15.3482,1003.82,29.214,104.92,1004.03,38.473,113.714,993.338,50.8326,108.569,994.271,41.488,99.7195,0,0,0
001363:1026.32,-38.8375,158.659,1026.42,-42.687,161.844,1028.3,-36.6032,162.007,1029.19,-49.9772,158.942,1033.3,-34.3247,159.04,1029.88,-57.7601,138.941,1041.71,-29.0661,140.014,1023.75,-61.7655,112.474,1047.42,-18.9833,118.601,1021.72,-57.4869,90.6537,1031.67,-7.24701,105.358,1035.39,-50.9887,87.7738,1036.95,-31.5953,88.1066,1045.66,-54.2574,49.9121,1031.68,-32.9655,51.1896,1060.22,-57.7369,11.7956,1024.42,-33.4169,15.1192,1005.18,29.3077,106.301,1004.69,38.4339,115.432,992.353,50.9725,110.511,993.832,41.7741,101.343,0,0,0
001364:1026.96,-38.9494,158.557,1026.82,-42.796,161.708,1029.09,-36.7095,161.89,1029.23,-50.0342,158.701,1034.4,-34.4254,158.831,1030.48,-57.7551,138.567,1043.78,-29.1558,139.582,1024.31,-61.8302,112.159,1050.6,-19.2509,117.928,1027.79,-57.8149,90.0979,1033.56,-7.65334,104.881,1038.06,-50.8784,87.1108,1041.02,-31.463,87.3887,1046.83,-54.1637,49.501,1034.28,-32.6537,50.7173,1062.26,-58.0135,11.5508,1024.85,-33.1901,15.1157,1007.17,29.1909,107.481,1006.86,38.021,117.08,996.776,50.9113,112.524,998.381,42.0352,102.87,0,0,0
001365:1029.47,-39.0287,158.482,1029.09,-42.8621,161.624,1030.78,-36.7834,161.855,1030.6,-50.0983,158.658,1034.09,-34.4114,158.818,1031.07,-57.8076,138.661,1042.36,-29.0998,139.888,1025.2,-61.9447,112.237,1048.71,-19.1757,118.78,1024.48,-57.4229,90.609,1036.98,-7.88762,106.325,1039.88,-50.9312,87.5268,1041.45,-31.4198,87.9645,1049.32,-54.1092,49.863,1036.03,-32.4365,51.2078,1060.71,-57.8704,12.0999,1025.86,-33.0187,15.5491,1013.75,28.9177,108.943,1009.89,37.9247,118.987,998.966,51.1482,114.354,1003.76,42.1209,104.287,0,0,0
001366:1029.95,-39.0837,158.514,1029.75,-42.9608,161.649,1031.23,-36.8553,161.872,1031.69,-50.2596,158.629,1034.53,-34.4978,158.829,1032.38,-57.917,138.564,1042.54,-29.1053,139.74,1026.21,-61.9084,112.247,1050.19,-19.0141,118.443,1023.21,-56.7841,91.0973,1043.01,-7.40765,105.77,1039.05,-50.8829,87.1916,1039.45,-31.269,87.6748,1050.43,-54.225,49.4123,1034.97,-32.1847,50.9385,1062.17,-57.9004,11.7319,1024.71,-32.5629,15.4423,1015.39,29.2579,109.674,1011.48,38.0051,120.046,999.857,51.4245,115.773,1004.79,42.6816,105.374,0,0,0
001367:1030.57,-39.0439,158.41,1030.2,-42.9083,161.562,1032.17,-36.854,161.781,1032.08,-50.2358,158.606,1036.17,-34.593,158.827,1032.67,-57.8746,138.64,1044.7,-29.1728,139.879,1024.56,-61.499,112.286,1050.36,-18.6788,118.898,1023.09,-56.4403,90.8147,1037.55,-6.28823,106.782,1040.75,-51.0052,87.2571,1042.83,-31.4581,87.7229,1050.21,-54.2051,49.6075,1037.19,-32.0711,50.9822,1062.15,-57.7137,11.9305,1025.85,-32.0734,15.5544,1014.18,29.735,110.891,1009.87,38.0397,121.144,1000.95,51.3149,117.151,1006.42,43.0226,106.818,0,0,0
001368:1030.29,-38.9143,158.608,1030.1,-42.8031,161.737,1031.88,-36.7419,161.975,1032.6,-50.1908,158.696,1036.13,-34.5384,158.937,1033.71,-57.8562,138.679,1045.01,-29.1712,139.861,1026.04,-61.5362,112.376,1051.36,-18.6858,118.804,1021.98,-56.4049,91.1739,1040.13,-6.12718,106.857,1040.96,-50.9849,87.2205,1042.26,-31.4128,87.7167,1051.05,-54.1463,49.4697,1037.12,-31.8236,50.9316,1062.18,-57.6659,11.8511,1026.49,-31.6217,15.4765,1013.33,30.0574,112.234,1008.93,37.9262,122.718,998.936,51.2679,119.207,1004.44,43.4195,108.631,0,0,0
001369:1029.7,-39.1419,158.441,1029.5,-42.9956,161.542,1031.42,-36.9517,161.793,1032.48,-50.2618,158.45,1036.22,-34.6199,158.709,1034.9,-57.9536,138.395,1046.68,-29.2374,139.548,1028.3,-61.8586,112.114,1056.61,-19.0753,118.176,1024.24,-56.7489,91.0111,1049.89,-7.11932,106.176,1042.05,-51.0538,86.9752,1043.42,-31.4166,87.4982,1052.09,-54.0527,49.4281,1038.28,-31.5501,50.9355,1062.24,-57.3823,12.0735,1026.31,-31.2332,15.8475,1016.43,30.0384,113.177,1012.06,37.7623,124.007,1001.83,51.4286,120.835,1007.29,43.7438,109.92,0,0,0
001370:1030.54,-38.8766,158.523,1030.27,-42.7621,161.608,1032.04,-36.7036,161.885,1032.62,-50.1338,158.434,1035.96,-34.4391,158.725,1033.96,-57.7983,138.339,1045.03,-29.0282,139.547,1026.49,-61.4309,112.09,1052.02,-18.5637,118.499,1022.21,-55.7153,91.2869,1043.27,-6.34537,107.128,1041.77,-50.9385,86.9249,1043.12,-31.2329,87.4877,1051.69,-53.9402,49.3816,1038.44,-31.2224,50.8912,1062.52,-57.2955,11.9399,1028.9,-30.8174,15.5348,1016.19,30.0641,114.324,1012.32,37.4791,125.344,1003.49,51.2287,122.396,1008.44,43.8418,111.272,0,0,0
001371:1031.13,-39.1526,158.452,1030.89,-43.0127,161.556,1032.83,-36.9486,161.813,1033.64,-50.2665,158.444,1037.3,-34.5225,158.757,1035.1,-57.937,138.403,1046.25,-28.8544,139.591,1028.93,-61.9144,111.997,1052.01,-18.1593,118.462,1025.6,-56.9287,90.5839,1040.48,-5.78965,107.073,1041.8,-51.0698,86.8638,1043.02,-31.218,87.4214,1052.73,-54.0854,49.3432,1038.56,-30.9829,50.8982,1063.14,-57.2933,12.0658,1027.65,-30.3053,15.8363,1014.69,30.1308,115.515,1012.07,37.1969,126.586,1003.33,50.9408,124.079,1006.94,43.9031,112.908,0,0,0
001372:1030.3,-38.8495,158.287,1030.19,-42.7316,161.398,1032.09,-36.7119,161.664,1033.8,-50.177,158.345,1037.36,-34.5008,158.642,1035.93,-58.0447,138.4,1047.08,-29.0468,139.536,1028.69,-61.8072,112.104,1051.98,-18.3821,118.396,1023.4,-55.92,91.3896,1039.52,-5.73946,107.228,1043.07,-51.2798,86.9547,1044.12,-31.4371,87.6126,1054.36,-53.9652,49.3107,1039.85,-30.7336,51.0257,1063.31,-57.0539,11.8908,1028.94,-29.8636,15.8703,1015.73,30.2741,116.297,1013.77,37.0624,127.482,1005.88,50.9023,125.235,1008.7,44.1063,113.914,0,0,0
001373:1031.43,-38.717,158.559,1031.07,-42.5976,161.671,1033.09,-36.6085,161.939,1033.81,-50.0355,158.6,1037.92,-34.5096,158.897,1036.34,-57.86,138.648,1047.73,-29.1953,139.754,1031.42,-61.701,112.216,1054.43,-18.6814,118.433,1030.79,-56.4311,91.1677,1043.46,-5.78644,107.326,1043.51,-51.0048,87.0988,1045.21,-31.3299,87.75,1053.4,-53.5779,49.3687,1040.27,-30.3981,51.0367,1064.3,-56.9221,11.6208,1030.29,-29.2051,15.6282,1016,30.4595,117.757,1013.17,36.9253,129.218,1005.08,50.8494,127.337,1008.93,44.3895,115.716,0,0,0
001374:1030.7,-38.5756,158.699,1030.35,-42.4504,161.795,1032.39,-36.4651,162.061,1033.15,-49.9054,158.696,1037.42,-34.3523,158.96,1035.72,-57.8563,138.731,1047.5,-29.029,139.702,1032,-62.044,112.658,1053.88,-18.5344,118.348,1030.26,-56.22,92.5577,1041.59,-5.9272,107.53,1043.56,-51.046,87.1238,1045.6,-31.2302,87.7417,1054.28,-53.6614,49.4841,1041.31,-30.211,51.1584,1065.14,-56.882,11.8182,1030.77,-28.9381,15.9447,1018.06,30.0768,118.57,1014.6,36.4169,130.428,1006.73,50.6414,128.779,1011.2,44.3181,116.747,0,0,0
001375:1032.02,-38.4108,158.741,1031.75,-42.2894,161.869,1033.78,-36.3108,162.129,1034.76,-49.7821,158.844,1039.05,-34.195,159.129,1036.65,-57.7686,138.908,1049.41,-28.8727,139.963,1029.16,-61.6435,112.444,1055.62,-18.3572,118.472,1024.33,-55.8452,91.7014,1042.61,-5.56479,107.659,1044.88,-51.0279,87.2425,1047.2,-31.1569,87.9102,1055.29,-53.4955,49.5073,1042.16,-29.8176,51.2392,1066.23,-56.7944,11.6702,1031.22,-28.4367,15.9399,1019.72,30.4423,119.657,1016.15,36.5783,131.615,1008.28,50.8459,130.197,1012.64,44.7219,118.072,0,0,0
001376:1032.86,-38.1187,158.786,1032.42,-41.9917,161.94,1034.53,-36.0307,162.186,1034.64,-49.508,158.985,1039.66,-34.0078,159.205,1035.83,-57.5909,139.154,1049.86,-28.839,140.084,1030.55,-61.7051,112.756,1054.93,-18.4965,118.532,1032.22,-56.2559,92.0204,1040.56,-5.77197,107.834,1043.73,-50.8887,87.5747,1047.27,-31.0896,88.1791,1054.43,-53.4115,49.6828,1043.4,-29.6583,51.2978,1064.95,-56.7624,11.6836,1030.91,-27.8824,15.9046,1019.74,30.3086,120.194,1014.86,36.3939,132.294,1007.53,50.7162,130.922,1013.33,44.6375,118.623,0,0,0
001377:1034.46,-37.7851,158.893,1034.02,-41.6844,162.072,1035.78,-35.7493,162.298,1036.56,-49.4146,159.244,1040.51,-33.9054,159.412,1039.23,-57.7551,139.478,1051,-28.9856,140.36,1035.49,-62.0803,113.267,1057.55,-18.6887,118.892,1031.48,-55.8075,93.4678,1048.54,-5.64893,108.119,1048.25,-51.1944,87.4006,1049.99,-31.2813,88.1263,1056.78,-53.6122,49.4394,1044.51,-29.4647,51.1682,1065.04,-57.0168,11.4052,1034.03,-27.5395,15.52,1024.06,30.3481,120.493,1019.22,36.4414,132.66,1009.59,50.7473,131.313,1015.04,44.6573,118.974,0,0,0
001378:1034.03,-37.4697,159.057,1033.48,-41.3716,162.239,1035.64,-35.4681,162.46,1036,-49.1588,159.382,1040.93,-33.781,159.529,1038.68,-57.5852,139.545,1051.88,-29.0172,140.372,1033.62,-61.9747,113.243,1058.15,-18.7449,118.717,1027.61,-56.1191,93.1991,1046.44,-5.39565,108.005,1048.16,-51.03,87.3945,1051.35,-31.2235,88.0647,1055.77,-53.3524,49.3963,1046.87,-29.2925,50.9237,1062.94,-56.8363,11.3776,1037.63,-27.228,14.9825,1023.91,30.8186,120.988,1018.75,36.7025,133.324,1010.23,51.1386,132.149,1016.16,45.2503,119.598,0,0,0
001379:1033.63,-37.2082,159.368,1033.28,-41.088,162.533,1035.41,-35.2227,162.732,1036.49,-48.8285,159.628,1041.8,-33.5549,159.778,1039.03,-57.1937,139.857,1053.89,-28.8336,140.608,1032.74,-61.6384,113.804,1060.71,-18.2996,119.069,1027.24,-56.3703,93.8011,1047.26,-4.38274,108.473,1047.93,-50.8215,87.8674,1051.84,-31.1642,88.4451,1055.5,-53.2107,49.9736,1047.16,-29.2587,51.3997,1064.33,-56.6629,11.9456,1038.7,-26.9725,15.4841,1024.26,31.4607,121.439,1019.44,37.2329,133.66,1010.08,51.5851,132.581,1015.64,45.7948,120.127,0,0,0
001380:1036.4,-37.2205,159.482,1035.82,-41.1322,162.637,1037.6,-35.23,162.861,1037.79,-48.8904,159.609,1042.23,-33.5104,159.789,1040.03,-57.2561,139.739,1052.55,-28.7195,140.572,1034.52,-61.5904,113.432,1060.63,-18.2428,118.818,1031.26,-56.118,93.3098,1051.94,-4.42949,107.974,1048.42,-50.713,87.9074,1051.59,-30.9129,88.5786,1054.91,-53.0431,49.9695,1047.22,-28.873,51.4302,1064.78,-56.6244,11.6697,1041.84,-26.4889,14.9919,1028.33,31.8717,121.393,1022.23,37.6485,133.829,1013.2,52.1938,132.764,1020.15,46.4068,120.065,0,0,0
001381:1036.01,-36.8822,159.536,1035.42,-40.7754,162.71,1037.45,-34.8576,162.911,1037.48,-48.5148,159.696,1042.37,-33.0794,159.839,1039.48,-56.9851,139.814,1052.82,-28.3263,140.56,1033.23,-61.7766,113.684,1061.03,-17.7287,119.039,1029.71,-56.7032,93.5469,1050.49,-3.74528,108.73,1047.72,-50.7327,87.5657,1051.55,-30.8518,88.1677,1054.09,-53.0565,49.5708,1047.77,-28.6655,50.8848,1064.39,-56.8094,11.1647,1042.58,-26.2471,14.514,1028.04,32.6582,121.771,1021.81,38.4679,134.094,1012.48,52.9613,133.007,1019.52,47.1543,120.424,0,0,0
001382:1037.05,-36.5628,159.614,1036.52,-40.4437,162.815,1038.58,-34.552,162.984,1038.89,-48.2244,159.89,1043.7,-32.8233,159.944,1041.11,-56.8758,140.08,1054.3,-28.3107,140.702,1035.12,-61.7102,113.801,1061.62,-18.207,118.699,1028.81,-56.5203,93.7116,1052.07,-4.68087,107.921,1049.28,-50.7389,87.9592,1052.82,-30.8512,88.5652,1055.12,-52.9908,50.0076,1048.54,-28.4979,51.3779,1065.33,-56.5197,11.6167,1044.76,-25.7631,14.8158,1030.86,33.0275,121.863,1025.64,38.9638,134.464,1016.34,53.7244,133.388,1022.29,47.7784,120.545,0,0,0
001383:1039.16,-36.2394,159.722,1038.19,-40.1382,162.923,1040.22,-34.2659,163.082,1038.98,-47.9826,159.912,1043.94,-32.66,159.965,1040.12,-56.6094,140.098,1052.59,-28.2186,140.718,1034.82,-61.2346,113.662,1058.86,-17.7754,118.815,1032.92,-56.1744,93.1763,1049.54,-3.41672,108.086,1047.82,-50.5869,88.1615,1051.79,-30.7883,88.7627,1053.68,-52.9102,50.2215,1048.39,-28.3435,51.5287,1064.88,-56.5144,11.7075,1046.03,-25.2438,14.7383,1033.06,33.9551,121.639,1026.82,39.8668,134.296,1018.59,54.7115,133.127,1025.79,48.7917,120.172,839.956,133.237,183.938
001384:1038.76,-36.1046,159.911,1037.96,-40.0116,163.098,1040.03,-34.1341,163.252,1039.9,-47.9339,160.013,1044.77,-32.5155,160.078,1041.92,-56.6811,140.067,1055.01,-28.0987,140.703,1036.1,-61.4678,113.647,1061.64,-17.4467,118.869,1032,-56.2942,93.2108,1051.42,-2.88041,108.352,1050.83,-50.8168,87.8217,1054.75,-30.842,88.4448,1056.63,-53.0551,50.0009,1050.61,-28.1577,51.3684,1066.55,-56.2764,11.7181,1046.83,-24.8439,14.9346,1034.84,34.8426,121.741,1029.8,40.7055,134.298,1021.53,55.5631,133.183,1027.28,49.6983,120.329,843.173,132.476,182.671
001385:1038.81,-35.7834,160.027,1037.8,-39.6603,163.224,1039.95,-33.7966,163.372,1039.24,-47.5139,160.189,1044.42,-32.1514,160.212,1041.18,-56.2893,140.348,1054.27,-27.784,140.935,1033.57,-61.0397,114.117,1061.05,-17.1734,119.188,1029.96,-56.1066,93.8197,1051.06,-2.51868,108.722,1051.05,-50.6164,88.1424,1055.4,-30.6454,88.7313,1056.76,-53.0055,50.2207,1052.6,-27.9278,51.4527,1066.21,-56.2586,11.8742,1049.67,-24.2469,14.7504,1035.11,35.9028,121.666,1031.53,41.9809,134.129,1024.33,56.895,132.791,1028.67,50.7891,120.014,842.124,130.046,181.337
001386:1040.11,-35.6138,160.182,1039.14,-39.4927,163.409,1041.21,-33.6118,163.527,1040.43,-47.3173,160.428,1045.63,-31.9352,160.417,1042.13,-56.1311,140.68,1055.13,-27.5797,141.124,1034.92,-61.0317,114.485,1062.49,-16.9866,119.041,1033.15,-56.4103,94.2233,1053.38,-1.94591,108.073,1050.76,-50.5562,88.3803,1055.3,-30.5452,88.9329,1055.89,-52.9579,50.3166,1052.65,-27.6015,51.4921,1066.69,-56.4498,11.6549,1050.96,-23.6077,14.4979,1036.77,36.9414,121.471,1032.54,43.1071,134.008,1025.23,58.1291,132.672,1030.28,51.9395,119.801,850.766,129.028,180.172
001387:1042.96,-35.5144,160.03,1041.55,-39.4035,163.274,1043.55,-33.5048,163.382,1041.08,-47.2202,160.341,1046.23,-31.7704,160.305,1041.02,-56.0848,140.662,1054.56,-27.3944,141.1,1032.91,-61.1411,114.545,1064.64,-16.7439,118.996,1029.79,-56.5768,94.4594,1061.98,-1.59088,107.69,1049.24,-50.5395,88.4666,1053.83,-30.4027,89.039,1056.16,-53.1297,50.367,1052.96,-27.3627,51.5575,1065.5,-56.3166,11.8401,1050.16,-22.8955,14.6488,1041.51,37.9907,121.089,1036.56,44.2813,133.659,1028.3,59.3892,132.225,1033.89,53.0845,119.334,857.504,126.835,178.971
001388:1043.46,-35.2267,160.063,1042.16,-39.0812,163.274,1044.34,-33.2014,163.374,1042.66,-46.8386,160.205,1048.05,-31.4157,160.177,1043.73,-55.6783,140.451,1057.13,-27.1285,140.859,1035.89,-60.8574,114.373,1065.47,-16.4248,118.802,1033.79,-56.8531,93.9966,1058.76,-1.11535,107.702,1052.56,-50.3863,88.1505,1057.45,-30.2819,88.6522,1057.06,-52.9893,50.3013,1055.02,-27.1578,51.3641,1064.26,-56.1543,12.2115,1051.6,-22.5242,14.7048,1043.35,39.0533,120.477,1039.4,45.6731,132.966,1031.43,60.9223,131.243,1036.1,54.2898,118.434,861.52,124.752,177.707
001389:1045.96,-34.9779,160.151,1044.9,-38.8658,163.402,1046.87,-32.9506,163.486,1045.89,-46.7125,160.387,1050.84,-31.1471,160.36,1047.34,-55.6961,140.601,1059.21,-26.7772,141.045,1040.63,-61.0828,114.29,1066.58,-15.7367,119.047,1037.87,-57.1465,93.6246,1060.21,0.102077,107.815,1054.2,-50.4273,88.1651,1058.2,-30.106,88.689,1056.89,-53.0737,50.3193,1054.36,-26.833,51.3825,1065.39,-56.492,11.9829,1053.38,-22.2059,14.4013,1045.82,40.376,120.226,1043.13,47.0617,132.617,1034.86,62.3237,130.822,1038.37,55.6,118.104,870.845,123.023,176.156
001390:1046.1,-34.4351,160.02,1044.68,-38.3482,163.264,1046.68,-32.4933,163.34,1044.25,-46.3607,160.279,1049.04,-31.0027,160.196,1044.76,-55.4494,140.632,1055.72,-26.9103,140.934,1037.09,-60.8456,114.719,1061.62,-15.7522,118.969,1031.4,-56.6865,94.7935,1056.21,1.05464,107.546,1053.42,-50.2578,88.3011,1057.5,-30.1145,88.8562,1056.79,-52.8927,50.4881,1055.67,-26.7206,51.5296,1063.98,-56.5132,12.2744,1056.1,-22.0637,14.4594,1048.87,41.6033,119.826,1045.75,48.2758,132.362,1038.97,63.7805,130.481,1043.09,57.0593,117.578,877.282,121.42,175.256
001391:1045.87,-34.0352,160.007,1044.76,-37.906,163.23,1046.54,-32.1007,163.304,1045.27,-45.8518,160.239,1049.94,-30.6445,160.098,1046.3,-54.9708,140.75,1057.09,-26.8259,140.955,1038.91,-60.4979,115.053,1063.52,-15.936,119.103,1031.41,-56.954,95.3033,1056.99,0.934584,107.969,1053.83,-50.1483,88.7204,1057.7,-30.2115,89.237,1056.48,-52.7871,50.849,1055.5,-26.6807,51.8525,1064.88,-56.5528,12.3995,1058.85,-21.6341,14.3717,1049.33,42.596,119.827,1048.84,49.5503,132.188,1042.15,65.138,130.055,1043.46,58.0962,117.315,881.369,119.283,173.958
001392:1047.89,-33.5976,160.14,1046.51,-37.4833,163.404,1048.48,-31.6161,163.445,1045.96,-45.496,160.427,1050.3,-30.076,160.244,1046.57,-54.8816,140.775,1056.49,-26.2478,140.958,1038.2,-60.7155,114.694,1063.71,-15.4452,118.71,1031.06,-57.1787,94.3564,1062.09,1.1452,106.888,1054.72,-50.1191,88.4922,1058.55,-29.8781,89.0019,1056.93,-52.7282,50.7813,1057.34,-26.3747,51.691,1063.06,-56.2225,12.7009,1059.36,-21.4023,14.4829,1055.69,43.3087,118.859,1053.31,50.4818,131.54,1045.99,66.3386,129.282,1049.41,59.1196,116.259,887.969,117.641,172.676
001393:1048.09,-33.1169,160.158,1046.64,-37.0183,163.452,1048.46,-31.1621,163.473,1045.97,-45.1398,160.566,1050.34,-29.7666,160.364,1046.81,-54.6705,141.005,1057.01,-26.0034,141.167,1037.78,-60.523,114.967,1065.07,-14.7056,119.057,1032.48,-57.447,94.4605,1064.26,3.15784,107.088,1056.58,-50.1289,88.7018,1060.48,-29.8197,89.2095,1059.14,-52.9074,50.918,1059.53,-26.1003,51.8374,1065.16,-56.4653,12.7066,1060.5,-20.7227,14.5883,1055.83,45.2935,118.868,1054.74,52.3133,131.293,1048.5,68.0906,129.075,1050.62,61.0089,116.256,894.623,115.982,171.381
001394:1049.34,-32.9803,160.096,1048.26,-36.8501,163.396,1050.37,-30.9731,163.424,1048.64,-44.919,160.56,1053.7,-29.4567,160.286,1048.74,-54.5436,141.009,1059.71,-25.7474,141.143,1038.75,-60.6413,114.93,1062.38,-14.9127,118.96,1031.74,-57.6916,94.4226,1053.34,1.7914,107.189,1056.5,-50.0031,88.8166,1061.37,-29.6047,89.2769,1057.9,-52.7492,51.0753,1060.41,-25.7763,51.8704,1063.55,-56.2407,12.8528,1062.78,-20.2114,14.3342,1060.74,45.1243,118.053,1061.66,52.8247,130.634,1057.16,68.9796,127.882,1057.22,61.1609,114.947,901.336,114.309,170.414
001395:1049.03,-32.5016,160.082,1047.76,-36.3868,163.369,1049.57,-30.542,163.355,1047.52,-44.5457,160.449,1051.75,-29.2396,160.197,1048.24,-54.2517,140.929,1058.42,-25.7338,140.925,1039.9,-60.7162,115.32,1067.03,-14.2535,118.912,1034.9,-58.4893,95.1147,1069.63,4.30019,106.73,1055.86,-50.0267,88.5671,1059.93,-29.7989,89.0334,1057.66,-52.7512,50.8859,1060.36,-25.7513,51.6624,1064.26,-56.3008,12.6537,1064.6,-19.8577,14.2055,1065.61,47,117.531,1064.27,54.3626,129.833,1057.68,70.2915,127.271,1060.33,62.8963,114.563,908.094,112.611,168.75
001396:1047.97,-31.8881,159.86,1046.83,-35.8016,163.194,1048.66,-29.9528,163.188,1047.45,-44.1285,160.409,1052.12,-28.7255,160.145,1049.22,-54.1574,140.852,1060.56,-25.2949,140.997,1041.03,-60.7588,114.713,1072.16,-13.8738,118.903,1032.9,-58.2717,93.9896,1076.61,4.63876,106.559,1056.83,-49.8809,88.6653,1061.25,-29.4069,89.161,1056.88,-52.583,51.1323,1059.47,-25.2336,51.9381,1064.69,-56.364,12.6737,1064.2,-19.5344,14.3201,1067.94,48.1079,117.123,1067.18,55.7091,129.474,1061.22,71.8276,126.657,1063.08,64.1502,113.894,914.907,110.895,167.068
001397:1049.45,-31.4998,159.825,1048.44,-35.4114,163.136,1050.23,-29.5944,163.118,1049.18,-43.8153,160.302,1053.2,-28.5272,160.002,1050.94,-53.8641,140.754,1060.43,-25.3664,140.729,1043.35,-60.535,114.989,1069.57,-13.9027,118.622,1033.03,-57.8383,94.9212,1073.88,5.13265,106.208,1058.27,-49.8431,88.3772,1061.93,-29.508,88.885,1058.61,-52.5795,50.9236,1061.1,-25.0586,51.7684,1065.92,-56.5759,12.6342,1067.31,-19.144,14.2295,1072.48,48.7775,116.45,1072.07,56.5523,128.979,1066.95,72.9702,126.017,1068.73,65.1334,113.089,918.872,109.337,165.666
001398:1048.47,-31.0453,159.882,1047.24,-34.9371,163.222,1049.41,-29.0977,163.199,1047.86,-43.3106,160.441,1053.3,-27.9147,160.104,1049.19,-53.5703,140.907,1063.02,-24.7941,140.866,1041.26,-60.5628,115.079,1077.83,-13.36,118.796,1032.81,-58.144,94.7949,1087.4,5.53769,106.396,1056.63,-49.834,88.6419,1062.7,-29.34,89.025,1056.08,-52.5334,51.2533,1062.34,-24.8103,51.8197,1065.82,-56.3633,12.6234,1069.89,-18.6655,14.0066,1078.73,49.8926,116.091,1076.87,57.9418,128.512,1071.99,74.4036,125.248,1075.12,66.3185,112.409,925.781,107.595,164.65
001399:1049.87,-30.6517,159.908,1048.77,-34.5351,163.264,1050.89,-28.6832,163.223,1049.29,-42.9154,160.536,1054.49,-27.5351,160.143,1050.59,-53.2855,141.088,1062.66,-24.4512,140.842,1043.02,-60.439,115.59,1075.01,-12.8991,118.672,1035.51,-58.0172,95.8484,1081.65,6.42896,106.098,1057.49,-49.7673,88.6691,1063.04,-29.2398,89.0206,1057.15,-52.5021,51.1381,1063.37,-24.5919,51.7089,1067.36,-56.552,12.3162,1072.38,-18.3868,13.6669,1078.23,50.9696,115.394,1078.75,59.0702,127.66,1074.68,75.5582,124.356,1075.64,67.3945,111.66,932.386,106.521,162.911
001400:1049.66,-30.1743,159.858,1048.63,-34.0338,163.193,1050.9,-28.2339,163.134,1049.61,-42.4164,160.381,1055.34,-27.2233,159.994,1050.52,-52.8406,140.983,1063.21,-24.2226,140.681,1040.91,-60.1497,115.721,1071.72,-12.019,118.859,1030.64,-58.6517,95.7673,1072.19,8.57066,106.526,1058.07,-49.7341,88.8365,1064.19,-29.3686,89.1485,1057.01,-52.3549,51.4468,1063.81,-24.3491,51.9763,1066.34,-56.6825,12.68,1072.66,-18.004,13.9776,1078.03,52.1967,114.909,1080.68,60.1297,126.731,1079.35,76.5443,123.368,1078.36,68.5021,111.052,939.313,104.747,161.894
001401:1051.85,-30.0364,159.737,1050.7,-33.8874,163.079,1052.82,-28.0048,163.038,1051.23,-42.1783,160.264,1055.91,-26.669,159.877,1052.44,-52.6565,140.803,1063.31,-23.4408,140.611,1044.72,-60.3637,115.348,1073.51,-11.3753,118.864,1034.77,-59.0585,95.1103,1079.18,8.2626,106.406,1060.4,-49.5125,88.7052,1065.36,-28.7506,89.0014,1059.61,-52.4934,51.4283,1065.33,-23.9902,51.9641,1067.63,-56.5796,12.9636,1072.64,-17.5416,14.1557,1080.07,52.3346,114.048,1081.83,60.7132,125.777,1080.27,77.1038,121.987,1080.02,68.6303,109.808,943.281,103.142,160.474
001402:1052.37,-29.4989,159.713,1051.03,-33.3475,163.076,1053.13,-27.4843,163.002,1050.5,-41.7537,160.279,1055.19,-26.2886,159.85,1051.48,-52.4974,140.775,1061.01,-23.1448,140.494,1044.84,-60.4169,115.335,1069.16,-10.6944,118.903,1040.17,-59.122,94.9247,1072.89,9.57392,106.567,1061.19,-49.6953,88.3421,1066.34,-28.823,88.642,1059.07,-52.6141,51.2024,1067.13,-23.796,51.5879,1067.06,-56.8116,12.7238,1078.17,-17.3333,13.4569,1083.62,52.7368,113.448,1087.89,60.9738,125.092,1087.57,77.3821,121.345,1084.84,69.0199,109.234,947.356,101.523,158.669
001403:1053.12,-28.7999,159.496,1051.95,-32.63,162.838,1053.67,-26.8009,162.77,1051.07,-41.0284,160.032,1054.81,-25.7124,159.588,1051.21,-51.8041,140.665,1058.87,-22.6972,140.383,1044.29,-59.9537,115.53,1066.33,-9.95876,119.369,1038,-59.5069,95.0638,1070.17,10.8753,107.387,1059.63,-49.2338,88.7519,1063.94,-28.5687,89.044,1059.38,-52.3894,51.6618,1067.59,-23.594,52.0084,1066.65,-56.8047,13.3225,1079.04,-16.9368,13.8631,1087.26,53.2245,112.555,1091.64,61.4965,123.72,1091.38,77.6092,119.653,1088.74,69.2013,108.008,954.053,100.408,157.606
001404:1053,-28.1286,159.378,1051.89,-31.9774,162.76,1054.05,-26.15,162.63,1052.02,-40.5536,159.986,1056.94,-25.2336,159.51,1053.09,-51.6665,140.531,1063.3,-22.3319,140.123,1046.55,-60.1736,115.369,1072.62,-9.10742,119.052,1041.45,-59.9494,94.6929,1078.62,12.5755,106.772,1060.94,-49.3236,88.4203,1066.62,-28.5554,88.5868,1059.23,-52.4912,51.4725,1069.66,-23.4486,51.6109,1066.17,-56.8754,13.1656,1081.17,-16.7537,13.4562,1091.81,53.7315,111.717,1095.13,61.6778,122.662,1094.24,77.5201,118.762,1092.86,69.4613,107.308,955.261,98.2684,156.165
001405:1053.78,-27.8621,159.08,1052.61,-31.7023,162.482,1055.05,-25.8613,162.342,1052.85,-40.2779,159.784,1058.66,-24.9415,159.338,1054.06,-51.4589,140.355,1064.81,-21.8831,140.019,1047.67,-60.2246,115.228,1071.46,-8.2282,119.372,1042.98,-60.244,94.2402,1071.53,13.699,107.432,1062.57,-49.1721,88.1429,1068.99,-28.2718,88.2854,1060.26,-52.4103,51.405,1071.69,-22.9667,51.461,1067.07,-57.0861,13.2337,1082.2,-16.4608,13.5434,1091.96,53.8121,110.907,1096.87,61.7,121.322,1097.73,77.2134,117.3,1094.67,69.1803,106.374,962.117,97.125,154.701
001406:1053.98,-27.3478,159.015,1052.8,-31.1373,162.422,1055.2,-25.3219,162.261,1053.57,-39.7137,159.795,1059.07,-24.3887,159.262,1055.45,-51.1454,140.517,1066.22,-21.5578,140.059,1049.11,-60.1183,115.543,1073.99,-8.11274,119.499,1042.16,-60.0561,94.7776,1075.15,13.477,107.636,1065.19,-49.4263,88.4401,1071.49,-28.4978,88.5589,1061.53,-52.5132,51.7725,1072.94,-22.9193,51.825,1068.15,-57.1206,13.4808,1084.11,-16.1649,13.7634,1095.3,53.399,110.071,1100.52,61.539,120.146,1101.85,76.8324,115.754,1098.36,68.5486,105.178,966.264,95.4622,152.852
001407:1055.76,-27.083,158.879,1054.65,-30.8821,162.292,1056.89,-25.0653,162.084,1055.24,-39.5079,159.632,1059.91,-24.1423,159.124,1056.15,-51.0103,140.301,1065.56,-21.1993,139.856,1048.53,-60.1649,115.308,1072.63,-7.30034,119.411,1039.02,-60.191,94.2737,1075.79,14.7554,107.253,1064.88,-49.3511,88.2546,1070.66,-28.3497,88.3727,1062.05,-52.5549,51.8167,1074.45,-22.8047,51.7579,1067.46,-57.2229,13.8933,1086.97,-16.2567,13.8221,1103.52,52.7798,109.154,1108.74,60.6849,119.007,1111.21,75.8088,114.683,1107.83,67.7468,104.314,973.215,94.2951,151.359
001408:1056.05,-26.4145,158.779,1054.67,-30.1814,162.209,1057.32,-24.4244,161.968,1054.95,-38.8548,159.675,1060.82,-23.6653,159.097,1056.25,-50.5631,140.496,1068.09,-20.9578,139.944,1050.98,-60.1751,115.715,1078.98,-7.0892,119.587,1044.73,-60.7429,94.7392,1089.18,14.9912,107.174,1064.43,-49.0482,88.7107,1071.52,-28.1898,88.7468,1061.09,-52.3557,52.2907,1074.53,-22.5749,52.1472,1067.26,-57.2439,14.1463,1086.04,-15.8817,14.093,1112.37,51.919,107.778,1116.28,59.7905,117.187,1119.27,74.4806,112.616,1117.16,66.4473,102.68,980.566,92.3926,149.861
001409:1055.11,-25.6685,158.525,1053.78,-29.4534,161.935,1056.51,-23.7626,161.693,1054.66,-38.3874,159.43,1061.39,-23.4294,158.823,1056.75,-50.3584,140.282,1070.34,-21.1212,139.674,1051.95,-60.1052,115.656,1081.52,-7.037,119.655,1047.5,-60.6332,94.6274,1088.01,15.6445,107.743,1066.46,-49.0191,88.4057,1074.92,-28.3292,88.4299,1061.18,-52.2731,52.3199,1076.92,-22.3701,52.0702,1066.6,-57.4388,14.4054,1088.49,-15.5681,14.1976,1110.77,51.2179,107.397,1116.53,58.8688,116.298,1119.75,73.0548,111.65,1115.6,65.2208,102.218,981.322,90.9317,148.763
001410:1056.02,-25.4745,158.422,1054.93,-29.1994,161.816,1057.73,-23.5206,161.556,1056.89,-37.9879,159.31,1063.46,-23.0135,158.694,1059.36,-49.9813,140.294,1072.14,-20.628,139.642,1053.75,-59.9659,115.938,1080.77,-6.4584,120.019,1044.89,-60.6269,95.0635,1084.18,15.7319,108.527,1067.73,-49.0267,88.7938,1075.63,-28.3257,88.7682,1062.85,-52.2932,52.7871,1077.55,-22.2925,52.5587,1067.87,-57.5559,14.9618,1088.87,-15.5802,14.785,1111.83,50.2609,106.772,1119.39,57.9661,114.992,1124.26,71.724,110.104,1118.4,63.8074,101.35,988.603,89.7155,146.454
001411:1059.94,-24.8838,158.011,1059.08,-28.6159,161.429,1061.48,-22.9552,161.118,1060.85,-37.6004,159.023,1066.27,-22.6745,158.374,1062.57,-49.8952,140.095,1072.85,-20.4817,139.512,1055.36,-60.1269,115.663,1080.41,-5.87967,120.398,1045.25,-61.1613,94.2421,1083.58,16.8412,109.121,1069.25,-49.2409,88.7776,1075.74,-28.5453,88.8487,1063.94,-52.4182,52.9664,1078.17,-22.1989,52.7954,1067.72,-57.6491,15.3148,1091.23,-15.3044,14.9536,1108.89,49.1098,106.087,1117.58,56.45,113.386,1122.54,69.2882,108.468,1115.38,61.7312,100.655,992.227,88.747,145.708
001412:1057.95,-24.4685,157.966,1057.13,-28.2077,161.351,1059.76,-22.552,160.99,1059.21,-37.1659,158.882,1065.88,-22.3608,158.258,1060.98,-49.4027,140.06,1072.66,-20.0065,139.249,1056.79,-59.9876,116.291,1078.13,-4.56647,120.527,1048.27,-61.0573,95.4566,1078.18,19.1359,109.36,1066.02,-48.8523,88.763,1074.09,-28.2977,88.6465,1061.57,-52.3139,53.0558,1078.55,-22.0228,52.5961,1068.22,-57.9065,15.3747,1094.87,-15.1335,14.6231,1113.45,47.7801,105.506,1122.92,54.4988,112.059,1129.84,66.5584,107.359,1122.32,59.6028,100.218,993.177,87.2577,143.816
001413:1058.68,-23.9319,157.993,1057.87,-27.6039,161.368,1060.29,-21.9802,160.98,1060.26,-36.4623,158.891,1066.31,-21.6545,158.227,1062.67,-48.7495,140.17,1073.69,-19.4067,139.311,1058.76,-59.5855,116.388,1080.97,-4.16533,120.675,1049.84,-61.1988,95.2109,1086.19,18.9161,109.438,1068.3,-48.6653,89.0385,1075.88,-28.1259,88.8503,1063.01,-52.3162,53.2912,1081.27,-21.9188,52.6499,1066.84,-57.9926,15.7742,1097.85,-14.8794,14.3895,1125.31,46.2802,104.153,1134.19,53.0991,110.141,1140.05,64.6148,105.176,1133.17,57.5762,98.6237,1000.36,86.0248,142.248
001414:1058.62,-23.7157,157.738,1057.78,-27.3806,161.13,1060.37,-21.6888,160.709,1060.37,-36.2109,158.722,1066.44,-21.2548,158.05,1063.33,-48.6148,140.046,1073.59,-18.847,139.174,1059.88,-59.8102,116.274,1078.01,-3.22541,120.784,1051.64,-61.7998,94.7036,1078.86,19.8027,109.461,1070.35,-48.7751,88.7812,1077.87,-28.0412,88.5303,1064.63,-52.5013,53.1781,1084.18,-21.8573,52.3951,1067.63,-57.869,15.9135,1101.16,-14.6345,14.209,1125.48,45.2257,103.074,1134.66,51.982,108.408,1141.71,62.8399,103.293,1134.65,55.8639,97.4114,1007.6,84.7765,140.291
001415:1060.65,-23.1421,157.593,1060.08,-26.8025,160.957,1062.4,-21.1525,160.523,1062.34,-35.707,158.477,1067.51,-20.8336,157.789,1063.96,-48.1711,139.77,1071.71,-18.4683,138.924,1059.96,-59.4384,116.182,1072.84,-2.44846,121.166,1048.37,-61.2916,94.6908,1072.7,20.7739,110.669,1068.35,-48.4538,88.7222,1074.71,-27.7695,88.4936,1063.77,-52.3854,53.2979,1082.4,-21.6108,52.5518,1066.25,-57.8592,16.3664,1102.03,-14.472,14.3548,1127.04,44.828,103.152,1141.43,51.2185,107.798,1151.12,61.6375,102.696,1138.84,54.9804,97.5073,1011.84,83.0267,139.105
001416:1060.72,-22.6866,157.665,1059.96,-26.3252,161.006,1062.76,-20.7281,160.59,1062.21,-35.2053,158.506,1069.2,-20.5528,157.824,1064.4,-47.595,139.83,1075.1,-18.3487,138.906,1060.77,-58.7807,116.387,1076.77,-2.37605,121.208,1052.21,-60.8594,94.8138,1072.89,20.8448,110.965,1070.69,-48.004,88.7184,1079.24,-27.5462,88.368,1064.21,-52.0297,53.3617,1085.33,-21.2951,52.4444,1066.96,-58.0361,16.4451,1103.48,-14.1587,14.3105,1132.2,44.3606,102.459,1148.46,50.7416,106.718,1161.33,60.9321,101.361,1147.25,54.2523,96.5451,1015.66,82.014,137.555
001417:1061.15,-22.0011,157.67,1060.5,-25.6177,161.024,1063.14,-20.0235,160.574,1062.92,-34.5938,158.596,1069.82,-20.0009,157.843,1064.61,-47.2473,139.901,1074.85,-18.0137,138.882,1060.33,-58.9241,116.582,1073.6,-1.78808,121.436,1050.44,-61.3762,94.944,1066.5,21.7278,111.445,1070.12,-48.0287,88.5555,1078.31,-27.5897,88.1929,1064.23,-52.0278,53.2326,1084.76,-21.1444,52.3399,1066.01,-58.1104,16.4416,1103.58,-14.0308,14.2501,1128.84,44.2817,102.258,1144.67,50.5704,106.357,1157.52,60.5828,100.977,1143.69,54.0083,96.3547,1019.61,80.9942,136.348
001418:1061.19,-21.4868,157.252,1060.77,-25.1202,160.593,1063.83,-19.5194,160.161,1064.36,-34.2831,158.1,1072.24,-19.7225,157.353,1067.04,-47.12,139.341,1078.31,-17.895,138.275,1060.78,-58.6492,116.351,1076.44,-1.19503,121.088,1043.65,-60.1572,95.5673,1062.86,23.2721,111.471,1073.22,-48.1159,87.9255,1082.95,-27.6329,87.4844,1064.12,-51.9874,52.871,1088.24,-20.7711,51.7868,1067.21,-58.4287,16.0151,1109.99,-13.6503,13.4524,1128.61,45.6908,101.401,1143.99,52.1604,105.322,1157.39,62.2257,99.6079,1144.34,55.4819,95.1513,1024,79.2073,134.365
001419:1060.2,-20.8865,157.316,1059.63,-24.4838,160.659,1062.65,-18.8813,160.238,1062.92,-33.4397,158.215,1070.73,-18.8404,157.458,1066.74,-46.2336,139.6,1079.08,-17.0273,138.515,1064.56,-58.1694,116.474,1080.62,-0.722368,121.411,1052.95,-60.9374,95.1314,1070.84,23.273,111.921,1075.75,-47.5045,88.3379,1085.64,-26.9991,87.7347,1066.37,-51.8018,53.1749,1090.82,-20.652,51.9142,1067.18,-58.2776,16.5128,1109.98,-13.5805,13.5643,1125.78,47.1909,101.633,1139.14,54.3036,105.943,1147.17,64.784,99.9271,1135.9,57.4241,95.1535,1031.13,78.6578,132.329
001420:1062.99,-20.6123,156.917,1062.63,-24.186,160.267,1065.8,-18.6287,159.854,1065.03,-33.0722,157.844,1073.48,-18.6639,157.065,1066.08,-45.7757,139.315,1080.54,-17.0284,138.117,1058.59,-57.18,116.585,1084.44,-0.874365,120.969,1044.58,-59.752,95.954,1074.34,23.7879,111.708,1072.01,-47.2001,88.3802,1083.02,-26.9266,87.7227,1063.6,-51.5183,53.2706,1089.56,-20.379,51.9466,1067.07,-58.2993,16.4783,1110.97,-13.3019,13.4695,1110.3,50.1137,102.637,1123.62,57.253,107.424,1128.9,68.3401,101.65,1117.69,60.9861,96.4388,1028.6,77.3857,130.435
001421:1061.1,-19.9724,157.026,1060.78,-23.5542,160.401,1064.12,-17.912,160.034,1063.81,-32.5096,158.012,1072.45,-17.9701,157.206,1066.72,-45.5051,139.298,1080.93,-16.4725,138.082,1061.94,-57.1735,116.121,1082.03,-0.24075,120.954,1052.65,-60.2296,94.7099,1064.8,24.9576,111.873,1076.63,-47.3728,87.6354,1087.76,-26.8559,86.9174,1066.69,-51.6469,52.5088,1093.42,-20.1717,51.1086,1068.47,-58.5871,15.8227,1113.97,-13.2828,12.7529,1104.31,53.4267,102.147,1117.02,61.283,107.356,1120.6,73.0442,101.113,1109.91,65.0122,95.541,1039.61,75.7971,128.693
001422:1061.97,-19.7123,156.755,1062.01,-23.2601,160.131,1064.68,-17.5778,159.812,1064.61,-32.0407,157.76,1070.78,-17.3319,156.928,1066.37,-44.9221,139.116,1076.22,-15.7496,138,1061.04,-56.5788,115.933,1078.28,-0.0304383,121.063,1048.03,-59.8475,94.7473,1065.88,24.3521,112.483,1072.75,-46.7702,87.9259,1081.4,-26.1338,87.238,1066.46,-51.4523,52.5389,1092.09,-19.9165,51.1597,1067.24,-58.322,15.9395,1114.94,-13.069,12.4276,1097.81,55.8957,103.163,1104.47,64.2587,109.266,1105.98,76.8246,102.787,1101.3,68.3621,96.3739,1043.65,74.7368,126.678
001423:1062.45,-19.5958,156.515,1062.91,-23.1144,159.854,1065.91,-17.3242,159.603,1067.26,-31.6862,157.368,1073.43,-16.5907,156.522,1070.63,-44.5236,138.692,1080.82,-14.8046,137.46,1067.28,-56.6578,115.703,1083.78,0.510743,120.468,1050.74,-60.23,95.1584,1071.79,23.7946,112.325,1075.81,-46.4216,87.7214,1083.93,-25.4106,86.7695,1068.87,-51.6026,52.2756,1093.44,-19.7286,50.795,1069.41,-58.3707,15.7989,1115.45,-12.9166,11.9863,1096.63,58.2156,104.058,1101.04,67.3173,110.992,1099.41,80.7547,104.261,1097.05,71.5788,97.0762,1044.48,73.188,125.11
001424:1068.46,-19.0102,156.23,1067.67,-22.6359,159.525,1069.78,-16.8751,159.187,1071.08,-31.2386,157.137,1075.53,-16.1945,156.41,1072.62,-44.1491,138.928,1084.17,-14.3932,137.549,1063.41,-56.155,116.362,1087.58,0.440526,120.775,1052.52,-59.3469,95.8612,1070.81,23.0801,111.851,1082.6,-45.8519,87.645,1090.33,-24.7604,86.7587,1070.56,-51.4673,52.2547,1098.06,-19.3212,50.324,1072.93,-58.1451,15.4645,1123.81,-12.0793,11.4332,1091.07,61.0313,105.27,1099.3,71.1223,111.854,1093.02,84.7131,105.266,1085.32,74.3651,98.2052,1045,72.4022,123.538
001425:1065.9,-18.6371,155.915,1064.86,-22.2227,159.237,1067.21,-16.5492,158.927,1068.13,-30.7664,157.034,1074.25,-15.9853,156.24,1069.23,-43.5683,139.045,1085.7,-14.5609,137.604,1059.69,-55.094,116.189,1091.18,-0.587535,120.337,1052.58,-58.556,95.3788,1071.93,21.4994,111.54,1081.44,-45.363,88.051,1091.98,-24.6135,87.0698,1068.89,-51.0235,52.4943,1100.72,-19.3165,50.2834,1071.06,-57.9773,15.5106,1125.23,-12.0618,11.0983,1081.28,61.9626,107.171,1087.02,72.0054,114.627,1077.29,86.0725,108.447,1072.21,75.8139,100.565,1049.07,71.3307,121.884
001426:1069.22,-18.2964,156.177,1068.41,-21.8761,159.474,1070.12,-16.1546,159.159,1071.05,-30.2696,157.169,1075.16,-15.3259,156.348,1072.85,-42.9216,139.149,1084.19,-13.7277,137.571,1067.94,-54.8751,116.541,1087.78,0.0371864,120.26,1065.99,-58.8687,96.1014,1070.8,21.5475,111.697,1083.72,-44.6958,87.9892,1091.86,-23.8255,86.9402,1070.73,-50.6841,52.4045,1101.48,-18.9841,50.1283,1071.18,-57.8342,15.7092,1127.48,-12.1001,10.7995,1077.59,62.1588,108.036,1082.17,71.9967,115.803,1070.71,86.0947,109.944,1067.07,76.0649,101.784,1056.75,69.9636,120.136
001427:1067.35,-17.6736,155.64,1066.43,-21.2063,158.998,1068.13,-15.5297,158.655,1069.25,-29.6607,156.891,1073.24,-14.7189,155.896,1070.92,-42.667,138.941,1084.03,-13.5345,137.235,1063.25,-54.7714,115.902,1091.49,-1.0784,119.127,1054.72,-58.0992,95.3071,1076.76,18.452,110.68,1083.7,-44.6041,87.7918,1092.32,-23.6463,86.7745,1071.1,-50.4837,52.2628,1102.91,-18.8085,49.9188,1070.27,-57.685,15.5812,1127.62,-12.1736,10.6683,1073.65,60.7213,109.909,1075.45,70.3265,118.747,1063.15,84.9125,113.427,1062.29,75.1635,104.266,1060.88,68.8765,118.46
001428:1066.95,-17.4244,155.712,1066.42,-20.9047,159.048,1067.72,-15.2209,158.658,1070.15,-29.1858,156.836,1072.89,-14.2309,155.824,1073.53,-41.9971,138.715,1083.87,-13.0107,136.999,1068.77,-54.1628,115.407,1092.03,-0.859571,118.706,1060.84,-57.6578,94.1418,1076.8,17.6706,110.284,1084.97,-44.1738,87.3289,1091.65,-23.2854,86.2817,1072.55,-50.2915,51.894,1101.16,-18.6524,49.5773,1072.15,-57.845,15.383,1127,-12.1567,10.4419,1065.34,57.6534,110.899,1066.76,67.0143,120.097,1053.34,81.3874,115.153,1052.79,71.8797,105.677,1046.92,68.523,119.63
001429:1066.96,-17.1506,155.674,1067.36,-20.5531,159.03,1069.94,-14.7799,158.734,1070.44,-28.8617,156.903,1074.75,-13.7867,155.672,1074.46,-41.5445,138.57,1082.79,-12.7574,136.964,1070.34,-53.6389,114.806,1090.98,-0.788571,118.26,1060.23,-57.3081,93.3736,1080.63,17.5146,110.457,1082.66,-43.8178,87.4921,1089.16,-23.0791,86.4167,1074.55,-49.8381,51.8516,1102.08,-18.6144,49.7442,1068.96,-57.783,15.9345,1121.84,-12.8757,10.7588,1060.64,54.0789,112.078,1059.42,62.2999,122.218,1048.77,76.4552,117.718,1051.34,68.1313,107.594,1040.73,66.0819,122.55
001430:1068.06,-17.0922,155.42,1068.34,-20.439,158.774,1071.45,-14.7232,158.367,1071.77,-28.5246,156.604,1077.62,-13.5297,155.342,1075.83,-40.9214,138.369,1087.03,-12.3945,136.6,1068.94,-52.8841,114.718,1094.35,-1.0258,117.522,1058.06,-56.3787,93.0793,1079.47,15.4537,109.743,1084.72,-43.2246,87.2307,1092.81,-22.6746,86.0133,1076.1,-49.4799,51.6853,1105.58,-18.4829,49.2537,1068.62,-57.7231,16.0801,1123.69,-13.037,10.5001,1056.29,49.055,112.627,1054.93,56.4879,122.404,1042.42,69.6406,118.735,1044.94,62.0691,108.959,1025.36,60.7851,126.854
001431:1069.61,-16.265,155.378,1069.77,-19.5693,158.718,1072.28,-13.8877,158.279,1072.15,-27.6279,156.639,1076.83,-12.7192,155.236,1075.79,-40.0128,138.622,1084.89,-11.8767,136.722,1069.85,-52.1502,115.139,1091.79,-1.51983,117.722,1061.89,-55.5476,93.4865,1079.19,13.0139,110.426,1085.38,-42.4545,87.5097,1092.05,-22.1444,86.3247,1078.19,-48.9491,51.8218,1106.25,-18.3308,49.3764,1069.86,-57.6112,16.2266,1124.44,-13.1783,10.5747,1056.11,44.5795,113.838,1053.74,51.5382,123.644,1040.99,64.0205,120.388,1044.26,56.9196,110.595,1015.17,60.2478,131.299
001432:1069.61,-15.616,155.333,1069.72,-18.9454,158.68,1072.09,-13.3059,158.175,1072.22,-27.1349,156.554,1076.79,-12.2978,155.096,1077.55,-39.621,138.308,1085.57,-11.613,136.43,1070.83,-52.016,114.413,1095.57,-1.84646,117.131,1056.93,-55.4689,91.8168,1085.33,11.0062,109.932,1087.35,-41.7515,86.8258,1093.49,-21.4761,85.6961,1079.07,-48.4805,51.4646,1107.22,-17.8414,48.901,1067.86,-57.7289,16.3966,1125,-13.2532,10.4498,1050.8,39.1585,114.229,1046.3,45.0982,123.818,1031.6,56.5358,121.404,1036.82,50.4432,111.831,998.824,59.5674,135.016
001433:1071.33,-14.9538,155.128,1071.77,-18.24,158.467,1073.9,-12.7149,157.902,1074.5,-26.4803,156.409,1079.7,-11.9526,154.82,1078.98,-38.9598,138.364,1089.04,-11.5976,136.231,1070.49,-51.1014,114.828,1099.59,-2.45896,116.78,1060.2,-54.6159,92.3898,1086.96,9.28228,109.808,1086.64,-41.1557,87.3155,1094.07,-21.3305,86.0735,1077.38,-47.9406,51.9548,1107.47,-17.9216,49.1857,1066.07,-57.4262,16.7997,1126.07,-13.3327,10.4845,1043.49,34.5063,114.726,1039.72,39.3249,123.65,1024.82,49.5722,122.1,1029.32,44.556,113.102,991.954,60.2076,137.756
001606:302.599,45.1517,1.18804
