000772:940.346,-58.2298,148.71,939.911,-61.9706,151.649,940.616,-55.9009,151.878,938.669,-69.8117,148.529,945.654,-54.8861,148.644,937.923,-79.8,128.144,954.395,-51.3463,127.875,928.064,-88.9971,104.861,969.071,-40.8368,105.328,924.227,-84.0579,84.9567,968.383,-27.4505,87.0027,943.562,-75.0155,76.006,957.388,-54.1006,75.8978,934.504,-79.4821,45.9189,976.088,-46.1214,43.7217,938.591,-94.1048,13.8472,1014.8,-47.2,8.95545,933.038,4.32215,82.092,927.01,14.143,88.7749,913.922,25.0955,82.4096,922.451,15.0922,75.7393,0,0,0
000773:941.566,-57.9403,148.803,941.232,-61.6746,151.725,941.973,-55.6269,151.935,940.453,-69.4813,148.568,947.435,-54.5863,148.651,939.94,-79.4117,128.381,956.103,-50.9396,127.907,930.402,-88.8324,105.764,969.746,-40.2626,105.706,924.917,-83.9572,86.9242,967.16,-26.6336,88.4056,944.563,-74.6228,76.29,958.314,-53.7354,76.0691,936.666,-79.5038,45.8579,978.023,-46.0855,43.5371,939.573,-93.9872,13.8049,1015.32,-46.8493,8.65812,933.904,4.56786,85.2811,929.046,13.5701,92.4119,915.922,24.7278,86.9311,923.204,15.5453,79.791,0,0,0
000774:942.956,-57.5351,149.187,942.638,-61.2937,152.096,943.33,-55.2708,152.311,942.068,-69.1772,148.846,949.114,-54.3581,148.953,942.027,-79.1214,128.579,958.36,-50.8932,128.093,931.823,-88.4323,105.956,972.111,-40.196,106.095,922.865,-83.3246,87.2823,968.947,-26.3493,89.7083,947.386,-74.5373,76.2764,961.427,-53.7607,76.0391,938.167,-79.3339,45.7353,981.344,-46.0528,43.2471,939.387,-93.9631,13.7268,1019.47,-46.8735,8.13536,934.999,5.26398,87.9558,929.62,13.6572,95.5273,915.313,25.0011,90.7258,923.183,16.4323,83.1452,0,0,0
000775:942.294,-57.4887,149.139,941.935,-61.1756,151.991,942.696,-55.1851,152.23,941.194,-68.7396,148.654,948.041,-53.9202,148.777,941.34,-78.4209,128.627,957.454,-50.3163,128.085,931.592,-87.936,106.598,972.16,-39.7773,106.607,922.748,-83.03,88.7251,971.397,-26.6747,91.4311,947.827,-74.2267,76.6752,962.075,-53.5069,76.3244,938.119,-79.2561,46.0984,983.418,-46.0291,43.3413,938.726,-93.8568,14.1544,1021.42,-46.5673,8.09875,938.225,5.20988,91.0225,932.357,13.4531,99.0539,918.124,25.1573,94.6058,926.754,16.7771,86.5363,0,0,0
000776:944.71,-57.0392,149.01,944.261,-60.7383,151.864,945.011,-54.7634,152.085,943.18,-68.3534,148.451,949.971,-53.518,148.602,942.861,-78.0244,128.414,958.72,-49.8086,127.8,933.161,-87.5402,106.635,971.434,-38.6956,106.762,922.374,-82.1031,89.3461,968.732,-24.8859,92.7049,948.979,-73.9338,76.4413,962.984,-53.1744,76.0244,939.445,-79.1008,45.7844,982.357,-45.7325,43.1166,940.045,-93.8852,13.8023,1018.42,-46.5224,8.09221,938.556,5.94788,94.0777,932.625,13.229,102.49,918.223,25.0417,98.9947,926.543,17.6204,90.5343,0,0,0
000777:947.252,-56.8759,149.141,946.807,-60.5753,151.973,947.109,-54.5746,152.202,944.927,-68.0928,148.491,950.385,-53.1827,148.675,943.562,-77.4863,128.522,957.567,-49.4809,127.908,933.096,-86.9522,107.063,970.462,-38.7765,106.972,919.293,-81.037,90.6133,971.892,-25.9122,93.5497,949.256,-73.2784,76.4468,962.14,-52.5559,76.0545,940.03,-78.6914,45.6442,983.421,-45.2687,42.9293,939.84,-93.8869,13.7372,1021.52,-46.3203,7.61248,941.179,5.48376,96.6576,932.295,12.9153,105.802,916.636,25.1686,102.441,928.053,17.6344,93.2829,0,0,0
000778:946.069,-56.2623,149.467,945.525,-59.9154,152.272,946.098,-53.9768,152.53,944.25,-67.4247,148.764,950.289,-52.598,148.909,943.802,-76.9357,128.885,959.019,-49.1261,128.219,935.51,-86.8214,107.573,973.052,-38.4962,107.727,922.373,-81.3033,91.3835,975.25,-25.9583,95.6452,949.092,-73.0857,76.9937,962.683,-52.4479,76.5138,939.492,-78.6246,45.9492,983.695,-45.1341,43.1438,939.844,-93.8768,13.745,1021.96,-45.7336,7.44975,938.962,5.94086,99.7795,928.763,12.9138,109.183,911.703,25.2347,106.345,924.503,18.1828,96.9147,0,0,0
000779:949.247,-56.243,149.144,948.539,-59.8779,151.917,948.954,-53.9096,152.184,946.23,-67.1556,148.355,951.558,-52.233,148.535,944.763,-76.3734,128.607,958.746,-48.3478,127.825,935.759,-86.3518,107.838,971.63,-37.4103,107.602,922.466,-80.9801,92.3972,975.452,-24.9743,96.2798,950.406,-72.5011,76.8493,963.682,-51.8049,76.2413,939.907,-78.2223,45.9332,984.836,-44.8739,42.8866,937.695,-93.4388,14.1433,1021.01,-45.773,7.51378,939.614,6.19847,102.684,928.641,12.3161,112.516,912.062,24.7197,110.605,925.543,18.538,100.734,0,0,0
000780:948.283,-55.2555,149.324,947.881,-58.9471,152.075,948.261,-53.0333,152.335,947.501,-66.5588,148.55,952.59,-51.838,148.679,948.06,-76.0432,128.873,961.99,-48.4714,127.928,938.396,-86.3036,108.437,977.175,-37.9039,107.725,919.944,-80.8797,93.8103,982.409,-25.3188,97.1307,952.902,-71.9206,76.9309,965.627,-51.4664,76.3572,941.653,-77.6253,45.8444,984.871,-44.5758,42.9515,940.55,-93.5724,13.7954,1021.32,-46.0239,7.46134,945.354,6.09116,105.595,932.351,11.4835,116.002,914.246,23.9832,114.859,929.937,18.5113,104.439,0,0,0
000781:949.156,-54.9693,149.398,948.789,-58.6337,152.135,949.152,-52.7253,152.38,948.086,-66.09,148.511,953.107,-51.3465,148.641,947.762,-75.3904,128.945,961.243,-47.7722,127.905,936.602,-85.5308,108.936,973.708,-36.8333,108.136,919.077,-80.3282,94.7545,973.413,-23.8621,98.6942,952.55,-71.5764,77.1581,965.722,-51.1725,76.4697,941.954,-77.4046,45.9298,986.503,-44.4449,42.8154,939.502,-93.2296,13.9259,1022.34,-45.8042,7.28868,939.737,6.45129,108.542,927.896,11.185,119.089,911.59,23.7182,118.551,926.011,18.9165,107.965,0,0,0
000782:948.609,-54.6,149.389,948.577,-58.2938,152.108,949.042,-52.4109,152.349,949.343,-65.8821,148.472,954.616,-51.1789,148.614,949.467,-75.1666,128.915,964.428,-47.6866,127.747,938.629,-85.3087,109.066,977.032,-36.8504,107.821,919.484,-79.5165,95.5484,977.605,-23.8954,98.7056,952.722,-71.0842,77.0293,966.531,-50.7373,76.2879,941.1,-76.877,45.8968,985.505,-43.9616,42.7738,939.226,-93.1532,13.936,1020.46,-45.8673,7.48981,942.865,6.12162,111.086,929.841,10.1186,122.114,914.526,22.7758,122.374,930.012,18.705,111.309,0,0,0
000783:950.411,-54.6797,149.608,950.243,-58.3404,152.297,950.927,-52.4972,152.558,950.457,-65.6863,148.53,956.297,-51.0624,148.741,949.355,-74.5019,129.079,965.313,-47.4438,128.004,936.616,-84.1011,109.455,974.789,-36.635,108.731,915.102,-77.9906,96.3694,968.311,-23.9697,101.295,954.723,-70.7219,77.2369,969.544,-50.6334,76.4086,941.807,-76.461,45.9806,987.135,-43.9972,42.7233,940.833,-93.0276,13.8397,1022.81,-46.1151,7.28362,943.439,5.58601,114.32,934.655,9.36555,125.437,920.358,22.2108,125.902,931.655,18.358,114.732,0,0,0
000784:952.98,-54.2278,149.843,953.011,-57.9399,152.493,953.473,-52.1244,152.76,953.53,-65.4356,148.591,958.343,-50.8879,148.832,952.364,-74.2004,129.102,965.135,-47.3701,127.98,937.95,-83.699,109.88,970.473,-36.5268,109.057,910.921,-76.9893,97.805,962.613,-23.8802,102.758,955.814,-70.1376,77.1116,968.572,-50.1447,76.3887,944.15,-75.996,45.6768,986.609,-43.4963,42.668,942.201,-93.2766,13.614,1023.2,-46.3284,7.24903,944.94,5.25147,117.158,937.207,8.4042,128.611,923.674,21.3672,129.63,934.17,18.1192,118.113,0,0,0
000785:959.323,-54.5401,149.996,958.584,-58.1477,152.639,958.709,-52.2969,152.908,956.013,-65.1338,148.784,960.013,-50.5506,149.035,952.013,-73.3417,129.523,966.316,-46.8751,128.223,937.717,-83.1212,110.675,981.75,-36.9258,108.781,913.525,-77.4282,98.9054,988.625,-25.4731,101.977,956.497,-69.5225,77.4937,969.822,-49.7616,76.6056,942.905,-75.3579,46.0182,987.317,-43.4508,42.7237,941.336,-92.9508,13.8501,1023.21,-46.5227,7.25262,951.978,4.29432,119.904,937.695,7.3548,131.905,921.225,20.5211,133.406,937.846,17.4279,121.431,0,0,0
000786:955.83,-53.6131,149.922,955.56,-57.3413,152.548,955.761,-51.5141,152.832,955.401,-64.7647,148.733,959.008,-50.2034,149.046,953.706,-73.1823,129.453,967.786,-46.7252,128.215,936.001,-82.2844,110.73,985.859,-36.5722,109.124,901.33,-74.6156,99.9796,994.453,-24.6535,103.173,958.402,-69.0623,77.1644,970.79,-49.2551,76.3487,944.568,-75.0015,45.6203,986.723,-43.0048,42.5102,942.531,-93.0252,13.5164,1022.43,-46.783,7.1542,954.629,3.83934,122.601,938.609,6.25512,134.931,919.224,19.3482,137.005,937.671,16.881,124.719,0,0,0
000787:960.785,-54.0576,150.073,959.893,-57.6643,152.67,959.589,-51.7322,152.974,957.216,-64.542,148.791,959.375,-49.7032,149.113,952.883,-72.4265,129.636,966.79,-45.78,128.173,935.135,-81.6725,111.541,993.439,-36.3087,108.348,900.007,-73.9496,101.992,1018.14,-25.9739,101.409,957.23,-68.5377,77.4815,969.157,-48.6104,76.5028,944.218,-74.6935,45.872,987.091,-42.7157,42.5712,940.578,-92.6647,13.9742,1022.33,-46.7208,7.2607,963.756,2.85098,124.753,941.026,5.29161,137.434,919.051,18.5686,139.901,943.749,16.1558,127.336,0,0,0
000788:960.452,-53.5291,150.118,959.582,-57.1584,152.713,959.807,-51.3747,153.009,957.052,-64.1505,148.745,960.695,-49.636,149.121,951.36,-71.853,129.795,968.11,-45.9483,128.373,933.107,-80.8031,112.24,987.132,-35.8503,109.976,901.761,-72.9527,103.369,998.099,-24.5935,105.849,957.545,-68.1997,77.6429,971.778,-48.7432,76.5987,944.553,-74.2099,45.858,988.406,-42.6033,42.5416,942.188,-92.6539,13.6549,1021.24,-46.6477,7.42717,959.662,2.52895,128.069,941.854,4.2308,140.415,925.63,17.202,143.223,945.204,15.5402,130.881,0,0,0
000789:959.004,-53.4892,150.465,958.862,-57.1321,152.988,959.496,-51.4109,153.32,958.756,-64.0207,148.717,963.114,-49.5615,149.216,952.93,-71.2369,129.894,970.9,-45.4674,128.581,928.096,-78.9771,113.422,983.998,-34.0243,111.983,886.909,-69.5844,106.384,985.202,-21.9066,111.071,958.395,-67.9514,78.0106,973.184,-48.6211,76.8581,945.187,-74.1249,46.0424,989.089,-42.6367,42.6012,943.164,-92.5925,13.77,1022.92,-46.7568,7.33384,957.174,1.93704,131.951,944.524,2.73038,143.624,931.61,15.1507,146.891,945.946,14.4257,135.059,0,0,0
000790:961.693,-53.3205,150.686,961.155,-56.9694,153.191,961.936,-51.2422,153.563,960.283,-63.887,148.96,965.302,-49.4939,149.441,953.658,-70.9306,130.157,975.938,-45.8493,128.721,926.428,-78.2885,113.9,1000.56,-35.9481,111.227,885.609,-68.4765,107.654,1009.86,-25.2202,109.729,960.037,-67.4076,78.0714,976.95,-48.3602,76.8206,944.153,-73.4196,46.2103,991.2,-42.3682,42.5999,941.384,-92.0709,14.0459,1022.72,-46.6125,7.4961,962.018,0.373909,133.811,945.207,1.51493,146.204,928.319,14.3673,149.418,946.967,13.3024,136.99,0,0,0
000791:961.066,-52.5886,151.024,960.734,-56.296,153.558,961.384,-50.6162,153.875,960.107,-63.3335,149.311,964.756,-49.0514,149.822,953.797,-70.526,130.536,973.327,-45.1598,129.135,928.242,-78.0368,114.199,990.422,-33.8865,112.733,891.544,-68.8417,107.435,991.923,-21.6305,112.937,960.047,-67.0622,78.3074,975.65,-48.0099,77.1387,946.041,-73.0825,46.1398,990.779,-42.0249,42.644,942.477,-91.8888,13.8369,1022.19,-46.5382,7.54748,957.082,0.801951,137.06,947.687,0.172728,148.905,934.926,12.2046,153.379,945.88,12.8511,141.369,0,0,0
000792:957.014,-51.8825,151.302,957.399,-55.6327,153.819,958.209,-50.0117,154.132,959.817,-62.9268,149.524,965.195,-48.7578,150.016,955.338,-70.3136,130.695,977.193,-45.2981,129.218,928.417,-77.6937,114.44,996.622,-34.5425,112.714,890.809,-68.1687,108.14,994.544,-22.5218,113.482,959.53,-66.7461,78.5524,976.414,-47.9085,77.341,945.487,-72.6097,46.3165,991.262,-41.8281,42.818,941.812,-91.5571,13.9449,1021.17,-46.4806,7.85884,959.346,-0.30858,139.444,951.308,-1.34332,151.588,940.56,10.7508,156.493,950.371,11.7836,144.159,0,0,0
000793:962.218,-51.791,151.582,962.406,-55.5719,154.098,962.937,-49.9297,154.404,963.268,-62.7664,149.754,967.599,-48.586,150.272,955.974,-69.7591,131.11,976.272,-44.916,129.52,927.963,-76.7857,115.262,989.99,-33.9172,113.367,889.172,-67.2184,109.664,985.862,-21.9704,114.871,960.836,-66.1718,78.9326,976.567,-47.4806,77.716,948.5,-72.1537,46.3477,991.741,-41.6917,42.9867,944.461,-91.3784,13.8796,1021.76,-46.7352,7.94629,960.298,-1.07757,141.802,953.421,-2.94091,153.721,945.379,8.62876,159.308,953.524,10.5189,147.158,0,0,0
000794:970.362,-51.6634,151.799,969.995,-55.4574,154.369,970.261,-49.807,154.639,967.609,-62.5762,150.159,971.723,-48.4609,150.645,956.165,-69.2905,131.677,977.352,-44.7843,129.818,924.121,-75.5388,116.418,991.283,-33.9141,113.46,883.366,-64.7776,112.134,987.534,-21.9746,115.033,963.103,-66.0579,78.9584,979.277,-47.499,77.6896,951.326,-71.9718,46.1904,994.172,-41.4154,42.8609,947.991,-91.6819,13.4676,1023.56,-46.7557,7.85113,962.539,-1.96893,143.918,954.872,-4.4561,155.923,946.284,6.89586,162.105,954.77,9.45902,149.886,0,0,0
000795:968.975,-51.2141,152.133,969.057,-55.0978,154.694,969.353,-49.4499,154.985,967.92,-62.4353,150.423,972.254,-48.2561,150.958,955.813,-69.0196,131.821,978.78,-44.7411,129.98,918.205,-74.0857,116.339,992.457,-34.3289,113.261,872.494,-61.8394,112.571,986.691,-23.0254,115.057,962.513,-65.6443,79.0562,979.373,-47.1779,77.7746,951.057,-71.4246,46.146,994.154,-41.0969,42.8628,947.621,-91.2067,13.3569,1022.84,-46.7471,7.9034,965.341,-3.675,146.495,958.463,-6.60646,159.012,950.643,4.85229,165.688,958.708,7.83912,152.956,0,0,0
000796:976.55,-51.9283,152.216,976.099,-55.7763,154.738,975.764,-50.0212,155.105,971.724,-62.6137,150.264,974.207,-48.2377,150.945,957.378,-68.7066,131.633,975.037,-43.7412,130.033,920.393,-73.973,116.822,986.118,-32.0026,114.526,874.272,-61.7214,114.13,986.293,-20.8524,117.773,963.356,-65.2807,79.3716,977.441,-46.5337,78.2113,952.329,-70.9852,46.3828,993.026,-40.5253,43.2476,948.301,-91.085,13.4441,1023.52,-46.7681,7.98966,967.46,-4.07677,149.431,959.994,-7.91699,161.225,952.274,2.79755,168.576,960.414,6.73764,156.504,0,0,0
000797:974.708,-51.1099,152.742,974.676,-55.1008,155.247,974.581,-49.3133,155.64,972.114,-62.2989,150.69,974.536,-47.7597,151.406,958.202,-68.4026,131.91,977.056,-43.2468,130.342,916.546,-72.6924,117.422,989.021,-31.0819,115.313,864.526,-58.7966,115.919,988.981,-20.0159,119.865,964.429,-64.7284,79.323,978.7,-45.8041,78.1424,953.772,-70.6541,46.0936,993.934,-39.9601,42.9845,949.29,-90.7735,13.1098,1024.08,-46.601,7.58766,971.963,-5.03244,152.247,964.527,-9.91269,163.91,957.498,0.185468,172.018,965.652,5.2008,160.053,0,0,0
000798:972.741,-50.2482,153.051,972.988,-54.2805,155.552,972.849,-48.5665,155.951,972.416,-61.7876,151.045,974.176,-47.4385,151.728,961.706,-68.3395,132.299,979.156,-43.4598,130.732,922.787,-72.8783,117.829,994.506,-31.6727,115.923,869.959,-58.6173,116.782,995.264,-20.6344,121.249,967.824,-64.6621,79.6835,980.775,-45.9147,78.6896,957.528,-70.1715,46.1304,995,-39.7717,43.4138,951.23,-90.3504,12.9421,1022.91,-46.4774,8.12443,974.507,-6.11319,154.598,966.316,-11.3778,166.301,955.823,-1.37086,174.692,964.7,3.99501,162.68,0,0,0
000799:969.234,-49.9389,153.575,970.92,-53.9311,155.961,971.654,-48.1744,156.481,969.846,-61.5341,151.426,973.112,-47.1081,152.196,960.504,-67.9944,132.785,977.428,-43.1076,131.78,922.633,-72.6774,117.372,990.603,-31.3641,117.336,871.963,-59.1501,115.57,1000.4,-19.7533,122.854,965.928,-63.9029,80.2727,978.982,-45.2569,79.3977,954.008,-69.3226,46.513,993.971,-39.2589,43.5138,951.943,-89.6012,12.381,1023.39,-46.2333,7.67845,980.3,-7.01534,156.901,972.837,-13.0563,168.384,965.094,-3.42151,177.934,976.719,3.07152,166.101,0,0,0
000800:970.335,-49.2546,153.846,972.144,-53.2911,156.21,973.352,-47.6689,156.734,971.622,-61.1617,151.613,976.456,-47.1331,152.386,961.425,-67.5207,133.076,983.595,-43.9046,131.888,919.566,-71.2877,117.857,1001.1,-33.0059,117.064,869.658,-57.3403,116.695,1007.35,-21.0149,122.779,967.549,-63.5859,80.5467,983.208,-45.6287,79.5751,956.673,-68.7535,46.4842,996.756,-39.3066,43.6491,954.949,-89.5413,12.1234,1023.01,-46.1719,8.07903,982.521,-8.58976,159.111,974.536,-14.8933,170.874,966.024,-5.21725,180.666,978.146,1.52091,168.536,0,0,0
000801:968.961,-49.0711,154.165,971.151,-53.115,156.514,973.815,-47.3671,157.083,973.607,-60.9091,151.514,979.493,-46.7129,152.31,962.103,-67.3921,133.264,987.27,-43.4741,132.012,919.538,-71.3624,118.453,1003.88,-32.4642,117.134,871.95,-56.971,118.796,1002.17,-21.4291,122.847,970.205,-63.4044,80.333,986.785,-45.3098,79.5001,957.261,-68.5544,46.2669,998.641,-39.0214,43.3384,955.759,-89.4313,12.2669,1023.28,-46.2343,8.0921,976.879,-10.6185,161.919,972.482,-17.3314,173.055,963.451,-8.41602,183.237,969.917,-1.45801,171.776,0,0,0
000802:974.757,-49.7479,154.665,976.609,-53.7819,156.994,978.44,-47.9151,157.634,976.668,-61.2116,151.905,980.379,-46.7269,152.832,963.89,-67.2852,133.576,983.093,-42.7114,132.631,922.133,-71.1018,118.805,997.958,-31.5162,117.967,874.312,-56.2406,119.905,1004.6,-21.7654,123.819,970.543,-62.8931,80.8478,983.855,-44.4855,80.2275,958.185,-67.9079,46.5503,997.73,-38.5323,43.7817,953.887,-88.5426,12.6264,1022.79,-46.2181,8.29824,979.497,-12.2009,163.761,974.772,-19.115,174.759,965.012,-10.3171,185.109,971.81,-3.16248,173.784,0,0,0
000803:974.507,-49.1443,154.855,976.597,-53.2454,157.18,978.714,-47.4906,157.799,977.341,-60.8621,152.142,981.928,-46.7,153.105,963.414,-66.729,134.008,985.869,-43.086,133.058,915.772,-69.432,119.523,1000.94,-32.0126,118.734,862.332,-54.0738,121.042,1004.62,-21.501,125.06,971.087,-62.4792,81.182,985.879,-44.6342,80.5604,958.25,-67.2725,46.8182,997.773,-38.5052,44.1133,953.816,-88.0241,12.8765,1022.22,-46.1728,8.7633,980.74,-13.3645,165.774,977.775,-20.9482,176.573,969.716,-12.6923,187.376,974.435,-4.84878,176.195,0,0,0
000804:975.273,-49.2026,155.201,977.328,-53.3089,157.498,979.286,-47.5669,158.121,978.022,-60.7355,152.362,982.646,-46.6581,153.401,963.81,-66.1838,134.338,986.61,-42.8285,133.399,913.632,-67.9464,120.63,1001.98,-31.3301,119.772,858.757,-51.7647,123.642,1006.56,-20.8753,127.282,972.647,-62.276,81.4432,987.115,-44.6005,80.8113,960.655,-66.9771,46.8634,998.422,-38.4542,44.2453,956.31,-87.7004,12.7902,1022.98,-46.3586,8.82043,982.279,-14.5274,167.928,980.153,-22.8849,178.186,970.769,-15.236,189.463,974.548,-6.55103,178.792,0,0,0
000805:976.37,-48.9124,155.754,978.651,-53.0835,158.044,980.639,-47.3953,158.661,980.04,-60.7046,152.842,985.345,-46.7766,153.913,965.573,-66.1207,134.804,991.369,-43.2694,133.881,915.89,-67.769,121.091,1010.2,-32.0721,120.342,864.987,-51.9196,124.268,1012.93,-21.5239,128.395,973.289,-61.9137,81.9264,989.373,-44.6053,81.2683,960.94,-66.279,47.1635,998.943,-38.4214,44.6326,960.641,-87.3659,12.4705,1023.08,-46.5037,9.13286,983.817,-16.1601,169.856,981.032,-24.9958,179.871,972.326,-17.8185,191.525,976.727,-8.65679,181.05,0,0,0
000806:974.867,-48.1676,155.828,977.285,-52.4289,158.108,980.02,-46.915,158.692,979.655,-60.3473,152.95,987.475,-46.9389,154.034,964.656,-65.6584,135.161,996.073,-43.9508,134.127,914.536,-66.7282,122.204,1012.68,-32.4423,121.479,869.684,-50.9398,126.323,1006.91,-20.7335,130.677,971.958,-61.3407,82.1516,991.197,-44.7138,81.3937,960.582,-65.7057,47.245,1000.12,-38.2925,44.691,961.547,-87.216,12.4331,1021.09,-46.2805,9.49355,984.993,-17.5557,171.779,985.753,-27.3796,181.112,981.589,-21.3656,193.332,982.283,-11.1428,183.413,0,0,0
000807:978.069,-48.3017,156.005,980.08,-52.5392,158.323,982.67,-47.0222,158.881,980.863,-60.2169,153.325,988.451,-46.8824,154.428,965.147,-65.3401,135.753,995.47,-43.7369,134.868,918.791,-66.8562,123.001,1011.58,-32.3533,123.033,879.507,-52.0199,127.049,1009.5,-21.2373,132.923,972.145,-60.9579,82.5372,990.935,-44.4928,81.8767,959.803,-65.1086,47.569,999.433,-38.1658,44.9928,961.371,-86.4566,12.6395,1019.64,-46.0837,9.89225,988.129,-19.2641,173.754,988.027,-29.3869,182.526,985.581,-24.0958,194.949,986.973,-13.512,185.613,0,0,0
000808:976.61,-47.821,156.292,978.91,-52.1556,158.569,981.672,-46.7367,159.14,981.004,-60.0934,153.472,989.248,-47.0715,154.645,965.492,-64.9946,135.931,998.292,-44.3308,135.026,918.589,-65.6891,123.698,1012.35,-32.9534,123.465,879.642,-50.3336,128.996,1005.96,-21.2039,133.745,973.115,-60.4308,82.4663,992.939,-44.4787,81.8162,961.162,-64.4755,47.3374,1000.12,-37.9677,44.9084,965.121,-86.4015,12.138,1021.53,-46.3544,9.67084,986.837,-20.2721,175.343,988.091,-30.9812,183.832,986.307,-26.2029,196.568,986.336,-15.005,187.461,0,0,0
000809:976.871,-47.5964,156.458,979.201,-51.9638,158.739,982.11,-46.6078,159.298,981.51,-59.9193,153.773,990.228,-47.1266,154.97,964.868,-64.574,136.569,1000.12,-44.6067,135.719,914.282,-64.6179,125.037,1013.77,-33.4503,124.906,872.398,-49.0982,131.051,1006.24,-21.7332,135.925,973.975,-60.0984,82.9779,994.207,-44.5407,82.4189,963.591,-63.9652,47.5704,999.733,-37.8636,45.449,968.189,-85.8903,12.1866,1018.71,-46.1762,10.4991,987.142,-22.0436,177.346,988.913,-32.9976,185.185,989.425,-29.0436,197.884,988.505,-17.5288,189.394,0,0,0
000810:976.88,-47.1241,156.833,979.036,-51.5237,159.113,982.247,-46.2109,159.657,980.575,-59.5466,154.223,990.88,-46.9341,155.365,963.1,-64.1935,137.155,1002.3,-44.7135,136.182,913.29,-64.152,126.213,1017.13,-33.8549,125.694,872.333,-48.5774,133.193,1010.41,-22.5354,137.391,974.254,-59.8267,83.2986,996.446,-44.5506,82.6709,962.605,-63.3711,47.781,998.968,-37.8449,45.6768,970.319,-85.2091,11.956,1019.58,-46.3721,10.4848,989.097,-23.7184,179.287,989.749,-35.0009,186.842,990.547,-31.4985,199.743,990.408,-19.6335,191.526,0,0,0
000811:977.814,-47.0774,157.059,979.961,-51.5208,159.299,983.329,-46.3031,159.871,981.089,-59.5123,154.343,992.19,-47.2568,155.572,962.143,-63.5535,137.403,1004.25,-45.2437,136.523,909.247,-62.1362,127.15,1018.76,-34.4881,126.614,868.153,-46.0603,135.436,1011.15,-22.9906,139.056,975.226,-59.2565,83.4365,998.524,-44.5524,82.8098,964.986,-62.9318,47.7141,999.984,-37.7597,45.7645,974.391,-85.2097,11.7235,1019.42,-46.4944,10.5979,991.665,-25.2415,180.874,993.762,-36.9901,187.998,996.306,-34.1365,201.051,994.559,-21.7359,193.224,0,0,0
000812:978.272,-47.2307,157.25,980.473,-51.6707,159.489,983.883,-46.4232,160.066,981.138,-59.4322,154.602,993.007,-47.1451,155.81,960.332,-63.0058,137.79,1005.16,-44.9318,136.791,904.562,-60.7012,128.111,1020.48,-34.4799,126.787,862.629,-44.1166,137.567,1013.86,-23.967,139.407,973.178,-58.8925,83.8115,997.58,-44.2706,83.0506,963.934,-62.6781,47.8848,999.604,-37.7945,45.7784,974.99,-84.5926,11.6535,1020.57,-46.5726,10.2467,993.38,-27.0617,181.937,995.568,-39.1238,188.932,998.588,-36.5489,202.223,996.583,-23.7952,194.535,0,0,0
000813:975.999,-46.764,157.775,977.943,-51.1751,159.963,982.461,-46.097,160.575,979.095,-58.9746,154.96,994.189,-47.1609,156.231,957.293,-62.2111,138.203,1010.49,-45.4895,137.248,896.786,-58.6859,128.737,1029.25,-35.3803,127.321,854.896,-41.7456,138.744,1014.2,-24.3855,140.492,972.258,-58.4083,84.5647,1001.49,-44.5708,83.633,960.175,-61.5748,48.7148,999.881,-37.7889,46.4474,973.376,-83.428,12.2133,1018.58,-46.3907,11.0066,993.179,-28.4763,183.021,996.097,-40.6754,189.727,999.002,-38.3912,202.955,996.5,-25.5343,195.483,0,0,0
000814:978.469,-47.0785,157.7,980.019,-51.4771,159.924,982.901,-46.1639,160.532,979.508,-59.0053,155.136,989.923,-46.5451,156.382,961.187,-62.702,138.356,1000.73,-43.9334,137.671,913.922,-61.1993,128.61,1016.81,-33.8021,128.115,878.295,-44.9072,138.57,1017.36,-25.1861,141.293,974.555,-58.2687,84.7333,996.103,-43.3678,84.2051,964.486,-61.5533,48.6308,998.499,-37.316,46.7057,971.836,-82.5037,12.5058,1015.99,-46.2873,11.2791,995.174,-30.0647,184.127,996.031,-42.2607,190.769,997.33,-39.9624,204.066,996.881,-27.1131,196.74,0,0,0
000815:978.806,-46.812,157.982,980.271,-51.1956,160.197,983.644,-45.9304,160.787,979.686,-58.7152,155.364,991.492,-46.3934,156.581,960.637,-62.4233,138.561,1002.96,-43.9555,137.82,911.935,-60.9409,129.015,1018.41,-33.8704,128.441,876.954,-45.0362,139.191,1015.03,-25.3347,141.993,974.301,-58.1399,84.7971,997.633,-43.4838,84.208,963.435,-61.0737,48.6881,999.362,-37.3737,46.6507,971.934,-81.7276,12.4312,1017.41,-46.3001,11.1945,996.556,-31.7389,185.054,998.95,-44.2772,191.535,1001.19,-42.3081,205.055,999.175,-29.1048,197.86,0,0,0
000816:979.219,-46.7195,157.985,980.505,-51.1261,160.212,983.787,-45.8771,160.779,980.083,-58.6882,155.526,991.066,-46.3161,156.736,962.105,-62.4771,138.8,1002.85,-43.87,138.101,917.908,-61.3494,129.33,1019.84,-34.1838,128.687,886.16,-45.7388,139.886,1020.74,-26.3964,141.951,975.738,-57.8528,84.8193,997.847,-43.1779,84.3433,964.539,-60.5403,48.6919,998.145,-37.1965,46.8674,973.434,-80.5872,12.4343,1016.05,-46.1486,11.5399,1000.16,-33.8961,186.114,1000.57,-46.4853,192.437,1000.98,-44.6603,205.947,1001.1,-31.4325,198.961,0,0,0
000817:981.492,-46.8106,158.142,982.205,-51.18,160.393,984.86,-45.7998,160.958,980.147,-58.5552,155.8,989.304,-45.8203,157.006,963.504,-62.6623,139.051,998.625,-42.9694,138.684,927.786,-63.2048,129.286,1017.12,-33.4977,130.091,903.8,-48.8352,139.301,1026.59,-27.5411,144.296,976.235,-57.6531,85.1973,995.493,-42.4732,84.9164,965.249,-60.2682,48.8383,998.193,-37.0091,47.0398,971.584,-79.6531,12.577,1015.14,-46.0966,11.4957,1000.68,-35.7041,187.163,998.953,-47.9527,193.079,997.842,-46.3118,206.181,1000.24,-33.4589,199.673,0,0,0
000818:979.522,-46.4742,158.42,980.503,-50.8716,160.659,983.674,-45.5784,161.2,979.824,-58.3917,156,990.164,-45.8675,157.206,962.874,-62.4208,139.206,1000.72,-43.2676,138.721,922.591,-62.2369,129.615,1019.62,-33.6466,129.774,893.98,-47.3952,140.1,1024.46,-27.1272,143.591,974.624,-57.4919,85.3314,995.19,-42.7035,85.0223,963.07,-59.5833,49.0823,996.349,-36.9787,47.3592,972.937,-78.9023,12.5425,1015.88,-46.1757,11.76,1002.36,-37.2047,187.446,1002.79,-50.0168,193.13,1001.98,-48.8496,206.625,1002.28,-35.4176,200.304,0,0,0
000819:980.819,-46.7286,158.519,981.494,-51.1034,160.756,984.206,-45.6879,161.318,980.351,-58.4126,156.097,989.064,-45.5087,157.357,964.024,-62.3015,139.23,998.715,-42.4321,139.038,927.97,-62.3004,129.228,1018.49,-32.9689,130.312,904.468,-47.6586,139.525,1026.87,-27.8955,144.53,975.6,-57.1843,85.4961,994.553,-42.0511,85.2524,964.316,-59.3188,49.1293,996.3,-36.8313,47.4235,974.37,-77.9875,12.5382,1014.63,-46.0416,11.8253,1004,-39.1012,188.014,1003.06,-51.8347,193.461,1001.45,-50.8326,206.884,1003.14,-37.4689,200.845,0,0,0
000820:980.749,-46.4005,158.894,981.41,-50.8437,161.115,984.023,-45.4815,161.662,979.948,-58.3098,156.458,988.332,-45.5915,157.727,964.543,-62.2622,139.694,996.679,-42.7009,139.624,933.619,-62.6282,130.246,1016.21,-32.9758,131.866,914.256,-48.3899,141.302,1028.65,-27.7509,146.956,974.61,-56.8557,85.8361,992.229,-41.9515,85.7604,963.356,-58.8577,49.3704,994.095,-36.6473,47.8415,974.274,-77.6936,12.6331,1015.52,-46.1453,11.8598,1007.69,-40.904,189.268,1006.33,-53.8898,193.917,1004.82,-53.7582,207.192,1007.24,-40.1388,201.966,0,0,0
000821:982.888,-46.3865,159.072,983.531,-50.8426,161.285,986.329,-45.499,161.83,981.931,-58.2629,156.65,990.78,-45.6309,157.911,965.638,-62.043,139.897,998.835,-42.7046,139.783,932.292,-62.0856,130.984,1017.77,-33.0062,132.13,910.798,-47.7764,142.919,1028.56,-28.1646,147.263,975.308,-56.5416,85.9214,993.263,-41.7608,85.8416,963.912,-58.4522,49.4143,995.283,-36.5147,47.8411,973.998,-76.9761,12.7819,1015.07,-46.0541,11.9312,1007.76,-42.4429,189.47,1006.69,-55.6197,193.806,1003.75,-55.7643,207.015,1006.02,-41.969,202.124,0,0,0
000822:983.185,-46.4092,159.284,983.41,-50.8101,161.512,985.828,-45.3448,162.026,980.826,-58.0831,156.838,988.255,-45.0651,158.065,966.613,-62.2757,139.973,995.329,-41.8643,140.052,942.818,-64.2417,130.722,1017.96,-32.3689,132.899,929.911,-51.4279,141.997,1037.76,-29.1724,148.697,976.115,-56.6273,85.9788,992.039,-41.3288,85.9809,964.005,-58.5121,49.4879,994.402,-36.365,47.9109,973.155,-76.5107,12.9204,1015.18,-45.8219,11.9156,1011.4,-44.3429,189.882,1007.37,-57.1599,193.862,1003.37,-57.4443,206.833,1008.7,-44.0263,202.37,0,0,0
000823:982.719,-46.1484,159.367,982.791,-50.5529,161.594,985.64,-45.1436,162.085,980.087,-57.8555,156.971,988.601,-44.9808,158.157,964.885,-61.9281,140.225,996.833,-41.9792,140.224,938.852,-63.5617,131.547,1020.59,-32.5517,133.457,925.911,-50.8351,143.391,1038.97,-29.4686,149.67,975.954,-56.4989,86.026,993.356,-41.4206,85.9592,963.898,-58.4028,49.4983,994.407,-36.3586,47.8947,974.344,-76.3097,12.8278,1014.72,-45.7015,11.8929,1013.26,-45.8699,190.017,1010.23,-58.9167,193.444,1007.37,-59.8933,206.342,1011.63,-46.2036,202.441,0,0,0
000824:984.843,-46.4151,159.646,984.776,-50.8412,161.875,987.693,-45.4062,162.382,981.474,-58.1397,157.187,989.915,-45.1628,158.452,965.884,-62.1039,140.331,997.11,-41.961,140.553,942.42,-63.9767,131.167,1020.48,-32.3888,133.808,934.698,-51.7187,142.425,1039.55,-29.6898,149.913,975.02,-56.2057,86.2483,992.529,-41.105,86.2127,962.525,-58.0762,49.7234,994.351,-36.1809,48.0475,972.736,-76.1715,13.0792,1015.69,-45.8807,11.8454,1013.21,-46.9454,189.774,1011.02,-60.0554,192.73,1007.93,-61.5568,205.539,1011.46,-47.8047,202.111,0,0,0
000825:984.51,-46.3456,159.636,984.674,-50.8035,161.855,987.783,-45.4008,162.37,982.305,-58.164,157.175,990.807,-45.1974,158.457,966.699,-61.9562,140.33,999.277,-41.9909,140.544,940.208,-63.2017,131.476,1024.89,-32.5945,133.594,928.939,-50.4874,143.497,1044.68,-30.325,149.453,976.399,-55.9422,86.224,994.214,-40.8752,86.1472,963.953,-57.9291,49.6373,995.242,-36.0171,47.9777,973.243,-75.9295,13.0933,1015.92,-45.8264,11.6887,1016.61,-48.7099,189.705,1014.24,-61.9959,192.425,1011.31,-63.7996,205.272,1014.98,-49.8442,202.069,0,0,0
000826:986.042,-46.3155,159.848,986.1,-50.7693,162.073,988.797,-45.2931,162.562,983.104,-58.1234,157.317,990.579,-44.9526,158.587,967.955,-62.1525,140.37,997.066,-41.6244,140.702,946.911,-64.6502,131.461,1020.53,-32.0406,134.26,940.036,-52.9315,143.22,1042.08,-30.4607,150.613,975.772,-55.9529,86.2198,992.028,-40.6516,86.2332,963.183,-57.8804,49.6225,993.453,-35.8158,48.0296,972.616,-75.8451,13.048,1014.85,-45.6641,11.6991,1014.23,-49.9507,189.508,1010.72,-63.0644,191.752,1008.41,-65.2969,204.393,1013.28,-51.5151,201.703,0,0,0
000827:984.937,-46.3657,159.764,985.004,-50.7987,161.989,988.174,-45.3622,162.493,982.775,-58.0607,157.312,990.904,-44.9106,158.637,967.159,-61.6894,140.478,999.038,-41.48,140.915,941.294,-62.8423,131.661,1025.08,-32.1683,134.486,930.199,-50.1019,143.796,1044.84,-31.0848,150.924,976.566,-55.8277,86.4814,994.19,-40.6118,86.4159,963.181,-57.7864,49.8995,995.052,-35.735,48.139,972.778,-75.6374,13.3278,1016.46,-45.5746,11.6589,1019.22,-51.9631,189.258,1017.18,-65.3301,191.163,1014.55,-67.8993,203.771,1017.89,-53.834,201.395,0,0,0
000828:988.482,-46.4996,160.009,988.65,-50.9438,162.237,991.738,-45.4924,162.709,985.993,-58.2607,157.434,994.093,-45.1029,158.728,970.297,-62.1207,140.448,1000.56,-41.604,140.925,946.581,-64.6619,131.709,1024.57,-31.6618,134.771,936.913,-53.5286,143.47,1044.89,-30.5573,151.041,977.453,-55.7418,86.5414,994.455,-40.4914,86.4974,962.7,-57.6391,50.1295,994.62,-35.6911,48.3804,972.264,-75.6186,13.6638,1016.86,-45.5741,11.8311,1021.06,-53.3958,188.846,1019.31,-66.8541,190.134,1017.3,-70.1648,202.709,1020.55,-56.0237,200.975,0,0,0
000829:988.96,-46.6529,160.203,989.449,-51.1402,162.449,992.836,-45.633,162.921,987.781,-58.4951,157.673,995.882,-45.1261,158.967,970.863,-62.2574,140.583,1002.91,-41.3823,141.114,942.484,-64.8471,132.099,1028.5,-31.326,135.097,930.019,-53.8526,144.058,1048.55,-31.0884,151.525,976.588,-55.4858,86.475,993.964,-40.019,86.3655,963.558,-57.7938,49.8815,994.19,-35.5578,48.1151,972.543,-75.7857,13.4511,1015.72,-45.7233,11.4427,1020.3,-54.6177,187.912,1018.92,-67.998,188.689,1018.35,-71.9139,201.034,1021.13,-57.7977,199.836,0,0,0
000830:987.402,-46.752,160.397,987.788,-51.1659,162.647,991.478,-45.6165,163.107,986.819,-58.35,157.808,995.456,-44.8883,159.087,971.025,-62.1869,140.611,1004.22,-40.9699,141.193,943.606,-65.4687,132.191,1030.5,-30.5714,135.492,932.922,-55.3009,143.929,1047.53,-30.7511,152.32,977.895,-55.6462,86.4778,996.31,-40.0084,86.2752,963.243,-57.9401,49.9888,995.762,-35.4736,47.9884,972.33,-75.9255,13.5237,1016.28,-45.4377,11.31,1025.1,-55.8458,187.529,1025.34,-69.436,187.873,1025.12,-73.7842,200.272,1026.33,-59.4355,199.509,0,0,0
000831:988.783,-46.8994,160.666,988.868,-51.3355,162.888,992.664,-45.7528,163.379,986.381,-58.5133,157.974,995.366,-45.014,159.292,968.834,-62.2285,140.796,1003.4,-40.91,141.484,937.499,-65.4638,132.926,1030.57,-30.1086,136.123,922.937,-55.1175,145.27,1048.74,-30.4626,153.16,979.543,-55.5591,86.763,998.497,-39.8277,86.5721,963.806,-57.8239,50.206,996.785,-35.2895,48.2041,971.932,-76.0836,13.7372,1017.19,-45.5942,11.2847,1026.51,-56.8595,187.115,1027.88,-70.4308,186.826,1025.94,-75.2097,198.852,1026.18,-60.9022,198.7,0,0,0
000832:989.705,-46.8598,160.757,990.037,-51.312,163.001,993.756,-45.7342,163.46,988.125,-58.5661,158.032,996.703,-45.0152,159.338,970.32,-62.1984,140.714,1004.09,-40.8945,141.528,939.047,-65.369,132.633,1030,-29.7685,136.512,925.928,-55.4143,144.453,1049.26,-30.2172,153.799,978.058,-55.3623,86.483,996.515,-39.6446,86.3018,964.37,-58.0646,49.843,996.406,-35.2916,47.8282,972.414,-76.3027,13.5038,1016.63,-45.4521,10.9218,1028.3,-57.6555,186.246,1029.36,-71.3523,185.264,1030.06,-77.0937,197.26,1030.53,-62.5919,197.839,0,0,0
000833:989.877,-46.4346,160.952,990.217,-50.9668,163.173,994.161,-45.4394,163.628,988.558,-58.584,158.071,997.515,-45.1663,159.39,970.555,-62.3117,140.754,1005.07,-41.366,141.548,937.295,-65.1521,133.048,1029.66,-29.7099,136.602,922.258,-54.6607,145.343,1046.04,-29.1888,153.61,978.896,-55.2687,86.5717,997.75,-39.759,86.4146,964.318,-57.8847,50.0238,997.108,-35.2016,48.0732,971.122,-76.4687,13.9356,1016.86,-45.5014,11.2656,1026.75,-57.8984,185.199,1029.25,-71.5663,183.546,1029.26,-77.9886,195.126,1028.49,-63.5092,196.335,0,0,0
000834:993.192,-46.3609,161.15,993.524,-50.9482,163.387,997.427,-45.3555,163.809,991.366,-58.7477,158.268,999.942,-45.1314,159.552,972.277,-62.5996,140.914,1006,-41.1973,141.866,938.068,-65.6893,133.32,1029.3,-28.9764,137.527,921.616,-55.3771,145.225,1045.01,-28.5937,154.994,980.121,-55.1405,86.6582,998.379,-39.3527,86.5447,965.248,-58.0901,50.1403,997.279,-35.005,48.2219,971.698,-76.3793,14.2495,1016.83,-45.1397,11.3361,1025.19,-58.0151,184.454,1027.4,-71.3244,182.055,1027.6,-78.4741,192.953,1027.14,-64.3588,194.961,0,0,0
000835:992.892,-45.981,161.579,993.227,-50.5793,163.828,997.156,-44.9998,164.255,990.92,-58.4347,158.649,999.352,-44.841,159.963,970.552,-62.0238,141.26,1005.09,-40.9939,142.283,930.606,-64.3267,133.814,1027.97,-28.7106,138.065,908.98,-53.5236,145.812,1043.08,-28.2724,155.575,980.273,-54.7995,86.67,998.811,-39.1893,86.5379,965.774,-57.9437,49.9536,998.884,-34.9782,47.9002,970.411,-76.7367,14.1684,1018.27,-45.6602,10.8168,1029.13,-59.0505,183.761,1033.55,-72.5551,180.579,1034.45,-80.5583,191.261,1031.7,-66.1706,194.036,0,0,0
000836:992.871,-46.4023,161.745,993.49,-50.9684,164.023,996.926,-45.2176,164.423,991.826,-58.6265,158.916,998.873,-44.6391,160.14,974.321,-62.6662,141.378,1002.73,-40.1194,142.337,941.25,-66.6014,134.034,1022.99,-26.9603,138.064,922.132,-56.3815,146.105,1038.44,-27.2239,155.447,981.014,-55.1987,86.927,996.598,-38.8377,86.8323,966.423,-58.4008,50.2379,997.829,-34.9915,48.199,971.678,-76.5876,14.327,1018.55,-45.4234,10.8496,1033.95,-59.3101,182.076,1039.27,-72.7589,178.908,1038.45,-80.583,189.558,1035.01,-66.2993,192.344,0,0,0
000837:992.448,-46.4763,161.672,992.923,-51.0329,163.932,996.617,-45.2573,164.335,991.211,-58.6737,158.776,998.747,-44.6796,159.995,973.361,-62.7106,141.309,1002.51,-39.9882,142.35,938.935,-66.8501,134.452,1020.84,-25.9982,138.64,919.894,-56.7107,146.769,1033.04,-25.8753,156.394,980.93,-55.1825,87.1861,996.725,-38.7666,87.0946,967.132,-58.4664,50.4483,997.523,-35.0387,48.4866,972.096,-76.6741,14.5509,1016.51,-45.4332,11.197,1032.86,-59.2142,181.134,1039.4,-72.4515,177.254,1039.42,-80.8883,187.391,1034.95,-66.8121,190.884,0,0,0
000838:990.536,-46.133,161.885,991.379,-50.7072,164.186,995.954,-44.9651,164.536,992.207,-58.5809,159.046,1001.27,-44.5815,160.216,975.935,-62.853,141.502,1008.23,-40.0885,142.461,938.381,-67.098,134.59,1026.87,-25.7754,138.713,914.317,-56.9708,146.23,1031.45,-25.2551,156.275,982.973,-55.2864,86.9811,1000.43,-38.8436,86.7483,967.028,-58.7387,50.4055,998.641,-35.1378,48.2782,972.17,-76.8835,14.664,1016.16,-45.2664,11.1554,1030.32,-58.7233,179.51,1038.44,-71.7318,175.075,1039.42,-80.7666,184.727,1033.21,-66.8759,188.802,0,0,0
000839:993.877,-46.586,162.061,992.563,-50.785,164.16,997.283,-45.0064,164.755,988.912,-57.9573,159.097,1000.07,-44.1134,160.325,976.12,-63.1045,141.459,1003.28,-38.9826,142.969,948.118,-69.7134,133.039,1023.01,-24.7232,139.924,932.039,-61.3704,143.466,1022.64,-24.0268,157.49,980.437,-55.0408,87.2524,997.981,-38.3338,87.2493,965.08,-58.7302,50.7778,996.565,-34.7222,48.4378,967.171,-76.0766,15.1339,1015.45,-44.9238,11.1282,1028.49,-58.9885,177.686,1041.51,-72.4998,173.273,1040.57,-81.3952,183,1025.98,-66.3676,186.979,0,0,0
000840:999.56,-46.7857,162.302,997.732,-50.954,164.478,1001.68,-45.1382,165.013,991.098,-57.9845,159.556,999.911,-44.0187,160.672,977.097,-63.1996,141.954,997.681,-38.6178,143.25,950.43,-70.0517,133.722,1015.37,-23.9511,139.593,932.841,-61.5156,144.25,1021.56,-23.0186,155.991,981.968,-55.2842,87.4996,995.61,-38.3474,87.6089,968.037,-59.0788,50.8138,996.203,-34.9823,48.7115,967.683,-76.1489,15.2716,1015.95,-45.104,11.1694,1036.44,-60.1963,176.095,1049.29,-73.6758,171.333,1043.14,-82.598,180.865,1029.02,-67.6624,185.189,0,0,0
000841:993.8,-46.0659,162.743,994.79,-50.6062,165.176,998.193,-44.5997,165.442,995.485,-58.4794,160.144,1001.67,-43.7359,161.231,981.662,-63.5576,142.15,1003.49,-38.3318,143.437,952.868,-70.0211,133.912,1014.65,-22.3135,139.796,932.944,-60.6982,143.05,1017.6,-22.2363,156.846,982.729,-55.4827,87.7359,995.602,-37.9171,87.6091,967.785,-59.534,51.064,998.478,-35.3417,48.8502,971.373,-76.9943,15.4996,1017.29,-45.3426,11.2854,1032.24,-59.5968,174.201,1039.26,-71.7068,168.754,1037.44,-81.2787,177.37,1033.12,-68.4486,182.502,0,0,0
000842:998.186,-47.2455,162.862,998.8,-51.6311,165.309,1001.88,-45.5172,165.605,996.255,-59.0798,160.524,1001,-43.9991,161.565,984.264,-63.7063,142.031,1001.25,-37.6407,143.992,952.222,-70.8787,133.509,1014.19,-21.0132,141.304,936.596,-61.8599,141.979,1016,-21.6958,157.996,983.785,-55.75,87.7153,994.51,-37.7523,87.7016,971.07,-60.0019,50.715,999.431,-35.6162,48.406,969.197,-76.7982,15.2404,1019.73,-45.1957,10.5937,1034.99,-59.3977,170.407,1041.85,-70.0019,164.88,1027.81,-78.2698,172.196,1024.66,-67.2768,177.587,0,0,0
000843:997.896,-47.2185,163.174,998.693,-51.632,165.667,1001.95,-45.3543,165.916,998.58,-59.5938,160.851,1001.98,-44.0236,161.847,985.77,-64.247,142.542,1002.82,-37.8447,144.384,945.938,-70.8493,134.602,1017.28,-21.1849,141.276,916.186,-59.8261,141.182,1014.87,-20.4761,156.749,982.107,-55.3953,87.8137,990.795,-37.05,87.9205,971.647,-60.4011,50.8109,997.596,-35.4977,48.6588,968.527,-76.8453,15.8209,1017.22,-44.8026,11.1456,958.704,-40.8785,156.516,954.429,-46.3274,149.094,934.551,-54.4539,151.62,942.252,-48.7994,158.993,0,0,0
000844:1002.02,-47.7215,163.417,1002.04,-52.0363,165.965,1005.56,-45.7144,166.169,997.642,-59.2863,161.282,1001.35,-43.6896,162.265,984.796,-64.01,142.963,997.583,-36.7106,144.879,952.508,-72.3772,134.934,1010.18,-19.3433,142.51,935.657,-63.57,141.39,1018.77,-19.8855,158.854,984.222,-55.6759,88.1432,991.95,-37.0109,88.249,971.291,-60.4131,51.1654,998.357,-35.496,48.8428,966.62,-76.6989,16.0707,1018.37,-44.9537,10.9598,1009.94,-48.2078,160.986,1018.88,-55.9354,153.026,1000.01,-65.1105,156.934,994.666,-57.0291,164.859,0,0,0
000845:1000.19,-47.0659,164.214,1000.61,-51.4817,166.758,1003.96,-45.1152,166.936,998.679,-59.423,161.922,1001.89,-43.6206,162.889,986.058,-64.4912,143.572,999.531,-37.1769,145.604,951.039,-72.6723,135.282,1010.79,-19.2654,143.646,929.633,-63.5828,140.421,1015.86,-18.768,160.182,982.991,-56.0184,88.6797,990.808,-37.398,88.8285,971.492,-60.7242,51.5237,997.414,-35.7497,49.4051,967.448,-76.8597,16.4489,1015.83,-44.6768,11.8087,1015.19,-48.3918,158.686,1019.7,-55.3316,149.211,1008.33,-66.2944,152.058,1007.28,-58.9928,161.558,0,0,0
000846:999.438,-46.9055,164.625,999.962,-51.4442,167.182,1003.21,-44.9897,167.376,998.568,-59.5642,162.429,1001.68,-43.5058,163.401,985.485,-64.8206,143.917,999.401,-36.8309,146.013,949.517,-73.0856,135.152,1009.12,-18.3589,144.119,929.154,-63.9979,139.874,1020.37,-18.3639,161.064,981.973,-55.8991,89.0656,989.92,-36.9439,89.1649,972.521,-60.9427,51.8078,997.936,-35.6838,49.7001,967.822,-76.6488,16.7173,1016.88,-44.6626,11.8498,1061.01,-51.3421,161.573,1070.41,-59.396,152.507,1070.01,-71.3743,156.224,1063.26,-62.735,165.42,0,0,0
000847:1004.16,-47.8955,164.728,1003.82,-52.2261,167.087,1006.6,-45.6203,167.546,998.251,-59.1732,162.595,1003.86,-43.3719,163.658,986.494,-64.6972,144.097,999.254,-35.886,146.537,955.532,-74.0734,134.252,1007.8,-17.4044,145.465,938.52,-65.47,138.927,1015.81,-17.5862,162.658,980.66,-55.9413,89.1729,990.597,-37.0019,89.4288,969.767,-60.8905,52.1673,995.001,-35.2738,49.7212,962.786,-75.8571,16.6273,1016.43,-44.6124,11.4928,1080.6,-52.8448,162.455,1096.22,-62.0812,153.967,1102.65,-74.4727,158.755,1085.41,-63.8437,167.424,0,0,0
000848:999.145,-47.1395,165.415,999.247,-51.552,167.788,1001.65,-44.951,168.218,997.163,-59.1244,163.259,1002.17,-43.2949,164.262,988.841,-65.073,144.735,1001.21,-36.3549,147.111,960.314,-74.6145,134.668,1009.14,-17.5183,145.667,940.375,-65.8146,138.428,1011.62,-16.1592,162.11,981.047,-55.7342,89.5119,990.804,-36.8598,89.7812,969.683,-60.9248,52.4337,996.097,-35.4125,49.9664,962.737,-75.9156,17.0339,1017.06,-44.5036,11.751,1053.27,-46.8186,161.174,1061.96,-54.9385,152.203,1072.36,-67.8341,156.178,1062.36,-58.4252,165.393,0,0,0
000849:998.057,-47.3205,165.447,997.915,-51.6441,167.834,1000.17,-44.8602,168.313,995.49,-58.8624,163.447,1000.53,-42.7093,164.402,988.835,-65.2185,144.921,1000.43,-35.4191,147.264,965.353,-76.222,134.85,1011.44,-16.656,146.075,947.078,-67.6466,137.87,1011.18,-15.7597,163.058,979.898,-55.962,89.8804,989.269,-36.6069,90.1001,969.337,-61.165,52.7135,995.843,-35.5128,50.1612,962.797,-75.5842,17.0537,1017.59,-44.718,11.7652,995.104,-38.29,160.924,996.287,-44.497,152.977,990.016,-54.5983,155.972,988.317,-47.4593,164.085,0,0,0
000850:996.629,-47.6928,165.865,996.452,-51.9452,168.296,998.858,-45.0432,168.758,994.407,-58.8314,164.042,999.33,-42.3396,164.973,989.489,-65.3391,145.357,999.535,-34.5887,147.798,967.774,-76.9473,134.594,1010.88,-15.4025,146.704,946.637,-68.8672,136.162,1010.77,-15.3005,163.823,981.467,-56.6347,90.2143,989.673,-36.7847,90.3428,970.913,-62.0543,52.9649,996.171,-36.0441,50.299,964.228,-75.5626,17.2003,1019.53,-44.7573,11.4741,988.701,-38.2801,159.804,991.682,-44.4926,151.639,980.456,-54.509,154.64,976.772,-47.4293,163.002,0,0,0
000851:1000.07,-48.0077,166.252,999.655,-52.3057,168.702,1002.3,-45.3174,169.167,996.819,-59.1511,164.454,1002.5,-42.511,165.45,991.864,-65.6674,145.657,1001.97,-34.4271,148.261,970.364,-77.5195,134.697,1011.39,-14.444,147.39,950.015,-69.6963,135.643,1011.43,-13.8709,164.479,984.365,-56.725,90.3335,993.014,-36.6403,90.446,971.509,-62.1888,53.2296,998.713,-35.9318,50.3861,963.453,-75.5081,17.6226,1020.13,-44.4583,11.6462,999.378,-37.283,159.891,1006.05,-43.608,151.456,996.191,-54.0426,154.35,989.028,-46.8151,163.009,0,0,0
000852:1000.02,-47.791,166.62,999.799,-52.1099,169.081,1001.93,-45.0972,169.535,996.816,-58.981,164.771,1001.16,-42.2812,165.808,992.065,-65.5378,146.045,999.106,-34.1944,148.815,972.904,-78.0141,134.556,1006.69,-13.9723,147.91,953.06,-71.4518,134.044,1009.81,-12.9113,164.439,984.224,-56.4673,91.0668,991.431,-36.48,91.2714,971.275,-61.8086,53.8264,995.629,-35.8795,51.22,965.345,-75.5239,17.8692,1018.8,-44.4605,12.2089,1015.64,-37.3906,159.552,1022.21,-43.5977,150.427,1019.45,-55.0667,153.064,1012.17,-47.9251,162.458,955.88,27.9045,272.506
000853:1000.1,-48.0414,166.409,999.978,-52.3642,168.888,1001.63,-45.2524,169.346,996.692,-59.0628,164.754,1000.25,-42.1543,165.793,991.963,-65.7168,146.144,996.064,-33.6553,148.99,974.94,-78.6513,134.516,998.52,-13.0023,148.314,957.678,-72.3751,133.587,1001.78,-11.9903,164.835,982.125,-56.6024,91.5914,988.151,-36.3359,91.8153,971.079,-62.0835,54.1143,995.394,-36.1425,51.4656,963.667,-75.1625,18.0698,1019.38,-44.5738,12.0249,1014.74,-36.6123,159.398,1025.03,-42.7144,150.424,1025.43,-54.0644,152.849,1014.26,-47.0351,162.109,961.996,27.8934,272.275
000854:999.483,-47.7994,166.658,999.347,-52.1219,169.167,1001.3,-44.9913,169.58,996.975,-58.8938,165.1,1000.25,-41.9106,166.138,994.523,-65.843,146.621,996.862,-33.6108,149.558,978.694,-79.5658,134.82,1000.87,-13.1207,149.487,961.276,-74.6074,132.55,1005.47,-12.0637,166.386,985.042,-56.8599,91.8123,990.127,-36.5799,92.1005,972.769,-62.2611,54.2762,997.578,-36.4722,51.5955,963.045,-74.8314,18.5057,1020.27,-44.5067,12.287,1020.32,-36.0134,159.577,1033.22,-41.6578,150.227,1031.12,-53.0377,151.921,1017.35,-46.5187,161.64,968.398,27.1266,270.957
000855:1001.51,-47.5446,166.831,1001.63,-51.9546,169.331,1002.95,-44.7023,169.748,998.798,-58.9153,165.133,1000.37,-41.6659,166.207,995.854,-66.0396,146.567,994.615,-33.3025,149.725,978.465,-79.8834,134.516,996.032,-12.5196,150.16,958.287,-74.7515,131.658,1004.03,-11.3538,167.607,986.306,-56.8393,91.9523,989.897,-36.3164,92.3608,973.069,-62.2148,54.48,997.55,-36.3417,51.8665,960.456,-74.5628,18.956,1019.74,-44.4808,12.5612,1033.22,-35.1421,159.019,1046.61,-40.253,149.584,1050.85,-51.9101,150.665,1036.61,-45.9193,160.514,965.746,26.7167,268.488
000856:1001.92,-47.4126,166.793,1001.47,-51.7126,169.319,1003.03,-44.5846,169.693,997.088,-58.4781,165.132,999.86,-41.5228,166.174,993.999,-65.6557,146.753,995.56,-33.5282,149.87,986.024,-80.6869,134.377,997.082,-13.0173,150.574,983.557,-78.3302,130.038,1002.73,-11.1076,168.12,986.803,-57.0074,92.5154,992.415,-36.8941,92.8327,974.767,-62.1834,54.9229,999.465,-36.8294,52.3404,962.685,-74.3141,19.2224,1018.35,-44.3449,13.2962,1026.82,-32.4212,159.995,1038.71,-37.1473,151.271,1043,-47.8511,152.246,1030.4,-42.3335,161.403,969.299,25.5718,267.285
000857:1003.98,-47.4493,167.185,1003.66,-51.8257,169.689,1004.86,-44.6067,170.05,999.101,-58.7504,165.304,1001.63,-41.6766,166.331,994.431,-65.9032,146.909,996.404,-33.7271,150.002,984.169,-81.0202,135.035,997.248,-12.9088,151.114,978.33,-78.8906,131.119,1005.6,-10.5374,169.053,985.196,-56.8904,92.7626,991.208,-36.7939,93.0225,973.444,-62.2768,55.1113,998.48,-36.9891,52.5044,961.359,-74.0742,19.5105,1019.33,-44.2526,13.1609,1029.71,-30.8143,160.579,1038.37,-35.0265,151.75,1044.71,-45.8052,152.244,1035.39,-40.8327,161.522,969.687,24.794,265.08
000858:1004.2,-47.2437,167.187,1004.25,-51.6977,169.666,1004.94,-44.4285,170.051,1000.99,-58.8965,165.233,1002.3,-41.6464,166.273,997.712,-66.3242,146.805,996.936,-33.8642,150.029,986.231,-80.8889,134.576,996.943,-13.1914,151.622,975.854,-77.3679,130.427,1007.54,-10.4915,170.632,987.519,-57.4054,92.7452,991.814,-37.0648,93.148,975.856,-62.7111,54.9817,998.74,-37.2287,52.6325,962.967,-73.9767,19.38,1017.49,-44.2667,13.5537,1034.88,-28.7012,162.34,1042.78,-32.4692,154.455,1053.31,-42.2908,154.716,1044.78,-37.8016,163.042,973.148,24.3679,262.348
000859:1001.66,-47.0801,167.419,1001.99,-51.551,169.89,1002.78,-44.2574,170.277,1000.62,-58.8993,165.367,1003.03,-41.6185,166.373,998.359,-66.5558,146.804,999.876,-34.0174,150.004,987.019,-81.0011,134.45,998.405,-13.3794,151.884,973.408,-77.0661,130.171,1005.9,-10.2431,171.684,986.43,-57.6498,92.7944,992.054,-37.2291,93.1033,973.451,-62.9297,55.1981,997.23,-37.4728,52.8066,964.693,-73.7135,19.3562,1017.9,-44.2327,13.6393,1036.2,-25.8137,164.023,1046.29,-29.298,157.267,1060.63,-37.9546,157.457,1049.59,-33.753,164.626,970.379,23.9681,259.893
000860:1003.14,-47.0463,167.484,1003.26,-51.4672,169.941,1003.44,-44.1978,170.352,1001.17,-58.6556,165.465,1002.15,-41.3551,166.365,999.578,-66.4671,146.882,997.158,-33.5203,149.812,987.775,-80.9612,134.517,993.946,-13.089,150.634,969.484,-76.7244,131.066,1005.16,-10.1546,169.964,989.24,-57.545,93.4654,992.292,-36.8369,93.7463,977.797,-62.8857,55.6921,998.239,-37.4923,53.5164,965.248,-73.327,19.9259,1016.74,-44.3837,14.2851,1035.77,-24.1897,166.374,1044.47,-28.2481,161.319,1056.53,-35.3297,162.849,1047.26,-30.5888,168.135,973.767,23.5517,257.894
000861:1001.17,-46.4785,167.669,1000.96,-50.9458,170.149,1001.07,-43.6611,170.503,998.578,-58.2669,165.674,999.831,-40.9428,166.528,997.969,-66.2989,147.208,995.82,-33.4625,150.122,987.844,-80.942,134.701,992.793,-13.2501,151.69,970.147,-77.0279,130.523,1003.19,-9.32294,172.128,990.519,-57.7741,93.2919,994.034,-37.0793,93.5606,976.569,-63.0667,55.5581,998.984,-37.8055,53.2573,965.331,-73.0216,19.8216,1018.76,-44.4727,14.0478,1032.23,-20.926,170.988,1042.24,-24.7503,166.935,1053.51,-30.6851,168.354,1042.98,-26.1761,172.687,974.145,22.7682,255.307
000862:1002.53,-46.5747,167.775,1001.9,-50.9892,170.208,1001.72,-43.7425,170.587,999.029,-58.2302,165.558,999.762,-40.9118,166.351,999.134,-66.1743,147.105,995.122,-33.5103,149.96,993.798,-80.5,134.478,991.74,-13.7524,151.547,982.084,-76.6512,130.643,1004.11,-9.13521,172.891,990.581,-57.8235,93.5376,993.32,-37.1114,93.7457,976.539,-63.3078,55.7225,999.714,-38.1636,53.3307,963.943,-72.6247,20.1607,1019.47,-44.4861,13.9779,1024.64,-16.8621,175.047,1033.22,-20.5949,172.798,1041.4,-24.3765,174.681,1032.93,-20.0289,177.096,977.797,21.5913,252.941
000863:1003.4,-46.6053,167.81,1001.91,-51.0328,170.171,1002.28,-43.7639,170.574,998.482,-58.1765,165.408,999.659,-40.6867,166.261,1000.54,-66.3198,147.107,994.755,-32.9389,150.152,993.081,-81.3879,134.835,996.186,-13.125,152.678,974.331,-78.1218,131.178,1010.67,-7.94133,175.505,993.195,-57.5412,94.0183,994.079,-36.4411,94.2539,980.338,-63.4093,55.8762,1001.48,-38.2252,53.6498,965.208,-72.1906,20.541,1019.74,-44.7828,14.2262,1018.93,-12.9972,181.09,1031.81,-16.3647,180.063,1026.67,-18.1018,181.572,1014.14,-14.2451,182.703,974.998,21.1929,250.125
000864:1004.35,-46.7815,167.839,1003.24,-51.2646,170.147,1003.04,-43.9267,170.547,1000.06,-58.2668,165.198,1000,-40.6915,166.111,1000.8,-66.0247,147.106,993.954,-32.8924,150.476,994.563,-80.8741,134.817,988.871,-12.9503,154.615,980.965,-78.3547,130.812,1001.93,-6.67999,179.425,993.11,-57.479,94.3674,993.996,-36.531,94.6488,981.05,-63.5528,56.0891,1002.87,-38.6303,53.7622,966.175,-71.9124,20.8084,1020.15,-44.9172,14.4441,1028.78,-10.4454,187.342,1043.27,-13.6478,187.282,1047.9,-14.4922,188.834,1033.88,-10.7573,189.03,975.383,20.4105,247.906
000865:1004.07,-46.6907,167.741,1002.72,-51.2766,170.034,1002.57,-43.9148,170.41,998.95,-58.297,165.187,997.729,-40.5274,166.16,998.495,-66.0583,147.281,989.731,-32.4044,150.997,992.902,-81.0335,134.586,985.021,-12.1969,156.5,983.296,-78.9333,129.748,1003.03,-4.65421,183.046,990.755,-57.3525,94.7335,990.278,-36.0441,95.1654,981.419,-63.8993,56.2061,1000.87,-38.3414,54.0746,965.993,-71.9119,20.9807,1018.89,-44.7294,14.7424,1036.71,-7.59598,194.494,1050.83,-10.9448,195.762,1057.16,-10.4185,197.637,1044.1,-6.55444,196.555,975.695,20.3617,244.913
000866:1004.36,-46.5724,167.689,1003.44,-51.1352,170.011,1002.83,-43.8549,170.356,1001.84,-58.1306,165.36,999.08,-40.4484,166.154,1002.2,-66.1018,147.586,990.29,-32.3995,150.886,995.929,-80.9124,134.769,982.124,-12.8104,155.654,979.315,-78.1108,130.912,996.746,-3.96459,182.28,991.763,-57.7006,95.1415,989.555,-36.3067,95.4902,981.491,-64.2393,56.4883,999.882,-38.8378,54.3789,967.108,-72,21.0033,1019.45,-45.0074,14.8613,1027.31,-3.43967,199.648,1037.84,-7.39247,203.852,1044.55,-3.95309,207.403,1035.54,0.505937,203.263,979.26,19.187,242.894
000867:1003.52,-46.5707,168.071,1002.73,-51.1922,170.376,1001.89,-43.9204,170.739,1000.97,-58.1219,165.694,998.148,-40.4804,166.473,1001.11,-66.1042,147.897,988.71,-32.2051,151.155,994.809,-80.8248,134.464,977.558,-12.4807,155.4,981.333,-78.5648,130.407,986.195,-1.7324,181.973,991.091,-57.4523,95.6691,989.244,-35.9716,95.96,981.09,-64.1456,56.907,1000.64,-38.7932,54.686,965.617,-71.9635,21.4678,1019.9,-44.8417,15.2862,1021.09,-0.036561,206.361,1032.38,-5.09454,212.935,1041.38,0.240162,218.443,1031.6,5.81653,211.803,982.77,18.7441,240.089
000868:1005.82,-46.4749,167.978,1004.62,-51.0358,170.314,1003.7,-43.8613,170.662,1002.02,-57.8521,165.758,998.983,-40.4359,166.428,1002.15,-66.0579,147.915,989.709,-32.466,150.927,997.941,-80.9444,133.799,979.835,-13.8565,154.4,989.943,-78.9587,129.564,987.358,-2.00077,181.111,994.473,-57.895,95.3013,992.703,-36.4404,95.6032,984.844,-64.3888,56.4662,1003.73,-38.9927,54.319,968.835,-72.3448,20.9717,1020.09,-44.9485,15.607,1013.8,3.53256,211.254,1023.27,-2.13424,220.715,1028.86,6.08392,227.682,1021.02,12.2808,218.109,983.156,17.9567,237.854
000869:1003.87,-46.6015,167.838,1002.85,-51.1508,170.168,1001.94,-44.057,170.517,1001.75,-57.9578,165.711,998.264,-40.7036,166.36,1003.16,-66.3268,147.996,989.456,-32.719,150.991,997.158,-81.0193,133.57,979.177,-14.2794,154.205,983.444,-78.7024,129.392,983.324,-0.996872,180.903,995.046,-58.1343,95.7948,992.6,-36.6726,96.1468,984.467,-64.3164,56.9372,1003.24,-39.1431,54.8966,967.518,-72.0629,21.4936,1020.16,-44.9543,16.309,1003.68,6.96451,215.71,1012.2,0.848854,226.784,1016.42,10.7358,234.667,1009.8,17.3534,223.438,980.256,17.576,235.81
000870:1005.23,-46.8388,167.753,1004.43,-51.3358,170.094,1003.97,-44.312,170.477,1004.45,-57.9716,165.764,1001.57,-40.8207,166.428,1005.92,-66.3182,148.115,992.025,-32.5401,151.234,1000.68,-81.3021,133.162,977.808,-14.2834,154.115,989.883,-79.8488,128.747,973.7,-0.135522,180.489,994.222,-57.7529,96.4408,991.969,-36.2432,96.8055,983.06,-63.816,57.4564,1000.79,-38.7249,55.5248,968.446,-71.8158,21.6037,1019.36,-44.6829,16.6752,989.781,10.2406,218.946,996.739,3.96326,231.528,999.354,15.5551,240.113,994.758,22.3045,227.368,983.626,17.8794,232.963
000871:1005.18,-46.767,167.476,1003.72,-51.17,169.824,1003.4,-44.1743,170.225,1002.94,-57.7649,165.542,1000.28,-40.6505,166.151,1004.54,-66.296,147.91,991.655,-32.6839,151.02,999.919,-81.6035,132.639,979.742,-15.1739,153.739,991.981,-80.5567,127.938,976.355,-0.854057,180.228,996.065,-58.2371,96.2727,994.123,-36.6714,96.6168,985.478,-64.2166,57.1276,1004.01,-39.0226,55.1787,968.107,-72.0724,21.3971,1019.97,-44.7265,16.5523,981.994,12.3734,220.108,985.741,6.52762,233.642,982.84,19.4478,241.885,981.62,25.7507,228.282,983.767,16.4054,234.888
000872:1006.97,-46.7117,167.214,1005.64,-51.1663,169.56,1005.48,-44.1568,170.048,1005.72,-57.9844,165.405,1002.98,-40.7707,166.021,1006.54,-66.4802,147.827,994.216,-32.9024,150.763,997.292,-80.8275,132.806,982.152,-15.9226,152.854,980.709,-77.3696,129.571,976.797,-1.59789,178.83,997.306,-58.2613,95.7445,995.134,-36.5989,96.0754,986.334,-64.2282,56.499,1004.84,-38.921,54.591,968.606,-72.174,20.7968,1021.1,-44.9412,15.9492,974.074,13.486,218.749,975.432,8.13571,232.782,968.905,21.8324,240.526,970.276,27.6254,226.475,966.914,19.2577,241.765
000873:1006.08,-46.434,167.032,1005.08,-50.8525,169.422,1004.55,-43.8595,169.906,1006.06,-57.7891,165.352,1003.11,-40.6682,165.914,1009.01,-66.595,147.75,994.561,-33.1897,150.628,1005.45,-81.3838,132.264,979.665,-16.5202,152.241,992.41,-78.1757,128.334,969.825,-2.0096,177.35,999.102,-58.6953,95.5676,995.886,-37.1435,95.9759,986.48,-64.2243,56.3801,1003.55,-39.0973,54.6503,970.153,-72.2988,20.4641,1021.5,-45.0231,15.9273,965.135,14.167,216.042,966.526,9.38719,230.135,958.338,23.2991,237.351,959.574,28.4985,223.26,947.84,19.5211,250.195
000874:1009.19,-46.7088,166.778,1007.79,-51.0205,169.179,1007.21,-44.0571,169.69,1006.94,-57.8597,165.119,1004.27,-40.7013,165.61,1007.62,-66.6063,147.459,994.704,-33.3357,150.09,1004.48,-81.5743,131.973,983.164,-17.3519,150.532,996.262,-78.7025,128.09,974.776,-3.93389,174.399,996.725,-58.7854,95.4361,994.421,-37.2927,95.7202,984.335,-64.2574,56.5615,1003.22,-39.0963,54.7243,968.901,-72.2698,20.7677,1020.93,-44.8116,16.1126,956.078,13.3727,211.323,952.907,9.34755,225.189,940.351,23.3397,231.67,946.193,27.7744,217.867,931.92,20.86,259.667
000875:1009.19,-46.3398,166.469,1008.15,-50.6852,168.891,1007.09,-43.7609,169.426,1007.81,-57.7444,164.963,1005.55,-40.783,165.428,1009.09,-66.4837,147.399,997.341,-33.8976,149.871,1007.7,-81.2028,132.183,982.288,-18.2688,149.918,1002.68,-78.2264,128.552,967.391,-5.14913,172.625,999.367,-58.6046,95.0975,997.954,-37.4944,95.3885,986.487,-64.053,56.2996,1006.79,-39.1985,54.3987,968.857,-72.2769,20.674,1021.8,-44.9325,15.8763,946.653,12.2308,206.277,943.669,8.74927,219.335,932.538,21.9208,225.164,937.751,25.7953,212.179,916.434,21.4618,269.31
000876:1008.17,-46.0709,166.329,1007.36,-50.426,168.789,1006.21,-43.4622,169.325,1007.21,-57.6274,164.919,1004.99,-40.5043,165.371,1008.33,-66.4334,147.357,997.183,-33.6418,149.722,1005.42,-81.1142,132.278,983.112,-17.8742,149.327,998.614,-77.9266,128.414,964.202,-5.61419,170.939,998.343,-58.4574,94.9755,997.025,-37.2857,95.1883,987.253,-64.1706,56.0481,1007.04,-39.0817,54.14,970.28,-72.605,20.2361,1021.57,-44.8056,15.3089,936.434,10.0656,200.199,932.96,7.12951,211.75,919.249,18.7846,216.641,924.874,22.0841,205.193,904.237,21.6745,278.655
001170:49.6368,138.344,-0.0821958
