000397:996.592,61.7348,164.526,999.179,57.5073,167.443,997.674,64.5018,167.415,1003.65,49.651,162.719,1002.31,67.2829,162.598,998.669,39.4996,142.294,1003.89,74.4783,141.86,977.476,27.771,125.127,1002.66,95.0227,129.116,948.318,36.4882,123.038,988.48,109.826,138.757,995.977,45.5972,86.5689,995.262,68.6508,86.5717,998.828,41.5663,47.9865,987.385,71.9724,49.0212,1014.78,36.6555,8.73034,995.322,74.8989,12.9049,978.33,114.119,179.821,982.239,104.213,190.667,977.306,111.601,204.483,971.708,121.81,192.684,0,0,0
000398:997.037,61.8061,164.501,999.246,57.5701,167.424,997.961,64.57,167.361,1003.11,49.7693,162.877,1001.51,67.3438,162.688,997.838,39.4976,142.721,1002.76,74.5136,142.235,976.15,27.4208,126.015,1002.43,95.3374,130.124,945.545,35.6733,124.061,992.153,110.544,140.212,996.254,45.3764,87.0554,995.172,68.3596,87.0512,1000.04,41.3695,48.3264,988.432,71.5805,49.3115,1014.91,36.6451,9.04985,995.172,74.6043,13.2371,979.79,113.789,181.047,982.135,103.516,191.421,975.532,110.247,205.258,971.771,120.85,193.998,0,0,0
000399:996.477,61.8363,164.627,998.984,57.5982,167.548,997.436,64.6259,167.465,1003.43,49.8411,162.878,1001.48,67.5291,162.699,997.689,39.6527,142.621,1002.95,74.8324,142.101,974.504,27.6595,126.151,1002.71,95.8747,130.169,942.121,36.2916,124.895,992.496,110.721,140.711,995.014,45.4959,86.9094,993.859,68.5541,86.8083,999.651,41.2816,48.2443,987.438,71.5294,49.1853,1014.44,36.6486,9.1622,994.574,74.3718,13.1743,980.683,113.156,182.073,982.492,102.759,192.367,976.001,109.365,206.283,972.596,120.106,195.11,0,0,0
000400:995.354,61.6116,164.714,997.626,57.393,167.63,996.208,64.4435,167.543,1002.27,49.8515,163.051,1000.27,67.6014,162.882,997.4,39.719,142.973,1002.44,75.22,142.54,976.306,27.3483,126.688,999.441,96.5508,131.224,946.819,35.5186,125.359,987.686,111.044,142.216,996.245,45.4633,87.5457,994.904,68.6039,87.3722,1001.12,41.1909,48.7104,988.154,71.2045,49.5933,1015.76,36.6642,9.45945,992.944,73.8697,13.5517,980.469,112.432,183.11,983.82,102.081,192.996,978.621,108.337,206.889,973.82,119.035,196.099,0,0,0
000401:995.419,61.664,164.613,997.706,57.4543,167.528,996.334,64.5396,167.406,1002.04,49.9598,162.905,1000.22,67.8123,162.69,996.693,39.8055,142.767,1001.97,75.5162,142.295,975.026,27.2311,126.773,1002.35,97.2882,131.212,945.142,35.0951,125.684,993.967,111.644,142.658,994.312,45.4868,87.3621,992.918,68.7121,87.0943,999.301,40.9441,48.6713,985.211,71.0588,49.5381,1016.41,36.7142,9.37073,992.426,73.913,13.3639,982.414,111.984,183.613,984.761,101.289,193.195,978.111,107.044,207.243,974.33,118.101,196.806,0,0,0
000402:995.265,61.8015,164.946,997.469,57.5828,167.874,996.275,64.7062,167.728,1001.95,50.0541,163.197,1000.27,67.9455,162.934,996.72,39.7663,142.938,1002.43,75.4993,142.332,973.984,26.9515,126.996,1002.13,97.2373,131.27,943.853,34.8798,125.985,992.123,111.323,143.15,995.286,45.1737,86.9918,994.27,68.4274,86.6959,999.292,40.7974,48.1606,986.467,70.8077,48.9328,1014.82,36.5508,8.83443,991.197,73.4782,12.9814,981.635,111.072,184.365,984.146,100.215,193.868,977.901,105.833,208.067,974.126,117.086,197.725,0,0,0
000403:995.71,61.8512,165.051,998.068,57.6408,167.94,996.551,64.7047,167.808,1002.08,50.1401,163.259,1000.08,67.9595,162.99,996.689,39.9494,143.157,1001.02,75.5537,142.623,974.916,27.2982,127.575,998.251,97.4626,132.096,944.732,35.4253,127.26,987.436,111.492,144.457,994.821,45.3458,87.7702,993.113,68.4897,87.4554,998.76,40.8742,48.8882,984.138,70.5755,49.7384,1014.81,36.6062,9.39269,989.857,73.1762,13.4224,982.825,110.451,185.131,987.024,99.4745,194.321,982.51,104.787,208.626,976.849,116.151,198.541,0,0,0
000404:995.875,62.1966,164.47,998.024,57.9283,167.377,996.461,64.9979,167.241,1001.95,50.3886,162.994,999.389,68.0598,162.721,996.673,40.1835,143.182,1000.31,75.5431,142.668,974.794,27.4648,128.043,998.158,97.4621,132.894,944.411,35.5847,127.912,989.858,111.793,145.673,995.522,45.6379,87.4572,993.068,68.5992,87.2468,999.745,41.0143,48.6036,983.781,70.6366,49.5285,1014.6,36.478,9.29279,989.117,72.9996,13.4429,983.018,109.983,185.78,987.716,98.8348,194.595,982.21,103.512,208.816,976.077,115.094,199.198,0,0,0
000405:994.461,61.9579,164.299,996.62,57.7218,167.185,995.274,64.8167,167.063,1001.67,50.4256,162.872,999.185,68.1816,162.62,997.078,40.3201,143.277,1001.54,75.9875,142.87,975.804,27.2227,128.375,997.506,98.1789,133.596,946.629,34.7268,128.315,987.432,112.049,146.659,995.843,45.7026,88.0992,993.917,68.7351,87.7827,999.715,40.9722,49.1475,985.509,70.4448,49.8542,1014.8,36.5666,9.70688,988.243,72.8572,13.6813,984.011,109.063,186.714,989.203,98.0205,195.108,985.526,102.394,209.226,979.309,113.884,200.025,0,0,0
000406:995.493,62.3296,165.093,997.827,58.0461,167.959,996.405,65.1801,167.777,1002.39,50.4787,163.258,999.715,68.3131,162.917,997.016,40.201,143.215,1000.46,75.7564,142.572,972.107,27.0996,128.746,996.707,98.3503,133.476,936.187,34.9894,129.555,986.532,112.361,147.52,995.702,45.3977,87.3193,993.096,68.4664,86.9576,1000.7,40.6155,48.3419,984.848,70.2552,49.1662,1014.53,36.3438,9.11081,988.604,72.6799,13.1535,984.519,108.519,187.147,989.18,96.9992,195.358,985.222,101,209.768,979.31,113.006,200.76,0,0,0
000407:994.446,62.3028,164.869,996.704,58.0197,167.733,995.05,65.182,167.545,1000.57,50.5972,163.12,997.873,68.4562,162.786,995.384,40.4178,143.197,998.65,76.0926,142.49,972.913,27.2281,129.383,994.691,98.8961,133.89,940.062,35.5036,131.259,984.872,112.54,148.303,995.082,45.5217,87.1301,992.427,68.6496,86.7028,1000.5,40.5819,48.0432,983.224,70.2621,48.8871,1015.24,36.25,8.62759,986.289,72.3834,12.8323,984.849,107.877,187.483,989.228,96.2215,195.283,986.782,99.8684,209.727,980.916,112.059,201.151,0,0,0
000408:995.309,62.5292,165.059,997.531,58.2262,167.925,996.227,65.3939,167.705,1001.44,50.6641,163.256,999.717,68.5949,162.86,995.964,40.327,143.196,1000.97,76.1454,142.444,973.395,27.1721,129.322,998.58,99.4176,133.951,942.145,35.7509,131.236,988.808,113.095,148.813,994.163,45.2833,87.2348,992.641,68.4706,86.7026,998.715,40.3309,48.3107,982.578,69.9418,49.0446,1013.19,36.3146,9.00499,984.54,72.1688,13.1227,986.047,107.135,187.884,989.599,95.1207,195.496,987.047,98.3887,210.143,982.072,110.921,201.775,0,0,0
000409:993.195,62.6077,164.716,995.411,58.3303,167.548,994.015,65.4391,167.335,999.935,50.9185,163.064,997.462,68.6384,162.638,994.848,40.6671,143.441,999.112,76.154,142.7,972.85,27.3102,130.001,996.431,99.4641,134.714,942.022,35.1683,132.012,987.865,113.452,149.583,992.945,45.4745,88.1735,990.574,68.3536,87.6498,998.432,40.4968,49.2022,980.749,69.5926,50.0037,1014.31,36.3614,9.73349,982.769,71.939,13.9826,988.484,106.481,188.598,993.48,94.5068,195.86,990.793,97.3287,210.392,984.496,109.828,202.384,0,0,0
000410:994.137,62.7393,164.928,996.422,58.4638,167.734,994.931,65.5831,167.516,1000.84,51.0778,163.137,997.894,68.7529,162.687,995.641,40.8418,143.429,997.891,76.1598,142.56,972.28,27.1652,130.572,992.358,99.5495,134.797,935.257,34.6302,133.408,982.907,113.46,149.863,993.314,45.5571,87.9421,989.8,68.3437,87.4163,999.143,40.5183,48.8473,980.591,69.585,49.6802,1013.82,36.079,9.38178,983.193,71.7826,13.5146,989.307,105.614,188.647,996.373,93.5026,195.677,995.514,96.062,210.441,986.93,108.744,202.638,0,0,0
000411:994.506,62.75,164.91,996.785,58.4783,167.693,995.015,65.6542,167.458,1000.78,51.1661,163.041,997.479,68.9337,162.558,995.491,40.9356,143.379,997.247,76.38,142.437,973.777,26.8658,131.068,991.537,99.9042,135.152,939.638,33.9336,134.33,983.611,113.467,150.773,993.05,45.5472,87.7679,989.422,68.406,87.1711,999.222,40.3265,48.6377,980.552,69.5602,49.4209,1013.45,35.9651,9.26725,982.129,71.8218,13.3723,989.94,104.941,188.869,995.532,92.8012,195.458,994.958,94.956,210.032,987.867,107.693,202.731,0,0,0
000412:993.219,63.109,164.754,995.26,58.7963,167.541,993.675,65.9594,167.31,998.754,51.383,163.007,995.857,69.1347,162.512,993.627,41.0836,143.486,996.115,76.5372,142.651,972.834,27.2065,131.013,990.683,100.432,135.771,941.475,34.7467,134.086,983.316,114.248,151.686,992.708,45.6078,88.1717,989.595,68.4477,87.5381,997.712,40.2919,49.0222,979.681,69.3275,49.7167,1012.64,35.8976,9.45714,980.489,71.5647,13.5004,991.76,104.259,189.304,997.822,91.9929,195.494,998.331,93.6236,210.047,990.929,106.484,203.16,0,0,0
000413:991.573,63.2424,164.824,993.948,58.9539,167.609,992.432,66.1414,167.347,998.883,51.5653,163.035,996.039,69.3955,162.455,994.415,41.2201,143.466,996.959,76.7402,142.402,972.318,27.1365,131.527,991.177,100.57,135.473,935.893,34.6418,135.532,982.361,113.768,151.603,992.041,45.585,87.8787,988.738,68.4538,87.1444,996.801,40.1456,48.6886,977.939,69.1228,49.3927,1013.67,35.9305,8.95724,980.397,71.3951,12.9927,993.195,103.271,189.193,1001.06,91.0154,195.267,1002.61,92.4349,209.913,993.216,105.312,203.148,0,0,0
000414:991.425,63.6255,164.8,993.857,59.3097,167.563,992.528,66.4993,167.317,999.083,51.7843,162.904,996.216,69.591,162.333,994.559,41.3246,143.294,997.188,76.7599,142.327,971.931,27.2377,131.135,992.213,100.915,135.734,937.045,34.9101,134.673,982.575,114.283,152.42,991.219,45.5876,87.933,988.023,68.3751,87.2221,995.936,40.2375,48.8007,977.474,69.0742,49.5086,1014.11,35.8488,8.93613,979.659,71.3028,13.2166,993.108,102.639,189.122,1000.97,90.3735,194.846,1002.62,91.3882,209.33,993.468,104.272,202.915,0,0,0
000415:990.804,63.5322,164.424,993.198,59.2291,167.171,991.869,66.413,166.921,998.483,51.8399,162.668,995.838,69.5831,162.054,993.578,41.4474,143.293,997.46,76.8794,142.187,971.498,27.1904,131.928,992.034,101.251,135.871,939.865,34.7487,136.504,982.999,114.625,152.404,990.214,45.6394,88.1681,987.67,68.3807,87.3636,995.275,40.21,49.0371,977.11,68.9662,49.6584,1012.86,35.8468,9.20348,978.72,71.1569,13.2142,993.344,101.636,188.933,1001.2,89.1435,194.269,1003.64,89.704,208.855,994.425,102.857,202.866,0,0,0
000416:990.544,63.9079,164.446,993.052,59.5883,167.204,991.869,66.8095,166.942,999.205,52.1249,162.717,996.6,69.9657,162.083,995.902,41.5927,143.237,998.923,77.1888,142.172,974.264,27.2066,131.55,995.025,101.81,136.05,941.38,34.9711,135.626,986.284,114.945,153.08,991.946,45.5732,87.8965,988.897,68.3972,87.1041,994.951,40.0841,48.9019,976.431,68.9016,49.5282,1012.13,35.653,9.13218,977.538,70.9655,13.253,993.625,100.622,189.136,1002.48,88.0747,194.186,1004.67,88.1805,208.755,994.599,101.391,203.086,0,0,0
000417:990.375,64.0563,164.373,992.705,59.734,167.103,991.345,66.9564,166.843,997.925,52.2425,162.554,994.747,70.0861,161.872,993.885,41.6731,143.067,995.599,77.2465,141.929,971.55,27.0442,131.737,989.708,102.082,135.854,937.573,34.4812,136.287,982.334,115.204,152.724,991.152,45.669,87.9511,987.537,68.4745,87.0942,995.46,40.0845,48.8615,976.892,68.836,49.4349,1013.04,35.6122,8.9762,978.286,70.9622,12.9404,995.241,99.7104,188.783,1003.2,86.8651,193.389,1006.51,86.4317,208.153,997.463,99.9508,202.95,0,0,0
000418:989.685,64.1217,164.292,992.243,59.7992,167.009,990.98,66.9931,166.76,998.177,52.2672,162.576,995.108,70.0282,161.868,994.698,41.6088,143.193,996.376,77.102,142.032,972.757,26.9198,131.955,990.6,101.96,136.011,938.722,34.4256,136.584,982.351,115.068,152.85,990.979,45.5644,88.1749,987.398,68.281,87.3675,995.411,40.179,48.987,976.549,68.6962,49.6232,1012.61,35.6485,8.978,977.837,70.6709,13.0101,995.266,98.8721,188.414,1003.95,85.9374,192.785,1008.21,85.2255,207.57,998.423,98.8446,202.611,0,0,0
000419:988.325,64.2936,164.18,991.098,59.9774,166.888,989.515,67.2026,166.633,997.561,52.4827,162.423,993.488,70.3077,161.703,994.612,41.787,142.987,994.162,77.4459,141.879,973.004,26.8607,131.763,986.33,102.575,136.079,936.994,34.2513,136.379,978.636,115.569,152.958,990.484,45.6967,88.1101,985.546,68.4667,87.3038,996.165,40.1799,48.9427,975.109,68.7271,49.6878,1013.58,35.6483,8.97892,977.347,70.7036,13.0546,996.041,98.0953,188.166,1005.22,85.1791,192.191,1011.27,84.1006,206.97,1000.94,97.7096,202.362,0,0,0
000420:988.389,64.539,164.105,990.613,60.2209,166.812,989.616,67.4658,166.556,996.26,52.6766,162.392,993.633,70.5604,161.63,992.721,41.8477,142.936,995.892,77.7079,141.643,971.263,26.7415,131.98,993.523,103.029,135.746,939.333,34.3932,137.046,988.351,115.674,152.982,989.744,45.6392,87.9205,986.616,68.5428,86.9657,993.886,40.1017,48.8499,974.383,68.7053,49.4488,1012.39,35.4321,8.75832,976.058,70.2333,12.789,997.964,97.4493,187.714,1007.61,84.3902,191.689,1009.94,83.0382,206.471,999.019,96.7643,201.937,0,0,0
000421:989.636,64.8297,163.975,991.815,60.5125,166.69,990.703,67.7275,166.394,996.6,52.9334,162.285,993.965,70.6742,161.454,992.198,42.1752,142.998,995.054,77.496,141.602,970.131,27.261,132.641,990.933,102.63,136.151,937.236,34.7943,138.26,984.226,115.288,153.596,989.634,45.7257,87.908,986.487,68.3604,86.9176,994.391,40.0154,48.7818,974.985,68.4845,49.3296,1012.9,35.4993,8.75155,975.872,70.4852,12.7282,995.875,96.8687,187.236,1004.92,83.9314,190.867,1008.63,82.2484,205.335,998.276,95.8969,201.208,0,0,0
000422:990.176,64.7955,164.021,992.299,60.4837,166.708,991.106,67.7381,166.415,996.801,52.9813,162.186,994.203,70.7966,161.374,993.131,42.3204,142.82,995.048,77.7612,141.478,973.237,27.1482,132.839,991.531,103.306,136.448,942.301,34.4717,138.873,987.65,115.774,154.256,990.175,45.9315,87.8391,986.714,68.5924,86.7884,994.049,40.052,48.8164,974.62,68.4609,49.295,1011.15,35.5625,9.03253,975.765,70.3297,12.6177,998.145,96.248,186.781,1006.5,83.3477,189.832,1011.13,81.1762,204.083,1001.5,94.801,200.567,0,0,0
000423:989.515,64.9609,163.742,992.018,60.6603,166.425,990.733,67.9368,166.141,997.233,53.2411,161.966,994.557,71.0839,161.149,992.898,42.5945,142.681,995.016,78.1659,141.294,971.523,27.2214,133.127,989.743,103.858,136.411,938.738,34.4331,139.754,982.723,115.95,154.078,987.82,46.2359,87.8595,984.51,68.8891,86.7489,992.429,40.2639,48.8129,972.628,68.5666,49.2712,1012.55,35.7157,8.75385,975.564,70.2624,12.297,996.062,95.3473,186.325,1005.35,82.5218,189.002,1011.9,80.0137,203.15,1001.14,93.5921,200.011,0,0,0
000424:989.597,65.0978,163.625,991.993,60.8188,166.309,990.811,68.0934,166.014,996.791,53.4717,161.889,994.41,71.2796,161.061,992.595,42.8952,142.643,994.654,78.3223,141.311,970.985,27.4191,133.255,990.456,104.241,136.874,937.008,34.2084,139.73,984.411,116.141,154.908,988.261,46.3543,87.8522,984.861,68.925,86.6962,992.438,40.1637,48.8466,972.068,68.446,49.266,1012.31,35.5959,8.83745,976.149,70.2898,12.0975,994.915,94.6276,185.658,1005.49,81.909,187.815,1011.99,78.8254,201.713,999.804,92.3016,199.134,0,0,0
000425:989.575,65.4631,163.54,991.942,61.2013,166.248,990.676,68.4791,165.892,996.671,53.7643,161.875,993.975,71.5429,160.928,991.857,42.871,142.568,994.34,78.2876,141.022,969.484,26.9816,133.166,989.558,104.179,136.462,934.07,33.4765,139.267,984.455,116.199,154.291,988.395,45.912,87.5025,984.979,68.4739,86.3337,993.868,39.9873,48.5336,972.541,68.2677,49.0609,1014.4,35.6444,8.49542,976.258,70.2675,12.1902,996.613,93.9206,184.842,1006.79,80.9618,186.8,1013.99,77.566,200.906,1002.05,91.2879,198.581,0,0,0
000426:988.879,65.5013,162.849,991.097,61.2042,165.535,990.069,68.5139,165.221,995.77,53.8352,161.223,993.11,71.6043,160.353,990.625,43.2141,142.12,993.391,78.523,140.621,965.82,27.7394,133.384,990.139,104.484,136.491,928.112,34.8626,140.571,985.964,116.236,154.61,987.294,46.5003,87.1169,983.763,68.9979,85.9355,992.32,40.2613,48.2697,971.053,68.5647,48.738,1012.49,35.6769,8.49006,974.97,70.1948,11.8643,995.76,93.2489,184.329,1006.73,80.4946,185.936,1013.2,76.7252,199.63,1000.51,90.2898,197.68,0,0,0
000427:989.194,65.5272,162.813,991.386,61.2654,165.485,990.171,68.5991,165.194,995.707,54.0083,161.218,992.984,71.8311,160.346,991.005,43.3832,142.156,992.993,78.8847,140.706,968.719,27.557,133.429,989.443,104.924,136.595,932.779,34.3018,140.472,985.625,116.163,154.575,987.554,46.655,87.4282,983.99,69.2326,86.2169,992.325,40.4165,48.5609,971.629,68.7366,48.9452,1013.59,35.717,8.5721,976.573,70.2638,11.7534,997.202,92.5124,183.493,1007.7,79.7807,184.638,1014.25,75.5967,198.208,1002.01,89.1286,196.74,0,0,0
000428:989.959,65.7361,162.601,992.405,61.4739,165.296,990.773,68.8604,164.97,996.645,54.2076,161.068,992.874,72.1164,160.169,991.073,43.4057,141.897,991.219,79.1337,140.501,968.745,26.9976,133.096,984.504,105.245,136.764,933.295,33.075,139.436,980.616,116.276,154.798,985.406,46.5751,86.9474,981.061,69.2288,85.7719,991.793,40.2681,48.1257,970.141,68.7682,48.5559,1012.8,35.7075,8.32436,975.076,70.2258,11.5743,996.246,91.8854,182.726,1006.37,79.2965,183.462,1016.02,74.8192,196.8,1004.07,88.2218,195.824,0,0,0
000429:989.41,65.6623,162.652,991.668,61.4624,165.343,990.227,68.8593,165.012,996.256,54.4412,161.042,993.056,72.3461,160.132,992.174,43.897,141.862,993.304,79.5209,140.378,972.354,27.5028,133.49,988.814,105.797,136.688,939.418,33.4837,140.547,984.582,116.271,154.856,988.295,46.8418,86.7979,984.213,69.4644,85.4694,993.453,40.2488,47.9057,970.809,68.674,48.2811,1014.84,35.6785,8.02171,973.936,70.227,11.2517,999.673,91.2335,181.894,1010.26,78.8127,182.249,1018.09,73.962,195.324,1005.63,87.2134,194.735,0,0,0
000430:989.136,65.9161,162.84,991.282,61.6936,165.515,989.649,69.1081,165.191,995.201,54.6005,161.128,991.793,72.5764,160.261,990.977,44.0575,141.807,990.994,79.8024,140.556,971.847,27.2958,133.152,985.998,106.43,137.209,939.676,32.3985,139.269,983.334,116.921,155.474,986.859,47.2803,86.9132,982.496,69.9362,85.5977,991.407,40.4486,48.3094,969.491,68.9706,48.5884,1012.72,35.7794,8.7137,973.271,70.4077,11.6205,1000.76,91.0676,181.11,1011.1,78.6855,180.916,1019.48,73.2918,193.809,1007.38,86.4875,193.813,0,0,0
000431:991.248,66.4642,162.754,993.127,62.2489,165.428,990.978,69.6114,165.097,995.892,54.9836,161.05,991.277,72.7983,160.099,991.049,44.2454,141.771,988.891,79.6372,140.385,974.849,27.2575,133.322,981.726,105.869,136.86,946.399,32.1593,139.646,982.735,116.517,154.766,987.555,47.4691,86.8577,981.86,69.9345,85.6093,994.251,40.7751,48.0607,970.612,69.0842,48.4982,1014.75,35.8704,8.40607,974.623,70.5171,11.4647,1002.96,90.7681,179.763,1012.02,78.3037,179.354,1021.14,72.6527,192.244,1010.29,85.9359,192.483,0,0,0
000432:989.435,66.7884,162.694,991.627,62.5929,165.388,989.508,69.943,165.039,996.159,55.2961,161.081,991.237,73.0728,160.115,992.229,44.4405,141.76,990.26,79.793,140.304,974.909,27.363,133.259,982.686,105.941,136.863,943.349,32.355,139.299,982.334,116.417,154.836,988.076,47.422,86.5541,982.206,69.8748,85.3291,994.861,40.7966,47.8405,970.294,69.2611,48.3784,1015.41,35.767,8.26534,974.463,70.5593,11.5316,1003.72,90.6785,178.606,1014.04,78.2322,177.872,1024.93,72.2889,190.715,1012.63,85.5924,191.31,0,0,0
000433:988.08,66.9875,162.995,990.103,62.7971,165.686,988.56,70.1483,165.357,994.06,55.4112,161.32,990.876,73.2425,160.366,989.442,44.4895,141.918,990.413,79.9723,140.462,971.927,27.2313,133.322,984.678,106.135,136.701,944.31,31.9784,139.077,983.285,116.263,154.346,985.048,47.7423,86.801,981.332,70.2468,85.485,989.716,41.1265,48.2716,968.475,69.4931,48.5815,1014.18,36.0133,8.38878,973.593,70.6285,11.5752,1006.57,90.7049,177.102,1016.93,78.4364,176.159,1028.78,72.4113,188.818,1016.56,85.527,189.609,0,0,0
000434:988.546,67.2582,162.758,990.899,63.0591,165.459,989.094,70.415,165.128,996.371,55.6269,161.138,992.051,73.4425,160.207,992.289,44.5919,141.675,991.58,80.1343,140.228,973.84,27.1687,133.017,984.09,106.228,136.544,941.662,32.0047,138.609,982.993,116.404,154.095,986.033,47.8456,86.314,980.918,70.3477,85.1375,992.296,41.3671,47.7775,968.797,69.865,48.3216,1013.85,35.9732,8.22541,974.105,70.6187,11.5309,1005.57,90.3052,176.35,1015.51,78.0826,175.187,1027.12,71.8573,187.678,1015.19,84.9397,188.722,0,0,0
000435:988.596,67.5335,162.623,990.845,63.3451,165.339,989.301,70.7499,164.994,995.873,55.9772,161.093,992.396,73.8499,160.153,992.413,44.9585,141.721,991.673,80.5242,140.285,975.747,27.1882,133.441,985.488,106.723,137.12,945.338,31.5592,139.039,984.482,116.42,154.957,985.559,48.0847,86.2428,980.793,70.5664,85.0016,990.287,41.414,47.7859,967.429,69.9066,48.2368,1013.7,36.1323,8.18635,973.767,70.7602,11.3085,1007.28,89.6422,175.594,1016.54,77.7374,173.773,1028.56,70.9744,185.625,1017.35,83.741,187.423,0,0,0
000436:988.711,67.6567,162.374,990.898,63.4593,165.078,989.707,70.8895,164.758,995.363,56.1349,160.875,992.936,74.0166,159.976,989.914,45.1649,141.626,992.128,80.8542,140.227,969.613,27.544,133.844,987.148,107.322,137.389,938.485,32.3926,140.126,986.449,116.8,155.374,982.532,48.4214,86.4203,979.427,70.9443,85.0944,986.888,41.62,48.0596,965.824,70.1896,48.3521,1012.84,36.1888,8.29108,973.094,70.838,11.2141,1010.82,89.1958,174.756,1019.84,77.4959,172.464,1033.28,70.3912,183.885,1022.26,82.9813,186.166,0,0,0
000437:989.054,68.0306,162.391,991.061,63.8306,165.118,989.686,71.3169,164.763,995.204,56.5157,160.905,991.437,74.4295,160.002,990.174,45.4389,141.676,989.767,81.1641,140.292,969.621,27.334,133.923,984.56,107.768,137.867,934.662,31.5233,139.515,988.135,117.553,155.967,984.968,48.4699,86.1115,979.452,71.0011,84.8715,991.545,41.5787,47.5356,966.443,70.3668,48.1234,1014.16,35.9548,8.09464,972.922,71.0426,11.2024,1017.01,89.1392,173.984,1027.81,77.8364,171.078,1038.86,70.1335,181.896,1025.96,82.3246,184.849,0,0,0
000438:987.793,68.047,162.292,989.976,63.8524,165.002,988.523,71.3581,164.681,994.444,56.6243,160.81,990.666,74.5527,159.974,990.255,45.6447,141.68,988.633,81.3659,140.483,973.698,27.3519,133.84,981.676,107.94,138.467,944.25,31.3071,139.063,981.983,117.332,156.753,982.626,48.6788,86.3477,977.194,71.1351,85.1646,989.273,41.9058,47.6596,965.604,70.5116,48.1667,1013.04,36.1311,8.00882,973.112,71.0188,10.9855,1012.97,88.3271,173.557,1022.52,77.3016,170.084,1034.29,69.2623,180.363,1022.79,81.1741,183.922,0,0,0
000439:984.545,68.2964,162.331,987.126,64.1468,165.058,985.803,71.6158,164.743,993.763,56.9869,160.941,989.96,74.889,160.128,990.677,46.0742,141.967,989.906,81.7451,140.83,970.59,27.9972,134.188,984.626,108.112,139.007,932.82,32.121,139.37,983.057,117.163,157.437,982.783,49.0154,86.7763,977.368,71.4704,85.5805,988.504,41.9898,48.0495,964.919,70.7102,48.5253,1013.09,36.0263,8.32217,974.166,71.1751,10.9678,1006.6,88.8655,172.489,1014.4,78.4972,168.826,1024.44,70.6058,178.219,1014.67,81.8227,181.971,0,0,0
000440:985.615,68.4402,162.544,987.682,64.2589,165.293,986.67,71.7586,164.988,994.018,57.0228,161.09,990.381,75.0568,160.369,991.732,46.018,142.072,991.065,82.1946,141.079,975.472,27.3925,134.244,988.343,108.599,139.462,946.499,31.122,138.793,981.411,117.503,157.984,983.605,49.597,86.7451,978.181,72.3059,85.5971,990.146,42.3206,47.8363,966.202,71.2603,48.3978,1013.99,36.0508,8.23529,973.215,70.9914,11.0251,980.924,90.6717,170.922,982.127,81.3666,167.454,983.925,74.2765,175.398,981.176,84.2943,178.914,0,0,0
000441:982.051,69.0478,162.528,983.839,64.9413,165.454,985.282,72.1762,164.956,991.517,57.5115,161.126,989.959,75.2775,160.282,989.828,46.4869,142.36,989.932,82.1577,140.782,970.18,28.333,135.466,995.12,107.72,138.655,942.757,31.3971,139.031,991.292,117.248,157.52,984.937,49.6052,86.7064,978.471,72.2413,85.4989,989.94,42.358,47.7953,966.268,71.3932,48.6911,1013.19,35.9438,8.94289,970.798,71.5413,11.5501,967.977,94.8681,168.297,962.891,86.8756,165.198,950.952,81.2086,170.959,956.033,89.6709,173.969,0,0,0
000442:983.774,69.1412,162.623,985.677,65.0444,165.399,984.719,72.4654,165.063,991.988,57.7904,161.061,988.192,75.7141,160.336,989.804,46.813,142.363,988.847,82.5288,141.185,971.013,28.1548,135.044,988.943,108.104,139.528,938.596,31.1893,139.282,982.009,117.614,157.723,982.129,50.255,87.0942,976.323,72.7574,85.8483,988.362,42.6252,48.043,964.952,71.5312,48.5695,1013.11,36.0958,8.57751,973.718,71.1786,10.9864,967.503,95.6247,167.81,967.211,88.0445,164.501,965.118,82.0674,170.592,963.963,90.2891,173.898,0,0,0
000443:985.303,68.9616,162.834,987.624,64.9009,165.566,985.653,72.1826,165.246,992.749,57.6135,160.983,988.529,75.3985,160.349,991.115,46.8952,142.481,985.993,82.036,141.525,978.45,28.1625,135.131,978.842,106.907,139.947,950.437,29.8079,138.704,975.376,117.384,157.487,980.729,50.6563,87.7558,974.245,72.8544,86.6435,987.053,43.0939,48.5748,964.993,71.7671,49.083,1010.42,36.1454,9.30102,973.865,71.3309,11.3228,982.255,97.4732,167.811,985.034,90.4437,164.184,991.017,84.9995,169.768,986.654,92.6897,173.361,0,0,0
000444:984.082,69.3117,162.527,986.718,65.2443,165.301,984.993,72.5887,164.926,993.276,58.0128,160.898,988.916,75.8206,160.171,991.894,47.1553,142.124,987.226,82.4323,140.979,974.421,28.4162,134.918,982.086,107.789,139.508,939.44,31.1533,139.285,981.795,117.606,157.411,981.278,50.3941,86.7587,974.197,72.6526,85.6262,987.451,42.827,47.8597,962.827,71.6686,48.4909,1011.59,36.0559,8.60188,972.705,71.3409,11.0024,989.071,93.1271,167.386,995.933,85.466,163.418,1005.16,79.0053,169.746,996.385,87.4362,173.779,0,0,0
000445:985.018,69.3682,162.045,987.072,65.3142,164.808,985.441,72.6742,164.488,992.405,58.2823,160.69,988.219,76.0354,160.002,990.294,47.5632,142.368,987.057,82.9662,141.299,973.162,28.6336,135.487,984.241,108.244,139.891,939.94,30.8315,139.915,985.184,117.78,157.472,981.955,51.1525,87.5974,975.484,73.3914,86.4207,988.96,43.4837,48.539,964.995,72.0994,49.0306,1010.23,36.4141,9.41096,972.659,71.2744,11.3705,986.505,94.1137,166.719,992.009,86.6772,162.578,997.342,80.1106,168.564,989.993,88.2903,172.753,0,0,0
000446:984.914,69.3867,162.074,986.88,65.269,164.844,986.315,72.8048,164.594,993.024,58.2649,160.845,989.803,76.2991,160.235,990.895,47.5466,142.441,989.068,83.5224,141.547,969.297,28.8013,135.395,989.302,109.17,140.442,932.001,31.8277,139.726,984.182,117.277,158.791,981.958,51.3042,87.4527,975.993,73.8375,86.2733,986.643,43.4739,48.5408,964.65,72.4305,48.8478,1010.38,36.4095,9.16352,974.763,71.4412,10.8691,971.77,92.5665,166.766,974.302,85.0628,162.15,971.074,77.583,167.84,967.283,85.8023,172.525,0,0,0
000447:986.986,69.4546,161.719,989.135,65.3598,164.502,988.021,72.896,164.231,994.559,58.4896,160.728,990.497,76.4087,160.083,991.263,47.7996,142.61,988.408,83.529,141.657,973.759,28.6514,135.727,985.529,108.976,140.738,944.428,30.5454,139.582,981.928,117.333,158.637,980.457,51.3247,87.774,974.342,73.6217,86.5815,987.199,43.5299,48.8613,964.027,72.3215,49.183,1010.02,36.4756,9.6291,972.512,71.5589,11.5112,981.651,93.2737,166.9,983.092,85.4396,162.033,984.414,77.6962,167.993,981.597,86.274,173.034,0,0,0
000448:985.682,69.6086,161.566,988.222,65.4645,164.345,987.285,73.076,164.116,994.521,58.532,160.624,990.735,76.6279,160.064,991.252,47.8658,142.379,989.096,83.9902,141.695,969.549,29.2751,135.176,986.465,109.916,141.121,932.965,32.6559,139.076,983.681,117.536,159.533,981.071,51.5127,87.5537,975.112,74.0275,86.4026,986.446,43.6881,48.7658,962.872,72.5854,49.1196,1010.77,36.6623,9.40742,973.389,71.5285,11.208,992.472,91.1908,166.097,997.244,83.385,160.262,1002.62,74.5879,166.005,996.337,83.195,172.052,0,0,0
000449:987.87,69.6375,160.963,989.764,65.5186,163.775,988.836,73.1243,163.547,993.98,58.6953,160.368,990.244,76.7473,159.778,991.02,48.0063,142.406,987.557,84.1544,141.715,973.059,28.8284,135.164,985.944,109.639,140.942,940.903,31.0268,138.409,985.543,116.845,158.762,983.149,51.8414,87.6593,976.771,74.3651,86.5219,988.6,43.8566,48.9407,965.06,72.8093,49.2072,1010.73,36.7835,9.82475,973.562,71.61,11.4577,993.063,91.6516,165.479,998.455,84.093,159.971,999.63,75.4952,165.64,992.77,83.8247,171.385,0,0,0
000450:987.03,69.6137,160.405,989.175,65.5081,163.154,987.943,73.0855,162.966,993.358,58.8819,159.818,989.176,76.6792,159.296,989.114,48.5795,142.294,985.475,84.0338,141.765,969.406,29.6535,135.623,981.714,109.495,141.66,934.966,31.298,139.186,984.506,116.816,159.513,980.184,52.4142,88.2434,973.825,74.437,87.1482,986.736,44.449,49.5405,963.587,72.9064,49.7188,1009.91,36.9565,10.3943,973.852,71.8279,11.6842,1004.65,90.2252,164.992,1010.8,82.4418,158.238,1018.7,72.6468,163.698,1011,81.3034,170.805,0,0,0
000451:986.65,69.6158,160.245,988.896,65.5008,163.034,988.017,73.1049,162.806,994.15,58.8085,159.692,990.506,76.6625,159.12,990.746,48.4422,141.983,988.121,83.98,141.225,971.797,29.6229,135.593,984.095,109.343,140.977,937.303,31.959,139.83,981.48,116.205,158.794,981.189,52.2439,87.347,975.205,74.3527,86.1911,986.353,44.1869,48.9834,963.537,72.8467,49.161,1011.28,37.0094,10.011,973.946,71.8099,11.529,999.828,89.9135,164.208,1008.45,82.3164,157.677,1013.59,72.5887,163.1,1003.22,81.087,169.982,0,0,0
000452:986.249,69.8342,160.522,988.595,65.7044,163.342,987.605,73.3217,163.146,993.947,59.0211,160.254,989.942,76.8839,159.72,989.896,48.614,142.775,987.243,84.3157,142.123,968.209,29.9517,136.206,982.669,109.564,141.797,930.684,32.5578,140.088,981.9,116.543,159.29,980.434,52.5377,88.2921,974.362,74.7007,87.1919,986.794,44.538,49.6262,963.485,73.1792,49.834,1009.61,37.155,10.5516,972.835,71.8587,11.9629,999.978,91.0296,163.806,1006.73,83.5828,157.164,1013.66,73.9213,162.319,1005.32,82.268,169.326,0,0,0
000453:988.563,70.031,161.378,990.843,65.8786,164.155,989.803,73.507,163.952,994.73,59.0418,160.656,991.338,76.9655,160.155,989.221,48.6921,142.739,987.172,84.2612,142.195,966.514,29.9835,135.873,983.335,109.925,141.838,927.125,31.9496,139.23,984.099,116.963,159.59,979.351,52.7604,88.1236,973.871,74.8383,86.9765,986.69,44.7189,49.5458,964.313,73.3051,49.6589,1008.9,37.1626,10.7268,974.291,71.974,11.8818,1006.21,90.2617,163.286,1012.36,82.407,156.001,1020.19,71.9668,161.414,1012.05,80.6909,169.069,0,0,0
000454:990.085,70.0139,160.016,992.252,65.9029,162.789,991.235,73.5224,162.597,995.065,59.4071,159.665,991.817,77.1658,159.182,988.811,49.3189,142.454,986.184,84.5783,141.99,967.858,30.4704,136.313,981.348,110.079,142.571,932.592,31.6595,139.968,980.798,117.259,160.513,977.831,53.1529,88.6779,972.226,74.9656,87.5082,986.01,44.9584,50.053,962.472,73.2406,50.1517,1009.3,37.5419,11.1307,972.933,72.0247,12.1123,998.17,91.2196,164.154,1003.32,83.7247,156.898,1008.52,73.4895,161.741,1001.64,81.8506,169.423,0,0,0
000455:986.429,70.013,160.768,989.009,65.9311,163.575,987.741,73.5213,163.385,994.709,59.4578,160.497,989.839,77.1508,159.997,991.298,49.3042,143.136,985.783,84.5527,142.597,969.699,30.6786,136.529,979.53,109.787,142.464,928.971,32.4545,139.904,979.144,116.953,159.834,980.53,53.0033,88.9025,973.053,74.847,87.8651,987.007,45.0529,50.242,963.329,73.3561,50.41,1009.68,37.4939,11.1976,974.441,72.0809,12.2962,1000.09,91.4142,163.787,1006.69,83.8169,156.585,1013.64,73.6439,161.726,1005.56,82.1555,169.322,0,0,0
000456:986.596,70.2444,162.04,989.175,66.1386,164.843,987.64,73.7976,164.636,994.363,59.5634,161.434,989.37,77.4743,160.964,991.058,49.3642,143.637,984.948,84.922,143.216,970.528,30.3323,136.764,977.767,110.313,143.307,931.666,31.4991,139.538,976.992,116.935,161.364,980.41,53.259,88.8898,972.696,75.2895,87.8179,988.38,45.1136,50.0755,963.265,73.6252,50.3125,1009.47,37.4824,11.2428,973.385,72.1894,12.3467,999.564,91.0302,163.761,1007.77,83.6832,156.217,1016.25,73.297,161.119,1006.29,81.5381,169.058,0,0,0
000457:986.591,70.5227,161.516,989.116,66.4231,164.34,987.461,74.0821,164.128,993.083,59.8573,161.122,988.915,77.8013,160.636,988.812,49.603,143.542,984.498,85.2262,143.073,969.606,30.5305,136.767,975.474,110.208,143.434,934.552,31.8282,139.541,970.235,116.237,161.639,980.577,53.3743,88.8344,974.263,75.4961,87.6717,988.329,45.1423,50.0618,963.129,73.739,50.2719,1010.04,37.5386,11.1902,972.873,72.1168,12.3542,993.155,91.2171,164.194,999.081,83.9801,156.891,1008.71,73.9454,161.608,1000.9,82.0636,169.352,0,0,0
000458:985.88,70.7053,161.893,988.823,66.5887,164.691,986.867,74.2558,164.48,993.642,59.9532,161.315,988.971,77.8818,160.847,990.394,49.7639,143.694,984.435,85.1664,143.351,970.898,30.8121,136.918,976.222,110.469,144.103,932.128,32.0023,139.548,973.48,117.103,162.74,980.423,53.4703,89.0155,973.59,75.4335,87.9001,986.895,45.2088,50.2102,963.344,73.6531,50.2955,1007.31,37.5455,11.4495,974.14,72.2126,12.1917,997.169,91.8773,164.705,1001.59,84.5627,156.889,1012.08,74.0767,161.422,1005.83,82.2541,169.702,0,0,0
000459:986.115,71.1275,162.914,989.065,66.9901,165.671,987.112,74.659,165.465,992.838,60.1165,161.917,988.842,78.1864,161.434,988.03,49.706,143.82,983.083,85.4225,143.455,966.228,30.9395,136.69,975.248,111.09,143.75,926.712,32.8952,139.421,971.498,117.421,162.729,977.343,53.506,89.2897,971.324,75.683,88.0901,984.413,45.343,50.612,962.17,73.8847,50.6263,1006.08,37.6181,11.836,973.945,72.1903,12.5557,996.069,91.1107,164.728,999.495,83.3887,156.991,1010.98,72.8991,162,1005.48,81.4391,170.105,0,0,0
000460:984.64,71.4323,163.019,987.713,67.2896,165.809,985.398,74.9775,165.602,992.605,60.4022,162.232,987.236,78.4902,161.72,988.882,49.911,144.325,982.108,85.645,143.949,968.592,30.9182,137.143,972.698,110.831,144.316,930.543,32.3849,139.452,972.205,117.178,163.302,978.427,53.7016,89.541,971.198,75.8857,88.4031,985.693,45.4802,50.6626,961.841,73.9978,50.7796,1007.01,37.75,11.7784,972.798,72.2545,12.6719,1001.83,92.5201,165.733,1007.29,85.0891,158.083,1022.74,74.8394,162.938,1015.29,83.1319,171.018,0,0,0
000461:984.129,71.4054,163.069,987.492,67.281,165.822,984.886,74.9236,165.648,992.816,60.4969,162.171,986.898,78.4564,161.735,989.759,50.2587,144.341,980.693,85.5962,144.143,970.341,31.5177,136.976,971.61,110.796,144.619,931.541,32.7078,138.973,972.654,117.617,163.596,976.202,54.0214,90.0368,968.048,75.9087,88.9911,984.14,45.9077,51.1852,960.464,74.0679,51.2889,1005.43,37.9797,12.3418,973.722,72.3428,13.0139,1000.43,93.0919,166.434,1004.19,85.5548,158.786,1020.07,75.3995,163.706,1014.44,83.7854,171.762,0,0,0
000462:984.296,71.3055,163.298,987.237,67.1934,166.078,984.9,74.857,165.872,991.726,60.5252,162.454,986.721,78.53,162.001,988.343,50.3242,144.505,981.895,85.8755,144.219,969.362,31.6673,137.212,974.498,111.242,144.769,932.309,33.1089,139.402,976.056,117.826,164.06,977.857,53.9627,89.7518,971.078,76.0484,88.5901,984.551,45.733,51.011,962.782,74.1982,50.9155,1005.65,38.0579,12.2685,975.119,72.471,12.7623,1001.64,93.2616,166.609,1005.14,85.6307,159.156,1019.57,75.6287,164.19,1014.16,84.104,172.051,0,0,0
000463:983.543,71.3102,162.121,986.099,67.2612,164.882,984.097,74.8829,164.69,990.053,60.8734,161.599,985.348,78.6376,161.108,987.078,50.8407,144.459,980.643,85.8876,144.072,970.453,31.8223,138.032,974.144,110.631,145.197,937.756,32.0915,140.605,975.234,117.219,164.538,976.79,54.2351,90.4504,970.098,75.9572,89.2673,984.856,46.0651,51.4562,963.631,74.0092,51.2751,1005.14,38.4002,12.6501,974.851,72.4006,12.9024,993.527,93.4402,167.323,996.499,86.3302,160.155,1006.34,76.7525,164.553,1001.79,84.6827,172.152,0,0,0
000464:980.4,71.711,163.359,983.673,67.6474,166.087,981.025,75.2576,165.88,989.481,61.0352,162.3,984.166,78.9428,161.823,988.688,50.9545,144.521,980.462,86.0961,144.23,972.737,31.9881,137.626,971.763,111.004,145.318,937.116,32.418,139.933,970.449,117.344,165.36,977.761,54.5344,89.9727,970.404,76.3998,88.7898,983.929,46.1203,51.2026,961.951,74.2999,51.0847,1004.27,38.2512,12.6442,973.932,72.5192,12.9527,996.01,93.6751,167.949,999.001,86.3595,160.652,1014.11,76.7607,165.321,1009.36,84.9,173.028,0,0,0
000465:980.479,71.7455,162.444,983.546,67.6775,165.2,981.145,75.2764,164.995,989.791,61.149,161.782,983.904,78.9193,161.306,987.87,51.0144,144.45,980.588,86.0014,144.155,971.911,32.0267,137.612,970.888,110.512,145.542,940.535,32.2677,139.57,971.825,117.265,165.376,976.019,54.3302,90.0796,968.938,76.0697,88.9896,984.784,46.1727,51.0858,963.589,74.3703,50.9654,1004.63,38.3518,12.4055,974.706,72.7291,12.8331,998.285,94.0097,168.512,1002.03,86.8296,161.405,1018.35,77.4704,165.939,1013.09,85.512,173.532,0,0,0
000466:980.095,72.2053,164.135,983.132,68.1772,166.856,980.562,75.7492,166.626,988.189,61.4459,162.887,983.537,79.3608,162.329,986.838,51.1644,144.998,980.639,86.244,144.593,971.653,32.1192,137.872,973.345,110.971,145.487,940.93,32.376,139.91,971.038,117.217,165.996,977.144,54.4126,90.5108,971.027,76.3169,89.2226,984.274,46.1196,51.5207,963.26,74.2363,51.336,1003.94,38.3736,12.8367,973.082,72.6344,13.2596,990.903,94.3545,169.384,993.588,87.0906,162.685,1009.05,78.209,167.549,1004.45,86.2401,174.594,0,0,0
000467:981.173,71.99,163.821,984.338,67.9587,166.536,981.82,75.5393,166.349,989.629,61.3584,162.627,984.491,79.2247,162.171,987.019,51.3741,144.943,980.148,86.2079,144.815,970.579,32.6562,137.811,970.053,110.559,146.231,940.329,32.8349,139.757,968.566,116.723,166.981,974.461,54.7763,90.8053,968.005,76.4833,89.6145,982.397,46.4072,51.782,961.707,74.3039,51.55,1002.97,38.6036,13.05,973.467,72.7113,13.1998,993.983,94.4651,170.019,998.464,87.6269,163.251,1016.24,78.8831,167.69,1009.97,86.5295,174.824,0,0,0
000468:981.131,72.3695,164.984,983.886,68.2748,167.679,981.495,75.9221,167.456,987.946,61.3568,163.335,983.681,79.4944,162.858,985.692,51.0697,145.067,980.392,86.5003,144.912,972.003,32.046,137.638,973.461,111.675,146.314,948.894,32.3629,139.189,971.047,117.75,167.932,975.626,54.6959,90.4467,970.344,76.8163,89.1226,982.544,46.1796,51.6317,962.716,74.5029,51.3566,1002.55,38.5045,13.2128,972.315,72.7118,13.5382,987.348,94.4864,170.49,990.664,87.4474,163.696,1005.4,78.5388,168.318,1000.28,86.3076,175.416,0,0,0
000469:982.172,72.2783,165.131,985.393,68.2498,167.812,982.797,75.8113,167.587,989.915,61.5016,163.381,985.35,79.4403,162.891,987.154,51.4923,145.146,980.999,86.3171,144.897,970.861,32.6526,138.027,971.308,111.062,146.11,943.398,32.5026,140.261,968.547,117.438,167.47,975.435,54.9445,90.516,969.893,76.7433,89.1853,983.229,46.4032,51.4752,963.569,74.4576,51.1353,1002.04,38.5927,12.9977,973.146,72.9004,13.1038,995.592,95.2574,171.116,1001.23,88.1253,164.717,1021.73,79.8227,169.724,1014.05,87.7441,176.414,0,0,0
000470:983.124,72.3436,165,986.205,68.2823,167.683,983.583,75.9046,167.482,990.783,61.5283,163.33,985.523,79.5351,162.903,989.827,51.5265,145.128,980.209,86.4272,145.193,975.196,32.5544,137.677,971.384,111.151,147.094,944.307,32.2222,139.215,972.084,117.44,169.199,977.283,55.0405,90.4582,969.797,76.8713,89.3173,982.906,46.4456,51.5108,963.008,74.5625,51.2177,1001.73,38.7408,13.0601,975.323,73.0697,12.9369,994.784,95.2096,172.021,1001.52,88.4137,165.512,1018.11,79.9345,170.1,1009.56,87.4966,176.919,0,0,0
000471:982.806,72.1712,164.643,985.685,68.1346,167.339,983.334,75.7445,167.127,989.595,61.4942,163.106,985.275,79.4569,162.65,987.641,51.5202,145.031,980.521,86.401,144.918,974.134,32.9148,137.792,971.058,110.945,146.646,949.794,33.3683,139.941,968.956,117.053,168.622,975.466,54.7048,90.3899,969.608,76.5709,89.1579,981.78,46.3169,51.4671,963.453,74.5098,51.0667,1001.44,38.9095,12.9219,973.996,73.1786,13.0399,993.93,95.1794,172.599,1002.71,88.3207,166.598,1020.96,80.329,171.515,1010.23,87.986,177.808,923.366,110.945,284.269
000472:983.136,72.3235,164.989,985.941,68.3239,167.655,983.534,75.8799,167.423,988.451,61.7792,163.179,985.566,79.6253,162.762,984.263,52.194,145.18,982.373,86.5087,145.056,971.1,33.9745,138.23,973.462,110.94,147.313,952.349,33.7865,140.411,967.411,117.127,169.884,975.07,55.2274,90.4836,972.052,76.8467,89.041,983.393,46.4797,51.4615,964.613,74.5812,50.964,1002,38.6972,13.1817,971.919,73.1423,13.298,992.234,95.9459,173.549,999.157,89.1861,167.465,1019.36,81.3843,172.133,1009.98,88.9386,178.537,923.523,110.933,283.187
000473:981.492,72.7341,165.452,984.555,68.704,168.109,981.703,76.2693,167.895,989.028,61.9357,163.516,983.919,79.8708,163.098,988.102,52.1182,145.269,980.089,86.5685,145.371,974.846,33.7262,137.767,968.797,110.724,147.777,947.736,33.7828,139.509,966.656,116.667,171.06,978.289,55.3158,90.432,971.572,77.056,89.2353,984.69,46.603,51.4233,964.059,74.7069,51.1431,1001.94,38.8843,13.2087,973.162,73.2069,13.3193,992.831,95.4749,174.499,1001.92,88.9546,168.601,1020.19,81.2145,173.176,1008.96,88.5037,179.346,926.96,110.731,280.943
000474:978.797,72.9874,166.464,982.017,69.0211,169.085,979.206,76.5303,168.882,987.313,62.2632,164.329,982.299,80.1524,163.856,987.232,52.2946,146.002,979.153,86.7441,145.97,975.43,33.8613,138.131,966.524,110.766,147.74,949.493,33.8801,139.601,963.032,116.946,170.965,976.61,55.1973,91.416,970.058,76.9181,90.1882,983.232,46.9048,52.0931,963.861,74.6692,51.7641,1001.59,39.1643,13.3917,973.149,73.2065,13.7043,994.068,96.6899,175.78,1003.42,89.8541,170.322,1025.73,82.7713,175.574,1014.34,90.3648,181.196,927.631,110.013,278.47
000475:978.623,73.2545,166.441,981.439,69.2342,169.054,978.911,76.7443,168.857,984.899,62.2828,164.289,980.883,80.1919,163.839,983.172,52.267,146.061,977.243,86.6421,146.031,971.072,34.093,138.266,966.61,110.616,147.922,950.129,34.5387,139.802,964.139,116.947,171.353,974.142,55.2809,91.4739,969.2,77.0411,90.2154,980.989,46.9851,52.2015,964.291,74.9879,51.7232,998.27,39.0861,13.7095,973.667,73.4768,13.7038,996.148,96.9242,176.696,1004.93,90.0206,171.293,1026.61,82.9107,176.528,1015.68,90.5664,182.11,927.933,109.981,275.597
000476:976.494,73.228,167.139,979.454,69.1687,169.728,977.11,76.6861,169.569,984.581,62.0176,164.768,980.643,80.0626,164.347,984.163,51.9025,146.239,978.659,86.5766,146.357,972.51,34.1419,138.029,967.51,110.697,148.102,953.207,35.7785,139.725,964.16,116.803,172.055,974.261,55.1814,91.6405,969.296,77.1676,90.4435,981.107,46.9625,52.2525,963.604,75.091,51.9178,999.433,39.1074,13.5038,972.56,73.4318,13.8242,996.321,96.9996,177.705,1006.48,90.1077,172.44,1029.24,83.1443,177.809,1017.1,90.7891,183.173,931.284,109.77,272.642
000477:977.802,73.4534,167.415,980.421,69.4136,169.979,977.845,76.8752,169.814,984.402,62.2664,164.894,979.747,80.1531,164.461,984.011,52.2474,146.359,976.86,86.3997,146.413,972.677,34.4145,138.02,965.224,109.877,148.015,952.34,35.1784,139.386,965.173,116.154,172.118,977.096,55.4745,91.5057,970.873,77.235,90.3754,984.748,47.2972,52.0274,965.343,75.2157,51.8093,999.882,39.16,13.5678,972.363,73.4232,14.0874,997.974,97.3182,178.933,1008.21,90.219,174.297,1028.54,83.6959,180.098,1016.32,91.5335,184.812,931.588,109.738,269.76
000478:976.398,73.2504,167.752,979.637,69.2545,170.31,976.635,76.6715,170.191,985.937,62.193,165.245,979.986,80.0818,164.842,987.051,52.0925,146.635,977.44,86.4912,146.779,977.183,34.5245,137.826,962.518,109.692,148.009,955.814,36.3694,139.356,961.825,115.882,172.137,976.138,55.184,92.1035,968.546,77.0854,91.1078,984.164,47.354,52.4053,963.44,75.3035,52.3733,1001.53,39.1351,13.3335,971.199,73.3582,14.383,1000.01,98.4409,179.943,1008.65,91.2805,175.933,1033.93,85.8102,182.081,1023.42,93.7018,186.056,934.958,109.525,266.784
000479:975.497,73.527,167.846,978.465,69.5112,170.409,975.619,76.9384,170.29,984.354,62.3979,165.339,978.16,80.3205,164.919,985.63,52.3041,146.722,975.371,86.6797,146.921,975.263,34.8953,137.985,962.125,109.711,148.528,952.722,37.0701,139.829,964.126,115.834,173.407,975.853,55.4165,92.0792,967.609,77.3681,91.0912,984.097,47.3459,52.3535,963.487,75.351,52.2615,1000.43,39.3606,13.4651,972.326,73.3855,14.1108,996.814,98.9648,181.245,1005.63,92.0478,177.648,1024.74,86.8411,183.519,1014.3,94.4584,187.059,935.715,108.794,263.567
000480:976.077,73.5163,168.567,978.608,69.4429,171.135,976.13,76.8868,171.032,982.829,62.0786,165.95,977.964,80.1707,165.532,982.937,51.8774,147.148,975.32,86.5157,147.329,974.245,34.8215,138.006,962.971,109.346,148.441,957.662,37.8448,139.844,961.626,115.093,173.379,974.955,55.3254,92.1658,968.719,77.5483,91.1172,982.182,47.2457,52.3824,964.62,75.492,52.1221,1000.77,39.4404,13.2357,973.817,73.577,13.9024,993.393,99.1095,182.518,1003.04,92.1943,179.635,1021.58,87.5806,185.796,1010.12,95.1634,188.545,939.106,108.579,260.566
000481:977.27,73.6165,168.223,980.051,69.5973,170.774,977.319,77.0021,170.688,985.038,62.3612,165.647,979.251,80.3403,165.252,986.333,52.2366,147.137,976.173,86.4813,147.401,978.054,34.9761,138.238,961.186,108.456,149.252,957.559,37.5491,140.189,958.218,114.112,174.922,977.757,55.3312,92.293,970.016,77.3999,91.3867,984.698,47.3852,52.3232,965.686,75.6146,52.2295,1001.19,39.3863,13.1917,974.136,73.7182,14.0024,989.629,99.8386,184.231,999.637,93.4324,181.879,1016.05,89.6313,187.561,1004.42,96.673,189.78,936.689,108.031,257.472
000482:979.085,73.631,167.762,981.855,69.5662,170.35,979.267,77.0228,170.303,986.052,62.312,165.617,979.938,80.3756,165.283,986.161,52.0805,147.464,974.371,86.6734,147.932,976.211,35.0392,138.588,959.44,108.447,150.285,957.04,38.6652,140.552,957.357,113.995,176.232,975.165,55.2626,92.8617,966.783,77.5031,92.0924,983.344,47.4547,52.7289,964.012,75.7953,52.7205,1000.64,39.6286,13.4143,973.771,73.5387,14.2047,987.513,100.686,185.221,998.746,94.8353,183.09,1015.27,91.5022,188.185,1002.46,97.9641,190.199,940.173,107.809,254.082
000483:979.01,73.9522,168.017,981.263,69.8326,170.607,979.144,77.2245,170.563,984.907,62.3192,165.85,980.444,80.3424,165.498,985.164,52,147.62,976.954,86.4364,148.037,978.009,35.276,138.66,964.279,107.83,150.249,965.388,39.4895,140.897,959.786,113.45,176.28,975.431,55.4729,92.6607,969.36,77.7706,91.8693,982.588,47.5387,52.6366,965.797,76.1488,52.5219,1000.05,39.6976,13.4417,973.683,73.9661,14.3345,982.893,101.26,186.402,991.689,95.2765,185.057,1005.09,92.5589,190.29,994.877,99.1282,191.501,940.489,107.777,251.18
000484:978.409,74.3552,167.858,980.724,70.2526,170.443,978.425,77.5989,170.439,985.419,62.7887,165.9,979.268,80.6787,165.506,986.152,52.4484,147.884,974.728,86.6437,148.331,980.793,35.9771,138.769,960.016,107.254,150.434,969.713,40.5931,141.183,959.133,112.596,176.538,973.547,55.7982,93.2915,965.67,77.9486,92.5948,981.017,47.8649,53.2151,964.197,76.2097,53.0439,999.039,39.8076,13.8479,973.876,73.7251,14.5004,986.723,101.111,187.801,995.154,94.9116,186.875,1008.74,92.5014,192.42,999.355,99.3098,193.209,943.906,107.558,248.139
000485:978.324,74.3472,167.595,980.721,70.2514,170.16,978.386,77.5016,170.168,985.091,62.76,165.707,979.227,80.3966,165.281,985.674,52.3933,147.905,974.234,86.0705,148.206,978.518,36.0662,138.947,958.038,105.898,149.982,963.254,40.6043,142.012,952.721,111.67,175.732,974.688,55.7936,93.3195,966.857,77.7186,92.7247,981.04,48.2015,53.2604,964.002,76.2762,53.2268,999.27,40.0756,13.7613,973.134,73.9449,14.8973,977.932,101.756,190.316,987.413,95.2354,190.833,998.82,93.9746,197.132,988.315,101.072,196.412,941.467,107.008,244.703
000486:979.846,74.4817,168.273,982.276,70.3788,170.809,979.979,77.6067,170.868,986.143,62.8043,166.245,980.971,80.5194,165.863,986.912,52.5019,148.259,976.227,86.2385,148.649,978.125,36.4975,138.956,960.608,105.694,150.143,960.91,41.6705,142.367,955.361,110.96,176.355,977.326,56.1284,93.6333,969.729,78.1954,93.053,982.781,48.5235,53.5177,964.918,76.6712,53.5427,996.917,40.081,14.2431,971.544,73.9155,15.3568,980.704,101.625,191.726,992.647,94.9455,193.033,1002.91,94.2604,199.863,989.709,101.485,198.253,941.875,106.97,241.424
000487:983.016,74.3169,168.442,985.509,70.245,170.988,982.922,77.456,171.078,988.316,62.7044,166.486,982.527,80.4246,166.103,987.875,52.3589,148.387,975.964,86.1257,148.831,978.252,36.568,138.564,960.303,104.981,149.846,961.756,42.2553,141.88,955.462,109.893,175.958,977.847,55.9517,93.7106,970.019,78.1313,93.1956,983.624,48.5065,53.5456,966.587,76.827,53.5298,995.372,40.2263,14.3784,971.856,74.1165,15.4989,980.818,102.221,192.666,991.956,95.4506,195.108,1002.51,95.9057,202.428,990.213,103.192,199.624,942.187,106.935,238.163
000488:981.522,74.4655,169.212,984.212,70.3857,171.736,981.475,77.5253,171.843,986.881,62.7469,167.188,981.468,80.3634,166.799,985.783,52.391,149.067,974.213,85.8285,149.475,973.801,36.9816,139.064,958.032,104.105,150.202,954.566,43.0882,142.723,952.514,109.288,176.462,975.269,55.9881,94.4035,967.711,78.0339,93.9459,982.249,48.8078,54.0308,965.111,76.9023,54.0999,994.945,40.4171,14.5642,971.67,74.1714,15.952,980.017,102.69,195.169,989.739,95.5622,198.637,1003.47,97.1037,206.663,992.417,104.739,202.76,942.868,106.203,235.289
000489:980.147,74.0602,167.928,982.636,70.0298,170.465,980.111,77.155,170.604,985.507,62.6503,166.262,980.488,80.2646,165.888,984.951,52.5143,148.506,975.384,86.0648,149.077,976.555,37.6006,138.347,961.273,103.689,149.931,965.682,44.3834,142.242,954.407,108.096,176.366,975.237,56.1232,94.2636,969.111,78.3291,93.763,981.557,48.8254,54.1533,966.089,77.0499,54.0292,995.163,40.8573,14.8347,971.252,74.3637,16.0895,979.268,102.846,197.22,989.881,95.8465,201.713,1001.05,98.2589,209.86,989.222,105.731,204.938,943.273,106.162,231.652
000490:980.277,74.6695,168.657,982.735,70.6599,171.165,980.369,77.6841,171.358,985.579,63.1672,166.913,980.451,80.621,166.546,984.258,53.0469,149.108,974.188,86.0255,149.709,971.994,38.5631,138.646,959.635,102.685,150.327,954.444,45.629,142.773,953.247,107.026,177.08,973.857,56.5631,94.9489,967.354,78.5636,94.4941,979.56,49.2685,54.7488,965.504,77.3404,54.5444,994.181,40.9361,15.2077,972.367,74.5118,16.3349,977.643,103.324,199.401,988.798,96.313,205.039,999.012,99.7733,213.5,986.744,107.201,207.372,943.947,105.427,228.419
000491:978.557,74.5917,169.693,981.434,70.5665,172.19,979.213,77.6039,172.436,984.56,62.8556,167.692,980.688,80.5897,167.364,982.324,52.6529,149.462,975.453,85.9806,150.072,964.607,39.0697,138.304,962.601,102.34,149.783,941.635,48.1999,142.992,953.39,106.071,176.869,972.608,56.229,95.0903,967.414,78.5889,94.5825,979.619,49.1236,54.6031,965.02,77.5262,54.5515,993.396,41.0318,14.9221,971.079,74.7199,16.3839,972.618,103.83,201.031,983.235,96.9349,207.901,994.894,101.731,216.709,982.872,108.972,209.207,944.273,105.394,225.505
000492:979.642,74.9212,169.871,982.348,70.936,172.377,979.888,77.8913,172.651,985.283,63.1949,167.941,980.498,80.813,167.562,983.403,52.8801,149.681,974.663,85.9701,150.149,968.919,39.0128,138.065,959.627,101.203,148.809,951.109,47.7502,142.57,950.938,104.868,174.884,973.461,56.5705,95.1949,967.464,78.8467,94.708,980.686,49.54,54.5906,965.371,77.7245,54.619,993.087,41.1201,14.9495,970.084,74.6955,16.6393,968.782,104.439,202.502,980.263,97.6231,210.797,991.063,103.704,220.117,978.116,110.786,211.129,944.956,104.661,222.622
000493:979.659,75.0537,169.889,982.542,71.0833,172.353,980.454,77.9857,172.706,985.156,63.2211,167.862,981.856,80.8836,167.489,982.522,52.8892,149.503,975.978,85.8826,149.926,962.711,39.6415,137.699,963.517,100.511,147.806,939.031,49.6355,143.283,951.621,103.842,173.793,973.257,56.6427,95.207,968.389,79.0288,94.6752,980.208,49.6316,54.5094,965.581,78.009,54.5726,991.96,41.1302,14.8038,970.446,74.8875,16.4268,963.457,105.111,204.025,975.484,98.4517,213.855,986.625,106.123,223.507,972.949,112.947,212.868,948.41,104.437,219.857
000494:980.178,75.1654,170.441,983.54,71.2951,172.927,981.212,78.1108,173.287,987.125,63.4872,168.424,982.92,81.0868,167.988,983.9,52.9935,149.851,976.086,85.9008,150.223,962.994,39.6505,137.236,961.312,99.6138,146.903,937.932,49.5136,142.338,947.674,102.494,171.91,971.54,56.5713,95.8142,965.886,78.9194,95.3186,980.448,49.8738,54.9824,964.634,78.1157,55.2077,992.403,41.4336,15.1282,970.695,75.2065,16.9757,957.183,105.226,205.179,968.585,98.6462,216.295,977.691,107.474,226.311,964.724,114.134,214.327,951.874,104.209,216.721
000495:980.196,75.118,170.578,982.872,71.2053,173.042,981.091,77.9804,173.483,984.996,63.2681,168.488,982.397,80.8941,168.103,981.84,52.981,149.737,975.731,85.6446,149.971,963.602,40.6604,136.671,962.283,98.5107,145.118,944.338,52.1085,142.555,945.042,100.712,168.838,971.617,56.9209,95.4717,967.307,79.3104,94.892,978.141,50.0665,54.7983,964.48,78.384,54.9291,991.011,41.504,15.0165,969.453,75.2048,16.8537,949.576,105.195,204.834,960.787,98.8961,217.253,967.226,108.855,227.301,954.482,115.152,213.981,952.293,104.168,213.056
000496:977.553,75.2098,170.755,980.621,71.4286,173.232,979.026,78.1481,173.685,984.111,63.6986,168.813,981.917,81.2892,168.334,981.641,53.4204,150.202,976.601,85.9165,150.235,962.688,40.8557,137.262,963.535,97.6996,144.459,941.62,51.834,143.604,942.805,98.8388,167.169,970.502,57.1017,96.0507,966.769,79.4676,95.3772,977.454,50.2622,55.1999,963.901,78.573,55.3315,991.799,41.8104,15.1439,970.405,75.77,16.8512,944.232,104.793,205.13,954.347,99.0342,218.316,959.332,109.865,228.03,947.759,115.562,213.977,945.886,103.902,217.547
000497:977.385,75.1114,170.495,980.562,71.4038,172.96,979.383,78.0385,173.485,984.782,63.7563,168.636,983.183,81.2605,168.15,981.646,53.5878,150.035,978.25,85.7874,149.859,957.014,41.8008,136.79,966.797,96.4616,142.196,927.643,53.943,143.925,944.435,96.4601,163.107,969.306,57.2447,96.3877,965.782,79.5135,95.6693,976.675,50.5891,55.6645,962.077,78.7637,55.9934,990.754,42.0167,15.7241,967.224,75.827,17.6622,937.12,103.825,203.25,946.63,98.6919,217.529,947.147,110.453,226.808,936.484,115.442,211.674,936.755,103.784,217.535
000498:978.736,75.2649,170.611,981.466,71.6112,173.057,980.479,78.231,173.594,984.949,64.0439,168.648,983.893,81.5448,168.092,981.843,53.9896,149.881,978.872,85.7748,149.444,958.849,42.0062,136.848,968.287,95.308,140.824,932.183,53.6888,144.561,943.229,93.666,160.722,970.231,57.5251,95.7856,967.347,79.7211,94.9466,975.761,50.5151,55.1594,963.468,78.8899,55.3081,990.905,42.1104,15.273,968.855,76.3039,16.8653,928.692,101.794,200.579,937.372,97.5233,215.28,935.829,109.797,223.798,926.06,113.888,208.328,924.94,103.201,220.941
000499:977.046,75.2218,170.734,979.562,71.5891,173.193,978.513,78.1754,173.736,983.105,63.9359,168.767,981.625,81.4111,168.146,980.204,53.7583,149.807,977.295,85.4385,149.274,957.986,42.0495,136.119,966.945,94.2612,139.374,929.266,54.2991,143.341,942.402,91.5457,157.889,970.482,57.4291,95.9134,967.121,79.6215,95.1081,976.061,50.557,55.3151,963.461,78.9536,55.6047,989.621,42.2881,15.5187,967.916,76.5986,17.1021,922.052,100.341,196.915,926.766,96.4236,211.535,921.567,108.494,219.431,916.091,112.244,204.106,916.122,102.441,224.484
000500:977.393,74.975,170.607,979.631,71.3753,173.073,978.48,77.9577,173.626,982.416,63.871,168.628,980.898,81.3031,168.03,979.333,53.9088,149.544,975.978,85.3715,148.973,960.638,42.4963,135.52,964.747,93.4625,138.144,936.237,54.9425,142.52,938.995,89.3512,155.336,970.265,57.6986,95.6694,966.728,79.8263,94.8641,976.401,50.7668,55.0802,963.635,79.2156,55.3966,991.164,42.4529,15.1866,968.894,76.9661,16.6816,916.37,98.1513,192.869,919.831,94.8065,207.365,912.752,106.772,214.648,908.518,109.961,199.487,910.548,101.492,227.764
000501:975.467,74.9849,170.328,978.247,71.4255,172.828,977.42,77.9528,173.401,983.039,63.9959,168.598,982.396,81.3091,167.999,980.225,54.2157,149.659,979.818,85.2897,148.951,957.568,43.9987,135.409,969.164,92.354,136.865,925.491,57.7412,142.585,938.319,86.6041,152.444,970.252,57.9662,96.2455,968.142,79.932,95.38,974.535,51.1275,55.6134,963.272,79.3983,55.8934,990.139,42.6579,15.3389,969.261,77.185,16.506,910.014,95.6422,187.146,912.592,92.8701,201.045,905.126,104.298,207.54,901.801,106.902,192.98,901.59,101.432,231.195
000708:334.525,37.3446,1.4275
