001122:980.554,112.985,150.049,979.811,109.845,154.039,981.523,114.428,153.072,981.165,99.6455,155.197,988.408,111.473,152.598,978.264,87.2009,141.023,1004.94,105.267,135.229,960.834,91.9612,124.141,1018.89,106.141,111.932,943.171,117.895,122.103,1011.67,118.926,102.53,997.097,77.0886,86.5423,1012.7,91.9119,83.955,989.029,71.4857,48.3388,1004.53,94.3144,46.4045,999.556,61.2514,9.69225,1007.1,93.2039,8.90991,1041.94,158.158,100.13,1042.66,167.286,108.885,1048.92,178.82,102.091,1047.57,169.873,93.0286,0,0,0
001123:984.371,113.952,149.789,983.623,110.801,153.846,984.596,115.374,152.857,984.32,100.395,155.208,989.359,112.252,152.506,982.771,87.6211,141.196,1002.77,105.839,135.438,970.564,92.2224,124.019,1015.49,106.429,112.246,958.09,118.564,121.565,1010.91,118.926,102.752,999.12,77.4587,87.2074,1011.57,92.3811,84.7083,990.335,71.7297,48.9776,1005.34,94.5158,47.0521,999.224,61.4819,10.294,1008.16,93.132,9.27749,1041.45,158.028,100.134,1040.75,167.043,108.901,1045.93,178.37,102.049,1046.51,169.584,92.9411,0,0,0
001124:985.515,114.03,150.22,984.554,110.885,154.291,986.126,115.476,153.251,984.385,100.466,155.581,991.621,112.312,152.892,980.071,87.7667,141.486,1006.48,105.78,135.591,963.464,92.9237,124.231,1019.86,106.428,111.929,951.189,119.446,121.586,1013.41,119.527,101.811,997.337,77.1564,87.0989,1013.35,91.9705,84.3898,988.497,71.3431,48.8053,1006.3,94.2874,46.6151,998.54,61.123,10.0576,1007.91,93.2061,8.89468,1043.3,158.215,99.5322,1042.28,167.189,108.246,1048.39,178.515,101.376,1049,169.772,92.2972,0,0,0
001125:981.927,113.879,149.665,981.157,110.786,153.686,982.92,115.291,152.671,982.213,100.483,154.943,989.864,112.039,152.26,978.479,87.8381,140.933,1007.49,105.394,134.967,963.247,92.8663,124.076,1023.09,106.011,111.416,949.394,118.855,121.877,1020.32,119.448,101.357,996.68,77.2089,86.7535,1013.39,91.7053,84.0643,988.952,71.6367,48.5323,1005.9,94.2137,46.4898,1000.75,61.4494,9.74328,1007.76,93.2969,8.93206,1044.6,158.09,99.0885,1042.78,167.054,107.821,1048.73,178.454,100.877,1049.82,169.679,91.7883,0,0,0
001126:984.324,114.224,150.025,983.396,111.121,154.073,985.134,115.67,153.076,983.662,100.755,155.427,991.727,112.448,152.697,978.72,87.9,141.371,1009.07,105.706,135.379,960.335,92.1382,124.39,1025.87,105.958,111.593,946.357,117.338,121.801,1020.71,118.445,101.316,997.27,77.4058,86.9852,1014.95,92.1,84.2054,988.317,71.6072,48.7707,1006.39,94.407,46.5962,999.571,61.314,9.98928,1007.3,93.4912,9.03871,1045.09,157.943,98.7829,1043.65,167.207,107.601,1049.23,178.676,100.49,1050.15,169.603,91.3542,0,0,0
001127:983.427,113.847,149.932,982.745,110.705,153.94,984.869,115.361,152.939,984.525,100.473,155.075,993.229,112.498,152.41,981.16,87.9588,140.966,1010.91,106.197,135.012,964.919,92.9903,124.156,1026.54,106.794,111.541,952.745,119.449,122.067,1018.12,119.126,101.893,996.662,77.5316,86.8333,1014.14,92.4637,84.0066,986.761,71.43,48.749,1005.09,94.5061,46.4903,998.92,61.224,10.0103,1007.82,93.473,8.74679,1045.37,157.988,98.7503,1045.61,167.347,107.309,1050.94,178.528,100.109,1050.29,169.393,91.257,0,0,0
001128:985.915,114.439,149.92,985.008,111.305,153.958,987.297,115.859,152.925,985.755,100.828,155.213,995.167,112.587,152.516,981.488,88.0632,140.965,1012.58,105.803,134.915,964.67,93.138,123.956,1027.28,106.182,110.978,951.909,119.827,121.727,1020.46,119.007,100.613,998.673,77.3299,86.1636,1016.62,92.0267,83.3842,988.613,71.4844,48.2051,1006.24,94.4682,46.0983,999.686,61.036,9.78476,1007.43,93.2306,8.87743,1047.52,157.852,98.1755,1047.94,167.078,106.9,1053.61,178.409,99.9166,1052.69,169.403,90.8697,0,0,0
001129:984.644,114.518,149.953,983.815,111.367,154.003,986.048,116.005,152.967,985.019,100.963,155.264,994.216,112.98,152.542,980.775,88.1455,141.107,1012,106.496,135.017,964.043,92.8108,124.256,1025.9,106.933,111.34,950.913,119.187,122.039,1016.19,119.158,101.314,997.98,77.5905,86.5211,1016.42,92.5832,83.6094,987.122,71.4554,48.5919,1006.21,94.5052,46.2601,999.281,61.2395,10.0759,1008.47,93.2437,8.82444,1045.23,157.667,98.4105,1045.38,166.978,106.953,1051.49,178.186,99.7786,1050.85,169.1,90.9481,0,0,0
001130:983.252,114.74,149.959,982.394,111.614,154.053,983.941,116.254,152.991,982.94,101.201,155.437,989.752,113.218,152.648,980.662,88.2757,141.445,1004.69,106.682,135.415,970.823,93.0545,124.336,1019.58,107.082,111.843,963.474,119.923,121.82,1019.31,119.394,101.574,995.54,77.44,87.3892,1010.08,92.4863,84.6045,987.172,71.3611,49.0505,1005.15,94.542,46.7465,996.879,61.2028,10.309,1007.99,93.3677,8.75227,1047.27,157.815,98.2673,1045.49,167.001,106.722,1051.13,178.011,99.48,1052.78,169.075,90.698,0,0,0
001131:983.491,114.845,149.894,982.84,111.725,153.97,984.821,116.36,152.897,984.116,101.323,155.261,992.279,113.318,152.496,980.132,88.4137,141.272,1008.91,106.779,135.116,963.291,93.0606,124.503,1022.15,107.176,111.444,948.734,119.31,122.366,1014.17,119.632,101.208,997.17,77.6385,86.9781,1013.95,92.6147,84.0922,988.016,71.5294,48.7631,1005.37,94.6445,46.5251,1000.09,61.1386,9.95307,1008.53,93.3717,8.72192,1047.12,157.852,98.1239,1048.21,167.181,106.468,1054.83,178.278,99.2512,1053.22,169.148,90.5952,0,0,0
001132:985.053,114.788,149.865,984.104,111.731,153.919,986.027,116.247,152.865,983.985,101.431,155.261,992.445,113.013,152.506,978.078,88.624,141.361,1008.61,106.156,135.272,957.874,93.2032,124.644,1022.97,106.417,111.738,942.826,118.46,122.06,1016.78,119.121,101.698,996.44,77.5724,87.0664,1014.14,92.0921,84.2087,988.158,71.6191,48.786,1006.84,94.4162,46.4621,998.515,61.1228,10.1723,1008.33,93.4154,8.7809,1045.16,157.723,98.299,1044.57,166.958,106.63,1051.38,178.142,99.3692,1051.35,169.104,90.7092,0,0,0
001133:981.876,114.923,150.019,980.963,111.833,154.081,982.71,116.443,153.023,981.686,101.516,155.402,989.625,113.412,152.599,978.224,88.4927,141.365,1007,106.849,135.234,962.568,92.4427,124.379,1022.74,107.1,111.482,950.288,117.856,121.519,1018.3,119.112,101.053,997.125,77.6878,87.1303,1014.18,92.6886,84.2392,987.734,71.6003,49.0099,1006.25,94.7257,46.6546,998.258,61.0925,10.4133,1007.32,93.3405,9.12329,1047.28,157.568,98.0085,1046.03,166.809,106.567,1052.71,178.094,99.3392,1053.37,169.033,90.4719,0,0,0
001134:983.991,115.461,149.966,982.91,112.37,154.023,985.345,116.964,152.987,982.912,101.875,155.381,993.458,113.778,152.614,977.691,88.7844,141.314,1011.7,106.837,135.213,960.599,93.3693,124.174,1027.53,106.974,111.541,951.47,119.91,121.172,1019.27,119.013,101.698,995.985,77.4313,86.8263,1015.89,92.2822,83.8692,987.18,71.6158,48.6577,1007.53,94.7428,46.2475,999.005,60.9994,9.93619,1008.15,93.3378,8.83305,1048.16,157.676,98.3354,1048.28,167.175,106.751,1053.6,178.264,99.4506,1052.89,168.985,90.7256,0,0,0
001135:985.844,115.663,149.916,984.916,112.593,153.976,986.614,117.176,152.899,984.269,102.142,155.205,992.492,113.963,152.391,979.01,89.0023,141.189,1008.55,106.978,134.972,963.878,93.4597,124.159,1023.22,107.126,111.335,953.661,119.363,121.181,1018.91,119.6,101.299,997.019,77.4702,86.9256,1014.52,92.2187,83.9738,988.478,71.5737,48.6985,1007.08,94.4888,46.3087,999.847,61.1397,9.97409,1008.62,93.3139,8.78117,1046.47,157.767,98.735,1046.1,166.947,107.147,1051.42,177.986,100.093,1051.3,169.023,91.3406,0,0,0
001136:982.546,115.205,149.925,981.454,112.117,153.972,983.578,116.71,152.908,982.092,101.816,155.248,991.377,113.644,152.48,979.303,89.0353,141.226,1009.59,106.948,135.186,965.456,94.0489,123.987,1024.81,107.163,111.617,956.529,120.365,120.865,1017.26,119.379,101.716,998.714,77.8364,87.1,1016.6,92.6029,84.1784,988.452,71.7091,48.9847,1006.48,94.5685,46.6505,1000.03,61.2902,10.2848,1006.74,93.2371,9.13207,1047.27,157.935,98.6836,1046.96,167.146,107.189,1052.21,178.227,100.096,1052.11,169.245,91.256,0,0,0
001137:983.983,115.671,149.727,982.944,112.621,153.754,984.818,117.149,152.689,983.861,102.256,154.974,992.511,113.907,152.187,981.855,89.2895,140.779,1010.23,106.849,134.737,968.631,94.1334,123.249,1024.95,106.967,111.167,958.818,120.27,119.609,1018.13,119.417,101.425,1000.79,77.5691,86.3343,1017.84,92.2034,83.492,989.664,71.587,48.4106,1007.8,94.6304,46.1059,999.464,60.9687,10.0698,1007.74,93.3941,8.90887,1049.84,158.181,98.6269,1049.47,167.185,107.239,1055.63,178.439,100.361,1055.36,169.651,91.382,0,0,0
001138:983.528,115.522,149.599,982.552,112.453,153.635,984.272,117.009,152.578,982.801,102.152,154.862,990.615,113.812,152.109,979.151,89.3177,140.895,1007.4,107.004,134.905,963.938,94.1135,123.538,1022.15,107.214,111.457,949.789,119.519,120.073,1019.68,119.962,101.554,998.62,78.019,87.0443,1015.18,92.6424,84.1939,989.687,71.9308,48.8598,1007.15,94.7968,46.5589,999.93,61.0176,10.2641,1008.25,93.3874,8.95596,1049.62,158.332,98.9545,1047.23,167.026,107.634,1053.13,178.195,100.846,1054.76,169.689,91.7875,0,0,0
001139:983.798,116.087,149.798,982.765,113.032,153.838,984.807,117.561,152.801,983.255,102.69,155.161,992.269,114.296,152.389,979.865,89.7861,141.261,1009.52,107.25,135.217,963.87,94.4887,124.133,1021.68,107.175,111.949,950.115,120.097,120.956,1010.25,119.33,102.649,1000.52,78.2896,87.1802,1018.26,92.8065,84.3078,989.525,72.3007,49.0421,1007.34,94.9982,46.7628,1000.92,61.1739,10.2442,1007.96,93.3892,9.23674,1046.85,158.05,99.55,1047.55,167.153,108.049,1053.81,178.36,101.117,1052.38,169.441,92.2639,0,0,0
001140:986.657,116.482,149.83,985.369,113.426,153.913,987.247,117.995,152.828,984.592,103.001,155.275,993.734,114.766,152.451,980.488,89.9487,141.389,1010.31,107.671,135.288,966.899,94.8733,123.998,1024.12,107.702,111.947,958.998,121.062,120.388,1015.33,119.939,102.586,999.712,77.9558,87.339,1018,92.6218,84.3292,987.173,71.8132,49.2017,1006.79,94.6255,46.6779,999.122,61.1176,10.2764,1006.95,93.1991,8.98622,1047.92,158.362,99.8313,1047.31,167.343,108.289,1053.67,178.458,101.373,1053.77,169.702,92.5515,0,0,0
001141:985.341,116.135,149.858,984.506,113.051,153.883,985.597,117.649,152.813,983.993,102.675,155.002,990.323,114.536,152.23,980.003,89.6763,140.911,1004.75,107.691,134.913,965.877,94.4146,123.49,1018.72,107.986,111.744,954.799,120.525,119.903,1017.79,120.371,102.459,997.634,77.9717,87.0085,1012.65,92.8091,84.1266,990.403,71.7999,48.7254,1007.57,94.8393,46.3331,998.805,61.1091,10.3796,1007.28,93.2336,8.94714,1049.46,158.764,99.9812,1047.66,167.54,108.633,1054.17,178.777,101.818,1055.45,170.218,92.8203,0,0,0
001142:985.075,116.485,149.757,984.072,113.425,153.778,985.983,117.914,152.745,984.388,103.002,155.025,993.199,114.507,152.304,981.073,90.2113,140.979,1009.9,107.221,135.125,968.469,95.5624,123.234,1023.67,107.214,111.945,960.098,121.707,119.129,1016.66,119.828,102.839,998.306,78.3754,87.0386,1015.71,92.6508,84.1992,987.556,72.3417,48.9704,1006.51,94.8133,46.6025,999.786,61.206,10.2604,1007.96,93.1855,9.02849,1050.04,158.586,100.124,1048.29,167.465,108.855,1054.08,178.709,101.978,1055.44,170.063,92.8541,0,0,0
001143:981.794,116.451,149.931,981.268,113.407,153.917,982.389,117.844,152.882,982.668,103.024,155.052,988.297,114.355,152.296,981.975,90.2148,140.872,1003,107.021,134.884,972.913,95.3298,123.486,1015.77,107.191,111.816,959.567,121.07,120.038,1015.81,120.407,102.675,998.08,78.3123,86.546,1010.81,92.495,83.852,990.1,72.1698,48.3927,1005.11,94.7016,46.2593,998.867,61.0649,10.2964,1008.11,93.2553,8.88152,1049.28,158.946,100.476,1047.92,167.568,109.367,1054.4,179.005,102.75,1055.2,170.591,93.4727,0,0,0
001144:985.845,116.591,149.355,985.146,113.605,153.342,986.793,117.982,152.296,985.596,103.269,154.531,993.418,114.387,151.802,981.798,90.4777,140.608,1008.09,106.783,134.698,967.27,95.8712,123.115,1019.21,106.755,111.706,953.502,121.214,119.229,1011.11,120.176,102.81,997.554,78.1608,86.8971,1013.4,91.9971,84.1677,988.572,72.4001,48.8172,1005.67,94.5961,46.6174,999.702,61.1703,10.3087,1007.64,93.2334,9.16669,1050.39,159.039,100.755,1049.67,167.646,109.543,1055.82,179.065,103.019,1055.89,170.66,93.7901,0,0,0
001145:986.482,116.796,149.602,985.235,113.75,153.63,988.133,118.284,152.571,985.197,103.427,154.838,997.426,114.978,152.135,980.071,90.7045,140.971,1016.03,107.812,135.07,963.338,96.1215,123.254,1026.84,107.895,112.018,955.411,121.826,118.847,1008.42,120.692,103.354,999.412,78.7096,87.3993,1021.25,92.9266,84.3578,985.921,72.72,49.4385,1008.11,94.9457,46.8019,999.758,61.3366,10.4759,1008.82,93.1296,9.12528,1047.41,159.001,101.422,1048.31,167.782,110.062,1054.15,179.04,103.516,1052.57,170.45,94.4599,0,0,0
001146:986.09,116.566,149.762,985.412,113.542,153.764,986.75,117.986,152.706,985.257,103.242,154.886,991.989,114.568,152.202,981.076,90.6353,141.003,1004.7,107.305,135.211,966.271,96.3527,123.473,1013.02,107.532,112.553,954.591,122.254,119.605,1001.91,120.777,104.19,997.134,78.5333,87.5042,1012.15,92.5762,84.7578,988.694,72.5892,49.1377,1006.57,94.8641,46.787,999.452,61.3103,10.3594,1009.58,93.2732,8.83029,1047.17,159.196,101.79,1047.24,167.725,110.41,1054.97,179.119,103.91,1054.32,170.783,94.8505,0,0,0
001147:984.569,116.788,149.669,983.34,113.759,153.701,985.775,118.262,152.632,983.24,103.547,154.963,993.752,114.981,152.229,979.05,90.9545,141.265,1011.16,107.86,135.356,963.527,96.4967,123.777,1022.15,107.786,112.402,954.047,121.928,119.738,1007.4,120.43,103.789,998.59,79.0048,88.0225,1018.37,93.1685,85.0193,986.87,72.8768,49.8351,1008.08,95.1211,47.2098,998.965,61.5338,10.9053,1008.47,93.397,9.29595,1046.96,159.304,102.245,1046.32,167.824,111.106,1053.24,179.297,104.666,1053.19,170.957,95.3896,0,0,0
001148:984.816,116.861,149.665,983.833,113.836,153.682,985.883,118.306,152.614,984.071,103.553,154.859,993.259,114.906,152.151,980.104,90.8761,140.956,1010.06,107.561,135.013,965.026,96.5123,123.401,1019.8,107.479,111.963,953.096,122.317,119.541,1005.23,120.286,103.383,1000.24,78.6223,87.078,1018.77,92.6931,84.1406,989.177,72.6531,48.8816,1008.54,94.9038,46.412,1001.19,61.331,10.0865,1009.27,93.2743,8.80362,1046.64,159.163,102.716,1046.98,167.781,111.754,1053.79,179.43,105.441,1052.71,170.996,95.9848,0,0,0
001149:982.469,116.576,149.654,981.672,113.559,153.648,983.554,117.953,152.597,982.623,103.324,154.85,991.162,114.489,152.175,979.63,90.7871,140.954,1007.24,107.187,135.083,965.001,96.2841,123.37,1017.55,107.213,112.007,952.295,121.525,119.38,1003.74,120.381,103.3,997.92,78.869,87.0784,1014.87,92.7656,84.2729,987.39,72.8592,48.9676,1005.17,94.9488,46.6691,1001.49,61.3861,10.1538,1009.28,93.3242,8.89812,1045.13,159.018,102.931,1046.86,167.479,112.086,1053.79,179.229,106.054,1051.48,170.939,96.4559,0,0,0
001150:983.441,116.865,149.921,982.372,113.886,153.861,984.591,118.172,152.846,981.988,103.669,154.888,992.802,114.415,152.299,975.956,91.3292,140.939,1010.55,106.71,135.113,956.399,97.1255,123.439,1020,106.782,112.227,946.308,122.046,119.106,1000,120.75,103.986,997.221,79.0397,87.0777,1018.77,92.3159,84.1822,986.314,73.4412,49.0702,1009.4,95.0431,46.4704,999.469,61.4709,10.4041,1009.6,93.4372,9.17741,1046.14,159.288,103.621,1046.47,167.561,112.757,1054.11,179.427,106.762,1052.87,171.322,97.126,0,0,0
001151:983.379,117.168,149.634,981.959,114.158,153.613,984.443,118.5,152.575,982.329,103.867,154.78,993.327,114.799,152.103,980.192,91.3346,140.883,1012.56,107.145,134.999,967.054,97.0799,123.093,1024.27,107.016,111.851,959.043,122.5,118.661,1009.34,120.722,103.256,1002.25,79.0345,87.1209,1022.31,92.5981,84.265,988.465,73.3664,49.1807,1009.61,95.1525,46.7471,999.168,61.4233,10.575,1007.56,93.2392,9.54542,1051.41,159.479,103.627,1050.37,167.629,113.059,1056.25,179.468,107.188,1056.61,171.517,97.2433,0,0,0
001152:983.055,116.791,149.789,982.068,113.791,153.753,984.099,118.186,152.734,982.951,103.722,154.907,991.716,114.744,152.261,980.863,91.4594,141.115,1008.4,107.377,135.342,969.015,97.38,123.484,1020.73,107.319,112.582,960.214,122.597,119.174,1011.24,120.639,104.455,998.235,79.2836,87.7288,1015.15,92.8953,84.9225,988.149,73.2586,49.4174,1007.17,95.0242,46.9908,1000.49,61.4766,10.5788,1008.81,93.3121,9.17664,1051.8,159.905,104.12,1050.12,168.096,113.497,1055.83,179.851,107.507,1057.13,171.876,97.6522,0,0,0
001153:984.745,117.077,149.742,983.668,114.046,153.705,985.708,118.437,152.678,983.585,103.847,154.801,992.553,114.936,152.151,979.73,91.4811,141.036,1009.14,107.555,135.125,963.896,97.2286,123.886,1019.86,107.561,112.537,950.197,122.356,120.344,1007.93,120.866,104.851,1000.04,79.358,87.4775,1018.29,93.0703,84.553,988.395,73.2817,49.2883,1008.38,95.1489,46.7757,999.628,61.3988,10.6164,1009.58,93.2726,9.08041,1046.88,159.514,104.888,1044.76,167.471,114.27,1050.9,179.205,108.402,1052.4,171.446,98.5721,0,0,0
001154:982.563,116.843,149.879,981.661,113.852,153.871,983.518,118.257,152.808,982.566,103.828,154.999,990.603,114.877,152.338,980.314,91.5821,141.403,1006.98,107.64,135.566,968.4,97.6986,123.917,1018.78,107.707,112.822,958.347,122.964,119.907,1009.97,121.388,104.74,997.706,79.2781,88.4412,1014.17,92.9054,85.6241,987.706,73.3986,49.9311,1007.18,95.0903,47.4499,998.895,61.5234,10.8321,1008.74,93.2315,9.2955,1047.63,159.634,105.654,1045.43,167.458,114.999,1051.39,179.119,109.286,1053.02,171.477,99.435,0,0,0
001155:985.032,117.021,149.757,983.797,113.986,153.703,985.805,118.35,152.691,983.447,103.81,154.814,992.841,114.839,152.175,980.303,91.5118,141.031,1009.19,107.522,135.237,967.474,97.4,123.532,1021.47,107.692,112.62,960.239,122.852,119.368,1010.8,121.271,104.99,998.451,79.461,87.683,1016.34,93.127,84.8488,988.355,73.4449,49.4309,1008.17,95.2284,46.9619,1000.5,61.494,10.6481,1007.69,93.1337,9.40371,1047.02,159.541,105.552,1044.76,167.353,115.176,1049.76,179.163,109.532,1051.52,171.557,99.4246,0,0,0
001156:982.765,117.197,149.624,981.651,114.189,153.615,983.703,118.617,152.566,982.821,104.137,154.859,991.591,115.301,152.134,982.392,91.709,141.194,1009.04,108.053,135.257,972.071,97.2064,123.772,1022.08,107.848,112.435,961.698,122.203,119.82,1012.91,120.657,104.501,1000.6,79.5027,87.8317,1016.95,93.3649,84.9549,988.464,73.3016,49.5382,1007.26,95.2103,47.0585,999.78,61.6082,10.71,1008.59,93.354,9.15752,1045.01,159.423,106.028,1041.88,167.23,115.808,1044.45,178.863,110.293,1047.23,171.286,100.064,0,0,0
001157:983.418,117.603,149.421,982.295,114.612,153.412,984.359,118.95,152.368,982.788,104.431,154.698,992.017,115.38,151.99,980.95,91.9271,141.04,1009.15,107.92,135.1,969.148,97.4545,123.639,1020.95,107.815,112.354,961.188,122.742,119.604,1009.92,121.146,104.702,999.617,79.5943,87.4824,1017.28,93.2515,84.6372,988.523,73.7394,49.2013,1009.35,95.5275,46.6547,999.425,61.5672,10.4315,1008.72,93.1432,9.08192,1046.94,159.631,106.217,1044.57,167.107,115.936,1049.83,178.92,110.69,1051.69,171.65,100.473,0,0,0
001158:985.272,117.637,149.215,984.503,114.68,153.241,986.324,119.083,152.16,985.131,104.654,154.577,993.05,115.718,151.874,982.47,92.281,141.268,1007.7,108.4,135.403,972.823,98.4145,123.927,1018.14,108.338,113.122,966.233,124.037,119.889,1008.91,121.597,105.818,996.293,79.5578,88.6284,1012,93.1935,85.7612,986.698,73.516,50.0433,1006.09,95.1293,47.4805,1000.09,61.7398,10.7512,1008.37,93.13,9.13665,1047.22,159.766,106.847,1045.57,167.448,116.078,1050.67,178.87,110.572,1052.14,171.439,100.837,0,0,0
001159:984.304,117.347,149.502,983.664,114.362,153.462,985.08,118.727,152.415,984.471,104.32,154.574,990.755,115.306,151.916,982.034,91.9727,140.98,1003.71,108.032,135.121,968.799,97.6053,123.886,1011.3,108.118,112.855,954.385,122.657,120.38,1001.06,121.515,105.673,997.513,79.6117,87.9255,1011.65,93.2763,85.2111,988.782,73.7732,49.5461,1008.23,95.627,47.0473,997.923,61.5534,10.9271,1010.9,93.2884,9.13333,1045.67,159.755,106.887,1042.23,166.972,116.393,1047.94,178.611,111.187,1050.98,171.615,101.189,0,0,0
001160:981.735,117.425,149.426,980.721,114.461,153.381,982.79,118.754,152.323,981.41,104.404,154.511,990.043,115.128,151.845,978.975,92.1243,140.937,1007.2,107.65,134.951,965.799,98.0502,123.974,1017.19,107.88,112.686,952.223,122.813,120.392,1008.14,122.19,105.504,999.048,79.4972,87.5212,1016.47,92.8275,84.6401,988.424,73.6232,49.2385,1008.96,95.1389,46.6723,997.176,61.501,10.8339,1008.86,93.117,9.1034,1048.3,160.144,106.826,1043.98,167.268,116.294,1050.44,178.977,111.027,1053.81,172.05,101.042,0,0,0
001161:981.052,117.191,149.69,980.037,114.2,153.625,981.877,118.548,152.58,980.284,104.213,154.684,988.356,115.123,152.05,977.184,92.1303,141.175,1004.23,107.824,135.181,963.284,98.3108,124.53,1014.57,107.989,113.023,951.625,123.693,121.454,1004.86,121.625,106.186,996.695,79.606,87.866,1013.67,93.0785,84.939,986.919,73.5596,49.5208,1007.9,95.2475,46.8449,998.289,61.4831,10.8506,1009.88,93.142,9.0076,1045.1,159.829,107.475,1041.35,167.055,116.862,1047.38,178.597,111.567,1050.62,171.629,101.713,0,0,0
001162:983.197,117.552,149.532,982.469,114.577,153.515,983.685,118.948,152.42,983.063,104.532,154.651,988.623,115.537,151.951,981.55,92.2116,141.169,1001.78,108.232,135.227,969.817,98.325,124.117,1008.87,108.245,113.018,955.45,123.823,120.683,998.981,121.548,105.922,1000.08,79.5136,88.0287,1013.33,93.1866,85.246,991.305,73.532,49.4741,1008.64,95.3385,47.036,999.385,61.5457,10.8545,1010.53,93.0868,9.03734,1045.09,159.568,107.336,1042.87,166.871,116.616,1049.51,178.39,111.349,1051.19,171.313,101.581,0,0,0
001163:982.114,117.611,149.455,980.865,114.618,153.427,982.511,118.988,152.358,980.531,104.599,154.563,988.126,115.579,151.88,977.74,92.3938,141.273,1003.92,108.377,135.241,965.308,98.3531,124.762,1014.7,108.744,113.317,955.189,123.682,121.723,1006.46,122.656,106.593,997.906,79.7746,88.3959,1014.86,93.3523,85.4028,986.386,73.7158,49.9843,1008.56,95.2787,47.1796,997.404,61.6655,11.0708,1009.46,92.9967,9.13276,1045.92,160.064,107.567,1040.23,167.229,116.773,1046.71,178.696,111.257,1051.84,171.779,101.569,0,0,0
001164:981.751,117.731,149.438,980.566,114.75,153.375,982.433,119.134,152.276,979.55,104.77,154.35,988.344,115.769,151.654,974.351,92.5582,140.969,1004.28,108.488,134.743,957.661,98.5744,124.684,1013.66,108.604,112.525,947.38,123.867,121.826,1001.41,122.161,105.525,995.637,79.7091,87.9962,1014.48,93.3005,84.8297,987.682,73.4871,49.5692,1009.69,95.395,46.6804,998.587,61.2887,10.9753,1007.94,93.0893,9.14427,1045.95,160.091,107.128,1042.23,167.187,116.434,1049.31,178.742,111.185,1052.24,171.876,101.421,0,0,0
001165:983.859,117.973,149.643,982.518,114.986,153.617,984.395,119.382,152.538,980.453,104.985,154.755,989.134,116.029,152.042,973.962,92.6695,141.505,1003.09,108.774,135.305,958.202,97.9734,125.313,1011.57,108.795,113.326,948.618,122.416,122.262,1001.11,121.901,106.504,994.118,80.1215,88.5104,1012.79,93.7609,85.3279,984.961,73.7734,50.0363,1008.45,95.4422,46.9955,998.015,61.5485,11.1263,1010.04,93.101,8.97396,1046.18,159.732,107.164,1042.1,167.028,116.33,1050.18,178.63,110.805,1053.8,171.549,101.2,0,0,0
001166:983.721,118.009,149.511,982.408,114.985,153.524,984.683,119.458,152.432,981.527,104.887,154.749,991.498,116.228,151.996,975.951,92.3799,141.501,1008.57,109.195,135.222,960.327,97.5073,125.187,1021.22,109.423,112.912,953.776,122.47,122.09,1010.43,122.452,105.76,994.891,79.9799,88.624,1015.18,93.9835,85.3295,984.711,73.5394,50.2044,1009.11,95.4823,47.1236,998.157,61.5525,11.1942,1009.69,93.0711,9.06338,1047.26,159.774,107.055,1042.98,167.065,116.247,1049.06,178.41,110.737,1053,171.359,101.117,0,0,0
001167:977.034,117.214,149.848,975.801,114.22,153.77,977.613,118.512,152.757,975.884,104.207,154.823,984.356,114.947,152.215,973.711,92.2621,141.365,1002.55,107.539,135.286,963.544,98.4428,124.958,1015.73,107.743,113.08,956.141,123.709,122.009,1009.5,121.893,105.927,995.974,79.8511,87.8592,1014.19,93.0638,84.8447,987.005,73.8306,49.4331,1009.45,95.2588,46.6734,998.452,61.3924,10.8181,1010.3,93.1164,9.01875,1046.91,159.66,106.779,1042.97,167.079,116.01,1050.23,178.672,110.429,1053.49,171.487,100.726,0,0,0
001168:981.756,118.02,149.254,981.15,115.041,153.239,982.541,119.44,152.159,981.851,104.937,154.465,988.291,116.096,151.69,978.702,92.2873,141.096,1003.24,108.845,134.799,965.409,97.22,125.056,1013.27,108.925,112.738,951.113,122.153,122.655,1006.79,121.934,105.751,996.055,79.6746,87.782,1011.39,93.5989,84.7328,987.372,73.3537,49.3957,1006.88,95.4023,46.7144,998.197,61.4634,10.8773,1008.52,93.0906,8.99748,1045.08,159.681,106.344,1041.29,167.116,115.476,1047.98,178.564,109.841,1051.25,171.361,100.305,0,0,0
001169:984.275,118.441,149.782,983.631,115.434,153.822,985.825,119.971,152.68,984.854,105.292,155.082,993.427,116.817,152.247,981.31,92.4512,141.587,1009.66,109.81,135.196,967.367,97.4624,125.039,1018.91,110.012,112.654,953.783,122.612,121.961,1008.17,122.992,105.047,996.975,79.6864,88.1144,1014.29,94.0078,84.8967,987.17,73.1,49.6949,1007.62,95.4408,46.839,999.302,61.3805,10.9918,1009.38,93.0128,8.96283,1047.73,160.259,106.024,1044.14,167.584,115.204,1050.94,178.993,109.675,1053.78,171.872,100.082,0,0,0
001170:983.631,118.677,149.71,982.801,115.634,153.742,985.379,120.236,152.584,983.75,105.448,154.962,993.766,117.219,152.122,979.265,92.6171,141.389,1011.53,110.28,134.837,960.738,97.7109,125.264,1020.32,110.351,112.242,944.059,123.483,122.931,1005.49,122.534,104.816,998.971,79.7891,87.3859,1018.61,94.3656,83.947,987.235,72.89,49.1904,1008.23,95.5121,46.2047,1000.37,61.3383,10.71,1009.03,92.9115,8.67306,1049.37,160.305,105.469,1048.04,168.025,114.492,1056.25,179.466,108.724,1056.71,171.969,99.3693,0,0,0
001171:983.415,118.289,149.413,982.354,115.295,153.438,984.693,119.777,152.277,982.513,105.205,154.669,991.946,116.615,151.853,977.015,92.5809,141.391,1007.89,109.587,135.004,955.393,97.7183,125.404,1013.99,109.838,112.864,938.148,122.741,122.915,994.434,122.62,105.719,998.231,79.8101,88.1688,1017.73,93.9755,84.8589,987.01,73.3174,49.8656,1009.21,95.5346,46.9004,998.654,61.4677,11.1531,1009,92.945,9.07647,1045.88,159.78,105.107,1043.84,167.442,113.731,1055.44,178.991,107.67,1056.38,171.488,98.6659,0,0,0
001172:980.82,118.128,149.632,979.453,115.127,153.644,981.75,119.654,152.502,979.169,105.07,154.878,989.137,116.566,152.026,975.689,92.4617,141.479,1007.11,109.467,134.984,961.31,97.6799,125.347,1019.83,109.384,112.331,953.407,123.174,122.623,1008.97,121.683,104.466,997.103,79.6469,87.9653,1016.9,93.8802,84.5527,985.967,72.9479,49.722,1009.54,95.3312,46.5713,997.12,61.4774,11.2843,1009.51,93.1776,8.86378,1046.45,159.873,104.488,1043.69,167.825,113.408,1051.74,179.267,107.297,1053.8,171.547,98.0463,0,0,0
001173:983.868,118.749,149.21,982.712,115.797,153.3,984.485,120.329,152.132,982.183,105.667,154.801,990.356,117.182,151.866,977.608,92.6384,141.686,1006.54,109.952,135.237,961.575,97.188,125.337,1020.35,109.698,112.54,950.824,122.067,122.171,1016,121.951,104.228,996.497,79.5703,88.7348,1014.46,93.921,85.4043,985.542,73.0058,50.3452,1008.17,95.4177,47.2667,996.349,61.436,11.5804,1009.02,93.1384,9.15843,1049.97,160.174,103.887,1045.74,168.291,112.682,1054.7,179.782,106.256,1058.22,171.866,97.1144,0,0,0
001174:981.499,118.559,148.94,979.973,115.619,153.057,981.473,120.154,151.823,979.635,105.546,154.579,986.524,117.07,151.577,977.578,92.5901,141.696,1002.19,109.928,135.17,960.884,97.471,125.62,1014.56,109.848,112.556,947.083,122.827,123.053,1009.64,122.455,104.107,1000.94,79.2741,88.9413,1016.75,93.6412,85.6541,988.522,72.9126,50.3779,1009.56,95.1555,47.3845,996.71,61.7419,11.4514,1010.02,92.8688,8.95918,1048.71,160.042,103.384,1043.9,168.223,111.77,1054.75,179.592,105.015,1058.77,171.622,96.2675,0,0,0
001175:984.276,118.78,149.152,983.218,115.828,153.279,985.279,120.517,152.051,983.428,105.807,154.769,991.845,117.795,151.731,978.586,92.6305,141.871,1008.55,111.044,135.14,959.214,96.7215,126.274,1019.82,110.969,112.668,943.926,121.465,124.135,1011.04,122.675,104.639,998.445,79.5272,89.1766,1017.04,94.4252,85.6143,986.441,72.8037,50.6309,1010.02,95.4944,47.3196,996.681,61.6947,11.6102,1010.42,93.0006,8.84633,1046.63,160.29,103.031,1041.64,168.427,111.222,1051.55,179.534,104.409,1055.84,171.591,95.9414,0,0,0
001176:985.766,118.644,149.478,984.408,115.678,153.607,986.213,120.372,152.364,984.105,105.626,155.051,992.257,117.649,151.991,981.001,92.5,141.948,1009.18,110.874,135.224,965.624,96.9008,126.026,1023.65,110.813,112.318,956.562,122.455,123.65,1017.73,122.458,103.583,1000.77,79.2976,89.058,1018.54,94.2224,85.5307,987.684,72.577,50.6126,1010.48,95.3293,47.3573,997.07,61.6598,11.6927,1009.6,92.8888,9.08518,1048.34,159.965,101.766,1045.05,168.419,109.853,1053.7,179.371,102.947,1056.64,171.138,94.5781,0,0,0
001177:985.867,119.096,149.086,984.655,116.165,153.227,986.405,120.798,152.012,983.872,106.083,154.858,991.462,117.907,151.816,978.958,92.8721,141.876,1007.04,110.938,135.248,962.987,97.171,126.007,1019.51,110.641,112.517,950.763,122.593,123.716,1015.98,122.112,103.696,998.66,79.6538,89.0034,1016.1,94.4114,85.5768,986.708,73.0844,50.5334,1008.95,95.6773,47.3742,997.34,61.9034,11.4933,1009.42,93.0652,9.04575,1050.55,159.947,100.822,1044.81,168.505,108.913,1054.51,179.565,101.645,1059.65,171.196,93.295,0,0,0
001178:983.361,118.68,149.14,981.817,115.695,153.247,984.156,120.459,152.028,981.349,105.71,154.674,990.813,117.915,151.647,977.421,92.6688,141.542,1008.88,111.297,134.795,959.374,96.8094,125.898,1021.47,111.009,112.021,946.125,122.153,123.849,1014.05,121.828,103.237,1001.16,79.7313,88.4543,1021.02,94.8567,84.7761,986.717,72.7544,50.2252,1011.7,95.7231,46.7415,994.762,61.6603,11.6978,1010.15,93.0803,8.72774,1050.73,160.07,99.9327,1046.89,168.978,107.915,1056.6,179.997,100.473,1059.76,171.27,92.3074,0,0,0
001179:985.539,119.199,149.251,984.739,116.258,153.407,986.707,120.972,152.193,984.428,106.076,155.07,993.072,118.152,151.971,978.055,92.541,141.841,1009.7,111.154,135.054,960.22,96.3572,125.942,1022.32,110.54,111.86,948.723,121.727,123.645,1016.93,121.27,102.315,995.663,79.4974,88.5095,1014.93,94.5318,84.8962,985.346,72.6683,50.0944,1009.76,95.4871,46.6904,995.868,61.991,11.4302,1009.72,93.0351,8.655,1047.8,159.78,98.891,1044.38,168.906,106.999,1052.54,179.904,99.4875,1055.38,170.965,91.1855,0,0,0
001180:985.619,119.136,149.183,984.825,116.216,153.315,987.143,120.957,152.072,985.072,106.164,154.831,993.838,118.246,151.722,979.274,92.7571,141.573,1010.54,111.303,134.661,962.923,96.727,126.029,1020.69,110.737,111.664,950.211,122.084,124.197,1014.66,121.577,102.135,997.366,79.4651,88.2429,1016.21,94.4681,84.5835,986.813,72.5347,49.9198,1009.62,95.4902,46.5833,996.557,61.797,11.448,1008.9,93.1551,8.74722,1049.36,159.815,97.4224,1046.74,169.061,105.07,1056.36,179.902,97.2786,1058.22,170.806,89.4692,0,0,0
001181:984.702,118.815,149.026,983.771,115.891,153.155,986.236,120.622,151.908,984.15,105.822,154.652,994.093,117.93,151.539,978.889,92.4359,141.311,1012.64,111.072,134.278,961.882,96.112,125.811,1027.17,110.629,110.646,951.697,121.278,123.981,1020.57,121.768,100.095,996.826,79.3973,87.698,1017.24,94.4578,83.9834,985.023,72.4621,49.6423,1009.52,95.6692,46.2301,995.229,61.5257,11.3497,1008.63,93.2816,8.65669,1049.27,159.849,96.0322,1047.35,169.082,103.717,1055.33,179.784,96.1034,1056.6,170.716,88.2741,0,0,0
001182:982.261,118.351,149.257,981.446,115.407,153.375,983.553,120.117,152.115,982.319,105.351,154.8,991.094,117.368,151.705,978.558,92.0803,141.235,1010.06,110.602,134.242,963.009,96.0403,125.511,1025.28,110.154,110.141,951.732,121.526,123.733,1023,121.533,98.5311,998.794,79.3961,87.2925,1017.42,94.3927,83.7098,988.47,72.5712,49.2538,1010.07,95.563,46.0855,997.027,61.8223,11.2784,1008.77,93.0403,8.83852,1047.27,159.344,94.8886,1044.55,168.592,102.78,1052.11,179.355,95.1561,1054.08,170.27,87.1245,0,0,0
001183:982.435,118.626,149.027,981.659,115.702,153.167,983.593,120.466,151.874,982.908,105.705,154.674,990.535,117.894,151.498,980.46,92.2123,141.213,1007.8,111.286,134.183,965.08,95.5475,125.441,1024.24,110.915,110.039,949.88,120.462,123.499,1027.85,122.161,97.9131,998.338,79.3968,87.7332,1014.31,94.6829,84.189,987.422,72.4246,49.7695,1007.56,95.7023,46.6323,994.887,61.7327,11.8419,1009.1,93.1486,9.0183,1047.97,159.471,93.545,1044.87,168.776,101.183,1052.5,179.37,93.3608,1054.95,170.205,85.603,0,0,0
001184:981.544,119.022,148.932,980.828,116.092,153.106,982.14,120.814,151.824,982.195,105.922,154.796,988.473,118.078,151.54,980.683,92.0737,141.262,1004.99,111.355,134.221,967.181,94.7179,125.286,1020.33,110.846,109.897,953.926,119.469,123.06,1021.1,121.634,97.2749,999.368,79.542,87.5897,1014.46,95.0062,84.0886,987.874,72.514,49.734,1008.75,95.9332,46.5744,995.921,61.8224,11.7863,1011.59,93.1826,8.86902,1047.03,159.326,91.7252,1043.99,168.811,99.3034,1052.64,179.49,91.2008,1055.13,170.122,83.5193,0,0,0
001185:979.89,118.942,148.823,979.077,116.082,152.996,980.833,120.79,151.696,980.114,106.032,154.679,987.921,118.058,151.42,976.823,92.2192,141.424,1005.68,111.161,134.299,961.317,94.9866,125.617,1023.11,110.53,109.761,950.121,119.538,123.368,1023.53,121.721,96.6798,995.164,79.2651,88.1537,1012.44,94.4371,84.5737,984.571,72.5621,50.0527,1006.92,95.7273,46.8132,995.891,61.6745,11.4549,1010.56,93.1257,8.74949,1049.74,159.208,90.5532,1047.07,169.145,97.783,1056.5,179.805,89.1937,1058.61,169.985,81.8217,0,0,0
001186:979.385,119.095,148.525,978.791,116.186,152.755,979.992,120.962,151.441,979.948,106.029,154.558,985.349,118.318,151.287,976.784,92.1365,141.295,1001.06,111.722,134.213,960.436,94.7615,125.53,1015.62,111.119,109.781,941.757,119.508,123.729,1018.4,121.777,96.3618,995.917,79.6581,88.0289,1010.73,95.2532,84.4511,986.031,72.5667,49.8606,1006.81,96.1336,46.6437,995.171,61.5557,11.4319,1010.99,93.1234,8.40392,1048.9,158.963,88.5805,1045.27,168.896,95.4351,1056.53,179.262,86.4587,1059.49,169.411,79.5175,1342.49,132.398,32.9516
001187:982.194,119.425,148.646,981.287,116.556,152.898,982.917,121.334,151.567,981.565,106.396,154.776,989.015,118.596,151.43,976.321,92.2122,141.605,1006.73,111.814,134.331,957.886,94.0564,125.891,1024.22,111.149,109.522,942.457,117.691,123.662,1027.24,122.237,95.3455,996.18,79.5434,88.2558,1014.24,95.0129,84.5418,984.913,72.6891,50.0465,1008.39,95.9559,46.6534,996.217,61.8407,11.2275,1011.47,93.1539,8.38172,1049.65,158.807,87.2341,1043.77,168.773,93.9297,1053.44,178.932,84.7521,1058.49,169.046,77.9533,0,0,0
001188:978.98,119.407,148.344,978.467,116.567,152.587,979.759,121.277,151.259,979.962,106.332,154.538,985.579,118.392,151.212,977.666,92.1019,141.166,1001.97,111.515,134.016,964.764,94.3465,125.072,1018.19,110.985,109.058,948.434,118.959,122.767,1025.32,122.514,94.0934,995.857,79.3044,87.4928,1009.85,94.7561,84.0555,987.283,72.5399,49.453,1005.18,96.1869,46.5735,997.895,61.5283,11.0885,1009.18,93.404,8.81781,1051.11,158.987,85.3122,1045.99,169.125,91.9052,1054.6,179.103,82.665,1058.95,169.064,75.9758,1344.63,133.194,24.0596
001189:981.668,119.638,148.451,981.079,116.797,152.688,982.504,121.524,151.413,981.931,106.449,154.655,988.741,118.568,151.315,978.082,92.014,141.241,1005.65,111.419,134.096,964.683,93.902,125.001,1022.53,110.568,109.028,952.563,118.436,122.367,1026.58,121.457,93.9844,995.456,79.2551,87.6155,1011.53,94.6697,84.0891,986.856,72.5492,49.4556,1007.2,96.04,46.4402,997.298,61.5043,10.938,1009.28,93.3065,8.70507,1049.64,157.957,83.539,1044.95,168.899,89.9167,1052.93,178.818,79.9024,1056.91,167.965,73.4401,1346.21,133.146,19.0876
001190:979.205,119.433,147.782,978.976,116.628,152.051,979.66,121.306,150.746,980.376,106.235,154.199,983.958,118.323,150.803,977.773,91.6002,141.044,998.01,111.312,133.89,963.943,93.2243,125.227,1012.97,110.776,109.094,944.474,117.96,123.494,1020.7,121.958,94.0428,994.913,78.9095,87.7647,1006.88,94.5021,84.4466,987.972,72.5208,49.5795,1005.89,96.2021,46.7932,995.188,61.5333,11.2206,1010.26,93.1431,8.81616,1047.02,157.843,82.6158,1043.42,168.67,88.3546,1053.99,178.352,78.1799,1056.7,167.57,72.38,1347.79,133.093,13.6515
001191:981.429,119.766,148.023,981.118,116.952,152.292,982.17,121.671,150.998,982.58,106.474,154.408,987.77,118.682,151.025,978.371,91.6479,140.955,1003.51,111.548,133.639,960.973,92.6512,125.046,1019.34,110.969,108.429,940.098,116.736,122.908,1023.19,122.031,92.7418,995.876,78.9104,86.6122,1010.46,94.5647,83.1161,987.627,72.3196,48.5924,1006.37,96.0651,45.7262,996.33,61.5171,10.5114,1009.35,93.2615,8.35801,1048.61,157.471,80.6082,1044.85,168.678,86.0846,1054.47,178.09,75.5498,1057.05,166.945,70.076,954.918,144.821,114.046
001192:978.714,119.293,148.19,977.99,116.428,152.448,979.831,121.306,151.164,979.588,106.103,154.495,986.552,118.725,151.135,975.646,91.5517,141.213,1004.01,112.113,133.977,956.007,92.8209,125.544,1020.09,111.705,109.021,933.579,117.429,123.884,1020.69,121.953,93.6138,996.974,79.2854,87.5709,1013.35,95.3105,83.9235,987.404,72.4775,49.5409,1006.55,96.2985,46.6002,997.148,61.8663,11.1045,1010.98,93.4674,8.67764,1049.47,157.326,78.5911,1049.02,169.568,83.0164,1059.3,178.498,71.3709,1058.64,166.323,67.0292,957.855,145.396,112.479
001193:983.94,119.55,148.008,983.466,116.735,152.286,985.025,121.613,151.001,984.315,106.323,154.414,990.65,118.928,151.007,977.862,91.3701,141.137,1005.49,111.998,133.782,954.192,91.8015,125.465,1020.73,111.471,108.339,928.48,115.516,123.755,1018.5,121.854,91.8678,995.89,78.8492,87.3148,1011.7,94.809,83.7039,987.747,72.3609,49.1534,1005.61,96.0785,46.3485,997.247,61.681,10.6187,1010.07,93.3083,8.57937,1048.57,157.315,76.2582,1049.82,170.255,80.3873,1059.61,179.224,68.2707,1057.05,166.287,64.2748,0,0,0
001194:981.568,119.571,148.13,981.028,116.708,152.393,982.517,121.641,151.144,982.306,106.218,154.493,988.466,119.084,151.079,977.343,91.2679,141.055,1004.4,112.399,133.709,955.315,91.6193,125.348,1020.65,111.927,108.335,928.905,115.777,123.801,1020.51,121.764,91.9496,996.759,79.1486,87.0413,1012.51,95.4495,83.3503,987.127,72.3094,49.0521,1005.92,96.2764,46.1215,996.745,61.6955,10.6453,1010.98,93.3157,8.38887,1047.41,156.827,74.6596,1046.21,169.646,78.5769,1056.27,178.222,66.1763,1056.18,165.431,62.4137,0,0,0
001195:984.119,119.798,148.001,983.844,116.965,152.327,985.094,121.885,150.995,985.784,106.41,154.474,990.842,119.237,150.995,981.015,91.2555,140.999,1005.37,112.498,133.609,959.345,91.6922,124.958,1020.61,112.034,107.749,930.389,115.813,123.179,1021.17,122.373,90.2312,997.052,78.9437,87.0878,1010.95,95.2573,83.5264,988.202,72.288,49.0486,1005.4,96.4072,46.2583,996.833,61.7007,10.525,1011.57,93.4307,8.32155,1047.55,156.093,73.1506,1045.69,168.384,76.642,1056.22,176.437,64.4586,1056.65,164.167,61.0639,0,0,0
001196:983.124,119.82,147.804,982.843,116.999,152.088,983.501,121.893,150.771,984.165,106.46,154.151,987.418,119.222,150.642,979.68,91.255,140.64,1000.17,112.432,133.179,960.578,91.1788,124.842,1015.94,111.869,107.391,933.165,114.91,123.223,1020.14,121.827,89.6811,995.498,79.0578,86.8541,1007.34,95.3928,83.3163,988.293,72.2378,48.9166,1003.84,96.4936,46.1996,997.057,61.6039,10.6155,1010.6,93.6076,8.45385,1047.23,155.648,71.4019,1044.19,167.966,74.6779,1055.07,175.876,62.2106,1056.84,163.561,59.0612,0,0,0
001197:985.308,119.982,147.919,984.99,117.141,152.256,986.523,122.213,150.88,987.222,106.601,154.341,992.948,119.84,150.759,982.806,91.0991,140.681,1007.99,113.411,133.142,965.78,90.868,124.293,1023.47,112.865,106.817,943.718,115.051,122.019,1022.75,122.389,88.2069,995.491,78.8215,87.1798,1010.39,95.718,83.4515,984.885,71.9087,49.5323,1004.69,96.5844,46.4359,994.284,61.5957,11.0763,1010.75,93.4621,8.61828,1047.01,155.623,69.6026,1042.26,167.69,72.5311,1049.69,174.853,60.2481,1053.38,162.834,57.423,0,0,0
001198:980.947,119.755,147.668,981.118,116.986,152.001,981.809,121.977,150.631,984.271,106.52,154.175,986.809,119.529,150.589,980.746,91.0386,140.66,1000.3,113,133.178,963.905,90.8507,124.443,1015.94,112.513,107.051,937.252,114.909,122.548,1021.25,122.321,88.3595,993.14,78.6274,87.277,1004.45,95.3518,83.7146,987.112,71.9133,49.2433,1003.59,96.5326,46.4,996.867,61.6345,10.5661,1011.95,93.5419,8.2242,1048.04,155.761,67.5299,1043.21,168.086,69.8291,1052.49,175.025,56.94,1056.13,162.729,54.7716,0,0,0
001199:976.949,119.382,147.894,976.328,116.581,152.213,977.441,121.597,150.824,978.412,106.144,154.308,983.28,119.276,150.711,975.342,90.7596,140.705,999.296,113.072,133.087,954.231,90.1832,124.546,1017.56,112.907,106.399,927.816,113.878,122.507,1018.69,122.997,86.6874,994.93,78.7501,86.9414,1009.05,95.7065,83.2166,986.591,71.8693,49.1777,1004.86,96.8071,46.1695,995.163,61.3876,10.8096,1011.96,93.7761,8.35056,1044.5,155.245,65.9349,1041.8,167.687,67.8783,1051,174.396,54.9992,1052.29,161.977,53.2123,0,0,0
001200:979.874,119.43,147.672,979.658,116.629,152.018,980.085,121.647,150.628,981.039,105.997,154.162,984.211,119.239,150.565,976.373,90.3517,140.483,997.723,112.979,132.962,956.861,89.7045,123.947,1015.08,112.856,106.167,933.489,113.94,121.682,1017.48,122.87,85.9486,992.416,78.4332,86.9811,1005.11,95.5209,83.338,987.008,71.7356,49.1716,1004.45,96.7151,46.259,996.063,61.485,10.6983,1011.94,93.6015,8.47874,1040.85,154.511,64.3996,1037.14,167.042,66.0018,1044.45,173.235,52.9664,1046.99,160.757,51.5223,0,0,0
001201:985.003,119.597,147.857,985.007,116.769,152.217,985.635,121.864,150.84,987.794,106.107,154.344,990.879,119.613,150.718,983.782,90.2368,140.435,1004,113.514,132.803,963.328,88.5283,124.017,1019.19,113.37,105.909,933.805,111.674,121.968,1015.92,122.572,85.6658,996.317,78.737,86.337,1007.98,96.1346,82.6975,988.119,71.805,48.6827,1003.12,96.9209,45.9654,994.985,61.5108,10.56,1010.65,93.7167,8.37372,1034.84,153.215,63.162,1032.76,165.978,64.2367,1038.81,171.714,50.9938,1039.6,158.963,50.1651,0,0,0
001202:979.693,119.136,147.674,979.51,116.316,152.017,980.387,121.478,150.627,982.597,105.834,154.158,986.373,119.554,150.516,979.91,89.927,140.172,1000.46,113.983,132.612,960.095,87.8436,123.384,1016.65,114.124,105.64,931.433,110.887,120.669,1013.93,122.826,85.0738,994.172,78.5918,86.3179,1006.16,96.4433,82.6632,987.514,71.6955,48.7837,1002.1,97.1594,46.0274,995.551,61.6698,10.6387,1009.6,93.7038,8.57649,1035.93,153.22,61.5079,1035.21,165.95,62.0364,1041.99,171.41,48.7667,1041.29,158.661,48.5115,0,0,0
001203:982.184,118.799,147.978,982.224,115.948,152.3,983.114,121.171,150.965,986.057,105.447,154.391,989.306,119.345,150.781,983.016,89.4078,140.268,1003.6,114.011,132.824,962.147,86.6445,123.266,1020.09,114.281,105.879,929.71,108.794,120.48,1020.61,122.914,85.073,994.577,78.6218,86.5553,1006.28,96.7114,82.9576,986.312,71.6768,49.1184,1001.73,97.2304,46.358,993.414,61.7388,11.0052,1010.09,93.9333,8.77224,1035.89,153.088,59.2531,1032.78,165.803,59.3333,1037.64,170.744,45.7378,1039.52,158.015,45.9273,960.961,147.924,98.0217
001204:980.376,119.32,147.96,980.152,116.502,152.27,981.68,121.707,150.913,984.081,105.949,154.299,990.483,119.799,150.644,980.896,89.822,140.064,1007.4,114.158,132.548,959.722,87.0823,122.529,1024.93,114.185,105.149,934.856,109.017,118.743,1017.63,122.682,83.8367,993.493,78.6193,86.3755,1008.63,96.5384,82.5999,985.508,71.7314,48.9545,1002.83,97.125,46.017,995.995,61.6369,10.5105,1010.6,93.8952,8.49925,1031.24,152.308,57.531,1031.68,165.384,57.2137,1035.75,170.117,43.5857,1033.95,157.013,44.1965,957.94,148.005,97.0285
001205:977.49,119.053,147.273,977.492,116.231,151.601,978.023,121.475,150.211,981.461,105.716,153.742,983.793,119.747,150.003,981.214,89.2612,139.703,997.047,114.557,132.085,964.573,85.4734,122.65,1012.88,114.907,105.05,935.533,107.062,119.625,1013.26,123.088,83.6714,993.586,78.5048,86.4439,1002.58,96.9747,82.8497,988.244,71.5856,48.9634,999.785,97.4378,46.4067,994.425,61.8147,10.8948,1008.25,93.9917,8.87531,1028.19,152.286,56.1979,1027.42,165.029,55.319,1031.09,169.297,41.6334,1030.8,156.496,42.8392,960.888,148.587,95.4223
001206:980.047,119.681,147.891,980.104,116.828,152.217,980.81,122.159,150.84,984.236,106.191,154.328,987.535,120.471,150.536,983.288,89.4567,140.072,1001.71,115.223,132.376,968.426,85.3164,122.572,1018.4,115.429,105.178,944.111,106.831,118.829,1016.66,122.879,83.7058,992.952,78.5267,86.6723,1003.61,97.2462,82.8887,984.742,71.2002,49.3691,998.943,97.183,46.5116,993.624,61.6778,11.1577,1009.48,93.9705,8.74695,1026.67,151.348,54.777,1025.1,164.285,53.5627,1027.44,168.127,39.5355,1028.14,155.153,41.0857,958.331,147.98,93.7175
001207:980.502,119.077,147.73,980.478,116.218,152.048,982.316,121.583,150.685,985.449,105.641,154.146,992.041,120.039,150.414,983.701,89.0682,139.809,1008.82,115.109,132.19,966.359,85.0926,122.188,1023.83,115.561,104.835,940.774,106.563,118.545,1014.91,123.223,83.2109,992.624,78.5735,86.4727,1006.91,97.3763,82.6304,983.389,71.3018,49.4145,999.819,97.357,46.4677,994.068,61.688,11.1396,1009.35,94.082,8.91564,1024,151.113,53.1867,1022.73,164.004,51.614,1023.13,167.411,37.6876,1023.26,154.503,39.6159,961.281,148.563,92.1039
001208:978.248,118.783,147.643,978.291,115.915,151.953,979.428,121.307,150.606,983.569,105.461,154.091,987.61,119.934,150.339,984.196,88.8905,139.829,1002.59,115.321,132.23,972.111,84.2267,122.23,1017.78,115.949,105.127,948.914,105.088,118.325,1013.81,123.153,83.5951,992.045,78.7203,86.7044,1002.83,97.7353,82.9449,985.137,71.3205,49.4702,999.644,97.4137,46.5696,993.685,61.854,11.3414,1009.94,94.0732,8.84908,1021.05,150.29,52.9722,1019.54,163.02,51.051,1021.15,166.237,37.0084,1021.65,153.443,39.2928,961.481,148.552,90.6204
001209:980.194,118.69,147.864,980.249,115.79,152.167,981.39,121.255,150.838,985.751,105.332,154.235,989.336,120.027,150.502,986.044,88.6896,139.812,1003.29,115.554,132.31,971.142,83.7033,121.993,1017.77,116.174,105.212,943.317,104.321,117.979,1012.98,122.871,83.7831,992.857,78.7376,86.6021,1002.88,98.0201,82.8827,985.58,71.2793,49.3675,998.345,97.539,46.6088,993.933,61.8438,11.1995,1008.57,94.178,8.91819,1020.94,150.314,52.0702,1020.77,163.451,49.8514,1023.89,166.78,35.328,1022.86,153.535,37.9711,961.577,148.544,89.5257
001210:981.373,119.031,147.687,981.214,116.153,152.003,982.621,121.584,150.637,985.327,105.544,154.115,991.005,120.239,150.337,983.91,88.6996,139.711,1005.54,115.621,132.08,966.468,83.5625,121.867,1019.66,116.189,104.711,942.296,104.058,117.589,1008.35,122.903,82.9722,992.544,78.5849,86.4482,1005.54,97.9022,82.5758,983.691,71.2043,49.5139,999.523,97.5997,46.5251,992.809,61.7169,11.4927,1009,94.1176,9.11866,1018.45,149.937,51.1229,1020.7,162.983,48.4335,1023.15,165.955,34.1441,1019.65,152.817,37.2843,961.773,148.53,87.6887
001211:976.7,118.619,148.131,976.719,115.742,152.393,978.323,121.217,151.073,983.431,105.346,154.387,988.976,120.108,150.618,985.682,88.5053,139.79,1005.53,115.783,132.195,971.471,82.4883,121.62,1019.35,116.584,104.969,945.169,101.566,116.632,1007.5,122.951,83.4862,993.174,78.5724,86.4135,1005.08,98.0233,82.6081,983.401,71.2241,49.5374,998.521,97.5065,46.5986,991.576,61.9263,11.6458,1009.55,94.3074,9.10916,1014.68,149.231,51.0875,1016.35,162.28,48.281,1017.43,165.089,33.9804,1014.65,151.908,37.223,958.85,148.604,85.9774
001212:981.432,118.387,148.049,981.605,115.497,152.328,982.863,121.007,151.036,987.237,105.13,154.368,992.199,120.015,150.661,988.495,88.3128,139.764,1006.26,115.996,132.437,976.246,81.9994,121.055,1017.27,117.01,105.439,955.377,100.496,115.203,1004.07,123.273,83.999,994.221,78.7704,86.6811,1005.08,98.4183,82.9787,984.621,71.2735,49.7123,999.442,97.7542,46.7554,992.13,61.7956,11.6916,1009.95,94.4651,9.05663,1010.7,149.238,50.7426,1012.67,162.058,47.58,1012.22,164.529,33.5644,1009.43,151.585,37.1181,959.05,148.593,84.4958
001213:978.68,118.107,148.386,978.369,115.214,152.666,979.665,120.704,151.423,983.811,104.83,154.775,989.492,119.697,151.126,986.128,88.0934,140.157,1005.35,115.679,133.086,973.337,81.8258,120.727,1017.84,116.852,106.044,956.892,100.102,113.727,1003.06,123.291,84.5208,996.176,78.5828,86.9539,1007.83,98.1822,83.3373,986.659,71.4769,49.866,1001.16,97.7156,47.0197,993.62,61.9352,11.6303,1009.3,94.3465,9.50217,1005.94,149.122,50.9033,1007.02,162.059,47.5918,1006.7,164.425,33.4182,1004.51,151.372,37.1294,959.247,148.58,82.6617
001214:982.595,117.884,148.863,982.713,114.944,153.149,983.813,120.555,151.936,988.189,104.633,155.212,992.466,119.859,151.598,989.834,87.9207,140.474,1005.21,116.266,133.524,978.131,81.4396,120.93,1014.64,117.611,106.809,956.363,99.5745,113.96,1000.91,123.405,85.7866,994.297,78.7231,87.4258,1003.94,98.6974,83.83,984.336,71.2435,50.3861,998.62,97.6824,47.4536,991.442,61.8839,12.1866,1010.69,94.2785,9.46668,1001.21,148.804,51.8552,1000.9,161.771,48.5505,999.12,163.948,34.3215,998.544,150.864,38.0089,962.574,148.487,81.7482
001215:972.325,116.925,148.88,972.366,113.991,153.103,973.657,119.559,151.935,980.119,103.902,155.057,984.267,118.946,151.523,986.455,87.5497,140.249,1000.73,115.644,133.535,975.892,81.2463,120.472,1012.75,117.483,107.177,952.552,99.242,113.14,1000.98,123.803,86.6631,995.981,78.5503,87.2855,1004.86,98.4243,83.8508,985.139,71.2265,50.2727,998.187,97.4819,47.5105,991.886,61.8715,12.0093,1010.77,94.2412,9.40193,1000.02,148.964,52.6864,999.675,161.813,49.4703,998.078,164.077,35.3759,997.678,151.121,38.9181,965.542,149.069,79.7506
001216:980.106,117.652,148.894,980.096,114.656,153.126,981.299,120.269,152.028,985.476,104.277,155.152,990.009,119.58,151.639,988.371,87.5887,140.252,1003.11,116.199,133.681,976.813,81.0002,120.306,1011.62,118.113,107.897,955.975,99.4046,112.664,997.458,123.839,88.467,995.343,78.6786,87.2761,1004.71,98.8342,83.8323,985.64,71.2702,50.274,999.502,97.7096,47.4533,992.068,62.0036,12.096,1010.49,94.2479,9.54202,994.186,148.929,54.2248,992.453,161.825,51.2688,988.797,164.014,37.2305,989.718,151.01,40.5258,963.168,148.444,75.8758
001217:975.106,117.377,148.511,975.424,114.421,152.711,976.297,119.983,151.683,982.705,104.231,154.804,985.959,119.449,151.354,987.962,87.7049,139.993,1000.96,116.232,133.732,976.747,80.968,119.702,1010.77,118.238,108.654,952.678,98.6894,111.259,999.563,123.464,90.3096,995.858,78.7875,87.4122,1003.96,98.9215,84.0732,986.232,71.3758,50.3848,999.784,97.7125,47.6054,991.982,62.1535,12.2308,1010.87,94.3272,9.534,989.645,148.735,55.9532,985.86,161.589,53.2392,982.113,163.881,39.1563,985.082,150.891,42.1846,963.785,148.423,72.8253
001218:976.654,117.2,148.926,976.889,114.179,153.139,978.026,119.799,152.168,983.47,103.872,155.223,987.553,119.305,151.825,987.584,87.2998,140.354,1001.22,116.17,134.24,976.492,80.4481,119.982,1008.92,118.362,109.611,953.875,98.3314,111.347,994.52,123.253,92.2327,993.518,78.6808,87.771,1002.26,98.9711,84.4434,985.102,71.3105,50.5665,999.911,97.7442,47.7459,991.169,62.1699,12.2396,1011.86,94.5091,9.37698,982.907,148.436,58.7412,980.32,161.434,56.2636,975.686,163.807,42.3364,977.596,150.693,45.1108,963.416,149.103,72.4564
001219:979.27,117.004,149.111,979.484,113.941,153.303,980.694,119.604,152.37,986.232,103.692,155.266,990.156,119.245,151.897,991.378,87.2072,140.259,1003.41,116.242,134.293,981.907,79.9624,119.805,1008.36,118.423,110.233,958.436,97.327,110.737,990.251,122.56,94.0467,997.559,78.8374,87.6389,1005.69,99.2649,84.3689,986.746,71.3619,50.5972,1001.28,97.8286,47.8192,991.951,62.1253,12.3677,1012.67,94.4771,9.47503,975.354,147.934,62.2262,971.685,160.963,60.5713,965.032,163.719,46.9326,968.349,150.578,48.8595,963.614,149.087,70.2618
001220:978.139,116.927,149.596,978.249,113.821,153.798,979.166,119.458,152.922,984.43,103.46,155.806,987.919,119.016,152.505,990.472,87.0308,140.699,1000.3,115.937,135.009,981.683,79.666,120.056,1004.27,118.22,111.599,957.74,97.1136,110.519,981.437,121.585,96.8312,998.788,78.9097,87.695,1005.87,99.3615,84.5859,987.993,71.569,50.4923,1000.53,98.0168,47.9872,993.589,62.3089,12.0763,1013.22,94.7844,9.39645,969.312,147.36,65.8396,967.099,160.686,64.6378,958.812,163.635,51.1616,960.917,150.234,52.6434,960.752,148.497,71.1814
001221:980.66,116.795,149.754,980.732,113.655,153.97,981.79,119.33,153.147,986.033,103.289,156.007,990.309,118.997,152.751,989.624,86.9085,140.965,1002.32,115.979,135.497,977.37,79.2908,120.305,1006.35,118.203,112.669,953.878,96.3372,110.232,982.484,120.679,99.2112,997.355,79.0701,88.2924,1005.7,99.6034,85.1646,988.212,71.7319,50.91,1002.56,98.2114,48.3024,994.023,62.5531,12.3522,1014.48,95.0987,9.47236,964.605,146.922,70.2935,961.371,160.331,69.9955,951.136,163.673,56.7848,954.465,150.227,57.3395,954.699,148.001,72.6425
001222:982.098,116.49,150.094,982.189,113.307,154.29,983.201,119.022,153.485,987.482,102.931,156.183,991.548,118.802,152.955,990.689,86.4614,140.816,1003.2,115.848,135.495,976.658,78.6338,119.921,1007.85,118.141,112.847,952.045,96.2025,109.456,982.203,119.633,100.425,997.821,78.6539,87.8913,1006.15,99.4152,84.8481,988.626,71.5274,50.6402,1003.04,98.1388,48.0946,994.23,62.5997,12.1627,1015.06,94.8766,9.4235,962.753,146.175,73.9492,960.744,159.703,74.4209,949.739,163.537,61.5373,952.164,149.986,61.3175,952.488,150.07,77.912
001223:979.565,116.89,150.003,979.691,113.728,154.256,980.824,119.413,153.413,985.189,103.355,156.302,989.897,119.189,153.026,989.089,86.7118,141.234,1001.6,116,135.896,975.415,78.6522,120.31,1003.91,117.953,113.512,952.016,96.2869,109.444,972.391,118.735,102.111,997.175,78.4935,88.6656,1005.72,99.2022,85.6194,987.513,71.5346,51.2777,1002.58,98.1483,48.7207,993.347,62.4213,12.4634,1014.57,94.8724,9.75731,953.691,144.606,79.417,953.404,158.119,80.806,941.553,162.498,68.5057,942.608,149.006,67.3218,943.061,149.672,82.0562
001224:981.583,116.274,150.6,981.793,113.071,154.792,982.677,118.732,154.014,987.342,102.791,156.547,991.084,118.54,153.378,990.681,86.3533,141.189,1002.32,115.526,136.063,976.419,77.9688,120.403,1004.68,117.813,114.379,953.145,95.2578,109.395,974.44,118.556,104.683,997.934,78.5587,88.3792,1005.57,99.1861,85.4735,990.087,71.6046,50.8854,1004.15,98.1552,48.4571,993.625,62.3142,12.4479,1013.91,94.8576,9.84175,949.525,143.97,84.4133,947.609,156.901,86.8536,935.589,161.95,75.2022,938.467,149.08,72.9218,933.856,149.27,84.7257
001225:982.294,115.972,150.566,982.672,112.747,154.761,983.466,118.387,153.981,988.519,102.534,156.476,991.643,118.239,153.365,990.934,86.0463,141.046,1001.91,115.314,136.037,976.765,77.1374,120.283,1002.63,117.607,114.746,953.253,94.3555,109.119,970.147,117.716,106.477,996.39,78.4423,88.0808,1003.93,99.1546,85.2524,988.102,71.4134,50.7335,1003.38,98.1848,48.2554,992.337,62.0159,12.4609,1014.29,94.8805,9.70066,946.591,142.466,90.4696,943.905,154.807,94.4159,932.551,160.906,83.6839,936.329,148.655,79.8609,924.416,149.533,86.9967
001226:981.495,116.386,150.692,981.808,113.156,154.889,982.868,118.784,154.072,988.21,102.972,156.545,991.571,118.695,153.408,991.268,86.2071,141.157,1002.74,115.875,136.137,975.565,76.4871,120.457,1004.11,118.384,115.293,950.261,93.3419,109.103,969.92,118.001,108.809,997.832,78.4451,88.3482,1005.41,99.3935,85.5343,988.635,71.4163,50.9449,1003.83,98.4482,48.4944,991.512,61.9067,12.6832,1014.34,95.0861,9.86012,939.494,140.663,97.2223,937.24,152.022,102.233,925.883,158.755,92.75,929.291,147.479,87.7847,917.841,149.715,89.8757
001420:358.883,207.566,0.16718
