000829:1197.15,-74.2109,157.595,1195.58,-77.8941,159.567,1197.68,-71.5886,160.231,1196.28,-82.4668,154.184,1203,-68.8592,156.721,1194.03,-85.328,133.539,1210.23,-60.5393,140.459,1180.59,-92.6438,118.204,1214.9,-43.7495,135.068,1179.45,-92.3354,118.424,1197.38,-46.4055,143.287,1198.92,-71.2102,84.7323,1206.98,-54.5985,89.0125,1199.73,-62.1287,47.5356,1208.17,-43.1753,51.028,1191.42,-55.2146,11.8215,1201.61,-33.1177,16.1825,1226.58,-82.4497,156.305,1240.32,-97.3499,153.122,1237.56,-105.124,166.539,1223.94,-89.5472,169.679,0,0,0
000830:1198.93,-75.4598,157.66,1197.38,-79.1596,159.596,1199.91,-72.8734,160.347,1197.67,-83.5907,154.14,1206.87,-70.0821,156.912,1196.19,-86.1773,133.332,1216.49,-61.4379,140.521,1187.1,-93.0552,116.933,1220.82,-44.7225,134.833,1184.88,-91.903,116.235,1200.68,-47.7055,142.967,1203.09,-71.8962,84.3142,1214.09,-55.4471,88.5494,1200.66,-62.2041,47.3693,1214.02,-44.1744,50.5439,1192.48,-55.4652,11.9116,1208.01,-35.4783,15.8509,1224.1,-83.4926,155.4,1237.39,-98.4196,152.203,1232.68,-105.933,165.75,1219.22,-90.367,168.87,0,0,0
000831:1203.21,-76.0216,157.724,1200.51,-79.6823,159.659,1203.33,-73.387,160.458,1196.76,-84.0445,154.157,1206.31,-70.4508,156.925,1194.85,-86.6708,133.269,1212.85,-61.7022,140.448,1200.76,-93.9431,115.541,1216.36,-45.3174,134.252,1219.12,-93.4362,113.203,1201.65,-48.9981,142.336,1202.5,-72.4801,84.4993,1213.29,-56.0763,88.5898,1200.86,-62.9229,47.5621,1217.04,-45.9405,50.395,1194.33,-56.079,12.1541,1213.68,-38.2412,15.4023,1224.2,-84.4281,154.526,1236.94,-99.3962,151.272,1227.9,-106.649,164.941,1215.25,-91.1121,168.061,0,0,0
000832:1202.73,-77.4735,157.425,1200.62,-81.0292,159.296,1204.37,-74.8207,160.122,1196.78,-84.5388,154.207,1208.58,-71.3882,157.016,1191,-86.5537,133.75,1213.6,-61.8584,140.843,1180.31,-94.9913,118.188,1217.56,-45.4973,135.474,1190.35,-96.8657,117.633,1197.58,-50.2311,143.769,1197.87,-72.127,85.4187,1212.02,-56.1154,89.4451,1197.89,-62.124,48.635,1214.32,-45.8774,51.3798,1192.3,-55.4689,13.0317,1211.53,-39.2593,16.2604,1217.07,-85.0311,153.508,1230.2,-99.5927,150.582,1232.09,-107.064,163.983,1218.68,-91.8515,166.941,0,0,0
000833:1199.95,-78.1143,157.871,1198.31,-81.6729,159.715,1201.81,-75.494,160.566,1196.29,-85.2962,154.423,1207.04,-72.2674,157.228,1191.38,-87.1824,133.784,1212.25,-62.8867,140.873,1174.08,-95.103,118.511,1214.03,-46.0103,135.235,1172.32,-96.3769,118.409,1190.06,-49.8715,143.133,1198.46,-72.6786,85.4349,1212.15,-57.1373,89.4191,1199.36,-62.3629,48.4895,1219.87,-48.0026,50.909,1190.29,-54.9375,13.3007,1217.87,-41.8061,15.4447,1214.66,-85.7007,152.787,1229.23,-100.374,149.412,1232.89,-108.377,162.717,1217.87,-93.0411,166.098,0,0,0
000834:1199.21,-78.6138,158.578,1197.63,-82.2936,160.448,1200.82,-76.0046,161.324,1196.43,-86.3819,155.068,1205.95,-72.9632,157.992,1194.3,-88.7917,134.06,1212.6,-63.5365,141.351,1186.29,-97.0291,117.193,1215.92,-46.4644,135.052,1191.17,-97.5852,115.355,1194.78,-50.6337,142.466,1202.41,-73.9769,85.5638,1215.22,-58.0439,89.6469,1201.04,-63.0825,48.7721,1223.29,-49.3204,51.1728,1192.17,-55.398,13.7479,1224.84,-44.4184,15.4782,1225.58,-87.5271,151.164,1238.81,-102.177,147.64,1239.36,-110.133,161.095,1225.51,-94.8439,164.608,0,0,0
000835:1198.26,-79.3146,159.231,1196.44,-83.0369,161.054,1199.12,-76.6098,161.869,1195.56,-87.3746,155.562,1203.89,-73.8101,158.287,1195.72,-90.3031,134.454,1212.9,-64.8091,141.441,1184.76,-99.0389,118.865,1219.81,-47.1402,135.389,1181.73,-98.9228,118.749,1203.34,-51.5108,143.098,1210.05,-75.9201,85.7221,1222.98,-60.028,89.685,1205.07,-64.3537,49.1551,1232.89,-52.3541,51.0513,1190.21,-54.8977,14.8746,1231.79,-47.4957,15.3708,1220.45,-88.2775,149.903,1234.93,-102.761,146.026,1233.69,-110.963,159.101,1218.7,-95.9218,163.012,0,0,0
000836:1202.19,-80.4796,159.134,1199.75,-84.1508,160.956,1202.69,-77.8156,161.789,1195.7,-88.2003,155.626,1202.97,-74.8018,158.343,1194.7,-90.8129,134.813,1205.6,-65.4662,141.697,1188.81,-99.5284,119.316,1207.5,-47.3372,135.463,1196.54,-99.6212,119.365,1192.72,-50.9994,142.604,1207.83,-76.6312,86.1991,1217.17,-60.9623,90.2533,1209.03,-65.2403,49.1175,1228.72,-53.8528,51.435,1199.13,-55.9672,14.1407,1228.11,-49.4975,15.6302,1214.14,-89.2348,150.105,1228.4,-103.66,145.97,1223.59,-111.725,158.798,1209.01,-96.8239,162.95,0,0,0
000837:1202.28,-81.152,159.287,1199.21,-84.8642,161.067,1203,-78.5768,161.917,1194.11,-88.9212,155.748,1202.92,-75.9232,158.497,1190.27,-91.2185,135.058,1208.92,-66.9767,141.929,1175.58,-99.304,120.286,1216.58,-48.5565,136.169,1179.03,-99.2046,120.657,1199.96,-51.6954,143.439,1210.51,-77.208,85.8999,1223.08,-62.1847,89.9388,1213.29,-65.5646,48.6071,1231.35,-55.2236,50.997,1204.17,-56.3787,13.5691,1222.04,-51.2125,15.8567,1207.08,-89.3371,149.529,1220.33,-103.816,144.162,1217.84,-113.43,156.607,1204.2,-98.4187,162.106,0,0,0
000838:1206.04,-82.5324,160.111,1203.19,-86.3086,161.875,1206.95,-79.9752,162.809,1196.16,-90.1959,156.496,1204.34,-77.0685,159.426,1188.96,-91.8537,135.762,1204.29,-67.4285,143.039,1170.79,-98.9267,120.216,1209.14,-48.9746,137.247,1170.39,-98.2195,119.685,1195.75,-52.4399,144.301,1204.41,-77.1014,86.9137,1214.37,-62.0862,91.1045,1210.26,-65.7541,49.2059,1220.64,-55.6609,52.0328,1206.45,-56.9286,13.5012,1214.58,-52.5818,16.3668,1204.6,-90.5633,148.697,1217.68,-104.664,142.85,1212.6,-114.327,154.75,1199.39,-99.774,160.705,0,0,0
000839:1200.99,-83.1149,160.057,1199.47,-86.8896,161.817,1203.41,-80.5719,162.771,1197.25,-90.8721,156.646,1206.58,-77.7585,159.51,1191.83,-92.744,136.011,1211.21,-68.2011,142.993,1169.87,-100.332,120.935,1221.42,-50.3321,136.854,1168.17,-100.146,120.935,1204.77,-54.5924,143.825,1200.36,-77.7465,87.5324,1211.67,-62.7526,91.4968,1206.34,-66.3879,50.0367,1214.65,-56.6555,52.866,1209.74,-57.9473,13.8828,1209.9,-54.2363,17.2537,1212.91,-92.6481,147.487,1226.61,-106.602,142.133,1223.24,-115.814,154.049,1208.73,-101.379,159.545,0,0,0
000840:1199.37,-83.2115,160.094,1197.42,-87.071,161.802,1201.43,-80.7701,162.706,1193.78,-91.4292,156.527,1201.89,-78.4165,159.207,1188.66,-93.3101,136.211,1204.18,-69.5148,143.028,1170.15,-99.8203,121.918,1215.64,-51.6823,137.588,1173.95,-97.8944,123.458,1203.57,-55.4169,145.322,1197.99,-78.6877,88.1259,1207.1,-64.0563,92.1119,1205.93,-67.8022,50.4726,1209.13,-58.5614,53.4624,1218.52,-59.0094,13.5341,1209.86,-55.8622,17.2332,1211.64,-93.4328,148.176,1227.18,-107.258,141.997,1223.11,-117.257,153.093,1206.5,-102.909,159.431,0,0,0
000841:1197.19,-84.1393,160.219,1196.05,-87.9683,161.925,1199.53,-81.652,162.846,1195.37,-92.4836,156.637,1202.91,-79.2582,159.313,1194.18,-94.784,136.182,1208.6,-70.4341,143.129,1182.96,-102.147,121.237,1221.18,-52.7888,137.786,1192.95,-101.059,121.823,1206.59,-56.6649,145.704,1200.58,-80.2293,88.3625,1209.54,-65.3415,92.3188,1204.76,-69.1681,51.1583,1211.6,-59.8144,53.8801,1212.9,-60.2139,14.8526,1210.83,-57.1002,18.05,1223.24,-95.6656,147.334,1233.99,-108.812,141.587,1227.76,-117.996,152.561,1215.87,-104.437,158.497,0,0,0
000842:1198.34,-85.2716,160.637,1197.41,-89.0155,162.341,1201.57,-82.8501,163.292,1196.25,-93.1732,157.171,1205.49,-80.3347,159.806,1192.29,-94.6989,136.999,1209.7,-71.4373,143.858,1177.23,-100.914,122.201,1222.63,-54.1698,138.564,1184.74,-99.5708,122.818,1206.04,-58.022,146.538,1195.33,-80.352,89.5256,1206.53,-66.2106,93.2327,1195.99,-69.5375,52.707,1204.97,-61.3803,54.9987,1212.43,-60.8479,16.0085,1213.7,-59.2397,18.3287,1221.72,-96.6188,147.278,1235.06,-109.847,141.06,1229.92,-119.516,151.692,1215.09,-105.837,158.115,0,0,0
000843:1202.35,-86.4042,160.881,1202.14,-90.2035,162.603,1205.42,-83.9585,163.59,1201.28,-94.2015,157.662,1209.89,-81.2365,160.391,1197.48,-95.3458,137.674,1212.05,-71.9243,144.688,1183.5,-100.856,122.375,1219.75,-55.0571,139.606,1190.2,-98.4094,122.564,1204.63,-60.0089,147.957,1196.43,-80.7479,90.0503,1206.66,-66.6039,93.8072,1194.76,-70.0385,53.3682,1205.99,-62.1985,55.3717,1205.43,-61.4795,17.1729,1213.01,-61.0649,18.8609,1222.21,-97.218,146.823,1237.18,-110.145,140.339,1235.89,-120.249,150.466,1219.19,-106.841,157.235,0,0,0
000844:1200.77,-87.31,160.923,1201.39,-91.0071,162.658,1204.04,-84.91,163.581,1201.38,-94.7891,157.871,1208.91,-82.3063,160.379,1198.42,-95.9991,138.126,1207.12,-73.2814,144.591,1185.76,-102.563,124.093,1213.88,-56.409,139.434,1186.45,-101.05,125.487,1206.13,-60.9141,147.281,1188.99,-81.5967,90.7175,1196,-68.1207,94.3747,1183.62,-70.4263,54.5249,1193.18,-63.9745,56.4949,1199.33,-61.7921,18.1978,1211.94,-63.0885,19.2963,1220.82,-98.2808,146.117,1238.11,-111.255,139.378,1231.14,-120.89,149.188,1211.92,-107.537,156.217,0,0,0
000845:1203.92,-88.5546,161.353,1203.76,-92.1493,163.061,1206.77,-86.1534,163.997,1201.57,-95.6282,158.205,1209.89,-83.4241,160.704,1199.94,-96.6346,138.468,1208.2,-74.5265,144.877,1198.1,-104.256,124.872,1220.79,-57.9262,139.896,1213.59,-104.13,126.915,1219.19,-62.5275,147.854,1190.71,-82.3049,90.889,1198.44,-69.4518,94.4885,1182.6,-70.5596,54.8158,1196.35,-65.9439,56.4686,1196.54,-61.4411,18.711,1215.63,-65.746,19.1395,1237.21,-100.745,145.71,1251.68,-113.091,138.739,1237.21,-122.006,147.945,1220.92,-109.477,155.247,0,0,0
000846:1198.08,-89.0761,161.176,1198.76,-92.7952,162.864,1201.88,-86.6264,163.776,1200.94,-96.5475,158.358,1211.43,-84.1179,160.728,1202.98,-98.2463,139.008,1218.58,-75.2701,145.098,1199.94,-107.793,127.256,1227.24,-58.0114,140.454,1207.6,-107.529,131.765,1214.81,-63.2876,148.535,1196.98,-83.336,91.0939,1209.32,-70.1087,94.5176,1185.94,-71.2298,55.0178,1208.53,-67.2299,56.0609,1195.93,-61.4673,19.1234,1225.44,-67.7472,18.4783,1236.92,-101.467,145.124,1255.23,-112.985,138.139,1247.92,-122.19,146.089,1227.45,-110.546,153.545,0,0,0
000847:1197.46,-89.7442,161.208,1198.5,-93.4987,162.837,1200.64,-87.3898,163.66,1199.97,-97.3519,158.123,1209.86,-85.1766,160.417,1202.45,-98.8684,138.957,1214.24,-76.7034,144.824,1197.04,-108.05,128.9,1221.37,-59.1873,140.694,1218.29,-107.422,135.697,1216.72,-63.4036,149.026,1193.81,-84.0433,90.8141,1203.21,-71.3577,94.3979,1186.81,-71.8115,54.7082,1200.08,-68.5932,56.3585,1203.43,-61.7933,18.2216,1210.41,-69.0363,19.8257,1253.02,-100.647,143.945,1291.18,-112.192,136.655,1306.92,-122.719,142.606,1262.29,-110.761,150.434,0,0,0
000848:1202.27,-90.5463,161.495,1202.19,-94.3327,163.123,1205.92,-88.2041,163.925,1200.73,-98.2876,158.454,1214,-86.2087,160.619,1200.82,-100.133,139.331,1221.28,-78.1421,144.744,1198.33,-110.366,130.121,1229.04,-60.2108,140.547,1221.55,-109.432,138.217,1221.04,-64.2834,148.996,1198.36,-85.6706,90.6044,1211.84,-73.0955,94.0011,1191.59,-72.9543,54.2535,1205.67,-70.4637,55.8595,1201.94,-62.0679,18.0921,1205.92,-70.8465,19.9864,1259.42,-102.561,143.134,1291.23,-113.584,135.483,1297.58,-123.729,141.175,1261.27,-112.547,149.427,0,0,0
000849:1208.35,-92.0571,161.768,1207.49,-95.7522,163.464,1211.19,-89.5511,164.28,1202.44,-99.4162,158.876,1214.36,-87.0328,161.014,1198.62,-101.135,139.569,1215.76,-78.6049,145.028,1196.62,-111.518,129.498,1227.52,-61.3455,140.632,1224,-110.982,136.511,1232.13,-66.4209,149.022,1191.99,-86.7912,90.7992,1202.75,-73.9859,94.245,1188.91,-74.0858,54.1494,1197.61,-71.6022,56.0555,1199.93,-62.4216,17.6406,1198.81,-71.797,20.0898,1262.66,-104.137,142.645,1287.51,-114.018,135.879,1281.92,-122.121,141.367,1253.55,-112.331,148.728,0,0,0
000850:1203.26,-92.568,161.966,1202.93,-96.3972,163.596,1206.8,-90.1424,164.572,1198.52,-100.156,159.027,1212.62,-87.9487,161.401,1196.28,-101.767,139.687,1216.76,-79.3977,145.565,1198.85,-111.989,128.528,1223.36,-61.8872,141.216,1221.28,-110.309,134.477,1222.19,-66.8602,149.727,1192.14,-86.8665,91.171,1207.64,-74.6732,94.5858,1182.07,-73.1032,54.622,1207.02,-73.5089,55.5403,1194.33,-62.3456,17.756,1220.9,-77.1318,17.935,1271.89,-103.931,142.241,1302.57,-114.379,134.74,1305.83,-123.857,140.237,1271.56,-113.465,148.381,0,0,0
000851:1204.3,-93.7947,161.937,1205.01,-97.6966,163.51,1207.78,-91.3855,164.495,1202.57,-101.453,158.927,1215.92,-89.2679,161.33,1200.65,-102.811,139.689,1220.38,-80.5421,145.421,1196.73,-112.564,129.497,1225.36,-62.6735,140.894,1213.17,-109.279,137.176,1226.69,-67.6434,149.435,1193.82,-87.6387,90.9062,1208.85,-75.819,94.3272,1181.66,-73.1366,54.5402,1208.76,-75.4141,55.2635,1190.56,-62.5258,17.9259,1222.35,-81.146,17.8913,1284.26,-105.092,141.025,1322.26,-115.391,133.249,1336.64,-125.546,137.805,1293.63,-115.348,146.289,0,0,0
000852:1208.53,-94.1906,161.683,1207.88,-98.1035,163.534,1209.37,-91.8061,164.177,1203.59,-101.973,158.63,1216.28,-89.6891,160.938,1199.04,-103.739,139.434,1220.14,-81.0779,144.745,1204.37,-113.966,129.627,1223.08,-62.968,139.542,1221.51,-110.971,138.041,1224.76,-67.774,149.361,1201,-88.5093,90.3417,1215.08,-76.7194,93.4654,1191.17,-73.8957,53.5796,1215.88,-77.6501,54.6914,1188.56,-62.2725,18.3424,1216.41,-83.8672,18.1893,1306.21,-105.974,141.433,1340.58,-116.161,134.208,1356.23,-125.959,138.649,1322.89,-115.932,146.145,0,0,0
000853:1207.77,-94.7343,160.95,1207.11,-98.6191,162.811,1208.32,-92.3654,163.407,1201.22,-102.306,158.046,1213.7,-90.3217,160.287,1193.89,-103.948,139.173,1214.7,-81.9388,144.273,1199.07,-114.664,129.921,1218.51,-63.7148,139.797,1216.68,-111.916,138.309,1229.26,-68.1532,150.017,1193.03,-89.2622,90.1201,1206.89,-78.1759,93.2412,1183.77,-74.1085,53.4571,1208.65,-79.3766,54.4938,1185.06,-62.9983,17.8328,1215.67,-86.8392,17.7981,1310.38,-106.53,140.513,1345.15,-116.514,132.495,1361.64,-127.006,136.355,1328.96,-117.317,144.769,0,0,0
000854:1217.24,-97.3786,160.388,1216.6,-101.144,162.232,1218.23,-94.915,162.889,1208.55,-104.053,157.489,1221.14,-92.011,159.789,1195.42,-104.791,138.76,1216.32,-82.43,144.082,1191.94,-116.03,130.082,1221.15,-64.0239,140.14,1194.78,-113.741,138.715,1236.44,-69.5811,150.821,1188.73,-89.3412,90.1867,1202.75,-78.35,93.3078,1180.18,-74.1698,53.6522,1206.11,-80.1785,54.5382,1184.27,-63.3976,17.7577,1224.02,-89.3901,16.8837,1313.02,-108.729,140.103,1336.75,-117.233,131.916,1333.71,-125.691,135.205,1315.54,-118.136,143.709,0,0,0
000855:1212.28,-97.7239,160.4,1212.32,-101.494,162.246,1213.56,-95.249,162.961,1207.34,-104.571,157.71,1219.27,-92.4222,160.019,1199.5,-105.583,139.016,1218.54,-83.045,144.571,1203.13,-117.105,129.378,1225.33,-65.505,140.599,1206.48,-114.446,137.251,1236.31,-71.8053,151.825,1193.97,-90.1755,90.4685,1207.46,-79.1446,93.6157,1179.93,-74.7703,53.9234,1204.23,-81.2383,54.8014,1186.86,-64.2974,17.4155,1224.1,-91.3594,16.6433,1291.53,-106.706,139.829,1312.65,-114.158,132.155,1308.39,-121.835,134.942,1292.61,-115.362,142.953,0,0,0
000856:1209.88,-98.8718,160.166,1209.5,-102.4,162.041,1211.36,-96.4058,162.767,1203.5,-104.817,157.59,1216.11,-93.1799,159.983,1193.86,-105.314,139.068,1213.71,-83.7228,144.704,1192.85,-117.032,128.957,1220.84,-66.7512,141.061,1197.44,-116.867,135.119,1234.86,-73.1311,152.194,1187.43,-90.5766,90.9404,1201.2,-80.2336,94.0539,1179.03,-75.1961,54.2436,1202.31,-82.2814,55.1691,1185.2,-65.4801,17.7375,1221.92,-92.6806,17.1947,1313.34,-111.568,139.457,1337.38,-119.868,131.348,1332.51,-127.835,134.691,1314.32,-120.542,143.183,0,0,0
000857:1207.81,-99.7824,160.167,1208.4,-103.418,162.107,1209.39,-97.2333,162.882,1206.74,-106.13,157.816,1217.34,-93.9543,160.268,1200.83,-107.037,139.032,1216.8,-83.8909,144.62,1192.78,-118.28,128.015,1223.47,-66.3025,139.402,1179.96,-116.379,133.301,1232.58,-72.9703,148.922,1193.64,-91.6537,90.624,1205.27,-80.5351,93.67,1184.73,-76.5201,53.7024,1208.46,-83.4872,54.4772,1192.08,-67.1614,16.9321,1232.79,-95.0931,15.6771,1304.52,-112.495,137.82,1328.18,-121.325,129.391,1319.35,-129.588,133.515,1301.16,-121.7,142.23,0,0,0
000858:1205.84,-100.166,160.708,1207,-104.022,162.625,1207.59,-97.6382,163.45,1207.63,-107.533,158.093,1216.85,-94.7189,160.593,1206.08,-109.411,138.729,1217.41,-84.6469,145.051,1211.87,-121.977,125.766,1221.97,-66.78,140.685,1205.76,-119.234,128.518,1222.04,-72.8062,151.356,1194.92,-92.9593,90.6626,1205.12,-80.9968,94.0368,1184.33,-77.9167,53.9284,1209.13,-84.3495,54.7748,1187.6,-67.6952,17.5446,1232.39,-96.2215,16.2803,1219.82,-96.4811,140.422,1228.43,-102.468,133.327,1217.2,-109.049,136.567,1214.27,-104.079,143.942,0,0,0
000859:1212.01,-101.59,160.075,1212.35,-105.322,161.931,1212.98,-98.9996,162.808,1209.85,-108.277,157.437,1220.64,-95.9253,159.998,1202.02,-109.188,138.367,1219.27,-85.7278,144.514,1190.4,-119.974,126.158,1227.23,-67.8574,140.247,1173.82,-117.676,129.636,1237.84,-74.5646,150.825,1196.15,-93.4752,90.4103,1208.94,-82.2885,93.507,1185.8,-78.6657,53.6469,1210.77,-85.7986,54.2804,1195.4,-70.0267,16.7915,1236.06,-98.4927,15.4248,1305.91,-112.302,138.044,1324.78,-120.681,129.34,1319.74,-129.767,133.429,1306.56,-122.363,142.492,0,0,0
000860:1215.66,-102.712,159.929,1214.99,-106.33,161.799,1216.19,-100.074,162.677,1209.39,-109.004,157.426,1220.61,-96.6467,159.946,1201.05,-109.753,138.486,1217.49,-86.2835,144.69,1200.73,-120.921,125.59,1222.87,-68.3805,140.428,1205.83,-120.133,127.926,1234,-75.2709,150.939,1195.11,-94.3121,90.7156,1208.64,-83.1233,93.7373,1186.84,-80.1675,53.9094,1215.7,-87.3633,54.1221,1184.33,-70.1077,18.1655,1231.65,-98.6383,15.849,1298.61,-111.339,137.772,1315.01,-119.149,129.27,1309.41,-127.986,133.014,1299.64,-121.296,141.922,0,0,0
000861:1212.7,-103.078,159.696,1212.04,-106.675,161.601,1213.51,-100.503,162.432,1206.72,-109.45,157.327,1217.5,-97.0651,159.785,1199.72,-110.331,138.483,1214.65,-86.8461,144.717,1202.79,-121.451,125.448,1222.67,-69.3706,140.738,1201.01,-118.901,127.763,1232.45,-75.9506,151.687,1193.1,-94.9822,90.9439,1205.81,-83.8232,94.0123,1182.44,-80.7043,54.5299,1210.65,-88.1015,54.7874,1184.53,-70.6329,18.3957,1232.78,-99.9964,16.2504,1243.32,-103.444,138,1250.35,-109.056,130.682,1229.9,-115.213,133.606,1229.94,-110.914,141.262,0,0,0
000862:1210.59,-103.794,159.344,1211.48,-107.5,161.283,1211.01,-101.133,162.143,1210.85,-110.545,157.049,1216.91,-97.6449,159.555,1207.77,-111.883,138.06,1212.52,-87.0823,144.653,1204.44,-123.468,124.36,1218.75,-69.2521,141.289,1187.02,-121.156,124.692,1231.71,-75.6631,152.286,1196.4,-96.0668,90.6406,1202.81,-84.3705,93.9551,1186.86,-81.9569,53.9912,1208.86,-89.173,54.5851,1184.78,-72.0104,18.0542,1232.74,-101.663,15.9084,1214.3,-98.5935,138.746,1222.63,-104.227,130.797,1203.82,-111.087,133.665,1201.7,-106.608,142.009,0,0,0
000863:1202.65,-103.299,158.129,1202.45,-106.77,160.085,1204.53,-100.865,160.846,1200.54,-109.428,156.11,1211.35,-97.3201,158.373,1195.59,-110.577,137.742,1212.22,-87.3766,143.545,1186.75,-122.568,125.957,1227.63,-70.4906,140.408,1165.01,-120.725,128.442,1237.46,-76.6112,152.044,1189.61,-95.7225,90.4188,1202.76,-84.948,93.1575,1181.44,-82.2753,54.114,1210.36,-90.3045,54.0956,1184.18,-73.327,17.9951,1236.19,-103.457,15.4882,1211.26,-98.0796,138.894,1216.03,-102.657,131.767,1190.59,-107.77,133.996,1192.61,-104.585,141.437,0,0,0
000864:1209.13,-105.495,158.808,1210.07,-109.202,160.621,1210.48,-103.032,161.561,1211.4,-112.312,156.07,1219.99,-99.8791,158.702,1205.07,-113.29,136.921,1219.14,-89.4324,143.59,1184.53,-124.444,123.941,1229.35,-71.1568,141.115,1151.13,-122.671,124.18,1237.61,-76.0598,152.555,1194.43,-97.271,89.7713,1204.81,-86.0298,92.9218,1187.46,-83.8962,53.395,1209.79,-90.4307,53.9918,1187.11,-76.2641,17.6829,1231.58,-103.735,16.1455,1217.96,-98.515,139.628,1226.19,-104.561,131.125,1213.51,-112.308,134.239,1211.04,-107.397,143.12,0,0,0
000865:1208.19,-106.248,158.226,1208.92,-109.871,160.081,1208.76,-103.566,161.011,1209.67,-112.811,155.907,1215.97,-99.8256,158.456,1206.49,-113.882,137.165,1213.98,-88.8709,143.592,1193.74,-124.795,124.312,1224.12,-70.954,140.255,1169.87,-121.436,125.838,1234.43,-77.4637,151.45,1196.84,-98.3396,90.0893,1204.21,-86.4173,93.156,1190.26,-85.4841,53.5317,1211.18,-91.4913,53.9543,1189.36,-78.102,17.4163,1232.32,-105.468,15.7064,1219.66,-101.302,136.666,1228.3,-106.594,128.224,1215.89,-114.019,130.639,1213.16,-109.99,139.426,0,0,0
000866:1214.92,-107.967,158.295,1215.52,-111.548,160.165,1214.59,-105.223,161.134,1215.97,-114.373,155.879,1219.4,-101.148,158.588,1210.64,-115.031,137.016,1212.31,-89.795,144.025,1189.48,-125.353,122.829,1219.1,-71.9628,141.404,1158.37,-123.625,121.196,1232.79,-78.4514,152.503,1198.43,-99.3058,90.188,1202.16,-87.2911,93.4928,1194.3,-87.0874,53.3823,1212.32,-92.7214,53.9851,1185.76,-79.6721,17.8768,1230.34,-106.221,15.8417,1210.39,-102.849,134.696,1215.38,-107.818,125.08,1198.82,-115.871,127.139,1199.99,-112.203,137.166,0,0,0
000867:1212.46,-108.488,157.6,1212.76,-112.066,159.427,1212.65,-105.827,160.452,1213.94,-115.082,155.188,1218.52,-102.007,157.908,1209.27,-116.008,136.36,1216.3,-90.9937,143.445,1189.99,-126.2,121.804,1234.54,-73.4098,141.022,1161.77,-123.93,119.953,1252.06,-79.5403,152.7,1200.94,-100.644,90.0961,1206.62,-88.6708,93.3277,1196.1,-88.4258,53.3015,1210.7,-93.8181,54.1359,1192.69,-81.6506,17.1515,1228.02,-107.57,16.0776,1221.84,-101.971,136.605,1223.3,-106.575,127.939,1203.92,-113.593,130.308,1208.59,-110.302,139.356,0,0,0
000868:1211.4,-109.508,157.054,1212.05,-112.965,158.863,1211.74,-106.896,159.891,1214.11,-115.643,154.744,1219.29,-102.881,157.445,1210.9,-116.145,136.265,1217.42,-91.7351,143.139,1191.25,-126.459,122.415,1230.54,-74.6246,140.581,1156.47,-124.522,121.662,1243.78,-81.0333,152.021,1200.41,-100.658,90.2522,1205.75,-88.9618,93.3096,1196.38,-89.2969,53.519,1211.07,-94.3413,54.1978,1191.66,-84.0508,17.5256,1226.6,-108.559,16.3283,1221.44,-104.604,135.362,1226.83,-109.229,126.573,1208.84,-116.078,128.614,1209.61,-112.855,137.745,0,0,0
000869:1213.22,-110.535,157.142,1213.92,-114.097,158.891,1214.33,-108.121,160.036,1216.74,-117.192,154.573,1223.71,-104.739,157.471,1213.95,-117.785,135.768,1223,-93.9479,142.906,1194.11,-127.663,121.357,1237.25,-77.0996,140.459,1168.19,-125.907,119.893,1242.28,-81.9443,151.799,1201.77,-101.869,89.3485,1207.46,-90.262,92.6141,1198.57,-90.5524,52.4576,1205.96,-94.0235,53.8343,1203.33,-88.324,15.5044,1220.37,-109.1,16.7095,1212.06,-104.153,136.953,1221.69,-109.506,127.915,1205.52,-116.659,130.341,1200.51,-112.427,139.714,0,0,0
000870:1211.52,-111.635,157.37,1212.46,-115.245,159.055,1212.55,-109.19,160.311,1216.56,-118.526,154.736,1224.13,-105.961,157.788,1215.57,-118.893,135.896,1227.12,-95.0415,143.325,1202.39,-127.672,120.551,1240.41,-78.2397,140.256,1191.35,-125.195,119.049,1240.91,-83.6264,151.46,1203.55,-102.646,89.9648,1211.59,-90.8932,93.199,1198.74,-91.7265,53.0187,1211.21,-94.8993,54.0243,1198.76,-90.0023,16.2158,1219.08,-110.124,16.9976,1231.86,-108.723,136.213,1244.69,-114.428,127.228,1243.12,-122.717,129.558,1234.59,-118.098,138.912,0,0,0
000871:1218.31,-113.16,156.577,1218.67,-116.619,158.228,1217.91,-110.643,159.511,1220.04,-119.342,153.823,1226.13,-106.943,156.904,1219.37,-119.517,134.935,1223.53,-95.496,142.411,1213.13,-129.614,119.602,1233.04,-78.4525,139.78,1198.35,-128.204,117.893,1242.28,-83.7942,151.111,1204,-103.149,89.1512,1207.51,-91.3274,92.4247,1202.55,-93.1163,52.1309,1208.78,-95.2872,53.4438,1204.71,-93.545,15.1441,1217.49,-111.241,16.7644,1233.32,-108.722,137.351,1243.79,-114.476,128.453,1236.21,-122.156,131.245,1230.88,-117.612,140.435,0,0,0
000872:1214.32,-114.378,156.481,1215.16,-117.746,158.178,1214.4,-111.829,159.505,1220.19,-120.355,153.854,1225.12,-107.79,157.099,1220.61,-120.216,135.032,1225.83,-95.9494,142.851,1205.64,-129.797,119.249,1241.49,-79.2867,140.352,1183.74,-129.205,115.883,1247.56,-84.572,151.183,1204.87,-103.785,89.5842,1207.71,-91.5869,92.8383,1204.91,-94.8824,52.4722,1206.64,-95.047,53.9902,1212.63,-97.5425,14.8825,1216.63,-111.103,17.2014,1225.83,-108.3,136.091,1233.23,-113.219,126.592,1224.36,-120.916,128.718,1221.22,-117.128,138.499,0,0,0
000873:1210.02,-114.046,156.24,1210.18,-117.563,158.079,1212.71,-112.143,158.997,1212.67,-120.555,153.297,1219.67,-108.199,156.367,1214.76,-120.982,134.57,1222.95,-97.1478,142.382,1209.5,-131.066,118.493,1238.09,-80.3357,140.126,1212.48,-132.458,114.796,1241.6,-84.8137,153.362,1203.31,-104.406,89.3009,1211.58,-92.7515,92.3984,1198.84,-95.3952,52.981,1216.43,-96.8483,53.7602,1192.32,-96.3035,17.3796,1229.04,-113.447,16.4864,1239.43,-111.964,137.601,1260.68,-119.499,127.801,1254.37,-128.14,130.922,1233.92,-120.968,140.43,0,0,0
000874:1204.75,-114.419,155.964,1204.74,-117.785,157.85,1208.53,-112.696,158.745,1207.77,-120.621,153.085,1216.79,-108.785,156.18,1209.73,-120.813,134.639,1222.71,-98.1422,142.53,1206.54,-131.739,118.494,1240.82,-82.182,140.986,1211.61,-135.84,113.332,1237.1,-85.6083,153.991,1200.01,-104.52,89.633,1209.9,-93.0616,92.5979,1198.56,-97.1587,53.2253,1210.55,-96.095,54.2839,1202.06,-100.909,16.8676,1227.1,-111.999,16.864,1218.59,-109.562,138.959,1234.96,-116.299,129.214,1225.73,-124.5,131.973,1209.43,-118.012,141.467,0,0,0
000875:1214.98,-116.26,156.081,1213.69,-119.515,158.021,1217.69,-114.492,158.894,1212.4,-121.788,153.174,1220.43,-109.912,156.396,1208.65,-121.379,134.488,1220.43,-98.5465,142.483,1200.28,-132.094,117.41,1237.22,-82.2337,140.634,1200.63,-136.64,110.29,1239.56,-85.7335,153.131,1201.55,-105.316,89.5306,1209.18,-93.7118,92.5636,1203.4,-98.1032,53.1433,1207.88,-96.6031,54.7134,1208.01,-102.089,16.7722,1218.19,-112.471,18.2103,1237.02,-110.299,140.063,1251.58,-117.26,130.62,1247.92,-125.784,133.892,1233.7,-119.039,143.146,0,0,0
000876:1213.88,-117.123,155.692,1212.99,-120.439,157.6,1217.3,-115.498,158.483,1212.94,-123.076,152.618,1222.25,-111.444,155.985,1209.24,-122.516,133.881,1226.2,-100.675,142.383,1198.89,-132.56,116.252,1243.95,-84.6345,141.301,1201,-137.451,108.224,1239.47,-87.5434,153.898,1203.12,-106.378,88.9474,1214.24,-95.1121,92.083,1204.26,-99.5692,52.7695,1215.82,-97.3616,53.9845,1203.34,-104.342,17.1556,1223.78,-112.792,17.8566,1195.48,-112.334,139.42,1204.45,-119.16,129.141,1196.28,-128.29,132.403,1186.83,-121.579,142.541,0,0,0
000877:1214.94,-118.919,155.578,1213.32,-122.122,157.471,1218.39,-117.252,158.451,1210.93,-124.321,152.544,1223.05,-112.736,156.042,1205.26,-122.998,133.883,1228.36,-101.578,142.652,1207.33,-132.38,115.035,1246.98,-86.0739,141.656,1226.87,-136.962,105.698,1243.94,-89.8876,154.795,1200.14,-107.062,89.4866,1213.35,-95.5836,92.5219,1206.45,-101.611,53.1852,1209.63,-97.2982,54.8,1215.26,-107.394,16.6944,1210.4,-111.583,19.3303,1218.67,-111.211,139.707,1227.19,-117.171,130.615,1227.8,-125.718,133.376,1219.08,-119.893,142.418,0,0,0
000878:1206.31,-119.451,155.635,1206.03,-122.764,157.544,1210.86,-117.908,158.547,1208.74,-125.526,152.493,1220.31,-113.658,156.217,1206.68,-124.178,133.588,1230.48,-102.765,143.209,1203.48,-131.81,112.873,1249.43,-87.687,142.789,1215.89,-135.43,100.876,1237.68,-90.862,156.17,1201.09,-108.199,89.5133,1214,-96.4514,92.8031,1204.17,-102.908,53.4371,1206.95,-97.6446,55.1619,1215.21,-108.879,16.8462,1211.35,-111.869,19.4261,1209.99,-111.96,137.969,1223.16,-117.609,128.635,1224.12,-126.039,130.61,1209.19,-120.351,139.973,0,0,0
000879:1213.57,-121.1,155.671,1212.5,-124.453,157.515,1217.6,-119.493,158.595,1209.69,-126.747,152.432,1223.83,-115.032,156.144,1203.68,-124.926,133.499,1227.98,-103.17,142.865,1205.99,-133.094,113.948,1243.74,-86.7326,142.121,1219.96,-136.053,104.149,1241.67,-90.2454,154.978,1193.83,-107.774,89.115,1206.91,-95.8287,92.2351,1202.81,-103.847,52.6426,1202.42,-97.5808,54.3656,1216.91,-110.811,15.7025,1206.7,-111.982,18.4313,1219.95,-113.051,137.065,1235.73,-119.102,127.13,1236.41,-128.187,129.048,1219.78,-122.204,138.926,0,0,0
000880:1213.91,-122.506,155.918,1212.77,-125.737,157.855,1217.87,-120.918,158.865,1211.14,-127.962,152.733,1222.81,-116.187,156.516,1207.83,-126.159,133.609,1228.08,-104.764,143.459,1211.8,-134.881,112.724,1244.8,-89.5349,143.376,1233.08,-140.571,99.9699,1241.54,-93.3065,156.459,1202.65,-109.746,88.9872,1213.94,-98.0629,92.3403,1208.01,-105.028,52.4444,1207.09,-99.5695,54.2845,1218.48,-111.205,15.5893,1210.08,-113.615,18.2698,1218.36,-114.252,136.165,1232.16,-119.583,126.184,1233.86,-128.515,127.519,1218.21,-123.196,137.606,0,0,0
000881:1212.86,-123.441,154.929,1212.65,-126.717,156.812,1217.94,-122.017,157.874,1214.68,-129.064,151.942,1223.89,-117.385,155.695,1210.34,-126.515,133.362,1230.43,-106.009,143.153,1194.73,-132.822,114.087,1251.09,-91.1254,143.496,1197.98,-136.52,104.189,1243.26,-94.4819,156.953,1206.76,-110.16,88.8536,1217.22,-98.8511,92.1721,1212.77,-106.104,51.9198,1211.33,-100.877,53.5997,1216.33,-112.235,15.3446,1215.43,-115.063,17.0075,1198.66,-114.273,138.055,1206.01,-119.198,128.032,1202.47,-127.903,129.416,1192.79,-123.036,139.524,0,0,0
000882:1214.86,-124.73,155.114,1214.33,-128.076,156.951,1218.98,-123.202,158.148,1214.18,-130.402,151.787,1224.92,-118.395,155.874,1210.77,-128.149,132.593,1230.85,-106.41,143.154,1209.35,-135.476,110.752,1248.35,-90.5362,143.482,1217.29,-138.979,97.117,1245.43,-93.8566,156.884,1205.67,-111.184,88.3993,1217.48,-99.3278,91.9125,1206.43,-106.341,51.8704,1213.62,-100.945,53.2592,1209.13,-112.913,15.4958,1219.79,-116.174,16.7373,1220.97,-114.465,138.995,1232.43,-119.637,128.936,1228.3,-128.079,130.462,1215.46,-122.966,140.574,0,0,0
000883:1208.18,-125.82,155.588,1208.71,-129.153,157.428,1213.99,-124.463,158.588,1212.88,-131.39,152.505,1223.65,-119.979,156.504,1209.62,-128.555,133.771,1233.82,-108.415,143.941,1191.49,-134.731,114.526,1253.22,-92.9214,144.893,1183.97,-137.138,104.993,1244.32,-95.764,158.791,1207.39,-111.984,89.1606,1221.48,-100.993,92.5067,1205.77,-106.931,52.3882,1214.1,-102.345,53.5764,1209.82,-114.089,15.4493,1223.14,-117.709,16.3307,1229.85,-115.459,140.909,1243.41,-120.596,131.162,1247.25,-129.362,132.348,1230.86,-124.259,142.244,0,0,0
000884:1209.37,-126.043,155.631,1209.15,-129.45,157.469,1214.45,-124.7,158.659,1211.53,-132.043,152.36,1222.18,-120.238,156.434,1208.16,-129.405,133.487,1231.94,-108.925,144.053,1194.19,-135.512,113.116,1249.63,-94.1093,145.777,1189.99,-138.083,101.77,1241.09,-97.1693,160.397,1210.33,-112.866,88.5802,1225.9,-101.473,91.9565,1207.81,-108.67,51.677,1224.68,-103.042,52.3458,1206.5,-116.31,15.1961,1237.08,-118.685,14.6039,1238.77,-115.689,142.624,1249.04,-120.036,133.001,1255.61,-128.865,133.582,1242.95,-124.533,143.439,0,0,0
000885:1207.71,-125.777,155.688,1205.88,-129.192,157.507,1212.99,-124.639,158.673,1203.85,-131.915,152.549,1219.95,-120.946,156.49,1201.57,-129.519,134.249,1231.4,-110.426,144.441,1201.75,-136.914,115.566,1248.65,-95.991,146.622,1217.92,-140.432,106.668,1233.89,-98.1165,160.972,1208.84,-112.681,88.9995,1231.23,-101.986,92.1496,1199.35,-108.73,52.4573,1231.46,-103.044,52.1917,1201.97,-118.717,15.8024,1249.19,-119.296,13.8581,1241.15,-116.746,144.123,1255.37,-121.274,133.822,1262.73,-130.951,133.757,1246.26,-126.431,144.323,0,0,0
000886:1215.5,-130.105,155.983,1213.73,-133.337,157.723,1220.53,-128.785,159.107,1210.35,-134.937,152.507,1225.7,-123.648,156.836,1206.37,-131.054,133.696,1231.29,-111.04,144.83,1212.27,-138.343,113.426,1243.07,-95.9061,147.092,1228.85,-143.279,102.77,1236.23,-99.4864,161.581,1206.48,-112.98,89.2437,1227.64,-101.723,92.3936,1193.23,-109.788,52.9895,1231.14,-103.051,52.2209,1198.91,-120.319,16.1909,1260.17,-119.691,12.562,1273.92,-119.112,145.104,1291.72,-123.529,135.737,1306.35,-132.417,135.704,1286.42,-128.072,145.341,0,0,0
000887:1209.9,-129.86,156.405,1209.67,-133.401,158.055,1216.15,-128.774,159.508,1208.93,-136.103,152.293,1227.65,-124.809,156.824,1207.27,-132.809,133.055,1236.61,-113.145,144.93,1213.24,-138.468,110.851,1241.8,-98.284,147.882,1211.89,-140.59,97.8466,1217.35,-100.171,162.727,1204.46,-114.183,88.7026,1226.63,-102.587,92.1019,1193.24,-111.75,52.5228,1227.43,-102.717,52.2595,1207.85,-123.721,15.5285,1258.23,-118.796,13.1855,1241.43,-118.383,147.562,1262.67,-123.145,137.581,1265.32,-131.519,137.451,1241.31,-126.619,147.678,0,0,0
000888:1208.89,-130.443,155.968,1208.43,-134.015,157.566,1215.79,-129.546,159.053,1206.93,-136.694,151.966,1226.87,-125.894,156.433,1204.89,-132.957,133.184,1235.93,-114.31,144.922,1214.46,-138.448,112.515,1241.43,-99.524,148.58,1225.95,-141.113,102.36,1213.65,-100.827,163.739,1200.73,-113.678,89.0609,1224.62,-102.394,92.3137,1187.96,-112.45,52.993,1223.33,-102.168,52.4919,1204.08,-126.068,15.9079,1257.35,-118.144,13.0053,1235,-118.672,149.837,1253.09,-123.262,140.224,1256.2,-131.588,140.012,1234.92,-126.856,149.849,0,0,0
000889:1209.99,-132.906,156.402,1210.64,-136.475,157.982,1217.08,-131.848,159.511,1212.2,-138.931,152.445,1229.73,-127.794,156.842,1211.43,-134.921,133.556,1238.14,-115.495,145.244,1207.63,-139.633,114.327,1238.26,-100.111,149.065,1197.36,-140.987,106.659,1204.29,-101.96,164.194,1206.01,-115.319,89.1744,1226.52,-103.333,92.4186,1190.45,-114.64,53.3113,1221.11,-102.866,52.8747,1205.26,-127.626,16.3846,1254.01,-117.471,13.3569,1216.36,-118.2,149.244,1233.77,-122.442,140.004,1227.91,-129.381,139.732,1207.1,-125.117,149.152,0,0,0
000890:1209.39,-134.094,156.642,1209.77,-137.665,158.225,1216.19,-132.98,159.807,1210.69,-140.232,152.666,1227.17,-128.746,157.073,1209.86,-136.068,133.748,1236.12,-116.494,145.415,1212.3,-140.245,114.412,1243.6,-102.28,149.066,1213.27,-141.001,107.318,1221.17,-105.367,164.086,1203.81,-116.482,89.0411,1222.77,-103.83,92.3659,1193.32,-117.149,52.7606,1216.49,-102.522,52.7846,1210.52,-131.039,15.2674,1242.7,-115.468,13.6866,1239.72,-121.05,145.883,1254.57,-124.341,137.07,1258.48,-131.481,135.882,1239.57,-128.172,144.969,0,0,0
000891:1214.15,-135.081,157.016,1212.48,-138.521,158.596,1219.59,-133.855,160.174,1205.99,-140.74,153,1225.59,-129.536,157.329,1203.79,-136.69,134.237,1233.3,-117.802,145.891,1214.69,-141.51,115.049,1250.25,-105.257,150.258,1223.14,-143.432,107.88,1239.76,-109.752,165.756,1204.6,-117.64,89.1679,1224.49,-105.005,92.4374,1199.63,-119.462,52.4746,1222.85,-103.664,52.4392,1214.39,-133.463,15.1847,1240.34,-114.816,14.0147,1241.73,-124.184,148.593,1261.15,-127.823,139.594,1242.89,-133.192,138.346,1219.98,-129.547,147.603,0,0,0
000892:1210.24,-136.951,156.846,1210.14,-140.627,158.275,1217.82,-136.212,160.03,1209.4,-143.489,152.267,1230.19,-132.742,157.071,1205.65,-138.313,133.454,1240.84,-120.897,146.259,1204.8,-140.262,113.28,1245.3,-106.344,151.953,1209.14,-141.403,104.133,1213.34,-106.549,167.581,1200.46,-117.669,89.4988,1223.15,-105.593,93.0752,1198.38,-120.283,52.6593,1221.03,-103.477,52.9897,1218.74,-136.073,15.0371,1241.84,-114.878,14.6205,1221.88,-118.428,151.717,1237.43,-121.045,142.171,1241.33,-128.457,139.722,1220.98,-125.787,149.629,0,0,0
000893:1215.64,-138.935,156.431,1214.17,-142.435,157.862,1221.06,-137.932,159.644,1210.19,-144.611,152.358,1229.69,-133.786,156.983,1204.56,-139.198,134.166,1240.14,-121.699,146.474,1206.91,-141.788,115.251,1255.38,-108.904,152.459,1216.99,-143.828,108.215,1244.14,-112.299,168.778,1202.55,-118.778,90.2666,1224.56,-106.382,93.6243,1203.94,-122.569,53.0498,1225.65,-104.615,53.2012,1220.27,-137.632,15.5758,1238.15,-114.128,15.1658,1263.59,-124.292,157.893,1279.96,-127.431,149.97,1286.45,-133.981,148.267,1265.49,-130.855,156.661,0,0,0
000894:1218.09,-141.092,156.587,1216.64,-144.654,157.898,1223.23,-140.082,159.791,1211.4,-146.819,152.01,1227.8,-135.643,156.865,1207.23,-140.852,133.65,1233.37,-122.967,146.904,1205.91,-142.206,114.655,1245.33,-109.662,154.023,1209.18,-143.254,107.439,1234.2,-112.245,170.32,1206.57,-119.839,90.0637,1223.4,-107.036,94.0165,1206.16,-123.652,52.9675,1225.02,-104.563,53.4931,1219.3,-138.889,15.7235,1241.4,-114,15.3464,1232.73,-121.152,154.138,1250.24,-123.002,144.742,1244.27,-128.941,141.256,1221.67,-127.205,151.104,0,0,0
000895:1215.76,-140.803,156.491,1213.41,-144.182,158.097,1218.85,-139.904,159.542,1206.42,-146.461,151.918,1225.54,-135.807,156.712,1201.04,-140.31,134.388,1233.13,-124.395,147.021,1198.22,-141.08,115.471,1257.39,-114.205,152.759,1202.39,-142.684,108.97,1252.9,-117.848,170.404,1203.1,-119.705,91.4038,1224.47,-107.574,94.8815,1201.9,-124.24,54.1505,1225.5,-105.097,54.4932,1215.99,-140.188,16.9506,1237.28,-113.613,16.0751,1243.51,-123.405,152.187,1253.7,-124.668,143.234,1249.51,-130.085,139.545,1238.53,-128.962,148.441,0,0,0
000896:1200.16,-139.811,157.633,1197.74,-143.06,159.296,1202.14,-138.622,160.616,1193.24,-145.315,153.348,1209.63,-134.277,157.905,1193.81,-139.906,136.117,1223.34,-123.603,148.486,1193.64,-141.465,118.351,1253.95,-114.849,155.602,1192.82,-143.367,113.467,1253.76,-120.583,175.078,1205.98,-121.131,92.4172,1225.36,-108.391,95.7793,1204.3,-126.495,54.7665,1225.7,-105.683,54.8613,1217.58,-142.32,17.1013,1237.62,-112.919,15.7196,1223.28,-124.32,157.251,1230.84,-125.647,148.941,1219.32,-130.176,145.692,1211.07,-128.998,154.026,0,0,0
000897:1203.5,-142.454,156.979,1201.76,-145.633,158.63,1206.69,-141.401,159.97,1198.78,-147.515,152.731,1217.31,-136.919,157.418,1199.21,-141.2,135.53,1229.71,-125.807,148.4,1200.68,-141.582,116.52,1248.23,-116.958,155.994,1206.94,-145.007,109.956,1233.29,-122.7,175.344,1207.48,-122.118,92.5284,1227.84,-109.659,95.8712,1206.85,-128.607,55.1176,1224.62,-106.462,55.242,1226.44,-144.786,17.1734,1233.93,-111.888,16.4515,1240.73,-129.727,157.375,1252.4,-131.855,148.972,1258.22,-138.416,145.896,1245.58,-136.376,154.571,0,0,0
000898:1208.09,-144.543,156.923,1206.22,-147.883,158.458,1211.34,-143.581,159.928,1201.4,-149.897,152.446,1219.98,-139.309,157.193,1199.72,-143.227,135.463,1229.78,-127.902,148.618,1196.69,-142.704,117.413,1247.13,-118.039,157.142,1200.41,-145.334,112.014,1230.01,-122.121,176.764,1208.39,-123.092,92.9505,1228.71,-110.464,96.4207,1206.23,-130.229,55.4878,1226.27,-107.266,55.5303,1222.34,-145.994,17.8801,1237.8,-111.865,16.2931,1214.83,-125.034,160.303,1223.99,-126.103,152.267,1221.7,-131.408,148.327,1211.93,-130.588,156.564,0,0,0
000899:1212.2,-145.533,157.544,1210.28,-149.123,159.049,1215.4,-144.533,160.581,1204.64,-151.614,153.148,1222.6,-140.419,157.856,1198.33,-145.125,136.238,1230.26,-128.872,149.358,1191.22,-143.21,118.464,1245.08,-118.327,158.38,1198.32,-143.733,114.179,1233.78,-122.98,178.696,1205.44,-124.955,93.1566,1226.54,-111.507,96.7343,1204.91,-132.532,55.4411,1225.55,-107.368,55.4055,1216.15,-147.64,17.94,1234.15,-110.645,16.2928,1233.29,-129.969,165.778,1240.83,-131.862,158.098,1251.34,-138.96,154.918,1243.59,-137.322,162.921,0,0,0
000900:1215.2,-148.763,157.693,1212.35,-151.914,159.266,1218.52,-147.656,160.75,1205.09,-152.958,153.595,1225.44,-142.418,158.356,1197.39,-144.906,136.936,1235.66,-130.16,150.165,1189.64,-143.056,119.341,1259.87,-120.546,159.983,1203.33,-147.103,114.08,1249.69,-126.523,181.057,1206.4,-125.254,93.9936,1230.62,-112.343,97.2459,1207.26,-134.296,56.1626,1231.75,-108.81,55.4878,1216.7,-149.165,18.6626,1236.44,-110.434,16.1032,1224.54,-129.304,164.577,1229.8,-130.506,156.796,1234.84,-136.736,153.171,1230.36,-136.021,161.395,0,0,0
000901:1223.93,-151.852,157.477,1221.09,-155.109,158.958,1226.39,-150.734,160.606,1214.15,-156.173,153.068,1230.74,-145.168,158.076,1205.97,-147.287,136.278,1235.99,-131.945,150.242,1194.44,-143.73,117.863,1246.67,-120.771,160.216,1206.24,-147.258,112.042,1225.64,-125.316,180.736,1215.18,-126.481,93.7059,1234.99,-113.006,97.3015,1210.94,-136.047,55.7748,1232.13,-109.283,55.331,1213.96,-150.357,18.559,1234.34,-109.874,15.7712,1199.49,-127.344,164.962,1198.62,-127.649,157.11,1203.48,-133.87,153.064,1205.14,-134.141,161.334,0,0,0
000902:1227.78,-153.396,156.728,1223.77,-156.661,158.082,1229.09,-152.109,159.864,1213.6,-157.7,152.142,1230.55,-146.44,157.099,1206.06,-149.496,135.392,1234.12,-132.968,149.307,1202.21,-146.424,116.945,1250.11,-121.998,159.148,1224.43,-150.142,111.751,1242.29,-127.98,179.913,1216.69,-128.442,93.4482,1235.24,-114.14,97.077,1214.98,-138.563,55.5796,1234.79,-110.137,55.2437,1217.63,-152.4,18.5575,1234.62,-109.515,16.0366,1220.04,-132.406,169.444,1223.41,-134.062,162.23,1225.99,-140.061,159.22,1222.79,-138.853,166.815,0,0,0
000903:1229.77,-155.786,157.032,1227.15,-159.076,158.385,1231.39,-154.523,160.199,1221.27,-160.082,152.484,1236.08,-148.844,157.533,1214.52,-150.815,135.808,1240.34,-135.08,150.005,1205.01,-146.203,117.426,1252.92,-124.152,160.106,1217.16,-149.545,112.278,1239.58,-129.945,180.492,1219.1,-128.894,93.9138,1236.04,-114.758,97.5967,1216.57,-140.088,56.0104,1235.01,-110.866,55.5848,1219.75,-154.215,18.8761,1235.95,-109.146,16.0661,1219.38,-132.303,166.191,1218.85,-132.691,158.478,1226.33,-139.247,154.371,1227.61,-139.499,162.567,0,0,0
000904:1224.59,-156.357,156.648,1222.55,-159.773,157.902,1226.69,-155.202,159.812,1220.1,-161.439,152.072,1234.06,-150.042,157.115,1218.82,-153.171,135.544,1241.32,-136.677,149.703,1209.04,-148.325,117.248,1255.41,-126.085,159.533,1216.14,-150.552,112.829,1239.71,-131.604,179.625,1225.09,-131.076,94.2563,1240.27,-116.326,98.0361,1218.01,-141.916,56.5227,1236.4,-111.596,56.2626,1215.89,-155.312,19.7954,1238.21,-109.131,16.7551,1218.88,-133.554,169.835,1221.21,-134.518,162.987,1225.42,-140.055,159.399,1223.56,-139.708,166.688,0,0,0
000905:1226.46,-157.833,156.483,1223.64,-161.275,157.647,1226.92,-156.544,159.653,1217.95,-162.541,152.026,1229.95,-151.086,157.017,1217.93,-154.274,135.836,1232.34,-137.288,150.175,1212.78,-149.164,117.799,1241.04,-126.898,160.906,1227.67,-152.288,114.237,1233.88,-133.845,181.537,1227.44,-131.918,94.7513,1239.9,-116.989,98.6789,1218.95,-143.284,57.0841,1236.74,-112.221,56.6852,1215.02,-156.208,20.4576,1240.9,-109.164,16.9121,1245.17,-140.319,176.379,1253.64,-142.507,169.895,1262.26,-148.926,166.764,1252.71,-147.111,173.835,1158.29,-198.471,303.829
000906:1228.47,-159.042,156.454,1224.95,-162.338,157.661,1227.74,-157.605,159.618,1217.03,-163.274,152.097,1228.98,-152.084,157.002,1217.04,-154.866,136.019,1230.22,-138.555,150.104,1216.89,-150.363,118.511,1238.59,-128.714,160.663,1238.06,-154.813,115.209,1234.75,-135.973,180.569,1227.79,-132.824,94.6001,1240.13,-118.13,98.4333,1218.23,-144.64,57.2119,1238.31,-112.976,56.6103,1210.63,-157.711,21.0967,1239.83,-108.483,17.2937,1248.79,-141.644,174.07,1257.3,-143.269,167.332,1263.9,-149.671,163.534,1254.04,-148.421,170.893,1162.48,-199.524,301.655
000907:1223.91,-160.239,155.828,1221.8,-163.666,156.986,1225,-159.067,159.018,1218.01,-164.801,151.634,1230.56,-153.854,156.652,1218.51,-156.162,135.681,1232.48,-139.9,150.038,1209.78,-150.338,117.591,1236.3,-129.562,160.672,1219.35,-153.822,113.58,1223.74,-136.236,180.239,1223.62,-133.06,95.0197,1236.19,-118.294,98.9086,1215.62,-145.508,57.8008,1233.38,-112.806,57.3573,1216.11,-159.634,21.098,1241.51,-108.442,17.8048,1257.45,-144.038,175.413,1269.62,-146.33,168.834,1285.68,-153.745,165.377,1271.17,-151.691,172.67,1162.17,-200.366,299.028
000908:1225.92,-161.744,155.518,1223.81,-165.223,156.629,1226.97,-160.716,158.659,1221.14,-166.46,151.499,1232.82,-155.77,156.415,1226.47,-157.926,135.98,1233.96,-142.044,150.241,1225.9,-152.094,118.847,1233.69,-132.21,161.753,1229.41,-154.161,117.218,1220.88,-138.934,181.999,1233.36,-134.8,94.9408,1242.53,-119.97,99.079,1218.05,-147.271,57.9905,1234.59,-113.551,57.5627,1215.1,-161.28,21.4294,1240.46,-108.325,18.3126,1257.31,-144.857,178.086,1267.53,-146.677,171.974,1285.46,-153.745,168.055,1273.35,-152.318,174.976,1161.98,-201.23,296.435
000909:1224.86,-162.844,155.725,1222.84,-166.361,156.796,1226.38,-161.792,158.893,1219,-167.626,151.568,1233.46,-156.97,156.564,1221.64,-159.095,135.885,1234.97,-143.141,150.475,1219.66,-153.192,117.996,1233.74,-132.653,162.31,1235.17,-156.876,114.487,1214.02,-138.722,182.395,1226.68,-135.75,95.4775,1239.19,-120.779,99.5646,1216.36,-148.694,58.6097,1234.37,-113.961,58.1625,1216.04,-162.672,21.9714,1240.96,-107.862,19.0566,1257.72,-147.218,178.191,1273.02,-149.504,171.722,1289.07,-156.885,167.603,1271.19,-154.866,174.953,1166.15,-202.29,293.344
000910:1224.62,-163.89,155.358,1222.23,-167.345,156.397,1226.34,-162.921,158.534,1217.84,-168.723,151.213,1232.63,-158.356,156.205,1220.26,-160.302,135.69,1233.14,-144.789,150.388,1215.28,-154.023,118.258,1237.74,-135.554,162.875,1230.83,-157.804,115.334,1223.55,-142.131,183.326,1224.81,-136.774,95.6526,1236.66,-121.925,99.9101,1214.76,-149.473,58.8581,1232.35,-114.335,58.6007,1216.59,-164.067,21.9703,1242.34,-108.242,19.5321,1271.84,-151.518,178.671,1290.61,-154.161,171.779,1306.51,-161.737,167.265,1284.42,-159.294,175.049,1170.27,-203.334,291.1
000911:1218.11,-164.085,155.353,1216.85,-167.694,156.35,1219.86,-163.137,158.544,1216,-169.375,151.379,1228.39,-158.832,156.304,1223.24,-161.801,135.846,1229.81,-145.299,150.287,1223.77,-155.948,118.428,1233.14,-136.169,162.595,1234.93,-158.98,116.56,1218.43,-142.756,183.158,1225.53,-138.162,95.655,1233.76,-122.742,99.953,1214.31,-150.853,58.949,1228.42,-114.519,58.874,1215.68,-165.278,22.0092,1241.31,-107.998,19.835,1274.6,-154.104,184.13,1293.38,-157.718,178.83,1304.4,-163.817,175.634,1281.93,-160.279,181.76,1166.21,-203.221,288.165
000912:1215.15,-164.746,155.092,1214.12,-168.276,156.094,1217.78,-164.018,158.275,1213.93,-169.859,151.353,1229.3,-160.17,156.261,1222.99,-162.293,136.119,1232.94,-147.079,150.643,1220.2,-155.928,118.759,1236.63,-138.838,163.918,1228.7,-160.07,116.594,1214.58,-144.944,185.049,1225.89,-138.748,96.2419,1236.99,-123.952,100.41,1211.01,-151.555,59.6913,1229.08,-115.263,59.2976,1213.65,-166.396,22.6806,1242.96,-108.063,20.21,1280.25,-157.503,186.528,1303.64,-162.076,181.061,1315.23,-168.457,177.952,1286.46,-163.773,184.254,1170.42,-204.291,285.493
000913:1218.77,-165.787,155.606,1218.17,-169.509,156.729,1220.1,-164.859,158.421,1216,-170.94,151.271,1230.55,-161.164,156.206,1221.31,-163.222,135.966,1233.31,-148.336,150.634,1226.4,-158.632,119.875,1237.93,-140.673,164.073,1233.03,-161.059,122.096,1211.6,-145.731,187.132,1216.16,-138.575,96.0002,1227.42,-123.682,100.502,1209.96,-153.048,59.2867,1226.2,-115.115,59.1263,1214.1,-168.569,21.9851,1244.33,-108.194,19.2606,1293.35,-163.505,192.827,1330.32,-172.353,189.702,1340.52,-177.607,188.878,1297.27,-168.361,192.006,1174.54,-205.342,282.773
000914:1224.53,-167.433,155.258,1222.08,-170.666,156.42,1224.92,-166.506,158.117,1220.76,-171.913,151.063,1232.76,-162.537,155.947,1221.98,-163.236,136.22,1235.88,-150.373,150.577,1228.93,-159.317,120.586,1242.17,-144.38,163.965,1231.83,-162.98,122.399,1222.19,-150.601,186.776,1215.96,-138.813,96.6935,1225.81,-124.58,101.06,1211.39,-153.998,59.6798,1227.35,-116.256,59.6458,1211.98,-169.713,22.7075,1242.93,-108.177,19.8621,1229.29,-154.793,189.914,1234.84,-158.605,186.023,1240.04,-162.532,183.762,1231.76,-158.942,187.725,1170.56,-205.247,279.438
000915:1213.22,-168.53,155.095,1213.07,-171.946,156.152,1214.98,-167.958,157.836,1214.32,-172.769,150.948,1228.97,-164.814,155.786,1225.4,-164.672,136.271,1237.61,-153.378,150.029,1242.56,-161.265,122.122,1255.13,-150.189,162.28,1248.06,-166.408,128.366,1234.7,-156.483,183.949,1216.61,-139.598,96.5762,1228.09,-126.528,100.792,1208.78,-154.472,59.5493,1228.27,-117.23,59.3725,1208.2,-170.506,22.4963,1246.61,-108.176,19.5829,1280.83,-168.59,197.472,1308.77,-177.275,195.535,1307.31,-179.787,195.48,1273.41,-170.815,197.253,1174.67,-206.301,276.703
000916:1217.89,-169.952,154.981,1218.22,-173.514,155.997,1220.18,-169.368,157.731,1217.57,-173.89,150.74,1235.19,-166.336,155.653,1222.08,-164.936,135.683,1241.92,-154.765,149.967,1223.17,-158.773,120.72,1255.73,-152.106,164.161,1228.5,-164.019,125.926,1224.01,-157.486,187.63,1211.95,-140.045,95.9374,1227.99,-127.511,100.139,1208,-155.744,59.18,1229.54,-117.891,58.7003,1210.68,-171.8,21.9006,1245.18,-107.75,19.5107,1294.56,-172.276,202.657,1331.9,-182.945,201.79,1342.63,-186.754,202.913,1297.99,-175.428,203.621,1178.94,-207.385,273.987
000917:1223.34,-171.838,154.88,1223.84,-175.578,155.873,1227.43,-171.669,157.638,1223.38,-176.115,150.858,1245.4,-169.264,155.734,1223.39,-166.889,136.203,1254.19,-157.98,150.187,1223.86,-160.287,122.379,1267.12,-155.984,164.897,1227.93,-164.993,129.984,1228.27,-160.999,188.71,1209.53,-141.125,96.6788,1230.26,-129.098,100.884,1205.87,-156.172,59.5271,1229.56,-118.082,59.0973,1211.41,-172.317,21.3244,1242.06,-107.36,20.0664,1283.31,-176.853,209.557,1311.36,-187.853,209.199,1321.36,-191.441,211.339,1287.91,-179.921,211.573,1178.74,-208.258,271.37
000918:1226.36,-173.188,154.609,1226.15,-176.885,155.591,1230.55,-172.996,157.466,1224.37,-177.032,150.921,1249.13,-170.634,155.679,1219.78,-167.811,136.131,1260.37,-159.61,149.744,1222.46,-161.28,122.618,1275.26,-159.102,164.977,1235.86,-167.452,132.203,1231.6,-164.481,189.556,1206.38,-142.496,96.4927,1231.46,-130.744,100.487,1205.02,-157.187,59.417,1229.73,-118.354,58.9038,1215.11,-173.495,20.5355,1238.32,-106.682,20.5737,1261.23,-182.198,215.712,1275.74,-193.976,216.738,1287,-196.966,221.54,1268.46,-184.498,220.375,1174.83,-208.178,267.189
000919:1228.19,-174.414,153.34,1228.67,-178.205,154.317,1230.37,-174.011,156.28,1227.6,-178.179,149.648,1244.44,-170.963,154.553,1224.32,-169.118,134.402,1246.25,-158.477,148.341,1222.22,-160.999,118.612,1248.91,-156.841,162.267,1224.08,-166.488,126.766,1209.03,-162.694,185.86,1206.62,-142.98,95.5042,1221.83,-130.174,99.6075,1206,-158.08,58.8321,1224.77,-118.127,58.6908,1208.64,-173.718,20.9619,1236.18,-106.354,20.9146,1243.25,-185.121,218.502,1257.67,-198.974,220.068,1267.92,-202.232,227.201,1249.81,-187.422,225.336,1178.99,-209.244,264.866
000920:1223.65,-174.673,153.236,1224.56,-178.621,154.24,1225.57,-174.294,156.26,1226.15,-179.345,149.544,1239.53,-171.379,154.51,1225.68,-171.347,133.901,1242.51,-158.963,147.724,1218.76,-161.622,116.128,1244.24,-156.861,159.578,1215.64,-165.701,122.473,1204.49,-162.138,181.595,1210.46,-145.192,95.1627,1222.02,-131.463,99.2655,1210.18,-159.731,58.4769,1223.01,-118.663,59.031,1207.32,-174.085,21.2174,1230.7,-105.974,22.1947,1238.38,-188.699,221.165,1248.9,-203.816,222.931,1260.64,-207.721,232.108,1247.37,-191.553,229.956,1183.17,-210.316,262.53
000921:1221.49,-175.739,153.014,1222.23,-179.496,154.032,1223.67,-175.404,156.079,1223.37,-179.558,149.776,1237.33,-172.31,154.493,1222.59,-171.437,134.426,1240.72,-160.16,147.497,1218.6,-162.019,118.079,1246.86,-159.765,159.57,1212.91,-167.073,127.004,1212.75,-166.316,182.213,1209.74,-146.366,95.2606,1220.43,-132.952,99.1321,1212.69,-161.441,58.4378,1221.08,-119.584,59.0254,1214.05,-176.188,20.5285,1226.87,-105.501,22.4911,1235.41,-193.047,224.414,1244.18,-209.286,227.097,1247.11,-211.376,237.198,1235.62,-194.027,234.123,1179.13,-210.207,258.78
000922:1229.21,-177.624,153.253,1229.88,-181.27,154.078,1237.94,-177.444,156.175,1229.01,-180.859,149.417,1243.36,-174.05,154.773,1226.04,-172.459,134.353,1250.32,-162.159,148.848,1207.67,-161.817,116.245,1256.55,-163.599,161.006,1209.97,-168.059,126.908,1251.52,-171.47,182.849,1224.42,-147.764,95.1765,1238.74,-134.734,99.5775,1217.48,-162.376,58.3719,1219.35,-120.85,59.5058,1225.49,-176.682,20.239,1215.42,-106.017,23.7277,1237.32,-197.392,227.361,1231.53,-213.862,230.233,1238.86,-216.132,241.8,1243.91,-198.51,238.077,1179.39,-210.276,256.176
000923:1228.33,-178.707,153.359,1228.22,-182.219,154.248,1235.85,-178.479,156.288,1225.54,-181.458,149.686,1238.43,-174.885,154.986,1221.91,-173.05,134.636,1244.25,-163.205,148.906,1207.34,-162.648,116.858,1249.26,-165.35,160.901,1213.74,-170.171,128.668,1248.19,-173.572,182.473,1222.64,-148.634,95.4414,1235.75,-135.842,99.7831,1219.31,-163.561,58.2572,1221.75,-121.889,59.4519,1227.34,-177.935,19.8555,1217.08,-106.008,23.6659,1231.3,-200.152,229.789,1224.94,-217.109,233.312,1227.94,-218.285,245.235,1233.5,-200.131,240.803,1183.66,-211.374,252.948
000924:1229.36,-180.026,153.418,1228.9,-183.418,154.4,1236.43,-179.755,156.368,1226.61,-182.482,150.024,1238.98,-176.01,155.302,1224.39,-174.285,134.841,1244.45,-164.323,149.021,1211.54,-164.125,116.466,1248.66,-167.035,160.73,1218.47,-172.497,127.833,1243.96,-175.537,182.235,1224.06,-150.036,95.218,1236.34,-137.146,99.5185,1219.13,-164.802,57.8151,1223.17,-122.769,58.9433,1228.04,-179.339,18.9894,1220.81,-106.31,22.8199,1223.96,-201.981,230.342,1215.84,-219.137,234.053,1217.2,-219.961,246.479,1224.57,-201.555,241.889,1183.46,-212.249,250.326
000925:1232.29,-181.334,152.672,1231.08,-184.568,153.711,1238.59,-180.975,155.628,1225.68,-183.187,149.087,1238.76,-176.831,154.351,1220.72,-174.834,133.489,1240.95,-164.771,147.37,1209.89,-165.28,115.225,1240.55,-166.418,158.215,1223.23,-175.395,127.53,1235.94,-174.668,179.057,1219.44,-150.518,93.8158,1232.61,-137.682,97.7751,1218.26,-165.727,56.727,1226.83,-123.713,57.6854,1224.83,-179.813,18.706,1222.26,-106.329,22.2371,1220.07,-204.272,230.593,1211.16,-221.915,234.804,1211.53,-222.33,247.964,1219.47,-203.284,242.82,1187.8,-213.358,247.978
000926:1227.06,-181.3,152.791,1227.31,-184.782,153.855,1232.5,-180.779,155.65,1228.2,-184.578,149.332,1233.51,-176.668,154.356,1233.06,-178.201,133.641,1239.25,-165.34,147.12,1229.14,-170.079,116.929,1232.53,-166.271,158.375,1227.69,-177.646,131.907,1227.17,-175.196,179.676,1239.33,-155.446,92.7644,1243.65,-140.811,97.0991,1230.87,-168.914,55.5569,1228.28,-124.454,57.1987,1231.45,-181.499,17.3486,1220.03,-106.031,22.0797,1213.69,-205.94,230.404,1202.49,-223.48,234.672,1201.94,-223.637,247.967,1212.77,-204.757,242.962,1183.74,-213.243,244.255
000927:1226.25,-181.882,151.734,1225.22,-185.127,152.853,1230.99,-181.264,154.642,1222.49,-184.357,148.733,1231.77,-176.997,153.763,1224.57,-177.847,133.339,1240.48,-166.033,146.544,1220.84,-169.76,115.344,1243.46,-169.202,156.869,1228.05,-178.688,128.124,1240.08,-179.416,177.676,1234.96,-155.829,93.028,1244.83,-141.702,97.0063,1229.13,-169.552,55.7297,1233.95,-125.816,56.9997,1230.01,-182.016,17.5057,1222.57,-106.78,22.1294,1202.7,-206.153,228.675,1189.36,-223.416,233.221,1184.5,-222.623,246.683,1197.7,-204.076,241.444,1183.62,-214.141,240.764
000928:1223.68,-182.425,150.633,1222.13,-185.559,151.764,1227.19,-181.646,153.523,1219.18,-184.767,147.597,1225.66,-177.225,152.634,1224.36,-178.6,132.195,1235.73,-166.845,145.392,1230.63,-171.394,113.577,1234.28,-169.838,155.422,1242.15,-180.878,125.693,1234.85,-180.292,175.497,1243.1,-157.832,91.902,1249.76,-143.617,95.9718,1238.25,-171.472,54.4608,1237.72,-127.407,56.2259,1235.99,-183.131,16.5647,1222.82,-107.267,21.9024,1196.88,-206.497,226.675,1182.97,-223.25,230.861,1175.6,-222.354,243.794,1189.56,-204.34,238.947,1170.88,-212.691,240.528
000929:1225,-184.107,150.441,1225.47,-187.319,151.947,1227.43,-183.526,153.332,1225.61,-186.462,148.063,1232.55,-179.43,152.419,1232.56,-179.753,132.569,1233.04,-168.409,144.902,1243.55,-171.813,115.142,1216.64,-171.351,154.047,1234.93,-180.159,126.319,1196.14,-180.911,174.292,1237.56,-157.528,91.3111,1237.21,-143.681,95.5546,1227.25,-171.111,54.5358,1235.54,-127.421,55.3424,1217.86,-183.203,16.1042,1234.9,-107.277,19.7059,1191.24,-206.645,223.911,1179.01,-223.33,227.68,1165.98,-222.351,240.473,1176.85,-204.37,236.007,1167,-211.689,239.871
000930:1223.35,-185.014,149.54,1222.43,-188.025,151.092,1225.12,-184.334,152.459,1221.21,-186.879,147.324,1230.1,-180.21,151.745,1228.25,-180.003,131.789,1235.49,-169.578,144.182,1243.05,-171.714,112.103,1228.75,-173.389,152.095,1242.55,-180.83,119.893,1210.86,-183.475,171.418,1239.21,-158.267,90.6089,1242.43,-144.841,94.73,1228.75,-172.136,53.9732,1242.42,-129.24,54.5938,1220.16,-183.774,15.8165,1239.52,-108.171,19.2706,1190.32,-206.461,220.851,1176.09,-222.583,224.217,1157.28,-221.201,236.691,1170.21,-203.885,232.669,1150.14,-210.938,238.188
000931:1221.21,-185.419,149.769,1221.56,-188.459,151.275,1222.93,-184.688,152.686,1222.94,-187.525,147.827,1227.95,-180.465,151.996,1229.84,-180.837,132.552,1228.54,-169.766,144.127,1236.67,-173.052,116.076,1210.65,-172.868,151.836,1227.98,-181.517,127.508,1188.57,-182.539,170.577,1233.17,-159.435,90.9395,1232.47,-145.781,95.0308,1227.4,-172.838,53.9802,1237.12,-129.748,54.7694,1220.84,-184.548,15.3531,1240.83,-108.883,18.897,1176.91,-206.527,216.261,1163.33,-222.184,219.96,1151.6,-221.274,232.55,1163.55,-204.298,228.203,1137.83,-209.521,238.822
000932:1215.96,-185.287,149.406,1215.22,-187.968,150.948,1217.69,-184.7,152.309,1215.22,-186.417,147.844,1224.29,-180.926,151.827,1222.37,-179.205,132.938,1231.2,-171.898,143.758,1234.81,-171.748,117.055,1222.44,-178.127,150.381,1232.96,-182.231,129.011,1204.65,-189.005,167.998,1233.58,-159.306,90.8823,1237.35,-147.432,94.5793,1231.98,-173.844,53.6213,1242.61,-131.828,54.3167,1227.26,-185.617,14.9229,1240.11,-109.053,18.8398,1174.62,-207.536,212.026,1159.59,-222.24,215.502,1144.06,-220.761,227.32,1157.06,-204.719,223.16,1125.73,-208.127,239.881
000933:1215.81,-186.149,149.344,1215.63,-188.813,150.88,1217.6,-185.593,152.255,1218.05,-187.514,147.95,1224.65,-181.785,151.807,1227.32,-180.543,133.232,1229.86,-172.645,143.424,1238.19,-173.22,118.376,1213.28,-177.408,148.369,1227.81,-182.191,131.708,1189.5,-186.987,164.324,1237.57,-161.107,90.9321,1237.61,-148.875,94.6277,1233.77,-174.858,53.4811,1239.56,-132.677,54.5986,1232.65,-186.932,14.2713,1239.19,-109.635,18.7866,1168.3,-207.381,207.354,1154.04,-221.819,210.886,1140,-220.459,222.752,1151.99,-204.622,218.51,1110.5,-204.991,241.96
001094:408.228,-72.0063,0.812077
