000294:864.612,47.3104,158.422,867.231,44.4856,161.69,864.621,51.0507,161.709,875.526,41.7039,160.212,870.959,57.9376,160.386,885.457,36.8566,143.199,871.454,67.9566,143.538,884.39,23.1356,130.785,848.023,80.4168,128.751,856.306,20.4449,127.794,816.94,70.5721,126.228,890.961,44.5385,90.2926,882.771,64.1684,90.4028,905.349,44.5102,50.8986,886.124,62.3078,51.793,923.322,44.8317,12.1455,893.171,62.9489,12.4297,793.149,47.2877,106.857,789.236,43.9163,95.3264,786.128,31.0352,96.1897,789.847,35.1133,107.763,0,0,0
000295:865.276,47.3028,158.328,867.763,44.4922,161.624,865.22,51.0799,161.625,875.554,41.7661,160.208,871.163,58.0529,160.351,884.893,36.8447,143.181,871.456,68.1358,143.425,883.291,23.0031,130.806,847.617,80.6332,128.556,856.146,20.2626,127.75,816.007,70.6023,125.991,891.038,44.3658,89.9844,883.21,64.1228,90.0324,905.876,44.2538,50.5662,886.997,62.3183,51.3809,923.928,44.6791,11.8381,893.026,63.054,12.149,794.428,46.9886,106.73,791.098,43.5413,95.1309,788.758,30.5773,96.0331,791.908,34.7479,107.692,0,0,0
000296:866.634,47.2966,158.449,868.918,44.4598,161.753,866.545,51.062,161.766,875.6,41.6752,160.35,871.646,57.9719,160.543,883.55,36.8164,143.252,871.028,68.0908,143.606,882.148,23.5087,130.503,847.271,80.7788,128.682,856.256,21.4156,127.129,815.436,70.9885,125.997,889.527,44.3359,90.057,882.112,64.0931,90.1244,904.739,44.25,50.625,885.794,62.3056,51.451,924.796,44.7735,11.6689,892.964,63.1101,12.1179,794.701,47.1107,106.798,792.373,43.47,95.1362,790.013,30.3491,96.2639,792.16,34.7353,107.995,0,0,0
000297:864.285,47.3887,158.413,866.956,44.5288,161.693,864.457,51.1361,161.694,875.443,41.6336,160.205,871.123,57.9424,160.372,885.229,36.5991,143.066,872.078,67.9987,143.389,883.218,22.8844,130.678,848.922,80.9423,128.623,854.322,20.6786,127.761,816.692,71.3123,126.125,891.025,44.2593,89.8155,883.176,64.0528,89.9364,905.564,44.3022,50.4378,885.884,62.3321,51.389,924.391,44.8124,11.6787,892.395,63.0833,12.2362,795.808,46.7659,106.809,793.356,43.0815,94.9611,791.367,29.7819,96.0132,793.624,34.2126,107.925,0,0,0
000298:864.959,47.4355,158.436,867.653,44.5725,161.73,864.952,51.1937,161.73,875.961,41.6768,160.281,871.208,58.0294,160.437,885.917,36.6101,143.141,871.924,68.1037,143.471,886.283,22.8649,130.582,849.628,81.0161,128.667,859.107,20.6549,127.486,819.887,71.126,126.219,891.074,44.2382,89.9526,882.828,64.0804,90.0635,904.707,44.2086,50.6416,885.156,62.221,51.5527,924.279,44.7489,11.8024,893.132,62.8781,12.1772,797.938,46.3884,106.59,794.328,42.6817,94.691,792.827,29.2764,95.6954,796.242,33.7212,107.671,0,0,0
000299:864.114,47.2598,158.364,866.832,44.4263,161.67,864.106,51.0311,161.664,875.336,41.6502,160.298,870.354,57.9558,160.451,886.038,36.6864,143.246,871.304,68.107,143.536,886.286,22.822,130.914,849.952,81.0926,128.716,858.272,20.4496,128.058,821.822,71.2482,126.193,891.648,44.2967,89.9121,882.816,64.0981,90.0467,905.83,44.2974,50.4976,885.6,62.2926,51.4414,924.058,44.7495,11.6978,893.001,62.9597,12.0552,798.596,46.2065,106.683,795.365,42.5214,94.7156,792.32,29.0655,95.755,795.449,33.491,107.789,0,0,0
000300:865.628,47.373,158.288,868.11,44.5292,161.6,865.592,51.1652,161.594,875.83,41.6924,160.212,871.195,58.092,160.369,884.353,36.6824,143.17,871.367,68.2079,143.469,881.129,23.0907,130.761,849.515,81.0722,128.664,851.43,21.1943,127.845,821.869,70.9977,126.328,890.009,44.1775,89.9608,882.039,64.0719,90.0373,905.993,44.1674,50.4457,886.184,62.3541,51.3496,923.805,44.7185,11.6762,893.247,63.0697,11.9753,799.469,45.9077,106.65,796.056,42.2916,94.6495,793.873,28.8245,95.5658,797.133,33.1818,107.647,0,0,0
000301:865.045,47.5206,158.348,867.799,44.6575,161.661,865.165,51.2876,161.655,876.409,41.7273,160.291,871.527,58.1165,160.442,886.061,36.6241,143.205,872.212,68.1944,143.533,883.495,23.1623,130.581,850.117,81.1783,128.675,852.839,21.5167,127.472,820.983,71.3099,126.233,891.217,44.1094,89.9733,882.749,64.0386,90.1013,905.965,44.0531,50.531,885.824,62.3523,51.482,923.693,44.5265,11.7536,892.666,63.113,12.1626,799.188,45.8745,106.578,796.336,42.1197,94.499,794.541,28.5141,95.5165,797.27,33.0227,107.68,0,0,0
000302:865.285,47.1651,158.283,867.683,44.3267,161.627,865.183,50.9759,161.604,875.086,41.5412,160.303,870.55,57.9729,160.48,883.583,36.5484,143.169,871.032,68.2697,143.501,882.633,23.1794,130.552,850.047,81.4845,128.787,855.572,21.7057,127.286,822.668,71.2997,126.617,889.408,43.929,89.633,881.843,63.9357,89.675,905.015,43.8148,50.3649,885.419,62.1647,51.1964,923.948,44.6786,11.8071,892.75,62.9464,12.1077,799.651,45.7938,106.682,796.092,42.0636,94.5784,793.911,28.4111,95.5489,797.308,32.893,107.761,0,0,0
000303:865.034,47.4162,158.279,867.416,44.5602,161.599,864.949,51.1983,161.588,874.902,41.6921,160.23,870.541,58.0826,160.401,884.2,36.6463,143.111,871.052,68.2709,143.45,883.112,23.2358,130.502,849.576,81.4343,128.695,855.57,21.7367,127.334,821.75,71.4684,126.405,890.641,44.0995,89.7204,882.631,64.0492,89.8117,905.401,44.0501,50.4175,885.527,62.2708,51.3068,923.917,44.6463,11.7766,892.643,62.8932,12.1667,800.907,45.7216,106.514,798.595,41.8926,94.299,796.483,28.1575,95.3804,798.673,32.7483,107.685,0,0,0
000304:864.594,47.4528,158.351,867.173,44.5951,161.671,864.626,51.2492,161.661,875.311,41.7148,160.328,870.635,58.1477,160.495,884.246,36.6062,143.233,871.797,68.4028,143.561,882.499,23.2766,130.596,850.701,81.8192,128.793,854.78,22.0186,127.402,822.266,71.8657,126.619,889.85,43.9499,90.0364,882.248,63.996,90.087,905.738,43.9117,50.6602,886.337,62.2586,51.5068,923.412,44.5683,12.0361,892.546,62.9148,12.3446,800.527,45.5492,106.656,797.698,41.6496,94.3491,796.295,27.7902,95.4149,798.96,32.4522,107.82,0,0,0
000305:864.429,47.4497,158.365,867.27,44.6037,161.696,864.478,51.2442,161.683,876.145,41.7623,160.371,870.965,58.1756,160.524,885.87,36.6978,143.254,871.7,68.3966,143.588,883.095,23.1851,130.649,849.868,81.5398,128.804,851.924,21.517,127.527,822.261,71.4311,126.549,890.61,44.1555,89.8719,882.04,64.1235,89.9704,905.211,44.0616,50.501,885.587,62.2541,51.3541,924.117,44.7201,11.7433,894.082,62.9188,11.9105,800.291,45.336,106.622,797.079,41.4788,94.4043,795.883,27.6864,95.43,798.878,32.2976,107.751,0,0,0
000306:864.506,47.5047,158.282,867.205,44.6324,161.6,864.598,51.2788,161.58,876.101,41.6922,160.253,871.301,58.1086,160.408,885.537,36.5898,143.183,872.851,68.2655,143.528,881.899,23.2569,130.688,850.991,81.5894,128.939,850.687,21.9224,127.664,822.016,71.7084,126.929,891.588,44.0178,89.8395,883.813,64.0051,89.9207,906.206,43.9475,50.4081,886.557,62.2273,51.2954,924.831,44.6346,11.6068,893.33,63.0377,11.9917,800.602,45.3081,106.578,797.399,41.4135,94.158,796.199,27.3949,95.1226,799.296,32.0492,107.654,0,0,0
000307:864.915,47.5108,158.244,867.464,44.6569,161.579,864.94,51.3036,161.544,875.631,41.7608,160.24,870.966,58.1926,160.397,883.758,36.6948,143.165,872.188,68.4186,143.494,880.158,23.5736,130.635,852.161,82.0052,128.934,850.686,22.4889,127.453,825.965,72.1886,127.005,889.07,43.9208,89.8232,881.832,63.9291,89.8406,904.645,43.7577,50.503,886.045,62.1761,51.2538,923.813,44.6346,11.8464,893.97,63.1725,11.981,802.622,45.0125,106.571,799.42,41.0533,94.0346,797.746,26.9045,95.035,800.889,31.6219,107.693,0,0,0
000308:864.268,47.6198,158.361,866.995,44.7429,161.688,864.41,51.4161,161.665,875.854,41.7691,160.369,871.051,58.2596,160.514,885.014,36.5457,143.314,872.734,68.4848,143.64,881.778,23.1913,130.78,853.217,82.0687,128.972,851.804,22.0617,127.677,826.636,72.1022,127.008,890.093,43.8987,90.1341,882.477,64.0272,90.1798,905.321,43.8134,50.6858,886.412,62.2346,51.4998,924.086,44.5478,11.8644,894.229,63.0179,12.0143,803.395,44.8572,106.441,799.859,40.9302,93.8834,798.435,26.7722,94.8304,801.851,31.4517,107.489,0,0,0
000309:863.725,47.6216,158.293,866.362,44.7355,161.609,863.839,51.4013,161.588,875.012,41.7443,160.228,870.565,58.2211,160.406,884.063,36.6328,143.153,872.425,68.455,143.556,880.814,23.4986,130.571,851.927,82.0396,129.013,851.049,22.5307,127.452,824.198,72.0743,127.168,889.848,44.0541,90.0207,882.657,64.134,90.0584,904.712,43.9159,50.6611,886.346,62.3271,51.4272,923.466,44.5097,11.934,893.625,63.028,12.0762,805.009,44.8736,106.321,802.443,40.9511,93.5958,801.8,26.629,94.5004,804.232,31.3302,107.346,0,0,0
000310:864.961,47.4608,158.293,867.469,44.6099,161.631,864.861,51.2588,161.598,875.431,41.7426,160.303,870.588,58.161,160.477,884.083,36.7642,143.308,871.498,68.416,143.73,882.311,23.5906,130.721,851.445,82.1487,129.325,854.927,22.1883,127.322,826.009,72.5209,127.469,889.581,44.0375,90.1096,881.929,63.9874,90.1549,904.24,43.85,50.6988,885.505,62.1137,51.4547,923.209,44.5639,11.8952,893.634,63.1053,11.9362,805.234,44.7088,106.305,801.727,40.7763,93.4271,800.525,26.3009,94.289,803.983,31.0019,107.295,0,0,0
000311:864.247,47.5978,158.171,866.95,44.7141,161.488,864.343,51.384,161.451,875.698,41.7487,160.126,870.961,58.1842,160.267,885.051,36.5744,143.114,872.637,68.4021,143.5,883.254,22.9953,130.82,852.577,82.323,129.252,855.639,21.3221,127.731,825.676,72.66,127.596,890.199,44.0401,90.0326,882.632,64.0533,90.0842,904.805,43.8929,50.6579,886.056,62.1439,51.4575,924.205,44.7196,11.8711,893.695,63.1274,11.9743,805.795,44.7084,106.276,802.621,40.7009,93.3232,802.398,26.1285,94.1504,805.394,30.9048,107.238,0,0,0
000312:864.24,47.6802,158.32,866.617,44.7948,161.652,864.108,51.4648,161.611,874.357,41.8069,160.288,869.649,58.261,160.43,883.94,36.6566,143.23,870.949,68.4642,143.647,884.465,23.3655,130.526,851.336,82.3409,129.286,857.931,21.9318,126.989,826.031,72.704,127.515,890.61,44.0232,90.1007,882.844,64.0696,90.1359,904.475,43.7736,50.7884,885.781,62.07,51.5503,923.473,44.6264,12.0497,894.781,63.0701,11.9163,805.984,44.5948,106.184,803.124,40.5948,93.2253,800.696,25.9973,94.1942,803.638,30.7716,107.262,0,0,0
000313:864.626,47.6292,158.151,867.117,44.7647,161.5,864.637,51.4393,161.448,875.198,41.8529,160.239,870.537,58.3128,160.362,883.935,36.6876,143.26,871.931,68.5861,143.601,882.349,23.276,130.796,852.051,82.6291,129.367,855.216,21.7807,127.361,825.646,73.0007,127.767,889.724,43.9002,90.0005,882.537,63.9684,89.9812,904.895,43.6485,50.6423,886.487,62.0117,51.3502,923.83,44.6633,11.9573,894.476,63.1092,11.8678,806.219,44.591,106.265,803.033,40.5609,93.2062,801.663,25.8631,94.073,804.812,30.665,107.276,0,0,0
000314:863.634,47.6289,158.221,866.268,44.7471,161.55,863.829,51.4044,161.499,875.139,41.7716,160.149,870.673,58.221,160.314,883.954,36.6869,143.044,872.793,68.4947,143.456,881.616,23.4795,130.585,851.828,82.6203,129.31,853.87,22.2312,127.247,823.602,73.2042,127.768,889.283,44.0226,89.6868,882.463,64.0249,89.6827,903.788,43.7459,50.4477,885.705,62.0791,51.1539,923.39,44.6044,11.8629,893.371,63.0695,11.9142,807.407,44.712,106.002,804.624,40.6421,92.806,804.411,25.819,93.6167,807.195,30.6688,106.968,0,0,0
000315:865.212,47.6844,158.173,867.834,44.8303,161.532,865.379,51.5197,161.482,875.884,41.9336,160.329,871.415,58.4421,160.455,883.747,36.7881,143.433,872.259,68.7328,143.722,880.911,23.5658,131.019,850.359,82.6714,129.465,852.626,22.4518,127.7,822.199,72.9627,127.917,888.528,43.8307,90.2683,881.553,63.9203,90.2001,904.742,43.6049,50.8102,886.07,61.9571,51.5161,923.726,44.5918,12.05,893.599,62.9463,12.0381,807.584,44.485,106.016,805.933,40.4937,92.7076,806.498,25.6536,93.3916,808.005,30.4434,106.874,0,0,0
000316:863.96,47.7624,158.112,866.665,44.8979,161.461,864.17,51.5655,161.405,875.413,41.9623,160.146,870.72,58.4076,160.297,884.193,36.8856,143.115,872.69,68.6979,143.527,882.679,23.8225,130.506,853.435,83.026,129.366,856.256,22.7001,126.917,827.158,73.7301,127.85,888.798,44.0122,89.8354,881.702,63.9988,89.8092,904.185,43.6784,50.4506,885.55,61.9582,51.1499,923.642,44.5971,11.7412,893.463,63.0731,11.7285,808.959,44.5728,105.91,806.329,40.4392,92.5348,805.856,25.393,93.3894,808.426,30.3207,106.932,0,0,0
000317:864.421,47.6814,158.156,867.001,44.8077,161.479,864.57,51.4861,161.438,875.333,41.8784,160.137,870.939,58.353,160.307,883.93,36.7615,143.114,872.659,68.7301,143.5,881.669,23.4975,130.792,851.734,83.1515,129.378,854.416,22.3957,127.623,824.046,73.8581,127.9,889.614,43.9806,89.9075,882.774,64.07,89.8746,904.993,43.7495,50.5397,886.52,62.1219,51.2578,923.5,44.5152,11.9315,893.194,62.9721,11.9766,809.03,44.554,105.977,807.631,40.3565,92.4971,807.649,25.3269,93.3746,809.004,30.321,107.004,0,0,0
000318:863.661,47.7446,158.197,866.268,44.8806,161.546,863.821,51.5407,161.49,874.906,41.9457,160.225,870.414,58.4052,160.394,883.657,36.9791,143.227,872.505,68.7401,143.688,881.32,24.2408,130.576,851.459,83.0229,129.649,854.158,23.4983,127,823.812,73.6681,128.349,889.379,44.0877,90.001,882.498,64.0851,89.9562,904.262,43.6872,50.6405,885.885,61.9662,51.2995,922.332,44.5588,12.0688,892.274,62.966,11.9961,810.157,44.5303,105.913,808.873,40.4371,92.2813,809.189,25.2121,93.0049,810.491,30.1251,106.822,0,0,0
000319:864.471,47.7581,158.2,867.067,44.9061,161.551,864.733,51.5683,161.497,875.473,42.0074,160.246,871.605,58.4781,160.421,883.406,37.0885,143.25,873.691,68.8434,143.685,880.445,24.5351,130.622,851.472,83.1138,129.672,853.058,24.0761,127.102,821.995,73.6435,128.496,888.715,44.0739,90.0401,882.657,64.0748,89.9433,904.246,43.6782,50.7096,886.312,62.0187,51.3216,923.795,44.6925,12.0422,892.825,63.1468,12.0639,809.904,44.4192,105.84,809.219,40.2931,92.1061,810.854,25.0037,92.751,811.41,29.9564,106.701,0,0,0
000320:864.589,47.985,158.154,867.087,45.0885,161.485,864.802,51.7612,161.434,875.344,42.0251,160.171,871.455,58.4666,160.331,883.253,36.8829,143.278,874.011,68.6936,143.682,881.216,24.0302,130.818,854.449,83.2057,129.657,856.231,23.3969,127.332,826.755,74.187,128.271,888.653,43.9741,90.3204,882.945,63.987,90.2651,903.344,43.7817,51.0203,886.577,62.1125,51.6278,922.471,44.5369,12.313,893.072,63.1705,12.3394,813.02,44.4373,105.604,811.369,40.2579,91.7839,812.505,24.8029,92.4603,814.138,29.8125,106.473,0,0,0
000321:864.157,47.9842,158.15,866.971,45.0815,161.502,864.431,51.7667,161.445,876.125,41.9949,160.196,871.498,58.4711,160.369,884.606,36.8956,143.22,873.713,68.7338,143.751,880.338,24.3531,130.459,853.456,83.3848,129.848,851.035,24.1187,126.706,825.899,74.4429,128.64,889.422,43.9959,90.1172,882.617,64.0008,90.1295,904.268,43.7425,50.7899,886.385,61.9738,51.4647,923.368,44.7067,12.096,893.915,63.055,12.0662,813.001,44.6773,105.622,811.582,40.5183,91.6266,813.763,24.8452,92.1928,814.981,29.8542,106.425,0,0,0
000322:864.211,47.935,158.033,866.935,45.0194,161.406,864.503,51.7257,161.337,875.927,41.9261,160.169,871.537,58.4651,160.318,884.627,36.7188,143.188,874.028,68.7897,143.649,882.358,23.8337,130.592,853.98,83.6023,129.878,855.07,23.3939,126.901,826.257,74.6054,128.823,889.564,43.8573,89.8082,882.915,63.9791,89.7879,903.834,43.5089,50.5422,885.227,61.8918,51.2618,923.971,44.6719,11.8106,892.756,63.0595,11.924,812.814,44.869,105.734,811.924,40.7588,91.7337,812.53,25.1213,92.2945,813.389,30.0723,106.518,0,0,0
000323:863.292,48.066,157.963,866.068,45.1578,161.324,863.635,51.8557,161.254,875.188,42.0404,160.061,870.834,58.5516,160.218,883.956,36.8223,143.091,873.44,68.8384,143.551,880.554,24.1237,130.509,853.016,83.6573,129.814,851.412,24.0622,126.897,824.665,74.7548,128.822,889.324,43.843,89.7652,882.897,63.9489,89.7337,904.468,43.532,50.5001,886.773,61.9858,51.1448,923.052,44.52,11.9805,894.608,63.0819,11.882,812.489,44.8841,105.702,812.121,40.7694,91.6562,813.83,25.1067,92.1803,814.04,30.0795,106.464,0,0,0
000324:863.081,48.1767,158.113,865.907,45.2355,161.44,863.568,51.9418,161.39,875.255,41.9847,160.142,871.005,58.5047,160.309,883.691,36.6549,143.304,873.804,68.686,143.813,879.919,23.7602,130.871,853.66,83.4932,130.238,851.774,23.4978,127.337,825.832,74.7786,129.384,888.133,43.8225,90.4549,881.967,63.9294,90.4742,904.268,43.7146,50.9937,886.315,62.0952,51.7535,922.874,44.4365,12.2226,893.031,63.0057,12.3885,813.965,44.985,105.643,812.996,40.9885,91.48,815.095,25.281,91.797,815.913,30.1199,106.182,0,0,0
000325:863.632,48.3397,158.07,866.645,45.4128,161.428,864.115,52.1242,161.343,876.577,42.1847,160.091,872.036,58.7434,160.212,885.96,36.8452,143.124,874.861,68.8932,143.56,881.994,23.8445,130.757,854.38,83.5765,130.016,851.593,23.4979,127.323,826.378,74.6236,129.305,890.151,43.9577,89.8281,883.23,64.0479,89.8197,903.95,43.6228,50.5643,886.102,61.9929,51.2544,923.306,44.5929,11.9488,894.423,63.1113,11.9013,814.349,45.0024,105.603,813.718,41.0899,91.4519,815.612,25.4241,91.6806,816.041,30.1784,106.065,0,0,0
000326:863.784,48.224,158.168,866.546,45.3054,161.512,864.122,52.0034,161.441,875.663,42.1472,160.15,871.348,58.6577,160.309,884.356,36.9161,143.176,874.28,68.9009,143.655,882.097,23.9647,130.773,855.056,83.8048,130.103,855.524,23.5635,127.297,828.379,75.0316,129.372,889.12,44.0323,89.9288,882.753,64.0868,89.9064,903.793,43.7272,50.563,886.08,62.056,51.2315,923.204,44.5021,11.8421,893.533,62.9998,11.8759,815.937,45.1262,105.453,814.967,41.1221,91.2678,816.631,25.4169,91.6012,817.468,30.255,106.01,0,0,0
000327:863.112,48.2832,158.179,866.017,45.3456,161.534,863.472,52.0673,161.449,875.51,42.0992,160.193,870.683,58.653,160.31,884.433,36.6926,143.214,873.252,68.8271,143.643,881.275,23.5353,130.906,853.396,83.8523,130.128,853.004,23.0685,127.453,826.65,75.2825,129.308,888.878,43.8135,89.9322,882.016,63.9439,89.9098,904.382,43.4907,50.5588,886.045,61.9216,51.2851,923.026,44.4584,11.9864,894.087,63.0597,11.9068,814.17,45.4214,105.524,813.625,41.4849,91.2936,815.466,25.7341,91.5418,815.82,30.5267,106.004,0,0,0
000328:863.089,48.3604,157.969,866.185,45.4158,161.344,863.517,52.1433,161.261,876.351,42.1448,160.093,871.563,58.7411,160.226,886.322,36.7745,143.186,874.599,68.95,143.674,884.005,23.8137,130.786,853.904,83.819,130.32,854.687,23.76,127.264,825.956,75.0112,129.789,890.39,43.9239,89.7876,883.238,64.0905,89.812,904.453,43.5766,50.4663,886.428,62.0367,51.1738,923.504,44.5515,11.8269,895.044,63.0955,11.7433,814.881,45.4544,105.615,814.242,41.6443,91.3034,816.386,25.8359,91.3432,816.812,30.5018,105.908,0,0,0
000329:863.792,48.4979,158.093,866.615,45.5526,161.451,864.2,52.2711,161.36,875.937,42.2355,160.147,871.381,58.7907,160.247,884.773,36.8008,143.258,874.326,68.8396,143.641,883.002,23.8723,130.903,854.423,83.746,130.274,856.444,23.7956,127.337,827.134,75.2747,129.709,889.445,43.7136,89.9575,882.985,63.819,89.9165,904.354,43.3781,50.5699,885.424,61.8585,51.3566,923.756,44.3905,11.8289,892.603,63.1181,12.0966,815.606,45.6113,105.597,814.96,41.7238,91.3264,816.53,25.9596,91.4694,817.09,30.6909,105.988,0,0,0
000330:864.652,48.5465,158.011,867.485,45.5663,161.394,865.084,52.3227,161.315,876.776,42.1908,160.171,872.478,58.8522,160.328,884.918,36.7707,143.326,875.085,69.0256,143.827,880.818,24.0628,130.899,854.034,83.8561,130.514,852.955,24.5692,127.324,826.094,75.0358,130.093,889.094,43.9024,90.0093,882.824,64.1352,90.0229,904.39,43.6509,50.5671,886.12,62.2109,51.3282,922.934,44.4772,11.8436,892.4,63.0586,12.1133,816.441,45.5689,105.581,815.977,41.8516,91.1853,818.58,25.972,91.0691,818.903,30.5559,105.738,0,0,0
000331:863.154,48.4506,157.867,866.226,45.4984,161.255,863.697,52.2388,161.16,876.278,42.1989,160.062,871.719,58.8251,160.18,885.709,36.7973,143.224,874.879,69.0158,143.625,883.388,23.9616,130.946,854.866,84.0142,130.276,855.135,24.379,127.603,827.035,75.3188,129.785,889.263,43.7866,89.8419,882.662,63.9864,89.798,903.56,43.3646,50.5296,885.548,61.9389,51.2045,923.202,44.3295,11.7832,894.425,63.0547,11.7375,817.014,45.7485,105.446,816.933,42.0052,91.0362,819.146,26.1138,90.9724,819.012,30.73,105.66,0,0,0
000332:864.24,48.5844,157.946,867.19,45.6294,161.323,864.704,52.3828,161.235,876.774,42.3112,160.115,872.195,58.9546,160.236,885.759,36.8561,143.361,875.133,69.1508,143.787,883.083,23.7916,131.216,855.811,84.2366,130.608,855.366,23.8511,127.815,829.409,75.6062,130.303,889.912,43.8994,90.2094,883.304,64.1331,90.165,905.026,43.5088,50.7843,886.121,62.051,51.5539,923.293,44.3224,12.1102,893.348,63.0006,12.164,817.715,45.8539,105.48,816.871,42.2374,90.987,818.996,26.3545,90.7297,819.611,30.8214,105.486,0,0,0
000333:863.858,48.6165,157.96,866.667,45.6269,161.344,864.209,52.4034,161.258,875.671,42.2299,160.138,871.071,58.9159,160.259,884.307,36.6954,143.321,873.469,69.094,143.755,882.038,23.6954,131.097,854.57,84.2569,130.447,855.717,24.0903,127.73,829.581,75.6995,129.927,888.573,43.8274,90.108,881.689,64.1312,90.1017,904.469,43.4973,50.6298,885.274,62.1259,51.4459,924.701,44.4529,11.7067,893.882,63.1422,11.8781,818.391,46.0253,105.301,818.372,42.3501,90.765,820.024,26.3782,90.6147,819.879,30.9299,105.412,0,0,0
000334:864.599,48.6614,158.052,867.761,45.7058,161.467,865.066,52.4859,161.366,877.461,42.3864,160.334,872.627,59.0916,160.427,886.489,36.8646,143.53,874.858,69.3216,143.925,883.987,23.8792,131.247,854.816,84.4475,130.629,855.979,24.2353,127.721,828.376,75.713,130.197,889.028,43.8214,90.274,882.016,64.1349,90.2141,903.727,43.3482,50.9499,885.605,61.978,51.6159,922.842,44.449,12.2765,894.794,63.1279,12.0306,818.249,46.0055,105.322,818.318,42.4003,90.7146,821.57,26.3826,90.3881,821.086,30.8799,105.295,0,0,0
000335:864.707,48.8481,158.003,867.578,45.8559,161.386,865.042,52.632,161.288,876.679,42.3846,160.133,872.039,59.0671,160.227,885.19,36.7824,143.318,874.254,69.1149,143.724,882.299,23.8653,131.092,855.017,84.245,130.486,854.955,24.4438,127.741,829.273,75.8443,130.119,889.157,43.795,90.1586,882.269,64.0378,90.1362,904.025,43.4722,50.6894,885.399,61.9283,51.4645,924.269,44.5423,11.745,894.392,63.0329,11.833,818.67,46.1465,105.239,818.467,42.5434,90.6757,820.456,26.5888,90.4038,820.446,31.0577,105.227,0,0,0
000336:863.422,48.7774,158.033,866.574,45.8204,161.429,864.074,52.5679,161.323,876.767,42.4538,160.248,872.221,59.1078,160.341,885.816,36.9541,143.435,875.258,69.2602,143.82,882.09,24.162,131.202,855.274,84.4349,130.642,853.355,24.7701,127.751,827.768,75.9931,130.359,888.947,43.832,90.1038,882.282,64.0725,90.0466,904.413,43.3479,50.709,885.661,62.0041,51.4445,923.982,44.4207,11.9593,894.093,63.2246,12.0094,819.308,46.3134,105.181,819.758,42.7138,90.5361,822.787,26.7075,90.1722,822.032,31.1848,105.119,0,0,0
000337:863.734,48.8033,158.002,866.923,45.8029,161.398,864.146,52.5678,161.293,877.001,42.3107,160.17,871.965,59.0029,160.275,887.357,36.7548,143.309,874.771,69.0999,143.785,886.01,23.7853,131.012,854.268,84.1238,130.695,856.637,24.2412,127.604,827.513,75.5818,130.424,891.26,43.9722,89.915,883.601,64.2456,89.9402,905.522,43.4638,50.5156,886.119,62.0626,51.3373,923.832,44.3776,11.8711,894.3,63.0427,11.8667,818.951,46.3289,105.239,819.472,42.8312,90.6496,822.385,26.86,90.2205,821.516,31.2435,105.103,0,0,0
000338:864.435,48.9155,157.923,867.352,45.9337,161.345,864.809,52.7099,161.228,876.646,42.5352,160.213,872.052,59.2325,160.299,885.225,36.9763,143.417,875.062,69.385,143.755,883.14,23.9268,131.293,856.402,84.5928,130.667,857.071,24.2948,127.805,829.903,76.0757,130.452,889.424,43.9417,89.7425,882.99,64.2156,89.671,904.805,43.4767,50.3334,886.071,62.1087,51.0669,924.148,44.5411,11.6651,893.228,63.1485,11.8524,820.468,46.4311,105.381,820.367,42.8258,90.7377,823.543,26.7579,90.3408,823.237,31.2482,105.314,0,0,0
000339:864.31,48.7551,157.992,867.255,45.8099,161.404,864.81,52.5712,161.289,876.768,42.509,160.246,872.322,59.1867,160.34,885.371,37.0565,143.447,875.392,69.3984,143.797,882.532,24.1164,131.361,856.246,84.578,130.707,854.925,24.5573,128.02,830.526,76.0222,130.576,889.18,43.9106,89.8451,882.921,64.1691,89.7463,904.29,43.4036,50.4299,886.26,62.073,51.0754,922.854,44.4351,11.7977,894.256,63.1897,11.6841,821,46.4467,105.223,821.212,42.9381,90.5806,823.442,26.966,90.1589,822.986,31.3473,105.103,0,0,0
000340:864.481,48.8516,157.959,867.54,45.8707,161.369,865.004,52.6621,161.274,877.121,42.4459,160.231,872.527,59.1834,160.33,885.862,36.8575,143.493,875.306,69.3887,143.919,883.222,23.9473,131.204,856.557,84.6936,130.775,856.356,24.5375,127.589,830.168,76.2306,130.557,889.077,43.8342,90.2858,882.43,64.1916,90.2311,903.963,43.3522,50.8541,885.831,62.0233,51.549,923.653,44.3691,12.0054,894.518,63.0755,11.9277,820.978,46.6352,105.353,821.566,43.1592,90.6139,824.68,27.1094,90.1134,823.711,31.4723,105.15,0,0,0
000341:864.399,48.8962,157.936,867.341,45.9387,161.344,864.833,52.7179,161.247,876.582,42.5765,160.227,872.27,59.3055,160.322,885.258,37.0284,143.505,874.891,69.4928,143.858,882.929,24.1892,131.269,853.933,84.4776,130.72,855.776,25.0131,127.824,825.556,75.6771,130.642,889.201,43.8146,90.2064,882.89,64.182,90.1064,903.462,43.308,50.8595,885.867,62.1132,51.4835,923.335,44.2241,12.0087,893.949,63.1045,12.0235,822.17,46.4337,105.074,823.621,42.992,90.3487,827.52,27.0359,89.8024,825.656,31.369,104.843,0,0,0
000342:864.444,49.0029,158.043,867.376,46.0139,161.464,864.798,52.8282,161.346,876.525,42.5488,160.299,871.695,59.36,160.37,885.041,36.8266,143.429,874.104,69.5113,143.744,883.073,23.8262,131.276,854.2,84.6278,130.638,854.607,24.841,128.013,828.869,75.8472,130.641,889.034,43.6688,89.7696,882.169,64.1556,89.6991,904.897,43.1913,50.3196,885.762,62.1796,51.0859,924.455,44.3242,11.5736,894.492,63.2338,11.6788,821.481,46.3736,105.222,822.068,42.9042,90.615,824.882,27.0006,90.1191,823.888,31.3496,105.036,0,0,0
000343:865.554,49.0731,158.008,868.325,46.08,161.422,865.865,52.8822,161.314,877.115,42.6337,160.228,872.675,59.3784,160.328,885.606,37.0523,143.415,875.417,69.5732,143.838,883.844,24.1751,131.176,856.898,84.9933,130.772,857.947,24.9293,127.662,831.547,76.592,130.671,890.387,44.0296,89.9988,883.899,64.3952,89.9217,904.988,43.4806,50.5567,886.093,62.155,51.2924,924.792,44.4799,11.7194,893.845,63.1855,11.8172,823.045,46.5988,105.067,823.521,43.101,90.2078,826.251,26.9128,89.7008,825.476,31.3086,104.859,0,0,0
000344:865.736,49.0971,158.037,868.217,46.1009,161.44,865.838,52.914,161.348,875.978,42.651,160.262,871.694,59.3897,160.377,883.335,37.0271,143.488,873.545,69.6106,143.891,879.884,24.3017,131.304,855.011,85.1145,130.735,853.324,25.4875,127.941,830.611,76.829,130.555,888.944,43.9176,90.2067,882.669,64.3381,90.1261,904.466,43.4753,50.7562,886.568,62.2339,51.4237,923.218,44.3984,12.0316,893.938,63.1492,12.0285,823.09,46.677,105.249,824.055,43.1028,90.432,826.437,26.983,90.0536,825.173,31.4583,105.149,0,0,0
000345:864.916,49.0406,158.04,867.801,46.0587,161.44,865.16,52.8417,161.356,876.88,42.6523,160.323,872.125,59.3454,160.426,885.502,37.0484,143.571,874.741,69.5771,143.95,883.906,24.2746,131.298,855.094,85.0861,130.776,857.102,25.3564,127.858,829.816,76.9577,130.492,889.377,43.8455,90.356,882.698,64.2119,90.2995,904.329,43.4353,50.9978,886.149,62.1578,51.692,922.78,44.2855,12.2738,893.719,63.0406,12.2995,823.372,46.7341,105.355,824.026,43.0098,90.5419,826.868,26.8318,90.2851,825.995,31.4634,105.391,0,0,0
000346:865.112,48.9361,157.932,867.759,45.9596,161.348,865.252,52.7577,161.269,876.246,42.622,160.308,871.674,59.3321,160.427,884.524,37.0812,143.641,873.9,69.6583,144.049,881.69,24.2397,131.39,854.92,85.1638,130.844,854.462,25.0652,127.855,830.267,76.9336,130.458,889.793,43.9736,90.3818,883.125,64.3891,90.3261,904.358,43.5194,50.9529,885.985,62.2675,51.6486,922.702,44.3425,12.1392,893.34,63.1518,12.1332,824.392,46.9022,105.326,824.659,43.28,90.5464,827.137,27.1314,90.2236,826.637,31.6548,105.294,0,0,0
000347:865.75,49.0697,158.07,868.331,46.1108,161.473,865.892,52.8932,161.382,876.634,42.8023,160.313,872.359,59.4954,160.42,884.489,37.3213,143.558,875.255,69.7719,143.887,881.615,24.4603,131.533,857.206,85.2114,130.702,854.922,25.1993,128.339,832.362,76.8325,130.532,890.385,44.1236,90.089,884.36,64.483,89.964,905.306,43.6,50.6018,887.18,62.3992,51.2501,923.778,44.3163,11.8088,893.533,63.3038,11.8964,825.636,46.8534,105.437,826.227,43.1858,90.6835,828.915,27.1073,90.3987,828.081,31.6703,105.443,0,0,0
000348:866.221,49.1785,158.22,868.627,46.1704,161.595,866.287,52.9704,161.523,876.156,42.6927,160.366,871.989,59.3989,160.487,883.432,37.0434,143.591,874.072,69.5988,143.974,880.87,24.2006,131.468,855.886,85.1706,130.73,855.556,25.2146,128.224,831.839,77.102,130.401,889.296,44.0006,90.4743,883.336,64.413,90.3905,905.141,43.6165,50.9504,886.971,62.3545,51.6727,923.221,44.2998,12.1764,893.195,63.1075,12.3115,825.726,47.0733,105.547,826.753,43.3754,90.819,829.245,27.3478,90.6002,827.972,31.9421,105.581,0,0,0
000349:866.785,49.1689,158.057,869.119,46.17,161.444,866.939,52.9838,161.359,876.566,42.7417,160.245,872.918,59.4676,160.362,882.909,37.0989,143.46,875.424,69.7466,143.779,878.97,24.2575,131.535,857.027,85.501,130.649,853.802,25.4311,128.459,831.67,77.4468,130.498,888.808,43.9352,90.1163,883.885,64.3786,89.958,904.439,43.5292,50.7076,887.717,62.3553,51.2873,923.022,44.3326,12.0498,893.963,63.1566,12.0824,825.251,47.1412,105.575,826.233,43.4096,90.8159,829.065,27.3366,90.5757,827.84,31.9669,105.61,0,0,0
000350:865.188,49.2238,158.204,867.854,46.2341,161.59,865.479,53.0302,161.516,876.522,42.7931,160.391,872.255,59.5059,160.503,884.554,37.166,143.603,875.228,69.7669,143.975,881.452,24.5098,131.414,857.127,85.5031,130.74,854.263,25.8775,128.154,832.008,77.5036,130.542,889.915,43.9592,90.4067,883.833,64.3928,90.305,904.285,43.4742,50.9843,886.253,62.2629,51.6662,924.054,44.2258,12.054,893.957,63.1396,12.167,826.61,47.1282,105.541,827.87,43.4006,90.6852,830.349,27.2628,90.4496,828.944,31.8926,105.563,0,0,0
000351:867.122,49.1833,158.211,869.459,46.1972,161.607,867.069,53.0011,161.53,876.949,42.7991,160.399,872.833,59.5211,160.533,884.211,37.2093,143.531,875.208,69.8281,143.914,883.133,24.6233,131.225,856.527,85.5182,130.674,860.294,26.129,127.815,832.132,77.408,130.465,889.991,43.9347,90.1238,884.368,64.3909,90.0044,904.887,43.4999,50.7441,887.619,62.3655,51.3529,923.406,44.3548,12.0521,893.665,63.2322,12.1847,828.036,47.2503,105.537,828.189,43.4958,90.8837,830.574,27.4927,90.7343,830.322,32.1358,105.648,0,0,0
000352:866.006,49.3341,158.19,868.378,46.3726,161.576,866.124,53.1595,161.486,876.023,43.0173,160.372,872.208,59.6838,160.452,883.359,37.4079,143.595,875.089,69.9008,143.854,881.178,24.502,131.648,857.223,85.5927,130.711,857.574,25.4421,128.477,832.902,77.5425,130.624,889.628,44.0371,90.1624,884.341,64.4075,89.9922,904.516,43.5951,50.7522,887.758,62.3943,51.307,922.833,44.3991,12.0692,893.995,63.3401,12.0747,829.556,47.2216,105.682,831.139,43.4358,90.8369,834.094,27.3226,90.6435,832.366,32.0114,105.767,0,0,0
000353:865.985,49.4291,158.115,868.393,46.4442,161.517,866.204,53.2498,161.434,876.422,43.0439,160.393,872.469,59.7742,160.477,883.677,37.3412,143.606,875.594,70.1344,143.877,880.572,24.5784,131.498,858.438,86.043,130.563,856.019,25.9227,128.246,833.653,78.0086,130.342,889.778,44.0629,90.2101,884.394,64.6084,90.019,904.601,43.4639,50.81,886.895,62.3649,51.4202,923.961,44.4008,12.0317,893.109,63.2114,12.1325,829.368,47.674,105.853,830.446,43.8737,91.1943,832.604,27.8981,91.0849,831.475,32.5926,105.991,0,0,0
000354:866.081,49.4606,158.203,868.491,46.456,161.62,866.098,53.2685,161.537,876.297,43.0105,160.525,872.051,59.752,160.609,884.162,37.2446,143.696,874.694,70.0847,143.982,881.99,24.328,131.473,857.371,85.9771,130.638,859.18,25.52,127.946,833.342,78.069,130.207,890.346,44.0525,90.0675,884.355,64.6101,89.942,904.613,43.5126,50.7354,886.965,62.4446,51.3645,923.035,44.372,12.1109,892.978,63.1938,12.2323,829.115,47.8163,105.984,830.275,43.9547,91.3066,832.946,27.9165,91.2449,831.619,32.6881,106.188,0,0,0
000355:865.265,49.5746,158.088,867.659,46.5793,161.515,865.479,53.3803,161.416,875.65,43.1308,160.466,871.556,59.8826,160.523,882.799,37.3645,143.645,874.787,70.1973,143.855,880.208,24.7202,131.456,859.114,86.168,130.604,856.42,26.4156,128.029,836.359,78.2453,130.463,888.691,43.9255,89.863,883.213,64.4957,89.6759,904.018,43.2692,50.5653,885.89,62.3518,51.1991,923.944,44.369,11.8991,893.165,63.24,12.0817,832.184,48.12,106.288,832.823,44.2231,91.7063,835.182,28.2401,91.6551,834.451,33.0353,106.531,0,0,0
000356:867.198,49.601,158.084,869.297,46.6051,161.477,867.062,53.4012,161.405,876.044,43.169,160.306,871.915,59.8654,160.403,883.249,37.4737,143.468,873.954,70.1836,143.8,882.015,24.7555,131.234,857.761,86.1728,130.586,860.379,26.1903,127.795,837.094,78.3818,130.41,889.893,44.2131,90.0667,883.931,64.7182,89.9248,904.038,43.5571,50.8408,886.544,62.4959,51.4334,922.215,44.2735,12.3319,893.497,63.1591,12.263,832.481,48.1513,106.185,833.865,44.2782,91.5363,834.429,28.3318,91.6124,833.135,33.0973,106.482,0,0,0
000357:866.65,49.6607,158.117,868.862,46.6565,161.525,866.644,53.4664,161.445,875.858,43.2178,160.421,871.972,59.9579,160.489,882.358,37.5128,143.609,874.245,70.3002,143.819,878.797,24.7831,131.632,857.707,86.33,130.504,856.242,26.3188,128.541,836.6,78.4926,130.199,888.621,44.2344,90.1014,883.234,64.7769,89.8678,904.433,43.4989,50.7413,887.071,62.4503,51.2803,922.306,44.3038,12.2531,893.258,63.0856,12.1062,833.284,48.3421,106.244,835.339,44.4003,91.5065,838.356,28.3259,91.4951,836.145,33.1931,106.509,0,0,0
000358:865.894,49.7649,158.239,868.108,46.7603,161.638,865.861,53.545,161.561,875.598,43.2675,160.528,871.443,59.943,160.601,882.725,37.5187,143.761,874.554,70.1861,144.006,878.218,24.8435,131.686,859.841,86.2598,130.719,854.323,26.4242,128.392,838.376,78.8009,130.422,890.319,44.1884,90.1413,884.734,64.6839,89.9971,904.942,43.6253,50.7348,887.026,62.5823,51.3925,923.531,44.3193,11.9894,892.566,63.2974,12.2966,834.997,48.7805,106.336,836.637,44.8894,91.6366,839.143,28.8758,91.6032,837.378,33.682,106.57,0,0,0
000359:865.867,49.7136,158.045,868.277,46.7246,161.441,865.966,53.5236,161.364,876.126,43.2957,160.32,871.749,60.0247,160.378,883.722,37.5142,143.545,874.325,70.319,143.809,879.591,24.4233,131.551,857.484,86.2257,130.774,855.545,25.4325,128.25,836.31,78.2685,130.893,890.272,44.2523,90.0429,884.134,64.7809,89.8808,906.212,43.6033,50.5817,887.789,62.4826,51.2439,923.519,44.4041,12.0406,893.786,63.0493,12.0401,835.932,48.5951,106.692,838.132,44.84,92.0268,841.284,28.9777,91.8438,838.976,33.6294,106.774,0,0,0
000360:865.485,49.9436,158.028,867.813,46.902,161.433,865.639,53.7267,161.351,875.315,43.2912,160.34,871.03,60.0609,160.41,881.725,37.387,143.522,873.463,70.3195,143.769,876.654,24.9082,131.419,858.303,86.5799,130.566,851.131,27.2555,128.267,837.939,79.1043,130.468,887.974,44.0227,89.9376,882.128,64.6454,89.7908,904.397,43.4042,50.5463,885.728,62.5066,51.2635,923.397,44.349,11.9325,893.033,63.2058,12.1435,837.599,48.8608,106.63,839.845,44.9004,91.9362,843.459,28.8542,91.8934,841.017,33.7432,106.877,0,0,0
000361:865.519,49.8743,158.077,867.961,46.852,161.493,865.592,53.6886,161.419,875.856,43.3314,160.445,871.228,60.1547,160.514,883.115,37.4591,143.657,873.849,70.5503,143.917,878.682,24.7063,131.623,858.707,86.8181,130.753,853.447,26.6836,128.478,838.538,79.0646,130.766,889.393,44.1494,90.0587,883.024,64.8668,89.9057,904.98,43.4524,50.6786,885.756,62.5944,51.4101,924.072,44.3685,12.0208,893.06,63.1929,12.1842,839.417,49.0289,106.665,841.346,45.1942,91.9306,845.795,29.1886,91.7136,843.599,33.9496,106.745,0,0,0
000362:865.719,50.0007,158.067,868.027,46.9657,161.476,865.716,53.7845,161.394,875.707,43.4004,160.411,871.148,60.179,160.46,883.045,37.4764,143.633,873.917,70.5012,143.862,879.503,24.5792,131.665,859.279,86.6638,130.755,855.272,26.3339,128.557,839.622,78.9165,130.814,889.893,44.2642,90.0408,883.659,64.9459,89.8863,904.902,43.5194,50.7397,886.278,62.6275,51.4355,923.749,44.3755,12.1828,893.841,63.1609,12.2312,839.548,49.1548,107.059,840.83,45.3034,92.5659,844.156,29.5028,92.448,842.736,34.2569,107.209,0,0,0
000363:865.364,49.9416,158.129,867.862,46.9163,161.53,865.532,53.7252,161.474,876.022,43.3881,160.42,871.537,60.1482,160.503,884.417,37.4596,143.488,874.183,70.4994,143.828,883.345,24.4831,130.991,856.551,86.5645,130.67,862.572,25.8934,127.156,835.123,78.9014,130.549,889.802,44.2517,89.9142,883.43,64.8994,89.8105,904.878,43.6241,50.6786,886.268,62.6509,51.3955,922.739,44.4321,12.2255,893.546,63.1506,12.3413,838.355,49.7137,107.329,841.563,45.7991,92.9945,844.697,30.1853,93.1723,841.5,35.0245,107.745,0,0,0
000364:865.546,50.1303,158.161,867.932,47.0778,161.557,865.625,53.8809,161.482,875.837,43.4198,160.404,871.3,60.1765,160.46,883.412,37.3994,143.467,873.995,70.372,143.696,878.987,24.508,131.346,859.09,86.4669,130.555,854.445,26.4705,128.132,839.308,78.9493,130.574,890.04,44.1678,89.6251,883.7,64.8037,89.5245,905.878,43.545,50.3228,886.917,62.6786,51.0953,924.731,44.3383,11.8042,894.709,63.1575,12.121,840.129,49.9387,107.535,842.436,46.0642,93.3418,845.719,30.5901,93.4028,843.235,35.3671,107.849,0,0,0
000365:864.957,50.0389,158.045,867.196,46.988,161.434,864.895,53.7838,161.376,874.673,43.3669,160.359,870.334,60.0949,160.433,882.271,37.3717,143.53,873.219,70.3999,143.792,877.747,24.4971,131.369,857.678,86.5965,130.566,855.096,26.4121,128.062,837.558,79.1408,130.367,890.192,44.2165,89.9469,884.233,64.913,89.833,905.061,43.596,50.7169,886.781,62.732,51.4379,922.421,44.2587,12.3021,892.615,63.0761,12.5567,843.311,49.8039,107.428,847.256,45.8353,93.0778,852.347,30.2157,93.1837,848.181,35.1214,107.797,0,0,0
000366:865.178,50.0808,158.054,867.665,47.0578,161.451,865.235,53.8693,161.391,875.41,43.5246,160.374,870.934,60.2662,160.436,883.094,37.6095,143.552,873.486,70.6287,143.819,879.598,24.8052,131.434,858.524,86.9115,130.66,856.549,26.7404,128.262,839.357,79.3407,130.695,889.063,44.3406,90.0781,882.736,64.996,89.9258,904.748,43.5969,50.7376,886.924,62.6303,51.3548,922.815,44.4298,12.227,894.544,63.1033,12.1105,843.471,50.1542,107.573,847.232,46.25,93.1873,852.995,30.6425,93.1715,848.806,35.4856,107.834,0,0,0
000367:865.084,50.2345,158.106,867.628,47.1971,161.503,865.271,53.9941,161.449,875.733,43.5876,160.412,871.335,60.3303,160.475,883.489,37.6547,143.551,874.044,70.6116,143.834,880.592,25.1057,131.181,858.51,86.7496,130.679,856.823,27.3537,127.804,839.111,79.2635,130.789,888.49,44.3272,90.1042,882.195,64.9583,89.9621,903.164,43.5017,50.8762,884.719,62.5916,51.5517,922.916,44.2675,12.1866,893.501,63.099,12.2956,842.658,50.637,108.11,846.913,46.7592,93.9632,850.835,31.3725,94.1094,846.378,36.1831,108.505,0,0,0
000368:865.508,50.3252,158.062,868.111,47.3042,161.47,865.727,54.0984,161.42,876.262,43.7464,160.475,871.629,60.4854,160.533,884.104,37.8313,143.718,873.866,70.7801,143.979,881.118,25.2486,131.37,857.771,86.7906,130.876,857.499,27.4394,127.914,839.286,79.3291,131.005,888.669,44.3917,90.2409,881.939,65.025,90.1174,903.778,43.5843,50.9626,884.807,62.7226,51.6713,922.886,44.2289,12.2777,893.726,63.1504,12.4114,845.861,50.934,108.419,850.578,47.0725,94.2969,855.116,31.7421,94.423,850.213,36.5512,108.809,0,0,0
000369:866.262,50.1886,158.064,868.582,47.1839,161.477,866.229,53.9875,161.418,875.974,43.7118,160.456,871.55,60.4379,160.506,883.22,37.8285,143.699,873.815,70.7794,143.924,880.055,25.0186,131.549,858.676,86.802,130.83,858,26.8285,128.227,840.874,79.1152,131.017,889.156,44.4291,90.1444,882.842,65.0527,89.9742,904.133,43.6224,50.848,886.04,62.6648,51.4651,923.26,44.4172,12.2112,894.077,63.168,12.2449,847.103,50.8002,108.385,851.256,47.0017,94.3199,856.278,31.7509,94.3568,851.898,36.4815,108.683,0,0,0
000370:865.937,50.3643,158.099,868.011,47.3434,161.502,865.684,54.1381,161.449,874.726,43.8091,160.451,870.391,60.5109,160.494,882.427,37.8194,143.676,872.634,70.7489,143.886,881.402,24.7766,131.411,857.649,86.6436,130.75,862.834,26.3228,127.843,840.654,79.0069,130.838,889.741,44.4762,90.119,883.403,65.077,89.9781,904.729,43.8167,50.8628,886.105,62.7414,51.5629,923.448,44.5144,12.2591,893.125,63.0715,12.571,848.836,50.9758,108.438,853.365,47.1651,94.4815,858.358,32.0323,94.6163,853.613,36.7804,108.82,0,0,0
000371:864.898,50.5206,157.943,867.416,47.4828,161.343,865.021,54.2825,161.283,875.622,43.8715,160.302,870.913,60.6206,160.337,883.958,37.8565,143.541,873.395,70.8851,143.763,880.028,25.0604,131.465,857.579,86.8665,130.831,854.515,27.2296,128.372,838.91,79.2035,131.329,890.162,44.5509,89.9672,883.11,65.225,89.838,904.912,43.6651,50.7276,885.624,62.7376,51.4636,922.877,44.4238,12.3008,893.87,63.0457,12.361,848.159,51.3962,109.16,853.364,47.6564,95.2593,858.266,32.6294,95.2756,852.841,37.3015,109.423,0,0,0
000372:866.151,50.4758,158.045,868.484,47.4399,161.45,866.058,54.2347,161.4,875.967,43.8708,160.413,871.143,60.6313,160.475,883.713,37.9169,143.625,872.98,70.9695,143.895,879.915,25.1726,131.34,857.396,86.953,130.858,856.043,27.2235,127.94,841.387,79.3571,131.195,889.975,44.6268,90.0489,882.9,65.3236,89.9239,905.507,43.6955,50.708,886.374,62.8432,51.4136,922.463,44.3274,12.2977,894.062,63.0622,12.2808,849.465,51.4809,109.174,854.384,47.7007,95.3307,858.964,32.7436,95.4352,853.858,37.4394,109.513,0,0,0
000373:866.021,50.3846,158.038,868.329,47.3652,161.434,865.948,54.1471,161.378,875.847,43.8645,160.314,871.234,60.5707,160.382,883.561,38.0387,143.474,873.616,70.935,143.753,880.073,25.3388,131.368,858.829,86.9998,130.804,855.978,27.2929,128.257,842.612,79.3018,131.308,890.138,44.7897,89.8626,883.376,65.3804,89.7059,905.465,43.7965,50.6028,886.636,62.781,51.2539,922.637,44.5207,12.3258,894.003,63.0849,12.236,850.277,51.4835,109.354,854.953,47.683,95.5294,859.899,32.7116,95.6393,855.019,37.4369,109.702,0,0,0
000374:864.368,50.499,158.083,866.786,47.4652,161.471,864.496,54.2645,161.426,874.679,43.8972,160.442,870.421,60.6767,160.478,882.39,37.8335,143.741,873.357,71.032,143.9,878.427,24.6134,131.911,858.013,86.9315,130.951,856.255,26.2832,128.985,839.788,78.9868,131.541,888.545,44.6413,90.2869,882.43,65.4016,90.0958,904.183,43.7643,50.9636,885.952,62.898,51.6202,922.272,44.3646,12.4716,893.24,62.9573,12.5172,848.375,51.7114,109.876,853.95,48.0328,96.1956,860.006,33.3631,96.1676,854.054,37.9476,110.076,0,0,0
000375:864.941,50.4406,157.909,867.064,47.4078,161.311,864.688,54.1936,161.268,873.852,43.8983,160.295,869.466,60.6392,160.352,881.033,37.9809,143.506,871.669,71.0424,143.715,877.909,25.1607,131.351,856.685,86.9613,130.647,856.047,27.0775,128.164,840.335,79.0359,131.044,888.569,44.7532,89.9191,882.264,65.4566,89.7093,904.347,43.693,50.6925,885.96,62.8096,51.2974,922.825,44.4729,12.3092,893.587,62.9945,12.2712,851.574,51.8994,109.968,857.379,48.0281,96.4384,863.802,33.3644,96.6776,857.571,38.1596,110.458,0,0,0
000376:864.614,50.5102,158.046,867.113,47.4942,161.453,864.62,54.2816,161.414,875.185,43.9959,160.454,870.613,60.7812,160.489,883.695,37.9973,143.651,873.228,71.2092,143.86,880.695,25.0309,131.344,856.043,86.957,130.819,857.505,26.8087,127.949,837.298,78.8274,131.393,889.959,44.7078,90.0825,883.144,65.4845,89.8817,904.994,43.6187,50.8499,886.185,62.7406,51.4855,921.746,44.4232,12.6053,892.787,62.8467,12.5271,849.624,52.1362,110.525,855.986,48.3831,97.1297,862.701,33.9685,97.3035,855.914,38.632,110.93,0,0,0
000377:865.328,50.5038,157.988,867.407,47.4781,161.377,865.108,54.2596,161.339,874.259,43.981,160.316,869.93,60.7293,160.375,881.351,38.0309,143.433,872.543,71.1824,143.64,878.32,25.3553,131.151,857.648,87.1251,130.532,856.122,27.6391,128.004,842.609,79.096,131.106,889.04,44.6989,89.8067,882.978,65.4794,89.5752,905.228,43.6248,50.602,886.168,62.8256,51.2488,923.417,44.4887,12.305,893.214,62.9072,12.3785,852.981,52.2498,110.547,858.111,48.3035,97.3561,863.964,33.9551,97.7842,858.5,38.7988,111.197,0,0,0
000378:864.727,50.5506,158.152,867.168,47.5207,161.536,864.601,54.3006,161.508,875.028,44.0272,160.411,870.326,60.7972,160.477,883.388,38.0619,143.45,872.893,71.2939,143.694,880.009,25.0515,131.24,857.073,87.3207,130.649,856.181,26.8689,128.11,840.252,79.3558,131.234,890.219,44.8947,89.7486,883.184,65.6826,89.5684,905.01,43.7299,50.6324,885.406,62.935,51.3293,923.913,44.364,12.309,893.139,62.9039,12.4402,853.64,52.6022,110.786,860.215,48.6963,97.4679,867.845,34.3509,97.8013,860.717,39.1729,111.345,0,0,0
000379:864.647,50.8025,158.231,867.151,47.7479,161.615,864.519,54.5418,161.582,875.041,44.1034,160.462,870.169,60.9364,160.508,883.627,38.0263,143.459,872.73,71.2727,143.708,880.504,25.3531,130.955,856.74,86.9915,130.593,854.897,27.7972,127.712,840.034,78.7957,131.347,890.704,44.7639,89.748,883.425,65.6177,89.5877,905.819,43.6303,50.5291,885.917,62.9434,51.2763,924.32,44.4321,12.1526,893.921,62.9879,12.3184,853.671,52.6509,111.192,860.945,48.8011,98.0864,868.376,34.6397,98.4546,860.409,39.4029,111.792,0,0,0
000380:864.158,50.5877,158.216,866.483,47.5651,161.57,864.021,54.3214,161.542,874.008,44.0129,160.338,869.556,60.7818,160.407,881.71,38.1424,143.396,872.342,71.1552,143.667,877.115,25.7047,131.126,857.67,86.9198,130.591,851.745,28.1784,128.237,842.458,78.7093,131.464,889.101,44.833,90.0198,882.457,65.5873,89.817,903.892,43.6315,50.8495,884.723,62.9341,51.5261,923.41,44.3887,12.3739,892.619,63.1109,12.4905,858.635,52.3211,110.923,865.659,48.4784,97.7099,874.047,34.2903,97.9573,866.325,39.0246,111.409,0,0,0
000381:864.998,50.6514,158.194,867.411,47.6474,161.571,864.574,54.4041,161.532,874.722,44.1515,160.354,869.759,60.9203,160.396,884.182,38.2876,143.352,872.031,71.2834,143.641,885.627,25.5974,130.807,856.124,86.9057,130.634,866.47,27.6167,127.415,840.764,78.4735,131.597,890.952,44.935,89.7953,883.291,65.6545,89.6056,904.811,43.6098,50.7243,885.527,62.8087,51.3532,923.908,44.4418,12.4027,893.516,62.9661,12.3761,859.306,52.3108,111.067,866.827,48.489,97.8306,876.134,34.2985,98.0709,867.736,39.0298,111.566,0,0,0
000382:864.511,50.7341,158.153,867.024,47.7273,161.537,864.324,54.4854,161.503,874.763,44.2031,160.406,869.889,60.9859,160.457,883.895,38.2964,143.481,872.303,71.3128,143.73,883.099,25.7404,130.949,855.008,86.641,130.63,859.847,28.1061,127.725,837.907,78.1252,131.502,890.877,44.8791,89.8362,883.332,65.6387,89.6711,905.985,43.7103,50.5403,885.754,62.9938,51.2832,923.459,44.3732,12.1635,892.713,63.0728,12.3735,855.728,52.1794,111.437,863.101,48.3717,98.46,872.022,34.3969,98.7812,863.851,39.108,112.006,0,0,0
000383:864.274,50.7567,158.158,866.91,47.7178,161.551,864.099,54.4776,161.506,874.919,44.145,160.401,869.889,60.9363,160.463,883.915,38.3042,143.391,872.295,71.3105,143.638,882.492,25.9245,130.999,854.682,86.8322,130.557,858.41,28.5884,128.066,837.912,78.4837,131.369,890.45,45.0614,89.4568,882.916,65.8051,89.2781,905.417,43.7297,50.2392,885.514,63.0159,50.9309,923.136,44.4631,12.0514,892.939,63.0274,12.0883,857.925,52.3962,111.451,865.57,48.4616,98.3372,876.079,34.2794,98.6226,867.493,39.1436,112.025,0,0,0
000384:864.311,50.8889,158.24,866.984,47.8498,161.582,864.482,54.6039,161.552,875,44.1904,160.31,870.706,60.9705,160.354,882.929,38.2255,143.335,873.503,71.2245,143.551,880.05,25.7659,131.151,856.403,86.6283,130.508,855.23,28.4361,128.589,837.64,78.1117,131.6,888.81,44.9699,89.9041,882.429,65.7243,89.692,903.835,43.7987,50.7539,885.159,63.0927,51.4158,923.78,44.4775,12.3563,893.994,63.1139,12.4334,857.639,52.2506,111.993,866.223,48.2966,99.041,876.417,34.3558,99.4416,866.875,39.2264,112.633,0,0,0
000385:863.854,50.7192,158.268,866.369,47.718,161.612,863.708,54.4397,161.586,874.074,44.2551,160.367,869.287,60.9173,160.419,882.668,38.5312,143.386,871.978,71.2748,143.626,881.144,26.2033,131.076,854.468,86.6649,130.521,855.876,28.5303,128.451,837.611,78.0827,131.518,890.31,45.2302,89.8432,883.237,65.8621,89.6278,905.441,43.9357,50.6718,885.485,63.0455,51.3514,922.884,44.4476,12.5343,893.105,62.9686,12.4703,855.977,51.6329,113.038,863.685,47.2545,100.252,872.899,33.2015,101.219,864.376,38.5234,114.243,0,0,0
000386:864.036,50.8559,158.37,866.533,47.7903,161.694,864.276,54.5483,161.673,874.459,44.1299,160.36,870.261,60.839,160.405,882.345,38.1895,143.236,873.621,71.1081,143.493,879.989,25.7652,130.929,856.887,86.6565,130.415,855.923,28.2719,128.451,838.113,78.0032,131.577,889.537,45.1007,89.6557,883.586,65.826,89.4581,905.412,43.9586,50.4763,886.665,63.1805,51.1471,923.106,44.507,12.3706,894.216,63.0591,12.3437,851.15,51.134,114.215,857.487,46.4128,101.719,865.119,32.3815,103.141,858.184,38.0337,115.841,0,0,0
000387:864.237,50.8588,158.351,866.763,47.8331,161.664,864.312,54.5682,161.639,874.633,44.3174,160.374,869.979,60.9436,160.397,881.91,38.5557,143.442,872.786,71.218,143.622,877.554,26.2322,131.493,855.735,86.6525,130.521,849.104,28.5204,129.554,837.417,77.8141,131.757,889.62,45.3151,90.0264,883.218,65.9071,89.8148,906.217,44.2389,50.7297,886.057,63.2431,51.4786,924.071,44.6031,12.521,893.221,63.0189,12.6309,848.702,49.2329,115.468,852.756,44.04,102.901,861.017,29.6958,104.664,856.35,35.8293,117.456,0,0,0
000388:863.52,50.6906,158.279,865.658,47.6965,161.594,863.402,54.4291,161.565,872.623,44.291,160.352,868.434,60.8696,160.357,880.067,38.5257,143.435,871.815,71.2189,143.587,878.047,26.1177,131.328,857.154,86.7505,130.279,854.271,28.0749,129.113,839.93,77.603,131.383,889.289,45.1594,90.0187,883.533,65.7962,89.7766,904.981,44.1804,50.8375,886.021,63.2212,51.477,923.214,44.6792,12.6418,892.63,63.1219,12.709,845.13,47.398,116.107,848.158,41.7704,103.651,854.246,27.3049,105.982,850.816,33.8561,118.638,0,0,0
000389:862.908,50.7636,158.24,865.406,47.7792,161.535,863.173,54.4862,161.498,873.539,44.4025,160.22,869.14,60.9326,160.209,880.847,38.7867,143.253,872.733,71.223,143.393,874.82,26.6346,131.255,856.354,86.5532,130.105,845.158,28.5314,129.469,835.776,77.0341,131.434,889.893,45.4071,89.8324,884.012,65.9222,89.5679,905.642,44.33,50.6714,885.745,63.2473,51.3547,923.902,44.7116,12.5558,892.105,63.0341,12.6458,844.033,45.5816,117.073,847.087,39.4572,104.615,854.675,24.7245,107.375,851.181,31.8066,120.069,0,0,0
000390:862.963,50.8754,158.325,865.252,47.8737,161.634,863.155,54.5988,161.595,872.755,44.4174,160.328,868.669,61.0256,160.315,880.315,38.7352,143.416,871.858,71.2294,143.629,875.53,26.4185,131.117,855.188,86.238,130.383,850.093,27.8084,128.689,834.413,76.374,131.83,889.846,45.4439,89.9505,883.914,65.99,89.7291,906.493,44.4845,50.5263,886.482,63.3386,51.2574,925.148,44.8092,12.1462,892.078,62.9697,12.4562,837.623,43.9839,117.967,841.171,37.8895,105.426,847.037,23.0855,108.215,843.191,30.1223,120.973,0,0,0
000391:863.527,50.6781,158.431,865.611,47.6999,161.735,863.794,54.4023,161.719,872.507,44.3612,160.407,868.874,60.9308,160.432,878.995,38.8157,143.379,871.846,71.2231,143.763,874.484,26.841,130.225,854.774,86.0653,130.312,851.497,27.811,126.785,833.197,75.8823,131.644,888.255,45.407,90.1148,883.171,65.9441,89.9027,904.895,44.3754,50.7718,886.283,63.4056,51.3777,924.492,44.6535,12.2865,892.016,63.174,12.5301,830.252,42.3268,119.389,832.876,35.6786,107.306,837.593,21.0639,110.905,834.869,28.6349,123.194,825.661,31.9703,123.316
000392:863.39,50.7822,158.389,865.13,47.7737,161.69,863.494,54.4491,161.656,871.103,44.388,160.311,868.053,60.9139,160.33,878.066,38.8962,143.204,870.73,71.1378,143.608,877.077,26.7803,129.974,851.772,85.7799,130.36,856.452,27.1393,126.396,827.021,75.4354,131.839,889.207,45.7314,89.6446,884.265,66.1651,89.4292,905.085,44.5145,50.4837,886.558,63.417,51.07,925.632,44.8222,12.206,892.394,63.0344,12.4473,823.248,40.7979,120.405,826.319,33.8332,108.449,829.327,19.216,112.401,826.355,27.1015,124.551,0,0,0
000393:863.062,50.9079,158.473,865.185,47.8969,161.759,863.792,54.5584,161.722,872.802,44.4624,160.301,870.05,60.9849,160.29,879.813,38.8474,143.148,873.235,71.0688,143.462,877.785,26.5439,129.95,852.093,85.2325,130.055,853.299,26.6047,126.623,822.069,74.5696,131.561,888.152,45.7042,89.7343,883.638,66.0791,89.5025,904.084,44.5407,50.5434,886.441,63.3465,51.106,925.899,44.8845,12.1511,892.962,62.9402,12.4045,812.961,40.3603,121.421,812.147,33.2745,110.092,814.368,19.2186,114.241,815.537,27.1413,125.714,823.651,30.9389,122.365
000394:863.298,50.8046,158.426,865.195,47.8196,161.723,863.883,54.484,161.689,872.122,44.4445,160.296,869.497,61.0031,160.285,879.202,38.9272,143.154,872.448,70.9798,143.556,876.643,26.737,129.391,850.715,84.3582,130.026,856.841,26.22,125.184,821.273,72.8077,131.572,888.992,45.6703,89.7122,884.627,66.0463,89.4711,904.568,44.4672,50.4224,886.953,63.3803,50.9603,924.812,44.7792,12.0273,891.656,63.104,12.3235,815.122,38.5384,121.677,816.474,31.3654,110.396,819.63,17.276,114.768,818.555,25.3294,126.221,818.656,29.6569,125.52
000395:864.236,51.0759,158.463,866.148,48.0363,161.75,864.796,54.6897,161.688,872.947,44.4731,160.261,870.232,61.0398,160.21,879.353,38.9529,143.202,872.159,70.7312,143.455,873.27,26.8798,130.15,847.749,83.5881,130.135,848.114,26.7775,127.042,817.92,71.9355,131.881,889.367,45.8333,89.6622,884.58,66.0945,89.4158,906.352,44.6256,50.3248,887.77,63.4612,50.9679,924.989,44.956,12.238,891.653,62.9793,12.5487,809.076,38.2886,122.765,810.306,31.2632,111.583,813.626,17.2912,115.684,812.604,25.2181,127.062,804.479,27.6917,127.222
000396:863.914,51.0403,158.482,865.807,48.0354,161.739,864.448,54.6512,161.686,872.822,44.5391,160.17,870.021,60.989,160.125,879.429,39.0609,143.085,872.472,70.6188,143.398,874.148,27.0367,129.827,849.182,83.487,130.153,848.865,26.6546,126.506,820.072,72.1143,132.053,889.466,45.787,89.677,884.684,65.9211,89.4811,905.392,44.6981,50.4063,886.753,63.4601,51.0933,924.598,44.9217,12.2133,890.832,63.1113,12.7316,807.469,38.5443,123.799,807.413,31.2708,113.007,808.578,17.6095,117.57,808.979,25.7388,128.523,805.129,24.4026,126.265
000397:863.692,50.9545,158.535,865.689,47.9558,161.774,864.394,54.5209,161.718,873.187,44.4446,160.165,870.319,60.841,160.136,879.829,39.1774,143.136,872.319,70.4084,143.388,871.133,27.7104,130.363,846.198,82.9065,130.211,837.583,28.2734,128.192,813.171,71.5767,132.264,890.792,45.8995,89.6792,885.506,65.9396,89.468,906.948,44.5944,50.3373,887.201,63.3985,51.0894,925.443,44.8131,12.2385,891.187,63.0613,12.7074,803.846,39.4892,123.643,802.878,32.5624,113.094,803.916,19.3491,117.245,805.288,27.0825,127.932,784.245,22.8674,128.743
000398:863.492,50.9261,158.525,865.52,47.9644,161.744,863.873,54.5513,161.699,872.24,44.5724,160.189,869.278,60.931,160.085,879.676,39.1739,143.357,869.84,70.4526,143.222,872.851,26.8503,131.887,842.063,82.6167,129.778,837.394,27.3717,131.74,809.749,71.2733,131.492,890.564,45.8804,89.9772,884.138,65.9492,89.7388,907.662,44.8928,50.4472,887.525,63.6148,51.2473,925.065,44.805,12.2107,892.083,62.9664,12.671,796.116,41.5215,124.707,795.948,35.0144,114.891,795.594,22.8042,118.93,795.891,30.1011,128.801,780.204,19.0397,130.17
000410:157.014,-165.188,-0.210352
