001230:919.56,-6.73658,157.905,917.441,-9.61124,161.037,921.314,-5.38149,160.813,917.271,-18.7017,159.741,933.555,-8.61082,159.192,914.91,-23.9298,142.705,949.448,-13.9896,142.006,905.059,-13.3475,118.769,940.418,-10.555,118.711,903.664,10.8097,108.862,886.783,7.98694,105.333,932.395,-27.2524,89.3111,957.202,-20.0202,88.9269,913.846,-22.2935,51.3302,942.769,-19.1807,50.1663,907.836,-27.6879,12.199,937.234,-26.027,13.8947,980.931,6.38604,55.6242,992.472,18.285,48.3928,1000.61,15.6372,33.784,983.282,4.5523,41.6149,0,0,0
001231:921.093,-6.73146,157.664,918.853,-9.57446,160.816,922.552,-5.42317,160.588,917.846,-18.7624,159.685,933.31,-8.82661,159.097,915.789,-24.195,142.99,947.034,-14.4018,142.195,907.993,-13.783,119.484,936.985,-10.9251,119.144,906.79,10.7258,110.252,884.9,7.94652,105.973,932.779,-27.6939,89.8913,955.246,-20.5494,89.6861,915.863,-22.3623,51.6724,940.684,-19.2728,50.9613,910.035,-27.938,12.1706,933.502,-26.0653,14.804,982.847,5.72446,56.6158,992.699,17.5511,49.3876,1000.07,14.816,34.8972,984.455,3.77131,42.6555,0,0,0
001232:920.786,-6.44051,157.537,918.792,-9.29417,160.712,922.173,-5.19523,160.485,917.646,-18.5799,159.62,932.572,-8.70744,159.041,914.967,-24.0049,142.947,945.628,-14.4319,142.055,906.475,-13.444,119.666,933.716,-10.871,118.958,903.716,11.4451,110.863,880.84,8.25515,105.846,932.216,-27.6474,89.4393,954.685,-20.6838,89.2018,914.909,-22.1425,51.236,941.295,-19.4434,50.3988,909.235,-27.5904,11.8291,936.145,-26.4299,14.0928,982.53,5.26922,57.7312,993.374,16.7395,50.43,1000.72,13.7861,36.2703,984.166,3.10648,44.0616,0,0,0
001233:920.114,-6.65978,157.669,918.067,-9.52157,160.776,921.708,-5.3918,160.559,917.405,-18.6557,159.405,932.54,-8.70876,158.896,915.085,-23.8339,142.671,945.482,-14.149,141.751,906.43,-13.2336,119.844,934.24,-10.2288,119.014,903.561,11.8139,111.621,882.515,8.96109,106.473,930.771,-27.5044,89.2254,952.847,-20.4883,88.972,914.541,-22.1186,51.0756,940.314,-19.3265,50.2239,908.567,-27.7717,11.8929,936.359,-26.5196,13.969,984.444,4.74696,58.7101,996.385,15.9359,51.3215,1005.82,12.8322,37.2575,987.932,2.3841,45.1888,0,0,0
001234:920.622,-6.57904,157.69,918.681,-9.49606,160.839,922.085,-5.34291,160.614,918.157,-18.7982,159.595,932.831,-8.75331,159.071,915.774,-24.1181,142.884,944.783,-14.1194,142.029,906.607,-13.2343,119.857,931.06,-10.1422,119.234,903.705,12.3416,111.473,877.08,9.00381,106.541,930.926,-27.5342,89.4879,952.346,-20.262,89.3075,914.392,-22.334,51.3231,940.416,-19.1012,50.4984,907.643,-27.8883,12.1508,936.638,-26.1806,14.0658,984.832,4.63427,59.7445,998.03,15.5561,52.3958,1009.05,12.3523,38.462,989.813,2.19006,46.3211,0,0,0
001235:920.702,-6.55774,157.492,918.292,-9.43613,160.631,922.491,-5.37055,160.407,917.216,-18.6266,159.383,934.136,-8.82126,158.901,914.006,-23.694,142.836,947.979,-14.1971,141.895,902.615,-12.695,120.478,934.515,-9.83365,119.376,901.483,12.8646,112.802,877.56,9.87666,107.223,931.777,-27.2208,89.3288,955.663,-20.2912,89.012,915.875,-22.0423,51.1437,941.93,-19.2352,50.2942,908.911,-27.6438,12.1112,934.386,-26.2719,14.3128,987.995,4.14192,60.6491,1002.05,14.8286,53.152,1012.98,11.4085,39.3987,992.696,1.50299,47.4243,0,0,0
001236:919.783,-6.30008,157.51,917.607,-9.18605,160.639,921.277,-5.1744,160.434,916.525,-18.4897,159.397,932.369,-8.8129,158.939,913.485,-23.5856,142.877,945.682,-14.3878,141.977,902.688,-12.4793,120.464,932.068,-9.91715,119.523,901.413,13.2046,112.756,876.636,10.3153,107.398,931.265,-27.2477,89.3401,954.73,-20.542,89.0865,913.606,-21.7876,51.2752,941.973,-19.3937,50.3111,906.028,-27.533,12.3311,936.903,-26.7157,14.0621,988.34,3.69558,61.8369,1004.26,14.1103,54.3037,1017.61,10.6496,40.6252,995.303,0.992282,48.6618,0,0,0
001237:920.9,-6.34004,157.49,918.722,-9.24105,160.643,922.225,-5.20229,160.417,917.499,-18.5724,159.412,932.746,-8.77312,158.926,914.384,-23.7544,142.979,944.579,-14.3181,141.975,904.293,-12.8732,120.718,928.719,-9.90196,119.521,902.884,12.7924,113.175,871.876,10.0806,107.46,931.593,-27.3745,89.3926,953.809,-20.6,89.1672,914.246,-21.7015,51.1863,941.21,-19.5889,50.3331,906.938,-27.1022,12.0783,935.945,-26.9326,14.0454,993.409,2.6066,62.5888,1010.68,12.8751,54.8755,1025.68,9.1835,41.1775,1001.97,-0.326559,49.4084,0,0,0
001238:918.353,-6.20035,157.457,916.284,-9.10508,160.592,920.177,-5.09611,160.387,916.392,-18.4527,159.345,932.157,-8.7632,158.928,914.114,-23.57,142.986,944.609,-14.2413,142.12,902.467,-12.2613,120.603,927.92,-9.57752,119.707,897.53,13.7132,112.972,869.37,10.8398,107.629,930.299,-27.1588,89.7448,951.966,-20.3975,89.6534,914.594,-21.4431,51.376,938.669,-19.0716,50.8374,908.624,-27.2767,11.9483,933.717,-26.5406,14.4063,990.705,2.5728,64.0979,1009.8,12.2728,56.1592,1027.28,8.2768,42.7876,1001.29,-0.657474,51.234,0,0,0
001239:920.392,-6.07041,157.397,918.373,-8.95709,160.568,921.981,-5.08334,160.355,917.382,-18.4274,159.425,932.783,-9.04129,158.992,913.844,-23.4796,143.191,945.099,-15.0215,142.282,902.433,-12.1301,120.969,932.879,-10.8358,119.802,899.984,13.4969,113.448,881.382,9.63806,107.696,928.694,-27.0322,89.8128,950.942,-20.7942,89.7061,912.791,-21.1112,51.3714,939.136,-19.4348,50.7406,907.556,-26.9868,11.8418,936.084,-26.8909,13.9874,992.315,1.57933,65.3331,1011.5,11.2397,57.5592,1030.2,7.30874,44.1373,1004.22,-1.64532,52.3599,0,0,0
001240:918.731,-5.8733,157.561,916.859,-8.76043,160.715,920.004,-4.81808,160.502,916.226,-18.2158,159.52,930.233,-8.6243,159.088,914.181,-23.4944,143.348,941.966,-14.4598,142.407,903.196,-12.4233,121.204,929.852,-9.96935,120.262,898.058,13.4356,113.674,880.589,10.5863,108.571,929.315,-27.4997,90.0339,949.58,-20.9701,90.0074,913.293,-21.3711,51.4638,938.578,-19.509,50.9062,904.93,-27.0282,12.0724,934.695,-26.8578,14.1954,993.36,1.30843,66.5366,1011.86,10.8063,58.6068,1031.64,6.689,45.2733,1005.99,-2.11235,53.6685,0,0,0
001241:918.778,-5.7751,157.21,916.614,-8.6771,160.358,920.278,-4.78194,160.139,916.143,-18.1988,159.194,931.496,-8.6824,158.756,914.258,-23.5464,143.198,944.819,-14.5751,142.12,902.496,-12.707,121.653,933.472,-9.99074,120.187,897.011,13.2589,114.809,882.872,10.6221,108.89,930.702,-27.4448,89.8312,952.269,-20.9488,89.7383,914.466,-21.3238,51.3608,939.607,-19.4286,50.8519,906.546,-27.094,12.071,934.312,-26.7828,14.4577,995.686,0.408746,68.0561,1013.99,9.86931,60.3638,1034.67,5.81086,47.0397,1009.11,-2.96984,55.1901,0,0,0
001242:918.404,-5.78898,157.429,916.844,-8.7145,160.608,919.424,-4.84306,160.398,916.217,-18.2686,159.509,928.823,-8.72771,159.108,914.74,-23.4757,143.532,940.998,-14.6115,142.586,905.436,-12.5088,121.717,932.065,-10.2251,120.662,899.135,13.3103,114.483,888.947,10.1442,109.19,930.202,-27.1792,89.9518,949.549,-20.7557,89.9861,914.247,-21.0377,51.3586,939.824,-19.409,50.8564,904.101,-26.8363,12.2884,936.326,-26.944,14.2051,994.271,-0.0406937,69.7269,1012.62,9.13625,62.0246,1033.35,4.92544,48.9985,1008.11,-3.61925,57.1106,0,0,0
001243:920.038,-5.45032,156.986,917.791,-8.34278,160.191,921.311,-4.55182,159.928,916.261,-17.8977,159.109,931.845,-8.64714,158.646,912.709,-23.2787,143.3,943.929,-14.7557,142.045,899.066,-12.4825,122.375,928.679,-10.0708,120.296,893.705,13.4611,116.161,872.681,10.909,109.279,931.5,-27.47,89.6594,953.692,-21.3146,89.554,914.289,-20.916,51.2435,939.654,-19.5357,50.7699,906.043,-26.6166,12.0905,933.478,-27.0239,14.5471,994.878,-0.600243,70.8325,1016.49,8.09925,63.0173,1038.33,3.87528,50.2659,1009.41,-4.15236,58.4871,0,0,0
001244:917.149,-5.58765,156.973,914.968,-8.409,160.117,918.474,-4.6643,159.856,914.188,-17.7011,158.892,929.461,-8.62129,158.443,912.879,-22.9309,143.203,941.621,-14.651,141.971,900.531,-11.893,122.458,925.713,-9.7884,120.586,892.181,13.8335,116.3,869.637,11.3751,110.039,932.29,-27.578,89.9514,952.947,-21.5613,89.9092,915.942,-21.0774,51.4335,939.318,-19.6803,51.0667,907.033,-26.7228,12.3036,932.914,-26.6949,14.7948,993.573,-0.944993,72.1593,1016.46,7.23981,64.0075,1040.53,2.69498,51.512,1009.96,-4.81883,60.0817,0,0,0
001245:917.999,-5.29368,156.978,916.117,-8.14982,160.164,919.649,-4.57062,159.897,915.17,-17.7276,158.955,931.138,-9.00462,158.586,912.579,-22.8824,143.171,944.202,-15.5123,142.17,898.832,-11.2637,122.082,929.94,-10.7815,120.945,892.562,14.5623,115.364,874.841,11.0809,110.528,931.734,-27.5004,89.6842,954.841,-22.0809,89.7135,911.516,-20.34,51.5,940.16,-19.7336,50.9474,901.203,-25.8062,12.8598,935.879,-26.9725,14.5337,998.137,-1.91666,73.8917,1028.16,5.26779,65.055,1055.74,0.286044,52.9013,1018,-6.22585,62.1157,0,0,0
001246:916.109,-5.0967,157,914.438,-7.95562,160.198,918.61,-4.52285,159.874,913.739,-17.415,158.818,930.867,-9.06896,158.491,911.977,-22.4169,143.071,945.212,-15.7235,142.074,894.576,-9.78732,122.093,932.479,-10.9043,120.94,887.376,16.1962,115.318,876.218,11.8751,110.513,933.757,-27.6878,89.9015,957.262,-22.6291,89.8957,913.536,-20.3736,51.6899,940.157,-19.9171,51.3131,902.561,-25.8775,13.2599,934.019,-27.011,15.163,976.372,0.978476,81.8587,1010.86,7.08044,74.1293,1030.22,3.29071,64.0446,989.296,-2.25993,71.8921,0,0,0
001247:917.009,-5.23482,157.138,916.374,-8.24293,160.38,920.004,-4.7354,159.983,915.763,-17.633,158.781,930.86,-9.06684,158.417,912.825,-22.6184,142.813,942.568,-15.5428,141.504,887.916,-9.55731,122.688,926.566,-10.8086,120.308,873.223,16.4647,117.305,868.848,11.4189,110.12,933.574,-27.7642,89.4195,955.286,-22.4974,89.2508,915.591,-20.7548,51.0858,942.862,-20.3006,50.4345,900.554,-25.7079,13.2506,938.347,-27.4467,14.2421,932.669,6.66557,89.1567,963.528,12.7604,84.1154,969.035,11.2765,75.8891,933.406,5.55861,80.8974,0,0,0
001248:918.107,-5.00461,156.845,917.196,-7.9482,160.065,920.759,-4.64837,159.708,915.005,-17.4079,158.617,930.462,-9.33706,158.32,911.265,-22.2239,142.83,940.484,-16.0365,141.766,888.493,-8.79612,122.38,921.671,-10.8962,120.889,875.017,17.311,116.576,861.808,12.4973,110.971,932.68,-27.4954,89.4828,954.38,-22.6933,89.4796,913.66,-20.3773,51.1988,940.135,-19.9854,50.7872,899.969,-26.1249,13.2193,934.996,-27.1739,14.6371,939.506,5.30994,89.2783,972.075,11.0721,83.8259,981.289,9.25463,75.4822,943.69,3.87425,80.8295,0,0,0
001249:917.263,-5.02357,157.106,917.156,-8.07173,160.377,920.211,-4.61649,159.961,915.458,-17.3525,158.807,929.495,-8.96864,158.469,913.249,-22.394,142.788,939.097,-15.3899,141.587,888.071,-8.59926,122.156,921.728,-10.4178,120.491,874.309,17.3764,116.07,863.786,12.5521,110.605,933.158,-27.8032,89.7037,952.495,-22.5644,89.6057,916.728,-20.9573,51.1228,940.199,-20.37,50.6996,901.835,-25.7355,13.0932,933.461,-27.017,14.6322,890.047,11.95,96.0024,915.43,17.8211,93.4471,907.789,18.3161,87.0572,878.909,12.7528,89.4089,0,0,0
001250:918.778,-4.8717,157.396,918.713,-8.0383,160.685,922.353,-4.44811,160.253,919.11,-17.2857,158.961,930.293,-8.9646,158.704,916.404,-22.6625,142.543,937.655,-15.4281,141.651,890.995,-9.19509,122.178,918.301,-10.5821,120.983,873.537,16.7974,116.084,865.853,12.3044,111.043,934.448,-27.7107,89.3454,950.669,-22.4356,89.5853,915.06,-20.9273,51.3633,939.045,-20.2809,50.8832,898.887,-25.713,13.7447,933.995,-27.3552,15.1117,880.708,12.8385,97.6347,906.002,18.4484,96.2283,896.162,19.3133,90.2413,871.695,14.4479,91.4008,0,0,0
001251:918.599,-4.61966,157.299,918.365,-7.77171,160.596,921.795,-4.21734,160.175,918.843,-17.1008,158.986,929.874,-8.90225,158.697,917.494,-22.6466,142.728,938.188,-15.58,141.774,893.348,-9.02805,122.707,922.086,-10.6956,121.302,876.227,17.4461,117.046,871.483,12.6772,111.797,935.856,-27.9365,89.4118,951.498,-22.7639,89.717,915.12,-20.9402,51.4562,938.191,-20.3768,51.0849,899.936,-25.7872,13.6274,932.832,-27.3706,15.38,874.414,13.6883,98.5491,897.685,19.263,97.1293,888.002,20.0288,91.1386,865.339,15.2325,92.3025,0,0,0
001252:919.746,-4.83819,157.65,919.146,-7.95537,160.752,922.684,-4.37994,160.663,921.591,-17.5327,159.275,932.727,-9.23061,159.043,919.146,-22.9103,143.178,940.032,-15.5324,141.959,897.359,-9.67551,122.468,921.357,-10.0357,120.624,877.527,17.2557,116.948,874.638,12.918,111.327,936.838,-28.1415,89.7591,949.934,-22.3716,90.1566,915.871,-21.0769,51.4653,939.901,-20.3536,51.1443,901.998,-26.1647,13.4509,938.284,-27.8638,14.5214,857.537,15.5886,100.405,875.258,21.1463,98.5937,860.114,22.5883,93.2068,847.301,17.2001,94.1941,0,0,0
001253:919.281,-4.71772,157.08,918.917,-7.82872,160.311,922.363,-4.34439,159.865,918.595,-16.9635,158.382,929.069,-8.91764,158.193,916.059,-22.1609,142.182,935.731,-15.4202,141.329,890.877,-8.32236,122.439,918.462,-9.84045,121.402,873.46,17.8246,116.882,868.045,14.592,112.334,934.511,-27.8046,89.3798,949.365,-22.9203,89.7541,916.29,-20.6438,51.3138,937.087,-20.3012,51.1384,900.182,-25.7861,13.6149,931.167,-27.3871,15.5999,871.37,13.3959,99.5618,892.234,18.512,97.9447,882.606,19.0806,92.2913,862.23,14.7124,93.6179,0,0,0
001254:917.732,-4.55122,157.233,917.183,-7.60929,160.41,921.046,-4.18877,159.971,917.482,-16.6883,158.396,929.162,-8.88245,158.206,914.653,-21.8225,142.233,937.731,-15.5148,141.323,890.13,-7.81772,122.484,920.119,-9.57985,121.444,874.686,18.3292,116.777,866.996,15.6978,112.444,933.374,-27.8746,89.554,950.088,-23.2734,89.8483,915.116,-20.7153,51.5527,937.694,-20.6651,51.2232,900.989,-25.7546,13.7708,931.55,-27.5152,15.7205,882.428,11.1996,100.285,904.359,15.7955,98.4483,898.544,16.0347,92.939,876.747,12.2231,94.4276,0,0,0
001255:918.37,-4.48013,156.9,917.692,-7.53999,160.106,921.747,-4.20316,159.688,917.442,-16.704,158.276,930.269,-9.13507,158.127,914.194,-21.8321,142.281,939.261,-15.9828,141.417,888.269,-7.63603,122.75,919.815,-9.98587,121.808,870.776,18.7801,117.405,860.642,15.5933,113.477,935.038,-27.9188,89.3052,953.565,-23.6608,89.6111,913.245,-20.2158,51.4395,938.077,-20.7819,51.0417,901.064,-25.5364,13.3857,934.47,-28.1313,15.2704,872.749,11.828,101.386,894.269,16.376,99.5419,886.313,16.6086,94.1991,865.024,12.8452,95.6775,0,0,0
001256:918.111,-4.25871,157.03,917.62,-7.34632,160.219,920.806,-3.98868,159.813,917.617,-16.6278,158.353,927.676,-8.97333,158.226,915.533,-21.8694,142.334,935.005,-15.727,141.597,891.191,-7.63233,122.641,917.621,-9.416,122.103,872.605,19.0807,117.225,865.924,16.8284,113.595,935.279,-27.8863,89.3558,950.285,-23.4414,89.8986,914.53,-20.2308,51.3257,936.785,-20.491,51.1823,900.156,-25.7159,13.3548,933.658,-27.845,15.3362,874.241,11.7082,101.772,894.24,16.0614,99.9416,888.337,16.1749,94.662,868.335,12.6166,96.0858,0,0,0
001257:917.578,-4.15762,157.062,916.904,-7.20748,160.263,920.155,-3.91368,159.846,916.492,-16.4564,158.382,926.468,-8.92728,158.286,914.381,-21.6644,142.361,932.854,-15.8574,141.653,891.292,-7.51648,122.505,913.937,-9.84245,122.137,873.651,19.1084,116.94,861.202,16.1863,113.574,934.132,-27.9572,89.2884,948.702,-23.6688,89.8829,913.718,-20.1173,51.1776,936.282,-20.4025,51.0715,897.316,-25.8595,13.3965,931.978,-27.7973,15.3523,878.257,10.7937,102.196,897.168,15.0311,100.45,891.65,15.1938,95.2877,872.696,11.7079,96.6006,0,0,0
001258:916.868,-4.21202,157.037,916.128,-7.25248,160.18,919.64,-3.91124,159.766,915.675,-16.2648,158.123,926.39,-8.64232,158.055,912.986,-21.2236,142.151,934.25,-15.2761,141.444,889.479,-7.07612,122.431,916.195,-8.99368,122.255,872.217,19.1839,116.87,862.513,16.7976,114.347,933.769,-27.5938,89.6552,950.574,-23.308,90.029,911.463,-19.9757,51.7213,937.475,-20.4871,51.2132,896.01,-25.708,13.9316,935.483,-28.0487,15.1084,879.321,10.4764,102.902,898.211,14.5656,101.167,892.776,14.6877,96.1787,873.969,11.3492,97.4901,0,0,0
001259:916.212,-4.13151,156.955,915.19,-7.16578,160.138,919.249,-3.88775,159.711,915.059,-16.2848,158.187,927.42,-8.81377,158.109,913.083,-21.3372,142.225,935.946,-15.6115,141.521,891.122,-7.00163,122.265,914.195,-9.4006,122.146,875.896,19.5034,116.494,853.121,16.6276,113.948,934.509,-27.7173,89.5658,952.37,-23.4413,89.9473,912.079,-20.1153,51.5839,937.974,-20.1355,51.1703,897.598,-26.0074,13.6369,934.546,-27.2798,15.0998,879.849,10.436,103.647,896.729,14.2025,102.101,890.322,14.2776,97.4613,873.387,11.2637,98.5412,0,0,0
001260:916.915,-4.12926,157.051,915.971,-7.12585,160.213,920.216,-3.91621,159.814,915.75,-16.2282,158.273,928.488,-9.01167,158.234,912.271,-21.1598,142.382,937.524,-16.0545,141.705,888.809,-6.45041,122.587,918.821,-9.59129,122.475,873.777,20.4036,117.003,860.879,17.3179,114.621,931.937,-27.8982,89.6666,950.082,-24.0957,90.1474,912.521,-19.7712,51.4211,935.977,-20.6236,51.2835,900.263,-25.5179,13.0323,931.716,-27.9235,15.3715,882.268,9.85043,103.857,898.943,13.5555,101.967,892.402,13.361,97.2909,875.704,10.4644,98.6908,0,0,0
001261:917.725,-3.72806,156.773,916.336,-6.72774,159.945,920.591,-3.55025,159.523,914.771,-15.8294,158.024,927.829,-8.64606,157.959,910.746,-20.8187,142.24,936.885,-15.7726,141.479,886.441,-6.22843,122.677,916.836,-9.67815,122.33,871.827,20.4549,117.377,855.424,16.6191,114.722,934.186,-27.6298,89.6953,954.147,-23.8228,89.9939,910.612,-19.6798,51.7578,939.072,-20.3752,51.1966,896.088,-25.7409,13.7944,935.221,-27.8179,15.1497,875.515,10.1617,104.769,888.9,13.8912,103.421,880.864,14.0475,98.9177,867.324,11.0755,99.7627,0,0,0
001262:915.323,-3.89099,156.821,914.329,-6.88927,160.005,918.477,-3.64937,159.552,914.238,-15.9164,158.073,926.182,-8.49216,158.011,911.244,-20.9513,142.304,934.435,-15.2779,141.573,889.389,-6.61629,122.45,912.761,-9.05809,122.424,873.79,20.1645,116.899,853.172,16.764,114.636,931.941,-27.7382,90.0115,949.698,-23.556,90.3992,910.568,-19.8154,51.8073,935.466,-20.1872,51.5103,898.853,-25.7807,13.3249,933.825,-27.6796,15.0805,881.315,8.94917,105.029,895.691,12.4759,103.488,890.082,12.4374,99.0301,875.724,9.63465,100.065,0,0,0
001263:916.488,-3.85142,156.713,915.556,-6.85899,159.9,919.414,-3.66826,159.464,914.779,-15.9001,158,925.91,-8.61757,157.966,912.122,-20.8784,142.281,933.154,-15.5845,141.624,891.285,-6.42797,122.455,913.937,-9.68859,122.567,877.463,20.1098,116.852,858.859,16.0656,114.97,931.656,-27.5184,90.1002,948.107,-23.5578,90.5646,910.957,-19.5717,51.9101,935.44,-20.1899,51.6813,896.774,-25.8424,13.719,933.073,-27.8781,15.4294,870.757,10.4349,106.267,883.556,14.0387,105.131,874.874,14.3291,100.906,862.316,11.4243,101.534,0,0,0
001264:916.001,-3.59538,156.614,915.385,-6.59936,159.777,918.539,-3.44832,159.326,914.652,-15.6283,157.814,923.084,-8.42609,157.782,912.516,-20.5676,142.171,928.288,-15.418,141.535,892.388,-5.70643,122.641,910.342,-9.298,122.888,874.557,21.4015,117.724,862.564,16.7857,115.82,931.452,-27.5703,90.0639,944.796,-23.7293,90.6668,912.355,-19.5878,51.7008,935.174,-20.4869,51.59,896.451,-25.7576,13.6695,934.967,-28.3502,15.1179,868.185,10.5881,107.464,879.012,13.837,106.268,870.471,13.9521,102.334,859.847,11.4157,102.987,0,0,0
001265:917.431,-3.75173,156.72,916.682,-6.72479,159.828,920.281,-3.64046,159.408,915.704,-15.709,157.675,925.759,-8.81099,157.719,912.116,-20.4484,141.933,932.253,-16.0037,141.424,892.121,-5.34564,122.296,915.231,-9.40979,122.993,880.19,21.5053,116.93,865.048,18.0745,116.187,929.773,-27.6246,90.0947,945.233,-24.2715,90.7103,911.263,-19.3187,51.7429,933.972,-20.6495,51.724,898.406,-25.7298,13.3499,933.021,-28.3715,15.3874,868.71,10.4552,107.414,878.59,13.6111,106.097,868.153,13.7009,102.269,858.598,11.2884,102.989,0,0,0
001266:918.002,-3.7636,156.9,917.206,-6.73126,159.778,919.557,-3.57172,159.771,918.323,-16.0781,157.883,925.079,-8.97015,157.989,915.6,-20.7586,142.322,928.959,-15.6568,141.663,901.491,-6.13234,122.052,913.343,-8.38682,122.398,883.947,21.5842,117.376,876.623,18.855,115.677,932.109,-27.5694,90.3347,939.915,-23.2601,91.2971,914.765,-19.5873,51.5192,931.862,-20.1185,52.1265,901.74,-26.5297,13.0577,932.265,-28.2719,15.2347,848.962,13.1414,108.901,854.756,16.3871,107.201,838.019,17.27,103.828,837.063,14.1261,104.389,0,0,0
001267:918.125,-3.85758,157.197,917.45,-6.8,160.02,919.765,-3.67548,160.043,918.587,-16.0642,157.957,925.665,-9.16868,158.128,914.724,-20.5986,142.261,929.777,-16.0258,141.687,897.772,-5.6981,121.885,913.889,-8.52312,122.539,880.823,21.6868,116.761,875.512,19.6093,115.969,930.359,-27.7108,90.356,939.265,-23.8166,91.3425,913.591,-19.3136,51.6088,933.156,-20.5076,52.0734,900.007,-26.0422,13.3024,935.011,-28.7106,15.1631,839.672,14.1261,109.543,841.977,17.3675,108.141,823.251,18.5214,104.926,825.587,15.3897,105.185,0,0,0
001268:918.214,-3.66266,157.083,917.533,-6.62827,159.978,920.304,-3.46697,159.984,919.1,-16.027,158.121,927.444,-8.95981,158.24,915.057,-20.7414,142.629,932.016,-15.8559,141.964,897.674,-5.9265,122.186,913.855,-8.80523,122.634,880.534,21.8269,117.145,868.305,18.3363,116.242,930.155,-27.7137,90.8986,940.307,-23.5819,91.807,912.623,-19.241,52.0194,932.084,-20.1454,52.5419,901.835,-26.2558,13.0838,934.224,-28.5724,15.3289,838.513,13.7208,110.018,841.165,16.9868,108.418,821.525,17.8962,105.226,823.545,14.746,105.682,0,0,0
001269:919.093,-3.60853,157.147,918.419,-6.57712,160.002,921.226,-3.48692,160.005,920.113,-16.0327,157.988,928.116,-9.08638,158.162,916.423,-20.7752,142.395,932.051,-15.9113,141.8,900.403,-6.12822,122.142,914.193,-8.23898,122.832,883.852,21.7651,117.355,870.037,19.9512,116.696,930.246,-27.7787,90.5099,938.845,-23.5475,91.5596,913.862,-19.5236,51.6233,929.421,-19.5734,52.5205,902.983,-27.1265,12.8598,929.254,-27.6504,15.8445,838.326,13.5326,110.758,840.07,16.5361,109.09,819.991,17.4788,106.042,822.898,14.5714,106.507,0,0,0
001270:917.138,-3.58377,157.01,916.708,-6.54343,159.907,919.192,-3.37415,159.903,918.628,-15.8981,158.056,926.522,-8.86058,158.163,914.734,-20.641,142.529,930.435,-15.7659,141.817,895.791,-5.72114,122.193,910.558,-8.71068,122.553,877.374,21.9794,117.163,862.778,18.3509,116.369,928.987,-27.77,90.7679,938.246,-23.6178,91.6864,913.281,-19.3611,51.9202,931.16,-20.1205,52.525,902.974,-26.3433,13.0481,933.973,-28.5442,15.3856,821.74,15.4112,111.029,822.678,18.657,109.903,801.193,19.8619,106.94,804.547,16.7497,106.962,0,0,0
001271:917.656,-3.51372,156.921,917.015,-6.47694,159.782,919.766,-3.42701,159.804,918.838,-15.9872,157.886,927.013,-9.17935,158.073,915.517,-20.7094,142.359,932.051,-16.2322,141.851,899.095,-5.8195,121.886,914.706,-8.81295,122.861,881.571,22.1422,116.928,871.052,19.1995,116.782,930.787,-27.7332,90.5582,940.447,-23.7586,91.6103,912.657,-19.2241,51.7713,931.401,-19.847,52.4839,900.297,-26.697,13.1071,932.757,-28.2073,15.4817,835.729,13.2851,110.634,836.088,16.3508,109.01,815.527,17.2486,105.956,819.717,14.2834,106.376,0,0,0
001272:914.935,-3.07453,156.337,914.091,-5.99169,159.374,917.659,-3.02892,158.944,913.152,-14.9888,157.121,922.933,-8.33425,157.215,910.068,-19.8797,141.64,930.298,-15.5018,141.152,893.493,-5.2175,122.215,915.108,-8.13624,123.319,883.201,21.9472,117.168,867.978,20.3866,117.133,928.165,-27.5737,90.2187,943.645,-24.3432,90.9665,909.348,-18.6669,52.0346,932.826,-20.1245,52.1514,897.184,-25.7039,13.7352,932.569,-28.4056,15.9331,881.029,6.76625,110.258,890.22,8.69296,108.33,879.122,8.03721,105.437,870.497,6.81749,106.618,0,0,0
001273:913.321,-2.92056,156.143,912.71,-5.79978,159.187,916.135,-2.91332,158.756,912.341,-14.8053,156.978,921.435,-8.38758,157.057,910.24,-19.7591,141.536,927.979,-15.8712,141.082,893.647,-4.99475,122.221,911.526,-8.69823,123.398,879.867,22.0715,117.366,864.547,19.958,117.357,927.825,-27.6804,90.14,941.568,-24.7463,91.0194,910.057,-18.4566,51.8404,930.509,-20.2451,52.2597,898.974,-25.4574,13.2985,930.643,-28.4244,16.0307,871.281,7.74048,110.435,878.392,9.85858,108.654,866.989,9.36612,105.643,860.407,7.95353,106.681,0,0,0
001274:912.425,-2.80737,156.33,912.015,-5.76773,159.383,914.461,-2.70485,158.938,912.108,-14.8964,157.155,918.42,-7.86151,157.209,911.957,-20.13,141.616,922.943,-14.7764,141.19,897.317,-5.81214,122.084,904.745,-7.49068,123.516,881.089,21.7008,117.227,858.116,20.1441,117.437,929.748,-27.6602,90.1855,939.896,-23.7407,91.15,911.897,-19.0955,51.8377,930.215,-19.5105,52.3419,897.173,-26.2275,13.6691,929.826,-27.6868,16.1185,877.531,6.83557,109.624,884.956,8.8917,107.746,874.874,8.21848,104.703,867.819,6.8411,105.838,0,0,0
001275:913.955,-2.84297,155.988,913.158,-5.68582,159.022,916.583,-2.81035,158.589,911.709,-14.5914,156.77,920.773,-8.15657,156.872,908.212,-19.4276,141.445,925.939,-15.5415,141.007,890.892,-4.72312,122.02,907.303,-8.32882,123.451,877.931,22.2664,117.025,858.134,20.1661,117.596,926.838,-27.6575,90.3459,941.336,-24.7072,91.1613,908.049,-18.4804,52.0398,932.061,-20.1066,52.1783,895.634,-25.9429,13.5534,934.21,-28.4738,15.5,881.833,6.13482,110.765,890.984,7.88569,108.668,880.286,7.09103,105.901,871.661,6.04616,107.214,0,0,0
001276:911.922,-2.7947,156.032,910.935,-5.63172,159.03,914.246,-2.81632,158.636,909.815,-14.6013,156.747,918.899,-8.35441,156.884,907.618,-19.3781,141.353,925.048,-15.7871,141.033,891.708,-4.46307,121.979,906.3,-8.17997,123.65,878.122,22.6543,117.164,855.096,21.096,117.933,928.661,-27.4926,89.8723,942.186,-24.5743,90.8263,910.163,-18.5798,51.5906,928.905,-19.5724,52.2112,900.991,-26.417,12.9246,928.286,-27.3809,16.0463,884.99,5.68957,110.711,894.563,7.17583,108.417,884.64,6.1313,105.725,875.421,5.38961,107.182,0,0,0
001277:914.074,-3.14061,156.623,913.933,-6.10981,159.489,916.611,-3.10473,159.449,915.969,-15.5893,157.479,923.114,-8.72254,157.68,912.457,-20.4354,142.041,926.489,-15.7443,141.489,896.318,-5.96311,121.734,904.12,-8.31875,122.896,875.517,22.1512,117.278,854.282,19.3378,117.29,928.517,-27.8942,90.493,937.172,-23.7925,91.5517,911.985,-19.286,51.7417,930.287,-19.6997,52.5239,902.175,-26.8544,13.024,934.839,-28.2454,15.4628,835.635,12.4873,113.433,838.154,15.2554,111.99,815.27,16.5005,109.33,817.467,13.8028,109.59,0,0,0
001278:910.053,-2.92827,155.938,909.27,-5.8259,158.975,913.144,-2.84729,158.526,909.738,-14.7099,156.711,920.014,-7.98041,156.815,908.973,-19.5268,141.392,928.201,-15.0217,140.889,893.107,-4.73414,122.181,910.627,-7.59899,123.372,879.491,22.6801,117.629,857.481,20.3468,117.927,927.997,-27.4677,90.2981,943.061,-24.1477,90.983,907.889,-18.6017,52.032,929.754,-19.9226,52.2103,898.135,-25.9725,13.2686,930.93,-28.4214,15.5935,877.847,7.05199,110.415,885.885,8.99126,108.31,874.19,8.14461,105.411,866.622,6.91076,106.802,0,0,0
001279:912.414,-2.6501,155.839,911.809,-5.53887,158.901,914.596,-2.60387,158.478,911.079,-14.6166,156.797,918.798,-8.00928,156.861,909.29,-19.6729,141.472,923.018,-15.3242,141.111,893.096,-4.99238,121.987,901.888,-8.1255,123.689,878.369,22.3316,116.946,849.485,19.9197,118.026,928.221,-27.5617,90.1808,939.597,-24.2164,91.1719,911.936,-18.7459,51.7219,927.979,-19.6074,52.4987,903.419,-26.2077,12.8011,927.943,-27.6301,16.2237,875.242,6.94835,109.936,883.244,8.97994,107.769,872.288,8.06508,104.715,864.592,6.7805,106.114,0,0,0
001280:910.542,-2.82826,156.09,910.189,-5.75172,158.925,912.426,-2.70159,158.925,912.819,-15.2213,157.014,919.045,-8.2275,157.176,911.043,-20.0156,141.754,921.526,-15.097,141.22,900.099,-5.67774,121.723,897.592,-7.58211,123.036,881.373,22.6804,117.631,850.157,19.3139,117.775,927.009,-27.4794,90.5084,933.646,-23.2633,91.5938,911.319,-19.0331,51.7658,926.96,-19.4171,52.7033,904.009,-26.8626,12.7548,932.337,-28.1935,15.5077,851.86,10.4191,110.975,855.5,13.0012,108.565,836.24,13.1715,105.653,837.613,10.6548,106.856,0,0,0
001281:911.177,-3.02882,156.08,910.847,-5.91175,158.916,913.427,-2.9139,158.913,913.986,-15.3125,157.058,921.153,-8.59601,157.238,912.652,-20.0763,141.791,925.196,-15.6827,141.282,900.545,-5.25448,121.53,903.8,-7.96344,122.897,880.92,23.332,117.128,856.857,20.0429,117.489,927.957,-27.9202,90.4148,935.952,-24.1297,91.5164,910.433,-18.9222,51.7141,929.732,-20.1777,52.3786,901.371,-26.2216,12.7757,936.661,-29.0271,14.8974,840.867,12.4325,111.136,841.377,15.2682,109.066,819.8,15.7975,106.149,824.211,13.0762,107.013,0,0,0
001282:912.7,-3.09334,155.508,912.261,-6.03755,158.401,914.015,-2.8792,158.382,913.929,-15.4503,156.674,919.332,-8.19276,156.811,912.571,-20.3192,141.648,920.31,-14.6739,141.103,899.695,-5.69245,121.806,897.588,-7.12417,122.927,880.224,23.1111,117.778,850.655,19.607,117.65,928.839,-27.6367,90.5348,933.438,-22.8536,91.7125,914.005,-19.5713,51.6719,925.357,-18.728,52.8888,905.232,-27.508,12.5853,928.355,-27.0387,15.8451,828.767,14.1754,111.124,828.569,17.2459,109.185,804.997,17.7362,106.186,809.668,14.8125,106.98,0,0,0
001283:911.975,-3.06496,155.725,911.24,-6.00321,158.559,913.744,-2.94417,158.581,912.872,-15.5038,156.787,920.862,-8.60264,156.953,910.261,-20.3379,141.641,924.834,-15.4285,141.061,896.022,-5.81878,121.965,901.28,-7.59044,122.845,876.287,22.7471,118.153,850.142,20.0147,117.629,929.357,-27.646,90.2701,938.995,-23.4754,91.2819,909.265,-18.9288,51.8931,930.131,-19.4299,52.4489,900.877,-26.645,13.0555,936.948,-28.3621,15.1083,835.02,13.5081,110.736,835.906,16.6078,108.885,813.445,17.3253,105.771,817.316,14.3164,106.435,0,0,0
001284:912.311,-3.0868,155.731,911.672,-6.06,158.624,913.971,-2.92504,158.606,912.7,-15.5443,156.909,920.659,-8.42832,157.037,909.904,-20.4257,141.784,923.021,-15.2096,141.049,893.856,-5.84493,122.285,897.553,-7.78511,122.656,875.525,22.8233,118.635,844.951,19.0592,117.391,927.964,-27.7047,90.164,936.828,-23.3519,91.1075,910.579,-19.1902,51.5592,930.742,-19.5978,52.0637,899.405,-26.575,12.9694,935.906,-28.5238,14.8759,823.258,15.2729,111.148,825.017,18.7004,109.702,801.459,19.7794,106.492,804.125,16.4752,106.845,0,0,0
001285:908.676,-2.78668,155.45,907.984,-5.76069,158.353,910.229,-2.59141,158.312,909.762,-15.2635,156.74,917.099,-7.96513,156.83,909.004,-20.3286,141.71,921.202,-14.5258,140.999,897.077,-6.07171,122.017,899.341,-7.07545,122.611,877.798,22.8964,118.279,851.345,19.347,117.235,928.941,-27.5256,90.2577,937.633,-22.8685,91.1794,909.315,-19.1003,51.8951,930.977,-19.4343,52.2392,900.164,-26.417,13.2187,939.462,-28.7189,14.7464,833.879,14.0627,110.531,836.836,17.3381,108.704,814.518,18.0489,105.488,816.271,14.8972,106.207,0,0,0
001286:910.366,-3.05592,155.191,909.562,-6.00475,158.131,912.244,-2.92013,158.09,910.483,-15.4884,156.645,918.97,-8.47227,156.754,908.12,-20.4414,141.696,922.768,-15.2759,140.997,894.763,-5.84297,121.975,901.054,-7.93876,122.423,877.513,23.1488,118.076,852.081,18.9846,116.87,927.101,-27.6383,90.1356,936.583,-23.3394,91.1235,908.987,-18.8945,51.682,928.616,-19.4693,52.27,901.719,-26.1654,12.6628,935.5,-28.4983,14.9699,827.508,15.766,110.63,829.23,19.3025,109.073,804.74,20.2909,105.8,807.718,16.9234,106.254,0,0,0
001287:909.973,-3.08021,155.188,909.2,-6.08308,158.132,911.347,-2.82678,158.105,909.658,-15.5527,156.679,917.518,-8.16711,156.748,907.084,-20.5885,141.763,922.021,-14.6105,140.908,890.798,-6.06384,122.49,905.717,-7.0549,122.279,874.635,22.9685,118.858,862.743,19.899,116.799,925.895,-27.5654,90.0702,935.814,-22.9071,90.9242,908.015,-19.0896,51.6443,931.078,-19.6739,51.7996,898.818,-26.33,12.8849,939.902,-29.2687,14.2999,813.458,17.997,110.349,814.208,21.7086,108.977,788.653,22.7117,105.696,792.274,19.2085,106.03,0,0,0
001288:909.365,-3.17178,155.036,908.253,-6.14904,158.002,910.835,-2.874,157.948,908.061,-15.5192,156.577,917.087,-7.98817,156.618,904.816,-20.6755,141.709,921.917,-14.2559,140.759,887.769,-6.72891,122.538,902.617,-6.84636,122.072,871.336,21.9982,118.888,852.987,19.2814,116.45,927.002,-27.7188,90.1005,938.001,-22.7014,90.8665,909.245,-19.3719,51.7255,929.786,-19.1129,52.084,903.212,-26.6077,12.6283,936.035,-28.1661,14.9388,817.891,17.3788,109.877,820.703,21.3866,108.573,795.527,22.6458,105.033,797.117,18.8135,105.328,0,0,0
001289:909.201,-2.96794,154.894,908.538,-6.01078,157.884,910.347,-2.68441,157.838,908.661,-15.5546,156.521,915.405,-7.85069,156.546,905.796,-20.8414,141.576,919.871,-14.0009,140.715,888.37,-6.91981,122.3,907.064,-6.56798,122.024,872.002,21.8262,118.482,870.836,19.7291,116.281,924.643,-27.3359,89.9019,932.716,-21.9683,90.8392,910.872,-19.5164,51.3403,927.59,-18.5143,51.9839,902.873,-27.0904,12.3784,932.827,-27.5038,14.9862,813.527,18.4848,109.525,815.972,22.537,108.531,789.294,23.9154,105.092,790.976,20.0859,105.094,0,0,0
001290:907.721,-3.3387,154.742,906.991,-6.41667,157.758,908.646,-2.99739,157.717,906.975,-15.9703,156.498,913.664,-8.00117,156.498,904.797,-21.2754,141.6,917.679,-13.9476,140.671,887.979,-7.48358,122.582,901.985,-6.67993,121.996,870.583,21.5227,119.267,862.278,18.7171,116.39,925.701,-27.5143,89.6109,933.949,-21.8876,90.4872,909.706,-19.6399,51.2173,928.407,-18.6893,51.6494,900.796,-26.872,12.4459,935.286,-27.9726,14.5249,812.134,18.9994,109.391,816.716,23.2163,108.36,790.946,24.5606,104.775,790.56,20.5648,104.874,0,0,0
001291:905.45,-3.23872,154.788,904.563,-6.29539,157.736,907.036,-2.95242,157.703,905.267,-15.8256,156.242,914.092,-8.03514,156.282,901.922,-21.0302,141.198,921.253,-14.1343,140.283,881.861,-7.33592,122.14,906.204,-6.64867,121.636,863.644,21.0358,118.484,861.878,19.4833,115.998,925.112,-27.4113,89.4562,936.261,-21.9956,90.2354,908.624,-19.5456,51.2934,926.502,-18.4607,51.8345,905.584,-26.9206,12.1121,932.335,-27.2808,15.0477,818.522,18.5157,108.39,823.812,22.9044,107.399,799.829,24.5552,103.498,798.642,20.3567,103.544,0,0,0
001292:906.091,-3.30145,154.487,904.698,-6.36385,157.542,907.837,-2.97346,157.455,904.233,-15.9126,156.349,914.925,-7.91595,156.321,900.2,-21.4137,141.491,922.836,-14.0181,140.405,878.165,-8.32993,122.367,908.492,-7.32926,121.224,860.467,20.0735,118.605,862.462,17.2641,115.005,925.48,-27.606,89.5753,939.506,-21.9899,90.1816,907.193,-19.4542,51.4609,930.538,-18.7254,51.5741,902.512,-26.4798,12.3738,936.781,-28.0692,14.6313,821.641,18.1451,107.421,827.867,23.0784,106.342,805.213,24.8015,101.99,803.024,20.0433,102.187,0,0,0
001293:905.649,-3.16086,154.273,904.562,-6.26497,157.335,906.572,-2.79613,157.259,903.822,-15.8735,156.189,911.266,-7.66469,156.149,901.489,-21.4887,141.334,916.36,-13.529,140.391,883.71,-8.42529,122.08,903.226,-6.67806,121.485,867.358,20.3281,118.376,866.478,17.7719,115.317,925.513,-27.4505,89.5904,934.463,-21.438,90.4353,910.48,-19.6904,51.2549,927.633,-18.3877,51.8244,903.482,-26.6687,12.2717,931.477,-27.5219,15.1124,821.677,18.6909,107.509,830.042,23.7163,106.638,806.915,25.5598,102.29,802.719,20.7461,102.302,0,0,0
001294:904.36,-3.41339,154.305,903.194,-6.49753,157.386,905.913,-3.01973,157.294,903.191,-15.9906,156.254,912.676,-7.74739,156.182,900.751,-21.4651,141.35,919.94,-13.6396,140.235,881.645,-8.34218,122.202,906.537,-7.45223,120.743,866.046,20.1928,118.645,865.64,15.9925,114.109,924.662,-27.2441,89.5023,936.392,-21.2569,90.1303,908.06,-19.5526,51.4053,928.443,-18.1756,51.649,903.956,-26.6557,12.265,934.169,-27.4102,14.7974,820.849,19.047,106.615,829.624,24.22,105.901,806.178,26.1787,101.541,801.556,21.2167,101.441,0,0,0
001295:904.017,-3.49738,154.134,902.856,-6.64497,157.251,905.484,-3.07247,157.155,902.213,-16.2117,156.096,911.351,-7.65405,155.965,898.45,-21.8468,140.98,916.862,-13.4338,139.717,876.476,-9.23774,121.733,898.412,-7.8948,119.767,857.77,18.7418,118.16,852.942,14.1636,112.537,924.256,-27.1521,88.8869,935.234,-20.6568,89.424,909.495,-20.0219,50.8049,926.016,-17.6844,51.2771,907.981,-27.3384,11.5415,930.458,-26.6942,14.748,818.894,19.4689,106.311,828.189,24.7198,106.442,805.01,27.2754,102.255,799.417,22.2,101.371,0,0,0
001296:904.65,-3.57479,154.123,903.156,-6.65506,157.219,907.143,-3.21926,157.122,902.896,-16.1635,156.015,915.659,-7.95544,155.924,898.086,-21.5844,140.967,923.919,-13.9915,139.696,874.329,-8.88646,121.697,904.332,-8.38237,119.615,857.319,18.7851,117.858,851.529,14.3173,112.163,924.462,-27.0992,88.989,940.177,-21.0728,89.3652,906.422,-19.7466,51.1443,928.488,-17.6578,51.2603,904.512,-27.3547,12.0195,931.645,-26.4517,14.7927,831.52,18.2048,104.791,841.928,23.5564,104.182,820.51,25.7687,99.5858,814.098,20.5639,99.39,0,0,0
001297:902.969,-3.69146,153.953,901.643,-6.78086,157.121,905.235,-3.24084,157.004,901.75,-16.2723,156.127,913.653,-7.86223,155.898,897.684,-21.9338,140.979,922.014,-13.9683,139.464,874.275,-9.3416,121.527,902.225,-9.40011,118.391,857.244,18.2214,117.722,853.898,11.7633,109.67,924.032,-27.2063,88.8104,938.914,-20.9697,89.1035,906.968,-19.68,51.0147,928.866,-17.8762,51.047,906.871,-26.5575,11.6479,933.985,-26.8678,14.3509,825.012,19.5249,104.859,834.785,24.9453,105.341,811.285,27.7611,101.198,805.335,22.5199,100.005,871.473,40.1111,105.689
001298:901.659,-3.74853,153.805,900.09,-6.85481,156.944,904.872,-3.30229,156.756,900.833,-16.317,155.73,915.403,-7.74827,155.517,895.884,-21.9882,140.606,925.442,-13.4645,138.893,871.288,-10.1163,121.669,900.05,-8.29785,117.819,851.719,17.5281,118.65,840.72,13.0528,108.564,924.971,-27.213,88.6866,944.066,-20.769,88.716,903.994,-19.5384,51.2826,932.037,-17.7207,50.8126,903.53,-26.5005,12.2951,936.851,-27.1718,14.2868,845.62,17.4754,102.935,857.15,22.7421,102.514,838.117,25.1238,97.9586,830.552,19.9287,97.657,871.643,40.0908,104.637
001299:901.19,-4.02096,153.891,899.636,-7.11647,157.045,904.963,-3.54778,156.835,900.945,-16.5283,155.799,916.87,-7.91465,155.548,895.968,-22.1828,140.563,928.385,-13.631,138.712,872.008,-10.1156,121.521,904.833,-8.85866,116.944,855.397,17.689,118.442,849.166,12.3654,106.658,922.294,-27.302,88.6447,942.101,-20.6662,88.6365,903.665,-19.8232,51.1553,929.719,-17.0085,50.8465,905.61,-27.0826,11.7761,932.222,-25.916,14.5512,843.358,18.4946,102.473,853.851,23.8036,102.45,834.073,26.4628,98.0297,827.333,21.2458,97.3504,869.01,40.3974,104.048
001300:903.172,-4.1994,153.687,902.043,-7.34909,156.948,905.612,-3.5945,156.736,902.182,-16.8015,155.957,913.035,-7.69719,155.61,898.108,-22.6512,140.616,920.004,-13.1359,138.776,878.515,-10.7235,121.24,901.553,-9.1728,116.346,863.313,17.2633,118.112,866.31,10.3844,104.618,920.327,-27.0839,88.5017,933.361,-19.8031,88.7003,906.601,-20.1849,50.7761,926.614,-16.7098,50.8056,906.507,-27.3187,11.4827,930.085,-25.7035,14.4487,842.322,19.4838,101.975,852.387,25.1417,102.993,828.602,28.2886,98.8658,822.414,22.7777,97.2391,869.093,40.3863,103.353
001301:902.728,-4.44597,153.531,900.882,-7.55967,156.76,906.399,-3.91544,156.553,900.23,-16.9154,155.725,917.17,-8.11958,155.411,892.634,-22.5226,140.545,928.977,-13.6639,138.531,866.692,-10.5912,121.706,910.055,-9.51709,116.086,855.448,16.9133,118.649,861.656,10.6031,104.871,918.99,-26.9569,88.5184,941.024,-20.0961,88.3155,902.615,-19.8594,51.0729,931.927,-16.7669,50.4428,905.604,-27.2953,11.6928,935.253,-25.9068,14.0579,844.954,19.7086,101.223,857.066,25.5156,101.648,834.658,28.5277,97.1041,826.47,22.8268,96.0446,869.176,40.3751,102.658
001302:900.606,-4.31596,153.819,899.084,-7.44272,156.961,905.07,-3.82275,156.764,900.037,-16.8203,155.626,917.573,-8.02983,155.439,892.296,-22.0921,140.268,928.826,-13.2675,138.541,867.765,-9.85338,121.081,902.987,-7.92792,116.555,856.155,18.0596,117.707,844.742,13.8662,105.418,917.37,-26.5602,88.4514,939.69,-19.7866,88.3497,900.932,-19.4591,50.9801,929.755,-16.3309,50.4436,905.688,-27.2709,11.4081,932.867,-25.6292,14.0773,861.252,18.5187,98.6211,876.297,24.0971,97.7896,857.81,26.3496,92.8153,847.099,20.8662,92.9405,866.463,40.6875,102.092
001303:897.275,-4.18947,153.2,895.345,-7.16284,156.441,899.692,-3.46492,156.049,893.652,-16.5833,155.266,909.362,-7.24934,154.969,887.071,-21.8965,140.304,922.168,-12.2003,138.907,869.859,-10.3892,120.637,902.647,-6.87623,117.136,866.065,17.812,115.838,848.479,14.1885,104.798,911.595,-25.9065,88.8933,936.026,-18.9006,88.8724,899.371,-18.9894,51.211,922.019,-14.9931,51.2256,908.372,-27.5842,11.009,922.841,-24.0525,15.3352,985.163,2.83839,77.7125,1010.39,8.27275,69.8111,1045.86,3.37756,59.3535,1013.25,-1.40583,67.4145,0,0,0
001304:897.12,-4.51396,152.873,895.194,-7.51527,156.127,899.766,-3.65881,155.726,894.29,-16.823,155.005,909.887,-7.073,154.692,887.984,-22.135,140.108,923.672,-11.5219,138.655,872.856,-10.979,120.57,906.013,-6.14568,116.857,870.423,17.4598,115.946,854.092,14.1575,104.371,910.585,-25.7478,88.9185,935.068,-18.2678,88.8476,898.699,-19.0213,51.3524,920.943,-14.7924,51.2819,909.042,-27.4016,11.0084,922.329,-24.1045,15.4124,988.449,3.31914,74.8727,1008.51,9.18616,66.6961,1042.1,3.86831,55.8347,1015.08,-1.32741,64.2448,866.802,40.647,99.9933
001305:897.218,-4.56681,152.869,895.454,-7.60216,156.083,900.064,-3.71734,155.719,894.382,-16.9703,154.922,911.019,-7.21994,154.624,886.7,-22.222,139.828,925.69,-11.6727,138.331,870.244,-11.3237,120.451,907.839,-6.12676,116.26,870.709,16.8982,116.061,856.432,14.5244,103.36,907.395,-25.3308,88.4061,934.365,-17.8889,88.1856,896.322,-18.9153,51.1207,923.92,-14.6704,50.5745,906.873,-27.7084,11.0681,926.239,-24.3428,14.8917,981.196,4.97071,73.5307,996.281,11.7093,66.4061,1026.04,7.30647,55.3379,1004.03,1.20897,62.673,869.424,41.0041,99.1813
001306:897.449,-4.91066,152.924,895.911,-7.98958,156.218,900.302,-3.98383,155.853,895.245,-17.3748,155.214,910.14,-7.29551,154.878,887.995,-22.7647,139.962,924.547,-11.7648,138.527,872.116,-11.8875,119.912,915.133,-7.46985,115.77,872.276,16.3147,114.79,876.197,11.1016,101.883,905.657,-25.5412,88.5974,929.803,-17.7403,88.4669,898.574,-19.2241,50.9176,921.405,-14.8166,50.7288,908.015,-27.2937,10.7217,922.581,-24.2882,15.0289,978.206,6.69308,72.6882,991.422,13.8061,65.9556,1016.84,9.7761,55.0678,997.398,3.23915,62.0135,866.801,41.3083,98.6052
001307:896.651,-5.13789,153.055,894.868,-8.29031,156.33,899.797,-4.15083,155.993,894.825,-17.6732,155.211,911.672,-7.22893,154.901,887.455,-22.9267,139.661,930.198,-11.3971,138.227,869.694,-11.9897,119.472,926.746,-7.29497,115.008,873.349,16.522,114.264,886.343,10.7082,100.672,906.092,-25.1529,88.0804,933.889,-16.9819,87.6877,896.849,-19.3462,50.7325,924.411,-14.4721,50.0603,907.795,-27.4956,10.6599,926.787,-24.1331,14.3405,975.237,8.1799,71.1493,988.297,15.7757,64.7392,1010.16,12.0789,53.7663,991.343,5.07567,60.443,869.675,40.9706,97.0946
001308:897.171,-5.42446,153.048,895.36,-8.60279,156.458,899.971,-4.28673,156.041,895.082,-17.956,155.57,911.531,-7.00956,155.083,888.118,-23.6184,139.903,932.442,-11.0559,138.085,870.89,-13.6014,119.603,941.487,-8.43921,113.036,878.758,14.5627,114.215,912.683,7.41084,95.6476,905.668,-25.2309,88.118,933.983,-16.3793,87.4932,895.284,-19.5434,50.9067,925.295,-14.1042,49.9651,904.06,-26.9004,11.0901,928.269,-23.5644,14.116,973.312,9.48481,69.2514,985.679,18.1382,63.719,1002.37,15.4037,52.4197,985.22,7.25705,58.2735,867.047,41.2729,96.1841
001309:895.87,-5.77131,152.811,893.91,-8.89947,156.208,898.949,-4.57172,155.8,894.033,-18.1039,155.323,911.273,-7.19367,154.822,887.79,-23.7896,139.625,933.236,-11.118,137.745,871.74,-14.0012,119.296,943.469,-8.46662,112.314,881.174,13.8556,113.643,916.279,7.55397,93.96,905.262,-25.4065,88.018,933.752,-16.4824,87.3765,896.867,-19.7486,50.8645,924.942,-14.1105,50.0559,906.318,-26.9995,11.1047,924.634,-23.3078,14.7728,970.467,10.6141,68.0231,981.22,19.5894,62.8191,997.421,17.2725,51.3432,981.891,8.783,56.8869,869.666,41.6291,95.0251
001310:892.973,-5.89179,153.127,891.279,-9.03623,156.556,895.658,-4.50508,156.169,892.932,-18.2737,155.794,908.385,-6.80383,155.225,891.03,-24.4788,139.899,931.595,-10.4441,137.987,881.19,-15.2556,118.801,946.045,-8.01473,111.891,891.546,13.1298,112.332,924.739,7.2878,92.2913,908.398,-26.2242,87.8061,934.255,-16.5303,87.2454,898.426,-20.3971,50.6304,925.58,-14.2833,49.8233,904.727,-26.9814,11.0373,924.681,-23.5336,14.6215,971.352,11.735,66.7015,982.456,21.1685,61.5138,996.906,19.0232,49.8627,981.454,10.0863,55.4338,869.841,41.6109,94.3119
001311:892.026,-6.21619,153.103,890.644,-9.35394,156.528,894.642,-4.68562,156.132,892.828,-18.3505,155.72,907.05,-6.55305,155.127,891.833,-24.4737,139.763,929.214,-9.7106,137.904,884.529,-15.457,118.278,945.127,-7.19447,111.559,898.154,12.5201,111.096,927.171,7.61241,91.2183,906.679,-26.0333,88.1017,930.528,-15.9938,87.5363,898.418,-20.4578,50.9287,923.956,-14.3141,50.1007,905.619,-26.5,11.2666,924.816,-23.5489,14.6778,969.896,12.9989,65.5948,981.233,22.9489,60.5102,993.832,21.0598,48.6292,978.583,11.6067,54.1548,870.005,41.5865,92.5806
001312:893.519,-6.28622,153.248,891.501,-9.40515,156.745,896.063,-4.75071,156.346,892.301,-18.5078,156.11,909.501,-6.9048,155.43,889.677,-24.8427,139.94,935.284,-10.4976,137.937,882.334,-16.3702,118.117,955.751,-8.60207,110.619,904.621,10.6275,110.067,936.426,6.3416,88.7086,907.057,-26.1831,87.7117,936.175,-16.3783,86.894,895.852,-20.4114,50.8611,928.077,-14.5879,49.5495,903.416,-26.2953,11.3869,927.937,-23.72,14.2803,968.954,14.2826,63.8853,976.968,24.6446,59.5027,984.928,23.2798,47.7323,973.453,13.4393,52.5264,870.086,41.5733,91.5452
001313:891.804,-6.23829,153.121,890.075,-9.35213,156.575,894.449,-4.70214,156.176,891.375,-18.3383,155.787,907.23,-6.744,155.15,888.886,-24.6028,139.529,930.434,-10.0698,137.707,878.964,-15.8004,117.641,943.851,-7.45173,110.888,893.658,11.2932,109.617,917.001,8.223,89.7556,907.604,-26.1899,87.5645,934.804,-16.2589,86.9089,896.496,-20.4844,50.7866,926.569,-14.1247,49.643,902.725,-26.6072,11.4372,927.266,-23.0795,14.3573,966.637,16.2641,63.116,977.142,26.6483,58.5023,986.737,25.4966,46.5701,972.54,15.6336,51.6193,870.166,41.5601,90.5096
001314:889.791,-6.46023,153.438,888.453,-9.60026,156.83,892.935,-4.90697,156.474,890.99,-18.5461,155.942,907.08,-6.82427,155.394,889.244,-24.7404,139.54,929.986,-9.74729,138.026,876.269,-15.4164,117.477,936.204,-5.93327,112.147,884.709,12.3928,109.482,899.676,10.6628,92.8119,908.86,-26.4659,87.4967,936.256,-16.362,86.9446,895.989,-20.7068,50.8237,926.728,-14.2738,49.5899,900.556,-26.6406,11.635,927.225,-23.3076,14.3904,961.346,18.0359,62.1852,972.385,28.4902,56.9052,982.196,27.0279,44.7292,967.095,17.1823,50.4855,867.542,42.5265,88.9019
001315:886.928,-6.42272,153.752,885.372,-9.48685,156.92,891.615,-5.00184,156.861,891.665,-18.9319,156.147,908.694,-7.20919,155.615,888.88,-24.9797,139.77,932.029,-10.0878,138.296,877.409,-15.7038,117.144,931.66,-5.10916,113.22,881.857,12.9962,109.702,892.433,11.937,96.1514,906.975,-26.627,88.0032,933.034,-16.2462,87.5538,893.673,-20.4223,50.9983,924.859,-14.266,49.8808,903.714,-26.6591,10.8427,929.388,-23.9819,13.6482,953.839,20.1153,62.3488,965.498,30.8664,56.1271,974.045,29.6359,43.7012,963.972,18.8243,49.7325,870.422,42.1913,87.3687
001316:887.909,-6.71673,153.855,886.1,-9.79547,157.048,891.726,-5.19071,156.969,891.034,-19.1244,156.299,906.961,-7.15258,155.712,889.293,-25.3187,139.809,929.801,-9.81152,138.342,877.632,-16.396,117.273,932.583,-4.96084,113.27,881.644,12.1615,109.983,896.381,11.234,96.1768,910.577,-26.8434,87.7733,935.083,-16.113,87.3276,896.599,-20.7797,50.8204,925.551,-14.5892,49.7685,902.696,-26.3931,11.1803,926.848,-24.229,13.9872,949.539,21.7527,61.2726,961.956,32.9747,55.012,969.972,31.9266,42.2137,959.116,20.6589,48.3789,867.966,41.8096,86.8145
001317:888.279,-6.81511,153.899,886.515,-9.92679,157.064,891.897,-5.25353,157.016,891.281,-19.2652,156.22,906.572,-7.15979,155.672,888.131,-25.351,139.496,928.449,-9.66961,138.224,870.834,-15.9808,116.644,931.493,-4.77469,113.063,869.024,12.7273,109.018,894.223,11.3393,95.9515,909.927,-26.6991,87.3579,934.255,-15.8038,86.9828,895.672,-20.7948,50.6203,924.861,-14.3793,49.5397,901.504,-26.3497,11.2402,928.894,-24.1876,13.6792,943.774,23.5887,60.069,956.122,35.0587,53.7888,963.909,34.1541,40.7596,952.527,22.7055,47.0246,865.437,42.1025,85.9088
001318:889.8,-7.37392,153.921,887.91,-10.5153,157.147,892.697,-5.64263,157.079,891.273,-19.6511,156.347,905.085,-7.07991,155.771,887.66,-25.8647,139.523,925.51,-8.98001,138.268,869.889,-16.9441,116.413,930.629,-3.98029,112.665,869.007,11.4298,108.343,898.956,11.2975,94.6084,909.816,-26.7664,87.3916,932.541,-15.2716,87.008,898.33,-21.0474,50.3833,925.295,-14.5789,49.3493,902.87,-25.8862,11.0059,927.237,-24.5233,13.588,937.843,26.0435,59.4517,946.922,37.945,53.5647,952.964,37.2972,40.4381,944.769,25.4559,46.352,865.522,42.0914,85.2148
001319:891.43,-7.36065,154.083,889.371,-10.5153,157.34,894.202,-5.6332,157.28,891.326,-19.6619,156.701,906.067,-7.10254,156.095,887.044,-26.0245,139.88,926.41,-8.96917,138.771,869.544,-17.4834,116.619,933.85,-3.98758,113.453,873.531,10.3733,108.124,905.215,10.9677,95.6729,909.436,-26.6053,87.7568,933.195,-14.9643,87.382,898.659,-21.2104,50.7172,926.579,-14.3599,49.6315,902.279,-26.1845,11.4351,926.35,-24.063,14.066,935.312,28.0151,58.831,946.516,40.371,52.6727,952.964,39.9456,39.0455,942.708,27.6513,45.2835,0,0,0
001320:890.324,-7.40072,154.341,888.346,-10.5985,157.635,892.888,-5.60694,157.545,890.479,-19.7691,156.986,904.578,-6.91005,156.347,885.549,-26.2989,139.955,925.459,-8.52588,138.85,864.295,-17.8391,116.438,934.513,-3.45753,113.099,864.242,9.83903,107.558,907.948,11.3419,94.5565,908.483,-26.601,87.5686,932.332,-14.4788,87.1428,898.326,-21.6133,50.5874,926.738,-14.1381,49.4059,901.553,-26.1218,11.5268,928.464,-23.6348,13.6416,930.467,30.0584,58.2704,938.725,42.8769,52.754,943.229,42.9612,38.9767,935.496,30.2906,44.6203,0,0,0
001321:887.663,-7.57226,154.635,885.741,-10.7805,157.917,890.187,-5.7368,157.841,888.268,-19.8366,157.272,901.807,-6.92297,156.672,884.162,-26.2937,140.127,923.636,-8.35117,139.214,862.759,-17.6476,116.293,932.925,-3.03396,113.596,859.643,9.84749,107.048,909.054,11.946,94.9928,909.17,-26.543,87.6496,933.401,-14.3758,87.2206,897.883,-21.6942,50.7761,929.543,-14.5473,49.2752,899.883,-25.8104,12.0017,934.395,-24.2736,13.1104,922.194,32.6271,58.3153,928.258,45.7478,53.1474,931.683,46.2195,39.2728,926.149,33.3141,44.5993,866.284,42.6513,77.579
001322:887.71,-7.60688,154.737,886.122,-10.819,158.045,890.202,-5.7596,157.977,888.822,-19.886,157.493,901.445,-6.88394,156.872,885.21,-26.5878,140.323,922.038,-8.31062,139.522,867.09,-18.4819,116.09,931.489,-3.05262,114.099,863.582,8.42809,106.303,915.726,11.5444,95.3525,905.908,-26.6627,88.1012,928.611,-14.3218,87.7641,895.747,-21.8285,51.2074,927.668,-14.4402,49.7159,897.821,-26.0473,12.3538,935.282,-24.1337,13.2842,917.345,34.6587,58.7751,920.849,48.2279,54.077,922.271,49.1754,40.1147,919.605,35.8153,44.9608,868.9,43.0098,76.3837
001323:887.397,-7.78754,154.787,885.698,-11.0186,158.124,889.357,-5.87994,158.057,888.284,-20.0436,157.635,899.318,-6.76567,156.972,886.079,-27.0065,140.442,919.317,-7.88139,139.694,868.502,-19.7021,116.353,929.773,-2.62105,114.542,862.004,6.76376,106.793,917.321,11.0936,95.9127,907.874,-26.7108,88.1874,928.639,-13.8599,87.9077,898.757,-22.0753,51.1939,929.195,-14.2389,49.7945,898.12,-26.2813,12.5837,935.455,-24.0437,13.5234,909.137,36.0118,59.8708,910.454,49.8117,55.61,911.315,51.08,41.6087,910.75,37.448,46.0499,866.281,43.3095,75.8551
001324:887.317,-8.16766,154.923,885.687,-11.4302,158.258,888.966,-6.18671,158.216,887.524,-20.2752,157.708,897.74,-6.73194,157.095,884.686,-27.1254,140.439,916.978,-7.42465,139.872,867.23,-19.9478,115.911,927.388,-1.85737,114.901,859.588,5.96267,105.487,916.302,11.8007,96.309,907,-26.7245,88.2786,927.501,-13.6288,87.9927,898.715,-22.1974,51.2233,930.575,-14.5367,49.6231,897.66,-26.1973,12.6868,938.661,-24.685,13.1047,901.275,38.0426,61.1598,902.08,52.145,57.2439,901.141,53.8138,43.331,901.237,39.913,47.4532,866.541,43.2782,74.108
001325:886.357,-8.26055,155.079,884.632,-11.5558,158.42,887.874,-6.25659,158.392,886.12,-20.3289,157.836,896.365,-6.61253,157.223,883.059,-27.2287,140.513,914.729,-7.03395,140.099,864.974,-20.5608,115.964,924.411,-1.39932,115.664,857.709,4.64478,105.247,909.514,11.5516,97.8945,905.634,-26.51,88.4757,925.656,-13.0961,88.2277,898.119,-22.1855,51.396,928.464,-14.1824,49.9059,899.917,-26.1503,12.5842,938.919,-24.2781,13.1118,893.708,39.1504,62.8524,895.419,53.5192,59.2293,894.36,55.5765,45.2376,893.422,41.3981,49.1364,866.613,43.2592,72.0603
001326:885.6,-8.46565,155.308,884.189,-11.825,158.632,887,-6.43768,158.636,886.156,-20.5621,157.965,895.335,-6.60303,157.412,884.103,-27.4821,140.477,911.153,-6.59609,140.293,865.667,-20.7642,115.65,916.768,-0.563861,116.235,852.912,4.8703,104.709,895.208,12.3336,99.1019,905.329,-26.5479,88.4609,922.666,-12.7255,88.4066,899.051,-22.3666,51.3594,925.859,-13.9471,50.1561,900.688,-26.4586,12.6201,937.563,-24.5237,13.3686,884.954,40.2196,64.8617,888.055,54.7859,61.6828,886.175,57.3981,47.8137,883.678,43.0278,51.3056,866.702,43.25,71.7031
001327:886.674,-8.6095,155.531,885.418,-12.0469,158.891,887.72,-6.52811,158.904,886.62,-20.7581,158.229,894.797,-6.42662,157.659,884.793,-27.9745,140.656,908.525,-5.96841,140.543,868.246,-22.2836,115.758,912.491,0.300015,116.964,858.533,2.72574,104.488,892.333,12.3851,100.234,905.116,-26.6271,88.7307,920.635,-12.1697,88.7036,899.944,-22.7614,51.4402,925.326,-13.8076,50.3,899.287,-26.6083,12.8345,934.947,-24.2838,13.5308,879.601,41.0528,67.3921,881.509,55.8025,65.0408,877.658,59.0071,51.4281,876.491,44.427,54.0855,872.043,43.9656,69.6037
001328:884.574,-8.56081,155.633,883.428,-12.0555,158.989,885.93,-6.52226,159.03,885.31,-20.8429,158.316,893.743,-6.40474,157.772,883.783,-28.2031,140.617,908.04,-5.81825,140.633,868.083,-22.9343,115.487,911.046,0.537609,117.459,858.254,1.64953,103.553,886.782,12.2616,101.411,904.045,-26.5712,88.5222,919.608,-11.7923,88.5195,899.078,-23.0538,51.3685,923.468,-13.4288,50.3147,902.065,-26.9315,12.6517,935.387,-23.6332,13.4557,873.381,41.5136,70.0655,873.656,56.296,68.6738,868.038,60.1305,55.3711,868.445,45.538,57.0848,866.867,43.8842,68.2501
001329:885.436,-8.57111,155.602,884.403,-12.1216,159.008,886.273,-6.54086,159.08,885.318,-20.9807,158.464,892.661,-6.37707,157.92,883.456,-28.5556,140.854,904.486,-5.626,141.022,866.956,-24.0055,115.778,905.34,0.834506,118.529,854.725,0.123431,103.815,880.763,11.9851,103.303,904.045,-26.5924,88.9844,918.26,-11.5857,89.0679,900.32,-22.9907,51.6197,926.038,-13.5267,50.5002,901.439,-26.8089,12.8442,940.578,-24.142,13.0822,865.572,41.3572,74.0503,865.566,56.0789,73.4715,858.412,60.3972,60.6137,859.009,45.8248,61.5406,861.926,43.137,69.2591
001330:884.768,-8.60898,155.74,883.897,-12.1764,159.167,885.402,-6.54521,159.221,884.767,-20.9393,158.576,891.429,-6.1945,158.047,883.591,-28.6981,140.941,902.382,-5.29927,141.081,866.409,-24.9047,115.971,901.777,1.16189,118.88,849.361,-1.30866,103.954,876.337,11.5988,104.176,905.126,-26.8415,88.9815,918.146,-11.6233,89.06,901.133,-23.1136,51.5484,926.871,-13.6566,50.3922,900.931,-26.6542,12.8672,943.39,-24.299,12.6999,857.683,40.5307,77.4884,857.144,55.1696,77.7619,848.316,60.0472,65.3851,849.361,45.5299,65.4862,845.803,44.3645,75.409
001331:883.189,-8.36713,155.867,882.486,-11.9509,159.34,883.776,-6.35678,159.407,884.147,-20.8708,158.895,890.095,-6.11641,158.333,884.15,-29.0097,141.32,901.423,-5.44884,141.536,868.824,-26.2859,116.262,901.699,0.708618,119.77,851.857,-3.45638,103.848,877.612,10.3932,105.841,904.586,-26.9591,89.3768,916.673,-11.6997,89.5415,900.627,-22.8475,51.9929,926.84,-13.6357,50.8891,900.574,-26.3244,13.2732,944.973,-24.4682,13.1359,854.063,39.7415,81.7437,851.676,54.3356,83.0597,841.777,59.8452,71.0762,844.668,45.3565,70.1677,840.335,44.3444,77.4838
001332:884.633,-8.53234,156.026,883.927,-12.1462,159.501,884.8,-6.54739,159.61,884.479,-21.0865,159.033,889.574,-6.29988,158.507,883.247,-29.2351,141.453,899.149,-5.72831,141.797,867.955,-27.1549,116.299,900.155,0.0902544,120.443,854.806,-5.12138,103.167,879.535,9.0283,107.155,901.686,-26.9151,89.6669,912.762,-11.7675,89.915,900.883,-22.6219,52.1188,927.005,-13.8398,51.0764,900.309,-26.4221,13.4487,944.904,-25.1745,13.5109,849.617,38.354,85.3173,844.975,52.8234,87.4148,834.743,58.7232,75.7654,839.594,44.3516,74.1322,829.966,44.908,79.4863
001333:882.21,-8.48992,156.095,881.519,-12.1367,159.589,882.56,-6.53655,159.715,883.031,-21.1547,159.181,888.535,-6.34558,158.7,882.114,-29.4663,141.603,899.109,-5.64699,142.073,867.498,-27.8348,116.406,896.645,0.327401,121.408,855.54,-5.97874,102.97,868.459,8.79698,109.557,902.121,-27.0062,89.6859,914.01,-11.6731,89.9426,900.009,-22.7771,52.1817,927.728,-13.7389,51.0097,901.165,-26.5443,13.3305,947.799,-25.029,13.0948,843.642,36.6847,89.7711,837.887,50.4043,92.6333,828.342,56.6371,81.7765,834.354,43.0063,79.3567,827.264,45.8736,80.6279
001334:881.702,-8.70718,156.303,881.097,-12.3451,159.797,882.482,-6.80191,159.915,883.537,-21.325,159.326,890.015,-6.68748,158.917,882.929,-29.7161,141.771,902.086,-6.02132,142.281,866.783,-28.472,116.423,899.61,0.00376128,121.981,856.155,-7.56388,102.148,865.785,8.41568,111.33,903.212,-27.4436,89.8326,916.186,-12.2477,90.057,900.51,-23.0143,52.2758,928.42,-14.128,51.0991,901.807,-26.7275,13.4049,946.726,-25.2004,13.3221,836.809,34.3424,95.1139,832.318,47.1316,98.7738,822.32,53.8672,89.0559,826.953,41.1388,85.8284,811.661,47.0667,87.1902
001504:231.675,75.7065,-0.577079
