001711:1236.56,-47.5651,160.674,1235.68,-51.3528,163.579,1237.9,-45.6381,164.067,1239.44,-59.268,160.432,1248.29,-45.7764,160.649,1238.76,-68.0751,141.275,1259.41,-43.3343,141.165,1220.33,-76.3745,118.869,1266.17,-34.2928,120.632,1210.57,-71.9558,105.207,1256.87,-17.803,115.934,1243.93,-62.1421,90.0383,1257.65,-45.4097,90.6519,1231.72,-59.5315,53.2048,1256.74,-40.8395,53.2989,1233.33,-69.9329,15.3299,1271.95,-46.1535,16.8325,1244.38,17.5926,145.863,1248.29,18.1714,160.421,1245.41,34.1227,165.087,1239.72,33.3646,149.947,0,0,0
001712:1238.26,-47.3871,159.954,1237.48,-51.1602,162.817,1240.24,-45.4352,163.348,1241.96,-58.9397,159.543,1251.68,-45.458,159.816,1239.49,-67.4792,140.334,1264.22,-42.9844,140.207,1208.89,-75.0603,118.339,1274.14,-34.1951,119.207,1184.34,-70.0007,105.583,1261.23,-17.8813,113.84,1247.11,-61.6426,89.6188,1262.69,-45.0587,90.1407,1233.61,-58.669,52.9532,1258.17,-40.3729,53.1607,1234.21,-69.0251,15.1989,1270.42,-46.0115,16.8918,1245.59,19.0867,143.609,1248.51,20.287,158.244,1245.37,36.6421,162.432,1240.29,35.2265,147.259,0,0,0
001713:1238.27,-47.2167,159.588,1237.12,-50.9213,162.437,1240.02,-45.1765,162.972,1240.67,-58.4587,159.188,1250.62,-44.9273,159.443,1239.79,-67.1909,139.933,1261.59,-42.1372,139.865,1215.81,-76.4992,118.267,1267.2,-32.9817,119.181,1192.86,-73.1685,105.577,1252.24,-17.0407,113.56,1248.93,-61.1797,89.2484,1264.03,-44.4167,89.7887,1232.16,-57.9152,52.7785,1258.22,-39.7602,52.8909,1234.18,-68.3223,14.8256,1274.13,-45.8374,16.255,1246.41,20.5372,141.815,1251.41,22.1398,156.296,1248.37,38.64,160.219,1241.33,36.7899,145.261,0,0,0
001714:1237.82,-46.4139,159.286,1236.43,-50.1043,162.131,1238.95,-44.3565,162.67,1239.26,-57.6613,158.869,1249.61,-44.4569,159.116,1238.99,-66.4545,139.577,1262.81,-42.2514,139.452,1220.19,-76.3163,117.928,1274.37,-33.3977,118.494,1213.02,-74.6875,104.456,1264.43,-16.7015,112.181,1247.95,-60.5544,88.6265,1264.32,-44.2812,89.1947,1232.53,-57.0962,52.1169,1261.14,-39.3513,52.184,1233.39,-67.7768,14.3501,1274.29,-45.1113,15.9299,1245.99,22.205,140.428,1248.67,24.1836,154.932,1244.98,40.8292,158.502,1239.85,38.6657,143.613,0,0,0
001715:1239.83,-46.0263,158.514,1238.78,-49.7336,161.307,1241.88,-44.0201,161.902,1242.98,-57.3484,158.155,1253.31,-44.1596,158.367,1242.77,-66.1609,139.135,1264.04,-41.8903,138.968,1217.12,-75.7823,118.301,1270.9,-33.1777,118.166,1189.55,-72.9751,106.664,1256.23,-16.7083,111.606,1249.38,-59.7976,88.5695,1264.02,-43.5143,89.2561,1233.63,-56.3605,52.0755,1260.74,-38.5471,52.3687,1228.78,-66.5833,14.7732,1273.09,-44.0351,16.0698,1244.95,23.2244,138.734,1251.99,25.7891,153.219,1247.8,42.6354,156.265,1238.79,39.8158,141.46,0,0,0
001716:1240.68,-45.6832,157.83,1239.65,-49.3482,160.68,1242.45,-43.6778,161.208,1243.48,-56.8857,157.599,1252.44,-43.8393,157.81,1242.84,-65.7709,138.665,1261.74,-41.6627,138.512,1215.24,-75.3636,117.999,1268.02,-32.5409,117.889,1188.19,-72.7685,106.187,1255.71,-15.3141,110.943,1250.83,-60.0008,88.121,1264.22,-43.8694,88.9421,1233.58,-55.955,51.8082,1262.02,-38.4078,52.0891,1229.35,-66.1925,14.3669,1278.48,-44.0193,15.5724,1245.88,24.4103,136.696,1253.29,27.1125,150.797,1249.7,43.8791,153.635,1240.4,40.962,139.213,0,0,0
001717:1238.07,-44.7782,157.307,1236.71,-48.478,160.127,1239.93,-42.7541,160.65,1240.92,-56.2207,156.884,1250.89,-43.1322,157.049,1241.29,-65.5973,137.634,1263.65,-41.0502,137.34,1214.79,-76.1708,117.156,1274.47,-31.3674,116.542,1190.19,-74.4199,105.36,1266.81,-13.558,109.261,1251.67,-59.6628,87.0021,1266.11,-43.2419,87.7735,1232.99,-55.4561,51.1547,1259.84,-37.6083,51.5634,1229.07,-65.6069,13.9685,1271.63,-43.4297,15.8129,1249.28,26.4393,135.06,1253.78,28.8894,149.306,1248.8,45.8148,152.367,1242.01,43.1615,137.829,0,0,0
001718:1239.22,-44.6476,156.612,1238.29,-48.3466,159.411,1241.33,-42.5666,159.986,1242.73,-55.8214,156.178,1251.14,-42.6433,156.399,1242.41,-64.7327,137.047,1261.23,-40.2149,136.704,1212.36,-74.9506,117.169,1270.73,-30.6879,115.979,1180.82,-73.0119,106.159,1265.37,-13.2279,108.279,1249.97,-58.4582,86.4803,1262.24,-42.1392,87.2004,1233.47,-54.7617,50.6199,1258.91,-37.0027,51.0141,1225.73,-65.1063,13.9898,1269.85,-43.0785,15.4862,1252.5,27.7912,133.202,1256.34,30.7907,147.407,1249.38,47.816,150.059,1243.71,44.6623,135.649,0,0,0
001719:1241.81,-44.0626,155.635,1241.11,-47.8164,158.467,1243.64,-41.9681,158.962,1245.74,-55.516,155.366,1251.68,-42.0297,155.47,1245.66,-64.9042,136.306,1259.07,-39.259,135.714,1215.8,-75.3244,117.028,1269.43,-29.146,114.942,1172.56,-71.7334,107.677,1270.94,-11.1449,106.588,1249.98,-58.3626,85.8917,1259.78,-41.5795,86.6025,1231.68,-54.5178,50.3855,1259.32,-36.8085,50.57,1221.96,-64.0987,14.0564,1277.27,-43.6693,14.6321,1255.87,29.4207,131.321,1256.17,32.012,145.514,1246.1,48.9589,148.567,1244.56,46.2064,134.184,0,0,0
001720:1237.74,-43.12,154.858,1236.55,-46.8337,157.668,1239.51,-41.0595,158.17,1240.71,-54.5127,154.566,1248.03,-41.4498,154.644,1241.03,-64.0831,135.606,1258.2,-39.1479,134.887,1211.75,-75.2543,116.939,1271.65,-28.9518,114.581,1172.96,-72.8036,107.773,1275.25,-10.4506,106.677,1249.93,-57.8452,85.2562,1262.38,-41.6857,85.8729,1231.01,-53.3778,49.9904,1265.23,-37.2306,49.7925,1218.74,-63.1217,14.0241,1284.01,-45.1723,14.0347,1257.98,30.6147,129.977,1259.6,33.3146,143.874,1249.06,50.1723,146.694,1245.85,47.3226,132.658,0,0,0
001721:1239.41,-43.0988,154.169,1238.53,-46.7264,156.992,1241.35,-40.962,157.471,1243.98,-54.102,153.864,1252.3,-41.1768,153.902,1246.41,-63.5553,134.935,1264.6,-38.9184,134.157,1220.97,-75.3128,116.24,1278.94,-28.9025,113.675,1186.21,-74.8102,106.29,1282.21,-10.4547,105.341,1253.11,-57.6385,84.9142,1266.54,-41.8262,85.3571,1229.11,-52.8103,49.9183,1265.72,-37.5346,49.4385,1218.51,-62.5101,13.9412,1287.49,-45.6823,13.3992,1259.62,31.6517,128.594,1261.24,34.6537,142.321,1251.33,51.6446,144.927,1248.04,48.5295,131.103,0,0,0
001722:1242.26,-42.8328,153.757,1241.21,-46.5062,156.578,1244.29,-40.6344,157.043,1244.51,-53.5893,153.371,1252.42,-40.4615,153.481,1241.3,-62.6798,134.321,1262.04,-37.5021,133.51,1210.18,-74.7683,115.999,1277.83,-26.7244,113.282,1172.01,-75.589,105.642,1287.82,-7.94528,104.442,1246.02,-56.1633,84.4784,1260.88,-40.3234,84.705,1226.9,-51.7805,49.5761,1266.8,-36.9247,48.6878,1216.06,-61.4194,13.9204,1288.28,-45.8651,12.8868,1260.01,33.4782,127.065,1257.82,36.3256,140.38,1246.93,52.9234,143.021,1247.3,50.0062,129.65,0,0,0
001723:1239.03,-42.2173,153.132,1238.44,-45.8959,155.94,1241.72,-40.0648,156.44,1244.46,-52.9494,152.756,1252.59,-39.953,152.976,1245.93,-62.0764,133.743,1263.72,-36.8261,133.01,1218.07,-74.3624,115.689,1273.47,-25.5698,113.344,1175.48,-74.6178,106.025,1274.93,-6.31146,104.927,1251.73,-55.419,84.025,1266.26,-39.8485,84.1668,1225.37,-50.359,49.5581,1269.76,-36.8697,48.3211,1210.03,-60.4021,14.3743,1295.89,-47.6694,12.3143,1257.01,34.6573,126.278,1257.46,37.7605,139.18,1247.24,54.3113,141.499,1245.38,51.0645,128.517,0,0,0
001724:1238.59,-41.908,152.788,1237.96,-45.5788,155.597,1241.92,-39.7956,156.085,1244.12,-52.6653,152.333,1254.67,-39.8347,152.562,1245.29,-61.6838,133.145,1267.97,-36.9014,132.428,1213.43,-73.2756,114.845,1277.08,-25.7859,112.273,1167.01,-73.2857,104.843,1272.24,-6.49358,103.349,1254.25,-55.1674,83.4138,1272.54,-39.8892,83.455,1224.33,-49.5484,49.3679,1274.19,-36.771,47.8571,1209.61,-59.044,14.426,1300.78,-47.5256,11.9454,1261.05,34.8544,124.392,1261.05,38.1297,137.366,1252.71,54.8183,139.488,1250.86,51.3811,126.465,0,0,0
001725:1243.81,-41.7031,151.781,1244.21,-45.2625,154.858,1244.13,-39.7144,154.869,1248.78,-52.2117,152.039,1252.81,-39.8327,152.122,1249.57,-61.7593,133.071,1263.01,-36.5537,131.797,1232.05,-75.3504,115.846,1266.71,-24.4984,112.081,1196.52,-77.5027,105.038,1256.27,-5.08379,103.637,1255.87,-54.8528,82.6086,1270.98,-39.5269,82.6282,1218.8,-48.9511,49.4592,1273.85,-35.9671,47.4534,1212.7,-58.4943,13.9127,1311.43,-47.288,11.4067,1259.54,36.1958,123.253,1263.96,39.6437,135.401,1256.08,56.2564,137.691,1249.4,52.504,125.103,0,0,0
001726:1239.22,-40.3928,151.458,1242.65,-44.4444,154.166,1244.1,-39.1064,154.327,1246.94,-51.8203,150.974,1251.6,-39.5534,151.474,1243.36,-61.1455,132.132,1266.6,-37.2854,130.497,1207.29,-71.9222,114.485,1278.68,-26.0041,111.036,1162.73,-71.7765,105.107,1274.38,-6.52397,102.706,1253.2,-54.6062,81.8546,1273.48,-39.915,81.5651,1214.31,-47.768,49.0543,1283.84,-36.8064,46.2731,1208.87,-57.4323,13.2444,1315.8,-47.9634,10.8292,1268.49,36.4892,121.043,1264.93,40.4243,134.031,1258.88,56.9622,135.706,1268.16,52.1476,122.527,0,0,0
001727:1238.98,-39.9974,151.258,1242.42,-43.9809,153.92,1244.5,-38.658,154.07,1247.13,-51.0688,150.692,1252.92,-38.8877,151.137,1242.89,-60.2055,131.971,1267.81,-36.5599,130.063,1202.08,-71.4277,115.302,1278.13,-25.537,110.573,1154.81,-72.183,106.67,1270.97,-6.51238,102.202,1252.84,-53.7025,81.5816,1274.5,-39.2548,81.1298,1214.16,-46.8188,48.8793,1286.17,-36.5282,45.8831,1203.07,-56.2268,13.7089,1311.16,-47.7227,11.278,1269.56,37.0202,119.62,1266.44,41.3691,132.437,1261.84,58.0366,133.763,1270.81,52.8148,120.76,0,0,0
001728:1237.54,-39.7723,150.635,1241.25,-43.777,153.291,1243.48,-38.4687,153.474,1246.15,-50.8501,149.955,1253.66,-38.7887,150.459,1244.24,-60.0588,130.851,1270.84,-36.6375,129.322,1210.36,-71.7204,113.005,1281.42,-25.8884,109.917,1173.45,-73.6602,102.528,1275.7,-7.38651,101.595,1252.78,-53.1536,80.704,1275.88,-38.9413,80.2801,1211.2,-45.7842,48.4797,1287.34,-36.5203,45.2336,1198.88,-54.7942,13.7428,1315.94,-48.4136,10.5085,1268.09,37.4592,118.384,1267.09,42.2578,131.525,1261.66,59.2265,132.485,1268.8,53.544,119.224,0,0,0
001729:1240.34,-39.6403,150.724,1243.95,-43.5983,153.318,1246.2,-38.2748,153.375,1246,-50.0864,149.905,1253.47,-38.196,150.24,1245.18,-59.6408,131.083,1266.98,-35.6891,128.749,1221.93,-74.4193,115.085,1273.19,-24.1143,109.956,1200.11,-80.7994,105.564,1266.09,-4.85839,102.035,1253.87,-53.0827,80.4717,1276.77,-39.0743,79.6984,1213.24,-45.5779,48.1795,1295.78,-37.9101,44.266,1193.21,-53.5593,14.187,1321.5,-50.1006,9.91423,1266.55,38.685,117.153,1268,43.0106,129.74,1263.27,59.8897,130.99,1267.86,54.5904,118.175,0,0,0
001730:1238.77,-38.821,150.293,1241.95,-42.7701,153.056,1244.12,-37.5099,153.232,1244.34,-49.851,149.833,1252.69,-37.9116,150.374,1245.81,-59.2449,130.655,1268.81,-36.0031,129.427,1224.99,-70.6065,111.334,1275.92,-25.1969,110.009,1208.16,-72.5496,98.8921,1268.43,-5.82631,101.038,1257.45,-53.2684,80.6068,1280.61,-39.3461,80.2012,1213.84,-44.9244,48.3155,1291.44,-36.7458,45.0121,1198.68,-54.0856,13.4965,1318.65,-49.3544,10.2634,1264.72,38.5458,115.965,1264.91,43.7878,128.767,1260.24,60.631,129.168,1266,54.499,116.26,0,0,0
001731:1240.1,-38.5652,150.022,1243.6,-42.5501,152.735,1245.55,-37.2161,152.892,1244.63,-49.426,149.452,1252.01,-37.3048,149.958,1245.17,-58.9475,130.324,1263.49,-34.879,128.868,1226.09,-71.7363,111.808,1264.96,-23.5842,109.8,1211.12,-75.1544,99.9748,1254.74,-4.53235,100.963,1254.83,-52.441,80.3416,1276.56,-38.2847,79.8168,1216.09,-44.4886,48.0813,1295.24,-36.693,44.5638,1198.35,-53.3179,13.7508,1323.37,-49.9749,10.0256,1262.88,39.3157,114.607,1265.69,44.6877,127.201,1260.82,61.6204,127.393,1264.83,55.2567,114.684,0,0,0
001732:1240,-38.1488,149.51,1242.99,-42.0654,152.202,1245.48,-36.7879,152.269,1242.96,-48.6309,149.126,1252.78,-36.9248,149.453,1243.01,-58.3078,130.503,1266.68,-34.9161,128.448,1227.2,-72.9578,113.17,1270.86,-24.1188,109.464,1221.45,-79.6338,101.706,1263.38,-5.49358,100.645,1254.06,-51.9838,80.3657,1277.4,-38.1985,79.7186,1216.13,-44.2819,48.1624,1290.49,-36.2922,44.9665,1201.4,-53.5174,13.6336,1311.95,-48.8313,11.1706,1265.15,39.8995,113.408,1267.97,45.4761,125.647,1262.28,62.134,125.654,1265.65,55.5949,113.375,0,0,0
001733:1238.66,-37.5034,149.643,1241.38,-41.4141,152.395,1245.14,-36.2309,152.442,1244.58,-48.6093,149.302,1257.22,-37.1754,149.672,1241.8,-58.2978,130.437,1274.83,-36.0302,128.759,1199.77,-69.838,112.59,1282.11,-25.7119,109.316,1165.22,-72.1133,101.197,1266.93,-6.43352,100.212,1256,-52.4634,80.2116,1282.81,-39.0129,79.7784,1215.92,-44.0218,48.0491,1287.27,-35.6156,45.3403,1208.86,-54.3305,12.6142,1309.66,-48.461,11.5172,1267,39.9997,112.155,1268.48,46.2926,124.413,1263.36,63.049,123.647,1267.81,55.8391,111.392,0,0,0
001734:1240.65,-37.5075,149.696,1243.13,-41.3323,152.388,1246.06,-36.1491,152.468,1242.14,-47.7629,149.508,1253.87,-36.4514,149.67,1241.18,-57.2515,131.147,1272.07,-35.3224,128.781,1227.71,-72.2239,113.888,1283.96,-26.0408,108.85,1232.79,-80.5935,102.063,1282.89,-8.3792,99.0078,1256,-51.3855,80.7589,1281.5,-38.2016,80.0923,1223.46,-43.955,47.9166,1292.3,-36.0133,45.2442,1210.14,-53.7259,12.9158,1304.71,-47.7652,11.8657,1269.74,40.0522,110.602,1270.45,46.5886,122.605,1264.59,63.1754,121.684,1268.97,55.7359,109.769,0,0,0
001735:1237.28,-36.9818,149.806,1240.26,-40.8579,152.516,1242.63,-35.6289,152.674,1240.32,-47.4129,149.573,1250.19,-35.8454,149.88,1242.85,-56.8021,130.913,1265.08,-34.0752,129.115,1230.92,-70.5953,112.812,1270.38,-23.9466,109.784,1235.53,-77.263,100.21,1261.97,-5.55117,100.073,1257.84,-50.6093,80.7784,1278.86,-37.0319,80.2759,1231,-43.5681,47.6389,1291.73,-35.3943,45.43,1217.11,-53.5516,12.7112,1302.39,-47.7898,12.3205,1264.48,41.0689,109.59,1272.14,47.7569,121.102,1269.84,64.2479,119.739,1267.68,56.5196,108.252,0,0,0
001736:1238.79,-36.7113,149.773,1241.33,-40.5885,152.563,1243.89,-35.4417,152.666,1238.24,-47.2312,149.696,1249.86,-35.9269,150.093,1238.14,-56.4686,130.979,1262.22,-34.2823,129.381,1229.21,-69.2526,112.27,1264.54,-23.8322,110.002,1251.94,-75.4274,98.764,1254.01,-4.59513,99.7466,1251.69,-50.4251,80.9734,1275.77,-37.2807,80.4531,1224.24,-42.7219,47.9692,1291.54,-35.2554,45.4459,1214.72,-52.8009,12.6613,1308.64,-48.1489,11.7831,1260.35,41.2773,108.556,1268.39,47.9114,119.994,1266.77,64.3229,118.548,1264.91,56.608,107.125,0,0,0
001737:1238.45,-36.6928,150,1241.35,-40.552,152.766,1243.31,-35.2791,152.81,1240.24,-46.8405,149.957,1247.94,-35.152,150.23,1242.32,-56.3114,131.48,1257.66,-33.1136,129.635,1231.94,-71.4517,113.614,1258.82,-23.0613,110.311,1237.73,-80.1961,100.659,1253.36,-5.60096,99.8425,1255.37,-49.8329,81.0309,1272.87,-36.1489,80.6873,1228.17,-42.6731,47.8604,1287.82,-34.7311,45.7082,1215.69,-52.5381,12.7727,1304.75,-47.3956,12.0358,1265.6,41.1074,106.926,1274.54,48.4106,117.87,1272.08,64.6066,115.798,1269.02,56.2316,104.945,0,0,0
001738:1238.45,-36.4408,150.028,1241.12,-40.3123,152.813,1243.55,-35.0538,152.911,1239.7,-46.7131,150,1249.05,-35.0087,150.348,1242.64,-56.0593,131.384,1259.82,-32.7809,129.781,1232.33,-69.679,113.088,1260.99,-22.4749,110.104,1244.08,-76.2629,100.409,1253.27,-4.28694,98.5947,1256.27,-49.536,81.2717,1275.97,-35.9024,80.892,1225.91,-41.7951,48.2289,1288.63,-34.4718,45.926,1213.74,-51.2116,13.0458,1307.16,-47.4217,12.0733,1263.58,41.6206,105.559,1273.31,49.0395,116.45,1270,65.2567,114.237,1266.45,56.7164,103.403,0,0,0
001739:1238.4,-36.7173,150.077,1241.52,-40.5645,152.926,1243.86,-35.2571,152.987,1243.54,-47.1058,150.056,1251.5,-35.0139,150.464,1244.95,-56.4827,131.23,1263.32,-32.7168,129.931,1218.25,-68.9238,112.273,1264.52,-22.6793,109.617,1197.38,-73.0561,99.3729,1253.66,-5.16027,97.4133,1260.25,-50.2306,81.3626,1279.24,-36.289,81.0561,1227.51,-41.8762,48.3928,1286.98,-34.5384,46.3348,1218.79,-51.3747,12.7341,1307.14,-48.1156,12.38,1266.28,41.639,104.166,1271.31,49.6167,115.032,1266.88,65.9251,112.364,1267.61,56.8697,101.583,0,0,0
001740:1240.69,-36.4962,150.268,1243.12,-40.3539,153.141,1245.12,-35.0089,153.311,1240.88,-46.7154,150.355,1250.05,-34.5594,150.788,1246.46,-56.1896,131.348,1262.75,-32.1075,130.316,1249.11,-69.9955,110.824,1265.39,-21.9341,110.096,1273.55,-76.7043,95.3668,1260.3,-4.5396,97.5879,1263.2,-49.8965,81.512,1282.7,-35.865,81.1974,1231.03,-41.4629,48.4353,1293.08,-34.5928,46.2201,1216.59,-50.3009,13.0671,1307.51,-47.9847,12.3625,1264.45,41.6775,103.047,1272.27,49.8569,113.665,1267.89,65.9607,110.651,1265.81,56.7015,100.138,0,0,0
001741:1241.34,-36.4398,150.765,1244.6,-40.322,153.567,1245.78,-34.8508,153.674,1243.87,-46.5746,150.711,1248.79,-34.0107,150.913,1246.02,-56.1824,131.928,1257.42,-31.343,130.13,1233.79,-70.939,113.504,1260.84,-21.6371,109.419,1235,-78.2978,100.932,1258.81,-5.24877,96.4809,1259.41,-49.5869,81.7427,1274.18,-35.1819,81.321,1234.3,-41.9028,48.2805,1286.85,-34.9151,46.4986,1220.71,-49.8498,13.0508,1297.51,-47.8152,13.2872,1269.14,42.0348,101.583,1273.8,50.1194,112.104,1270.56,66.2865,109.103,1271.01,57.0628,98.6745,0,0,0
001742:1240.32,-36.1081,151.164,1243.11,-39.9977,154.022,1244.62,-34.5536,154.143,1240.29,-46.2,151.311,1246.83,-33.7639,151.574,1242.32,-55.6666,132.502,1256.93,-31.1185,130.866,1236.06,-70.1791,113.263,1262.84,-21.6234,109.707,1250.48,-77.7952,99.5207,1263,-5.4292,95.8389,1258.96,-48.935,82.2751,1276.77,-34.7353,81.835,1233.53,-40.9429,48.7802,1292.6,-34.4712,46.6664,1220.73,-49.3178,13.2516,1306.84,-48.0985,12.8601,1267.66,41.8851,100.259,1271.88,50.1794,110.593,1268.14,66.0588,107.267,1269.36,56.6103,97.075,0,0,0
001743:1240.03,-36.0355,151.465,1242.69,-39.919,154.385,1243.86,-34.4995,154.539,1241.42,-46.3673,151.7,1246.21,-33.8013,152.019,1246.67,-55.8389,132.669,1256.64,-31.2422,131.582,1241.11,-68.8303,112.124,1263.22,-21.8226,110.163,1247.48,-74.2692,97.5394,1266.32,-5.31493,95.5399,1264.22,-49.3578,82.5121,1279.51,-35.0186,82.3261,1234.23,-41.0429,48.976,1293.1,-34.5169,46.9403,1217.7,-48.7295,13.6132,1310,-47.6483,12.5735,1272.11,42.1826,98.8161,1274.39,50.8639,109.017,1269.54,66.6274,105.225,1272.44,56.8924,95.1808,0,0,0
001744:1238.74,-35.884,151.602,1242.02,-39.7965,154.481,1243.12,-34.2786,154.502,1241.03,-46.0466,151.708,1246.06,-33.357,151.918,1242.36,-55.8456,132.926,1253.32,-30.6464,131.265,1224.62,-70.5226,113.952,1256.66,-21.0274,109.921,1216.8,-78.0578,100.692,1253.61,-5.02162,95.4471,1255.44,-49.1814,82.818,1272.28,-34.8125,82.4153,1223.13,-40.4999,49.5228,1289.2,-34.5787,46.9732,1210.3,-47.8145,13.8823,1315.18,-48.1686,11.8807,1268.54,42.0306,97.5434,1273.84,50.7318,107.302,1270.51,66.4455,103.384,1270.98,56.5587,93.7681,0,0,0
001745:1236.55,-35.389,152.209,1239.96,-39.3119,155.066,1241.17,-33.7913,155.146,1240.04,-45.6096,152.224,1245.32,-32.8397,152.381,1243.84,-55.448,133.193,1256.41,-30.1392,131.489,1234.76,-70.4721,113.788,1263.78,-20.6753,109.776,1234.3,-78.5032,100.072,1267.24,-4.893,94.9893,1256.56,-48.6885,82.8041,1274.05,-34.1465,82.3213,1226.56,-40.5909,49.2434,1293.07,-34.3825,46.5651,1208.59,-47.4222,14.0467,1314.65,-47.5374,11.5331,1277.42,42.1506,96.9883,1281.27,50.4688,106.724,1276.36,65.9845,103.066,1278.37,56.5055,93.4187,0,0,0
001746:1239.44,-35.3742,152.364,1242.82,-39.3406,155.235,1244.04,-33.8799,155.278,1242.53,-45.8212,152.494,1248.62,-33.3647,152.612,1244.03,-55.667,133.551,1259.32,-31.1481,131.838,1228.1,-69.9237,114.119,1267.56,-21.9568,109.963,1221.59,-77.6808,100.377,1269.82,-5.81506,94.7902,1255.08,-48.8053,83.2468,1273.49,-34.7186,82.8375,1225.43,-40.5454,49.6969,1292.23,-34.845,47.1126,1210.47,-47.1142,14.3371,1317.62,-47.6952,11.7792,1271.01,42.1777,95.9327,1273.58,50.7925,105.606,1265.33,66.1339,101.568,1268.47,56.3946,92.0935,0,0,0
001747:1235.76,-34.7748,152.824,1239.45,-38.7273,155.721,1240.45,-33.276,155.752,1243.62,-45.4855,152.943,1247.74,-32.8573,153.102,1246.7,-55.2755,133.905,1260.07,-30.8423,132.491,1216.19,-67.8307,114.286,1268.39,-21.9153,110.502,1180.66,-72.3804,101.349,1269.06,-5.89935,95.0222,1259.71,-48.7644,83.6972,1275.1,-34.7234,83.4716,1226.03,-39.8356,50.0319,1284.45,-34.5926,48.0217,1212.28,-46.4657,14.2937,1308.34,-47.876,12.8526,1279.71,41.6903,94.9334,1282.26,50.8369,104.327,1275.68,66.0569,99.7084,1278.16,55.7452,90.5347,0,0,0
001748:1235.65,-34.791,153.147,1239.05,-38.7351,156.028,1240.29,-33.3233,155.998,1239.71,-45.2318,153.12,1246.94,-33.0959,153.259,1240.15,-55.3545,133.742,1261.45,-31.4615,131.946,1225.61,-70.6242,113.916,1271.44,-22.3876,109.661,1222.74,-80.0153,99.0363,1276.27,-6.22662,93.9975,1253.56,-48.8062,83.1411,1272.2,-35.2035,82.7957,1228.81,-39.6182,49.2976,1279.23,-34.9207,47.88,1224.45,-46.4925,12.765,1294.47,-48.4217,13.7679,1285.68,42.428,93.1302,1287.23,51.2112,102.478,1281.35,66.6275,97.9584,1285.04,56.6035,88.7514,0,0,0
001749:1235.52,-34.6712,153.69,1238.99,-38.6601,156.572,1239.13,-33.1101,156.596,1238.75,-45.2058,153.787,1241.94,-32.446,153.766,1243.41,-55.4794,134.657,1251.62,-30.3317,132.91,1239.15,-71.1475,114.772,1260.38,-21.3105,110.896,1240.13,-80.2684,100.646,1269.46,-6.11681,95.0079,1255.06,-48.7048,84.0929,1266.91,-34.3307,83.8826,1230.69,-40.4503,49.8725,1277.15,-35.0225,48.5605,1226.51,-46.3574,13.1628,1299.04,-47.6135,13.3137,1276.73,40.995,91.4708,1278.72,50.4005,100.276,1271.69,65.2616,94.9405,1274.71,54.6229,86.3385,0,0,0
001750:1235.94,-34.752,154.07,1239.49,-38.7485,157.025,1240.41,-33.1957,156.983,1241.32,-45.5616,154.356,1245.21,-32.544,154.268,1242.35,-56.1076,135.057,1256.72,-30.4613,133.327,1223.74,-70.6114,114.739,1269.08,-21.5799,110.487,1211.13,-77.635,100.622,1277.81,-6.60896,93.5789,1253.23,-49.4563,84.8166,1263.36,-34.9792,84.6403,1244.48,-40.4244,49.5283,1267.79,-36.3602,49.6807,1250.53,-44.2335,11.4989,1273.29,-49.0696,16.0425,1282.37,40.3658,90.5387,1283.96,49.7642,99.4921,1276.13,64.7275,94.1463,1278.28,53.9886,85.4432,0,0,0
001751:1235.19,-34.6236,154.541,1238.68,-38.6518,157.483,1239.87,-33.0508,157.442,1240.78,-45.5081,154.739,1246.23,-32.4486,154.604,1243.93,-56.218,135.367,1259.42,-30.4669,133.679,1228.93,-71.4334,114.796,1271.73,-21.5536,111.131,1216.27,-79.7261,100.024,1278.61,-6.73759,94.506,1254.44,-49.5383,84.8418,1267.46,-34.8691,84.5911,1236.45,-40.9315,49.9835,1274.14,-36.0266,49.2128,1235.9,-44.7117,12.6598,1287.44,-47.9121,14.4071,1283.28,39.9015,89.7015,1286.95,49.5937,98.329,1279.11,64.3232,92.5581,1279.69,53.3641,84.1977,0,0,0
001752:1235.96,-34.8231,154.608,1235.39,-38.2908,157.895,1236.69,-32.6679,157.739,1239.47,-45.3072,155.534,1246.35,-32.282,155.013,1244.09,-55.781,135.94,1260.19,-30.0381,134.661,1230.95,-70.8048,115.947,1269.86,-20.8667,111.146,1207.89,-77.7451,100.292,1271.5,-6.02791,93.494,1256.7,-48.96,85.0718,1273.23,-34.4163,84.8431,1232.93,-40.6793,50.428,1274.59,-34.5881,49.46,1231.95,-45.29,13.5282,1301.97,-47.4226,13.2314,1285.29,39.0003,88.4799,1288.14,48.9545,96.0767,1281.17,63.375,90.0469,1276.56,52.7085,82.7634,0,0,0
001753:1234.94,-34.973,155.121,1234.37,-38.406,158.428,1235.2,-32.7475,158.307,1237.13,-45.281,156.058,1243.6,-32.1609,155.527,1242.26,-55.7121,136.449,1256.23,-29.9091,135.374,1242.27,-70.8176,115.638,1264.63,-20.8872,111.893,1243.36,-78.0388,98.9915,1269.41,-6.65491,94.0959,1253.42,-49.3199,86.0226,1265.49,-34.8803,86.0337,1238.63,-40.1372,50.5718,1257.45,-35.2275,51.0967,1250.65,-43.6207,12.0688,1272.74,-47.7807,16.0133,1288.16,37.8579,87.756,1293.05,48.2968,95.0374,1288.58,62.6677,88.3964,1281.19,51.4481,81.4434,0,0,0
001754:1236.81,-34.5535,155.318,1235.78,-38.0095,158.625,1236.65,-32.3316,158.497,1237.24,-45.0989,156.329,1243.31,-31.8478,155.698,1243.9,-55.7212,136.814,1255.46,-29.7098,135.532,1245.61,-70.5903,116.543,1263.86,-20.7607,112.056,1252,-76.6925,101.215,1270.3,-6.54878,93.9904,1258.64,-49.4304,85.8414,1271.01,-34.6928,85.7859,1240.11,-40.7976,50.471,1266.27,-35.0444,50.5097,1242.46,-44.1724,12.7856,1282.53,-46.9478,15.1217,1289.1,37.393,86.3887,1293.19,48.0225,93.5567,1288.5,62.1208,86.6393,1282.1,50.7119,79.8244,0,0,0
001755:1236.12,-34.366,155.606,1235.23,-37.8052,158.966,1236.19,-32.1286,158.74,1238.22,-44.9338,156.793,1243.6,-31.5992,156.124,1242.84,-55.9189,137.42,1255.15,-29.4807,136.143,1234.05,-71.2021,117.009,1266.18,-20.411,112.647,1215.79,-77.6331,101.229,1276.87,-6.40264,94.2813,1253.45,-49.8258,86.5747,1264.63,-34.8392,86.6386,1236.03,-41.0884,51.0952,1259.22,-34.7788,51.3276,1243.06,-43.9982,12.8954,1279.05,-46.0628,15.5174,1295.24,36.7161,85.8169,1296.84,47.2028,92.5895,1291.55,60.9043,85.5896,1287.6,49.6585,79.1548,0,0,0
001756:1234.89,-34.4112,155.764,1233.95,-37.8437,159.14,1235,-32.0995,158.904,1236.95,-44.9243,156.958,1242.09,-31.3807,156.268,1242.69,-56.0695,137.477,1253.51,-29.171,136.311,1235.81,-71.9564,116.624,1261.55,-20.1755,112.741,1224.56,-79.8255,99.6323,1267.91,-6.95501,94.2834,1256.75,-50.0268,86.6246,1267.49,-34.7093,86.7131,1242.86,-41.3723,51.0353,1267.12,-34.6853,51.23,1243.79,-43.9636,13.2635,1283.43,-45.8143,15.6222,1294.88,36.0848,84.9751,1299.4,46.9102,91.5539,1295.98,60.6235,84.1528,1289.39,49.0135,77.9618,0,0,0
001757:1234.61,-34.5034,156.026,1233.58,-37.9458,159.411,1234.93,-32.1974,159.146,1236.4,-44.9551,157.236,1243.43,-31.4366,156.524,1241.52,-55.9536,137.804,1256.56,-29.1394,136.673,1234.5,-71.8313,116.838,1264.36,-19.9491,113.224,1222.87,-80.8009,99.2258,1265.98,-6.5476,94.7375,1256.05,-49.9072,86.8461,1270.97,-34.59,86.739,1234.77,-41.7425,51.6777,1272.52,-34.661,50.8902,1234.59,-43.9755,14.3165,1297.22,-44.8617,14.1689,1292.23,35.5475,84.6083,1299.94,46.1477,90.6161,1297.85,59.3558,83.1977,1288.29,48.0325,77.5966,0,0,0
001758:1234.56,-34.4273,156.359,1233.49,-37.8746,159.72,1234.99,-32.1028,159.467,1235.62,-44.9809,157.505,1242.48,-31.3171,156.748,1239.71,-56.0563,138.064,1253.91,-28.9869,136.811,1235.2,-71.7359,117.426,1262.11,-19.7589,113.456,1229.69,-79.3887,100.889,1265.11,-6.52563,95.0798,1250.84,-50.0058,87.2954,1263.2,-34.6999,87.2003,1236.95,-41.5402,51.63,1258.3,-35.2697,51.8431,1247.98,-42.6966,13.1863,1275.04,-45.2895,16.0871,1296.3,34.4447,84.4004,1302.14,45.1626,90.497,1302.7,58.3621,82.7849,1294.75,46.8513,77.0513,0,0,0
001759:1236.5,-34.4711,156.455,1235.4,-37.9359,159.845,1236.55,-32.1562,159.608,1237.75,-45.1472,157.737,1243.44,-31.4454,156.986,1243.6,-56.2737,138.397,1255.36,-29.1437,137.326,1241.77,-71.4763,117.325,1263.17,-19.9953,113.886,1234.71,-78.4252,100.617,1268.78,-6.93862,95.1583,1256.87,-50.2688,87.5806,1268.6,-34.6999,87.6739,1237.68,-41.9701,51.9381,1266.15,-34.7151,51.7969,1239.01,-43.1078,14.1057,1285.98,-43.8193,15.2523,1295.73,33.952,84.5037,1301.47,44.5893,90.3875,1298.66,57.3475,82.8503,1291.02,45.9962,77.3278,0,0,0
001760:1237.06,-34.2564,156.791,1235.8,-37.7457,160.204,1236.5,-31.8746,159.901,1236.81,-45.0563,158.012,1241.89,-31.1714,157.135,1242.61,-56.4267,138.534,1253.4,-29.0524,137.283,1244.14,-71.9523,117.366,1261.66,-20.0486,113.58,1249.28,-79.6812,100.222,1270.16,-7.27022,94.5581,1257.95,-50.7967,87.4171,1268.92,-34.9953,87.4328,1240.71,-42.7182,51.6658,1266.75,-35.3449,51.5748,1246.09,-43.1838,13.5676,1287.55,-44.0484,14.9337,1302.45,33.074,83.507,1306.47,43.6795,89.5088,1305.44,56.421,81.8501,1299.21,45.1151,76.2141,0,0,0
001761:1233.95,-34.5198,156.825,1233.14,-37.9515,160.255,1234.26,-32.1701,159.945,1237.16,-45.1662,158.297,1242.45,-31.3472,157.473,1243.26,-56.4447,139.113,1255.02,-29.0336,137.938,1238.98,-71.2374,118.011,1263.63,-19.9447,114.094,1224.67,-77.3737,101.721,1267.81,-7.04582,94.7645,1255.44,-50.7799,88.4196,1265.06,-35.2359,88.513,1241.01,-42.0492,52.1027,1256.78,-35.745,52.6472,1253.08,-41.3982,12.9855,1272.45,-44.1782,16.225,1299.92,32.6946,83.8052,1304.75,43.1418,89.3443,1305.55,55.5491,81.6787,1298.45,44.3307,76.4648,0,0,0
001762:1231.06,-34.0249,156.8,1229.92,-37.4685,160.24,1231.77,-31.6929,159.929,1233.59,-44.849,158.285,1242.24,-31.1887,157.415,1239,-56.2746,139.04,1258.63,-29.2147,137.784,1236.96,-71.3405,117.951,1266.1,-20.0216,114.088,1229.87,-77.8948,101.409,1263.37,-7.0665,95.1785,1254.54,-50.7617,88.0215,1269.38,-35.2997,87.9783,1235.63,-42.0457,52.1015,1260.46,-35.5282,52.11,1250.42,-41.5679,13.0181,1280.56,-43.659,15.3035,1300.72,31.7666,83.5208,1307.36,42.1297,88.9468,1307.16,54.2685,81.3054,1298.16,43.2107,76.2596,1107.27,49.0059,183.558
001763:1233.6,-34.1306,157.197,1232.03,-37.5453,160.687,1233.77,-31.7155,160.279,1234.82,-44.9279,158.798,1241.77,-31.018,157.818,1239.31,-56.5955,139.628,1256.79,-29.0207,138.276,1230.81,-71.2699,118.332,1267.05,-19.8521,114.294,1215.09,-77.8444,101.251,1266.12,-6.96082,94.8705,1257.86,-51.8639,88.4597,1271.01,-35.8891,88.3466,1245.58,-44.1287,51.9736,1267.89,-36.2988,51.9318,1256.1,-42.5768,13.0499,1283.1,-42.7491,15.0678,1294.45,31.2808,83.8079,1299.45,41.3401,89.0883,1298.71,53.1478,81.6827,1291.55,42.4418,76.7461,1111.42,48.615,181.166
001764:1235.11,-34.3106,157.496,1233.68,-37.7136,160.974,1234.82,-31.9004,160.593,1235.27,-44.9894,159.036,1240.78,-31.092,158.078,1241.26,-56.4031,139.87,1253.5,-29.0218,138.672,1241.83,-71.1069,118.534,1261.29,-19.8687,115.06,1250.57,-78.5263,101.288,1260.63,-7.24213,96.101,1260.12,-51.6504,88.8094,1269.72,-35.8137,88.8344,1249.8,-43.8375,51.9324,1264.44,-36.5082,52.3384,1262.68,-42.1277,12.4801,1277.59,-42.9584,15.4478,1294.99,30.0934,83.8149,1304.06,40.2121,88.6319,1305.53,51.766,80.9809,1293.8,40.9225,76.522,1111.88,47.7792,179.135
001765:1231,-34.2098,157.604,1229.74,-37.5829,161.099,1231.55,-31.7733,160.708,1234.21,-44.889,159.285,1242.03,-31.0383,158.344,1241.17,-56.4044,140.192,1259.15,-29.0029,139.017,1238.81,-71.1145,118.746,1267.09,-19.6914,115.279,1229.88,-77.9882,101.534,1262.8,-7.15886,96.064,1259.01,-51.6661,89.0172,1271.57,-35.8112,89.0058,1243.69,-43.6038,52.3162,1263.9,-36.1418,52.4174,1254.73,-41.3041,13.1195,1278.04,-41.7867,15.295,1299.82,28.9467,84.0116,1308.86,39.0877,88.7693,1309.09,50.4045,81.1581,1297.53,39.6054,76.7633,1112.46,46.9332,176.683
001766:1232.34,-34.2145,157.546,1230.59,-37.571,161.108,1232.6,-31.7258,160.69,1233.27,-44.8464,159.394,1241.51,-30.8938,158.428,1238.64,-56.5494,140.247,1258.5,-28.9307,139.243,1237.16,-71.6971,117.997,1268.05,-19.7424,115.67,1231.76,-79.4258,99.1076,1265.03,-7.98279,96.7079,1259.75,-52.2717,89.1304,1273.54,-36.2681,89.12,1243.42,-44.0569,52.6036,1265.35,-36.6056,52.5462,1259.29,-41.6175,12.94,1283.2,-42.4624,15.0344,1304.49,27.3833,84.3513,1309.97,37.6455,89.2557,1309.17,48.814,81.4897,1301.36,37.9398,76.9549,1113.04,46.0865,174.23
001767:1232.62,-34.1617,157.764,1231.1,-37.5349,161.337,1232.55,-31.6565,160.873,1232.86,-44.8188,159.628,1239.65,-30.7906,158.608,1237.4,-56.4145,140.486,1254.04,-28.7676,139.347,1236.72,-71.1848,118.414,1262.92,-19.6134,115.501,1235.32,-78.6763,99.848,1261.28,-7.84675,96.1418,1256.04,-52.0192,89.3032,1268.26,-36.0408,89.2242,1242.74,-44.1508,52.576,1264.59,-36.9152,52.4142,1254.98,-40.7065,13.379,1280.37,-42.0638,15.0162,1300.91,26.5089,84.8131,1307.69,36.3741,89.7248,1307.25,47.3188,82.3703,1298.08,36.8437,77.8187,1121.11,45.3217,171.847
001768:1230.78,-33.9269,157.683,1228.87,-37.285,161.26,1230.79,-31.412,160.77,1230.69,-44.6948,159.664,1237.91,-30.5291,158.582,1236.36,-56.659,140.689,1253.81,-28.4611,139.501,1238.42,-72.0908,118.645,1262.25,-19.1842,115.766,1244.71,-80.3396,99.7944,1260.93,-7.80871,96.5156,1258.44,-52.4226,89.5863,1271.27,-35.9488,89.5022,1246.26,-45.0209,52.7925,1269.64,-36.5997,52.5229,1255.76,-41.7878,13.7054,1282.41,-41.3672,15.1378,1302.88,25.7339,85.2639,1312.05,35.212,89.8975,1314.46,45.8656,82.7579,1303.42,35.7246,78.4342,1121.69,44.4695,169.378
001769:1231.49,-34.1999,157.816,1229.46,-37.5439,161.357,1231.9,-31.6563,160.911,1230.7,-44.6873,159.585,1238.85,-30.4969,158.617,1234.14,-56.1385,140.33,1255.06,-28.0411,139.262,1235.73,-71.3147,117.962,1265.64,-18.8344,115.33,1239.38,-79.5999,98.4011,1264.91,-7.97126,95.9625,1254.45,-51.4733,89.2497,1269.3,-35.1654,89.0353,1244.19,-44.2628,52.5766,1268.78,-36.2803,52.1469,1255.17,-41.0965,13.683,1280.22,-41.4327,15.0449,1304.34,24.6675,85.5241,1310.53,33.909,90.3391,1312.31,44.434,83.4853,1304.43,34.5871,78.9375,1125.91,44.0627,166.925
001770:1229.71,-34.227,157.831,1227.35,-37.6084,161.317,1231.14,-31.586,161.123,1230.3,-44.7536,159.614,1238.21,-30.3865,158.552,1233.04,-56.5096,140.208,1254.11,-27.8584,139.428,1236.96,-71.8061,117.666,1259.58,-18.8287,115.827,1238.19,-80.0282,99.2866,1265.52,-7.84702,95.9103,1251.22,-51.9765,89.6759,1265.06,-35.3898,89.6982,1248.81,-44.5279,52.3794,1268.46,-36.58,52.5481,1257.94,-40.5338,13.408,1278.93,-41.3246,15.2018,1306.37,22.8629,85.5834,1310.57,31.128,91.0033,1315.62,41.7153,84.5162,1309.88,32.8485,79.4863,1126.38,43.2174,164.869
001771:1227.85,-34.4431,157.893,1225.83,-37.769,161.394,1228.78,-31.7569,161.136,1230.2,-44.8352,159.727,1237.91,-30.5029,158.642,1235.91,-56.6994,140.402,1256.82,-28.0486,139.655,1241.88,-71.769,117.524,1261.87,-18.9683,115.978,1245.12,-79.7275,98.577,1264.47,-8.12056,96.0691,1257,-52.8878,90.0728,1271.19,-36.1868,90.0718,1247.88,-45.2051,53.3107,1272.13,-37.0649,53.1164,1253.47,-40.5359,14.8748,1284.89,-41.2069,15.6677,1302.38,21.393,86.357,1306.77,29.4755,91.6287,1310.93,39.8198,85.4044,1304.9,31.1786,80.4711,1130.64,42.8087,162.805
001772:1231.2,-34.4122,157.732,1228.71,-37.7559,161.272,1232.21,-31.8184,161.002,1231.93,-45.0371,159.619,1240.78,-30.9306,158.59,1236.14,-56.8365,140.136,1259.92,-28.6993,139.614,1246.07,-71.6633,116.736,1265.01,-19.5942,116.157,1252.78,-79.032,97.0242,1267.61,-8.71831,96.6522,1257.26,-52.6542,89.6643,1272.8,-36.187,89.8115,1249.21,-44.8849,53.0252,1271.92,-36.9233,53.0154,1258.08,-40.3373,14.5043,1282.63,-41.0836,15.9767,1301.08,19.3365,87.3264,1306.98,26.9674,92.5082,1308.92,36.8492,86.6816,1301.45,28.7045,81.8239,1135.17,41.5703,159.921
001773:1229.71,-34.4319,157.941,1227.68,-37.7932,161.456,1230.66,-31.8299,161.136,1230.99,-45.1396,159.796,1239.12,-30.8152,158.723,1233.71,-57.0255,140.386,1257.27,-28.3696,139.645,1241.47,-72.0311,117.581,1262.92,-19.1631,116.041,1252.03,-78.857,98.9051,1266.61,-8.65294,96.3589,1251.56,-52.5756,90.0571,1267.1,-35.8722,90.0929,1244.2,-45.0524,53.5335,1268.39,-37.0338,53.3599,1256.24,-40.0079,14.9657,1282.38,-41.2197,16.1612,1311.93,17.0841,87.3715,1316.86,24.3534,92.4573,1321.8,33.9533,86.8585,1315.16,26.1316,82.0412,1132.06,40.2704,157.839
001774:1227.38,-34.1735,157.371,1225.27,-37.5233,160.936,1228.51,-31.5477,160.553,1230.2,-44.9355,159.376,1238.22,-30.5835,158.293,1235.44,-57.1314,139.955,1258.26,-28.246,139.28,1242.73,-72.3711,116.583,1263.92,-18.86,115.649,1242.45,-78.8977,96.9396,1269.82,-8.41374,95.6614,1255.79,-53.2096,89.5917,1269.96,-36.3224,89.7395,1248.08,-45.288,53.2776,1269.15,-37.1213,53.2763,1260.18,-40.2733,14.7305,1282.95,-41.6075,16.4053,1324.09,14.804,87.1357,1326.13,21.7953,92.2642,1331.29,31.0325,86.9656,1327.77,23.5277,82.0847,1136.35,39.8494,155.337
001775:1224.83,-33.9049,157.538,1223.12,-37.2949,161.022,1225.98,-31.386,160.664,1229.63,-44.9719,159.31,1237.1,-30.7901,158.286,1235.07,-56.9819,139.821,1257.92,-28.6859,139.111,1238.79,-71.2162,116.978,1263.27,-19.1982,115.625,1227.48,-75.2699,98.9512,1268.46,-8.29718,95.9084,1253.75,-52.7696,89.3277,1268.08,-36.1486,89.518,1245.51,-45.0752,53.1167,1268.98,-36.9711,53.0208,1255.71,-40.0852,14.9864,1282.17,-40.9912,16.3839,1323.22,13.0569,86.7033,1320.11,19.8371,91.7498,1325.26,28.576,86.5544,1326.42,21.3555,81.7056,1140.64,39.4234,152.41
001776:1225.46,-34.1155,157.157,1223.31,-37.4491,160.675,1226.86,-31.5708,160.276,1227.54,-44.9018,159.044,1236.95,-30.742,158.003,1229.63,-56.6861,139.696,1257.37,-28.444,138.924,1231.39,-71.3252,116.93,1264.03,-18.9746,115.462,1230.79,-77.18,97.9052,1266.87,-8.55132,95.883,1249.81,-52.5636,89.2236,1266.88,-35.9218,89.2651,1243.99,-45.3772,53.1172,1268.24,-36.7066,52.8478,1260.89,-41.0244,14.6198,1283.83,-40.8293,16.0606,1318.38,11.5267,87.469,1317.64,17.7498,92.1098,1324.3,25.9332,87.3527,1323.14,19.281,82.9051,1141.23,38.558,149.902
001777:1229.51,-34.4167,157.197,1227.24,-37.7794,160.792,1230.71,-31.8161,160.306,1230.9,-45.302,159.161,1238.04,-30.8115,158.07,1234.67,-57.4635,139.573,1255.48,-28.271,138.898,1240.59,-72.5149,116.142,1259.71,-18.5115,115.477,1242.69,-78.4625,96.0719,1265.16,-8.4885,96.113,1256.03,-53.5288,88.6936,1268.93,-36.2805,88.8949,1252.84,-46.4573,52.2565,1269.98,-37.227,52.3395,1268.46,-41.1668,13.7046,1282.68,-40.9017,15.7201,1314.93,10.2897,89.3769,1317.76,15.74,94.0395,1329.19,23.7375,89.9189,1324.84,17.8299,85.3922,1145.57,38.1325,147.776
001778:1225.36,-34.2591,156.941,1223.43,-37.6205,160.562,1227.38,-31.6996,160.046,1228.94,-45.2167,158.95,1238.34,-30.8261,157.879,1233.77,-57.563,139.351,1258.63,-28.3864,138.584,1236.11,-72.7449,115.884,1263,-18.6881,114.948,1229.31,-78.535,95.6243,1260.56,-8.58913,95.7623,1253.27,-53.5355,88.4149,1268.24,-36.3124,88.6199,1247.14,-46.0774,52.3214,1266.99,-36.8212,52.3139,1263.27,-41.174,13.8953,1281.65,-41.0641,15.7205,1302.99,9.32858,90.0921,1307.87,14.243,94.4028,1316.34,21.9318,90.7615,1309.77,16.6016,86.6143,1142.28,36.8384,145.721
001779:1229.24,-34.4267,156.688,1227.65,-37.8249,160.257,1231.43,-31.9624,159.779,1232.43,-45.4738,158.616,1241.1,-31.1247,157.632,1235.31,-57.5587,139.211,1258.34,-28.5535,138.526,1235.19,-72.2124,116.109,1262.12,-18.9149,115.201,1227.21,-77.2045,96.6331,1261.36,-8.861,96.2515,1250.2,-52.9291,88.8208,1264.42,-35.8271,89.1454,1243.69,-45.6508,52.9029,1264.07,-36.2431,52.9737,1260.92,-41.0667,14.5467,1282.09,-40.4711,16.1669,1295.28,8.73724,90.2184,1297.38,13.5691,94.2121,1304.62,20.8999,90.5098,1300.85,15.6718,86.6751,1154.81,35.6023,142.677
001780:1229.18,-34.3352,156.523,1226.84,-37.7349,160.116,1230.38,-31.8376,159.614,1229.29,-45.3413,158.585,1237.28,-30.9276,157.629,1230.75,-57.1319,139.241,1255.84,-28.1405,138.78,1238.13,-71.3855,115.31,1259.79,-18.1392,115.531,1242.24,-76.1323,94.296,1263.65,-8.40083,96.3507,1252.92,-52.7765,88.8527,1268.49,-35.5078,89.1198,1247.03,-46.1865,52.9188,1270.65,-36.3279,52.5568,1256.59,-41.5196,15.2444,1281.82,-40.0417,16.0982,1292.98,5.28727,91.7186,1297.25,8.99056,95.1028,1299.87,14.9295,92.736,1293.74,10.9025,89.377,1151.34,35.1244,139.765
001781:1231.18,-34.6758,156.587,1229.43,-38.0978,160.181,1232.72,-32.1335,159.638,1233.21,-45.7213,158.642,1240.3,-31.0692,157.643,1234.66,-57.6694,139.22,1256.41,-28.0328,138.519,1238.55,-72.5656,115.766,1259.64,-17.8337,114.967,1233.52,-77.6053,95.3957,1262.77,-8.29372,95.4199,1251.1,-52.9844,88.4341,1264.59,-35.4593,88.7177,1244.88,-46.2208,52.4611,1265.72,-36.1752,52.2209,1260.06,-41.4537,14.339,1284.04,-40.1627,15.2617,1304.96,3.02938,90.7459,1309.95,5.91182,93.5118,1317.5,11.0474,91.5742,1310.77,7.84625,88.8465,1151.45,35.1082,138.504
001782:1233.35,-34.541,155.897,1232.22,-38.1345,159.493,1235.46,-32.135,158.997,1234.39,-46.0285,158.081,1241.2,-31.4037,157.232,1235.33,-58.1417,138.824,1254.63,-28.3501,138.157,1242.34,-72.7607,114.641,1253.93,-18.0005,114.412,1252.9,-77.6312,92.7771,1249.01,-7.72291,93.6689,1252.36,-53.0699,87.7241,1266.77,-35.5642,88.2096,1242.27,-45.8134,52.1016,1265.59,-35.8427,51.9947,1262.2,-41.9998,13.5843,1289.63,-41.0495,14.6026,1421.69,-10.8751,70.5933,1412.84,-6.35326,70.3144,1458.69,-4.00651,62.3695,1464,-8.71795,62.9907,1155.84,34.6677,135.916
001783:1228.37,-34.3526,155.904,1227.54,-37.9516,159.453,1230.53,-31.9585,159,1231.86,-45.9316,158.066,1239.74,-31.369,157.245,1233.82,-57.8958,139.083,1257.77,-28.4479,138.246,1238.78,-72.145,115.349,1259.78,-18.3644,114.462,1242.33,-75.8223,94.8374,1252.91,-8.45109,93.9101,1254.34,-52.9261,87.9817,1270.14,-35.4864,88.4313,1243.31,-45.8021,52.0163,1265.95,-35.708,52.001,1264.49,-42.0666,13.1686,1287.27,-40.3459,14.3078,1496.47,-19.7916,66.9727,1490.47,-15.6929,65.7358,1549.27,-14.8748,57.039,1549.73,-19.01,58.7017,1156.55,33.7808,132.945
001784:1230.15,-34.5018,155.589,1227.87,-37.9675,159.16,1231.23,-32.0894,158.636,1228.68,-45.7397,157.542,1236.01,-31.3015,156.717,1231.74,-57.881,138.229,1252.04,-28.3712,137.708,1242.42,-72.7952,114.311,1256.84,-18.0791,114.657,1252.97,-77.4127,92.6067,1252.59,-8.79497,95.9651,1254.7,-53.1138,87.3387,1268.57,-35.5676,87.8865,1245.35,-46.0357,51.7216,1266.08,-35.7423,51.7846,1261.6,-41.876,13.7522,1284.55,-40.2627,15.0666,1318.77,-5.55065,85.0747,1312.07,-2.24667,86.1732,1321.72,1.27127,82.5016,1326.32,-2.23978,81.4497,1160.97,33.3351,130.333
001785:1229.41,-34.4483,155.302,1227.85,-37.9048,158.845,1231.04,-32.0842,158.36,1230.32,-45.6009,157.326,1237.5,-31.2415,156.501,1233.71,-57.4977,138.253,1252.53,-28.1578,137.71,1243.57,-72.1558,114.537,1255.44,-17.9535,114.657,1249.28,-76.9854,93.1686,1245.3,-8.52059,95.8566,1249.7,-52.264,87.719,1263.26,-34.9053,88.2397,1239.52,-45.6267,51.9786,1259.96,-35.0887,52.0082,1259.19,-42.4328,13.4798,1283.94,-39.777,14.4848,1301.62,-5.86033,82.6678,1289.47,-2.11602,83.2641,1296.52,0.945275,79.0015,1306.61,-2.97439,78.4474,1157.84,32.0128,127.01
001786:1231.33,-34.0744,154.861,1229.43,-37.5712,158.45,1232.39,-31.7296,157.96,1229.86,-45.4825,157.138,1237.14,-31.1924,156.316,1232.21,-57.5981,138.177,1252.09,-28.3739,137.74,1242.11,-72.1259,114.129,1254.69,-17.9988,114.838,1257.04,-76.7648,92.091,1242.73,-8.34608,96.102,1253.14,-52.6423,87.5002,1266.86,-35.2349,88.1889,1243.34,-45.6404,51.8349,1263.37,-35.0766,52.0487,1259.24,-41.8575,13.7027,1283.51,-39.386,14.9286,1321.16,-9.22184,80.2387,1305.53,-5.7153,80.2237,1312.89,-3.56085,75.8142,1325.96,-7.16402,75.9352,1162.26,31.562,124.38
001787:1230.29,-34.183,154.739,1227.33,-37.6996,158.263,1230.05,-31.8847,157.77,1226.01,-45.6327,156.633,1232.25,-31.0891,155.901,1226.98,-57.7853,137.715,1245.11,-28.0676,137.206,1232.78,-72.632,114.301,1254.78,-18.3623,114.185,1241.76,-76.9175,93.3019,1253.22,-9.72185,95.8919,1245.53,-51.9545,87.608,1256.76,-34.1832,88.3635,1240.1,-45.5577,51.6496,1252.51,-33.9651,52.5036,1258.13,-42.7787,13.2731,1269.58,-38.5295,15.8913,1144.42,-2.38163,92.5736,1130.1,1.3426,94.0062,1107.88,5.3525,91.6016,1121.22,1.42164,90.141,1162.85,30.6812,121.827
001788:1231.87,-34.1244,154.683,1228.91,-37.6848,158.265,1231.74,-31.8609,157.787,1227.45,-45.8096,156.758,1234.2,-31.226,156.138,1227.4,-57.828,137.611,1247.03,-28.032,137.497,1239.89,-72.2473,113.108,1257.24,-17.8555,114.578,1256.53,-75.3095,90.8052,1262.45,-8.97346,96.157,1242.73,-51.5996,87.1908,1255.23,-33.775,88.0869,1236.5,-45.1541,51.3543,1250.34,-33.4724,52.138,1256.8,-42.3933,12.8312,1267.89,-38.1807,15.6124,1189.35,-3.19875,91.7021,1180.18,0.250714,93.0408,1167.11,3.97599,90.5282,1175.47,0.305966,89.1158,1167.3,30.2253,119.173
001789:1230.01,-33.9855,154.375,1227.44,-37.5689,157.936,1230.14,-31.7943,157.465,1227.89,-45.8557,156.464,1234.77,-31.5394,155.846,1230.93,-58.0631,137.539,1250,-28.7558,137.226,1235.15,-72.1432,113.682,1259.17,-18.2688,114.064,1247.89,-75.5851,91.9919,1257.23,-7.90241,94.7361,1250.05,-52.0974,87.0753,1261.35,-34.6072,88.0021,1242.09,-45.2333,51.1025,1255.51,-34.255,51.9857,1258.07,-42.3476,12.7407,1272.32,-38.9241,15.2643,1121.62,-6.82326,89.1465,1111.69,-3.20935,88.948,1088.46,-0.478076,85.9734,1097.51,-4.19193,86.1152,1167.89,29.3411,116.61
001790:1229.1,-34.093,154.108,1227.04,-37.694,157.708,1229.03,-31.7853,157.24,1227.99,-45.8924,156.381,1232.45,-31.1144,155.768,1228.55,-57.9056,137.272,1245.54,-27.7273,137.091,1238.17,-72.1,112.673,1256.15,-17.5859,113.551,1246.57,-74.256,90.5136,1267.35,-9.00707,93.7548,1242.01,-51.4108,86.6079,1251.76,-33.3329,87.6163,1239.15,-45.2086,50.5441,1249.97,-33.2062,51.4399,1258.99,-42.4898,11.9311,1268.39,-38.1543,14.785,1199.18,-6.00158,88.8418,1197.64,-2.88321,89.195,1183.12,0.0695164,86.7826,1183.68,-3.21114,86.3646,1172.37,28.8799,113.933
001791:1225.46,-34.0999,154.442,1223.79,-37.6969,157.995,1225.47,-31.7409,157.522,1226.42,-45.8892,156.604,1230.92,-31.0377,155.979,1227.55,-57.6966,137.385,1244.64,-27.5274,137.127,1239.18,-72.1616,113.009,1251.45,-16.9571,113.661,1246.93,-74.3213,91.4047,1266.65,-8.60345,93.7876,1240.14,-51.2359,86.4291,1249.23,-33.1062,87.3483,1236.42,-45.2416,50.4547,1246.29,-33.0508,51.2181,1257.98,-42.656,11.8926,1266.17,-37.79,14.5679,1236.04,-9.37,90.1642,1242.62,-7.54016,90.3394,1240.58,-5.4243,88.7746,1232.52,-7.41312,88.5181,1172.97,27.9925,111.359
001792:1228.88,-34.8858,154.096,1227.63,-38.4675,157.591,1229.12,-32.5392,157.146,1231.34,-46.4454,156.201,1234.19,-31.5824,155.656,1233.27,-58.0239,137.219,1245.26,-27.7444,136.95,1237.7,-72.4995,113.444,1251.39,-17.0198,113.665,1229.63,-74.7436,92.6989,1263.82,-8.92185,93.7888,1242.74,-51.2739,86.618,1249.12,-33.2597,87.626,1240.9,-45.1678,50.3906,1249.24,-33.4183,51.2567,1256.23,-42.34,12.1339,1267.08,-38.2246,14.5126,1195.35,-13.7984,88.5023,1201.68,-11.8795,87.3042,1190.71,-10.6696,85.4066,1183.6,-12.7318,86.51,1173.56,27.1067,109.205
001793:1230.01,-34.8106,154.243,1227.74,-38.4023,157.799,1229.53,-32.441,157.335,1227.45,-46.4949,156.436,1231.71,-31.6051,155.916,1227.74,-58.0998,137.245,1242.4,-27.9445,137.249,1241.18,-72.1737,112.271,1246.82,-17.3268,114.176,1258.31,-73.7183,89.7745,1250.76,-9.75617,95.6819,1241.48,-51.7607,86.3576,1250.99,-33.7344,87.3628,1239.34,-45.3637,50.1914,1252.46,-33.9268,50.8024,1252.76,-41.853,12.2804,1265.27,-38.5225,14.6549,1219.18,-13.1364,93.3309,1220.48,-11.8858,93.5058,1215.1,-10.3896,92.7966,1212.77,-11.7716,92.4865,0,0,0
001794:1225.38,-34.4115,153.953,1223.44,-37.9663,157.464,1225.71,-32.0562,157.027,1225.09,-46.0457,156.235,1230.31,-31.321,155.661,1225.54,-57.6489,137.295,1242.65,-27.7912,137.078,1234.65,-72.171,113.036,1248.38,-17.1403,113.784,1243.13,-74.4573,91.5188,1250.74,-9.13437,94.6055,1237.5,-51.2521,86.6675,1248.1,-33.4902,87.5956,1236.06,-44.6326,50.4679,1249.19,-33.3345,51.062,1255.63,-42.0481,11.8433,1266.07,-38.3125,14.4729,1224.58,-13.1964,92.5,1223.67,-12.3676,92.5213,1221.33,-11.4361,92.1489,1221.25,-12.4105,92.039,0,0,0
001795:1226.36,-34.8389,154.176,1224.87,-38.4254,157.673,1227.3,-32.4832,157.301,1228.14,-46.5542,156.448,1233.84,-31.7338,155.936,1228.9,-57.8069,137.351,1248.07,-28.0428,137.347,1233.57,-70.9498,112.84,1251.3,-17.3566,114.151,1236.42,-71.6451,91.7114,1244.14,-9.93689,95.7311,1241.85,-51.2374,86.5021,1253.28,-33.3995,87.3738,1240.95,-45.0994,50.1015,1255.37,-33.6339,50.5058,1254.99,-42.1601,11.8459,1266.61,-38.1086,14.0346,1233.62,-12.8544,91.8456,1226.52,-12.0194,91.771,1219.35,-11.635,91.7826,1225.14,-12.5581,91.7386,0,0,0
001796:1224.33,-34.7988,154.055,1223.53,-38.4315,157.548,1225.23,-32.4965,157.161,1228.11,-46.5114,156.223,1231.41,-31.5931,155.707,1233.09,-58.1575,137.231,1243.36,-27.696,137.266,1236.6,-71.8243,112.933,1245.28,-16.8969,114.12,1230.01,-73.7453,91.7407,1232.47,-8.4482,95.4535,1243.12,-51.2033,87.1049,1250.49,-33.1826,88.1348,1238.8,-44.7412,50.9529,1251.61,-33.3216,51.5513,1251.46,-42.3408,12.6461,1270.32,-38.9068,14.3825,1189.42,-7.75809,90.7831,1174.02,-6.21793,90.6195,1157.74,-5.20926,90.0943,1171.93,-6.88286,90.1749,0,0,0
001797:1222.48,-34.8492,153.979,1221.56,-38.487,157.447,1223.22,-32.5219,157.1,1226.14,-46.6073,156.332,1228.89,-31.5294,155.895,1230.19,-58.0353,137.531,1239.91,-27.2936,137.68,1233.86,-71.1427,112.956,1241.78,-16.5065,114.454,1220.07,-71.0035,92.1726,1236.43,-8.91177,95.2663,1240.8,-50.9164,87.4443,1246.96,-32.5557,88.5749,1241.14,-45.0576,51.0489,1249.1,-32.5914,51.9161,1255.29,-43.1288,12.5101,1265.62,-38.0443,14.9528,1219.96,-11.9591,90.7936,1206.72,-10.6148,90.5724,1194.23,-10.2048,90.2763,1206.39,-11.6994,90.3455,0,0,0
001798:1223.34,-34.9655,153.866,1222.29,-38.6277,157.37,1224.45,-32.7071,157.009,1226.4,-46.8401,156.155,1231.19,-31.8923,155.765,1227.94,-58.0788,137.212,1244.68,-27.6917,137.423,1231.81,-70.4511,112.427,1248.42,-16.9134,113.908,1225.64,-69.9169,91.3439,1250.31,-8.52495,93.9857,1238.74,-50.6608,87.1886,1248.44,-32.3964,88.2262,1238.13,-45.1244,51.0643,1249.75,-32.408,51.7329,1256.81,-43.4709,12.3967,1266.79,-37.8042,14.8108,1226.48,-8.40488,89.9245,1219.05,-6.68198,90.0143,1208.67,-5.40508,89.1967,1214.88,-7.26043,88.9259,1184.74,23.4293,92.1131
001799:1226.15,-35.7237,153.85,1224.81,-39.3834,157.352,1227.24,-33.4564,157.028,1228.2,-47.4553,156.151,1233.46,-32.4544,155.909,1227.54,-58.4044,137.397,1245.3,-27.9313,137.563,1229.28,-70.4655,112.732,1245.8,-17.2529,113.71,1221.52,-69.0997,92.0455,1240.22,-8.95487,93.3481,1238.97,-50.7882,87.2912,1248.64,-32.4571,88.4276,1238.94,-45.001,50.801,1245.91,-31.9674,51.8914,1260.12,-43.9594,11.4961,1259.3,-37.5898,15.1337,1242.64,-12.1067,86.946,1243.7,-10.2323,85.7442,1234.71,-9.49215,84.1364,1232.18,-11.4703,85.1417,1185.45,22.5177,88.6431
001800:1224.06,-35.5237,153.663,1222.68,-39.2176,157.167,1224.45,-33.1561,156.84,1226.17,-47.4219,156.034,1229.85,-32.1658,155.698,1224.18,-58.4713,137.127,1241.36,-27.7323,137.18,1228.19,-70.43,112.257,1240.17,-17.071,112.884,1219.59,-68.8952,91.2994,1244.34,-9.42751,90.8969,1237.67,-51.0509,86.5142,1247.38,-32.4697,87.5361,1238.23,-45.6325,50.247,1249.26,-32.4431,50.9784,1258.33,-43.9947,11.2875,1262.9,-37.8069,14.3285,1273.05,-16.514,72.7889,1289.88,-13.7918,67.8078,1288.39,-15.2206,63.2508,1270.58,-17.9487,68.1913,1190.05,22.0343,86.2825
001801:1224.22,-35.6638,153.81,1223.13,-39.3689,157.291,1225.05,-33.372,157.007,1228.04,-47.6933,156.158,1232.93,-32.6699,155.936,1228.13,-58.5679,137.263,1246.12,-28.3341,137.539,1231.6,-70.1291,112.145,1244.12,-17.0978,113.395,1228.72,-68.7995,90.3692,1238.18,-7.98364,91.7771,1239.55,-50.9387,86.6832,1249.86,-32.7315,87.8112,1239.28,-45.1504,50.5785,1250.79,-32.4461,51.3058,1258.55,-43.8936,11.8569,1266.17,-38.28,14.7028,1222.35,-15.2546,77.4884,1238.39,-13.9344,71.9953,1236.19,-16.4596,68.8651,1218.93,-17.6963,74.2953,1194.66,21.5459,83.4815
001802:1224.77,-35.0132,153.857,1223.74,-38.6954,157.313,1226.34,-32.7728,157.094,1226.86,-47.1788,156.433,1231.92,-32.3107,156.06,1225,-57.9955,137.818,1242.9,-28.2746,138.218,1224.11,-68.9248,113.182,1240.86,-17.379,114.375,1217.8,-68.0309,92.4496,1234.69,-8.23451,92.7689,1234.58,-50.068,87.762,1245.86,-31.988,88.8634,1237.99,-45.0699,51.4734,1251.71,-31.4861,52.0817,1257.14,-44.2432,12.64,1267.86,-36.2169,14.9054,1259.17,-8.83976,76.9185,1268.1,-7.24407,72.2765,1279.29,-9.92083,68.7403,1268.28,-11.5139,73.4395,1191.14,21.0734,80.1841
001803:1220.59,-35.3553,153.782,1220.2,-39.0755,157.306,1222.61,-33.0079,157.079,1225.24,-47.5461,156.521,1230.17,-32.2831,156.163,1225.62,-58.4134,137.735,1242.32,-27.8923,138.172,1225.07,-68.3676,112.463,1240.26,-17.331,113.321,1223.47,-65.9913,91.3351,1225.23,-8.45415,90.3184,1233.77,-50.2304,87.7021,1244.03,-31.6562,88.7609,1239.17,-45.4923,51.5066,1247.64,-31.3022,52.4279,1262.76,-44.5102,12.2353,1263.63,-36.5208,15.4338,1263.94,-7.30968,70.3457,1280.26,-4.14897,64.7797,1300.5,-6.6814,58.7247,1281.07,-9.80622,64.5476,1191.73,20.1723,77.5672
001804:1220.83,-35.8095,154.077,1220.62,-39.4908,157.555,1223.06,-33.5536,157.409,1226.27,-47.9114,156.706,1230.83,-32.8196,156.417,1228.93,-58.6633,137.977,1242.06,-28.5128,138.702,1228.84,-68.4593,112.911,1235.01,-18.1112,114.538,1225.35,-66.0994,92.6146,1213.09,-9.27846,92.7656,1239.29,-50.3518,88.077,1248.36,-31.9966,89.253,1241.6,-45.3471,51.7923,1251.31,-31.438,52.7987,1259.62,-44.7817,12.6114,1266.23,-36.5755,15.665,1242.31,-2.84623,69.625,1258.15,2.22223,64.4976,1267.13,1.18028,57.2966,1249.34,-3.96833,62.626,1196.21,19.6889,74.7582
001805:1218.99,-36.1413,154.398,1220.67,-40.0178,157.835,1222.86,-33.963,157.679,1225.12,-48.0062,156.722,1231.79,-33.0112,156.487,1228.04,-58.9838,137.723,1243.34,-28.5635,138.139,1225.68,-68.5819,112.31,1240.97,-18.7927,114.746,1223.2,-66.5122,91.427,1219.76,-10.5432,93.3757,1236.48,-50.9384,87.5273,1246.79,-32.4813,88.4586,1239.96,-45.8778,51.641,1255.79,-32.8681,52.2567,1256.56,-43.9203,13.2352,1267.67,-37.6985,16.0429,1235.94,0.561909,67.5002,1244.82,7.47408,63.6253,1249.62,7.73947,54.7284,1241.78,0.433586,58.7337,1192.7,19.222,71.9031
001806:1220.04,-36.0286,154.173,1221.53,-39.8516,157.601,1223.12,-33.8299,157.493,1226.57,-47.9429,156.662,1233.4,-32.9454,156.321,1228.79,-58.8204,138.07,1244.63,-28.7049,138.493,1222.63,-67.7622,113.226,1241.58,-19.5619,115.444,1204.52,-64.0062,94.5332,1212.19,-11.9935,95.1402,1235.44,-50.707,88.2805,1245.81,-32.253,89.1562,1237.54,-46.2526,52.1517,1252.9,-32.6172,52.8044,1254.81,-45.2393,13.2725,1268.07,-37.2063,15.9497,1229.93,2.26605,64.0455,1237.32,10.9578,59.5556,1241.15,11.4954,48.6909,1233.75,2.43657,53.3737,1201.73,18.2578,68.3786
001807:1215.8,-35.8685,154.622,1217.62,-39.6768,158.041,1219.51,-33.7116,157.943,1223.7,-47.713,156.907,1231.06,-32.7983,156.552,1227.61,-58.6468,137.92,1244.49,-28.8757,138.313,1226.18,-68.0669,112.691,1240.34,-20.1603,115.391,1215.3,-65.4824,93.1697,1205.34,-12.8963,95.786,1234.21,-50.7253,87.5349,1246.38,-32.5368,88.2716,1233.62,-45.9819,51.9157,1254.09,-33.0427,52.231,1251.71,-44.9338,13.4712,1272.38,-38.0465,15.7222,1218.16,4.52074,63.3803,1223.54,14.1528,59.4465,1222.83,15.6774,48.0215,1217.84,5.66539,52.2141,1202.19,17.363,66.1897
001808:1222.71,-36.5435,154.739,1223.55,-40.3163,158.174,1225.62,-34.3522,158.116,1226.64,-48.2785,157.141,1233.76,-33.2412,156.827,1227.48,-59.0231,138.414,1244.95,-29.3516,139.093,1224.15,-68.0112,112.855,1240.46,-21.2898,116.275,1218.38,-64.875,93.4781,1210.11,-15.0711,96.805,1237.81,-51.0705,88.748,1250.02,-32.8071,89.6485,1237.48,-45.9555,52.8876,1256.47,-32.9157,53.5595,1252.27,-44.942,14.1581,1268.37,-37.7533,17.2847,1219.76,5.63018,62.1936,1222.23,16.5989,58.3957,1220.7,18.7946,45.7852,1217.97,7.48437,49.9152,0,0,0
001809:1219.25,-36.1199,154.176,1220.74,-39.9179,157.626,1222.73,-34.0035,157.628,1225.62,-48.09,156.784,1232.55,-33.0961,156.44,1228.49,-58.8787,138.094,1244.06,-29.4441,138.974,1223.15,-67.3269,112.597,1239.11,-21.7919,116.622,1210.47,-63.2651,94.0444,1206.78,-15.8459,97.8699,1236.8,-50.5195,88.4852,1246.86,-32.337,89.4664,1239.99,-45.85,52.5407,1254.35,-32.8475,53.535,1257.5,-44.8979,13.7937,1268.11,-37.7454,17.3532,1204.49,8.43943,62.539,1208.93,20.0931,58.9485,1207.78,22.8412,45.6697,1203.17,10.8434,49.6861,0,0,0
001810:1222.07,-36.4981,154.507,1223.04,-40.2962,157.954,1225.25,-34.3107,158.011,1225.76,-48.3935,157.109,1232.98,-33.2362,156.78,1226.72,-58.9612,138.509,1242.8,-29.6371,139.449,1222.93,-67.4592,112.832,1236.27,-22.3159,117.148,1213.31,-62.8471,94.4166,1202.85,-16.9821,98.8134,1237.2,-50.7554,89.142,1248.25,-32.6251,90.1245,1238.65,-45.5718,52.9993,1254.98,-32.9621,53.9935,1255.26,-44.9072,13.782,1266.49,-38.2208,17.5932,1203.35,7.81782,64.8954,1208.82,20.1348,61.932,1207.58,23.4021,48.4439,1201.64,10.7368,51.8872,1199.16,16.8344,59.4053
001811:1219.23,-36.6612,154.54,1220.97,-40.4111,157.983,1223.05,-34.512,158.027,1225.31,-48.3949,157.204,1231.57,-33.3075,156.899,1227.67,-58.7624,138.696,1241.32,-29.8585,139.665,1223.4,-67.6421,113.237,1234,-23.0204,117.748,1204.2,-63.0937,95.1568,1199.74,-18.8257,100.148,1235.19,-50.7155,89.3031,1243.99,-32.7979,90.3225,1237.02,-45.5847,53.203,1248.98,-33.0324,54.3519,1254.74,-44.8786,14.0368,1263.65,-38.0007,17.8196,1194.94,5.38897,69.0431,1199.9,17.6755,67.0679,1193.32,21.2796,54.461,1188.22,8.6517,56.9252,1190.85,16.0688,62.5003
001812:1221.91,-37.0064,154.496,1223.31,-40.7817,157.931,1226.19,-34.8651,157.932,1225.53,-48.6708,157.099,1233.31,-33.5765,156.76,1224.26,-58.8101,138.639,1242.13,-30.135,139.339,1217.52,-67.7031,113.65,1238.24,-23.8487,117.154,1204.62,-63.2229,95.9186,1204.72,-20.8717,99.8959,1230.06,-50.6341,89.5535,1240.29,-32.8642,90.4069,1235.83,-45.713,53.2005,1244.12,-33.5102,54.5185,1260.74,-44.5698,13.4698,1255.41,-38.2897,18.1485,1182.92,2.54527,72.969,1187.29,13.8648,71.7118,1177.99,17.4061,60.4987,1173.76,5.71212,62.1965,1160.97,19.3152,69.3354
001813:1220.36,-37.0488,154.071,1222.23,-40.8402,157.531,1224.75,-34.9105,157.585,1226.87,-49.1031,157.127,1234.41,-33.9018,156.842,1228.77,-59.357,138.936,1243.53,-30.718,139.866,1218.89,-67.5572,114.208,1234.37,-24.4003,118.482,1198.26,-59.14,98.0924,1188.23,-21.9281,102.913,1234.95,-51.2378,89.4023,1244.26,-33.4126,90.4599,1237.18,-45.7558,53.1607,1248.94,-33.5265,54.4234,1257.84,-44.827,13.4906,1263.96,-38.8655,17.7966,1169.99,-0.985468,77.5806,1177.25,11.2555,77.1878,1169.31,15.0615,65.5697,1161.38,2.53024,66.5768,1147.83,21.5667,76.3546
001814:1218.54,-36.162,154.588,1218.52,-39.7228,158.03,1221.97,-34.0721,158.107,1225.4,-48.3996,157.756,1233.42,-33.7459,157.44,1228.3,-58.8172,139.602,1244.04,-31.2858,140.774,1213.7,-67.0398,114.799,1232.62,-24.8999,119.692,1180.18,-59.1484,97.8035,1189.13,-22.1375,104.78,1236.52,-51.067,90.3153,1246.74,-33.9541,91.6825,1237.76,-45.3216,54.0096,1244.6,-32.7781,55.8909,1258.28,-45.5448,14.2396,1259.99,-38.2906,19.1395,1165.21,-4.42784,82.1151,1170.6,6.78031,82.4209,1159.83,10.6786,72.2233,1153.94,-0.779649,72.4044,1130.83,24.2132,83.4585
001815:1225.01,-36.8108,154.945,1224.87,-40.4974,158.299,1227.99,-34.7956,158.445,1230.02,-49.2355,158.028,1236.41,-34.585,157.919,1230.18,-59.1204,139.821,1243.17,-32.184,141.028,1205.44,-65.7937,115.46,1236.05,-26.7778,120.103,1145.32,-52.9851,101.244,1201.43,-25.7125,106.39,1237.88,-51.063,89.9072,1245.22,-34.1233,91.5606,1239.3,-45.0991,53.1669,1240.49,-32.4685,55.6918,1264.66,-45.8552,12.727,1262.63,-38.6079,18.4897,1161.69,-11.4054,88.7914,1164.3,-0.391583,90.9877,1152.67,4.29794,81.7477,1150.12,-6.9737,79.9469,1118.05,26.3953,90.6534
002019:285.982,156.275,0.54316
