001393:1087.03,-39.8769,163.309,1088.6,-43.5232,166.078,1087.54,-36.8559,166.405,1092.56,-48.8464,161.408,1092.83,-32.1783,162.49,1091.53,-55.147,140.73,1099.59,-23.5506,144.204,1085.31,-62.0587,116.522,1100.41,-7.98513,131.24,1078.15,-58.0376,103.968,1090,-6.01469,140.34,1093.62,-47.391,88.2764,1097.34,-26.3273,89.6966,1093.57,-47.8135,50.9192,1100.06,-21.3349,51.5491,1090.44,-49.4492,14.7641,1103.95,-16.2644,16.48,1084.31,-15.1638,183.866,1088.59,-27.4916,192.227,1089.08,-24.0259,208.261,1084.07,-11.4397,199.137,0,0,0
001394:1089.24,-40.7342,163.383,1090.99,-44.4076,166.169,1089.75,-37.7082,166.458,1095.08,-49.6819,161.597,1094.1,-32.8876,162.643,1094.84,-55.9699,140.991,1098.65,-24.1054,144.37,1087.7,-62.793,117.019,1096.79,-8.55278,131.492,1075.71,-58.1081,105.134,1088.48,-7.10992,140.661,1096.06,-48.2444,88.2997,1097.43,-27.1662,89.764,1094.86,-48.4148,50.9461,1097.79,-22.5849,51.7288,1089.43,-49.2584,15.025,1100.68,-17.9128,16.8095,1084.17,-16.6972,184.127,1089.29,-29.0611,192.375,1090.46,-25.7986,208.391,1085.03,-13.1613,199.457,0,0,0
001395:1089.67,-41.2134,163.609,1091.44,-44.84,166.389,1090.28,-38.194,166.669,1095.49,-49.956,161.997,1094.18,-33.2607,162.98,1095.12,-56.2582,141.64,1097.83,-24.4321,144.936,1090.5,-63.5106,117.836,1096.51,-8.92459,132.372,1078.53,-58.7947,106.282,1091.56,-7.81958,141.9,1095.1,-48.8239,89.4,1096.16,-28.0206,90.7981,1093.27,-48.5586,51.9245,1096.28,-24.0417,52.5907,1091.56,-49.4448,15.4028,1105.01,-20.4545,16.8502,1088.97,-18.3738,184.624,1095.09,-30.9009,192.582,1095.82,-27.9066,208.658,1089.33,-15.0688,200.031,0,0,0
001396:1088.39,-41.5622,163.988,1090.4,-45.2381,166.747,1089.21,-38.5778,167.018,1095.63,-50.5224,162.268,1094.03,-33.7562,163.228,1097.11,-57.0616,141.741,1098.48,-25.0117,144.965,1092.01,-64.733,118.062,1097.33,-9.39231,132.675,1072.75,-59.3521,107.079,1091.01,-8.59236,143.015,1098.72,-49.6725,89.1603,1099.4,-28.9128,90.5276,1095.19,-49.0362,51.7643,1100.67,-25.6567,52.1671,1093.09,-49.8556,15.3167,1112.8,-23.757,16.1243,1087.7,-19.4095,184.542,1094.46,-32.0184,192.321,1094.88,-29.1511,208.358,1087.71,-16.1737,199.938,0,0,0
001397:1088.88,-42.0746,164.123,1090.54,-45.8156,166.833,1089.81,-39.1754,167.172,1095.01,-51.1166,162.364,1094.52,-34.3995,163.434,1095.48,-57.4079,141.843,1099.57,-25.5348,145.13,1090.17,-64.8993,117.993,1097.7,-9.9725,132.97,1075.3,-59.3321,106.92,1087.74,-9.259,143.709,1098.88,-49.7282,88.988,1101.77,-29.307,90.2436,1095.89,-48.9644,51.3844,1104.84,-27.14,51.4079,1094.86,-50.1848,14.8063,1116.5,-27.3587,15.2108,1089.71,-20.76,184.754,1096.96,-33.5336,192.314,1099.21,-30.9702,208.402,1091.38,-17.7381,200.229,0,0,0
001398:1089.03,-42.572,164.127,1090.86,-46.328,166.798,1090.22,-39.7279,167.184,1096.24,-51.6513,162.427,1095.96,-34.9739,163.543,1097.53,-57.9625,142.027,1101,-25.9062,145.364,1093.81,-65.7259,117.915,1098.01,-10.1652,132.951,1077.36,-60.4446,106.516,1086.97,-9.43445,143.144,1098.33,-49.759,89.8202,1101.08,-29.4918,91.0372,1094.34,-48.8317,52.33,1103.31,-28.0038,52.3107,1093.61,-50.3148,15.8139,1115.12,-29.4341,15.9801,1090.45,-22.0714,184.728,1098.49,-35.0502,192.068,1100.69,-32.7828,208.306,1092.22,-19.3427,200.361,0,0,0
001399:1089.38,-43.1773,164.401,1091.13,-46.9201,167.071,1090.41,-40.3092,167.437,1095.97,-52.1099,162.707,1095.59,-35.4498,163.797,1096.93,-58.2933,142.36,1099.69,-26.336,145.639,1095.63,-66.0937,118.254,1098.08,-10.4035,133.496,1081.44,-60.7895,106.879,1091.15,-9.90063,144.18,1096.34,-50.3526,90.2029,1098.79,-30.3476,91.3372,1092.52,-49.2081,52.5795,1100.57,-29.4901,52.4925,1093.23,-50.2898,15.8474,1114.66,-31.534,15.8183,1093.47,-23.618,184.791,1100.11,-36.7039,191.699,1102.05,-34.8795,207.947,1095.08,-21.2975,200.518,0,0,0
001400:1089.48,-43.588,164.651,1090.6,-47.3122,167.281,1090.33,-40.728,167.677,1093.74,-52.4603,162.903,1093.98,-35.8773,164,1093.94,-58.6545,142.521,1096.09,-26.7302,145.845,1092.35,-66.7308,118.641,1093.41,-11.0487,134.007,1081.23,-61.4481,107.637,1086.89,-11.2594,145.189,1094.01,-50.5434,90.5054,1096.97,-30.7201,91.6324,1090.43,-49.1032,52.8817,1101.48,-30.3973,52.5743,1090.96,-50.2177,16.1732,1115.69,-33.6213,15.8318,1096.4,-25.2982,184.643,1103.22,-38.3855,191.488,1105.91,-36.6311,207.697,1098.92,-23.0369,200.337,0,0,0
001401:1088.36,-43.9882,164.698,1089.93,-47.6912,167.35,1089.3,-41.1142,167.702,1094.25,-52.7265,163.043,1093.62,-36.2363,164.101,1095.11,-58.8368,142.839,1095.5,-27.2095,146.148,1093.59,-67.0787,118.865,1090.21,-11.484,134.645,1079.08,-62.1914,107.401,1083.59,-11.4645,145.954,1093.37,-51.0218,90.9972,1095.73,-31.6617,92.0951,1090.03,-49.2509,53.2915,1102.83,-32.1298,52.7572,1087.24,-49.8487,16.8783,1118.7,-35.915,15.8542,1096.28,-26.5112,184.922,1102.74,-39.4769,191.386,1105.42,-38.0848,207.422,1098.89,-24.5761,200.516,0,0,0
001402:1086.95,-44.3488,164.954,1088.44,-48.017,167.603,1087.94,-41.5072,167.962,1093.53,-53.0767,163.425,1092.82,-36.7261,164.439,1095.15,-59.2317,143.348,1096.25,-27.8619,146.665,1095.03,-67.5623,119.295,1092.12,-12.2579,135.199,1082.93,-63.0691,107.637,1088.52,-12.5508,146.461,1093.65,-51.4806,91.9606,1096.02,-32.3291,93.0103,1089.92,-49.6289,54.0811,1101.49,-33.1942,53.6004,1087.35,-50.1894,17.4012,1115.93,-37.1822,16.3505,1098.23,-27.8561,184.333,1104.03,-40.8196,190.512,1106.86,-39.7606,206.478,1101.16,-26.2551,199.893,0,0,0
001403:1090.6,-45.2964,165.22,1091.38,-48.9761,167.823,1090.92,-42.4192,168.236,1093.45,-53.8293,163.445,1093.16,-37.3772,164.611,1093.15,-59.6217,143.112,1093.88,-28.1153,146.737,1094.68,-67.9117,118.673,1090.06,-12.2896,135.677,1086.93,-63.6931,106.355,1090,-13.2419,147.544,1093.04,-51.5355,91.527,1095.38,-32.4109,92.6244,1089.49,-49.7126,53.6789,1099.56,-33.6986,53.2563,1088.03,-50.2651,17.0724,1113.47,-38.6401,16.1488,1101.83,-29.1772,183.826,1106.46,-42.059,189.624,1108.95,-41.2861,205.382,1104.47,-27.8351,199.251,0,0,0
001404:1087.59,-45.3588,165.278,1089.14,-49.0113,167.887,1088.61,-42.4901,168.303,1093.74,-53.9145,163.728,1092.88,-37.5345,164.781,1093.24,-59.8932,143.597,1095.09,-28.3014,146.913,1089.38,-68.3705,119.795,1092.75,-12.4499,135.214,1074.67,-64.0432,108.604,1089.32,-13.4621,146.119,1091,-51.8008,92.6609,1093.33,-32.7045,93.6149,1088.74,-49.9737,54.766,1096.98,-34.2297,54.434,1089.9,-50.7795,17.8209,1112.03,-39.3902,16.9963,1102.57,-30.1546,183.192,1108.82,-43.27,189.029,1112.11,-42.6205,205.13,1105.85,-28.9324,198.891,0,0,0
001405:1087.96,-45.8426,165.305,1088.95,-49.5389,167.908,1088.87,-43.0048,168.303,1092.63,-54.557,163.683,1092.89,-38.1948,164.732,1091.88,-60.627,143.545,1096.55,-29.1458,146.938,1088.94,-69.0253,119.722,1096.02,-12.713,135.97,1079.05,-64.2155,108.349,1091.09,-13.5181,147.944,1093.34,-52.9114,92.5084,1096.78,-33.9281,93.4323,1092.03,-50.9803,54.562,1098.5,-35.6997,54.3329,1094.87,-51.4377,17.4869,1108.18,-40.8844,17.463,1101.28,-31.3546,183.252,1106.41,-44.4428,188.43,1110.16,-44.4802,204.258,1105.37,-30.8075,198.757,0,0,0
001406:1085.21,-46.1592,165.341,1086.5,-49.8539,167.916,1086.32,-43.3685,168.338,1091.66,-54.9292,163.727,1091.4,-38.6631,164.813,1092.83,-61.0238,143.639,1095.67,-29.6884,147.002,1091.34,-69.5468,119.652,1093.96,-13.2789,135.761,1077.4,-64.8484,107.958,1087.59,-13.7655,147.111,1094.33,-53.2867,92.657,1096.52,-34.4267,93.6527,1093.17,-51.1375,54.6733,1097.9,-36.1242,54.6059,1097.74,-52.0349,17.3723,1109.68,-41.8058,17.5998,1101.13,-32.1869,182.285,1107.06,-45.4977,187.146,1111.2,-45.9029,203.131,1105.56,-31.9958,197.944,0,0,0
001407:1085.12,-46.335,165.175,1086.18,-50.0473,167.719,1086.3,-43.5901,168.153,1091.26,-55.2584,163.513,1091.79,-39.059,164.582,1091.81,-61.4499,143.495,1097.45,-30.2427,146.844,1089.02,-70.1128,119.785,1099.59,-13.7293,135.896,1075.87,-65.4872,108.279,1093.43,-14.1877,147.634,1094.3,-53.6722,92.8534,1097.88,-34.9335,93.7454,1092.14,-51.5741,55.0175,1098.08,-36.9311,54.8456,1099.51,-52.8512,17.5799,1110.7,-43.1556,17.7481,1102.41,-33.089,182.139,1108.05,-46.4066,186.639,1110.84,-47.1138,202.442,1105.52,-33.2135,197.621,0,0,0
001408:1085.56,-46.7554,164.89,1086.57,-50.455,167.427,1086.58,-43.9855,167.865,1091.43,-55.6036,163.21,1091.59,-39.3893,164.28,1092.59,-61.7611,143.186,1096.17,-30.5622,146.517,1091.23,-70.4558,119.575,1096.65,-14.0904,135.808,1076.68,-65.3271,108.479,1091.93,-14.9376,147.983,1094.94,-54.1896,92.3996,1097.83,-35.5132,93.2818,1092.38,-52.0462,54.5038,1099.94,-37.7826,54.1446,1099.58,-53.3802,16.9806,1115.62,-44.5129,16.703,1105.03,-34.3039,181.564,1111.17,-47.6143,185.903,1114.05,-48.4576,201.622,1108.25,-34.5523,196.974,0,0,0
001409:1084.66,-47.0408,164.757,1085.26,-50.7505,167.272,1085.66,-44.2891,167.741,1089.26,-55.9907,163.133,1090.2,-39.8109,164.193,1089.81,-62.3434,143.17,1094.55,-30.9793,146.453,1088.69,-71.465,119.786,1095.65,-14.4139,135.757,1077.75,-66.3365,108.882,1091.75,-15.4614,147.829,1092.92,-54.6038,92.6916,1096.67,-35.9365,93.5299,1092,-52.3728,54.7535,1100.72,-38.5315,54.3392,1098.94,-53.9402,17.2207,1117,-46.1122,16.7911,1106.93,-35.3633,180.775,1114.14,-48.6884,184.91,1117.81,-49.7754,200.567,1110.9,-35.8709,196.084,0,0,0
001410:1085.54,-47.4259,164.691,1086.22,-51.06,167.203,1087.13,-44.715,167.659,1090.78,-56.11,163.065,1093.21,-40.2113,164.138,1090.27,-62.1101,143.233,1099.11,-31.5541,146.514,1087.24,-71.2816,119.726,1100.17,-15.0955,135.954,1077.84,-67.6841,107.866,1091.68,-15.8345,147.978,1092.92,-54.6109,93.0625,1098.8,-36.5995,93.6615,1090.67,-52.5828,55.1446,1099.2,-39.9899,54.5327,1098.08,-54.6704,17.6269,1111.9,-48.2464,17.1774,1105.27,-36.0905,180.172,1112.06,-49.2485,183.842,1117.99,-50.8238,199.315,1111.51,-37.0301,195.348,0,0,0
001411:1086.54,-47.5185,164.455,1086.48,-51.1721,166.928,1087.62,-44.8403,167.391,1089.22,-56.3596,162.709,1091.98,-40.5119,163.742,1088.52,-62.4718,142.819,1096.39,-32.069,146.016,1086.47,-71.5964,119.33,1098.63,-15.6265,135.54,1081.64,-67.4399,107.666,1093.21,-16.3543,147.93,1092.13,-55.086,92.8594,1098.1,-37.3024,93.3662,1091.05,-53.0709,54.9443,1102.26,-41.5568,54.0713,1095.6,-55.118,17.741,1113.91,-50.8689,16.8321,1104.46,-36.9079,179.328,1111.3,-50.0905,182.884,1116.35,-51.7665,198.3,1109.88,-37.9462,194.437,0,0,0
001412:1086.42,-47.9793,164.123,1086.31,-51.5995,166.624,1087.78,-45.3128,167.079,1089.79,-56.7709,162.651,1093.32,-41.0183,163.654,1089.99,-62.9775,142.958,1099.69,-32.5845,146.022,1088.5,-72.3503,119.623,1102.57,-16.0506,135.297,1085.35,-68.4668,107.983,1094.42,-16.6199,147.085,1094.44,-55.7221,93.0354,1101.49,-38.0035,93.4377,1092.7,-53.6799,55.0895,1105.35,-42.4541,54.0644,1095.58,-55.6674,17.9611,1114.19,-51.7997,16.8852,1105.24,-37.5502,178.646,1113.38,-50.7606,182.075,1118.44,-52.5898,197.455,1110.83,-38.7768,193.723,0,0,0
001413:1087.48,-48.4578,163.372,1087.43,-52.0207,165.854,1089.08,-45.8361,166.313,1090.34,-56.9498,161.908,1094.5,-41.4665,162.967,1089.19,-62.786,142.284,1099.66,-33.0122,145.388,1088.91,-72.5088,119.106,1100.07,-16.5974,135.075,1088.47,-69.5969,107.186,1090.22,-17.0811,146.949,1091.29,-55.4973,92.5527,1100.09,-38.3809,92.8474,1089.88,-53.4752,54.8601,1108.23,-43.4423,53.3327,1092.14,-55.8259,18.0584,1122.89,-54.0223,15.8412,1104.09,-38.0868,177.783,1112.28,-51.1242,180.983,1119.55,-53.1467,196.169,1111.6,-39.4674,192.688,0,0,0
001414:1089.68,-49.0476,162.877,1089.18,-52.514,165.371,1091.16,-46.4103,165.759,1091.44,-57.2704,161.454,1096.13,-41.9918,162.433,1090.49,-63.1017,141.947,1101.28,-33.714,145.025,1089.57,-73.1219,118.881,1099.86,-17.0823,135.053,1093.39,-71.4651,106.318,1088.45,-17.438,147.022,1094.16,-56.28,92.5589,1103.37,-39.5474,92.751,1093.78,-54.1778,55.0091,1113.21,-45.2351,53.3122,1089.31,-55.3056,19.1156,1118.39,-55.0975,16.8357,1103.88,-38.9156,177.102,1112.77,-51.8961,180.058,1121.47,-54.2149,195.14,1113.06,-40.6188,191.953,0,0,0
001415:1090.27,-49.4853,162.444,1089.27,-52.9268,164.898,1091.39,-46.8824,165.304,1090.15,-57.6864,160.954,1095.23,-42.5999,161.951,1089.67,-63.6098,141.609,1099.55,-34.5217,144.709,1095.44,-74.3388,118.438,1099.18,-17.85,134.972,1106.4,-73.4858,105.174,1089.31,-17.7607,146.785,1093.85,-56.8643,92.9235,1103.08,-40.42,93.1288,1092.26,-54.4585,55.7089,1112.69,-46.0063,54.0472,1090.52,-56.1825,19.7723,1121.73,-56.4324,17.5073,1106.86,-39.8424,176.536,1115.6,-52.8227,179.033,1121.64,-55.3938,193.933,1113.68,-41.8271,191.218,0,0,0
001416:1088.99,-49.8473,162.107,1088.69,-53.3309,164.568,1090.98,-47.3247,164.946,1092.37,-58.3335,160.633,1098.72,-43.4449,161.593,1092.58,-64.3126,141.322,1107.32,-35.873,144.344,1097.26,-74.8413,117.948,1105.32,-19.0139,134.567,1107,-73.994,104.065,1088.6,-18.037,146.223,1096.02,-57.7633,92.5314,1108.24,-41.8897,92.5809,1091.73,-54.8795,55.4679,1117.84,-48.0451,53.3914,1087.59,-55.8743,19.9924,1126.49,-58.607,16.9692,1107.66,-40.3383,175.933,1116.21,-53.1603,178.081,1125.67,-56.2573,192.793,1117.6,-42.778,190.459,0,0,0
001417:1088.77,-50.1799,161.613,1088.99,-53.6953,164.06,1091.15,-47.6515,164.432,1094.69,-58.8782,160.048,1100.39,-43.8932,160.957,1094.92,-64.9662,140.593,1109.49,-36.39,143.456,1092.69,-74.9715,117.657,1107.03,-19.1352,133.701,1093.01,-72.7274,104.802,1087.7,-17.9707,145.675,1096.81,-58.6445,91.7344,1108.09,-42.6162,91.708,1092.17,-55.9193,54.9389,1116.33,-48.7466,52.8934,1090.04,-56.9524,19.5025,1123.83,-59.2033,16.8735,1107.05,-40.631,174.45,1117.35,-53.6087,176.557,1128.91,-56.8839,191.377,1118.88,-43.2085,189.032,0,0,0
001418:1090.37,-50.848,160.891,1090.21,-54.2517,163.357,1092.33,-48.2639,163.72,1094.38,-59.0195,159.609,1099.85,-44.1624,160.545,1095.79,-65.1334,140.355,1106.68,-36.2833,143.237,1101.31,-76.4953,117.438,1102.77,-19.0273,133.518,1112.19,-76.0004,103.992,1086.43,-18.2481,144.793,1096.15,-58.7424,91.8829,1106.55,-42.8393,91.8753,1089.9,-55.6602,55.3709,1115.84,-49.2022,53.1701,1084.91,-56.5723,20.3359,1123.27,-60.2986,17.3203,1108.64,-41.255,173.996,1119.41,-54.1049,176.145,1130.66,-57.1543,190.883,1120.61,-43.6912,188.531,0,0,0
001419:1091.83,-51.3314,160.542,1090.91,-54.6856,162.991,1093.2,-48.7592,163.341,1092.85,-59.3127,159.251,1098.49,-44.621,160.191,1092.96,-65.2766,140.137,1105.69,-36.8384,143.074,1096.77,-76.5257,117.5,1104.09,-19.4982,133.807,1110.44,-76.2469,103.992,1090.56,-18.6326,145.317,1099.04,-59.3128,91.9241,1111.16,-43.7162,91.8343,1092.99,-56.1779,55.561,1124.25,-50.5861,52.9857,1083.34,-56.6209,21.1265,1129.93,-61.8881,17.261,1110.25,-41.769,173.2,1119.46,-54.3282,174.989,1129.72,-57.5508,189.325,1121.27,-44.4088,187.376,0,0,0
001420:1090.09,-51.3281,160.093,1089.94,-54.7969,162.503,1092.23,-48.8562,162.874,1093.89,-59.7883,158.703,1099.78,-45.1662,159.627,1092.99,-65.8144,139.501,1107.19,-37.6351,142.329,1093.25,-76.7112,116.963,1104.72,-19.9063,133.039,1095.89,-75.0535,103.776,1087.85,-17.922,144.42,1096.01,-59.6406,91.163,1108.66,-44.3031,91.0557,1087.84,-56.2208,55.3122,1117.83,-51.0817,52.8386,1088.98,-57.4776,20.3452,1136.2,-63.7306,16.6954,1110.93,-42.1478,172.275,1120.83,-54.8882,173.695,1133.35,-58.6998,188.09,1123.57,-45.256,186.473,0,0,0
001421:1087.28,-51.3334,159.606,1087.36,-54.7863,162.003,1089.56,-48.9183,162.371,1093.21,-59.9636,158.215,1099.58,-45.5625,159.171,1095.57,-66.2762,139.097,1110.23,-38.5425,142.009,1100.38,-77.7321,116.192,1105.39,-20.945,133.097,1104.71,-76.3045,102.205,1083.89,-18.5477,144.771,1100.78,-60.5549,91.0151,1113.02,-45.5045,90.9756,1091.74,-56.6396,55.1249,1119.28,-52.1087,52.9177,1090.67,-58.3432,20.2319,1132.44,-65.2459,17.3248,1109.62,-42.5385,171.588,1121.82,-55.0838,172.708,1136.48,-59.0907,186.728,1124.38,-45.8235,185.401,0,0,0
001422:1088.06,-51.8218,159.102,1088.32,-55.2275,161.458,1090.46,-49.3911,161.826,1093.2,-60.1114,157.664,1098.43,-45.7173,158.583,1093.02,-66.0781,138.627,1104.53,-38.2684,141.491,1095.9,-77.7049,116.334,1099.99,-20.7134,132.683,1102.64,-77.4133,102.724,1080.58,-18.7774,144.021,1091.46,-59.7405,91.3809,1101.41,-44.7457,91.2574,1088.41,-56.8434,55.7007,1109.14,-51.9946,53.7547,1094.81,-59.0654,20.6604,1124.67,-65.357,18.3792,1110.72,-43.0393,170.375,1124.23,-55.5819,171.459,1139.9,-59.7168,185.461,1126.34,-46.4453,184.16,0,0,0
001423:1090.42,-52.0224,158.46,1090.49,-55.4134,160.838,1092.35,-49.589,161.126,1095.36,-60.3307,157.065,1098.13,-45.7996,157.857,1096.3,-66.4967,137.959,1102.33,-38.3495,140.751,1097.95,-78.4424,115.788,1097.83,-20.5799,132.071,1104.51,-78.9364,101.744,1085.72,-18.6173,143.257,1095.43,-60.3357,90.6017,1100.78,-45.0479,90.4885,1099.06,-58.5722,54.7246,1109.53,-52.9454,53.2223,1100.71,-60.3337,20.2905,1116.08,-65.5539,18.881,1111.11,-42.7691,169.224,1122.27,-55.0953,170.282,1136.18,-59.1704,184.113,1125.03,-46.1481,182.877,0,0,0
001424:1088.27,-52.0591,157.897,1088.67,-55.5082,160.221,1090.15,-49.7019,160.54,1094.19,-60.5817,156.472,1096.62,-46.1908,157.256,1094.57,-66.6682,137.387,1101.53,-38.8582,140.06,1092.82,-78.089,115.788,1097.84,-20.9738,131.502,1092.92,-77.2978,102.828,1087.13,-18.5613,142.653,1093.64,-60.3442,89.9941,1099.14,-45.2752,89.8572,1097.21,-58.6604,54.5049,1107.79,-53.3827,52.9446,1100.11,-60.7708,20.347,1116.45,-66.7805,18.8937,1112.86,-42.8174,168.138,1124.82,-55.3077,169.037,1140.1,-59.7081,182.891,1127.73,-46.4707,181.787,0,0,0
001425:1087.9,-52.5448,157.435,1087.73,-55.865,159.79,1089.76,-50.1834,160.022,1091.82,-60.6684,156.082,1095.71,-46.5298,156.749,1093.09,-66.6337,137.187,1101.45,-39.4717,139.798,1097.95,-78.6796,115.68,1097.27,-21.8631,131.674,1110.01,-80.0467,101.953,1082.12,-19.6453,143.245,1095.12,-60.9099,89.9798,1101.79,-46.2542,89.5816,1099.5,-59.8257,54.4041,1110.2,-55.1606,52.6048,1104.6,-61.5185,20.254,1116.63,-67.8915,18.5134,1113.15,-43.4947,167.725,1127.05,-55.702,168.552,1141.82,-60.0989,181.963,1127.91,-47.1846,180.996,0,0,0
001426:1087.45,-52.4166,157.063,1087.57,-55.8325,159.366,1089.36,-50.1402,159.653,1092.91,-61.0877,155.514,1096.08,-46.9337,156.301,1095.35,-67.2981,136.583,1101.12,-40.1953,139.506,1097.7,-78.9108,114.696,1094.92,-22.6405,131.949,1104.66,-79.0114,100.384,1079.1,-19.9128,144.103,1096.29,-61.5282,89.5691,1100.74,-46.722,89.5385,1101.83,-60.111,53.9052,1107.6,-54.564,52.7032,1104.47,-62.5785,19.7157,1109.93,-67.2645,19.2396,1111.1,-43.1843,166.806,1123.69,-55.0432,167.228,1139.55,-59.6291,180.104,1126.86,-47.0713,179.533,0,0,0
001427:1088.05,-52.9351,156.456,1088.34,-56.3283,158.78,1089.63,-50.606,159.02,1093.51,-61.478,155.016,1095.36,-47.2119,155.71,1096.1,-67.6416,136.172,1098.99,-40.311,139.024,1097.7,-78.8552,114.487,1092.25,-22.4259,131.496,1099.97,-78.4598,100.523,1079.82,-19.8867,143.409,1096.7,-62.148,89.4816,1099.74,-47.2418,89.2923,1102.16,-61.3134,53.9994,1109.22,-55.8965,52.4815,1101.49,-62.796,20.4058,1112.89,-67.993,18.7763,1111.61,-43.4914,164.956,1124.05,-55.2547,165.184,1138.54,-60.0532,177.935,1126.09,-47.6156,177.594,0,0,0
001428:1084.84,-52.9771,155.861,1085.1,-56.3794,158.163,1086.56,-50.6403,158.429,1090.79,-61.6217,154.404,1093.31,-47.3633,155.107,1094.27,-68.0661,135.576,1099.7,-40.553,138.321,1096.94,-79.8413,114.191,1095.06,-22.6793,130.83,1098.62,-79.0659,100.678,1080.96,-19.9776,142.898,1097.68,-62.6988,88.7948,1102.73,-47.7477,88.5489,1099.14,-61.29,53.554,1111.75,-56.2247,51.7195,1098.93,-63.2448,19.8814,1118.63,-69.3279,17.8056,1108.97,-43.338,164.263,1120.49,-54.7785,164.539,1133.72,-59.223,176.955,1122.03,-47.1341,176.532,0,0,0
001429:1083.79,-53.3266,155.553,1084.25,-56.7457,157.872,1085.69,-50.9963,158.159,1090.67,-62.006,154.17,1093.32,-47.6528,154.933,1094.05,-68.3325,135.332,1100.96,-40.6794,138.186,1096.6,-79.8507,113.454,1098.51,-22.651,130.236,1099.2,-79.3363,98.9726,1085.11,-19.8366,141.531,1096.45,-62.7068,88.6753,1101.99,-47.6737,88.3561,1096.34,-61.6419,53.437,1108.35,-56.2774,51.5519,1098.68,-64.1014,19.4989,1115.8,-69.4576,17.3543,1112.6,-43.6328,163.113,1123.14,-55.0019,163,1137.01,-59.8757,175.338,1126.04,-47.8015,175.297,0,0,0
001430:1083.26,-53.4764,155.239,1083.61,-56.897,157.563,1085.16,-51.1422,157.857,1089.39,-62.151,153.883,1092.23,-47.7934,154.638,1093.2,-68.5074,135.013,1098.66,-40.8182,137.827,1098.05,-80.1606,113.124,1093.92,-22.9476,129.827,1102.86,-79.6341,98.591,1080.2,-20.317,141.002,1095.07,-62.8227,88.1158,1099.95,-47.7734,87.8095,1098.05,-62.0068,52.6405,1108.8,-56.5418,50.791,1099.72,-64.615,18.6769,1114.8,-69.8136,16.7454,1113.21,-44.0213,162.158,1124.56,-55.3125,162.03,1139.15,-60.2458,174.228,1127.49,-48.2439,174.208,0,0,0
001431:1084.63,-54.3037,154.928,1085.13,-57.7238,157.212,1086.34,-51.9335,157.564,1090.58,-62.8584,153.339,1093.24,-48.4087,154.286,1095.29,-69.0452,134.301,1098.42,-41.1592,137.594,1102.54,-80.7513,111.756,1090.2,-23.1983,130.097,1105.59,-80.3466,96.2179,1073.51,-20.8419,141.707,1096.2,-63.083,87.881,1100.82,-47.9802,87.7202,1097.02,-61.9711,52.5546,1112.25,-56.6147,50.5034,1092.36,-64.5356,19.1399,1117.41,-70.1164,16.4203,1106.69,-43.8158,161.586,1118.6,-54.7256,161.368,1131.73,-59.3708,173.113,1119.68,-47.7809,173.197,0,0,0
001432:1084.73,-55.0505,154.714,1085.08,-58.3926,157.021,1086.5,-52.5639,157.368,1090.11,-63.2024,153.224,1092.91,-48.6438,154.161,1095.03,-69.4163,134.211,1098.34,-41.0298,137.402,1103.5,-81.8006,112.047,1092.77,-23.1077,129.973,1108.45,-81.9938,96.7063,1077,-21.2822,141.625,1097.01,-63.7209,87.6441,1102.55,-48.3973,87.3208,1094.72,-62.6984,52.4258,1113.1,-57.1186,50.0135,1093.98,-65.7349,18.5666,1124.55,-71.2739,15.1822,1104.7,-43.5763,160.226,1114.11,-53.8312,160.043,1124.57,-57.963,171.233,1115.22,-47.1258,171.3,0,0,0
001433:1083.97,-55.226,154.465,1084.84,-58.629,156.752,1085.64,-52.7646,157.131,1090.98,-63.6623,152.94,1091.51,-48.9913,153.872,1095.64,-70.0171,133.918,1095.41,-41.3759,137.074,1098.22,-81.9404,112.135,1088.53,-23.4058,129.479,1095.22,-81.1639,97.7111,1077.44,-21.2972,140.809,1094.31,-64.0272,87.5119,1097.79,-48.4504,87.3338,1094.28,-63.0842,52.1399,1113.96,-56.9547,49.7138,1084.78,-65.8424,18.8871,1125.01,-70.7084,14.8228,1104.87,-43.2659,159.271,1114.52,-53.5974,159.295,1125.9,-57.5574,170.599,1115.55,-46.6305,170.385,0,0,0
001434:1082.03,-54.8722,154.396,1082.69,-58.3128,156.672,1084.24,-52.4966,157.035,1089.28,-63.6657,152.77,1092.26,-49.2067,153.646,1094.81,-70.3313,133.759,1100.07,-42.206,136.743,1100.21,-82.6289,112.05,1096.93,-24.209,129.306,1100.69,-81.952,97.3046,1080.5,-21.162,141.029,1096.75,-64.7744,87.154,1103.85,-49.4574,86.8061,1091.05,-63.4193,52.0516,1116.53,-57.6189,49.2654,1085.97,-66.925,18.4074,1131.15,-71.7287,14.0514,1102.02,-42.3699,158.646,1110.42,-52.4423,158.259,1119.62,-56.5555,169.115,1110.72,-45.9079,169.307,0,0,0
001435:1081.85,-55.293,154.281,1082.58,-58.7422,156.552,1084.1,-52.9184,156.901,1089.42,-64.1749,152.556,1093.05,-49.6898,153.422,1096.28,-70.9017,133.454,1101.35,-42.7625,136.478,1103.17,-83.0427,111.56,1097.18,-24.9575,129.059,1100.7,-82.1566,96.5302,1079.86,-22.116,140.888,1099.01,-65.3327,86.7607,1106.63,-49.9794,86.3567,1090.62,-64.0311,51.8137,1119.14,-58.3884,48.7576,1083.87,-67.2453,18.4568,1135.48,-72.5518,13.309,1100.36,-42.1811,157.647,1108.54,-51.8538,157.35,1118.43,-55.7944,167.784,1109.94,-45.5624,167.911,0,0,0
001436:1081.96,-55.4397,154.157,1082.75,-58.9242,156.454,1084.07,-53.0166,156.798,1089.53,-64.4737,152.424,1092.55,-49.7779,153.253,1095.64,-71.3914,133.158,1101.29,-42.8935,136.128,1102.31,-83.3493,110.731,1098.23,-24.7738,128.154,1103.46,-82.1472,94.9381,1081.2,-21.5812,139.526,1099.09,-66.1474,86.4186,1106.15,-50.4646,85.9756,1093.03,-65.075,51.2803,1117,-58.6805,48.5161,1088.12,-68.3028,17.5955,1132.28,-72.4557,13.106,1099.9,-42.2965,156.691,1107.48,-52.0944,156.468,1117.52,-56.0433,167.151,1109.23,-45.6262,167.162,0,0,0
001437:1082.39,-55.6745,154.218,1083.43,-59.2114,156.484,1084.15,-53.2675,156.862,1090.29,-64.8959,152.414,1092.61,-50.1351,153.287,1098.16,-71.8663,133.073,1099.38,-43.1889,136.277,1105.33,-83.7803,110.61,1093.47,-25.2742,128.688,1097.39,-81.9585,95.2843,1078.65,-22.6107,140.318,1100.22,-66.1048,86.3316,1105.91,-50.4053,86.0359,1090.43,-64.8178,51.3283,1118.11,-58.9132,48.336,1080.6,-67.9155,18.0628,1136.13,-73.2782,12.5055,1105.34,-43.5679,156.304,1115.22,-53.2826,156.009,1126.04,-57.3726,166.429,1115.53,-47.0446,166.538,0,0,0
001438:1083.3,-56.5672,154.231,1084.62,-60.065,156.509,1085.5,-54.1296,156.919,1091.78,-65.5436,152.533,1093.73,-50.7783,153.447,1097.73,-72.2184,133.256,1099.82,-43.5307,136.448,1102.1,-83.9444,110.992,1092.91,-25.6323,128.674,1096.96,-82.9562,95.4297,1079.22,-23.2492,139.66,1096.86,-66.257,86.5087,1102.78,-50.5016,86.157,1089.66,-65.5295,51.2451,1116.28,-58.9738,48.2301,1082.91,-69.2556,17.5374,1137.71,-73.2579,11.801,1112.69,-44.7229,154.537,1121.89,-54.3058,153.918,1135.04,-58.7645,164.13,1124.48,-48.5333,164.569,0,0,0
001439:1082.39,-56.7827,154.035,1083.18,-60.2468,156.295,1084.78,-54.4111,156.727,1089.71,-65.7716,152.247,1093.91,-51.2573,153.199,1095.04,-72.3331,132.957,1103.03,-44.2908,136.141,1100.92,-83.985,110.669,1100.89,-26.5271,128.438,1101.24,-83.3127,94.8468,1085.8,-23.6715,139.702,1096.51,-66.5486,86.1753,1105.63,-50.9628,85.745,1087.98,-65.9167,51.139,1117.64,-58.7112,47.9559,1081.89,-70.3491,17.4329,1136.29,-72.4781,11.8684,1107.39,-43.8069,155.026,1117.13,-53.4583,154.624,1126.05,-57.4357,164.847,1115.12,-47.1702,165.046,0,0,0
001440:1083.55,-57.384,153.939,1083.83,-60.8006,156.239,1084.8,-54.8972,156.668,1087.41,-66.1182,152.346,1089.51,-51.3611,153.232,1092.7,-72.8092,133.161,1093.27,-43.9566,136.177,1099.75,-84.4632,111.025,1089.3,-26.5678,127.655,1097.17,-83.3832,95.7571,1081.07,-24.3692,137.625,1094.56,-66.9495,86.5606,1100.15,-50.8088,86.1874,1088.02,-66.7017,51.329,1115.85,-58.5831,48.2375,1078.44,-70.9832,17.7463,1137.27,-72.0532,11.6859,1109.43,-43.8693,153.359,1119.95,-53.5453,153.424,1127.8,-57.0464,163.864,1116.18,-46.8265,163.54,0,0,0
001441:1083.94,-57.9239,154.031,1084.24,-61.2831,156.372,1085.27,-55.3691,156.776,1087.87,-66.3474,152.603,1090.23,-51.5859,153.496,1092.7,-72.9271,133.497,1095.03,-44.0247,136.516,1098.12,-84.6967,111.374,1093.48,-26.72,127.962,1095.96,-84.314,95.6748,1089.26,-24.9243,137.724,1094.26,-67.2671,86.7599,1101.76,-51.2367,86.2767,1084.55,-66.8058,51.5561,1119.62,-59.3182,47.88,1069.37,-70.3932,18.4015,1141.29,-72.7262,10.9287,1115.5,-44.4007,152.663,1125.8,-53.7629,152.618,1134.39,-57.2204,162.731,1122.97,-47.3474,162.562,0,0,0
001442:1084.21,-58.3705,154.05,1084.22,-61.7391,156.397,1085.35,-55.7811,156.82,1086.76,-66.7498,152.578,1089.85,-51.9091,153.529,1092.27,-73.285,133.293,1094.62,-44.1426,136.409,1101.41,-85.2627,110.999,1092.18,-26.7618,127.791,1105.34,-85.3057,94.6741,1083.97,-24.9726,137.317,1095.16,-67.3324,86.282,1103.06,-51.0771,85.7864,1082,-66.9719,51.4677,1117.36,-58.8342,47.7532,1071.11,-71.2007,18.1555,1141.35,-72.5685,10.7679,1115.98,-44.0269,151.443,1129.99,-53.3508,151.227,1137.41,-56.8283,161.063,1122.07,-46.9492,161.046,0,0,0
001443:1081.25,-59.073,154.16,1081.45,-62.3357,156.54,1082.41,-56.4286,156.953,1084.67,-67.0137,152.808,1086.81,-52.1984,153.807,1091,-73.3268,133.638,1091.12,-44.154,136.872,1098.96,-85.6191,111.535,1088.7,-27.0858,128.424,1098.82,-86.9459,95.1074,1084.76,-25.8733,137.692,1093.31,-67.4026,86.6792,1099.51,-51.0338,86.2279,1083.07,-67.6991,51.4485,1115.05,-58.6843,47.8789,1071.07,-72.342,17.9104,1138.78,-71.9146,10.4765,1120.77,-44.2448,151.096,1136.66,-53.1784,151.069,1145.69,-56.2784,160.49,1128.23,-46.8376,160.299,0,0,0
001444:1084.46,-59.7335,154.098,1084.4,-62.9608,156.519,1085.73,-57.0796,156.92,1086.56,-67.5568,152.889,1089.48,-52.7814,153.901,1090.65,-73.7104,133.954,1093.32,-44.7755,137.161,1096.14,-85.3544,111.718,1091.99,-27.9057,128.682,1094.01,-86.2129,94.9896,1090.37,-26.7204,137.816,1093.14,-68.2382,87.0694,1101.28,-51.9843,86.5541,1081.39,-68.3281,51.6879,1117.8,-59.4779,47.831,1067.68,-72.4277,18.1303,1140.6,-71.8971,10.1696,1127.2,-44.248,150.275,1140.96,-52.7882,150.153,1150.07,-55.8039,159.192,1135.04,-46.8446,159.141,913.744,-51.452,260.505
001445:1086.41,-60.0915,154.457,1086.36,-63.4209,156.809,1087.5,-57.4945,157.27,1087.03,-68.1941,152.934,1090.17,-53.4187,154.038,1089.47,-74.1949,133.862,1091.07,-45.371,137.285,1097.1,-85.7079,111.536,1087.49,-28.0621,129.281,1099.05,-86.7268,94.3487,1085.97,-26.143,138.727,1088.29,-68.0817,87.0443,1096.6,-51.8794,86.6297,1077.31,-68.4469,51.7383,1113.87,-59.0675,47.9458,1065.52,-73.228,18.1504,1139.64,-71.4589,10.2053,1127.43,-43.8859,150.564,1140.94,-52.436,149.985,1153.2,-56.0973,158.772,1138.41,-47.0855,159.175,916.72,-50.5505,259.989
001446:1083.92,-60.271,154.464,1083.96,-63.6534,156.821,1085.25,-57.7002,157.31,1086.03,-68.6325,152.969,1089.7,-53.7223,154.141,1090.11,-74.7178,133.821,1093.16,-45.5957,137.397,1095.1,-86.0368,111.446,1091.56,-28.1683,129.29,1092.78,-86.7725,94.3075,1085.86,-26.1428,138.393,1090.76,-68.2429,86.7693,1098.75,-51.6593,86.4262,1077.7,-68.8702,51.551,1110.53,-58.3298,48.0521,1068.11,-74.2474,17.7415,1132.19,-70.2964,10.6454,1125.5,-44.303,150.044,1144.15,-52.9763,149.233,1155.53,-56.8246,157.865,1135.17,-47.6319,158.487,919.772,-49.659,258.749
001447:1082.61,-60.2981,155.14,1083.04,-63.739,157.494,1083.86,-57.7745,157.939,1084.96,-68.8543,153.281,1087.67,-53.9727,154.459,1088.85,-75.0841,134.167,1092.98,-46.5371,137.148,1091.92,-85.6822,111.342,1093.86,-29.6512,128.844,1091.27,-86.1245,93.0724,1096.46,-28.2249,138.611,1089.93,-69.0832,86.8506,1096.81,-52.4261,86.5089,1076.79,-69.4137,51.2254,1109.69,-58.6107,48.6239,1069.59,-75.3153,17.6228,1131.8,-69.9344,11.188,1128.74,-44.8489,150.031,1138.09,-52.3955,149.792,1144.46,-55.266,157.645,1136.69,-47.7703,158.023,919.941,-48.9658,257.294
001448:1083.42,-60.7582,155.449,1083.62,-64.1801,157.812,1084.5,-58.1863,158.254,1085.02,-69.2401,153.497,1087.86,-54.26,154.74,1088.14,-75.3848,134.282,1093.11,-46.7699,137.521,1091.12,-86.2266,111.297,1095.33,-30.0501,129.867,1092.51,-87.3884,92.2937,1099.52,-29.0291,140.476,1088.99,-69.358,86.7955,1095.91,-52.5732,86.5346,1076.38,-69.8509,50.9565,1107.25,-58.4402,48.5144,1069.95,-76.0081,17.0805,1126.74,-69.4205,11.173,1125.79,-44.7923,150.106,1133.88,-51.6958,149.729,1139.51,-54.358,156.887,1132.96,-47.538,157.439,923.001,-48.0688,256.046
001449:1080.81,-61.0616,155.548,1081.41,-64.484,157.895,1082.09,-58.4625,158.335,1084.58,-69.5938,153.559,1086.71,-54.5264,154.815,1089.52,-75.8897,134.328,1092.02,-46.9138,137.618,1091.04,-86.8585,111.62,1092.29,-29.7817,130.351,1086.4,-87.7127,92.8925,1092.9,-28.4151,141.183,1089.35,-69.9891,86.6999,1094.84,-52.964,86.5151,1075.87,-70.4434,51.0294,1105.67,-58.4959,48.6658,1069.53,-76.3959,17.2964,1127.16,-69.2291,11.3308,1121.5,-44.4659,149.694,1132.35,-51.3502,148.941,1138.82,-54.2061,155.796,1129.2,-47.4192,156.723,926.083,-47.1663,255.157
001450:1084.49,-62.0423,155.402,1084.26,-65.434,157.752,1085.09,-59.3932,158.299,1084.5,-70.4122,153.674,1087.42,-55.2604,155.003,1087.11,-76.3696,134.337,1089.8,-47.0828,138.335,1092.93,-87.1249,111.505,1092.58,-30.2475,131.13,1097.02,-87.8278,93.0964,1094.01,-29.1175,141.324,1088.1,-70.0916,86.8298,1095.51,-53.0192,86.7669,1076.92,-71.118,51.3722,1106.07,-58.4844,48.2908,1069.21,-76.7562,17.1381,1126.31,-69.1171,10.9246,1115.16,-43.7547,149.318,1125.56,-50.851,148.619,1132.91,-53.815,155.724,1121.26,-46.3821,156.383,929.136,-46.9878,253.91
001451:1078.46,-61.9548,155.782,1079.37,-65.4358,158.108,1079.74,-59.3522,158.61,1083.54,-70.7092,153.733,1084.93,-55.4807,155.022,1089.5,-76.9816,134.411,1090.35,-47.6711,137.736,1090.38,-87.4725,111.901,1090.4,-30.4393,130.158,1080.36,-87.4218,94.0423,1090.57,-28.773,140.479,1088.94,-70.6105,86.79,1093.47,-53.2624,86.6556,1074.84,-71.2725,51.0949,1103.99,-58.604,48.7747,1069.61,-77.4511,17.1804,1127.03,-69.0951,11.1444,1119.9,-43.7074,149.682,1130.8,-50.6,149.39,1137.12,-53.0745,156.361,1127.46,-46.2946,156.801,932.229,-46.0806,252.644
001452:1078.9,-62.2264,156.072,1079.58,-65.7344,158.389,1079.9,-59.6378,158.903,1082.6,-71.0912,153.872,1084.14,-55.7589,155.231,1087.85,-77.3053,134.392,1088.25,-47.8573,137.983,1092.76,-87.8087,111.339,1085.45,-30.415,130.853,1089.96,-88.107,92.2227,1086.07,-28.7072,141.702,1086.97,-70.7365,86.7354,1091.8,-53.2305,86.6632,1073.97,-71.7413,51.0807,1102.73,-58.4698,48.8315,1068.41,-78.0229,17.3426,1124.33,-68.759,11.4318,1121.85,-43.3077,149.78,1131.75,-49.7936,149.406,1142.82,-52.3987,155.876,1134.18,-46.0029,156.414,935.251,-45.1568,251.735
001453:1077.6,-62.6583,156.122,1078.4,-66.1278,158.454,1079.24,-60.0761,158.962,1083.02,-71.5221,154.035,1085.65,-56.3063,155.347,1088.75,-78.0048,134.623,1092.87,-48.5941,138.033,1089.35,-88.8274,111.852,1093.44,-31.1794,130.587,1079.88,-89.1625,93.1961,1088.88,-29.1726,141.136,1089.77,-71.8272,87.0862,1095.89,-54.3249,86.941,1074.41,-72.3086,51.4613,1103.05,-58.9947,49.293,1069.75,-78.559,17.3599,1122.57,-68.904,11.946,1112.69,-43.5675,150.202,1121.77,-50.1667,149.811,1129.46,-52.5655,156.51,1121.67,-46.1018,157.021,935.411,-44.4555,250.263
001454:1073.71,-62.5696,156.463,1074.84,-66.0958,158.787,1075.55,-60.0555,159.282,1081.27,-71.7497,154.295,1083.24,-56.4122,155.677,1089.66,-78.304,134.84,1091.28,-48.7654,138.522,1094.35,-89.1068,111.915,1088.41,-31.2474,131.926,1088.18,-89.1414,92.7969,1083.78,-29.0487,143.299,1090.33,-72.0226,87.0304,1095.29,-54.3218,87.0171,1075.7,-72.9032,51.3333,1103.1,-58.9056,49.2737,1070.52,-79.2431,17.3674,1121.92,-68.7001,12.0544,1120.48,-42.9441,150.244,1129.55,-48.8675,149.616,1141.45,-51.3075,155.396,1133.91,-45.5542,156.176,938.521,-43.5386,248.983
001455:1075.3,-62.8345,156.474,1076.61,-66.4025,158.782,1077.05,-60.325,159.265,1083.05,-72.2675,154.207,1083.98,-56.8085,155.485,1089.93,-78.9901,134.548,1090.33,-49.2817,138.106,1089.44,-89.5039,111.839,1086.34,-31.6493,131.54,1071.86,-88.6767,93.1124,1083.64,-29.2002,143.096,1089.89,-72.8265,86.4341,1093.61,-54.9037,86.4296,1077.5,-74.1393,50.88,1102.16,-59.4028,48.9452,1072.49,-80.4043,17.1811,1122.58,-68.9798,11.9709,1121.36,-42.6639,150.381,1130.39,-48.7724,150.118,1143.19,-51.008,156.091,1135.36,-45.0287,156.512,938.667,-42.8372,247.139
001456:1077.68,-63.467,156.655,1078.13,-66.9857,158.963,1078.76,-60.939,159.468,1081.47,-72.653,154.461,1082.95,-57.3099,155.771,1087.99,-79.171,135.006,1087.19,-49.6309,138.629,1092.7,-89.6514,112.268,1084.31,-32.0313,132.185,1086.95,-89.421,93.2885,1084.76,-29.6474,143.603,1089.13,-72.9779,86.968,1092.99,-55.108,86.9716,1076.63,-74.5539,51.3552,1103.64,-59.6656,49.2598,1070.3,-80.8713,17.778,1124.05,-68.839,12.1068,1122.11,-43.8024,150.998,1131.52,-49.9907,150.534,1142.04,-52.4054,156.455,1134.12,-46.3885,157.096,941.797,-41.913,246.218
001457:1075.55,-63.4424,156.963,1076.12,-66.9997,159.273,1076.63,-60.9139,159.768,1080.22,-72.8407,154.714,1081.32,-57.2855,156.018,1087.43,-79.58,135.205,1086.95,-49.6594,138.94,1089.92,-89.9673,112.23,1083.07,-32.0511,132.736,1080.36,-89.7142,92.561,1081.58,-29.6021,144.435,1091.55,-73.4939,87.0124,1095.33,-55.2972,87.0384,1079.59,-75.4148,51.3118,1105.85,-59.8647,49.2681,1070.74,-81.433,17.9912,1123.95,-68.6347,12.2562,1123.18,-42.9188,151.488,1134.93,-48.8269,151.092,1146.94,-51.0624,156.61,1136.17,-45.2743,157.205,944.987,-41.7356,244.202
001458:1076.5,-64.3268,156.862,1077.24,-67.8731,159.2,1077.15,-61.6416,159.768,1080.94,-73.4052,155.049,1081.68,-57.6782,156.418,1088.22,-80.0574,135.641,1085.55,-49.528,139.828,1094.44,-90.9948,112.752,1080.38,-31.8412,133.655,1086.37,-90.9741,93.8697,1077.81,-29.5623,144.443,1092.56,-74.3541,87.1668,1096.2,-55.9493,87.337,1080.23,-76.3242,51.6882,1105.09,-60.0196,48.9647,1069.94,-81.8668,17.7177,1123.8,-68.4245,11.8196,1115.73,-42.8844,151.625,1130.06,-49.4997,151.245,1144.46,-52.0795,157.497,1128.83,-45.2211,157.951,945.152,-41.0276,243.089
001459:1073.46,-64.1803,157.104,1074.11,-67.6907,159.44,1074.42,-61.58,159.933,1079.34,-73.486,154.972,1079.86,-57.8134,156.264,1088.37,-80.4032,135.402,1086.33,-50.1337,139.074,1091.01,-90.8103,112.257,1083.86,-32.7653,132.532,1077.98,-90.2459,92.5052,1081.63,-30.2447,143.854,1092.58,-74.7218,86.8583,1095.38,-56.1692,86.9065,1079.6,-76.727,51.1807,1106.84,-60.3166,49.0268,1069.01,-82.6795,17.8975,1125.53,-68.6317,11.9082,1108.71,-41.7734,150.756,1115.31,-47.1913,150.89,1122.2,-48.484,156.321,1116.85,-43.2543,156.399,948.293,-40.0969,241.784
001460:1078.19,-65.2479,156.566,1078.45,-68.762,158.88,1078.17,-62.5277,159.455,1079.77,-74.1356,154.635,1080.42,-58.4616,156.008,1086.97,-80.7497,135.218,1082.45,-50.2416,139.438,1095.25,-91.9236,112.456,1076.16,-32.3992,133.346,1087.98,-92.4091,93.5702,1074.37,-29.698,144.011,1094.06,-75.2274,86.8474,1097.29,-56.7989,87.0216,1082.92,-77.3663,51.3491,1109.2,-60.9146,48.5069,1066.95,-82.4179,17.9364,1126.12,-68.8166,11.4857,1111.49,-42.1795,151.775,1126.66,-48.7572,151.681,1138.97,-50.8689,157.928,1122.68,-44.0927,158.078,951.443,-39.1622,240.473
001461:1079.57,-65.8798,156.718,1079.9,-69.3949,159.048,1079.46,-63.1463,159.638,1080.86,-74.7156,154.764,1080.82,-58.8891,156.195,1086.98,-81.1532,135.349,1080.85,-50.4644,139.758,1091.98,-91.8208,112.427,1072.52,-32.7928,133.923,1079.11,-92.009,93.4465,1072.34,-30.2631,144.813,1093.41,-75.5346,87.1436,1095.64,-56.865,87.3811,1082.11,-78.0014,51.6289,1106.83,-60.7995,48.9113,1069.08,-83.2902,17.9087,1125.07,-68.2859,11.638,1123.09,-41.7302,152.585,1141.73,-48.0291,153.066,1158.52,-49.5599,159.049,1138.42,-43.062,158.619,954.58,-38.9667,238.426
001462:1076.68,-65.9965,156.635,1077.94,-69.5621,158.953,1077.09,-63.3042,159.541,1081.78,-75.0537,154.666,1081.19,-59.2772,156.042,1087.81,-81.4861,135.208,1083.21,-51.0032,139.354,1090.37,-91.9108,112.469,1072.35,-32.9255,132.863,1073.4,-91.9231,93.9027,1068.56,-29.5175,142.973,1091.4,-75.795,87.0394,1094.12,-57.2207,87.1544,1081.43,-78.4447,51.6399,1107.48,-61.0852,48.7812,1067.73,-83.8208,18.1561,1128.71,-68.4025,11.3507,1118.56,-41.0898,152.789,1134.18,-47.9159,153.425,1152.25,-49.6847,160.199,1134.95,-42.5787,159.578,954.74,-38.2538,237.304
001463:1069.78,-65.6059,156.968,1071.22,-69.1344,159.297,1071.12,-63.0417,159.827,1078.89,-75.058,154.835,1078.36,-59.3738,156.089,1089.06,-82.0246,135.26,1084.88,-51.6027,138.868,1089.38,-92.0169,112.112,1075.53,-33.5201,131.963,1063.85,-91.1826,92.7223,1070.3,-29.5671,142.485,1093.12,-76.416,86.912,1094.64,-57.5952,86.9537,1081.43,-78.9816,51.0957,1106.24,-61.1512,49.1192,1070.02,-84.8079,17.7667,1127.02,-68.0042,11.491,1119.87,-40.8283,152.915,1130.04,-46.9044,153.953,1146.75,-47.9205,160.181,1137.36,-41.9448,159.304,957.986,-37.3252,235.235
001464:1070.41,-66.0965,156.449,1071.83,-69.6885,158.808,1070.99,-63.4755,159.359,1078.53,-75.5299,154.638,1077.68,-59.7146,155.993,1089.28,-82.3982,135.238,1083.84,-51.7803,139.478,1095.08,-92.9825,112.181,1075.77,-33.849,133.089,1072.34,-92.6247,93.5616,1071.71,-30.0857,143.277,1096.34,-76.939,86.7341,1097.27,-57.999,86.9809,1084.06,-79.7129,51.2815,1107,-61.355,48.6818,1068.52,-84.6867,17.8465,1126.2,-67.5902,11.2887,1112.02,-40.4382,154.188,1128.6,-47.1127,155.466,1141.16,-47.9638,162.178,1123.04,-41.0732,160.946,958.218,-36.6249,233.368
001465:1072.43,-66.5472,156.416,1073.27,-70.1445,158.761,1072.84,-63.9397,159.334,1077.63,-75.928,154.527,1077.88,-60.1588,155.938,1085.94,-82.6045,134.977,1082.61,-52.1098,139.328,1089.76,-93.0394,111.761,1074.42,-34.0195,132.977,1068.56,-93.0049,92.5697,1069.19,-29.867,143.117,1093.82,-76.9322,86.3644,1096.66,-58.0521,86.5614,1082.16,-79.9037,51.165,1109.49,-61.3821,48.2614,1065.28,-85.1486,18.1252,1127.04,-67.7113,11.2675,1108.21,-40.0677,154.727,1125.75,-46.9099,156.231,1137.99,-47.5799,163.111,1118.91,-40.5016,161.646,964.358,-36.1736,232.199
001466:1072.45,-66.9448,156.208,1073.61,-70.5639,158.523,1072.9,-64.3275,159.119,1078.24,-76.3214,154.362,1077.84,-60.5583,155.712,1086.69,-83.0259,134.932,1082.03,-52.3876,139.116,1093.72,-93.8889,112.302,1072.59,-33.9343,132.795,1074.16,-94.0227,94.1012,1068.14,-29.3833,142.73,1093.16,-77.2233,86.3565,1095.67,-58.3208,86.5187,1082.01,-80.3587,51.1129,1109.47,-61.6967,48.1481,1064.6,-85.4084,18.1102,1129.53,-67.7902,10.8606,1109.38,-39.8054,155.134,1122.72,-46.7162,156.724,1135.13,-47.4758,163.858,1120.75,-40.3553,162.315,964.676,-35.4828,229.952
001467:1071.65,-67.3151,156.262,1073.04,-70.91,158.588,1072.18,-64.6884,159.166,1078.69,-76.5941,154.42,1077.97,-60.8285,155.747,1087.62,-83.2988,135.043,1082.81,-52.6264,139.095,1091.82,-94.0331,112.565,1072.81,-34.0504,132.434,1069.78,-94.3199,94.6917,1065.82,-29.1498,142.12,1094.1,-77.7285,86.6977,1095.88,-58.7134,86.7969,1085.05,-81.12,51.247,1110.18,-61.9809,48.4289,1066.35,-86.0252,18.2311,1126.81,-67.3038,11.2988,1103.72,-38.8698,155.981,1118.71,-45.9975,158.052,1131.38,-46.3019,165.603,1115.16,-38.9593,163.522,967.794,-34.5146,228.97
001468:1069.66,-67.7082,156.479,1071.32,-71.312,158.803,1070.03,-65.0296,159.407,1077.78,-77.0322,154.595,1076.36,-61.1498,155.887,1087.39,-83.8158,135.065,1081.99,-52.9052,138.914,1094.95,-94.404,112.364,1070.66,-34.3869,131.46,1074.81,-94.0948,94.8073,1066.26,-29.5494,140.617,1093.47,-78.2716,86.5027,1094.98,-59.0525,86.5763,1083.54,-81.4463,51.172,1109.45,-62.1199,48.3174,1065.81,-86.2013,18.13,1129.77,-67.4427,10.973,1108.81,-38.9739,156.584,1122.38,-46.5455,159.453,1136.67,-46.3672,167.845,1121.8,-38.5326,164.913,964.951,-34.052,226.568
001469:1070.78,-67.9187,156.396,1071.97,-71.5006,158.74,1071.33,-65.2934,159.308,1077.8,-77.292,154.505,1077.54,-61.5393,155.737,1087.11,-84.1745,134.942,1083.62,-53.4796,138.662,1093.88,-94.9813,112.344,1074.15,-35.225,130.91,1077.95,-95.5382,94.5736,1066.75,-29.9406,139.948,1093.89,-78.5509,86.3638,1096.58,-59.3745,86.3586,1083.01,-81.7988,51.215,1110.47,-62.2494,48.2661,1066.3,-86.842,18.2295,1130.48,-67.3865,11.0788,1102.94,-37.9829,157.395,1117.89,-45.6713,160.815,1128.08,-44.7418,169.422,1111.66,-36.7768,165.888,971.241,-33.5985,225.366
001470:1070.78,-68.2339,156.14,1071.87,-71.799,158.475,1071.29,-65.6161,159.062,1076.9,-77.5221,154.249,1076.52,-61.8222,155.457,1085.36,-84.298,134.707,1081.51,-53.6453,138.151,1093.07,-94.864,112.147,1073.76,-35.26,129.404,1080.65,-95.3691,94.6538,1068.16,-29.2423,137.383,1090.75,-78.6708,86.3173,1093.27,-59.5035,86.2361,1081.93,-82.0007,51.2114,1107.69,-62.1428,48.3902,1066.45,-87.2162,18.2168,1128.78,-67.0686,11.2938,1098.41,-37.238,157.121,1109.12,-45.4252,160.898,1118.57,-44.3395,170.387,1106.77,-35.853,166.438,971.37,-32.8807,223.478
001471:1068.57,-68.3381,155.875,1069.84,-71.899,158.213,1069.41,-65.7331,158.78,1075.66,-77.6934,154.016,1075.97,-62.0372,155.129,1083.86,-84.6,134.58,1082.29,-53.9793,137.695,1091.29,-95.2574,112.533,1072.16,-35.5366,128.688,1074.54,-95.0763,96.3093,1063.43,-29.2622,136.534,1090.04,-79.1705,86.2975,1093.59,-59.9344,86.0661,1081.06,-82.5363,51.3164,1108.06,-62.444,48.3974,1065.53,-87.614,18.4127,1129.17,-67.0085,11.3648,1096,-36.6938,157.768,1107.89,-45.1003,162.162,1119.73,-43.6247,172.072,1106.59,-34.8981,167.445,974.685,-31.9279,221.729
001472:1067.43,-68.6243,155.694,1069.05,-72.2264,158.019,1068.13,-66.0307,158.576,1075.46,-78.0712,153.729,1074.27,-62.3715,154.883,1084.2,-84.9196,134.089,1079.94,-54.3158,137.28,1089.93,-95.6746,111.75,1068.52,-35.4621,128.029,1071.17,-96.3865,94.5313,1056.41,-28.0481,135.466,1090.47,-79.4454,85.6574,1092.62,-60.2093,85.4563,1082.5,-83.0106,50.9409,1109.45,-62.6463,47.9927,1065.21,-88.2219,18.5644,1131.81,-67.2389,11.2787,1087.21,-35.5112,158.1,1098.77,-44.2532,162.605,1108.64,-42.6421,172.955,1095.65,-33.5181,168.197,974.9,-31.2212,219.462
001473:1066.26,-68.9924,155.318,1067.85,-72.5457,157.669,1067,-66.3522,158.208,1074.5,-78.2359,153.61,1073.35,-62.5165,154.701,1083.5,-85.2648,134.251,1079.98,-54.3113,137.28,1089.92,-96.6585,112.3,1070.98,-35.2607,127.901,1072.93,-98.0519,95.5289,1060.39,-27.8531,134.907,1090.58,-80.0803,86.1199,1092.95,-60.7039,85.8453,1083.1,-83.6363,51.2462,1109.17,-63.0115,48.3426,1068.7,-88.7078,18.3806,1131.47,-67.1307,11.3801,1087.35,-35.5228,158.696,1096.15,-44.2758,163.272,1105.47,-42.5907,173.856,1095.62,-33.529,169.041,978.247,-31.0145,217.714
001474:1065.95,-69.1239,155.248,1067.64,-72.706,157.61,1066.7,-66.5015,158.144,1074.15,-78.4988,153.467,1072.94,-62.7463,154.52,1082.21,-85.4643,134.027,1078.84,-54.604,136.857,1089.83,-96.5656,112.224,1070.54,-35.7759,127.144,1072.76,-97.0266,96.2752,1059.67,-28.0477,134.144,1086.66,-80.0745,85.7386,1088.99,-60.699,85.4269,1080.14,-83.7079,50.8789,1105.65,-63.0049,48.0226,1068.22,-88.7829,17.9029,1132,-67.2268,10.8561,1079.01,-34.3145,159.163,1085.24,-42.9144,164.331,1092.5,-40.5624,175.008,1085.12,-31.6099,169.577,978.373,-30.2934,215.818
001475:1064.77,-69.2234,155.101,1066.2,-72.8201,157.467,1065.59,-66.7041,158.012,1073.02,-78.8586,153.342,1072.17,-63.2258,154.416,1081.47,-85.9359,134.02,1078.91,-55.2869,136.869,1084.48,-96.3875,112.021,1073.49,-36.8252,126.688,1058.12,-96.0742,96.0851,1062.87,-28.5252,133.238,1087.99,-80.4101,86.0815,1090.24,-61.0605,85.8572,1079.42,-83.7113,51.3726,1105.93,-62.9467,48.5976,1066.34,-89.1229,18.461,1131.43,-67.1145,11.5048,1074.52,-33.5945,159.765,1081.05,-42.3193,165.343,1084.59,-39.3874,176.208,1076.94,-30.3396,170.325,981.621,-29.3177,214.419
001476:1064.65,-69.713,154.801,1066.6,-73.2301,157.278,1065.76,-67.1185,157.618,1074.38,-79.0634,152.952,1074.31,-63.4104,153.821,1081.53,-86.2312,133.618,1080.26,-55.5296,136.414,1087.91,-97.5929,111.436,1072.8,-37.1472,126.195,1072.1,-98.9786,95.4011,1060.44,-28.9915,133.462,1087.52,-80.7755,85.7271,1091.81,-61.3756,85.4386,1081.23,-84.21,51.0929,1109.95,-63.3131,48.0659,1067.17,-89.4532,18.4327,1132.35,-67.4443,11.6286,1071.04,-33.4197,160.37,1074.51,-42.1366,166.314,1076.11,-38.782,177.864,1071.46,-29.7306,171.397,985.079,-29.1206,211.894
001477:1063.95,-70.0797,154.812,1066.14,-73.6008,157.327,1065.32,-67.4764,157.618,1074.66,-79.4797,153.033,1074.37,-63.7685,153.844,1082.26,-86.7099,133.724,1080.67,-55.958,136.284,1090.19,-98.1455,111.527,1071.65,-37.5022,125.438,1079.24,-99.8279,95.4135,1055.2,-28.7988,132.133,1087.55,-81.4081,85.6058,1091.26,-61.932,85.2631,1081.91,-84.8165,50.9452,1108.22,-63.5941,48.087,1070.14,-89.8985,18.1669,1131.7,-67.183,11.7433,1068.76,-33.1664,161.082,1074.72,-42.1757,167.396,1076.41,-38.5732,179.354,1068.98,-29.1797,172.475,985.201,-28.3962,209.989
001478:1064.01,-70.4369,154.536,1066.24,-73.9578,157.083,1065.26,-67.7714,157.343,1074.54,-79.6952,152.769,1073.35,-63.8092,153.6,1081.39,-86.7881,133.371,1077.87,-55.7052,136.024,1086.98,-98.2513,110.832,1069.08,-37.2845,124.809,1070.01,-100.558,93.9855,1052.4,-28.3974,131.068,1085.32,-81.1833,85.3241,1087.81,-61.5464,85.0103,1081.04,-84.9731,50.7476,1106.59,-63.3965,47.8714,1069.12,-90.1508,18.1564,1131.51,-67.1156,11.4839,1063.13,-32.2862,161.824,1069.48,-41.3476,168.552,1068.38,-37.2499,180.752,1060.21,-27.7708,173.455,988.504,-28.1691,208.584
001479:1063.12,-70.6579,154.083,1064.87,-74.1377,156.634,1063.71,-67.973,156.893,1071.85,-79.764,152.489,1069.94,-63.9308,153.285,1079.36,-86.9791,133.354,1074.02,-55.7981,135.854,1089.97,-99.0554,111.137,1066.65,-37.4343,124.384,1083.22,-102.03,94.7482,1052.74,-28.148,130.08,1085.31,-81.5081,85.5634,1087.02,-61.8877,85.2704,1081.76,-85.0436,50.8506,1106.38,-63.6223,48.098,1069.38,-90.1207,18.1356,1131.65,-67.304,11.6571,1061.04,-31.7629,162.294,1066.96,-40.9681,169.279,1064.41,-36.567,181.775,1056.73,-26.9735,174.181,985.545,-26.958,206.178
001480:1062.98,-70.8696,154.285,1064.4,-74.3003,156.721,1064.54,-68.3345,157.081,1070.73,-79.8266,152.326,1071.8,-64.496,153.009,1081,-87.5661,133.103,1076.92,-56.5596,134.91,1089.47,-99.3489,110.724,1070.11,-37.985,123.927,1082.46,-102.747,93.5271,1054.74,-28.2894,130.661,1086.81,-81.9993,85.0921,1089.17,-62.4673,84.6962,1081.88,-85.4938,50.3046,1107.85,-64.2121,48.1847,1071.63,-90.7383,17.7541,1131.58,-67.2869,11.8435,1056.56,-31.1223,163.65,1060.11,-40.0275,170.692,1057.62,-35.7326,182.61,1054.53,-26.7463,175.221,985.756,-26.2462,203.893
001481:1062.79,-71.3056,154.005,1063.92,-74.6936,156.442,1064.03,-68.7361,156.808,1069.36,-80.1233,152.076,1070.01,-64.7766,152.762,1079.99,-87.9786,132.927,1074.46,-56.8477,134.73,1091.84,-100.271,110.278,1065.27,-38.4731,123.441,1089.35,-104.441,92.6506,1050.04,-28.7889,129.74,1087.82,-82.515,85.1381,1089.68,-62.9515,84.789,1081.65,-85.6187,50.4806,1106.86,-64.4102,48.5175,1071.84,-90.6831,17.9035,1131.5,-67.4004,12.1849,1052.83,-30.5136,164.542,1055.03,-39.2532,172.049,1053.45,-34.5014,184.105,1051.45,-25.663,176.252,995.499,-26.2643,201.918
001482:1059.48,-71.3434,153.629,1061.34,-74.7837,156.056,1061.58,-68.8668,156.415,1068.97,-80.3597,151.748,1070.25,-65.1465,152.381,1079.57,-88.1467,132.669,1076.02,-57.3216,134.203,1087.99,-99.9847,110.562,1066.08,-39.1346,122.591,1081.76,-103.333,94.0825,1046.46,-28.9991,128.673,1084.59,-82.4645,84.7636,1087.13,-63.0802,84.3559,1081.09,-85.7286,49.9895,1106.35,-64.6567,47.987,1072.54,-90.9128,17.3444,1132.05,-67.6604,11.7347,1048.92,-30.0924,164.948,1051.9,-38.9547,172.932,1052.09,-33.8524,185.251,1049.29,-24.8676,176.878,992.411,-25.039,199.895
001483:1059.18,-71.8265,153.355,1060.85,-75.2421,155.772,1061.19,-69.3108,156.161,1068.42,-80.7332,151.421,1070.32,-65.493,152.105,1078.44,-88.376,132.339,1077.12,-57.547,133.898,1084.1,-99.7699,110.353,1068.41,-38.9863,122.361,1073.67,-102.423,94.3944,1046.65,-28.4021,128.685,1085.66,-82.9844,84.4511,1089.43,-63.5575,83.9857,1080.17,-86.0676,49.8474,1107.24,-64.8061,47.7494,1072.75,-91.1049,17.166,1132.8,-67.4792,11.5203,1046.84,-29.5671,165.89,1049.91,-38.5369,173.946,1049.41,-33.2849,186.424,1046.37,-24.1825,177.975,999.05,-25.3148,197.798
001484:1056.61,-72.0153,153.138,1058.06,-75.4141,155.568,1058.73,-69.5301,155.911,1065.04,-80.8381,151.226,1067.05,-65.6894,151.906,1076.28,-88.662,132.142,1073.62,-57.801,133.764,1086.4,-100.955,109.619,1064.18,-39.5171,121.971,1086.25,-106.044,92.023,1041.88,-28.8632,127.903,1083.81,-82.9319,84.3758,1087.27,-63.5832,83.9572,1080.33,-86.1151,49.8,1107.77,-65.0492,47.7165,1070.91,-90.9258,17.4399,1133.16,-67.6862,11.6141,1044.04,-29.0675,166.601,1049.01,-37.9967,175.178,1048.86,-32.2777,187.73,1043.74,-23.2223,178.729,996.048,-24.0996,195.778
001485:1056.69,-72.4832,152.947,1058.32,-75.875,155.378,1058.73,-69.9877,155.76,1065.51,-81.2575,151.138,1067.26,-66.1441,151.8,1077.11,-88.9697,132.231,1073.13,-58.1726,133.667,1089.44,-100.847,110.13,1060.58,-40.0027,121.586,1091.87,-104.635,94.0889,1034.02,-29.0024,127.242,1084.24,-83.395,84.4104,1087.04,-64.0684,84.005,1080,-86.2199,49.5809,1106.15,-65.3016,47.6255,1072.48,-90.9156,16.7473,1134.08,-67.8005,11.1037,1036.57,-28.4508,166.89,1042.34,-37.3222,175.835,1043.35,-31.2396,188.446,1037.44,-22.2456,179.021,999.438,-23.1136,193.553
001486:1057.65,-72.9952,152.575,1059.24,-76.3448,155.06,1059.97,-70.484,155.4,1065.96,-81.6034,151.004,1067.89,-66.5263,151.626,1075.88,-89.2975,132.276,1071.85,-58.4301,133.728,1084.06,-101.14,110.036,1056.95,-40.4223,121.416,1079.85,-105.206,93.528,1028.04,-29.1493,126.426,1082.04,-83.6773,84.6339,1084.75,-64.3795,84.314,1078.18,-86.3457,49.8689,1104.4,-65.4473,47.9697,1070.68,-90.7608,17.0515,1133.08,-67.7009,11.425,1031.78,-27.6802,167.102,1038.5,-36.2842,176.436,1039.91,-29.7531,188.947,1032.86,-21.0377,179.131,1002.8,-22.8729,192.096
001487:1057.72,-73.2145,152.429,1058.95,-76.5563,154.932,1060.03,-70.7171,155.22,1064.78,-81.7501,150.822,1067.1,-66.6904,151.452,1074.99,-89.5418,131.98,1071.16,-58.6066,133.537,1084.4,-102.148,109.445,1057.61,-40.4941,121.336,1084.11,-108.206,91.686,1030.69,-29.0367,126.397,1082.47,-83.7855,84.2634,1085.67,-64.5049,83.9187,1078.26,-86.5892,49.5876,1106.31,-65.7935,47.5386,1068.77,-90.765,17.0338,1133.21,-67.9748,11.1163,1029.3,-26.7926,167.346,1033.69,-35.1993,176.67,1033.49,-28.5261,189.066,1028.83,-19.9978,179.306,1006.22,-21.8798,189.852
001488:1056.92,-73.604,152.116,1058.19,-76.9476,154.623,1059.53,-71.1257,154.917,1064.23,-82.1496,150.515,1067.24,-67.1106,151.146,1073.92,-89.9166,131.67,1071.67,-58.9711,133.181,1080.96,-102.358,109.432,1057.7,-40.7834,120.905,1077.1,-107.725,92.5476,1025.33,-28.8705,126.007,1082.47,-84.2177,83.9723,1086.58,-64.9052,83.5992,1078.29,-86.9035,49.273,1107.6,-66.0764,47.1791,1068.52,-90.844,16.662,1133.7,-68.1067,10.7434,1020.56,-25.7713,167.098,1025.23,-33.9028,176.742,1024.79,-26.7289,188.955,1019.85,-18.4975,178.83,1006.38,-21.9113,187.933
001489:1055.73,-73.9999,151.731,1057.26,-77.3465,154.224,1058.57,-71.5393,154.522,1063.57,-82.5039,150.089,1066.01,-67.4701,150.753,1073.07,-90.2513,131.217,1069.03,-59.2354,132.812,1081.06,-103.01,108.781,1053.56,-41.1635,120.286,1078.66,-109.048,91.4753,1020.15,-29.1386,125.024,1078.92,-84.1994,83.9001,1082.15,-64.9305,83.6213,1075.99,-86.723,49.2092,1104.81,-66.0559,47.2152,1067.24,-90.7605,16.4661,1134.49,-68.3164,10.4764,1015.38,-25.0136,166.309,1019.41,-32.867,176.257,1018.29,-25.2148,188.356,1014.01,-17.2734,177.911,1006.69,-21.2024,185.229
001490:1056.59,-74.6165,151.404,1057.9,-77.9081,153.942,1059.24,-72.1228,154.227,1063.69,-82.8619,150.067,1065.63,-67.8351,150.725,1073.47,-90.5051,131.478,1067.69,-59.381,133.057,1081.14,-103.286,109.329,1050.45,-41.5114,120.409,1076.78,-109.221,92.6104,1016.98,-29.5818,124.45,1080.9,-84.5387,84.0638,1083.08,-65.2418,83.8346,1076.92,-86.9738,49.2377,1104.91,-66.4885,47.2771,1067.65,-90.6513,16.3886,1134.81,-68.6611,10.2844,1011.28,-24.7386,165.973,1015.58,-32.1676,176.027,1014.39,-24.2724,187.787,1009.94,-16.7578,177.263,1006.9,-20.4788,183.294
001491:1055.18,-74.7718,150.941,1056.12,-78.0517,153.496,1058.07,-72.3189,153.738,1060.9,-82.8693,149.709,1064.5,-68.0323,150.349,1069.8,-90.3864,131.234,1067.33,-59.5479,132.663,1078.71,-103.2,109.212,1052.93,-41.5152,119.781,1081.43,-109.945,92.2168,1019.94,-29.0796,123.313,1077.25,-84.4998,83.8889,1081.54,-65.4345,83.5224,1075.2,-87.0157,48.9107,1106.3,-66.9312,46.686,1066.42,-90.3485,15.965,1135.64,-68.7996,9.5894,1009.8,-24.3186,164.195,1012.15,-31.7408,173.953,1009.36,-23.9989,185.681,1007.22,-16.5204,175.452,1010.21,-20.2163,182.577
001492:1053.88,-75.1112,150.738,1054.79,-78.366,153.301,1056.79,-72.6378,153.545,1059.61,-83.1358,149.548,1062.39,-68.2136,150.238,1068.88,-90.6943,131.089,1064.58,-59.6938,132.643,1078.77,-103.747,108.612,1047.98,-41.9733,119.496,1082.5,-111.036,90.6104,1012.18,-29.6551,122.532,1076.64,-84.776,83.9289,1080.07,-65.6574,83.6699,1074.81,-87.054,49.0859,1104.57,-66.9186,47.036,1066.8,-90.3909,16.1484,1135.24,-68.9282,9.98452,1003.47,-23.555,162.885,1004.14,-30.3731,172.761,1000.4,-22.2626,184.055,999.731,-15.3573,173.75,1000.24,-18.7286,183.532
001493:1052.62,-75.222,150.62,1053.94,-78.4949,153.185,1055.68,-72.7366,153.421,1059.73,-83.3536,149.463,1062.26,-68.4189,150.087,1069.59,-91.0922,130.984,1064.99,-60.0648,132.358,1079.94,-104.437,108.685,1048.17,-42.6551,118.677,1081.69,-111.627,91.2024,1009.6,-30.1432,121.102,1076.44,-85.2484,83.8474,1079.77,-66.1618,83.5886,1073.23,-86.9901,49.0049,1103.65,-67.2755,46.9429,1066.94,-90.1933,15.6956,1136.39,-69.4256,9.60221,999.242,-22.8598,161.202,999.231,-29.3533,171.298,995.302,-20.8653,182.443,995.406,-14.2913,171.896,993.854,-16.2747,182.228
001494:1051.59,-75.5956,150.097,1052.64,-78.8258,152.657,1054.57,-73.1349,152.915,1057.7,-83.6491,149.033,1060.36,-68.8574,149.678,1067.6,-91.3879,130.718,1062.98,-60.6291,132.233,1080.58,-104.95,108.348,1046.98,-43.8744,118.513,1087.36,-112.5,90.5602,1010.01,-31.918,120.746,1074.75,-85.3647,83.9596,1078.21,-66.4092,83.8392,1071.4,-86.8163,49.154,1101.16,-67.1733,47.2832,1067.79,-90.3042,15.4853,1135.49,-69.353,9.76691,998.904,-23.0667,159.207,995.173,-28.6389,169.405,990.123,-19.7494,179.784,994.006,-14.1039,169.17,980.926,-15.0982,184.253
001495:1051.42,-75.8305,149.928,1052.31,-79.0938,152.491,1054.45,-73.3913,152.735,1057.09,-83.9603,148.923,1060.58,-69.2347,149.514,1065.97,-91.7026,130.663,1064.12,-61.0491,131.939,1076.68,-105.081,108.761,1052.65,-44.3171,117.774,1082.04,-112.427,91.5562,1016.84,-31.743,119.22,1072.82,-85.602,83.8817,1077.55,-66.743,83.6751,1070.14,-86.951,49.1147,1101.96,-67.6415,47.0686,1065.3,-90.0237,15.5959,1135.88,-69.6906,9.61447,995.272,-22.4036,157.05,991.114,-27.962,167.118,983.408,-19.0883,177.443,987.779,-13.4768,166.94,971.267,-13.6604,185.925
001496:1048.81,-76.3814,149.353,1049.47,-79.5612,151.96,1051.57,-73.8711,152.183,1054.87,-84.3039,148.603,1057.35,-69.4527,149.192,1065.46,-92.0912,130.493,1062.75,-61.3051,131.683,1077.91,-105.678,108.466,1053.49,-45.429,116.506,1084.37,-113.296,91.1157,1022.08,-33.7097,116.197,1074.31,-86.1872,83.6967,1078.17,-67.2077,83.5199,1071.61,-87.3814,48.9403,1102.69,-68.0302,46.9285,1065.82,-89.9898,15.4395,1135.67,-69.8118,9.44425,993.743,-22.7355,154.015,986.736,-27.4584,164.283,977.095,-18.1214,174.102,984.328,-13.3113,163.483,964.834,-12.6955,188.392
001497:1047.73,-76.6813,149.171,1048.38,-79.8535,151.765,1050.39,-74.1573,152.024,1053.48,-84.6088,148.356,1055.66,-69.7345,148.952,1063.69,-92.2734,130.153,1060.26,-61.5457,131.366,1075.18,-105.484,108.425,1052.05,-46.0175,115.98,1081.57,-112.398,91.764,1021.19,-34.8352,115.39,1071.4,-86.131,83.5383,1075.01,-67.1465,83.4152,1070.06,-87.2923,48.8235,1100.97,-67.9933,46.8802,1065.65,-89.7888,15.236,1135.57,-69.799,9.25842,991.182,-22.6546,150.966,982.481,-26.8879,161.179,972.034,-17.43,170.549,981.209,-13.1166,159.99,955.302,-11.2781,190.389
001665:410.05,88.934,0.124078
