000625:919.364,137.365,153.576,921.416,134.172,156.884,919.4,140.861,157.122,930.821,130.495,155.939,927.302,147.542,156.209,940.867,124.092,137.784,934.117,158.84,138.803,939.348,111.046,122.552,930.487,177.812,122.111,924.96,113.018,116.227,906.44,173.551,114.086,945.027,131.669,84.9258,940.036,154.672,85.8253,949.028,129.764,48.1687,939.726,160.3,49.0072,962.281,127.759,9.36154,943.349,167.687,10.9568,880.878,142.981,101.132,878.865,136.647,89.9003,874.687,122.15,94.1071,875.907,129.235,105.612,0,0,0
000626:916.762,136.846,153.469,918.908,133.687,156.785,916.877,140.362,157.028,929.019,130.15,155.937,925.67,147.194,156.215,940.08,123.91,137.875,934.171,158.709,138.869,938.978,110.945,122.697,931.12,177.651,122.051,924.579,113.042,116.509,906.124,173.171,113.888,945.628,131.57,84.8785,941.151,154.633,85.7623,949.219,129.726,48.0708,940.084,160.242,48.8886,962.212,127.703,9.18711,941.849,167.374,10.9673,880.794,142.725,101.068,879.056,136.467,89.8449,875.217,122.006,94.0053,876.135,129.023,105.515,0,0,0
000627:920.119,137.271,153.495,922.009,134.05,156.834,920.027,140.752,157.054,931.076,130.33,155.982,927.604,147.412,156.243,940.881,123.898,137.824,934.551,158.78,138.825,938.411,110.846,122.576,931.592,177.79,121.949,923.691,112.961,116.301,908.45,173.426,113.642,946.052,131.696,84.7578,941.066,154.768,85.6655,950.382,129.823,47.9803,940.025,160.255,48.9,962.472,128.024,9.32958,941.712,167.487,11.0641,881.339,142.632,101.1,879.265,136.265,89.9613,874.93,121.746,94.2239,876.261,128.882,105.648,0,0,0
000628:920.594,136.962,153.453,922.29,133.747,156.789,920.29,140.471,157.039,930.191,130.039,155.991,927.091,147.21,156.269,938.977,123.554,137.881,933.53,158.641,138.857,938.309,110.557,122.516,930.435,177.655,121.879,928.153,113.076,116.076,908.266,173.271,113.476,944.41,131.174,84.8951,940.253,154.401,85.7603,949.016,129.484,48.0784,940.078,160.133,48.8881,962.896,127.775,9.09062,942.019,167.308,10.9396,883.436,142.47,101.021,881.588,136.061,89.8442,877.597,121.578,94.2005,878.611,128.746,105.673,0,0,0
000629:919.98,137.191,153.415,922.047,134.006,156.74,920.058,140.696,156.966,931.619,130.35,155.882,928.461,147.429,156.134,941.703,123.947,137.828,936.12,158.77,138.78,940.202,110.989,122.643,932.033,177.563,122.02,926.639,113.351,116.47,906.249,172.982,114.018,946.459,131.471,84.8716,942.278,154.541,85.7503,950.052,129.732,48.0059,941.24,160.195,48.8272,962.885,127.804,9.05797,942.808,167.34,10.8754,882.944,142.29,101.066,881.422,135.986,89.7621,878.695,121.506,93.8885,879.382,128.582,105.496,0,0,0
000630:919.342,137.163,153.33,921.256,133.967,156.679,919.057,140.642,156.88,930.197,130.246,155.884,926.541,147.293,156.109,941.008,123.833,137.835,933.48,158.537,138.747,940.8,110.862,122.693,930.546,177.453,122.04,927.008,113.377,116.548,908.504,173.257,113.951,946.745,131.335,84.5596,941.599,154.371,85.474,949.85,129.507,47.8588,940.731,160.104,48.6847,962.391,127.649,9.13152,944.236,167.511,10.7786,883.797,142.263,101.19,881.969,135.935,89.8918,877.987,121.324,94.0554,878.939,128.424,105.672,0,0,0
000631:917.095,136.788,153.118,919.257,133.618,156.47,917.411,140.324,156.68,929.702,130.039,155.762,927.046,147.212,155.99,940.688,123.667,137.761,936.341,158.773,138.658,939.134,110.746,122.598,932.771,177.781,121.875,923.708,113.422,116.542,906.714,173.088,113.832,946.149,131.181,84.6089,942.769,154.444,85.4372,948.691,129.357,47.9736,941.143,160.1,48.6803,962.705,127.795,9.06308,943.638,167.384,10.7615,886.169,142.023,101.05,885.16,135.651,89.5965,883.184,120.981,93.7473,883.356,128.154,105.555,0,0,0
000632:917.894,136.713,153.432,919.899,133.502,156.787,918.082,140.245,157.008,929.607,129.817,156.039,927.156,147.092,156.292,939.553,123.331,137.974,936.008,158.684,138.937,937.836,110.42,122.705,932.603,177.733,122.101,924.929,113.323,116.515,906.659,172.829,114.069,944.805,130.986,84.9221,941.857,154.383,85.753,948.125,129.287,48.1819,941.02,160.099,48.8891,961.891,127.835,9.22675,942.304,167.273,10.9745,884.72,141.721,101.198,883.62,135.428,89.7721,881.536,120.801,93.8522,881.769,127.882,105.623,0,0,0
000633:918.104,137.209,153.333,920.138,133.987,156.677,918.156,140.681,156.869,930.073,130.163,155.891,926.733,147.262,156.078,940.926,123.557,137.882,935.005,158.487,138.768,938.803,110.55,122.723,931.468,177.448,122.097,923.603,113.388,116.68,906.878,173.155,114.2,946.551,131.063,84.8085,942.132,154.203,85.7224,950.104,129.458,47.9706,940.985,159.958,48.8726,962.407,127.822,9.0785,942.538,167.218,10.9919,885.802,141.977,101.164,884.793,135.629,89.6638,881.972,120.878,93.7679,882.201,128.009,105.594,0,0,0
000634:919.75,137.2,153.444,921.324,133.878,156.828,919.478,140.612,157.026,929.702,129.786,156.163,927.146,147.041,156.391,939.094,123.084,138.226,934.918,158.269,139.205,936.566,110.35,122.858,932.822,177.587,122.56,922.19,113.827,116.534,910.646,173.795,114.422,945.562,130.816,85.0824,942.082,154.129,86.006,948.848,129.195,48.2505,941.477,160.063,49.0723,961.558,127.594,9.26886,943.769,167.481,11.0508,889.068,141.933,101.176,888.568,135.598,89.3272,885.15,120.374,93.3651,884.809,127.517,105.584,0,0,0
000635:919.427,137.259,153.331,921.259,134.012,156.704,919.381,140.731,156.867,930.534,130.092,155.932,927.549,147.268,156.102,940.233,123.359,137.852,935.839,158.49,138.685,936.987,110.385,122.839,932.697,177.538,122.09,920.231,113.63,117.085,907.726,173.059,114.384,946.982,130.904,84.4551,943.409,154.204,85.3134,949.901,129.181,47.7382,941.462,159.958,48.579,962.673,127.77,8.9437,942.289,167.253,10.9078,887.344,141.835,101.305,885.557,135.402,89.8624,883.395,120.679,93.9024,884.326,127.909,105.706,0,0,0
000636:919.47,136.953,153.297,921.295,133.704,156.672,919.435,140.45,156.869,930.411,129.862,155.989,927.743,147.123,156.203,939.907,123.237,138.006,935.854,158.532,138.923,936.289,110.403,122.788,932.435,177.668,122.171,920.609,113.729,116.788,908.037,173.197,114.154,946.152,130.806,84.8885,942.779,154.189,85.7373,949.39,129.127,48.0857,941.846,159.926,48.8393,962.495,127.803,9.12425,942.903,167.21,10.9049,888.889,141.57,101.204,888.675,135.211,89.5305,887.113,120.317,93.6091,886.482,127.492,105.654,0,0,0
000637:918.386,137.103,153.043,920.483,133.882,156.424,918.485,140.613,156.605,930.33,130.066,155.797,927.334,147.304,155.965,940.435,123.357,137.848,935.582,158.603,138.646,937.982,110.442,122.688,931.951,177.604,121.88,922.098,113.852,116.758,908.726,173.136,113.884,945.176,130.618,84.6371,941.384,153.96,85.482,949.098,129.021,47.894,940.684,159.867,48.7137,962.652,127.663,8.96915,942.553,167.227,10.9113,890.826,141.348,101.18,891.491,134.972,89.4518,890.027,120.002,93.6242,888.462,127.211,105.745,0,0,0
000638:919.712,137.214,153.33,921.437,133.95,156.72,919.438,140.682,156.891,929.916,129.998,156.058,927.02,147.226,156.229,939.068,123.245,138.07,934.649,158.454,138.873,935.566,110.306,122.993,932.195,177.586,122.092,918.729,113.74,117.215,909.525,173.261,114.061,946.144,130.753,84.6783,942.494,154.099,85.5356,949.151,129.113,47.9133,941.282,159.95,48.6998,963.241,127.789,8.86892,943.546,167.34,10.7805,890.973,141.404,101.117,890.616,134.93,89.3954,889.02,119.923,93.5401,888.438,127.228,105.652,0,0,0
000639:918.504,137.277,153.277,920.472,134.022,156.66,918.453,140.746,156.831,930.284,130.098,156.033,927.138,147.285,156.177,940.634,123.337,138.131,935.926,158.5,138.887,937.146,110.407,123.087,934.673,177.636,122.008,918.223,113.852,117.494,911.501,173.327,113.947,946.799,130.773,84.895,942.911,154.081,85.7754,949.913,129.192,47.9657,941.652,159.926,48.8207,962.799,127.774,8.84449,942.937,167.258,10.8211,890.553,141.422,101.26,889.166,134.923,89.6899,886.886,119.986,93.8073,887.3,127.289,105.755,0,0,0
000640:919.3,137.363,153.084,921.269,134.148,156.486,919.192,140.869,156.631,930.949,130.304,155.943,927.731,147.497,156.032,941.007,123.465,138.093,936.258,158.696,138.742,936.016,110.221,123.236,934.037,177.735,121.984,916.265,113.419,117.648,910.293,173.233,114.104,947.845,130.691,84.7003,943.961,154.047,85.5373,950.805,129.085,47.9339,943.087,160.003,48.7061,961.952,127.696,9.15114,943.194,167.252,11.0079,890.65,141.226,101.19,889.02,134.707,89.5381,887.983,119.792,93.5581,888.569,127.13,105.625,0,0,0
000641:918.614,137.314,153.466,920.585,134.057,156.873,918.554,140.791,157.014,930.409,130.09,156.265,927.352,147.336,156.377,940.881,123.27,138.321,936.118,158.503,139.037,936.615,110.225,123.324,934.022,177.637,122.282,917.319,113.746,117.705,911.466,173.44,114.349,947.451,130.621,84.7265,943.637,153.982,85.6005,950.093,129.083,47.8022,942.619,159.928,48.6031,961.648,127.761,8.86174,943.967,167.355,10.6659,893.741,141.109,101.204,893.354,134.63,89.3159,892.525,119.48,93.3257,891.914,126.798,105.631,0,0,0
000642:920.604,137.392,153.055,922.5,134.144,156.481,920.461,140.885,156.639,931.66,130.236,156.044,928.667,147.474,156.148,940.588,123.358,138.368,936.237,158.61,139.05,936.548,110.399,123.299,932.276,177.548,122.322,918.754,113.868,117.425,908.772,173.197,114.377,945.676,130.429,85.2797,942.076,153.772,86.0977,949.136,128.836,48.3311,941.068,159.621,49.1286,961.988,127.584,9.14452,942.501,167.127,11.0168,892.135,140.955,101.445,892.792,134.602,89.4699,892.447,119.452,93.4212,890.712,126.656,105.838,0,0,0
000643:918.387,137.635,153.18,920.25,134.325,156.598,918.478,141.094,156.732,930.04,130.208,156.051,927.611,147.55,156.136,939.628,123.154,138.172,937.067,158.684,138.847,934.993,110.063,123.132,934.579,177.868,122.233,916.88,113.829,117.377,910.36,173.489,114.567,945.999,130.499,84.661,943.364,154.023,85.4697,949.097,128.876,47.7691,941.644,159.942,48.5834,962.007,127.543,8.69925,942.083,167.243,10.7714,893.743,141.107,101.442,894.841,134.7,89.4143,893.937,119.384,93.4527,891.905,126.663,105.918,0,0,0
000644:918.912,137.473,152.993,920.69,134.201,156.412,918.791,140.945,156.549,929.816,130.182,155.924,927.261,147.442,156.004,939.327,123.274,138.192,935.736,158.539,138.847,935.927,110.327,123.27,933.636,177.704,122.236,920.375,114.166,117.543,910.863,173.523,114.442,945.343,130.443,84.8903,942.43,153.83,85.6831,948.392,128.849,48.0655,942.504,159.819,48.7119,960.962,127.647,9.10232,944.591,167.372,10.6963,892.724,140.95,101.389,892.51,134.503,89.3957,891.449,119.2,93.3472,890.658,126.505,105.788,0,0,0
000645:919.393,137.935,153.204,921.081,134.596,156.616,919.31,141.35,156.731,930.197,130.307,155.982,927.821,147.591,156.036,939.217,123.113,138.096,937.223,158.51,138.711,934.995,109.987,123.237,935.191,177.756,122.248,917.515,113.905,117.66,911.044,173.693,114.725,946.596,130.461,84.5794,944.373,153.905,85.382,948.997,128.89,47.7795,941.968,159.849,48.5968,962.539,127.524,8.69274,942.657,167.196,10.8823,894.041,141.186,101.272,893.9,134.684,89.1617,893.217,119.275,93.0988,892.358,126.646,105.65,0,0,0
000646:920.213,138.082,153.039,922.175,134.802,156.46,920.137,141.53,156.564,931.781,130.651,155.921,928.591,147.855,155.918,940.568,123.435,138.114,936.688,158.655,138.627,933.757,110.229,123.302,933.654,177.65,121.996,912.588,114,117.924,910.264,173.517,114.33,946.225,130.401,84.8086,942.823,153.747,85.5987,949.294,128.781,47.9909,941.801,159.703,48.7908,961.555,127.656,9.04183,943.053,167.31,10.9136,893.599,140.906,101.225,893.574,134.342,89.2379,893.955,119.121,93.2171,892.967,126.562,105.662,0,0,0
000647:921.408,137.477,153.074,922.948,134.195,156.499,921.164,140.967,156.634,931.138,130.172,156.004,928.903,147.491,156.087,939.245,123.182,138.238,936.855,158.625,138.857,934.502,110.017,123.509,934.512,177.876,122.292,918.044,113.715,118.015,911.847,173.598,114.557,946.189,130.373,84.8662,943.751,153.856,85.6141,949.592,128.784,48.0282,942.938,159.796,48.7126,962.498,127.613,9.01992,943.725,167.216,10.8392,892.128,140.663,101.347,892.117,134.254,89.3334,891.188,118.991,93.2467,890.161,126.263,105.713,0,0,0
000648:920.073,137.741,152.832,921.686,134.46,156.273,919.804,141.222,156.396,930.269,130.425,155.844,927.874,147.721,155.897,939.159,123.405,138.144,936.357,158.82,138.715,935.034,110.217,123.419,934.214,178.009,122.199,917.257,113.882,117.902,911.06,173.568,114.614,946.655,130.574,84.6746,944.018,154.047,85.415,949.421,128.863,47.8547,942.775,159.909,48.5235,962.054,127.52,8.86144,943.801,167.255,10.6377,892.575,140.695,101.173,892.046,134.214,89.0439,891.855,118.842,92.9013,891.207,126.193,105.506,0,0,0
000649:917.84,138.052,152.973,919.838,134.775,156.391,917.918,141.524,156.493,930.073,130.684,155.884,927.307,147.926,155.871,939.989,123.476,138.16,936.787,158.863,138.635,934.45,110.044,123.512,934.625,177.889,122.047,912.801,113.402,118.2,910.122,173.329,114.559,946.462,130.579,84.8578,943.341,153.987,85.6112,949.55,128.923,47.9544,942.23,159.799,48.7164,961.947,127.576,8.93953,943.37,167.146,10.7671,893.085,140.568,101.136,893.094,134.104,89.0621,893.819,118.849,92.9008,892.683,126.192,105.43,0,0,0
000650:916.145,137.747,153.1,918.089,134.462,156.521,916.188,141.203,156.618,928.405,130.362,155.962,925.577,147.609,155.969,938.79,123.29,138.147,935.599,158.617,138.651,933.244,110.038,123.549,934.815,177.934,122.101,911.311,113.675,118.385,912.027,173.792,114.488,946.121,130.47,84.5827,943.163,153.901,85.3209,948.69,128.669,47.8241,941.379,159.719,48.5686,962.254,127.402,8.87198,943.356,167.29,10.7394,893.865,140.647,101.3,893.606,134.117,89.1959,893.273,118.691,93.0994,892.463,126.1,105.668,0,0,0
000651:917.48,137.819,153.067,919.516,134.567,156.506,917.529,141.289,156.602,929.666,130.506,156.037,926.768,147.738,156.04,939.621,123.437,138.34,935.921,158.654,138.814,932.594,110.151,123.774,933.755,177.73,122.29,909.778,113.91,118.606,910.886,173.759,114.671,946.311,130.384,84.75,943.071,153.76,85.5229,949.183,128.724,47.8609,942.462,159.862,48.5784,960.407,127.187,8.95984,943.609,167.339,10.7463,893.188,140.666,101.12,892.243,134.217,88.9442,892.694,118.855,92.6153,892.559,126.181,105.267,0,0,0
000652:916.448,137.977,153.081,918.462,134.734,156.492,916.5,141.446,156.579,928.825,130.704,155.94,925.696,147.858,155.906,939.106,123.599,138.191,935.088,158.7,138.592,933.331,110.182,123.739,933.985,177.907,122.089,910.743,113.534,118.665,912.287,173.97,114.589,945.784,130.449,84.6458,942.294,153.722,85.3886,949.04,128.815,47.7857,941.167,159.674,48.5641,962.577,127.505,8.7367,944.003,167.315,10.6259,894.521,140.56,101.01,893.599,133.921,88.8093,893.272,118.418,92.7099,893.104,125.931,105.38,0,0,0
000653:916.597,138.092,153.2,918.929,134.837,156.622,916.823,141.57,156.715,930.161,130.765,156.071,926.867,148,156.057,940.646,123.588,138.298,936.283,158.851,138.764,933.185,110.163,123.717,934.044,177.861,122.222,907.899,113.67,118.615,910.01,173.542,114.799,946.134,130.505,84.7978,942.332,153.845,85.5904,949.504,128.946,47.811,941.957,159.841,48.6111,962.257,127.586,8.71313,944.449,167.338,10.5797,893.754,140.437,101.033,893.178,133.973,88.7824,894.436,118.579,92.4485,893.881,125.926,105.17,0,0,0
000654:915.92,137.654,152.967,917.562,134.336,156.395,915.754,141.08,156.494,926.928,130.183,155.95,924.462,147.431,155.973,936.504,123.125,138.303,934.207,158.47,138.829,930.194,109.838,123.9,934.384,178.03,122.435,908.94,113.541,118.861,912.47,174.099,114.872,945.113,130.478,84.82,942.581,153.921,85.5703,947.989,128.762,47.9834,941.092,159.773,48.7147,961.411,127.519,8.9302,942.915,167.263,10.7518,894.748,140.696,100.959,894.337,134.188,88.5669,893.92,118.476,92.2958,893.145,125.87,105.185,0,0,0
000655:915.831,138.092,153.22,917.862,134.803,156.649,915.925,141.557,156.731,928.386,130.65,156.094,925.486,147.956,156.07,938.679,123.421,138.299,935.328,158.889,138.736,932.17,109.904,123.901,933.897,178.085,122.255,910.69,113.612,118.908,910.632,173.722,114.892,945.551,130.554,84.6818,942.213,154.019,85.4185,949.41,128.902,47.7068,941.706,159.929,48.4945,961.474,127.502,8.78068,942.292,167.203,10.696,892.968,140.397,100.983,893.317,134.084,88.6455,893.571,118.58,92.2436,892.181,125.791,105.047,0,0,0
000656:917.534,138.244,152.961,919.223,134.951,156.395,917.231,141.705,156.465,928.342,130.787,155.915,925.343,148.02,155.853,937.752,123.531,138.253,934.007,158.822,138.606,930.812,109.845,124.076,933.668,178.159,122.168,908.966,113.209,119.221,913.068,174.169,114.688,946.063,130.579,84.691,942.585,153.963,85.3908,949.505,128.85,47.7591,942.362,159.832,48.4553,961.47,127.545,8.8652,943.936,167.351,10.5038,894.431,140.506,100.782,893.946,134.032,88.4,893.767,118.394,92.0851,893.13,125.77,104.948,0,0,0
000657:916.369,138.028,152.992,918.378,134.797,156.415,916.484,141.537,156.493,928.565,130.821,155.894,926.055,148.091,155.85,938.545,123.735,138.175,935.641,159.07,138.515,932.659,110.201,124.03,933.494,178.206,122.058,913.03,113.797,119.234,909.593,173.783,114.638,945.338,130.622,84.6468,942.641,154.045,85.285,948.517,128.849,47.8719,942.396,159.932,48.453,961.168,127.505,9.05338,943.756,167.329,10.6626,894.249,140.401,100.517,894.341,134.002,88.0831,895.756,118.499,91.6612,894.565,125.815,104.589,0,0,0
000658:919.905,138.405,153.178,921.441,135.144,156.583,919.478,141.864,156.664,929.581,131.034,155.973,926.734,148.189,155.919,937.613,123.862,138.327,934.208,158.86,138.66,931.054,110.22,124.357,932.588,178.095,122.397,912.078,113.431,119.605,911.939,174.359,115.099,945.063,130.639,84.9752,941.964,153.85,85.6248,948.597,128.895,48.059,941.972,159.758,48.6757,961.251,127.455,9.11091,943.713,167.383,10.7198,893.138,140.467,100.66,892.814,134.05,88.095,892.862,118.406,91.6514,892.067,125.718,104.69,0,0,0
000659:918.411,138.347,153.279,920.262,135.118,156.694,918.216,141.855,156.767,929.474,131.123,156.055,926.276,148.33,155.997,938.086,123.956,138.271,934.088,159.107,138.563,929.453,110.196,124.319,932.504,178.275,122.117,905.877,113.387,119.812,911.53,174.158,114.778,945.161,130.674,84.7089,941.567,153.97,85.3404,948.563,128.857,47.819,941.524,159.816,48.4301,960.747,127.409,8.97904,943.701,167.349,10.4885,894.403,140.285,100.291,894.039,133.866,87.7498,895.559,118.347,91.2447,894.723,125.666,104.272,0,0,0
000660:917.917,138.295,153.149,919.538,135.017,156.589,917.568,141.777,156.661,928.395,130.941,156.051,925.391,148.2,156.012,936.981,123.782,138.359,933.79,159.074,138.696,928.675,110.09,124.397,933.568,178.479,122.294,905.785,113.38,119.802,913.085,174.43,114.891,945.379,130.756,84.7119,942.179,154.141,85.3348,948.374,128.837,47.7702,941.455,159.87,48.3774,960.986,127.418,8.82508,943.062,167.396,10.3963,894.88,140.37,100.207,894.189,133.984,87.543,894.388,118.179,90.9881,893.936,125.47,104.146,0,0,0
000661:919.931,138.637,153.106,921.357,135.327,156.546,919.349,142.095,156.607,928.783,131.08,155.997,925.967,148.364,155.934,936.061,123.735,138.268,932.802,159.054,138.564,927.623,109.971,124.404,932.055,178.511,122.204,906.921,113.659,119.945,912.596,174.661,114.774,944.471,130.673,84.6203,941.167,154.062,85.249,948.183,128.877,47.7682,941.241,159.898,48.3842,961.708,127.594,8.84077,943.735,167.382,10.4423,895.461,140.419,99.9484,895.875,134.019,87.1194,896.591,118.086,90.6021,894.994,125.426,103.94,0,0,0
000662:917.755,138.63,153.202,919.47,135.38,156.646,917.544,142.126,156.699,928.249,131.29,156.109,925.509,148.534,156.025,936.354,123.984,138.456,933.52,159.215,138.639,928.604,110.2,124.617,931.801,178.252,122.227,906.486,113.625,120.099,910.262,174.084,114.915,943.664,130.612,84.7114,940.65,153.926,85.3093,947.647,128.908,47.7493,940.204,159.826,48.4046,960.956,127.411,8.75197,942.335,167.291,10.5691,894.005,140.311,100.075,894.1,134.043,87.347,895.218,118.338,90.6834,893.837,125.526,103.917,0,0,0
000663:918.115,138.783,153.235,919.978,135.575,156.674,917.957,142.298,156.721,929.5,131.586,156.166,926.469,148.759,156.036,938.759,124.353,138.601,935.012,159.418,138.723,930.449,110.484,124.793,934.455,178.468,122.169,906.379,113.588,120.31,913.157,174.457,114.692,946.146,130.835,84.9852,942.541,154.056,85.5783,949.138,129.041,47.9689,941.986,159.855,48.5803,960.715,127.49,9.03721,943.426,167.364,10.6235,893.815,140.317,99.9278,893.961,134.125,87.2095,894.099,118.418,90.5184,892.713,125.521,103.717,0,0,0
000664:917.364,139.173,153.47,919.165,135.936,156.912,917.23,142.682,156.947,928.637,131.842,156.346,925.93,149.083,156.178,937.807,124.467,138.699,934.667,159.692,138.758,929.598,110.471,124.956,933.573,178.692,122.226,906.536,113.603,120.535,910.499,174.391,114.936,945.644,131.037,85.0082,942.463,154.362,85.5288,948.404,129.056,47.9903,942.276,160.034,48.4905,960.785,127.441,9.01502,944.567,167.502,10.3761,893.852,140.393,99.5827,894.486,134.225,86.696,895.494,118.434,89.9064,893.646,125.54,103.275,0,0,0
000665:915.458,139.122,153.46,917.432,135.902,156.895,915.455,142.616,156.927,927.634,131.817,156.321,924.611,149.014,156.135,937.252,124.45,138.606,934.072,159.621,138.611,928.771,110.562,124.847,934.096,178.657,121.929,906.073,114.133,120.618,911.86,174.471,114.495,944.676,130.956,84.8991,941.4,154.276,85.4099,947.862,128.947,47.9147,941.672,160.003,48.4184,960.437,127.364,8.95802,943.838,167.427,10.3661,894.147,140.364,99.2449,893.418,134.009,86.5288,894.813,118.333,89.7873,894.34,125.607,102.997,0,0,0
000666:917.93,138.992,153.238,919.792,135.787,156.681,917.875,142.522,156.727,929.202,131.811,156.192,926.587,149.019,156.047,937.732,124.532,138.697,935.031,159.684,138.739,929.625,110.587,125.118,933.934,178.696,122.259,906.838,113.696,120.817,911.328,174.519,114.89,944.331,130.932,85.2075,941.41,154.191,85.6908,947.126,128.9,48.2247,941.199,159.803,48.6715,960.433,127.283,9.17233,943.92,167.29,10.5016,894.017,140.298,99.2087,894.138,134.226,86.2214,895.606,118.434,89.198,894.136,125.429,102.691,0,0,0
000667:917.54,139.063,153.302,919.494,135.916,156.75,917.614,142.642,156.78,929.228,132.118,156.288,926.708,149.299,156.102,937.722,124.887,138.826,935.548,160.014,138.698,929.899,110.72,125.517,933.599,178.766,122.036,907.754,113.429,121.483,909.505,174.218,114.524,944.332,131.133,85.1934,941.719,154.362,85.5792,947.276,129.066,48.1576,941.477,159.855,48.519,961.197,127.494,9.05323,943.786,167.292,10.3645,894.114,140.214,98.8396,894.654,134.188,85.8645,896.748,118.512,88.8264,894.898,125.481,102.306,0,0,0
000668:917.081,139.273,153.27,919.145,136.117,156.693,917.145,142.822,156.741,929.2,132.32,156.214,926.292,149.414,156.036,937.921,125.117,138.802,934.825,160.055,138.691,930.626,110.887,125.589,932.542,178.816,122.094,908.921,113.412,121.713,909.377,174.507,114.564,943.426,131.39,85.4635,940.187,154.478,85.8792,947.136,129.311,48.313,940.17,159.895,48.7679,960.752,127.407,9.12472,942.69,167.194,10.4533,893.536,140.268,98.4466,894.724,134.238,85.3018,896.934,118.439,88.2645,894.385,125.421,101.913,0,0,0
000669:916.125,139.517,153.465,918.245,136.356,156.911,916.285,143.066,156.946,928.824,132.491,156.467,925.873,149.637,156.246,937.802,125.172,139.042,934.831,160.192,138.853,929.259,111.065,125.637,933.21,178.906,122.08,905.56,113.917,121.607,910.004,174.643,114.44,943.098,131.235,85.6188,939.839,154.375,85.9915,946.791,129.146,48.4207,940.141,159.789,48.8431,960.528,127.397,9.17956,943.15,167.189,10.4424,893.239,140.207,98.1419,894.167,134.196,84.8909,895.648,118.224,87.7852,893.465,125.189,101.541,0,0,0
000670:915.532,138.991,153.555,917.411,135.818,157.018,915.505,142.558,157.064,927.284,132.019,156.617,924.619,149.234,156.457,936.236,124.876,139.16,934.02,160.069,139.061,927.406,110.853,125.77,933.775,179.104,122.202,902.859,113.81,121.852,910.224,174.717,114.377,944.257,131.289,85.4852,941.423,154.564,85.8655,947.622,129.219,48.2484,941.472,159.956,48.6208,961.531,127.61,8.91903,944.038,167.354,10.168,894.495,140.463,97.8577,895.511,134.535,84.5286,896.804,118.473,87.3673,894.385,125.355,101.216,0,0,0
000671:916.097,139.307,153.439,918.172,136.146,156.887,916.097,142.866,156.933,928.425,132.356,156.486,925.295,149.494,156.311,937.33,125.169,139.141,934.06,160.177,138.972,928.571,110.983,125.955,932.752,178.926,122.108,903.144,113.548,122.196,908.278,174.499,114.212,943.868,131.477,85.6996,940.427,154.61,86.0815,946.771,129.345,48.5092,940.663,159.961,48.8714,960.578,127.448,9.23477,944.185,167.299,10.3529,894.026,140.378,97.4443,894.998,134.507,84.063,896.807,118.479,86.7805,894.471,125.314,100.673,0,0,0
000672:918.196,139.598,153.426,920.115,136.492,156.862,918.135,143.202,156.905,929.328,132.806,156.402,926.544,149.909,156.194,936.602,125.587,139.035,934.52,160.502,138.724,926.674,111.215,126.049,933.158,179.051,121.734,903.429,113.699,122.466,909.63,174.56,113.835,943.002,131.569,85.5821,940.087,154.636,85.8829,946.981,129.534,48.3606,941.256,160.131,48.6343,960.145,127.543,9.16542,942.889,167.296,10.3683,894.543,140.495,97.0481,895.052,134.558,83.7563,897.964,118.78,86.4893,895.961,125.677,100.298,0,0,0
000673:916.876,139.369,153.406,918.684,136.25,156.856,916.636,142.976,156.912,927.537,132.596,156.444,924.702,149.751,156.27,935.262,125.494,139.08,932.459,160.495,138.834,926.92,111.237,126.01,931.161,179.19,121.818,905.269,113.828,122.328,907.874,174.667,113.76,942.668,131.649,85.5943,939.48,154.79,85.8815,946.833,129.519,48.3782,941.056,160.185,48.6087,961.524,127.582,9.03932,944.631,167.44,10.0818,893.804,140.614,96.7445,894.771,134.773,83.3175,897.346,118.846,86.0065,894.905,125.663,99.9557,0,0,0
000674:915.217,139.619,153.543,917.132,136.502,157.001,915.236,143.222,157.033,926.867,132.842,156.645,924.361,149.984,156.418,935.214,125.655,139.365,933.297,160.669,138.955,925.7,111.19,126.519,932.133,179.249,121.83,901.357,113.553,123.068,907.551,174.761,113.589,942.861,131.746,85.7535,939.992,154.859,86,946.984,129.64,48.4813,940.826,160.174,48.745,961.163,127.62,9.16302,943.524,167.315,10.3315,894.071,140.726,96.4014,896.027,134.995,82.8173,898.851,118.971,85.405,895.427,125.714,99.521,0,0,0
000675:917.097,139.773,153.298,919.285,136.627,156.766,917.107,143.359,156.805,929.631,132.935,156.48,926.263,150.078,156.272,937.737,125.668,139.214,934.249,160.771,138.894,927.674,111.056,126.36,931.77,179.299,121.81,901.599,113.254,123.044,908.007,174.68,113.579,943.16,131.981,85.8362,939.39,155.121,86.1463,947.001,129.733,48.5516,940.495,160.267,48.8561,960.133,127.633,9.28326,943.884,167.271,10.1516,894.869,140.94,96.1798,895.467,135.121,82.7018,898.777,119.136,85.2212,896.835,125.967,99.2301,0,0,0
000676:918.305,139.782,153.347,920.042,136.655,156.796,918.001,143.364,156.834,928.74,132.992,156.443,925.754,150.067,156.23,935.829,125.784,139.214,933.276,160.679,138.805,927.219,111.09,126.592,931.28,179.224,121.786,905.464,113.095,123.31,908.946,174.95,113.525,943.215,131.97,85.718,940.206,155.015,85.9682,946.829,129.794,48.4948,940.231,160.21,48.774,960.98,127.607,9.17279,942.722,167.199,10.3389,894.696,140.992,95.9053,894.68,135.129,82.3567,897.134,119.11,84.9027,895.877,125.978,98.9701,0,0,0
000677:914.278,139.928,153.59,916.463,136.81,157.013,914.462,143.526,157.038,927.113,133.086,156.496,924.161,150.241,156.241,935.881,125.719,139.032,933.481,160.852,138.57,927.447,111.017,126.317,931.747,179.416,121.459,905.092,113.523,123.133,906.979,174.925,113.312,942.207,131.806,85.5507,939.297,154.977,85.7815,946.306,129.722,48.4234,940.618,160.352,48.6813,960.649,127.637,9.23838,943.793,167.336,10.3463,895.24,141.035,95.577,894.987,135.102,82.0914,898.536,119.192,84.6323,897.515,126.124,98.6325,0,0,0
000678:916.79,140.28,153.524,918.734,137.137,156.966,916.719,143.836,156.99,928.391,133.358,156.539,925.382,150.436,156.288,936.456,126.054,139.16,933.661,160.949,138.669,926.784,111.307,126.559,931.92,179.47,121.474,902.317,113.564,123.585,909.041,175.338,113.037,943.573,132.292,85.5295,940.147,155.336,85.7798,947.224,130.01,48.3144,941.063,160.602,48.5676,959.529,127.417,9.2197,943.846,167.409,10.1257,896.381,141.499,95.0163,895.971,135.483,81.4262,898.972,119.382,84.0102,898.127,126.417,98.1233,0,0,0
000679:916.511,140.529,153.392,918.384,137.404,156.832,916.203,144.099,156.849,927.648,133.679,156.377,924.225,150.75,156.087,935.982,126.379,138.921,932.272,161.303,138.328,929.217,111.719,126.403,929.961,179.791,121.025,909.305,114.322,123.605,907.31,175.485,112.47,943.659,132.53,85.3443,939.974,155.612,85.4802,947.189,130.038,48.281,940.628,160.554,48.4618,960.945,127.753,9.26398,943.861,167.394,10.0506,896.288,141.485,94.5038,895.747,135.366,80.922,898.76,119.281,83.6037,898.151,126.433,97.7022,0,0,0
000680:915.665,140.591,153.458,917.591,137.462,156.902,915.559,144.137,156.925,927.544,133.727,156.484,924.429,150.78,156.224,936.182,126.492,139.135,933.405,161.31,138.573,928.139,111.869,126.524,930.928,179.563,121.322,906.081,114.286,123.503,906.689,175.239,112.837,944.337,132.716,85.4861,941.072,155.73,85.6567,947.287,130.268,48.319,940.585,160.662,48.5567,960.965,127.619,9.13694,943.524,167.278,10.1453,895.973,141.765,94.1289,895.643,135.874,80.379,898.613,119.721,82.7966,897.828,126.648,97.0636,0,0,0
000681:916.624,140.79,153.695,918.583,137.672,157.137,916.236,144.324,157.147,928.193,133.931,156.658,924.143,150.92,156.373,936.926,126.665,139.233,931.704,161.313,138.636,930.464,112.065,126.621,928.732,179.499,121.28,909.392,114.341,123.622,907.88,175.569,112.518,943.803,132.725,85.5959,939.122,155.622,85.779,947.771,130.258,48.3522,939.287,160.5,48.6916,960.736,127.74,9.30314,942.763,167.379,10.2259,896.971,141.901,93.7234,896.671,136.002,79.984,899.364,119.876,82.4174,898.518,126.794,96.6628,0,0,0
000682:917.513,140.925,153.644,919.296,137.797,157.11,917.165,144.488,157.143,928.235,134.057,156.699,924.975,151.179,156.431,936.17,126.789,139.264,932.414,161.7,138.646,929.103,112.308,126.449,929.302,179.856,121.051,908.376,114.949,123.303,907.268,175.749,111.995,943.714,132.847,85.6481,939.879,155.924,85.7412,947.59,130.256,48.4799,939.772,160.702,48.7025,961.254,127.519,9.34832,943.223,167.248,10.2166,896.182,142.122,93.1539,895.502,136.212,79.3368,897.755,119.985,81.7811,897.34,126.931,96.0995,0,0,0
000683:918.222,140.978,153.59,919.9,137.891,157.034,917.654,144.529,157.063,928.139,134.305,156.573,924.418,151.239,156.32,935.236,127.225,139.195,930.736,161.677,138.494,928.155,112.514,126.953,927.061,179.786,121.075,908.021,114.531,124.359,907.457,176.102,111.985,942.685,133.209,85.462,938.209,155.978,85.5333,947.461,130.548,48.2713,938.325,160.734,48.5248,960.624,127.478,9.32502,941.764,167.29,10.178,895.928,142.388,92.7414,896.848,136.642,78.7384,899.214,120.413,81.0897,897.077,127.208,95.6142,0,0,0
000684:914.565,141.033,153.59,916.563,137.941,157.048,914.345,144.591,157.068,926.639,134.287,156.667,923.104,151.327,156.378,935.705,127.069,139.374,931.89,161.834,138.663,929.771,112.392,126.787,929.354,179.982,121.16,908.622,114.555,123.661,907.681,176.238,112.046,943.067,133.014,85.6707,939.101,155.958,85.7407,947.188,130.414,48.4248,939.119,160.753,48.6604,960.8,127.44,9.29889,942.681,167.276,10.2081,894.129,142.301,92.2655,893.793,136.746,78.1707,895.712,120.407,80.1811,894.86,126.985,94.7986,0,0,0
000685:917.986,141.192,153.74,919.818,138.125,157.197,917.303,144.763,157.219,928.572,134.566,156.836,924.567,151.557,156.534,936.766,127.416,139.637,931.495,162,138.84,932.586,112.619,127.233,927.638,179.887,121.182,915.548,114.397,124.188,907.046,176.225,111.711,943.686,133.245,86.071,939.118,156.082,86.1059,947.276,130.589,48.7841,939.372,160.753,48.9406,959.222,127.605,9.74959,941.889,167.224,10.3971,893.862,142.664,91.5779,894.166,137.322,77.4053,896.176,121.114,79.2501,894.617,127.484,93.9414,0,0,0
000686:917.578,141.623,153.568,919.269,138.501,157.038,916.848,145.14,157.05,927.702,134.742,156.715,924.089,151.762,156.397,935.298,127.438,139.549,931.401,162.15,138.746,930.941,112.597,127.3,927.732,180.235,121.336,914.79,114.752,124.436,906.419,176.608,112.168,942.9,133.495,85.9981,938.906,156.388,85.9841,947.125,130.719,48.7285,939.521,160.921,48.8547,960.046,127.655,9.68622,941.977,167.145,10.3185,891.279,142.484,91.0594,890.996,137.176,76.6325,892.668,120.645,78.2299,891.783,126.997,93.1961,885.347,132.315,120.155
000687:918.648,141.636,153.427,920.08,138.521,156.909,917.859,145.184,156.91,927.609,134.815,156.593,924.457,151.875,156.279,934.182,127.497,139.506,931.531,162.285,138.635,929.765,112.536,127.367,927.698,180.204,121.132,914.658,114.487,124.492,906.501,176.358,111.885,942.814,133.518,85.8972,939.479,156.446,85.8232,947.108,130.765,48.6003,939.097,160.942,48.7213,960.973,127.658,9.41752,940.674,167.111,10.2918,894.324,142.812,90.2986,895.052,137.833,75.7071,896.681,121.303,77.0743,894.779,127.345,92.206,885.437,132.311,119.79
000688:915.411,141.265,153.678,917.777,138.284,157.131,915.094,144.879,157.151,928.718,135.029,156.757,924.129,151.923,156.475,938.653,128.184,139.676,932.216,162.499,138.827,933.577,113.173,127.747,926.822,180.261,121.371,913.433,114.643,125.262,904.665,176.699,112.08,944.776,133.886,86.0562,939.264,156.523,86.0592,948.911,131.101,48.5991,938.596,160.956,48.8669,960.58,127.561,9.51774,940.28,167.047,10.3602,891.57,142.785,90.1096,892.322,137.961,75.3233,895.49,121.557,76.3523,893.446,127.427,91.6881,885.129,132.959,119.093
000689:916.198,141.435,153.58,918.15,138.401,157.039,915.69,145.02,157.035,927.735,134.965,156.689,924.081,151.922,156.385,936.383,127.94,139.668,932.216,162.428,138.743,931.784,112.792,128.049,926.842,180.33,121.493,914.003,114.455,125.853,904.12,176.915,112.345,944.257,133.809,85.9521,940.389,156.594,85.8839,947.666,130.978,48.5841,940.296,161.167,48.6395,960.615,127.583,9.41865,942.752,167.375,10.0121,894.85,143.417,89.3252,895.014,138.583,74.3725,899.248,122.086,75.1697,897.747,127.981,90.7196,884.82,133.607,118.397
000690:918.809,141.804,153.525,920.625,138.801,156.969,918.139,145.425,156.967,929.089,135.428,156.537,925.093,152.347,156.219,936.149,128.333,139.582,931.419,162.714,138.568,931.5,112.995,128.226,925.442,180.465,121.372,915.064,114.484,126.238,904.667,177.177,112.331,943.076,133.88,86.1416,938.807,156.544,86.0061,946.996,131.069,48.798,939.118,161.054,48.8239,959.849,127.498,9.70529,941.628,167.116,10.2474,895.075,143.509,88.8444,895.147,138.885,73.7439,899.017,122.45,74.2995,897.58,128.123,89.9755,884.907,133.601,117.697
000691:918.152,142.061,153.733,919.866,138.966,157.202,917.567,145.624,157.193,928.589,135.319,156.841,925.165,152.36,156.516,935.749,128.055,139.923,932.485,162.691,138.94,930.318,112.79,128.303,926.969,180.55,121.576,912.233,114.364,126.055,904.383,177.469,112.181,943.387,133.966,86.4447,939.678,156.771,86.3271,947.585,131.122,48.9077,939.205,161.145,49.0382,961.151,127.57,9.53802,941.207,167.185,10.2755,895.523,143.934,88.2844,895.712,139.371,73.0207,899.388,122.653,73.4621,897.892,128.294,89.3128,884.597,134.248,117.001
000692:918.797,142.17,153.581,920.685,139.135,157.062,918.243,145.791,157.043,929.317,135.675,156.737,925.664,152.704,156.416,936.359,128.489,139.871,932.012,163.05,138.795,932.402,113.07,128.501,925.518,180.68,121.468,915.729,114.427,126.397,903.859,177.458,112.078,942.221,134.1,86.2496,938.133,156.83,86.088,946.568,131.252,48.794,938.58,161.27,48.8251,960.201,127.656,9.57618,941.767,167.29,10.1058,895.732,144.238,87.7106,895.938,139.875,72.3494,900.009,123.261,72.5293,898.378,128.693,88.5022,884.684,134.242,116.302
000693:919.746,142.262,153.571,921.654,139.257,157.058,919.21,145.909,157.046,930.422,135.932,156.782,926.609,152.926,156.457,937.071,128.817,140.021,932.648,163.32,138.905,932.804,113.262,128.716,925.257,180.806,121.49,915.461,114.098,126.606,904.209,177.722,111.902,942.228,134.355,86.5168,937.967,157.026,86.3068,947,131.356,48.909,938.207,161.254,48.9307,960.62,127.605,9.56375,940.707,167.19,10.075,895.155,144.506,87.2742,894.403,140.233,71.9301,898.079,123.702,71.9414,897.495,129.033,87.8753,884.283,134.891,115.972
000694:917.05,142.465,153.771,918.84,139.417,157.268,916.596,146.085,157.224,927.592,135.905,156.856,923.982,152.992,156.529,934.941,128.676,139.826,931.1,163.413,138.678,932.528,113.209,128.537,925.049,181.067,121.321,917.593,114.767,126.557,905.391,177.936,111.88,941.612,134.442,85.8525,937.71,157.26,85.5902,946.646,131.418,48.4332,937.699,161.445,48.4759,960.814,127.777,9.42472,940.736,167.234,9.96372,896.529,144.715,86.619,896.05,140.541,71.1683,898.406,123.823,71.1051,897.738,129.063,87.1374,884.46,134.882,114.908
000695:916.104,142.404,153.65,918.183,139.412,157.132,915.801,146.036,157.097,928.098,136.153,156.823,923.841,153.114,156.476,936.359,129.081,139.9,931.204,163.618,138.618,933.297,113.288,128.805,924.345,181.049,120.876,915.461,113.978,127.12,903.833,177.923,110.76,942.181,134.791,85.9995,937.517,157.483,85.7171,946.716,131.599,48.6162,937.601,161.598,48.6048,960.272,127.638,9.65078,940.947,167.278,9.98503,897.109,145,85.664,897.734,140.805,70.1723,899.86,124.113,70.2788,898.207,129.397,86.3505,881.68,134.987,113.965
000696:916.468,142.463,153.722,918.355,139.458,157.216,916.171,146.103,157.186,927.787,136.156,156.859,924.132,153.194,156.544,935.693,129.064,139.849,931.898,163.751,138.603,933.507,113.349,128.542,924.88,181.103,120.902,918.204,114.219,126.46,903.307,177.86,110.851,942.48,134.818,85.7577,938.732,157.603,85.4393,946.845,131.609,48.414,938.264,161.728,48.3632,959.623,127.439,9.57002,940.134,167.195,10.0215,897.969,145.42,85.0478,898.08,141.42,69.5311,900.621,124.834,69.371,899.421,129.905,85.474,884.232,135.52,113.18
000697:916.338,142.656,153.676,918.588,139.722,157.148,916.104,146.335,157.12,928.7,136.664,156.845,923.984,153.562,156.483,937.648,129.74,139.923,930.755,164.132,138.509,935.919,113.842,128.949,923.409,181.283,120.449,919.416,114.306,127.473,904.028,178.218,109.773,942.664,135.294,86.1347,936.949,157.887,85.7893,946.927,131.868,48.8408,936.756,161.698,48.796,958.913,127.582,10.1318,939.831,167.015,10.2107,897.408,145.767,84.2898,899.323,141.839,68.7488,902.281,125.438,68.6477,899.196,130.448,84.7722,884.41,135.51,112.115
000698:916.308,142.673,153.499,918.517,139.711,156.984,915.979,146.335,156.966,928.918,136.651,156.763,924.126,153.576,156.431,938.29,129.72,139.898,930.862,164.215,138.606,934.732,113.685,128.656,922.99,181.483,120.637,911.488,113.404,126.773,903.312,178.509,110,943.983,135.443,86.1463,937.836,158.063,85.8585,947.305,131.899,48.8121,936.9,161.72,48.8019,959.178,127.694,9.99057,941.432,167.26,9.90101,896.977,146.047,84.0374,898.374,142.167,68.43,901.384,125.685,68.22,898.737,130.628,84.4186,884.003,136.157,111.454
000699:918.931,142.64,153.442,920.773,139.702,156.933,918.105,146.318,156.931,929.567,136.772,156.736,924.286,153.665,156.426,937.899,129.984,139.84,929.751,164.43,138.48,935.8,113.998,128.614,922.136,181.523,120.123,916.022,113.765,126.837,905.316,178.54,108.862,945.235,135.778,86.0385,938.769,158.424,85.6756,948.384,132.087,48.7575,937.32,161.896,48.6836,959.962,127.69,9.97077,940.788,167.017,9.86368,899.9,146.455,82.8757,900.258,142.579,67.3953,902.514,126.274,67.1863,900.97,131.189,83.2352,881.227,136.261,110.852
000700:919.341,143.274,153.236,921.242,140.321,156.729,918.63,146.951,156.716,930.032,137.237,156.516,924.587,154.153,156.175,938.24,130.296,139.685,929.534,164.72,138.271,937.032,114.51,128.523,921.463,181.606,119.992,919.303,115.143,127.002,905.451,178.624,108.967,944.165,135.927,86.1426,937.268,158.549,85.7479,948.093,132.217,48.8465,936.89,161.985,48.7755,959.073,127.744,10.1876,940.913,166.982,9.89622,901.031,147.098,82.3176,901.683,143.453,66.714,903.763,127.127,66.2171,902.024,131.821,82.3822,881.401,136.25,109.456
000701:919.104,143.347,153.254,920.854,140.354,156.76,918.406,147.01,156.734,929.849,137.25,156.631,924.917,154.228,156.268,938.484,130.339,139.839,931.158,164.978,138.351,936.228,114.326,128.865,923.89,182.022,119.889,918.328,114.715,127.599,905.77,179.114,108.437,946.587,136.397,86.1555,940.596,159.192,85.6782,948.228,132.254,48.9129,938.973,162.25,48.645,958.086,127.717,10.332,941.557,167.07,9.66808,902.266,147.976,81.2916,901.856,144.289,65.7176,904.327,127.987,65.0772,903.685,132.735,81.2262,883.951,136.784,108.663
000702:918.937,143.424,153.235,921.02,140.505,156.746,918.451,147.137,156.716,930.948,137.578,156.539,925.342,154.507,156.191,940.054,130.772,139.639,931.428,165.303,138.147,937.332,114.909,128.473,923.511,182.014,119.504,914.737,115.235,127.091,905.025,178.832,107.976,946.981,136.593,85.8742,939.821,159.279,85.4005,949.135,132.394,48.6749,937.853,162.243,48.5169,960.192,127.908,10.1167,941.865,167.093,9.57382,902.295,148.166,80.2609,903.144,144.971,64.6301,906.712,129.011,63.5195,904.584,133.23,79.7359,878.721,136.346,107.832
000703:918.207,143.465,153.556,920.277,140.566,157.029,917.676,147.175,156.997,930.252,137.72,156.693,924.289,154.564,156.333,939.878,131.043,139.732,930.321,165.327,138.172,937.527,115.035,128.778,922.637,182.001,119.374,915.552,114.965,127.752,905.552,179.206,107.525,946.993,136.837,85.9718,939.361,159.388,85.4755,948.951,132.582,48.7138,937.538,162.286,48.5307,958.192,127.856,10.3486,940.845,167.072,9.59349,903.35,148.736,79.2861,904.259,145.547,63.5581,907.572,129.626,62.4378,905.457,133.834,78.734,881.347,136.873,106.339
000704:919.758,143.807,153.111,921.943,140.923,156.609,919.578,147.558,156.58,932.299,138.12,156.352,926.616,155.072,155.991,941.033,131.316,139.415,932.579,165.957,137.794,938.149,115.206,128.421,922.582,182.211,118.855,918.233,115.51,127.336,902.053,178.662,107.017,946.838,137.135,85.7686,939.715,159.875,85.1819,948.615,132.645,48.6859,937.722,162.61,48.4048,958.681,127.773,10.3824,940.241,166.872,9.64151,902.326,149.004,78.561,903.966,146.141,62.8824,907.42,130.489,61.483,904.86,134.377,77.7025,876.231,136.435,105.487
000705:917.292,143.817,153.289,919.481,140.932,156.774,917.02,147.544,156.736,930.311,138.113,156.499,924.209,155.013,156.121,940.495,131.39,139.556,930.684,165.914,137.933,937.312,115.262,128.593,922.12,182.293,118.985,914.088,115.383,127.619,902.096,179.064,107.079,947.777,137.357,85.8537,939.834,160.051,85.2901,948.873,132.73,48.7787,937.851,162.646,48.5014,959.193,127.929,10.4922,942.216,166.989,9.51223,902.534,149.637,77.6476,903.066,146.768,61.8956,907.204,131.19,60.2208,905.543,135.035,76.5289,878.757,136.965,104.357
000706:918.766,144.074,153.093,920.586,141.173,156.6,918.232,147.794,156.568,929.901,138.261,156.368,923.862,155.195,156.009,938.326,131.458,139.506,928.778,165.971,137.854,935.564,115.491,128.599,919.632,182.192,118.979,913.65,116.048,127.727,902.235,179.217,107.126,945.365,137.293,85.8025,937.512,159.988,85.1746,948.123,132.679,48.6194,937.311,162.737,48.284,957.501,127.711,10.4592,941.475,167.022,9.32811,903.39,150.354,76.8719,903.25,147.724,61.0618,905.535,132.097,59.1438,904.685,135.694,75.4939,881.384,137.493,102.857
000707:915.003,144.049,152.875,918.004,141.159,156.357,915.43,147.743,156.331,929.479,138.322,156.424,923.26,155.169,155.863,938.761,131.631,139.294,929.065,166.017,137.637,938.556,115.454,128.264,920.419,182.263,119.297,913.183,116.225,128.315,900.34,179.377,106.719,945.067,137.478,86.018,937.726,160.067,85.3386,947.638,132.883,49.1126,937.623,162.886,48.6569,957.085,127.727,10.8113,942.291,166.983,9.69024,903.783,151.117,76.2491,903.909,148.67,60.9065,909.331,132.925,58.6226,910.847,136.258,74.4083,878.706,137.589,101.579
000708:915.911,144.208,152.677,919.01,141.358,156.142,916.425,147.939,156.104,930.867,138.638,156.136,924.115,155.431,155.555,939.91,131.948,138.977,929.154,166.203,137.287,938.271,115.655,127.942,919.918,182.212,118.901,907.849,115.874,128.035,900.626,179.369,106.216,945.032,137.553,85.8513,936.814,160.032,85.1716,947.006,132.768,49.108,935.274,162.647,48.7428,958.342,127.765,10.7111,941.572,166.938,9.71977,906.377,152.087,75.5478,906.645,149.906,60.4283,912.926,134.596,57.928,914.222,137.639,73.5001,881.241,138.122,100.439
000709:914.872,144.262,152.474,917.872,141.409,155.963,915.324,147.98,155.909,929.308,138.647,156.078,922.914,155.452,155.502,938.906,132.054,139.057,928.428,166.291,137.349,939.635,116.162,128.072,919.256,182.237,118.993,912.567,117.217,128.383,899.611,179.46,106.325,944.928,137.749,85.8509,937.292,160.302,85.1191,946.68,132.822,49.0294,936.054,162.853,48.5536,957.493,127.746,10.6359,942.151,167.051,9.4191,906.16,152.504,74.7651,906.619,150.564,59.489,913.313,135.248,56.6033,914.314,138.042,72.3544,884.285,138.004,98.9186
000710:913.734,144.666,152.57,917.342,141.847,156.05,914.779,148.431,155.966,930.877,139.128,155.999,924.146,155.964,155.388,941.295,132.392,138.721,930.178,166.752,136.942,939.887,116.162,127.737,919.698,182.323,118.536,908.739,116.97,128.203,897.873,179.041,106.019,944.742,137.945,85.3914,936.719,160.521,84.6505,945.795,132.886,48.7955,935.606,163.029,48.2857,956.741,127.682,10.6325,942.284,166.999,9.35118,904.707,153.296,74.1453,905.264,151.484,59.0782,912.885,136.588,56.0652,913.646,139.228,71.6056,881.687,138.096,97.28
000711:915.215,144.747,152.74,918.47,141.937,156.235,915.97,148.521,156.171,930.29,139.26,156.283,924.12,156.093,155.687,939.41,132.532,139.181,928.957,166.831,137.334,938.907,116.357,128.023,919.205,182.207,118.626,913.402,117.003,127.96,899.095,179.092,105.662,942.506,137.916,85.9963,934.961,160.445,85.2051,945.18,132.939,49.2022,935.308,163.092,48.6311,956.882,127.517,10.7824,942.341,167.034,9.52676,905.641,154.133,73.6751,907.773,152.726,58.5924,914.914,138.076,55.4292,914.017,140.299,70.9705,1103.74,129.79,135.558
000712:912.892,144.844,152.416,916.693,142.045,155.944,913.982,148.646,155.85,930.542,139.372,156.05,923.386,156.272,155.431,942.368,132.642,138.863,928.919,167.106,137.021,942.919,116.433,127.574,917.729,182.294,118.223,913.352,117.293,127.724,895.654,178.749,105.205,944.349,138.159,85.606,935.117,160.789,84.8581,945.891,132.958,48.9459,934.514,163.189,48.4855,956.738,127.574,10.6582,942.518,166.964,9.28554,903.468,154.841,73.114,907.21,153.814,58.0728,916.931,139.545,54.5301,913.801,141.376,70.0988,1107.61,130.39,133.019
000713:912.339,145.162,152.532,916.079,142.337,156.051,913.389,148.911,155.925,929.831,139.542,156.05,923.015,156.386,155.408,941.258,132.8,138.801,929.137,167.1,136.904,940.821,116.714,127.628,917.355,182.018,118.118,909.373,117.603,128.102,894.353,178.515,105.098,944.637,138.533,85.4788,936.134,161.106,84.6752,946.093,133.118,48.8155,935.539,163.316,48.2817,957.077,127.687,10.5943,942.691,167.038,9.13933,903.704,155.784,72.5219,906.917,154.868,57.7202,916.841,140.894,54.0009,914.285,142.595,69.3225,1100.74,129.892,130.655
000714:913.597,145.269,152.169,916.93,142.431,155.694,914.335,148.993,155.588,928.971,139.577,155.827,922.5,156.378,155.228,939.219,132.884,138.908,927.172,166.922,137.051,940.173,117.006,127.691,915.104,181.615,118.396,914.481,118.137,127.814,893.942,178.42,105.336,942.778,138.542,85.8891,934.454,160.97,85.0809,945.095,133.194,49.1204,934.267,163.272,48.6054,956.769,127.465,10.7101,941.979,166.971,9.36587,905.991,156.454,71.918,910.547,156.088,56.8909,919.915,142.09,52.7602,916.329,143.273,68.3098,1104.48,130.495,128.535
000715:911.224,145.158,152.083,914.681,142.368,155.615,912.057,148.944,155.491,927.378,139.727,155.728,920.882,156.57,155.104,938.534,133.134,138.775,926.458,167.32,136.805,938.537,116.942,127.644,914.871,181.854,117.946,909.193,117.342,127.814,892.75,178.042,104.855,942.836,138.793,85.649,934.489,161.302,84.7371,945.216,133.239,48.9121,934.823,163.454,48.2741,956.808,127.458,10.6061,942.924,167.051,8.98712,904.973,156.495,71.4914,910.271,156.436,56.5655,921.626,142.902,52.127,916.908,143.739,67.6015,1105.28,130.459,124.38
000716:911.966,145.342,152.106,914.968,142.516,155.648,912.255,149.085,155.537,926.115,139.708,155.772,919.453,156.581,155.166,936.781,133.076,138.79,924.237,167.235,136.899,938.669,117.275,127.256,913.685,181.674,118.001,916.104,118.403,126.79,894.302,177.939,104.81,942.841,138.816,85.6593,934.475,161.395,84.7376,944.886,133.152,49.0448,934.025,163.472,48.4354,956.655,127.454,10.8055,941.703,167.054,9.31264,905.586,156.829,71.1195,910.556,156.946,56.2455,920.31,143.36,51.7379,916.123,144.022,67.1498,1106.2,130.421,120.188
000717:914.032,145.583,151.679,916.963,142.783,155.218,914.42,149.355,155.064,927.19,140.02,155.351,921.31,156.853,154.692,935.473,133.227,138.589,925.204,167.34,136.506,935.935,117.002,127.773,913.578,181.53,117.941,912.804,117.75,127.99,892.699,177.444,105.347,940.306,138.716,85.5715,933.174,161.193,84.5516,943.214,133.11,48.9977,933.587,163.349,48.2628,957.108,127.44,10.7055,942.022,166.95,9.19062,904.502,156.544,71.2752,908.87,156.761,56.451,919.038,143.353,51.6968,915.515,143.894,67.0614,1102.98,130.535,116.946
000718:917.093,145.642,151.464,919.599,142.834,155.015,916.713,149.376,154.893,927.849,140.065,155.225,921.183,156.802,154.63,936.224,133.535,138.56,923.189,167.239,136.655,939.746,117.815,127.421,912.247,181.479,118.147,921.415,118.751,127.134,894.852,177.714,105.464,942.008,139.055,85.6172,933.544,161.365,84.6619,945.36,133.336,48.8718,934.01,163.444,48.2202,956.697,127.399,10.6712,941.736,167.131,9.04104,903.799,156.516,71.4723,907.469,156.689,56.6967,915.368,143.056,52.1595,912.634,143.638,67.4519,1107.33,131.121,112.657
000719:915.639,145.76,151.601,918.324,142.943,155.133,915.328,149.489,154.999,927.149,140.129,155.195,920.265,156.864,154.609,935.601,133.5,138.483,922.65,167.242,136.598,938.569,117.599,127.456,912.02,181.444,118.371,919.64,118.468,127.168,894.177,177.294,106.298,941.295,139.022,85.6248,932.955,161.328,84.6772,943.926,133.358,48.9574,933.354,163.434,48.2918,956.557,127.326,10.7093,942.136,167.04,9.11402,901.049,155.656,72.1604,903.626,155.846,57.4922,911.692,142.295,52.8106,910.075,142.837,67.985,1108.15,131.09,109.275
000720:917.942,146.183,151.558,920.485,143.37,155.114,917.569,149.924,154.967,928.387,140.58,155.253,922.256,157.357,154.624,935.573,133.939,138.617,924.418,167.764,136.66,939.813,118.016,127.711,912.398,181.908,118.738,925.115,118.692,127.233,892.102,177.108,107.324,941.24,139.348,85.6969,934.246,161.717,84.5865,943.841,133.395,49.0455,934.909,163.57,48.1402,956.205,127.44,10.9639,942.115,167.096,9.02123,898.468,154.328,73.1851,900.356,154.186,58.3983,907.538,140.241,53.9526,906.75,141.119,69.247,1098.35,129.932,102.695
000721:912.906,146.089,151.551,915.797,143.297,155.069,912.618,149.784,154.919,925.545,140.613,155.099,918.555,157.205,154.486,935.614,134.206,138.502,922.226,167.63,136.66,941.24,118.185,127.618,911.724,182.111,119.23,926.218,118.105,126.827,891.947,177.305,108.662,942.066,139.637,85.6603,933.942,161.777,84.6208,944.574,133.621,48.9509,934.051,163.582,48.1805,957.274,127.373,10.8357,941.746,167.212,9.02109,893.547,152.709,74.9256,893.929,152.062,60.0822,899.531,137.655,56.0806,900.353,139.044,71.416,1102.56,130.521,99.1978
000722:914.626,146.276,151.177,917.468,143.51,154.686,914.277,149.945,154.56,927.366,140.877,154.739,919.978,157.305,154.129,937.082,134.547,138.2,923.204,167.582,136.461,939.031,118.598,127.316,913.378,182.234,119.27,915.837,118.069,126.526,893.741,177.395,109.168,943.544,139.727,85.4264,934.577,161.591,84.4873,945.889,133.855,48.756,934.125,163.523,48.0991,957.68,127.479,10.7813,942.425,167.344,9.02218,887.187,150.569,77.1096,885.565,149.063,62.3283,889.423,134.119,59.1504,892.217,136.37,74.407,1106.91,131.106,94.8599
000723:911.537,146.477,151.539,914.483,143.636,155.03,911.298,150.082,154.921,925.278,140.776,154.981,918.169,157.257,154.386,935.635,134.342,138.495,922.433,167.438,136.898,937.741,118.688,127.348,911.627,182.18,120.063,915.516,118.502,126.167,889.96,177.126,110.668,942.815,139.691,86.1969,934.483,161.628,85.2784,945.159,133.892,49.2688,934.279,163.508,48.6301,957.64,127.518,10.8873,943.174,167.436,9.07258,880.003,148.825,80.1842,878.869,147.039,65.5255,882.585,131.945,62.7296,885.096,134.524,77.8361,1107.87,131.071,91.0421
000724:914.951,146.548,151.416,917.571,143.69,154.874,914.444,150.151,154.821,926.887,140.798,154.694,920.092,157.281,154.144,935.442,134.416,137.979,923.127,167.495,136.592,937.567,118.987,126.578,912.02,182.567,119.898,916.812,118.455,124.977,889.937,177.086,110.842,942.772,139.817,85.7556,934.995,161.757,84.8385,944.759,133.968,49.0389,933.544,163.502,48.3877,958.461,127.658,10.7337,941.748,167.388,9.06821,878.72,147.333,83.3253,876.859,144.512,69.0059,879.428,129.07,67.529,882.898,132.72,82.2655,872.987,138.342,75.9834
000725:915.147,146.587,151.343,917.708,143.76,154.803,914.771,150.244,154.772,926.068,140.957,154.662,920.471,157.423,154.074,933.771,134.638,137.99,923.258,167.659,136.544,937.589,119.365,126.607,911.242,182.85,119.847,922.611,118.535,124.823,886.348,176.799,111.095,940.65,139.851,85.9371,934.191,161.762,84.8803,943.953,133.905,49.1559,934.093,163.436,48.2924,958.858,127.67,10.8022,941.667,167.469,8.89261,874.646,146.35,86.6974,874.363,142.709,72.62,876.55,127.084,72.3685,878.568,131.633,86.8315,868.504,134.778,86.249
000726:913.224,146.225,151.173,915.963,143.465,154.591,912.995,149.888,154.606,925.48,140.962,154.373,920.173,157.253,153.82,934.331,135.073,137.549,924.22,167.788,136.237,936.503,120.021,126.295,911.673,183.176,119.823,916.729,118.777,124.906,882.073,176.304,111.894,941.874,140.434,85.5304,935.542,162.211,84.4737,943.651,134.009,49.0594,934.338,163.504,48.0797,958.15,127.683,11.0574,941.335,167.532,8.91829,865.206,145.343,90.7944,864.816,140.913,77.5503,865.378,125.656,78.4939,867.65,131.003,92.0594,856.78,131.528,89.5882
000727:913.469,146.452,151.51,916.702,143.765,154.841,913.522,150.145,154.889,927.427,141.411,154.272,921.471,157.509,153.749,937.549,135.743,137.007,924.801,167.975,135.93,940.788,120.903,125.441,909.791,183.33,120.03,919.666,118.855,123.733,878.442,176.105,113.254,942.245,140.823,84.8634,934.571,162.335,83.9185,943.766,134.093,48.5749,932.6,163.442,47.7222,959.065,127.803,10.8442,941.043,167.832,8.77562,860.74,145.486,96.1951,859.872,139.963,84.2341,860.538,125.556,86.7304,863.203,131.959,98.974,850.584,127.454,93.7244
000728:915.162,146.713,151.472,917.649,143.893,154.845,914.906,150.389,154.876,925.921,141.122,154.406,921.355,157.468,153.83,934.45,134.984,137.103,924.395,167.955,135.951,938.686,120.215,125.56,912.259,183.958,120.136,924.049,119.379,124.044,881.63,176.463,113.989,940.608,140.321,84.6762,934.493,162.31,83.6784,942.239,133.532,48.5526,932.735,163.424,47.6054,957.964,127.708,10.9934,940.135,167.657,8.94764,859.381,145.803,100.924,857.985,139.528,90.0735,855.2,125.474,93.8029,858.559,132.667,104.902,835.054,121.426,99.5898
000729:914.525,146.376,151.5,916.982,143.652,154.783,914.227,150.087,154.823,925.149,141.199,153.999,920.778,157.377,153.452,933.804,135.522,136.377,924.219,168.091,135.349,936.538,120.653,125.103,912.921,184.523,120.177,918.368,118.734,124.005,880.958,176.71,115.461,941.237,140.821,83.6145,935.245,162.634,82.5574,941.62,133.323,47.9707,931.859,163.352,46.929,959.241,127.648,10.9228,940.266,167.881,8.73229,858.156,146.337,106.352,856.918,139.517,96.6889,854.309,126.513,101.39,857.418,134.224,111.291,830.918,118.589,105.448
000768:212.851,-32.2152,0.125168
