000296:1058.49,14.283,157.835,1059.1,10.4835,160.844,1060.92,16.4399,160.838,1063.51,2.84366,157.343,1066.29,18.4843,157.345,1067.77,-5.98217,138.33,1072.23,22.0945,137.888,1062.2,-11.4501,112.038,1069.51,32.1844,117.474,1052.25,-6.71684,90.0289,1052.3,42.2682,115.485,1075.5,-3.41945,86.078,1075.71,18.0644,85.7693,1074.37,-12.6371,49.2981,1068.84,25.346,49.9228,1082.71,-27.7378,12.1017,1074.73,33.0207,12.5832,1033.72,64.9956,151.002,1031.7,63.4409,165.031,1028.7,75.6066,170.747,1028.94,76.9477,156.284,0,0,0
000297:1060.36,14.3648,157.906,1060.72,10.5522,160.925,1062.87,16.5225,160.94,1064.31,2.87415,157.46,1067.91,18.5698,157.449,1067.85,-5.98283,138.459,1074.5,22.2077,138.041,1061.04,-11.2825,112.253,1072.54,32.3462,117.776,1052.44,-6.08011,90.6197,1055.6,42.2415,116.118,1077.21,-3.37439,86.2094,1079.01,18.2071,85.8146,1074.25,-12.7251,49.3967,1071.42,25.2978,49.813,1081.37,-27.6095,12.2089,1076.23,32.9983,12.285,1035.59,64.853,151.738,1032.65,63.3361,165.88,1030.09,75.5933,171.529,1031.19,76.9058,156.963,0,0,0
000298:1059.11,14.541,157.963,1059.27,10.7388,160.975,1061.67,16.6756,160.97,1062.42,3.0472,157.438,1066.79,18.5702,157.424,1066.33,-5.79902,138.459,1073.62,21.9744,138.02,1060.23,-11.1512,112.186,1075.29,32.1132,117.856,1050.23,-6.40483,90.1073,1060.43,42.3498,116.636,1075.47,-3.36694,86.2615,1077.82,17.9782,85.8579,1071.58,-12.5709,49.5982,1069.39,25.2426,49.9962,1082.37,-27.9151,12.1624,1075.81,32.8884,12.5319,1038.38,64.8961,152.662,1033.49,63.1437,166.642,1029.51,75.1772,172.386,1032.84,76.7652,157.979,0,0,0
000299:1057.46,14.2302,158.05,1057.91,10.4277,161.069,1060.35,16.4361,161.061,1062.66,2.85754,157.545,1066.79,18.6202,157.574,1067.72,-5.95168,138.485,1074.35,22.4331,138.001,1062.98,-11.5578,112.221,1075.34,32.9691,117.707,1053.04,-6.75302,90.305,1059.95,43.0719,116.251,1074.42,-3.46457,86.0647,1076.17,18.1667,85.6405,1071.42,-12.7051,49.4343,1069.19,25.4508,49.7629,1081.86,-27.8329,12.1114,1076.31,33.0292,12.3764,1038.23,64.9568,152.957,1034.78,62.9441,166.897,1030.19,74.8364,173.024,1032.09,76.6759,158.688,0,0,0
000300:1057.46,14.3723,158.113,1057.99,10.5886,161.117,1060.36,16.5452,161.116,1062.97,3.04971,157.571,1067.22,18.6588,157.591,1068.24,-5.72358,138.579,1075.37,22.3229,138.12,1062.18,-11.2426,112.43,1077.91,32.6604,117.959,1048.68,-6.58428,90.7144,1063.16,42.7128,116.854,1075.52,-3.27335,86.3512,1077.3,18.1589,85.9334,1072.47,-12.4959,49.6006,1069.61,25.3837,49.986,1082.73,-27.8172,12.1617,1076.69,32.9743,12.4761,1039.2,64.8416,153.567,1034.78,62.8777,167.527,1029.7,74.7969,173.547,1032.47,76.5978,159.174,0,0,0
000301:1059.18,14.4641,158.237,1059.43,10.6352,161.241,1061.73,16.5957,161.243,1063.05,2.93927,157.637,1067.04,18.5391,157.645,1067.74,-5.86127,138.577,1074.27,22.0801,138.11,1060.44,-11.0758,112.306,1077.63,32.4005,117.792,1046.92,-6.10197,90.5871,1065.76,42.8038,116.635,1076.57,-3.27722,86.1721,1078.29,18.1384,85.7507,1072.87,-12.5801,49.3732,1070.61,25.1967,49.726,1080.51,-27.7614,12.2097,1076.25,32.7439,12.2664,1040.26,64.8993,154.276,1034.25,62.6784,168.389,1028.74,74.6272,174.566,1033.14,76.7201,160.037,0,0,0
000302:1060.06,14.2602,158.195,1060.23,10.4395,161.191,1062.28,16.4008,161.188,1063.39,2.83574,157.564,1066.65,18.4395,157.616,1067.83,-5.84665,138.622,1071.88,22.165,138.229,1063.15,-11.1855,112.358,1070.6,32.7897,118.346,1053.86,-6.7216,90.258,1055.53,43.4689,117.365,1076.76,-3.24215,86.4143,1077.44,18.1388,86.0459,1073.13,-12.4842,49.6669,1070.14,25.1835,50.0716,1081,-27.6056,12.5525,1076.66,32.7929,12.6198,1038.81,64.7928,154.843,1035.88,62.5147,168.697,1033.15,74.3192,174.989,1034.38,76.4287,160.684,0,0,0
000303:1057.58,14.6728,158.23,1058.04,10.8528,161.215,1060.32,16.7678,161.205,1062.5,3.11379,157.584,1066.66,18.6011,157.579,1067.52,-5.73161,138.557,1074.54,22.0492,138.047,1060.46,-11.1275,112.349,1076.47,32.4266,117.82,1048.37,-6.62142,90.4872,1060.3,43.0275,116.818,1076.87,-3.12389,86.2762,1078.66,18.1468,85.8463,1072.74,-12.3299,49.6036,1069.49,25.1951,50.047,1082.57,-27.6357,12.3376,1076.63,32.7113,12.6105,1038.36,64.4816,155.167,1036.14,62.1029,169.291,1031.86,74.0078,175.721,1032.55,76.214,161.128,0,0,0
000304:1059.78,14.4861,158.39,1060.07,10.6691,161.386,1062.27,16.6159,161.374,1063.65,3.00658,157.737,1067.4,18.5698,157.752,1067.95,-5.78842,138.701,1073.83,22.0873,138.197,1060.57,-11.0918,112.474,1074.77,32.5932,118.209,1048.66,-6.33143,90.558,1060.39,43.1393,117.559,1076.84,-3.43765,86.3033,1078.25,17.9024,85.8745,1073.69,-12.6718,49.5825,1071.08,25.0481,49.9612,1082.49,-28.0054,12.4322,1077.58,32.4918,12.6396,1038.74,64.3513,155.861,1035.8,61.9147,169.931,1031.68,73.795,176.388,1032.93,76.0822,161.884,0,0,0
000305:1056.5,14.731,158.368,1056.83,10.9243,161.353,1059.18,16.8365,161.347,1061.29,3.24519,157.702,1065.69,18.7414,157.706,1066.46,-5.61493,138.64,1074.02,22.2039,138.147,1059.21,-10.9633,112.409,1076.12,32.7691,118.259,1047.84,-6.18209,90.4915,1061.29,43.3715,117.964,1076.09,-3.29915,86.2631,1078.15,18.0276,85.8259,1072.84,-12.5258,49.5484,1070.45,25.2731,49.9336,1081.41,-27.8707,12.3636,1076.58,32.8579,12.615,1038.67,64.473,156.287,1035.74,61.9105,170.4,1031.58,73.8081,176.965,1032.75,76.2175,162.384,0,0,0
000306:1057.39,14.537,158.354,1057.69,10.7269,161.332,1060.31,16.6522,161.34,1062.15,3.14126,157.689,1067.26,18.6669,157.747,1067.08,-5.53209,138.695,1075.77,22.3694,138.206,1061.7,-10.8361,112.668,1076.18,33.1514,118.515,1054.47,-5.97039,91.0743,1059.21,43.7464,118.308,1075.97,-3.05712,86.3554,1078.84,18.2566,85.8458,1072.31,-12.3686,49.6584,1070.25,25.2713,49.9623,1081.95,-27.7335,12.448,1075.98,32.6204,12.7085,1039.24,64.2961,156.888,1037.3,61.6487,170.879,1034.11,73.4369,177.573,1034.27,75.9314,163.116,0,0,0
000307:1057.8,14.752,158.392,1057.72,10.9408,161.374,1060.17,16.8637,161.35,1060.73,3.314,157.673,1065.38,18.837,157.702,1065.01,-5.44424,138.703,1073.4,22.3642,138.19,1058.79,-10.7338,112.291,1075.58,33.0086,118.218,1052.87,-6.37474,89.8451,1063.11,43.7537,117.743,1076.19,-3.16388,86.4935,1078.92,18.1121,85.9716,1072.5,-12.447,49.7381,1070.69,25.1325,50.0432,1080.88,-27.7802,12.5885,1075.99,32.6228,12.7035,1039.55,64.2209,157.53,1036.29,61.4021,171.567,1032.43,73.1461,178.391,1033.84,75.8102,163.896,0,0,0
000308:1055.68,14.5867,158.457,1055.93,10.7809,161.464,1058.86,16.6913,161.454,1061.51,3.1239,157.932,1067.2,18.6567,157.95,1067.73,-5.74898,138.998,1077.83,22.306,138.43,1059.88,-11.1109,112.87,1079.46,33.1361,118.516,1046.61,-6.01534,91.3931,1061.26,43.9928,118.267,1079.03,-3.45507,86.369,1082.24,17.9547,85.8822,1074.15,-12.4789,49.5802,1072.27,25.2691,49.9276,1082.24,-27.8174,12.2635,1076.35,32.5481,12.7201,1040.01,64.1775,157.96,1038.46,61.277,171.962,1035.02,73.0085,178.949,1034.68,75.7558,164.455,0,0,0
000309:1056.64,14.9689,158.614,1056.64,11.144,161.582,1059.21,17.0097,161.591,1060.49,3.4065,157.911,1065.79,18.8218,157.955,1065.56,-5.46491,138.908,1075.06,22.3143,138.463,1059.64,-10.8375,112.552,1078.02,33.2983,118.934,1051.69,-6.07518,90.3274,1064.07,44.4725,119.213,1076.72,-3.12162,86.7241,1079.96,18.1138,86.2513,1071.74,-12.1769,50.1357,1070.46,25.3219,50.4627,1080.45,-27.7612,12.9391,1076.01,32.4934,13.2479,1041.5,64.3273,158.618,1038.33,61.1219,172.493,1034.08,72.6602,179.563,1035.37,75.7068,165.187,0,0,0
000310:1058.83,14.8591,158.508,1058.74,11.011,161.491,1061.18,16.9007,161.477,1061.65,3.17536,157.815,1066.21,18.6406,157.84,1066.25,-5.71623,138.773,1073.4,22.0086,138.325,1060.03,-10.8187,112.34,1076.07,32.7917,118.692,1052.73,-5.54484,90.159,1063.27,43.771,118.992,1076.96,-3.3439,86.2753,1079.35,17.938,85.8598,1071.4,-12.4381,49.8737,1070.33,25.2596,50.2225,1080.55,-27.7903,12.9018,1076.9,32.6165,13.159,1042.05,63.9287,159.193,1039.18,60.7543,173.253,1035.22,72.4019,180.322,1036.26,75.4462,165.789,0,0,0
000311:1058.76,15.0279,158.647,1058.63,11.2067,161.599,1061.17,17.0772,161.583,1061.3,3.45472,157.781,1066.15,18.8139,157.788,1065.12,-5.3331,138.746,1072.91,22.1356,138.163,1057.48,-10.6433,112.844,1073.46,33.2432,118.909,1047.64,-5.9291,91.237,1059.92,44.7145,119.772,1076.41,-3.25866,86.2876,1078.93,17.8647,85.7993,1072.45,-12.425,49.7512,1071.17,25.2517,50.0647,1081.09,-28.081,12.7553,1077.7,32.6669,13.0221,1040.4,64.0478,160.093,1037.4,60.471,173.962,1033.53,71.8842,181.369,1034.82,75.3566,167.004,0,0,0
000312:1058.67,15.2219,158.662,1058.5,11.3568,161.614,1061.12,17.2354,161.628,1061.12,3.48903,157.85,1066.34,18.8967,157.894,1064.89,-5.39263,138.784,1074.28,22.2279,138.323,1057.22,-10.6429,112.514,1076.78,33.1917,118.989,1048.45,-5.64422,90.4531,1063.63,44.4398,119.845,1077.01,-2.98039,86.3944,1080.39,18.2024,85.9196,1072.02,-12.0754,49.9293,1071.12,25.4461,50.2684,1080.59,-27.7621,12.9792,1075.81,32.4785,13.3982,1042.58,63.9205,160.713,1039.94,60.3581,174.712,1035.25,71.8222,182.086,1036.02,75.2448,167.598,0,0,0
000313:1058.15,15.1705,158.775,1058.02,11.3313,161.719,1060.57,17.1828,161.713,1060.86,3.5121,157.894,1066.1,18.8391,157.934,1064.56,-5.28769,138.826,1073.66,22.1455,138.299,1056.49,-10.5488,112.785,1075.72,33.389,119.112,1047.81,-5.80869,90.9221,1062.14,44.9754,120.148,1075.88,-3.11415,86.3496,1079.23,17.9827,85.8476,1071.21,-12.2664,49.8843,1070.97,25.4187,50.1569,1080.73,-28.1239,12.8472,1077.91,32.7618,13.1187,1043.02,63.5961,161.072,1040.46,59.7772,174.908,1036.35,71.0499,182.512,1037.25,74.7492,168.167,0,0,0
000314:1058.8,15.1089,158.688,1058.61,11.2776,161.618,1061.4,17.1367,161.618,1061.49,3.57104,157.721,1067.28,18.9105,157.798,1065.78,-5.10019,138.649,1075.43,22.3682,138.179,1058.74,-10.2955,112.545,1079.05,33.6277,118.943,1049.53,-5.69671,90.6975,1066.68,44.8931,120.054,1076.9,-2.75894,86.4953,1080.42,18.3385,85.9484,1071.35,-12.0334,50.0948,1070.44,25.5333,50.3782,1081.66,-27.8838,13.0509,1077,32.8465,13.3305,1043.56,63.4333,161.814,1039.83,59.5321,175.668,1035.14,70.7761,183.341,1037.15,74.5612,168.99,0,0,0
000315:1059.33,15.0968,158.641,1059.6,11.2769,161.588,1062.05,17.1918,161.576,1063.35,3.71387,157.787,1068.31,19.1826,157.883,1066.37,-4.89891,138.83,1075.91,22.8152,138.307,1057.58,-10.1477,112.597,1076.6,33.92,118.903,1050.48,-5.81822,90.3361,1063.67,44.8732,119.603,1074.54,-2.64853,86.6528,1077.44,18.5024,86.085,1071.39,-12.0622,49.9881,1069.1,25.6532,50.3011,1082.44,-28.1059,12.7805,1076.19,32.951,13.1215,1042.58,63.1604,162.243,1040.24,59.2419,176.216,1036.22,70.5388,184.057,1036.76,74.3115,169.615,0,0,0
000316:1060.23,15.1667,158.505,1060.23,11.309,161.46,1061.57,17.3267,161.497,1064.29,3.46844,157.455,1067.35,19.1646,157.77,1065.36,-4.90137,138.67,1075.47,22.6308,138.68,1059.69,-10.4101,112.239,1079.62,33.9164,119.392,1051.66,-5.96003,90.7025,1063.84,45.5255,121.103,1076.36,-2.78046,86.5588,1078.78,18.463,86.031,1070.54,-11.8954,50.0657,1070.57,25.6325,50.0131,1078.23,-27.6768,13.2948,1076.78,32.7573,13.0345,1045.64,63.0785,162.764,1046.87,58.5261,176.814,1036.07,70.0794,185.366,1031.98,74.5212,170.673,0,0,0
000317:1059.14,15.2539,158.717,1059.13,11.4108,161.626,1061.92,17.2802,161.63,1062.53,3.71133,157.68,1068.61,19.0882,157.811,1065.47,-4.90183,138.658,1077.05,22.6326,138.136,1055.36,-10.2255,112.676,1079.4,34.2546,119.135,1046.42,-5.92174,90.6755,1065.27,45.8864,120.653,1075.59,-2.64457,86.4335,1079.72,18.4369,85.8399,1071.49,-11.9042,50.0146,1070.01,25.8776,50.3418,1082.69,-28.3088,12.9322,1075.48,32.9355,13.6097,1044.16,63.0633,163.805,1041.52,58.6202,177.448,1037.17,69.5203,185.63,1038.13,73.8451,171.483,0,0,0
000318:1061.73,15.5797,158.454,1061.74,11.7111,161.358,1062.58,17.7077,161.427,1064.99,3.80791,157.265,1066.6,19.3819,157.609,1065.61,-4.49655,138.507,1072.41,22.7309,138.601,1061.74,-10.4853,112.294,1071.67,34.2776,119.957,1057.35,-6.84738,90.6295,1057.47,46.5112,122.145,1076.92,-2.27487,86.448,1077.41,18.7739,86.0127,1072.22,-11.4441,50.0516,1070.48,25.9858,50.1125,1076.87,-27.6683,13.7363,1076.7,32.8899,13.4718,1046.17,62.8026,164.244,1047.97,57.8007,178.082,1038.73,69.0429,187.025,1033.95,73.9833,172.504,0,0,0
000319:1060.3,15.3637,158.388,1060.31,11.4988,161.311,1061.88,17.5021,161.368,1064.5,3.69174,157.297,1067.43,19.3905,157.679,1066.32,-4.59331,138.576,1074.89,22.9814,138.802,1062.72,-10.282,112.169,1076.37,34.7876,120.473,1055.09,-5.94274,90.6237,1059.82,46.6097,123.153,1077.67,-2.52594,86.5383,1079.41,18.7029,86.0689,1071.28,-11.6651,50.1856,1070.65,25.8787,50.1463,1078.93,-27.5071,13.5311,1078.45,32.883,13.2656,1046.08,62.5066,165.099,1047.32,57.5468,178.786,1037.39,68.6886,187.601,1033.43,73.5601,173.274,0,0,0
000320:1060.62,15.5863,158.288,1060.89,11.7186,161.2,1062.17,17.6922,161.262,1065.45,3.83715,157.226,1068.42,19.4584,157.586,1065.8,-4.4583,138.608,1075.77,22.9762,138.724,1060.76,-10.2531,112.482,1076.28,34.8074,120.406,1054.84,-5.91266,91.3338,1058.11,46.954,123.126,1074.62,-2.30073,86.7938,1076.74,18.7879,86.2821,1069.7,-11.438,50.4831,1068.54,25.9334,50.4729,1078.54,-27.6448,13.8017,1075.96,32.5364,13.7659,1045.39,62.3475,165.739,1047.67,57.1382,179.448,1037.96,68.2171,188.539,1032.67,73.3558,174.156,0,0,0
000321:1059.33,15.5692,158.405,1059.19,11.6854,161.262,1060.41,17.7167,161.338,1063.35,3.89501,156.999,1065.8,19.6231,157.44,1066,-4.24537,138.18,1073.96,23.3304,138.364,1064.18,-10.2146,111.856,1078.34,35.3807,119.94,1059.16,-6.5189,90.1582,1065.2,47.4368,122.814,1077.64,-1.90811,86.2341,1078.95,19.3044,85.6923,1071.57,-11.2537,50.0925,1070.38,26.3103,50.0209,1078.04,-27.6843,13.8711,1076.45,32.7776,13.6255,1048.81,62.0304,166.441,1049.77,56.5212,180.112,1038.68,67.4317,189.417,1034.89,72.8966,175.102,0,0,0
000322:1057.91,15.9885,158.311,1057.7,12.1083,161.178,1059.31,18.0579,161.273,1062.08,4.22203,157.046,1066.14,19.7395,157.507,1063.26,-3.88921,138.365,1076.61,23.167,138.501,1058.52,-9.4625,112.041,1081.35,35.1186,120.22,1054.76,-5.05763,90.5303,1065.77,47.6048,123.431,1076.27,-1.89527,86.3003,1080.32,19.0645,85.7098,1069.48,-10.8883,50.1094,1071.34,26.473,49.9324,1077.98,-27.8072,13.552,1076.63,32.7073,13.562,1047.16,61.7958,167.137,1048.19,56.0493,180.667,1037.76,66.8442,190.105,1033.75,72.5485,175.892,0,0,0
000323:1057.85,16.2041,158.38,1057.65,12.3589,161.233,1058.84,18.3046,161.304,1061.83,4.59114,157.052,1064.72,20.0926,157.484,1063.87,-3.43112,138.463,1074.08,23.5694,138.561,1061.36,-9.18107,112.353,1076.84,35.3886,120.333,1058.37,-5.32836,91.0702,1063.06,47.5939,123.418,1077.4,-1.46776,86.5834,1079.55,19.4414,85.9637,1071.17,-10.7909,50.2526,1069.79,26.4835,50.1595,1078.28,-27.8018,13.7797,1075.54,32.7623,13.6442,1047.07,61.4334,167.782,1047.72,55.5216,181.303,1038.04,66.2037,190.949,1034.46,72.0871,176.746,0,0,0
000324:1056.88,16.3464,158.202,1056.48,12.4914,161.056,1057.6,18.4251,161.146,1060.73,4.62142,156.944,1063.25,20.1793,157.384,1063.66,-3.62437,138.263,1072.52,23.7383,138.532,1064.17,-9.81574,111.844,1075.56,35.6403,120.518,1061.74,-5.82435,90.2875,1062.97,47.6115,123.852,1077.47,-1.36223,86.4815,1078.72,19.7187,85.9969,1071.2,-10.5002,50.2659,1067.95,26.8081,50.3983,1078.76,-27.5878,13.7474,1074.35,32.5456,13.9765,1046.45,60.9611,168.319,1048.11,54.9525,181.89,1038.45,65.6866,191.639,1033.63,71.638,177.37,0,0,0
000325:1058.71,16.4286,158.298,1058.26,12.5636,161.142,1059.55,18.4874,161.224,1061.6,4.67075,156.965,1064.63,20.1656,157.416,1062.81,-3.43201,138.311,1073.66,23.5742,138.487,1060.03,-9.15071,111.947,1076.74,35.272,120.292,1058.71,-4.82075,90.4985,1062.85,47.1923,123.674,1078.15,-1.34835,86.3504,1080.83,19.5906,85.7709,1071.29,-10.486,50.1809,1069.98,26.7431,50.1874,1080.38,-27.783,13.6591,1074.95,32.4795,13.9733,1049.03,60.2234,169.185,1050.14,54.0281,182.775,1041.96,64.7391,192.675,1037.96,70.9073,178.375,0,0,0
000326:1057.42,16.6647,158.114,1057.22,12.8189,160.934,1058.26,18.7055,161.024,1061.56,4.94572,156.739,1063.79,20.3768,157.214,1063.65,-3.1492,138.135,1072.71,23.8009,138.435,1061.52,-9.25844,111.871,1072.87,35.8095,120.861,1056.54,-5.40036,90.5089,1057.85,47.991,124.816,1078.83,-1.10829,86.3593,1080.22,19.7401,85.8509,1071.77,-10.1727,50.2494,1069.08,26.861,50.3207,1079.35,-27.6785,13.8644,1075.81,32.3004,14.0658,1048.66,59.9784,170.21,1051.21,53.483,183.486,1043.97,63.8652,193.654,1038.29,70.3502,179.637,0,0,0
000327:1058.65,16.8022,158.157,1058.16,12.9207,160.959,1059.5,18.8149,161.052,1062.33,4.93942,156.647,1065.22,20.3848,157.138,1064.76,-3.08369,137.904,1075.03,23.7648,138.174,1062.4,-8.77483,111.319,1078.41,35.931,120.2,1056,-4.70045,89.703,1065.12,48.3174,124.081,1080.87,-1.01262,85.962,1082.81,19.8451,85.3924,1072.77,-10.1795,49.9372,1070.19,26.9126,49.99,1079.2,-27.7171,13.758,1074.47,32.3998,13.9844,1050.96,59.4099,170.43,1051.78,52.4356,183.634,1043.47,62.5637,194.123,1039.56,69.5254,180.18,0,0,0
000328:1058.77,16.94,157.962,1058.36,13.0836,160.748,1059.75,18.9682,160.852,1062.83,5.14364,156.487,1065.61,20.596,156.967,1065.17,-2.9484,137.809,1075.85,24.0454,138.079,1060.69,-8.98057,111.788,1079.6,36.4608,120.799,1050.93,-4.70341,91.0855,1067,48.6995,125.424,1081.92,-1.00901,85.8178,1083.7,19.9128,85.274,1073.92,-10.0787,49.9328,1070.09,27.1145,50.0587,1079.91,-27.6569,13.857,1073.2,32.2401,14.4434,1053.52,59.0719,171.318,1054.42,51.8915,184.253,1046.61,61.7377,194.884,1042.65,68.9541,181.238,0,0,0
000329:1058.84,17.1109,157.912,1058.37,13.2564,160.695,1060.02,19.1,160.812,1063.17,5.29605,156.456,1066.79,20.6723,156.964,1065.55,-2.69488,137.836,1077.65,24.1091,138.039,1060.8,-8.45756,111.768,1083.91,36.4894,120.43,1050.06,-3.85259,91.3902,1071.67,48.9438,124.768,1080.52,-0.746817,85.9331,1083.3,20.0463,85.3202,1071.39,-9.73873,49.9684,1069.39,27.2901,49.9793,1078.8,-27.7779,13.6267,1074.65,32.139,13.9809,1054.25,58.4965,171.634,1053.74,50.9337,184.441,1044.52,60.5507,195.354,1041.95,68.1633,181.832,0,0,0
000330:1057.11,17.3684,158.013,1056.54,13.555,160.771,1057.98,19.3649,160.885,1061.36,5.71442,156.46,1064.34,21.0345,156.988,1064.62,-2.24799,137.879,1075.46,24.5367,138.233,1061.88,-8.38237,111.912,1081.86,37.1008,121.282,1051.29,-4.47253,91.3667,1071.7,49.2903,126.268,1080.92,-0.36656,86.2975,1082.6,20.3604,85.6905,1072.74,-9.5089,50.229,1068.15,27.271,50.3279,1080.38,-27.6959,13.8194,1072.21,31.9218,14.3897,1054.44,57.9661,172.499,1053.61,50.3633,185.01,1044.53,59.7046,195.845,1042.26,67.3615,182.628,0,0,0
000331:1059.29,17.5141,157.813,1059.17,13.6752,160.593,1060.36,19.5681,160.701,1064.37,5.8087,156.437,1066.4,21.413,156.968,1066.42,-2.26845,137.819,1075.35,25.1635,138.233,1062.2,-8.56834,111.51,1076.91,37.6369,121.205,1052.21,-4.23349,90.5489,1064.79,49.0556,125.994,1079.18,-0.234226,86.0396,1080.05,20.8175,85.4934,1071.57,-9.40827,50.1188,1067.97,27.7222,50.1239,1077.69,-27.4423,14.0075,1074.02,31.9376,14.2319,1053.52,56.9639,173.165,1053.62,49.1338,185.624,1046.47,58.3357,196.791,1043.31,66.2096,183.655,0,0,0
000332:1061.64,17.864,157.778,1061.05,14.0064,160.536,1062.06,19.8752,160.643,1064.08,6.06227,156.222,1065.88,21.6357,156.785,1064.06,-1.97248,137.569,1072.99,25.3411,138.074,1060.81,-8.39515,111.314,1073.74,38.1948,121.591,1055.4,-4.3181,90.1436,1062.67,49.7749,126.991,1079.04,0.0567577,85.8987,1079.77,21.0713,85.3365,1072.98,-9.19655,49.9209,1067.52,27.9386,50.0595,1083.4,-27.6403,13.4621,1073.91,32.0096,14.222,1054.26,56.0208,174.103,1056.62,47.7786,186.107,1051.3,56.4167,197.553,1045.63,64.7201,184.82,0,0,0
000333:1059.19,18.331,157.813,1058.76,14.4793,160.511,1059.85,20.2807,160.646,1063.23,6.49675,156.139,1065.43,21.8428,156.729,1065.14,-1.42218,137.618,1074.34,25.3261,138.131,1061.42,-7.81893,111.955,1077.14,38.3396,122.48,1050.48,-3.68651,91.8264,1068.02,50.3628,128.825,1079.54,0.422657,85.893,1080.34,21.1075,85.3502,1072.03,-8.72945,49.9916,1067.47,28.1512,50.0672,1079.44,-27.5544,13.8457,1073.95,32.0492,14.377,1057.21,55.3476,175.271,1058,46.6885,186.718,1050.92,54.6701,198.252,1046.92,63.4584,186.113,0,0,0
000334:1061.92,18.5255,157.747,1061.43,14.6775,160.42,1062.71,20.5103,160.548,1064.94,6.65958,155.805,1068.05,22.0706,156.407,1064.89,-1.20341,136.938,1075.94,25.5097,137.545,1059.72,-7.70034,110.871,1078.88,38.6519,121.795,1048.34,-4.18734,89.846,1065.36,50.1726,128.674,1078.65,0.711877,85.1508,1081.21,21.415,84.4939,1069.25,-8.50925,49.7561,1067.44,28.4257,49.6061,1079.56,-27.4821,13.8026,1075.95,32.1844,14.0959,1054.46,54.4011,175.533,1055.67,45.3955,186.842,1049.02,53.125,198.675,1044.51,62.2756,186.669,0,0,0
000335:1061.31,18.9688,157.801,1060.93,15.1281,160.467,1062.12,20.967,160.579,1065.29,7.09454,155.846,1068.14,22.5649,156.38,1065.97,-0.855456,137.021,1077.08,26.0096,137.491,1062.29,-7.56203,111.064,1081.47,39.5014,121.786,1055.38,-4.22015,90.0951,1072.47,51.0741,128.758,1077.89,0.795056,85.3068,1080.32,21.5269,84.5765,1068.56,-8.38633,49.8901,1067.01,28.4328,49.6213,1078.5,-27.1709,13.8463,1075.68,32.4151,14.0444,1055.66,53.5461,175.755,1054.87,43.9165,186.585,1048.2,50.954,198.899,1045.95,60.7433,187.393,0,0,0
000336:1061.73,19.2004,157.784,1061.36,15.363,160.409,1062.47,21.1802,160.552,1065.42,7.38178,155.782,1067.86,22.7989,156.354,1066.32,-0.444594,137.042,1075.78,26.3588,137.626,1061.25,-7.16846,111.446,1080.29,39.8086,122.32,1051.18,-4.04938,91.1475,1071.56,50.8617,129.562,1078.32,1.49411,85.6512,1080.02,22.1659,84.9069,1070.58,-8.03386,50.1279,1068.61,28.8109,49.8087,1077.89,-27.096,14.3389,1074.55,32.6256,14.3894,1057.8,52.4822,176.498,1057.51,42.5774,187.168,1050.24,49.2514,199.687,1047.72,59.3169,188.362,0,0,0
000337:1061.68,19.631,157.861,1061.13,15.8251,160.514,1062.53,21.6376,160.613,1064.94,7.88368,156.002,1068.33,23.2716,156.551,1064.54,0.0651611,137.353,1076.98,26.706,137.891,1058.16,-6.7966,111.579,1083.4,40.1857,122.577,1049.57,-4.14341,90.488,1074,51.1433,129.887,1075.74,1.57934,85.5404,1079.05,22.1583,84.738,1067.13,-7.87336,50.1058,1067.22,29.0454,49.6249,1077.85,-27.0764,14.1064,1073.86,33.0293,14.3256,1059.71,51.5126,177.004,1059.68,41.3547,187.169,1051.19,47.4605,199.804,1048.36,57.7719,189.024,0,0,0
000338:1060.4,19.868,157.939,1059.95,16.0833,160.521,1061.39,21.898,160.647,1064.81,8.26841,155.713,1068.28,23.6618,156.309,1065.51,0.664485,136.907,1077.62,27.2607,137.518,1060.04,-6.40796,111.579,1084.15,41.2875,122.897,1050.84,-4.25154,91.1531,1073.49,51.942,131.201,1076.31,2.2033,85.387,1079.51,22.7377,84.4564,1067.93,-7.59677,50.1017,1068.22,29.263,49.4265,1079.01,-27.1318,14.2148,1075.78,33.0451,14.102,1061.44,50.5605,177.303,1062.06,39.9712,187.018,1054.3,45.4429,199.984,1050.86,56.2597,189.663,0,0,0
000339:1058.78,20.3963,157.934,1058.65,16.6326,160.516,1059.99,22.445,160.611,1064.34,8.81319,155.753,1067.62,24.2536,156.291,1064.93,1.06542,136.981,1077.86,27.7641,137.585,1058.51,-6.28352,111.759,1084.84,41.8717,123.339,1048.56,-4.18133,91.3895,1073.96,51.9705,132.093,1075.28,2.28485,85.4207,1078.59,22.8897,84.4935,1067.25,-7.49664,50.2322,1066.5,29.5655,49.6173,1078.72,-26.8472,14.3601,1073.37,33.5424,14.5264,1061.9,49.3727,177.854,1062.1,38.5865,187.153,1056.19,43.5795,200.23,1053.17,54.6023,190.362,0,0,0
000340:1059.51,20.8252,158.023,1059.35,17.0539,160.587,1060.48,22.8621,160.674,1064.38,9.2229,155.715,1066.91,24.6327,156.265,1065.06,1.60071,136.922,1076.02,28.052,137.627,1058.41,-5.61499,111.858,1083.38,42.0318,123.781,1047.35,-3.72793,91.7615,1076.33,51.744,132.937,1075.81,2.86967,85.2357,1078.09,23.379,84.3082,1067.69,-7.24354,50.0108,1066.41,29.7868,49.3357,1077.68,-26.6309,14.3544,1073.82,33.9208,14.171,1066.19,48.2441,178.47,1065.76,37.2703,187.497,1059.98,41.8314,200.617,1057.72,53.0744,191.061,0,0,0
000341:1058.92,21.1806,157.847,1058.56,17.4459,160.414,1060.22,23.2166,160.488,1063.56,9.6891,155.663,1067.44,25.0619,156.17,1063.62,2.03641,137.019,1077.72,28.5333,137.673,1055.8,-5.36957,112.01,1086.23,42.7148,123.762,1045.99,-3.78498,91.865,1077.55,52.221,132.667,1075.05,3.0932,85.5863,1079.13,23.5882,84.5477,1067.15,-7.02811,50.3459,1067.25,29.9343,49.5196,1077.61,-26.4047,14.5542,1072.95,34.1049,14.3683,1066.35,47.155,178.302,1065.6,35.8896,186.925,1060.38,39.9742,200.303,1058.47,51.4986,191.16,0,0,0
000342:1057.14,21.5739,157.862,1056.58,17.8809,160.408,1058.02,23.6225,160.472,1061.88,10.1929,155.597,1065.46,25.4849,156.116,1062.94,2.64282,136.941,1077.11,28.921,137.619,1058.69,-4.9804,111.834,1086.15,43.055,123.703,1051.98,-3.97445,91.3546,1077.6,52.2747,132.596,1076.26,3.65356,85.5239,1080.06,24.0477,84.4605,1068.18,-6.56188,50.478,1066.8,30.3598,49.7242,1081.38,-26.3003,14.6483,1072.47,34.4608,14.8182,1068.78,46.0614,178.411,1069.61,34.5379,186.796,1064.56,38.239,200.439,1060.93,50.0443,191.521,0,0,0
000343:1061.56,22.0537,157.897,1060.96,18.3632,160.445,1062.15,24.1112,160.49,1063.98,10.7432,155.588,1066.66,26.0793,156.087,1062.73,3.19535,136.972,1074.16,29.5777,137.822,1056.5,-4.77591,111.921,1083.71,43.8974,124.27,1051.39,-4.76567,91.1735,1080.41,52.684,133.186,1073.15,4.30251,86.1134,1076.44,24.6366,84.998,1066,-6.2457,50.8973,1067.17,30.3725,49.8093,1076.73,-25.7988,15.151,1073.18,34.6811,14.4794,1071.32,44.703,178.739,1071.01,33.0239,186.675,1065.74,36.1709,200.364,1063.53,48.1044,191.933,0,0,0
000344:1061.68,22.7424,157.692,1061.18,19.0449,160.253,1062.53,24.8231,160.269,1065.01,11.2826,155.476,1068.06,26.7045,155.866,1063.71,3.55011,136.808,1076.7,30.0072,137.438,1056.62,-4.63398,112.022,1085.91,44.5195,123.966,1049.51,-4.18117,91.813,1080.79,53.106,133.172,1073.86,4.24835,85.2397,1077.53,24.718,84.0669,1065.26,-6.3894,50.3267,1065.77,30.6734,49.2177,1076.75,-25.9146,14.709,1072.38,35.0547,14.2267,1070.73,43.7485,178.49,1070.52,31.6867,185.975,1065.47,34.1637,199.929,1062.95,46.5231,191.997,0,0,0
000345:1062.24,22.9463,157.623,1061.99,19.2642,160.18,1062.53,25.0781,160.173,1065.17,11.7117,155.462,1066.07,27.2544,155.81,1064.1,4.08627,136.868,1072.53,30.8838,137.511,1058.84,-4.28164,112.207,1080.8,45.6496,124.065,1053.98,-4.28611,92.1357,1080.56,53.6873,132.796,1072.93,4.78161,85.5401,1074.35,25.3698,84.3392,1066.68,-6.32622,50.5613,1065.52,30.6986,49.3221,1077.33,-25.5293,15.042,1071.96,35.1201,14.2292,1073.97,42.3843,178.21,1073.81,29.9973,185.369,1069.91,31.9042,199.698,1067.57,44.6049,192.162,0,0,0
000346:1063.15,23.188,157.428,1062.7,19.5282,159.985,1063.74,25.3241,159.997,1065.78,12.005,155.416,1067.9,27.5198,155.723,1064.67,4.33258,136.958,1074.37,31.2101,137.523,1059.97,-4.40661,112.89,1083.03,46.0551,124.395,1055.99,-4.50735,93.8584,1082.41,53.752,133.143,1072.04,5.06598,85.6274,1074.67,25.6361,84.3502,1063.8,-6.04185,50.7343,1064.69,30.9652,49.303,1075.74,-25.3976,15.026,1072.01,35.2511,14.0525,1076.96,41.0224,178.061,1077.22,28.3869,184.813,1073.92,29.7476,199.328,1071.16,42.7365,192.225,0,0,0
000347:1061.84,23.8914,157.413,1061.33,20.2577,159.966,1062.46,26.0068,159.969,1065.19,12.6458,155.389,1067.31,28.1013,155.641,1065.27,4.91122,136.82,1074.95,31.6468,137.354,1060.46,-3.96072,112.609,1085.64,46.5157,123.842,1053.84,-4.24414,93.6594,1085,53.9937,132.238,1074.07,5.59153,85.4397,1076.28,26.1403,84.1398,1065.66,-5.64373,50.5942,1065.07,31.3211,49.2248,1076.58,-25.1447,14.9796,1071.58,35.4933,14.0184,1075.72,39.9994,177.286,1075.61,27.0353,183.76,1071.41,27.9703,198.575,1069.13,41.2955,191.746,0,0,0
000348:1063.57,24.0372,157.255,1063.24,20.402,159.798,1064.63,26.175,159.808,1066.74,12.8798,155.238,1069.27,28.4159,155.502,1065.35,5.25808,136.712,1075.74,32.0731,137.323,1057.08,-3.50454,112.697,1086.83,47.2089,124.273,1047.83,-3.74072,94.0242,1086.25,54.2372,133.049,1071.95,5.76506,85.3972,1074.98,26.323,84.0323,1063.52,-5.60948,50.6847,1065.86,31.4125,49.0111,1074.89,-24.9352,15.1537,1072.38,35.6517,13.842,1079.22,38.5774,177.259,1078.68,25.3997,183.1,1074.73,25.6302,197.942,1072.92,39.1865,191.82,0,0,0
000349:1062.37,24.5669,157.313,1061.93,20.95,159.86,1063.82,26.6959,159.883,1066.06,13.4051,155.37,1069.91,28.9402,155.634,1064.06,5.72213,136.822,1078.4,32.6304,137.547,1054.87,-3.43998,112.99,1088.49,47.8892,124.987,1047.41,-4.05424,94.5465,1083.95,54.1417,134.126,1072.39,6.27877,85.4387,1077.18,26.9124,83.9716,1063.85,-5.3729,50.5753,1066.16,31.7831,48.8259,1075.79,-24.9979,14.8295,1070.4,35.7684,13.5636,1082.09,36.9404,177.204,1082.69,23.7029,182.49,1082.02,23.2986,197.312,1078.94,36.9746,191.749,0,0,0
000350:1064.06,24.8909,157.371,1063.81,21.2506,159.898,1065.16,27.0216,159.973,1067.51,13.7404,155.395,1069.84,29.3486,155.736,1065.18,6.16897,136.805,1076.38,33.2069,137.697,1056.13,-3.16571,113.056,1085.34,48.5149,125.438,1050.35,-3.90937,94.8932,1084.69,54.322,134.471,1071.28,6.98213,85.3973,1074.31,27.6293,84.0184,1064.92,-4.80256,50.3096,1065.4,32.3589,48.6379,1075.01,-24.7588,14.5653,1069.83,35.9659,13.2668,1083.4,35.2713,176.544,1083.39,21.838,181.187,1082.6,20.6858,196.05,1080.23,34.6036,191.17,0,0,0
000351:1063.26,25.1802,157.138,1063.17,21.574,159.652,1065.15,27.3426,159.729,1068.62,14.1532,155.06,1072.15,29.8094,155.427,1067.28,6.67531,136.32,1080.79,33.7379,137.296,1055.79,-2.65937,112.564,1091.13,49.3808,125.361,1042.67,-3.31924,94.7148,1085.81,54.7208,134.965,1073.88,7.19235,84.8113,1077.97,27.9002,83.3538,1064.09,-4.6082,50.1201,1065.53,32.6329,48.3285,1075.68,-24.58,14.4467,1070.9,36.1107,13.0583,1083.96,33.999,176.129,1085.59,20.4341,180.284,1085.47,18.7808,195.169,1081.39,32.8749,190.8,0,0,0
000352:1063.97,25.7061,157.24,1063.72,22.0905,159.767,1065.76,27.8512,159.831,1068.51,14.4777,155.227,1072.2,30.1485,155.527,1066.45,6.74232,136.462,1079.64,33.8453,137.371,1055.52,-3.03195,112.8,1090.15,49.4451,125.527,1043.36,-3.72628,95.0099,1084.65,54.5364,135.182,1071.85,7.19553,84.7709,1075.92,27.8967,83.3388,1062.65,-4.43558,50.0721,1064.02,32.7762,48.3524,1076.41,-24.5534,14.1934,1070.65,36.0976,13.1016,1084.11,32.5784,175.741,1086.49,18.9133,179.477,1085.6,16.7681,194.315,1080.59,30.9709,190.364,0,0,0
000353:1063.77,26.0113,157.178,1063.77,22.4108,159.679,1065.71,28.1157,159.762,1069.67,14.7546,155.073,1073.06,30.2824,155.404,1068.31,7.0711,136.287,1081.66,33.8096,137.355,1057.07,-2.75869,112.598,1090.35,49.456,125.903,1045.57,-3.7936,94.6264,1083.94,54.6217,135.741,1074.89,7.45898,84.571,1078.37,27.9806,83.2461,1066.58,-4.05606,49.7784,1065.05,32.9834,48.3197,1077.71,-24.2332,14.0857,1069.92,36.3278,13.2575,1083.9,31.6413,174.727,1086.19,17.9842,177.804,1087.84,15.2372,192.473,1083.04,29.4902,189.178,0,0,0
000354:1063.77,26.7022,157.391,1063.67,23.0917,159.869,1065.39,28.7592,159.979,1068.85,15.3423,155.211,1071.72,30.762,155.544,1067.61,7.79311,136.319,1078.8,34.1707,137.447,1058.3,-2.14362,112.841,1085.82,50.1285,126.33,1050.83,-3.35836,95.1886,1080.63,55.4965,136.052,1073.25,8.19967,84.4141,1076.08,28.5184,83.0496,1065.21,-3.67095,49.6623,1064.35,33.1875,48.0291,1075.2,-24.3511,14.2221,1069.92,36.0736,12.8939,1086.01,30.422,173.787,1088.5,16.478,175.957,1091.73,12.6521,190.691,1086.95,27.2963,188.32,0,0,0
000355:1065.84,26.8793,157.382,1065.63,23.2923,159.861,1067.93,28.955,159.984,1070.97,15.548,155.206,1075,30.9974,155.594,1068.58,7.94526,136.148,1082.89,34.4695,137.507,1055.6,-2.37674,112.512,1092.31,50.6214,126.782,1045.34,-4.17345,94.3326,1085.21,55.4815,136.929,1074.61,8.41807,84.2013,1079.04,28.8,82.8438,1065.75,-3.38153,49.549,1066.6,33.5477,47.8425,1076.36,-24.1947,14.0986,1071.11,36.0494,12.8148,1087.51,29.2758,173.324,1089.39,15.3677,174.951,1092.18,11.1474,189.464,1088.01,25.7658,187.661,0,0,0
000356:1067.29,27.4251,157.52,1067.11,23.8386,159.988,1069.37,29.4953,160.134,1072.44,16.137,155.325,1076.33,31.5255,155.753,1070.49,8.64912,136.372,1083.23,34.9974,137.797,1058.91,-1.76322,112.947,1092.71,51.1254,127.43,1050.48,-3.75442,95.0591,1085.47,55.7196,137.656,1073.86,9.16381,84.5113,1077.82,29.3367,83.1541,1064.7,-2.65238,49.7469,1066.37,33.9034,47.9191,1074.62,-23.8368,14.2862,1072.07,36.0608,12.6689,1089.47,28.013,172.841,1092.36,14.0116,173.739,1093.21,9.03458,188.082,1088.04,23.7715,187.021,0,0,0
000357:1068.36,27.8071,157.682,1068.06,24.2081,160.129,1070.74,29.8662,160.276,1071.81,16.4186,155.368,1077.36,31.7425,155.795,1066.71,9.04123,136.252,1082.79,35.1058,137.832,1051.11,-1.41013,113.339,1093.06,51.6429,128.34,1040.03,-3.75538,95.7814,1085.06,56.0838,139.231,1069.23,9.71777,84.2676,1075.54,29.7204,82.8252,1061.03,-2.42673,49.84,1065.73,34.1593,47.7373,1073.93,-23.6519,14.6206,1074.1,36.1754,12.5435,1091.33,27.3367,172.024,1094.17,13.4382,172.008,1097.39,7.5096,185.94,1092.01,22.2314,185.853,0,0,0
000358:1069.2,28.0524,157.712,1068.92,24.4859,160.158,1071.28,30.1452,160.308,1072.36,16.908,155.461,1077.05,32.2302,155.926,1068.34,9.57092,136.512,1082.5,35.7758,138.281,1054.91,-1.19746,113.681,1091.21,52.1436,129.497,1045.64,-4.18608,95.9284,1085.19,55.7342,140.712,1072.54,10.156,84.9258,1077.48,30.1937,83.5175,1065.32,-2.15142,50.1901,1067.44,34.3101,48.1627,1075.34,-23.4776,14.9328,1072.91,36.0112,12.7909,1090.86,26.1393,171.208,1092.79,12.4422,170.652,1094.31,6.11223,184.145,1090.05,20.6071,184.674,0,0,0
000359:1068.52,28.404,157.828,1068.05,24.812,160.277,1070.98,30.4493,160.434,1071.27,17.0585,155.453,1077.41,32.3229,155.955,1067.22,9.86089,136.296,1082.72,35.6913,138.221,1053.7,-0.479293,113.442,1093.65,52.3661,129.778,1044.82,-2.95772,95.8,1086.27,56.0327,141.35,1070.09,10.5148,84.422,1076.35,30.3625,82.9836,1061.14,-1.83361,49.9631,1066.57,34.4303,47.7296,1073.56,-23.1287,14.8333,1075.36,36.1427,12.252,1092.41,25.4559,170.013,1095.56,11.8219,168.587,1096.01,4.62633,181.71,1090.63,19.1267,183.11,0,0,0
000360:1067.03,28.4641,158.283,1066.72,24.8631,160.728,1069.72,30.5567,160.908,1070.8,17.2548,155.941,1077.24,32.6558,156.485,1066.83,10.1916,136.771,1084.12,36.4731,138.784,1050.89,-0.215888,114.263,1095.77,53.3842,130.439,1039.04,-2.84785,97.1782,1085.66,56.2848,141.745,1071.3,11.249,84.8771,1078.05,31.3059,83.3733,1063.2,-1.42588,50.1982,1066.83,34.9553,47.9703,1075.91,-22.8737,14.8757,1073.36,36.2917,12.3726,1093.35,24.4978,168.703,1098.11,10.9261,166.676,1100.55,3.05921,179.63,1093.62,17.5496,181.661,0,0,0
000361:1066.88,29.1272,158.59,1066.65,25.4736,161.037,1069.53,31.1694,161.199,1071.09,17.53,156.156,1076.91,32.8942,156.678,1068.73,10.2166,136.971,1083.72,36.3133,138.987,1053.85,-0.437486,114.83,1095.72,53.2514,131.233,1040.56,-2.83243,98.0946,1086.62,56.4145,143.059,1073.11,11.3502,84.6971,1078.6,31.2813,83.3279,1064.23,-1.08401,49.9795,1068.01,35.0979,47.8659,1074.7,-22.5858,14.9261,1073.97,36.2358,12.451,1092.81,24.0756,167.715,1096.98,10.8077,164.886,1096.02,2.28597,177.154,1089.84,16.4829,180.004,0,0,0
000362:1064.09,29.1204,158.775,1063.95,25.4825,161.234,1066.39,31.2203,161.397,1069.33,17.7235,156.438,1074.05,33.1657,157.003,1069.13,10.5654,137.2,1082.53,36.889,139.373,1056.22,-0.214839,114.84,1094.06,53.9816,131.8,1041.9,-3.01325,97.5477,1087.37,56.8307,143.364,1076.03,11.701,84.565,1080.04,31.7662,83.2695,1067.62,-0.946006,49.7989,1068.69,35.3182,47.7762,1077.26,-22.2716,14.8565,1072.68,36.2634,12.5341,1095.98,23.6736,166.131,1099.94,10.5237,162.67,1099,1.44658,174.692,1093.07,15.5431,178.247,0,0,0
000363:1064.67,29.4528,158.977,1064.59,25.808,161.442,1067.1,31.5409,161.611,1070.06,18.0744,156.709,1075.22,33.4554,157.268,1069.25,10.9951,137.669,1083.94,37.1832,139.811,1056.57,0.432717,115.65,1095.75,54.415,132.503,1045.66,-2.04006,98.7448,1089.24,57.3224,143.982,1074.2,12.085,85.4005,1079.44,31.9887,84.0203,1066.16,-0.537078,50.4906,1069.95,35.3613,48.2535,1074.76,-21.7819,15.5495,1073.75,36.3839,12.7344,1100.89,23.4531,164.838,1103.81,10.4751,160.709,1104.24,0.741723,172.38,1099.41,14.6943,176.635,0,0,0
000364:1064.8,29.4313,159.313,1064.73,25.8003,161.793,1067.28,31.567,161.939,1069.73,18.1826,157.028,1074.64,33.6133,157.618,1069.51,11.1895,137.962,1082.18,37.4411,140.246,1056.71,0.621147,116.009,1095.54,54.649,133.389,1043.93,-2.12645,98.8387,1092.58,57.038,145.093,1074.43,12.223,85.5431,1078.32,32.1433,84.2425,1067.26,-0.475027,50.5508,1068.85,35.4499,48.4458,1076.65,-21.485,15.6038,1072.33,36.5543,12.9954,1108.14,22.4477,163.257,1112.11,9.74021,158.415,1110.53,-0.529979,169.535,1104.84,13.1426,174.564,0,0,0
000365:1064.77,29.2647,159.67,1064.78,25.6669,162.166,1067.97,31.4671,162.309,1070.94,18.3278,157.393,1077.79,33.7789,158.024,1070.28,11.6236,138.346,1087.96,37.9735,140.634,1055.85,1.02277,116.63,1101.64,55.6785,133.829,1042.96,-2.26775,99.5324,1090.93,57.8959,145.251,1074.12,12.6959,86.1031,1081,32.5561,84.6057,1064.6,-0.0664267,51.2285,1070.21,35.5272,48.7348,1076.44,-20.9299,16.1133,1071.54,36.676,13.2695,1108.21,22.3278,161.661,1112.84,9.80496,156.17,1112.23,-1.00262,166.999,1105.81,12.5038,172.718,0,0,0
000366:1065.33,29.8899,160.131,1065.5,26.2235,162.628,1068.67,31.9932,162.761,1071.85,18.5381,157.716,1078.37,33.8972,158.355,1070.51,11.7262,138.846,1087.64,37.6924,141.169,1053.46,1.65689,117.539,1100.23,55.2728,134.782,1037.35,-0.424427,101.203,1089.52,58.0343,146.51,1074.36,12.9506,86.7635,1080.63,32.5742,85.408,1066.08,0.529343,51.4727,1070.48,35.6611,49.2718,1074.41,-20.3165,16.4489,1072.43,36.8483,13.52,1113,22.7135,160.461,1119.78,10.7022,154.109,1120.1,-0.761727,164.078,1111.48,12.3009,170.597,987.167,125.23,253.334
000367:1068.66,30.1214,160.745,1068.14,26.3687,163.264,1071.53,32.1882,163.379,1071.25,18.4219,158.175,1078.97,33.9037,158.87,1067.37,11.4435,139.403,1086.88,37.6182,141.815,1049.56,1.47332,118.364,1101.51,55.4313,135.929,1037.4,0.0860949,101.939,1094.02,58.5014,147.965,1073.79,12.9764,87.6465,1081.75,32.6795,86.2854,1065.78,0.805882,51.9537,1071.77,35.7428,49.829,1073.59,-20.0527,16.6577,1072.5,36.8408,13.7348,1110.93,23.47,158.204,1119.25,12.4421,150.875,1118.34,0.46015,159.479,1108.41,12.5147,166.946,984.162,124.666,253.164
000368:1069.76,30.1764,161.016,1069.59,26.4176,163.565,1073.18,32.2651,163.668,1073.54,18.497,158.447,1081.46,34.0592,159.208,1069.42,11.5894,139.758,1088.97,37.9517,142.327,1052.36,1.95484,118.769,1097.88,55.4568,136.956,1040.24,0.922296,101.993,1088.11,58.6731,149.346,1074.91,13.4968,88.2775,1083.31,33.281,86.9569,1065.75,1.29665,52.4594,1072.32,36.0034,50.3315,1073.94,-19.1781,17.0947,1072.61,36.8785,14.0108,1150.84,27.7458,157.295,1169.43,17.6148,149.927,1178.63,5.93685,157.566,1157.63,17.2052,165.049,981.784,123.391,252.632
000369:1071.71,29.923,161.875,1072.09,26.1123,164.429,1075.39,32.0693,164.534,1076.31,18.2241,159.187,1083.37,34.0368,160.018,1071.35,11.2844,140.451,1088.63,38.217,143.195,1053.08,1.66863,119.539,1097.19,56.1438,138.464,1040.11,0.857532,102.529,1091.51,59.7437,151.448,1070.72,13.425,89.2498,1078.83,33.3739,88.0333,1061.77,1.42437,53.1791,1071.52,35.9727,50.8952,1069.25,-18.4092,17.6344,1073.27,36.9786,14.1183,1166.54,29.5921,156.509,1182.08,20.2058,148.738,1198.31,8.49908,155.409,1180.29,18.9728,163.378,982.288,122.673,251.929
000370:1066.81,29.3694,163.021,1067.47,25.5468,165.622,1071.26,31.6279,165.733,1074.13,17.7955,160.131,1082.95,33.975,161.132,1069.9,11.1065,140.964,1093.15,38.652,143.932,1053.45,2.01381,119.672,1104.59,56.8469,139.542,1044.18,2.06601,101.489,1084.7,60.4778,153.73,1066.67,13.7051,89.5291,1077.54,34.0428,88.2585,1060.27,1.33953,53.1125,1069.16,36.3747,50.8745,1076.29,-18.4048,16.5304,1074.86,37.1054,13.4036,1095.14,39.0999,155.786,1101.09,32.1524,149.29,1106.64,22.9821,153.922,1098.97,30.706,160.563,979.807,121.403,251.421
000371:1068.08,29.3205,163.268,1068.66,25.4977,165.903,1071.76,31.7054,166.013,1074.44,17.9869,160.565,1081.99,34.3604,161.543,1070.83,11.3538,141.46,1092.63,39.3833,144.447,1055.99,2.21472,120.461,1105.16,58.0124,140.557,1048.44,2.61216,102.386,1081.96,61.181,155.124,1070.08,13.7381,89.9174,1079.79,34.2976,88.6499,1063.92,1.31492,53.4478,1070.76,36.3528,51.2274,1077.56,-17.6186,16.9606,1073.18,37.2632,13.8992,1060.67,40.2556,154.233,1061.73,33.9331,147.508,1053.41,24.7263,151.505,1051.58,31.6797,158.418,983.61,120.528,250.947
000372:1067.71,29.2803,164.115,1068.45,25.3812,166.757,1072.15,31.5955,166.888,1074.68,17.6997,161.403,1083.49,34.1525,162.504,1071.49,11.2104,142.313,1094.49,39.2626,145.71,1053.64,2.76165,121.154,1108.8,57.976,142.551,1038.65,3.95184,103.231,1080.28,60.9066,157.933,1069.49,14.1386,90.9335,1079.5,34.6248,89.8304,1062.95,1.90067,54.2206,1069.2,36.4968,52.1856,1080.48,-16.7781,17.1789,1074.46,37.2932,14.3162,1045.1,39.9089,154.993,1047.59,34.0527,147.869,1031.63,24.6613,151.219,1028.51,31.0959,158.491,984.433,119.103,251.032
000373:1069.52,29.1437,164.929,1070.2,25.2558,167.606,1073.54,31.4897,167.72,1076.1,17.702,162.277,1084,34.2042,163.413,1073.12,11.4167,143.077,1095.29,39.4075,146.541,1054.4,3.30203,121.732,1111.55,57.4332,143.19,1040.7,4.59165,103.683,1084.03,59.7735,158.507,1072.33,14.4292,91.1645,1081.38,34.9068,90.139,1067.04,2.18927,54.1516,1071.68,36.6026,52.2153,1080.69,-16.0931,17.3562,1072.8,37.2759,14.6746,1032.94,39.9975,155.286,1031.66,34.5164,148.888,1010.35,25.9488,152.072,1011.23,31.9428,158.617,991.592,118.055,250.785
000374:1072.12,29.0169,165.287,1072.65,25.057,167.95,1075.71,31.3533,168.084,1076.84,17.3356,162.444,1084.53,33.9406,163.668,1073.8,10.9957,143.162,1093.5,39.1855,146.959,1059.06,2.70935,121.709,1104.68,57.8606,144.675,1048.85,3.7453,102.887,1078.57,61.4463,160.82,1074.04,14.3247,91.2589,1082.29,34.8636,90.416,1069.03,2.25258,54.0714,1072.6,36.5201,52.317,1081.09,-15.5152,17.3086,1072.85,37.2928,14.7777,1037.68,43.206,155.016,1038.19,38.5925,148.39,1019.87,30.2469,150.556,1019.09,35.3413,157.33,992.494,116.611,250.116
000375:1072.65,28.9738,165.98,1073.56,24.9699,168.605,1076.58,31.2489,168.819,1076.9,17.1324,162.972,1084.77,33.8308,164.23,1070.69,10.9148,143.69,1091.76,39.1993,147.464,1054.76,4.01058,122.247,1099.54,57.4133,144.959,1046.99,6.98989,104.251,1087,62.6789,161.575,1068.97,14.6698,92.2749,1079.25,35.3893,91.3503,1065.6,2.53231,54.7927,1071.41,36.6903,52.958,1080.62,-14.6049,17.6861,1072.98,37.3215,15.0077,1105.91,52.4816,158.413,1115.2,48.9117,154.3,1124.95,43.6745,156.026,1114.35,47.738,160.219,996.346,115.714,249.633
000376:1068.55,29.0916,166.428,1070.36,25.1255,169.064,1072.29,31.3952,169.268,1076.29,17.3449,163.519,1081.95,34.0362,164.758,1073.21,11.0505,144.443,1089.86,39.3881,148.3,1058.46,4.10341,123.242,1092.92,57.5327,146.514,1043.81,7.46256,105.739,1079.38,63.1357,163.714,1071.04,14.5362,93.2891,1078.67,35.2083,92.5528,1068.56,2.84885,55.3203,1070.69,36.5309,53.8147,1082.8,-13.7665,17.7273,1074.36,37.3552,15.2741,1093.58,54.054,158.33,1101.66,51.1737,154.175,1113.48,46.3579,155.149,1104.25,49.6654,159.384,997.241,114.262,248.96
000377:1067.27,29.1859,167.21,1069.09,25.2164,169.818,1071.44,31.3953,170.024,1075.31,17.4305,164.166,1081.73,34.0244,165.478,1071.68,11.4278,145.147,1091.55,39.4694,149.2,1052.47,5.35975,123.727,1095.72,57.8421,147.341,1034.4,9.32282,106.305,1080.82,63.5987,164.425,1073.07,14.9484,94.3386,1082.12,35.4532,93.6196,1070.65,3.43184,56.1153,1073.63,36.5342,54.6243,1084.38,-13.0405,18.374,1074.51,37.2457,15.9808,1104.58,52.3541,157.659,1117.51,49.2693,152.467,1134.06,43.5738,153.385,1119.54,47.1296,158.625,1001.11,113.355,248.471
000378:1066.05,29.1799,167.541,1068.18,25.2821,170.181,1071.03,31.3479,170.435,1076.95,17.5249,164.658,1085.56,33.947,165.967,1076.87,11.5592,145.65,1099.43,39.307,149.59,1058.6,5.97002,124.13,1105.88,56.7415,146.975,1039.71,10.5836,107.4,1085.6,62.9143,163.642,1075.87,15.2493,95.1157,1086.85,35.6858,94.3211,1069.54,3.91117,56.7774,1075.63,36.5887,55.1656,1083.22,-12.4261,18.749,1076.24,37.1748,16.0676,1102.33,57.3792,158.071,1115.23,55.4649,155.316,1127.26,52.7564,155.837,1112.79,55.0023,158.454,1008.41,112.263,248.205
000379:1070.86,28.8786,168.172,1072.72,24.7508,170.762,1074.21,30.9808,170.99,1080.65,16.7925,165.039,1085.55,33.5012,166.522,1079.78,11.0202,145.658,1097.64,39.2738,150.429,1063.88,5.74611,123.543,1102.51,58.803,149.703,1049.08,10.8904,105.856,1071.95,64.4895,167.597,1079.54,15.0614,94.7527,1087.32,35.5924,94.4014,1073.19,3.78743,56.5795,1075.96,36.589,55.2875,1081.85,-11.8683,19.0889,1076.18,37.4936,16.5211,1004.16,46.5569,157.584,994.51,42.822,151.57,985.807,35.8958,152.545,995.474,39.9438,158.582,1009.3,110.795,247.524
000380:1070.2,29.0958,168.103,1071.94,25.0054,170.69,1073.59,31.1332,170.889,1079.86,17.1555,164.977,1084.3,33.5804,166.405,1078.72,11.417,145.799,1097.18,39.1248,150.408,1060.25,6.37513,124.076,1107.86,58.4561,149.644,1044.88,11.7964,107.427,1072.84,64.3085,168.27,1078.44,15.2383,95.1348,1085.48,35.4159,94.8637,1074.79,4.3503,56.6784,1076.87,36.6677,55.5582,1082.29,-11.2067,19.1137,1077.49,37.5993,16.7634,964.945,45.9061,162.863,951.468,41.4411,157.78,929.142,35.1873,159.635,942.534,39.9324,164.656,1013.22,109.87,247.026
000381:1069.23,28.8124,168.691,1072.06,24.7886,171.279,1073.56,30.9222,171.608,1079.67,16.9008,165.375,1084.51,33.2597,167.021,1077.41,11.7775,146.599,1095.01,38.5294,151.595,1061.3,7.67014,124.971,1091.93,57.3977,152.045,1043.14,12.2757,106.595,1079.56,67.596,170.871,1077.36,15.5293,96.0799,1085.62,35.2834,95.9016,1075.53,4.84185,57.2862,1077.86,36.8825,56.2185,1086.22,-10.7076,19.5428,1079.3,38.1145,17.3674,1122.19,66.1598,162.274,1138.9,65.7843,157.546,1164.6,62.6254,155.811,1145.99,63.3342,160.591,1014.09,108.391,245.968
000382:1070.89,29.0266,168.967,1074.18,24.9277,171.54,1075.24,31.0668,171.922,1081.33,16.8515,165.898,1085.09,33.2204,167.542,1076.48,11.8378,147.319,1093.23,38.4623,152.505,1059.06,8.53548,125.732,1082.57,57.4033,153.435,1040.89,14.7162,108.249,1077.08,68.4695,172.444,1075.77,15.6565,96.7125,1084.77,35.3621,96.6154,1073.05,5.01947,57.8723,1076.78,36.9171,56.7689,1082.4,-10.1251,20.2548,1078.6,38.1553,17.8782,1168.32,67.431,165.083,1189.71,66.9455,160.592,1247.55,64.5128,159.072,1222.53,65.3156,163.75,1018.02,107.455,245.462
000383:1070.91,29.2716,169.439,1072.56,25.0358,171.829,1074,31.1292,172.298,1079.66,17.0665,166.243,1082.5,33.0763,168.019,1076.35,12.4404,147.573,1092.65,38.3636,152.804,1060.66,9.38265,126.241,1078.49,57.3959,154.34,1040.5,14.8603,108.618,1077.75,69.7333,172.471,1077.85,15.8846,96.7986,1085.54,35.058,96.8787,1074.95,5.43182,57.8769,1077.29,36.8193,57.0238,1085.27,-9.63589,19.8387,1078.81,38.3715,18.0861,1193.4,68.574,167.361,1221.72,68.1211,162.761,1295.92,65.8632,161.085,1262.56,66.6676,166.16,1021.98,106.515,244.954
000384:1077.1,28.9139,169.436,1078.4,24.5974,171.818,1079.38,30.7125,172.316,1082.96,16.7187,166.29,1085.54,32.6944,168.069,1079.54,12.1298,147.847,1091.61,38.0445,153.009,1063.71,9.72364,127.135,1079.79,56.4278,155.196,1038.56,16.2781,110.795,1079.52,69.8281,175,1079.07,16.0279,97.2081,1084.8,35.2766,97.4217,1075.38,5.44339,58.2549,1077.98,37.0099,57.4216,1084.76,-9.22398,20.3127,1083.18,38.2816,18.2087,1148.09,75.6535,175.16,1171.86,76.0022,174.173,1221.25,77.4236,172.838,1194.52,77.3345,174.041,1022.95,105.021,243.867
000385:1074.86,29.4265,169.794,1075.52,25.0566,172.135,1076.4,31.113,172.657,1079.16,17.1053,166.468,1083.36,32.7192,168.231,1076.98,12.4133,148.087,1093.31,37.6191,152.996,1061.39,10.1679,127.713,1089.18,55.8288,155.26,1040.61,16.8059,111.798,1086.28,71.2654,176.311,1080.88,16.2442,97.1971,1088.72,35.1504,97.3912,1076.21,6.05851,58.1487,1080.27,37.2223,57.3882,1085.71,-8.92404,20.1509,1083.05,38.16,18.5731,1117.2,80.6557,181.132,1132.99,80.8042,182.352,1162.98,84.1576,181.575,1145.31,84.3216,180.364,1026.92,104.07,243.352
000386:1076.23,29.0663,170.149,1077.46,24.6199,172.418,1077.31,30.7596,173.015,1081.14,16.9717,166.757,1083.71,32.5662,168.6,1079.63,12.4954,148.461,1091.42,37.6973,153.648,1061.74,10.7913,127.689,1087.24,55.617,156.921,1032.62,17.6865,111.575,1080.75,72.3978,179.935,1082.44,16.4784,97.7366,1088.06,35.4008,98.1235,1077.44,6.18542,58.5916,1080.67,37.34,57.8914,1085.2,-8.54814,20.8113,1085.08,38.0437,19.1785,1102,85.9925,189.652,1118.7,86.4016,193.607,1138.86,92.4099,193.356,1120.48,92.3121,189.349,1027.77,102.571,242.279
000387:1076.09,29.0396,170.64,1077.17,24.5601,172.882,1077.2,30.6144,173.517,1080.51,16.9538,167.217,1085.21,32.2616,169.063,1078.24,12.4724,149.003,1093.99,37.1913,153.955,1060.57,10.9571,128.642,1091.28,54.5498,157.083,1038.13,18.6305,113.993,1079.68,71.9745,180.916,1080.66,16.5036,98.2771,1088.89,35.2,98.6345,1077.03,6.71423,58.8738,1082.76,37.5595,58.1995,1086.57,-8.2632,20.7408,1087.2,38.0033,19.5695,1100.36,87.7369,196.103,1116.24,87.4268,202.06,1134.06,95.2336,203.094,1116.76,95.9023,196.964,1031.76,101.609,241.757
000388:1078.02,29.1489,170.787,1079.49,24.6569,173.034,1078.77,30.6757,173.729,1083.59,17.1723,167.562,1087.29,32.3083,169.392,1080.98,12.746,149.301,1096.38,37.2538,154.247,1061.79,11.4002,128.376,1093.61,54.0977,156.931,1037.35,19.0054,113.838,1079.31,72.152,180.944,1084.37,16.9837,98.5357,1092.32,35.6347,98.9087,1079.76,7.09366,58.969,1084.4,37.8219,58.3848,1089.14,-8.31114,20.6226,1088.96,37.9941,19.5896,1097.47,89.3824,199.576,1110.98,88.6529,207.785,1128.58,98.5346,209.917,1113.62,99.631,201.448,1035.86,100.633,240.454
000389:1078.27,28.9881,170.827,1080.1,24.4142,173.083,1079.74,30.4577,173.838,1084.68,16.9717,167.884,1090.38,32.0751,169.71,1082.68,12.5002,149.695,1101.01,37.1958,154.565,1061.62,11.9552,128.406,1100.06,53.8931,156.961,1034.32,21.0607,114.807,1080.78,72.8719,181.809,1087.07,16.7973,98.5951,1096.67,35.692,99.0091,1081.22,7.12637,58.7098,1086.28,38.1776,58.2152,1090.33,-8.19187,20.0121,1090.39,38.1833,19.2991,1099.24,92.3012,206.854,1112.93,90.5393,217.466,1127.92,102.32,221.253,1113.01,104.528,210.325,1036.71,99.1245,239.75
000390:1079.81,29.0209,171.071,1081.33,24.4226,173.306,1081.02,30.4229,174.131,1084.7,17.0279,168.213,1090.02,31.8344,169.929,1082.36,12.4072,150.114,1098.38,36.8056,154.511,1065.18,12.083,129,1099.58,52.839,155.717,1042.36,21.8081,116.647,1082.9,72.6912,180.5,1083.96,17.0171,99.056,1092.88,35.6689,99.4819,1079.7,7.81445,59.0733,1087.22,38.4218,58.5499,1088.67,-7.68824,20.3435,1093.88,38.3246,19.6585,1095.93,93.654,212.998,1106.86,90.575,225.607,1115.11,103.572,230.98,1103.96,107.201,218,1040.63,98.152,239.615
000391:1081.24,29.2899,171.209,1082.51,24.6184,173.43,1082.16,30.6442,174.328,1085.49,17.2471,168.581,1090.9,31.9939,170.261,1084.09,12.6216,150.669,1099.86,37.174,154.831,1069.33,12.6215,130.164,1101.13,53.0703,155.945,1049.13,23.8782,119.855,1082.81,73.1935,181.231,1087.63,17.5279,99.4355,1096.35,36.2776,99.8885,1083.82,8.49004,59.228,1090.51,38.9556,58.8238,1088.73,-7.26415,20.6079,1093.09,37.9389,20.2755,1088.99,94.2067,217.122,1097.62,90.1688,230.79,1103.41,103.808,237.174,1094.81,108.479,223.152,1041.29,97.3751,237.692
000392:1082.21,29.3151,171.24,1083.62,24.5971,173.435,1083.13,30.624,174.366,1085.92,17.315,168.647,1090.94,31.9634,170.305,1083.5,12.8369,150.943,1097.68,37.3154,154.801,1068.73,13.2365,131.492,1098.18,53.1621,155.951,1043.18,25.3729,123.611,1079.48,73.1857,181.658,1086.09,17.8891,99.6817,1093.75,36.6086,100.134,1083.73,8.88535,59.3105,1090.02,39.4925,58.9527,1089.17,-7.13406,20.4392,1095.74,38.2677,20.0198,1080.61,93.0077,220.007,1087.59,87.9709,234.011,1090.82,101.48,241.177,1084.06,107.222,226.838,1045.23,96.3945,237.551
000393:1081.45,29.3993,171.293,1082.74,24.6933,173.519,1082.14,30.7032,174.411,1086.4,17.3839,168.718,1090.44,32.0115,170.383,1087.44,12.6423,150.743,1098.97,37.2752,154.91,1077.28,12.6783,129.925,1099.1,52.9253,156.232,1058.36,24.0186,119.574,1076.78,72.7174,182.405,1092.03,17.7097,99.3105,1098.09,36.5402,99.9758,1087.86,8.94091,58.9833,1092.69,39.7146,58.8156,1091.16,-7.11387,20.2541,1096.92,38.5667,20.1779,1070.25,92.153,222.111,1075,86.6434,236.17,1073.92,99.9573,243.503,1069.57,106.199,229.191,1052.61,95.926,236.389
000394:1083.38,29.3225,170.79,1084.73,24.5837,173.001,1084.33,30.5792,173.91,1086.97,17.4272,168.288,1092.58,31.9181,169.948,1084.76,13.0794,150.695,1099.82,37.3907,154.407,1074.44,13.6087,131.589,1100.87,53.0224,155.502,1055.58,25.6193,124.333,1075.84,72.2364,181.149,1085.45,18.3706,99.3712,1093.77,36.9415,99.792,1083.02,9.342,59.0661,1091.58,39.9732,58.5549,1091.04,-6.91051,20.0069,1100.73,38.7886,19.3014,1062.19,89.7834,221.516,1065.31,83.666,235.138,1060.33,96.0852,242.62,1057.67,102.959,228.788,1053.57,94.3935,235.655
000395:1086.22,29.1495,170.329,1087.51,24.3954,172.513,1086.87,30.336,173.437,1089.62,17.251,167.816,1095.03,31.5685,169.559,1088.55,13.1581,150.306,1101.85,37.0265,154.175,1081.1,14.0062,131.145,1102.33,52.6064,155.388,1061.96,25.8076,123.656,1075.22,71.6723,180.556,1089.26,18.7075,99.059,1096.58,37.0036,99.6181,1083.79,9.78901,58.9873,1091.68,40.1981,58.5957,1090.28,-6.7289,20.1518,1100.61,38.8558,19.4354,1054.8,87.8718,219.412,1056.57,81.7253,232.201,1049.36,93.2646,239.295,1047.92,100.134,226.33,1051.78,90.8101,234.474
000396:1084.12,29.2059,170.532,1085.91,24.4722,172.733,1085.23,30.3765,173.67,1089.59,17.2627,167.886,1094.16,31.7175,169.778,1088.52,13.3535,149.883,1101.53,37.2712,154.278,1074.77,14.8009,129.136,1101.5,52.9023,155.207,1050.12,26.5268,119.562,1071.03,70.9381,180.09,1089.31,19.0244,98.6549,1096.32,37.3687,99.3139,1083.63,10.0248,58.6535,1091.45,40.5753,58.2734,1092.22,-6.72839,19.6274,1103.39,39.1713,18.7019,1048.39,85.0474,216.62,1049.5,78.8331,228.802,1042.21,89.664,235.817,1041.26,96.5375,223.462,1028.39,82.1742,232.984
000397:1083.85,28.9697,170.452,1085.75,24.2932,172.643,1084.71,30.198,173.591,1089.26,17.1215,167.714,1093.27,31.5837,169.644,1089.28,13.3606,149.724,1101.45,37.1237,154.039,1079.37,14.7938,129.105,1104.04,52.7244,154.452,1055.6,26.4069,119.484,1075.51,70.0171,178.465,1089.86,18.9365,98.4567,1096.07,37.1163,99.1625,1085.95,10.3743,58.5759,1092.25,40.7921,58.3817,1092.1,-6.54018,19.8784,1102.48,39.3019,19.2282,1041.13,82.234,212.87,1039.51,75.8403,223.597,1028.49,85.1344,230.313,1030.04,92.1638,219.445,1022.61,72.3953,231.31
000398:1084.78,29.1369,169.972,1086.49,24.4618,172.145,1085.85,30.3079,173.142,1088.79,17.0941,167.23,1094.31,31.4119,169.227,1087.91,13.5092,149.31,1102.21,36.6675,153.676,1078.91,15.0517,129.188,1108.29,51.9382,153.888,1056.41,26.754,120.323,1080.27,68.4863,176.95,1086.68,19.3968,98.1097,1094.2,37.2293,98.8113,1082.08,10.9308,58.4304,1089.46,41.0842,58.2398,1092.83,-6.61656,19.4582,1102.98,39.3012,18.8456,1036.76,79.3064,208.906,1032.82,73.172,218.432,1019.93,81.2927,224.463,1023.65,88.0212,214.818,1005.79,64.3592,232.119
000399:1082.54,28.9915,169.947,1084.38,24.3646,172.143,1083.89,30.198,173.145,1087.64,16.9881,167.239,1093.23,31.4196,169.326,1088.76,13.6433,149.318,1103.2,36.8695,153.875,1082.34,15.2824,129.018,1106.76,52.1172,153.762,1060.51,27.0477,120.123,1073.2,67.1391,175.67,1090,19.7656,98.2124,1097.69,37.6328,98.9217,1083.87,11.4259,58.4938,1090.28,41.4381,58.388,1093.31,-6.42585,19.5032,1102.37,39.2937,18.8768,1030.96,75.7338,204.721,1026.48,69.7581,212.872,1013.34,76.4873,218.525,1017.16,82.9855,210.266,994.702,58.8535,233.157
000400:1081.51,29.1041,168.951,1084.13,24.6862,171.155,1084.05,30.5222,172.046,1086.94,17.4723,165.907,1092.37,31.7547,168.055,1086.54,14.2266,148.276,1101.05,36.8689,153.13,1082.96,16.0752,128.09,1101.93,51.4159,152.924,1075.85,28.8814,120.035,1076.66,66.1315,174.978,1090.44,20.1661,97.2124,1098.32,37.7529,98.1234,1086.87,11.917,58.05,1091,41.5952,57.9177,1094.18,-6.15326,19.8882,1100.83,39.3018,19.5994,1026.54,72.1291,199.718,1017.6,65.6523,206.481,1004.66,71.0289,212.683,1011.23,77.8389,205.434,980.751,52.2774,235.173
000558:329.488,-258.144,1.22008
