001175:1031.46,21.2733,161.451,1029.74,17.3595,163.773,1031.6,22.6486,164.354,1033.93,8.65165,159.127,1039.95,23.1407,160.158,1039.09,2.02886,139.959,1053.02,26.4853,141.542,1045.99,-1.71443,114.876,1060.56,39.8619,127.763,1047.05,7.80835,100.734,1052.69,48.2368,136.457,1052.55,6.03387,87.5191,1059.41,24.4744,87.587,1041.67,1.75344,51.7892,1052.54,31.0469,51.7527,1051.3,-14.9148,15.497,1065.56,29.9638,16.6055,1050.43,33.1684,177.837,1051.77,19.044,182.285,1050.24,18.3806,197.422,1046.8,33.1901,192.191,0,0,0
001176:1031.06,21.5734,161.095,1029.17,17.6902,163.429,1031.24,22.9035,163.99,1033.61,8.90603,158.772,1040.27,23.2558,159.815,1037.57,2.4052,139.605,1055.68,26.2835,141.289,1041.59,-0.821497,114.176,1062.72,39.4422,127.541,1044.37,8.74416,99.2832,1050.71,47.7355,136.34,1055.16,5.98532,86.9895,1063.76,24.2636,87.0116,1044.95,1.60797,51.3242,1056.05,31.0823,51.3105,1053.19,-15.083,15.3458,1066.03,30.3088,16.5118,1050.21,32.3647,177.183,1051.53,18.2814,181.27,1052.16,17.3075,196.278,1048.38,32.132,191.383,0,0,0
001177:1029.97,21.5309,160.543,1027.97,17.74,162.878,1030.79,22.8747,163.431,1033.63,9.02401,158.312,1042.26,23.159,159.3,1038.48,2.28079,139.249,1058.94,26.1051,140.752,1045.44,-1.95813,114.245,1065.63,39.3301,126.895,1051.37,6.71247,99.7494,1048.11,47.5421,135.396,1052.97,5.88087,87.2432,1063.22,24.016,87.148,1041.83,1.75505,51.7869,1055.1,30.9991,51.6616,1053.56,-15.3429,15.5176,1068.27,30.1977,16.6324,1050.25,31.6949,176.545,1052.87,17.5278,180.658,1052.76,16.5737,195.848,1047.6,31.4638,190.881,0,0,0
001178:1031.23,21.911,160.389,1029.24,18.1324,162.73,1031.66,23.2102,163.275,1034.3,9.28618,158.147,1041.78,23.2693,159.116,1038.49,2.56755,138.973,1058.16,25.9174,140.521,1041.51,-1.40473,114.19,1066.66,39.1729,126.913,1041.49,7.49472,100.229,1053.2,47.6205,135.675,1056.23,5.89812,86.4212,1065.65,23.9458,86.3817,1045.14,1.56722,51.0001,1057.49,31.2661,50.946,1055.38,-15.8853,14.9401,1071.13,30.6301,15.9413,1052.5,31.3181,175.823,1054.82,16.993,179.606,1054.66,15.6522,194.81,1049.53,30.747,190.146,0,0,0
001179:1034.38,21.8554,159.847,1032.09,18.097,162.192,1035.08,23.1607,162.742,1036.38,9.2499,157.665,1045.53,23.2057,158.628,1039.76,2.3934,138.531,1061.71,25.8056,140.054,1045.88,-2.05576,113.877,1070,39.0863,126.723,1054.8,6.73001,99.9142,1054.29,47.2322,135.789,1055.43,5.64104,86.1417,1066.94,23.699,86.0365,1043.27,1.49638,50.8864,1058.94,31.3761,50.6592,1055.43,-16.1676,14.6651,1072.48,30.7579,15.748,1056.9,30.6496,175.743,1058.04,16.3051,179.362,1058.04,14.8477,194.557,1054.23,29.9783,190.08,0,0,0
001180:1036.65,22.1133,159.634,1034.68,18.3632,161.969,1037.03,23.4536,162.51,1038.32,9.57286,157.346,1045.77,23.5922,158.279,1040.68,2.73036,138.223,1059.62,26.1678,139.672,1042.44,-1.80666,113.833,1068.48,39.3667,126.342,1045.09,6.90084,100.353,1058.46,47.4144,135.294,1055.31,5.78925,85.9672,1064.78,23.8409,85.885,1044.82,1.55048,50.7093,1058.54,31.4328,50.5503,1053.54,-16.1415,14.8515,1071.7,30.8494,15.8446,1056.48,29.9423,175.205,1056.95,15.545,178.719,1056.12,13.9489,193.962,1052.89,29.1312,189.599,0,0,0
001181:1036.79,22.2961,159.377,1034.83,18.5865,161.721,1037.92,23.5719,162.274,1039.56,9.80583,157.188,1048.93,23.5693,158.191,1040.93,3.25769,138.206,1064.64,25.9082,139.699,1036.73,-0.324997,113.918,1074.4,38.8835,126.444,1032.14,9.22833,100.983,1058.08,47.1035,135.594,1055.95,5.89099,85.712,1067.86,23.5687,85.5942,1043.76,1.84707,50.4966,1059.91,31.621,50.2549,1053.67,-16.2892,14.5862,1074.7,30.9296,15.4359,1057.14,29.5154,175.287,1059.08,15.0155,178.322,1058.43,13.0184,193.515,1053.4,28.3588,189.579,0,0,0
001182:1036.21,22.3498,159.158,1034.19,18.6507,161.468,1037.51,23.6271,162.03,1038.73,9.92599,156.773,1048.51,23.6851,157.859,1040.68,3.52909,137.719,1064.83,26.0085,139.457,1037.27,-0.127429,113.13,1076.89,39.0009,126.633,1032.94,8.83824,99.4084,1063.2,47.0844,136.192,1056.3,6.17246,85.3072,1068.93,23.7201,85.1982,1042.68,2.18459,50.326,1060.83,31.7059,49.9378,1053.31,-15.9522,14.5917,1076.06,30.9094,15.2971,1058.97,28.824,175.108,1058.31,14.4486,177.646,1057.76,12.1038,192.558,1055.56,27.346,189.18,0,0,0
001183:1039.33,22.671,159.009,1036.88,19.0282,161.375,1039.69,23.934,161.9,1039.27,10.2321,156.955,1048.31,23.8166,157.927,1041.44,3.58002,138.064,1062.31,25.8867,139.618,1044.46,-0.793422,113.462,1071.16,38.7515,126.41,1049.43,7.70591,99.4425,1057.92,47.1166,135.061,1057.78,5.97795,85.3038,1069.25,23.426,85.2731,1045.52,2.23512,50.1266,1064.36,31.7456,49.7593,1054.2,-16.0625,14.4265,1077.51,30.9884,15.2657,1060.16,28.2584,174.652,1060.73,13.73,177.009,1058.94,11.1737,192.104,1055.64,26.5411,188.872,0,0,0
001184:1041.24,23.0521,158.706,1039.46,19.3914,161.062,1042.56,24.2209,161.598,1042.71,10.4444,156.618,1051.74,23.9354,157.677,1041.91,4.04343,137.763,1064.94,25.7388,139.572,1032.56,0.980468,112.978,1075.99,38.1208,126.585,1023.77,10.471,99.0779,1063.59,46.3561,135.566,1056.28,6.27879,85.22,1068.79,23.4628,85.2392,1043.13,2.55963,50.1574,1063.69,31.9799,49.78,1051.71,-15.8533,14.625,1080.66,31.1668,14.9815,1063.23,27.7344,174.33,1062.08,13.2292,176.169,1062.6,10.2596,191.059,1060.82,25.6628,188.314,0,0,0
001185:1040.62,23.6278,158.838,1039.78,19.8008,161.282,1043.37,24.6225,161.711,1042.21,10.7977,156.858,1053.94,24.1605,157.72,1042.42,3.99001,137.565,1068.69,25.8902,138.865,1032.35,0.886449,113.775,1077.28,38.9001,126.371,1022.62,11.3204,100.025,1069.47,46.2121,135.801,1055.24,6.46788,84.8783,1072.1,23.4577,84.6792,1040.37,2.91215,50.2038,1065.37,32.1168,49.7815,1055.29,-15.9674,14.0762,1086.98,30.6428,14.5839,1065.34,26.8706,173.979,1058.59,13.1462,175.375,1059.75,9.66099,189.304,1067.95,23.8081,187.212,0,0,0
001186:1044.28,23.5562,158.603,1042.1,19.9622,161.009,1044.98,24.7939,161.492,1043.88,11.0892,156.739,1053.23,24.538,157.649,1044.04,4.20059,137.911,1065.4,26.1731,139.536,1043.03,-0.244152,113.46,1075.17,38.6283,126.999,1045.11,8.57983,99.5721,1063.76,46.246,136.274,1056.81,5.97787,85.278,1069.41,23.2036,85.3192,1042.82,2.78289,50.2007,1065.91,31.9686,49.6716,1049.05,-15.0841,14.6748,1082.61,31.3332,14.8419,1062.61,26.5698,173.584,1060.84,12.0892,175.104,1058.35,8.86479,189.885,1057.41,24.2023,187.541,0,0,0
001187:1050.74,23.8798,158.425,1048.8,20.2759,160.831,1050.96,24.9913,161.345,1048.64,11.2386,156.638,1055.94,24.4452,157.616,1045.51,4.5772,137.925,1063.59,25.8886,139.65,1036.79,1.16495,113.585,1073.92,37.7447,126.69,1030.72,10.9105,100.603,1068.19,45.7239,135.129,1056.8,6.67037,85.5391,1067.12,23.5489,85.7579,1045.43,3.51944,50.2354,1065.51,32.4603,50.0828,1051.05,-15.004,14.7283,1083.15,31.2842,15.1185,1063.02,26.0573,172.947,1062.47,11.3915,174.36,1059.68,8.04462,189.287,1057.28,23.6051,186.917,0,0,0
001188:1051.73,23.645,158.407,1049.88,20.0751,160.821,1052.05,24.93,161.34,1050.68,11.5465,156.598,1057.94,25.0283,157.604,1048.39,5.03717,137.908,1066.33,27.0745,139.707,1041.9,0.778291,113.804,1075.05,39.3148,127.382,1038.04,9.27833,100.722,1067.56,46.1905,136.336,1058.99,7.00605,85.6059,1069.03,24.1477,85.7145,1047.18,3.54229,49.9909,1065.47,32.4203,49.6514,1051.64,-14.7321,14.1658,1082.76,31.3694,14.2837,1061.58,25.373,172.993,1060.59,10.7989,174.073,1058.3,7.11187,188.899,1056.43,22.5558,187.017,0,0,0
001189:1057.19,23.88,158.377,1054.9,20.2997,160.791,1057.2,25.1579,161.315,1052.81,11.6885,156.492,1060.75,25.2053,157.511,1047.07,5.16471,137.688,1066.54,27.1311,139.603,1038.27,1.06095,113.296,1076.25,39.2783,127.402,1038.42,9.6201,99.488,1071.08,45.9954,136.577,1057.21,7.02977,85.4431,1069.13,24.1355,85.5162,1044.75,3.71787,50.0144,1068.37,32.5453,49.3559,1048.9,-14.385,14.3887,1086.86,31.4336,13.9605,1065.93,24.7437,172.666,1064.77,10.13,173.5,1062.97,6.2497,188.268,1061.43,21.7393,186.619,0,0,0
001190:1056.91,24.3587,158.707,1055.21,20.7739,161.126,1057.11,25.5765,161.649,1053.79,12.0626,156.843,1060.02,25.4872,157.871,1046.7,5.63168,138.185,1064.95,27.1706,140.113,1030.96,2.1131,113.602,1075.87,38.9862,127.484,1023.32,10.9482,99.728,1073.4,46.2113,136.08,1055.97,7.31126,86.074,1066.4,24.1691,86.2482,1045.64,4.12497,50.2532,1066.94,32.5399,49.8375,1048.73,-14.1908,14.4754,1085.45,31.3836,14.2193,1065.15,24.5282,172.552,1063.73,9.88094,173.112,1060.99,5.81938,187.863,1059.57,21.3409,186.417,0,0,0
001191:1051.98,24.7772,158.857,1050.43,21.194,161.305,1052.65,25.9391,161.804,1052.65,12.1827,157.173,1059.42,25.5291,158.196,1050.13,5.33068,138.446,1069.69,26.7937,140.523,1036.88,1.60236,113.5,1084.5,38.358,128.195,1025.85,10.9562,99.3976,1081.35,45.2528,137.284,1062.2,6.79452,85.8188,1072.99,23.6971,86.1649,1046.17,4.19425,50.0395,1067.7,32.6231,49.8688,1047.83,-13.827,14.2188,1087,31.6506,14.0908,1065.81,23.602,172.629,1062.28,9.33724,172.816,1059.03,5.13847,187.035,1059.82,20.2729,185.974,0,0,0
001192:1049.3,25.1353,158.814,1048.01,21.6077,161.282,1050.21,26.3738,161.748,1052.3,12.7757,157.322,1058.98,26.1432,158.217,1053.46,5.71909,138.737,1069.63,27.5846,140.447,1047.52,1.07121,114.309,1080.72,39.345,127.86,1037.88,10.006,101.087,1074.18,46.0157,136.443,1061.78,7.05419,86.1426,1071.27,24.0806,86.3987,1045.95,4.3408,50.276,1067.7,32.7707,49.919,1048.19,-13.8652,14.2222,1088.56,31.5963,13.8424,1066.15,23.5288,172.036,1064.04,9.0044,172.31,1061.5,4.67271,186.941,1060.99,20.0745,185.83,0,0,0
001193:1050.36,25.3934,158.617,1048.88,21.917,161.059,1051.37,26.5861,161.519,1051.4,13.2012,156.856,1058.84,26.3095,157.809,1048.91,6.57434,138.335,1068.51,27.3996,140.257,1036.29,2.69297,113.634,1080.65,38.9208,127.997,1026.24,10.9347,99.3862,1075.01,45.9511,136.924,1058.98,7.36785,86.2961,1070.06,23.827,86.4847,1045.97,4.64974,50.4601,1069.08,32.4738,50.0043,1047.63,-13.4029,14.7206,1089.16,31.8418,14.1017,1068.12,23.0184,171.545,1066.21,8.5082,171.35,1064.07,3.85217,185.785,1063.18,19.2577,185.101,0,0,0
001194:1054.63,25.7213,158.978,1054.44,22.0024,161.463,1057.14,26.7417,161.901,1056.31,13.1751,157.198,1065.4,26.3866,158.121,1053.25,6.56242,138.082,1075.33,27.7511,139.856,1031.29,3.73889,114.025,1085.49,39.7333,127.761,1007.31,13.7033,100.227,1084.25,45.6325,136.916,1060.61,8.37378,85.7061,1075.2,24.7679,85.7478,1044.47,5.35981,50.2651,1071.75,33.1017,49.7255,1049.77,-13.4625,14.3028,1097.77,31.0599,13.2811,1071.32,22.2236,171.578,1063.96,8.47091,171.067,1059.58,3.39717,184.6,1068.29,17.5622,184.416,0,0,0
001195:1053.55,25.7892,158.685,1052.22,22.2911,161.112,1055.16,26.9518,161.594,1055.85,13.4655,156.953,1064.76,26.5136,157.95,1053.49,6.77653,138.374,1076.41,27.5948,140.438,1038.35,2.77108,114.055,1089.73,39.2875,128.76,1022.33,11.1095,100.596,1080.11,46.0207,138.169,1063.06,7.91605,86.1994,1076.45,24.2971,86.3859,1044.71,5.41139,50.7287,1072.41,32.9275,50.0123,1046.81,-12.6212,15.1027,1095.13,31.8651,13.9208,1069.89,22.073,171.268,1067.71,7.63883,170.493,1063.74,2.45794,184.63,1062.96,17.8088,184.544,0,0,0
001196:1053.91,26.4382,158.892,1052.54,22.9618,161.352,1054.99,27.5678,161.815,1055.19,14.0696,157.287,1062.5,27.0072,158.222,1051.99,7.3317,138.793,1072.69,27.8993,140.702,1036.43,3.39832,114.397,1086.25,39.364,128.398,1024.12,11.739,100.839,1080.83,46.4839,136.909,1062.23,8.2717,86.5491,1074.13,24.5233,86.753,1046.73,5.76034,50.7455,1073.29,33.0584,50.1093,1047.02,-12.4595,15.1176,1094.95,31.9067,13.9124,1069.46,21.7587,170.639,1067.66,7.1118,169.89,1062.96,1.88595,184.295,1061.86,17.4517,184.111,0,0,0
001197:1049.71,26.7151,159.326,1050.18,23.0744,161.844,1052.82,27.7759,162.239,1055.52,14.3036,157.815,1063.92,27.3791,158.615,1055.37,7.29423,138.814,1078.46,28.4568,140.286,1035.82,3.47839,115.224,1090.16,40.054,128.022,1011.03,13.0235,102.201,1088.24,45.3812,136.672,1062.53,8.64709,86.5651,1078.03,24.8723,86.5232,1044.47,6.19621,51.1641,1073.81,33.2574,50.4982,1049.48,-12.3542,15.0212,1101.72,31.0394,13.7863,1073.97,20.7376,170.423,1064.01,7.04073,169.718,1059.33,1.78803,183.336,1070.44,15.8909,183.35,0,0,0
001198:1048.61,27.3632,159.563,1048.85,23.7851,162.051,1052.02,28.3159,162.416,1054.15,14.9454,157.78,1064.1,27.5785,158.613,1055.09,8.19671,138.744,1080.16,28.0432,140.218,1035.1,4.78048,115.071,1093.05,39.1389,127.772,1008.49,13.5564,101.823,1088.82,45.1854,136.241,1064.73,9.27172,86.4078,1081.67,24.8059,86.294,1044.53,6.86433,51.21,1076.04,33.4229,50.4486,1048.67,-12.4314,15.3914,1103.49,31.0186,13.922,1075.89,20.4342,170.139,1066.36,6.66611,169.124,1061.42,1.19859,182.698,1072.49,15.3697,182.918,0,0,0
001199:1051.81,27.7311,160.087,1052.39,24.1292,162.614,1055.07,28.6868,162.956,1057.32,15.2804,158.431,1066.37,27.9164,159.176,1057.49,8.44556,139.364,1080.09,28.3973,140.647,1039.66,4.80825,116.01,1091,39.5211,127.89,1017.15,13.5248,103.376,1089.56,45.5546,135.701,1062.9,9.64441,86.8805,1078.35,25.1825,86.7705,1046.22,7.09882,51.3023,1076.92,33.4521,50.5227,1049.57,-11.9489,15.386,1104.83,31.1439,13.71,1077.78,20.0889,169.543,1069.11,6.09154,168.587,1063.89,0.498923,182.402,1074.25,14.8908,182.553,0,0,0
001200:1054.04,27.4515,160.029,1052.79,24.0732,162.523,1056.44,28.7381,162.938,1058.2,15.6255,158.351,1068.36,28.5893,159.207,1054.94,9.08731,139.758,1082.49,29.6656,141.281,1037.87,4.71686,116.515,1097.17,40.5118,128.929,1027.54,12.1339,104.622,1081.67,45.8197,137.573,1061.82,9.90569,87.4132,1078.08,25.9487,87.1503,1044.47,7.1154,51.6971,1077.41,33.5537,50.2587,1048.7,-11.0954,15.8197,1101.26,31.767,13.6928,1074.7,19.7895,169.528,1073.54,5.01616,168.607,1069.37,-0.557162,183.209,1067.58,15.2173,183.262,0,0,0
001201:1054.15,27.9416,159.959,1053.06,24.5159,162.444,1057.01,29.1524,162.865,1060.3,15.8851,158.33,1071.17,28.824,159.241,1058.52,9.36742,139.78,1087.96,29.7747,141.442,1039.77,5.52202,116.33,1103.63,40.6205,129.341,1025.32,13.6685,104.308,1086.22,46.1037,138.15,1066.14,10.1936,87.3096,1082.79,26.1784,87.0924,1047.38,7.30611,51.6631,1078.9,33.7316,50.3793,1051.19,-11.1072,15.9152,1100.39,31.6256,14.115,1074.51,19.807,169.503,1073.05,5.23034,168.147,1069.11,-0.721438,182.372,1067.57,14.8936,182.851,0,0,0
001202:1054.83,28.1807,159.854,1053.36,24.8807,162.363,1057.94,29.4739,162.756,1059.78,16.6131,158.319,1072.45,29.3442,159.155,1055.34,10.1865,140.029,1090.53,30.2563,141.524,1033.96,5.64043,117.177,1106.81,40.8036,129.609,1024.93,11.9642,105.118,1085.5,45.7346,138.463,1063.84,10.6321,88.0798,1084.25,26.3439,87.5417,1044.66,7.52093,52.4394,1082.01,33.5487,50.5452,1048,-10.9441,16.7296,1102.29,31.7228,14.0009,1074.27,18.8963,168.926,1072.78,4.38477,167.572,1070.95,-1.52827,181.777,1069.35,14.0152,182.287,0,0,0
001203:1053.46,28.5909,160.27,1052.15,25.3015,162.811,1057.91,29.8406,163.202,1061.57,16.8685,158.786,1076.83,29.5457,159.643,1057.78,10.4431,140.355,1098.86,30.2236,141.773,1032.09,6.535,117.125,1117.96,40.4133,129.066,1018.85,13.5681,105.049,1089.56,45.3834,137.487,1064.26,10.7391,88.0923,1087.35,26.3622,87.4427,1044.18,7.71362,52.3144,1083.16,33.7823,50.406,1050.32,-11.0793,16.2462,1103.98,31.8952,13.6663,1075,18.4989,168.442,1073.4,3.89193,167.057,1071.35,-2.02276,181.389,1069.6,13.654,181.836,0,0,0
001204:1055.34,28.7892,160.405,1054.76,25.5301,162.944,1059.86,30.0909,163.322,1064.9,17.4357,158.916,1077.91,30.1421,159.807,1060.9,11.4001,140.703,1097.98,31.0373,142.268,1031.7,7.85755,117.693,1114.3,40.6687,130,1012.21,14.4391,105.955,1087.57,44.8014,138.499,1065.62,11.6094,88.9504,1086.48,27.0545,88.303,1046.67,8.16739,52.9587,1084.84,33.7396,50.8803,1046.84,-10.521,17.3287,1105.26,31.6138,13.8593,1073.12,17.6679,168.4,1072.78,3.20555,166.84,1072.48,-2.89522,181.001,1069.39,12.6697,181.67,0,0,0
001205:1058.53,28.8105,160.357,1058.08,25.5474,162.902,1061.81,30.2671,163.252,1066.23,17.6877,158.914,1076.4,30.7351,159.693,1065.36,11.3354,140.58,1091.5,32.101,142.027,1047.36,6.3947,118.041,1105.62,42.0432,130.429,1032.55,12.2757,106.939,1089.34,44.91,139.399,1066.52,11.6699,88.9029,1082.89,27.6418,88.2856,1047.29,7.87735,53.0928,1084.93,33.8954,50.7867,1045.59,-10.5121,17.6273,1108.44,31.5486,13.5213,1074.18,17.0388,168.479,1072.85,2.49562,167.2,1069.35,-3.47512,181.507,1067.99,12.0789,182.076,0,0,0
001206:1059.69,29.8656,160.294,1058.95,26.6171,162.814,1063.91,31.1026,163.155,1068.35,18.2553,158.594,1081.64,30.7171,159.401,1064.73,12.0817,140.27,1100.31,31.0226,141.75,1036.2,8.21242,117.618,1113.61,40.7851,129.895,1011.83,14.1955,106.322,1083.94,45.5985,138.782,1070.09,12.0876,88.3147,1090.74,27.1612,87.6296,1046.52,8.59911,52.8663,1086.96,33.892,50.6267,1047.89,-10.5704,17.5821,1110.05,31.5342,13.6625,1072.83,17.3353,167.84,1074.14,2.69437,165.777,1073.07,-3.98058,179.871,1068.37,11.8193,180.998,0,0,0
001207:1061.01,30.4702,160.005,1059.63,27.2154,162.521,1064.42,31.6082,162.857,1066.15,18.7974,158.423,1079.09,31.0315,159.246,1061.19,12.6968,140.573,1097.16,30.9567,142.049,1033.58,9.37207,118.317,1113.99,40.1898,130.748,1014.94,16.1716,107.563,1092.07,45.1674,139.902,1071.76,12.1705,89.0961,1092.95,26.8512,88.4111,1048.3,8.96082,53.406,1089.64,33.6626,51.208,1047.56,-10.5753,18.0947,1112.15,30.856,14.0394,1075.41,16.5841,168.193,1075.41,2.13121,165.636,1073.94,-4.88233,179.347,1070.69,10.7699,180.969,0,0,0
001208:1064.37,30.8079,160.416,1063.25,27.5209,162.94,1067.12,31.9916,163.239,1069.19,19.0468,158.788,1080.29,31.405,159.499,1066.75,12.6583,140.711,1094.09,31.4419,142.068,1048.88,8.16048,118.713,1105.22,40.9927,130.873,1036.51,13.9144,108.042,1086.21,45.811,139.786,1071.79,12.6842,88.9108,1089.03,27.5464,88.3163,1050.43,9.10909,53.1935,1090.24,33.866,50.9461,1047.65,-10.2148,18.2047,1113.57,30.9105,13.8013,1076.92,16.6292,167.479,1078.35,2.1103,165,1075.88,-5.0186,178.767,1071.8,10.6612,180.368,0,0,0
001209:1062.53,30.9309,159.816,1061.32,27.7403,162.354,1065.76,32.2072,162.634,1067.92,19.667,158.335,1080.24,31.9623,159.024,1065.12,13.4317,140.585,1096.97,32.1111,141.807,1045.75,8.73742,119.003,1110.1,41.1587,130.811,1033.33,13.8952,108.67,1089.9,45.2124,139.75,1072.64,12.9102,89.201,1092.21,27.665,88.3813,1049.93,9.21879,53.5548,1089.58,33.7268,51.1434,1047.79,-10.1229,18.4645,1112.82,30.8579,13.9419,1076.33,15.9227,167.397,1076.96,1.60373,165.107,1077.01,-5.28109,178.8,1073.42,10.208,180.278,0,0,0
001210:1060.96,31.5091,159.767,1060.42,28.3467,162.297,1064.98,32.6751,162.566,1069.35,20.14,158.164,1081.24,32.1573,158.893,1067.04,14.1669,140.431,1099.59,31.8206,141.71,1038.11,10.6305,118.558,1115.47,40.3282,130.239,1010,16.3147,108.49,1093.82,45.2391,138.836,1075.08,13.2898,89.1633,1094.47,27.5347,88.3975,1050.88,9.80107,53.5379,1091.67,33.7658,51.1753,1047.26,-9.83314,18.6313,1113.98,30.7917,14.0124,1080.3,15.7332,166.898,1081.18,1.19647,164.468,1080.71,-5.75333,178.352,1076.26,10.0355,179.836,0,0,0
001211:1062.02,31.7664,159.605,1060.91,28.6061,162.154,1066.1,32.9914,162.414,1069.43,20.5871,158.149,1083.02,32.7137,158.833,1067.77,14.5962,140.536,1102.96,32.8011,141.613,1042.01,10.5385,119.275,1121.12,41.5067,130.058,1020.03,15.8086,109.961,1096.98,45.6664,138.461,1076.47,14.0452,89.346,1097.86,28.5361,88.3107,1050.79,9.99225,53.7686,1095,34.059,50.918,1049.32,-9.88488,18.6613,1117.69,30.6302,13.3994,1080.32,15.3428,166.472,1082.33,0.798038,164.15,1080.88,-6.17356,178.05,1075.82,9.60494,179.48,0,0,0
001212:1065.51,32.6299,159.454,1064.53,29.412,162.022,1068.24,33.6734,162.254,1070.37,20.8669,157.97,1080.61,32.7322,158.659,1068.87,14.8183,140.281,1095.01,31.9699,141.493,1046.91,11.3181,118.911,1111.11,39.8288,130.3,1025.24,17.2126,109.588,1096.59,44.5094,138.726,1077.53,14.245,88.2873,1094.7,28.2684,87.5523,1050.91,10.2385,52.8171,1093.56,34.2167,50.2387,1046.86,-10.1513,18.2946,1118.55,30.3637,12.9024,1084.09,15.4335,166.014,1084.25,1.08627,163.205,1080.81,-6.30846,176.616,1077.74,9.33796,178.515,0,0,0
001213:1063.58,32.609,159.381,1062.84,29.4943,161.942,1067.21,33.8006,162.155,1070.6,21.5186,157.857,1082.78,33.3977,158.543,1069.14,15.7913,140.287,1100.36,33.046,141.459,1048.08,11.8203,119.298,1115.53,40.8846,130.775,1030.61,16.4295,109.884,1094.53,44.5149,139.72,1075.07,14.9723,88.8584,1094.61,28.8884,87.8672,1052.66,10.5803,53.3169,1095.06,34.1874,50.4617,1050.37,-9.81174,18.7205,1117.43,30.1022,13.3148,1081.92,14.9979,165.791,1082.76,0.705555,162.725,1080.62,-6.90506,176.06,1076.77,8.70161,178.316,0,0,0
001214:1064.27,33.2601,159.141,1063.48,30.2359,161.741,1068.48,34.516,161.897,1072.84,22.293,157.591,1086.15,34.1101,158.219,1073.19,16.3576,139.879,1104.39,33.3755,141.013,1054.23,11.5938,118.652,1116.6,40.7467,130.601,1038.67,15.0035,108.254,1086.83,43.8243,140.081,1077.16,14.9563,88.2155,1097.31,28.728,87.1322,1051.83,10.5893,52.9223,1098.47,34.0822,49.7003,1050.67,-9.93264,18.456,1121.26,29.9383,12.6291,1084.66,14.663,165.235,1086.89,0.509905,162.073,1085.29,-7.05409,175.203,1080.33,8.42482,177.575,0,0,0
001215:1063.39,33.5163,159.41,1062.88,30.4962,162.005,1068.74,34.7849,162.16,1074.38,22.7074,157.861,1089.47,34.5254,158.449,1074.26,16.9399,140.149,1111.67,34.0661,140.96,1049.27,12.5659,119.711,1130.1,41.4754,129.879,1028.04,16.4289,111.036,1097.18,44.3355,138.861,1077.42,15.7349,88.5477,1100.35,29.5483,87.2004,1050.73,11.0426,53.3839,1097.52,34.4631,50.0144,1051.4,-9.61527,18.7948,1120.27,30.006,12.8567,1086.63,14.3827,164.266,1088.51,0.00214655,161.353,1086.22,-7.45889,174.821,1081.34,8.28293,176.919,0,0,0
001216:1068.1,33.7392,158.936,1067.32,30.7259,161.544,1072.08,34.9287,161.682,1075.97,22.9003,157.509,1089.04,34.4871,158.193,1076.61,17.2582,140.175,1107.74,33.7131,141.425,1057.63,12.8038,119.362,1121.74,40.4427,131.392,1041.92,15.7384,109.442,1097.52,43.418,140.489,1081.8,16.0937,88.9063,1101.94,29.4986,87.8188,1055.11,11.4681,53.5304,1100.78,34.4666,50.3554,1049.95,-9.33052,19.4126,1119.21,30.0325,13.4342,1087.52,13.7681,164.66,1088.16,-0.0284813,161.139,1084.31,-7.77715,173.731,1081.21,7.34311,176.489,0,0,0
001217:1071.05,34.7438,158.832,1069.78,31.7347,161.463,1075.63,35.885,161.588,1077.64,23.6315,157.447,1093.16,35.093,158.019,1073.6,17.6001,139.981,1112.49,33.9667,140.928,1047.98,12.8898,119.286,1128.62,40.834,130.142,1034.7,15.8794,109.425,1098.56,44.3134,138.765,1078.38,16.3216,88.6651,1102.36,29.7034,87.3723,1052.32,11.73,53.4376,1101.03,34.8142,50.1161,1050.04,-9.28938,19.2545,1120.25,30.3316,13.2017,1087.17,13.5352,163.632,1088.83,-0.626761,160.372,1087.12,-8.28769,173.404,1082.54,7.25011,175.773,0,0,0
001218:1073.17,35.3619,159.054,1072.31,32.3619,161.716,1076.34,36.7064,161.737,1078.48,24.5438,157.69,1090.07,36.4257,158.075,1078.55,17.9822,140.1,1103.56,35.6829,140.852,1069.69,10.7678,119.888,1115.32,42.1266,130.904,1069.29,11.1881,109.665,1097.49,43.4815,139.89,1076.26,17.0166,89.0403,1094,30.9364,87.7511,1053.5,11.6441,53.7955,1098.39,35.02,50.3373,1048.13,-9.23804,19.9407,1116.12,29.9988,13.6363,1090.8,12.6745,163.033,1091.69,-1.1447,160.204,1088.08,-8.45943,172.991,1085.24,6.60411,175.156,0,0,0
001219:1072.77,35.5913,159.327,1071.74,32.5783,161.994,1076.25,36.7409,162.056,1078.76,24.5009,157.935,1091.44,35.9771,158.483,1078.52,18.395,140.439,1107.54,34.7228,141.455,1062.79,12.9615,119.714,1119.33,40.5832,131.038,1055.79,14.8835,109.592,1096.34,43.0164,139.488,1081,17.4324,89.273,1100.5,30.6795,88.0963,1056.31,12.5474,53.7724,1103.21,35.1372,50.4879,1047.43,-8.75556,20.0837,1117.78,29.849,13.7692,1090.32,12.7938,162.505,1092.51,-1.01116,159.129,1089.95,-8.72241,171.759,1085.5,6.45343,174.297,0,0,0
001220:1072.51,36.0004,159.222,1071.93,32.9757,161.886,1076.19,37.187,161.926,1080.58,24.9517,157.837,1092.36,36.5243,158.293,1082.13,18.7757,140.305,1109.53,35.3661,141.084,1066.52,13.3059,120.2,1122.48,41.2216,130.644,1055.04,15.4929,111.308,1100.45,43.1813,139.107,1084.05,17.7527,88.9408,1102.52,31.1614,87.6876,1057.14,12.5815,53.6144,1102.66,35.2814,50.2706,1048.32,-8.42291,20.0161,1117.28,30.0595,13.6088,1090.38,12.4094,161.663,1091.27,-1.41499,158.392,1090.05,-9.18985,171.072,1086.94,6.02623,173.567,0,0,0
001221:1077.85,36.4723,158.727,1077.17,33.436,161.396,1080.31,37.4131,161.447,1080.83,25.1174,157.368,1089.49,36.1846,157.967,1077.94,19.4301,140.166,1098.33,34.2986,141.345,1056.61,15.9852,119.477,1111.94,39.2411,130.878,1043.85,19.3674,109.958,1102.51,42.5208,138.675,1079.17,18.1712,89.1731,1093.76,30.6833,88.2692,1058.31,13.1483,53.5416,1101.98,35.2155,50.5857,1044.7,-8.23679,20.6011,1114.95,29.9284,14.2371,1094.29,12.254,161.468,1096.55,-1.61019,157.715,1092.86,-9.70685,170.17,1088.6,5.61128,172.994,0,0,0
001222:1081.27,37.2776,158.795,1079.96,34.2447,161.52,1083.69,38.3239,161.513,1082.42,25.9246,157.532,1093.21,37.2333,157.964,1079.08,19.66,140.242,1102.19,35.3811,140.983,1064.91,14.4848,119.94,1115.26,40.0835,130.224,1065.38,16.488,110.269,1102.45,42.2923,137.81,1077.8,18.5502,89.1644,1094.44,31.3895,88.0022,1057.62,13.4225,53.486,1103.2,35.4962,50.2599,1047.66,-8.05574,20.1276,1116.21,29.7781,13.8304,1097.12,11.5855,160.46,1099.53,-2.18849,157.028,1094.68,-10.0251,169.498,1090.61,5.14554,172.061,0,0,0
001223:1081.59,38.0416,158.375,1080.23,35.0767,161.126,1084.72,38.8982,161.091,1084.79,26.4585,157.158,1096.93,37.1399,157.56,1082.33,20.4231,139.886,1109.12,34.4164,140.466,1060.61,16.6354,119.569,1127.57,38.8897,128.664,1048.3,19.6187,110.547,1113.48,42.8885,135.094,1083.03,18.7041,88.249,1100.51,30.7329,87.126,1057.39,13.8911,53.0373,1102.42,35.3695,50.0441,1045.81,-7.70796,20.3301,1113.77,29.9151,14.1572,1097.38,12.0055,159.556,1100.82,-2.09084,155.704,1094.29,-10.3185,168.371,1088.66,5.29523,171.204,0,0,0
001224:1083.99,38.3185,158.28,1082.6,35.3649,161.042,1086.41,39.1344,161.003,1085.3,26.7582,157.053,1095.61,37.31,157.44,1082.85,20.8458,139.961,1105.25,34.4739,140.455,1066.82,17.3859,119.696,1128.28,38.4516,128.089,1062.75,20.3584,111.004,1126.59,42.7283,133.607,1081.64,19.2562,88.7388,1096.83,31.0445,87.6314,1059.86,14.3141,53.0853,1101.69,35.472,50.3003,1047.78,-7.73303,20.153,1113.97,29.8921,14.0163,1101.19,11.3144,158.764,1102.71,-2.90215,154.91,1092.42,-11.1119,167.704,1088.91,4.60885,170.485,0,0,0
001225:1081.59,38.9426,158.289,1078.9,36.0899,161.138,1083.16,39.7964,160.988,1080.21,27.5222,157.259,1091.73,37.8952,157.473,1081.96,21.1292,140.152,1103.8,34.8524,140.305,1079.57,15.6952,119.809,1133.07,38.5811,127.007,1092.04,16.3644,110.153,1136.73,42.8188,131.043,1083.58,19.6243,88.902,1098.45,31.3781,87.7156,1062.5,14.7357,53.1811,1103.48,35.7274,50.4621,1049.68,-7.80507,20.2281,1112.53,29.8629,14.3741,1103.26,10.6618,157.598,1106.83,-3.54474,153.959,1088.87,-11.331,166.882,1084.14,4.26244,169.422,0,0,0
001226:1081.8,39.2529,158.234,1079.37,36.4964,161.141,1084.62,40.1606,160.955,1083.19,28.0453,157.289,1096.1,38.2893,157.394,1082.65,21.6444,139.966,1111.02,35.067,139.708,1066.25,16.4818,119.697,1148.89,38.1358,124.743,1063.23,17.2076,110.648,1148.18,42.2395,127.392,1082.12,19.7981,88.6331,1099.19,31.3872,87.2254,1061.71,14.9406,52.9714,1103.16,35.5835,50.1369,1052.75,-7.56882,19.7225,1112.94,29.744,14.0597,1105.21,10.8235,155.76,1108.34,-3.78466,152.883,1089.07,-10.8943,166.588,1083.84,5.08576,168.291,0,0,0
001227:1088.47,39.3619,157.644,1087.11,36.3924,160.685,1089.7,40.4002,160.506,1085.7,28.3421,157.045,1101.98,38.4191,157.408,1079.94,22.3202,140.175,1119.49,35.2003,140.165,1056.24,17.9439,119.774,1170.15,37.307,124.381,1046.42,19.87,110.916,1158.47,42.3163,124.427,1081.27,20.7389,88.9623,1106.15,31.802,87.6974,1056.14,16.1103,53.7533,1105.21,35.8996,50.5844,1048.11,-6.47213,20.5859,1120.81,28.8146,14.1739,1110.21,9.94122,155.017,1109.29,-4.06943,152.817,1090.4,-11.6195,166.426,1088.65,3.85609,167.537,0,0,0
001228:1082.72,40.2342,158.199,1079.86,37.4236,161.146,1086.07,41.2983,160.903,1085,29.105,157.492,1099.77,39.8531,157.425,1085.13,22.1482,140.168,1117.81,37.3116,139.443,1067.66,15.5164,120.637,1156.85,40.6011,124.205,1062.02,15.6694,112.409,1146.45,43.0231,126.766,1086.13,20.7508,88.7699,1105.3,33.1578,87.0619,1062.39,15.5372,53.1277,1104.41,36.342,49.9657,1056.55,-6.83123,19.316,1113.45,29.3965,13.5978,1106.55,10.1289,153.929,1113.52,-4.54384,151.284,1093.55,-11.5303,165.103,1084.76,4.45973,166.65,0,0,0
001229:1090.75,40.021,157.73,1087.85,37.2458,160.84,1092.4,41.0156,160.638,1083.48,29.7016,157.34,1105.05,39.0816,157.742,1072.72,24.4815,140.74,1127.45,35.5468,140.576,1046.92,20.7113,120.095,1188.47,36.2786,123.553,1045.19,21.5348,110.455,1176.89,41.5998,121.468,1079.31,22.2888,89.6449,1112.47,32.2622,87.8739,1055.66,17.3182,54.2173,1110.74,35.7244,50.4517,1053.48,-6.06713,20.4608,1125.3,28.3114,13.7581,1111.5,9.17243,152.85,1109.77,-4.58966,150.679,1092.29,-11.9428,164.188,1090.76,3.32503,165.244,0,0,0
001230:1089.63,40.4391,158.016,1086.99,37.6261,161.109,1091.14,41.5474,160.84,1083.67,30.0025,157.294,1103.4,39.7893,157.571,1076.91,24.2623,140.215,1123.32,36.3196,139.965,1056.45,18.5103,120.177,1181.1,37.4829,124.064,1055.82,17.3809,110.548,1166.92,41.4828,123.377,1080.91,22.3945,88.6378,1109.52,32.7665,86.9802,1057.65,17.3223,53.5317,1109.95,35.8846,49.8213,1053.07,-5.55503,20.4348,1124,28.1506,13.7235,1115.46,8.60608,151.987,1117.8,-5.06318,149.406,1096.68,-12.7082,162.6,1092.16,2.42538,164.199,0,0,0
001231:1088.57,40.984,158.045,1086.62,38.1067,161.134,1090.53,42.099,160.901,1084.91,30.4802,157.575,1103.57,40.51,157.812,1076.49,24.6576,140.746,1123.37,37.5569,140.143,1048.04,19.62,120.935,1176.88,38.819,123.007,1036.39,20.1387,112.574,1159.23,42.9527,120.84,1081.18,22.9244,89.3713,1109.49,33.8283,87.5933,1057.19,17.6783,53.9547,1106.15,36.5833,50.3467,1055.41,-5.41783,20.0596,1120.02,28.4942,13.8353,1110.14,8.29227,150.183,1109.67,-5.64144,148.197,1096.76,-13.1302,161.918,1094.21,2.29725,162.854,0,0,0
001232:1091.11,41.1483,158.324,1088.69,38.4288,161.485,1093.42,42.2438,161.195,1086.51,31.0809,157.952,1107.66,40.6426,158.091,1078.75,25.5339,140.97,1130.15,37.3259,139.959,1057.59,20.1147,121.318,1189.85,37.931,121.679,1058.53,19.1918,113.019,1181.3,42.5986,117.537,1080.62,23.3355,89.0549,1111.78,33.569,87.0212,1057.42,17.9932,53.6415,1108.46,36.2089,49.7833,1056.61,-5.23341,19.7926,1121.82,28.1989,13.3101,1113.88,7.72433,148.657,1111.71,-6.19086,147.009,1098.43,-13.2634,160.865,1097.64,2.10367,161.528,0,0,0
001233:1094.66,41.5127,158.17,1090.54,38.8762,161.411,1097.12,42.5402,161.099,1084.09,31.5859,158.079,1110.98,40.7804,158.154,1070.03,26.0773,141.199,1137.86,37.0577,139.732,1049.09,20.422,121.538,1205.7,36.2381,119.856,1063.49,18.6197,112.867,1198.03,40.853,113.433,1076.66,23.8025,89.1097,1117.45,33.5611,86.5748,1054.25,18.448,53.6608,1112.91,36.0631,49.3017,1060.19,-5.11879,19.1908,1125.18,27.861,12.7794,1112.49,6.72295,147.766,1108.28,-6.93442,146.981,1098.62,-13.191,160.881,1099.29,1.89356,160.681,0,0,0
001234:1094.17,41.8787,158.486,1090.21,39.1762,161.677,1096.05,42.9476,161.339,1084.59,31.7661,158.222,1108.59,41.1931,158.284,1075.66,25.8289,141.403,1132.29,37.5854,140.148,1064.24,18.917,122.377,1197.55,37.6876,122.193,1084.4,16.1447,113.746,1187.23,41.4578,118.388,1081.18,23.907,89.3221,1115.49,33.9916,87.1657,1059.65,18.7968,53.6952,1112.03,36.71,49.8542,1062.13,-4.81741,19.4603,1124.91,28.1774,13.2812,1119.68,7.17673,147.972,1116.94,-6.48127,145.901,1094.85,-13.6184,159.291,1095.48,1.37091,160.475,0,0,0
001235:1091.33,42.3611,159.112,1086.75,39.7613,162.235,1096.39,43.2251,161.924,1090.78,31.8909,158.708,1113.75,41.6129,158.644,1084.02,26.2184,141.664,1139.24,38.4872,140.279,1057.22,21.5299,122.773,1185.75,39.7283,121.809,1061.68,21.0182,115.957,1160.37,43.5785,119.714,1086.23,24.5153,89.6128,1116.9,35.1832,87.2215,1063.79,19.0273,53.4961,1111.66,37.5663,49.7942,1064.89,-4.52245,18.9998,1111.49,29.6794,13.6033,1107.95,8.02169,147.377,1115.1,-6.91569,143.971,1100.54,-14.5629,157.864,1091.36,1.83372,159.979,0,0,0
001236:1096.44,42.4719,159.098,1093.89,39.6155,162.309,1098.66,43.5583,162.002,1091.77,32.0681,158.895,1112.45,41.9817,159.061,1082.43,26.367,141.877,1133.24,38.948,140.896,1055.85,20.9345,122.383,1183.25,39.4147,122.767,1048.72,20.5304,114.317,1159.43,43.0402,118.68,1087.75,24.81,89.3318,1117.49,35.4028,87.3921,1064.72,19.4921,53.333,1111.41,37.5331,49.7755,1063.75,-3.73954,18.9618,1119.58,28.6518,13.2996,1112.1,7.01433,146.016,1116.85,-6.93823,143.416,1104.69,-15.0138,156.909,1097.35,0.479116,158.508,0,0,0
001237:1096.93,43.3982,158.541,1094.08,40.6604,161.787,1098.42,44.3288,161.42,1091.15,32.9448,158.51,1111.24,42.1266,158.512,1085.44,26.9221,141.795,1133.01,38.2708,140.327,1075.8,20.9203,122.954,1189.36,38.8152,121.493,1091.94,19.4736,115.333,1180.61,44.729,115.563,1086.96,24.9461,89.1902,1115.79,34.7353,87.3401,1064.44,20.3409,53.2524,1110.37,37.5993,49.9766,1067,-3.36215,18.7067,1119.98,28.7018,13.5285,1120.7,6.59115,145.206,1117.88,-7.48343,142.586,1100.95,-15.5048,156.107,1101.64,-0.00829142,157.738,0,0,0
001238:1099.08,43.6528,159.395,1095.59,40.8415,162.622,1101.65,44.6297,162.293,1091.05,33.1619,159.177,1115.07,42.6115,159.319,1080.13,27.3708,142.353,1137.94,38.9342,141.198,1061.5,21.9609,123.429,1197.86,39.6139,123.289,1074.09,21.2338,115.433,1177.36,44.3388,119.361,1083.55,25.4706,89.7934,1117.66,35.3418,87.7558,1062.99,20.8169,53.6089,1112.67,38.0105,50.0971,1068.95,-2.56893,18.6736,1121.67,29.1758,13.5091,1123.09,6.45287,145.066,1122.91,-7.49948,141.437,1104.54,-16.3807,154.462,1102.64,-0.945131,157.12,0,0,0
001239:1100.94,43.8368,159.42,1096.02,41.1451,162.713,1103.26,44.7762,162.324,1088.25,33.6323,159.368,1115.5,42.6182,159.459,1075.46,27.8929,142.604,1141.33,38.3825,141.363,1062.39,21.614,123.723,1216.03,37.9624,123.352,1091.97,18.7999,114.608,1205.77,42.0985,119.04,1080.69,25.8027,89.9353,1119.43,34.9943,87.7348,1062.09,21.268,53.7363,1117.65,37.7722,49.9131,1068.7,-2.0092,18.9404,1124.56,29.0277,13.4756,1127.14,6.20387,144.256,1122.88,-7.17167,140.622,1097.24,-15.6619,153.084,1099.74,-0.922201,155.873,0,0,0
001240:1100.2,43.8972,159.789,1093.95,41.4246,163.133,1102.92,44.8725,162.68,1084.43,34.4954,159.912,1115.96,42.9061,159.818,1068.54,28.9154,143.146,1150.29,38.6259,141.411,1055.55,21.008,124.372,1239.53,37.1472,121.486,1093.12,14.0101,114.658,1248.82,41.7961,113.452,1082.12,27.0716,90.649,1129.38,35.6724,87.847,1063.02,21.952,54.4023,1121.16,37.1889,50.1278,1072.88,-1.29061,19.1451,1126.06,28.7768,13.281,1127.13,4.84482,141.817,1116.44,-8.07598,139.754,1097.9,-15.1385,152.333,1105.64,-0.985029,153.604,0,0,0
001241:1100.06,44.4092,159.791,1096.35,41.5835,163.057,1102.8,45.4072,162.701,1090.47,34.0327,159.819,1114.87,43.5578,159.932,1075.59,28.4511,143.355,1137.57,40.0544,142.177,1046.8,23.6671,124.687,1199.36,40.576,124.163,1048.05,23.2375,116.801,1181.57,44.9496,119.856,1084.67,26.6076,90.9026,1120.18,36.3995,88.7647,1064.91,21.998,54.1502,1113.12,38.2644,50.6688,1072,-0.295645,18.6138,1121.01,29.7541,13.5162,1124.69,5.79531,142.414,1123.38,-7.66262,138.063,1107.27,-17.2468,150.331,1105.97,-2.28811,153.73,0,0,0
001242:1100.1,44.5824,160.841,1095.64,41.8186,164.158,1103,45.606,163.787,1089.29,34.4024,161.065,1116.33,43.8093,161.119,1073.73,28.7291,144.422,1144.88,40.3089,143.089,1050.08,23.3418,125.079,1215.05,40.3679,123.733,1066.1,21.6826,115.896,1204.99,45.2537,117.205,1083.4,26.9964,91.6867,1124.3,36.6881,89.3636,1062.87,22.634,54.6957,1114.67,38.3522,51.0097,1069.22,0.700096,18.8126,1117.16,29.8747,13.9281,1127.65,5.53756,141.154,1121.44,-7.66809,137.635,1109.46,-16.5192,149.945,1112.66,-1.90746,152.563,0,0,0
001243:1092.88,44.8982,161.753,1086.48,42.2671,165.013,1099.18,45.6636,164.599,1086.98,34.2673,161.722,1117.47,43.5916,161.672,1077.3,28.5934,145.028,1148.9,39.7591,143.914,1050.49,23.7087,126.12,1206.24,41.2225,126.079,1064.73,21.788,117.255,1168.67,45.8606,124.032,1089.75,27.0345,91.7052,1128.85,36.6071,89.4197,1067.99,22.9648,54.5071,1119.77,38.4476,50.9303,1076.78,1.31585,18.666,1116.96,30.5196,13.9661,1125.55,7.27466,142.26,1134.43,-6.45957,135.47,1106.11,-16.3877,146.957,1096.73,-1.32536,152.503,0,0,0
001244:1092.81,44.7785,162.073,1087.73,42.0578,165.264,1100.41,45.926,164.856,1090.97,34.5114,161.866,1120.24,44.9825,161.685,1078.11,28.5452,145.119,1151.98,42.4646,143.706,1041.31,22.4144,127.541,1212.08,44.849,127.03,1044.83,20.1311,120.104,1168.66,46.4332,127.409,1085.43,27.2845,92.3596,1125.27,38.1921,89.7502,1064.24,22.7261,55.2088,1114.7,38.8207,51.2749,1076.49,2.53569,18.8445,1114.1,30.9032,13.9475,1126.6,7.58867,141.834,1135.2,-5.90005,135.026,1113.05,-16.1075,146.259,1102.92,-1.30286,152.091,0,0,0
001245:1094.57,44.6478,162.441,1088.58,41.9439,165.699,1102.99,45.5868,165.301,1088,34.481,162.342,1121.9,44.3511,162.403,1072.75,29.2377,145.916,1157.21,41.1442,144.892,1040.41,24.2706,128.122,1236.59,41.5663,128.382,1058.87,21.8978,120.263,1212.46,42.5332,128.859,1079.91,28.3407,93.3039,1125.78,38.0688,90.6482,1062.61,23.9557,55.5536,1116.5,38.764,51.6488,1078.12,3.22479,18.6234,1115.63,30.6352,13.9227,1135.8,7.64095,141.844,1138.09,-4.8353,134.311,1111.62,-15.3149,144.355,1108.07,-1.52969,150.965,0,0,0
001246:1092.96,45.3203,163.412,1087.84,42.4795,166.601,1101.23,46.2912,166.303,1092.93,34.2809,163.212,1124.63,44.6268,163.233,1079.46,28.3948,146.169,1159.29,41.6644,145.183,1038.45,24.1972,126.97,1214.47,44.0533,126.9,1033.63,24.8762,118.732,1158.26,47.7166,125.465,1088.84,27.6548,92.9473,1130.62,38.2772,90.6881,1065.43,24.2556,55.3117,1113.58,39.4277,52.1099,1079.21,4.26449,18.2667,1111.64,31.353,14.6173,1126.31,8.73373,140.371,1140.34,-4.88346,133.056,1118.53,-15.5479,144.431,1102.51,-0.461424,150.485,0,0,0
001247:1094.82,45.2528,163.875,1088.98,42.519,167.159,1103.01,46.1791,166.786,1090.94,34.8239,163.723,1123.43,44.7464,163.846,1075.59,29.568,146.859,1160.81,41.5296,146.136,1041.6,25.1363,127.799,1232.4,42.4568,128.352,1057.27,23.7403,118.834,1192.3,45.0984,127.185,1085.27,28.9181,93.8639,1130.91,38.6559,91.4186,1066.26,25.2076,55.7123,1119.58,39.1812,52.082,1082.38,4.90991,18.2034,1116.7,30.9181,14.0525,1133.06,8.98975,140.77,1139.8,-3.37234,133.406,1113.82,-13.6265,143.508,1105.53,0.0667495,149.746,0,0,0
001248:1091.39,45.0428,164.935,1085.13,42.2892,168.069,1101.04,46.0394,167.869,1089.84,34.4247,164.228,1128.35,44.4534,164.557,1074.76,29.3158,146.844,1171.31,41.3249,146.564,1036.22,25.6573,126.745,1233.77,43.8676,128.662,1047.3,25.6282,116.826,1165.1,47.988,128.328,1088.2,28.5516,93.9757,1140.08,38.282,91.529,1062.07,25.9359,56.2639,1120.83,39.2997,52.5443,1082.96,5.96237,18.371,1119.31,31.0215,14.5123,1133.43,10.6899,139.922,1146.7,-2.29035,131.682,1123.14,-13.3613,142.332,1108.1,1.06121,149.248,0,0,0
001249:1091.01,45.1832,164.111,1084.84,42.4304,167.284,1099.91,46.1631,167.022,1087.17,34.8718,163.712,1122.88,44.7943,164.039,1074.6,29.9713,146.981,1162.02,41.8569,146.802,1046.27,26.0905,127.8,1227.03,44.0767,130.539,1070.17,25.602,118.406,1174.12,47.1311,131.441,1087,29.4284,94.6688,1135.1,38.9315,92.3937,1065.85,26.6421,56.6146,1122.9,39.4703,52.9177,1084.7,6.9504,18.7133,1121.76,30.8726,14.5512,1140.68,11.5357,140.538,1150.96,-0.475207,131.908,1120.79,-11.6073,141.397,1109.73,1.72507,148.879,0,0,0
001250:1093.58,45.3332,164.907,1089.66,42.3205,167.93,1100.52,46.4913,167.694,1091.13,34.7782,163.991,1116.49,45.6489,164.339,1079.62,29.4826,147.139,1143.25,44.0099,147.117,1057.16,23.4142,129.607,1186.95,49.1738,134.114,1071.88,22.4228,122.126,1150.49,52.0382,137.901,1090.1,29.9829,94.4929,1127.72,40.4875,92.6686,1066.98,27.4803,56.4468,1118.75,40.108,52.8754,1083.09,8.0212,18.4759,1129.59,29.768,13.5647,1136.61,13.5693,141.288,1141.99,2.1186,131.526,1124.31,-10.4801,139.989,1118.56,2.22924,148.994,0,0,0
001251:1092.69,45.4145,165.712,1090.01,42.2702,168.695,1098.99,46.5493,168.526,1093.46,34.2897,164.729,1112.65,45.4673,165.145,1079.91,29.101,147.743,1133.66,43.8856,148.242,1037.61,24.7762,129.25,1170.66,50.0118,135.114,1017.51,26.2431,121.389,1133.66,54.5414,138.517,1093.63,29.8279,94.9845,1123.77,40.571,93.6771,1070.41,27.6124,56.6045,1114.58,40.0723,53.7354,1084.28,9.25655,18.568,1128.51,30.4169,14.032,1134.41,15.6833,141.288,1149.86,4.08695,130.88,1133.76,-9.30265,139.455,1116.96,3.78288,148.967,0,0,0
001252:1093.6,45.0216,166.078,1090.37,41.8365,168.975,1099.9,46.2167,168.821,1090.72,34.3812,164.99,1112.08,45.5059,165.525,1073.81,29.4433,148.415,1134.8,44.862,148.922,1033.06,23.4159,132.387,1172.68,53.1407,138.062,1020.53,23.2833,126.639,1146.24,57.6323,143.594,1093.15,31.0722,95.6404,1128.63,41.7914,94.1905,1072.22,29.1011,57.16,1119.76,40.8757,53.9515,1084.59,10.5508,19.1467,1132.89,29.9916,14.0536,1131.45,18.4493,142.121,1140.25,7.59692,130.418,1133.61,-7.02351,137.569,1124.08,5.1382,148.741,0,0,0
001253:1092.36,45.1741,166.314,1091.14,41.8116,169.15,1098.35,46.2786,169.095,1095.55,34.0497,165.192,1111.66,45.4082,166.053,1083.6,29.7131,148.653,1130.72,45.0157,150.175,1049.76,26.3831,131.305,1152.78,53.9473,140.879,1032.54,30.234,124.82,1125.97,59.4016,148.036,1095.85,31.4377,95.8284,1123.93,42.1673,95.1191,1072.81,29.8883,57.1154,1113.41,41.5772,54.6573,1081.79,11.554,19.0964,1128.07,30.3121,14.7119,1128.66,20.6509,142.868,1138.33,10.4222,129.932,1137.72,-5.39005,135.991,1127,6.32344,148.454,0,0,0
001254:1091.56,45.6892,167.373,1089.9,42.1691,170.098,1096.28,46.7222,170.212,1088.92,33.795,165.923,1105,45.6632,167.034,1078.51,29.7154,148.59,1124.04,45.6136,150.962,1051.1,27.9735,128.219,1148.84,54.5029,141.44,1041.31,34.4384,118.628,1122.53,59.0467,148.897,1095.39,31.829,96.4656,1122.92,42.925,95.8747,1075.85,30.5633,57.3376,1114.2,41.7773,55.1942,1082.8,12.2751,19.1545,1134.28,30.1417,14.89,1133.9,22.8756,142.27,1147.15,13.2873,129.752,1148.22,-1.55274,135.704,1131.43,9.30306,147.579,0,0,0
001255:1094.86,45.4578,167.901,1093.31,41.8307,170.601,1098.68,46.5726,170.768,1094.09,33.5996,166.432,1108.11,45.8092,167.588,1084.29,29.2798,149,1127.2,46.321,151.212,1058.44,27.5111,128.898,1144,56.3787,141.989,1046.74,35.9366,119.895,1124.74,62.4301,150.618,1104.78,31.5942,96.7566,1132.42,43.2873,96.261,1077.69,30.9408,57.7942,1119.57,41.9754,55.5112,1081.49,13.8383,19.3006,1140.44,30.1883,14.8583,1237.5,35.787,144.93,1266.63,27.3095,134.443,1314.43,14.4157,139.668,1277.58,24.3224,149.796,0,0,0
001256:1098.99,45.2772,168.446,1098.81,41.4634,171.11,1101.98,46.3021,171.311,1098.86,33.1433,166.634,1108.12,45.6765,167.963,1089.48,29.4109,148.901,1118.47,46.9203,151.608,1062.68,29.1229,128.432,1131.79,57.5628,142.537,1036.34,38.9254,119.399,1121.31,64.3508,151.373,1098.43,33.3608,96.9088,1116.75,45.3766,96.8545,1079.54,31.4738,57.6769,1108.93,43.075,56.0577,1084.41,14.1913,19.1962,1136.29,30.7602,15.1575,1152.73,44.284,147.459,1161.66,37.6069,138.85,1181.74,27.1653,142.86,1169.19,34.735,151.025,1071.18,151.422,249.91
001257:1099.9,45.4651,168.909,1098.75,41.698,171.58,1102.33,46.4081,171.744,1097.13,33.3226,167.007,1108.03,45.5477,168.353,1086.82,29.6114,149.265,1121.08,46.1061,152.038,1070.58,29.862,128.054,1133.26,56.2207,143.212,1065.96,39.8257,117.248,1124.44,64.0451,152.737,1098.88,32.7176,97.1064,1122.27,44.2113,96.9857,1074.58,31.5774,58.2382,1114.3,42.4992,56.1211,1078.16,15.106,20.0359,1141.9,30.6415,15.2548,1152.46,47.1644,149.423,1158.4,40.8049,141.645,1186.42,31.4754,145.475,1176.98,38.7127,152.871,1072.01,150.662,247.192
001258:1102.68,45.5273,168.636,1099.42,41.8618,171.284,1105.74,46.3152,171.479,1092.62,33.798,166.592,1112.17,45.0661,168.029,1079.64,30.6392,149.051,1128.81,44.9166,151.731,1070.29,30.9586,129.01,1145.12,54.7924,143.706,1090.52,39.4892,118.561,1126.47,64.3276,154.48,1094.3,33.6319,97.1189,1126.67,43.81,96.6698,1070.76,32.6325,58.6883,1117.89,42.2056,56.0927,1080.84,15.8382,20.3769,1140.97,30.3275,15.9063,1112.77,54.7058,153.698,1119.73,49.6306,148.208,1130.08,42.9702,151.507,1120.84,48.7046,156.585,1069.08,149.999,245.009
001259:1101.66,45.4775,169.03,1097.1,41.8318,171.604,1107.52,46.0406,171.879,1090.66,33.5804,166.783,1122.17,44.0677,168.458,1075.47,31.0832,149.537,1153.44,43.1211,152.42,1057.1,33.1239,130.396,1185.14,54.1858,144.966,1079.81,42.6093,120.85,1147.87,66.3134,156.577,1096.83,33.6057,96.9956,1145.54,42.4555,96.2447,1065.02,33.5419,59.1978,1129.04,41.7498,55.8606,1079.91,16.8571,21.0543,1149.92,30.0283,16.0838,1111.46,54.6528,154.534,1115.61,49.5819,147.157,1112.92,41.1345,149.646,1106.96,46.8981,156.6,1073.14,149.89,242.855
001260:1096.88,45.5587,169.235,1094.87,41.6605,171.675,1102.53,46.205,172.054,1092.93,33.179,166.56,1116.45,44.5274,168.332,1079.34,30.5067,148.866,1141.5,44.6964,152.181,1051.47,33.3319,129.386,1170.5,57.1721,145.273,1053.92,45.4375,120.638,1140.27,69.4701,157.976,1091.03,34.0762,97.1574,1128.81,44.1291,96.9806,1068.9,33.6778,59.1699,1120.86,43.1991,56.6648,1084.55,17.3799,20.9141,1149.15,30.8887,16.7594,1102.48,57.3456,154.837,1104.95,52.4105,148.19,1098.38,44.5829,150.746,1093.7,50.19,156.879,1077.65,149.041,241.147
001261:1095.87,45.2106,169.362,1093.7,41.2491,171.759,1102.01,45.8853,172.18,1093.59,32.8253,166.54,1119.11,44.2553,168.467,1081.52,30.3622,148.806,1149.49,44.8982,152.446,1050.29,33.6532,129.62,1182.78,59.2103,146.585,1048.18,46.3852,121.056,1148.73,73.2854,160.423,1095.83,34.005,96.7281,1135.83,44.2645,96.6438,1070.84,33.6634,58.8879,1120.93,43.7613,56.5939,1088.53,17.7542,20.5586,1144.22,31.9482,17.2439,1110.12,60.9267,156.497,1113.93,56.1679,149.417,1107.39,48.103,151.568,1101.05,53.5527,158.175,1078.48,148.279,238.798
001262:1098.89,45.4394,169.011,1096.08,41.4303,171.4,1105.11,45.8777,171.819,1093.41,33.0141,166.174,1121.81,43.9206,168.263,1075.32,30.9636,148.722,1149.46,44.259,152.524,1046.55,35.4059,129.818,1173.06,58.0097,147.14,1055.62,48.8111,121.501,1139.78,73.8525,161.262,1085.61,34.8313,97.3752,1131.23,44.4139,97.2367,1060.54,34.5827,59.8804,1118.17,44.0288,57.2601,1088.07,18.1893,20.9902,1149.03,31.4384,17.4078,1135.09,67.2491,159.202,1141.23,63.3208,153.609,1162.17,57.7162,155.125,1152.79,62.3649,160.299,1078.78,148.26,236.403
001263:1095.62,45.375,169.239,1093.61,41.3361,171.625,1101.24,45.9278,172.005,1092.47,33.152,166.477,1117.42,44.4364,168.524,1076.8,31.0922,149.123,1143.25,45.6657,152.898,1048.03,35.2499,130.707,1162.25,60.703,147.826,1045.7,48.7553,123.203,1130.5,76.7894,161.765,1086.4,35.1983,97.8462,1127.84,45.4222,97.7952,1061.44,34.5628,60.2676,1115.18,44.6841,57.7475,1088.21,18.7627,21.3111,1146.95,32.4985,17.6683,1135.74,68.4575,159.056,1142.04,64.4995,153.063,1166.15,58.588,154.489,1156.78,63.2415,160.137,1083.32,147.402,234.668
001264:1093.6,45.424,169.545,1092.7,41.2704,171.823,1098.13,45.9444,172.21,1092.76,32.8374,166.421,1112.75,44.1273,168.587,1082,30.8947,148.939,1135.99,45.7989,153.442,1054.5,34.6683,131.02,1151.25,63.8169,150.565,1043.21,48.0673,123.788,1120.82,81.8169,165.613,1093.24,35.5798,97.1091,1127.25,45.8399,97.6682,1069.94,34.9908,59.4668,1115.3,45.4334,57.6086,1089.41,19.1002,21.3459,1144.67,33.306,18.0567,1108.64,65.4706,158.637,1112.8,61.0803,149.503,1128.72,51.7904,150.219,1121.25,56.9128,159.064,1083.62,147.382,232.265
001265:1092.98,45.5697,169.37,1092.54,41.3255,171.578,1096.93,46.1347,172.013,1093.15,32.9096,166.044,1111.58,44.538,168.381,1084.03,30.9676,148.419,1131.66,46.9049,153.436,1064.21,34.8754,129.894,1136.11,65.6063,151.418,1055.5,49.4332,122.405,1103.82,83.4078,167.17,1092.14,36.1073,97.4803,1123.51,46.9659,98.3003,1067.14,35.4588,60.0306,1108.51,46.5762,58.5385,1091.31,19.2696,21.3963,1141.42,33.8266,18.6984,1118.52,66.486,159.538,1133.22,62.3398,150.545,1167.75,53.6217,151.279,1148.17,58.581,160.039,1084.46,146.617,229.902
001266:1094.14,45.5475,169.025,1093.66,41.3499,171.247,1097.76,46.0557,171.641,1093.72,33.0658,165.77,1111.34,44.4546,168.098,1084.5,31.1886,148.451,1130.65,46.8413,153.449,1064.08,35.0732,130.496,1139.06,65.8296,151.81,1058.95,49.1032,123.263,1111.9,84.9431,167.61,1089.77,36.2206,98.0773,1120.01,46.9189,98.9679,1069.26,35.6728,60.2498,1111.28,46.9336,58.8016,1090.74,19.7113,21.617,1142.35,34.8545,18.8671,1096.61,67.9907,160.685,1107.5,64.3762,152.402,1135.59,56.7612,152.622,1120.49,61.0033,160.63,1088.6,146.497,227.684
001267:1092.29,45.716,169.771,1091.84,41.4508,171.917,1096.35,46.21,172.341,1092.75,33.1779,165.734,1110.15,44.6728,168.222,1084.88,31.4425,147.783,1132.5,47.1932,153.13,1064.54,35.7038,128.981,1147,67.2512,152.328,1068.74,49.2794,119.727,1115.63,88.3664,169.755,1091.78,36.2807,97.3501,1121.76,47.1445,98.2931,1070.85,35.608,59.7119,1113.09,47.4311,58.2932,1089.81,20.1119,21.8229,1140.74,35.8824,19.2111,1075.63,74.1745,165.617,1083.78,70.6663,158.639,1092.08,64.5009,159.097,1080.53,68.5732,165.62,1089.43,145.724,224.922
001268:1094.5,46.1006,169.686,1093.22,41.6629,171.906,1098.71,46.5429,172.4,1093.57,33.5083,166.055,1113.13,44.9792,168.461,1084.85,31.3212,148.436,1134.9,47.4471,152.976,1070.24,35.9691,129.873,1139.68,65.6222,151.346,1083.94,50.3307,121.507,1119.35,89.513,169.759,1091.4,36.2447,98.0337,1123.96,47.5473,98.753,1071.8,35.9524,59.9952,1113.71,48.1584,58.6116,1092.33,20.4714,21.4945,1135.95,35.9998,20.1806,1164.79,96.213,180.183,1178.11,93.3524,180.258,1222.16,96.277,182.876,1204.92,99.638,182.143,1090.27,144.954,222.545
001269:1095.32,45.578,169.833,1093.74,41.2228,171.795,1098.68,46.3142,172.928,1095.49,33.2803,167.003,1115.11,45.3149,169.242,1087.46,30.8595,149.081,1131.81,49.0697,153.1,1078.05,34.7602,130.972,1137.03,67.2494,150.829,1094.23,49.9281,124.745,1122.78,91.4618,168.111,1093.41,35.6123,98.7501,1120.38,48.3918,99.1683,1078.98,34.7004,59.9146,1112.15,48.4872,58.7024,1097.98,20.6189,20.6963,1130.61,37.3183,20.231,1138.46,105.573,183.372,1152.5,103.638,188.123,1180.87,111.887,191.385,1168.03,113.841,186.032,1094.33,144.832,220.716
001270:1094.08,45.3629,169.439,1093.5,40.9926,171.431,1096.39,45.8452,172.971,1097.25,33.1613,167.461,1109.93,44.6384,169.495,1086.77,30.2362,149.371,1125.45,48.3528,152.838,1064.5,33.8752,131.958,1131.59,65.0937,149.891,1057.94,47.8665,127.028,1122.15,91.2359,165.122,1092.83,35.469,98.8305,1115.5,48.3105,99.3655,1079.63,34.6849,59.697,1112.68,49.541,58.7707,1096.27,20.2997,19.5286,1132.71,38.7976,19.8774,1148.03,115.099,187.577,1165.54,114.653,196.117,1186.2,127.032,199.553,1168.56,127.383,190.225,1091.3,144.166,218.165
001271:1096.33,45.4128,168.618,1095.74,40.9401,170.7,1099.26,45.7559,172.281,1097.3,33.0909,167.165,1112.49,44.4462,169.047,1085.11,30.0067,149.546,1130.04,47.9582,152.491,1061.1,34.3063,132.461,1140.28,63.6489,148.427,1059.6,49.4083,128.948,1124.47,91.1812,163.364,1094.5,35.5808,98.7258,1120.61,48.5578,99.1614,1082.82,34.9298,59.3943,1115.22,50.1862,58.6453,1098.6,20.9027,18.9778,1130.31,39.9267,20.2618,1140.37,121.279,190.623,1154.16,121.671,202.449,1162.77,136.848,205.747,1148.83,136.467,193.164,1095.48,144.038,215.905
001272:1098.53,45.9195,168.365,1098.38,41.2579,170.4,1099.29,46.2873,172.029,1098.33,33.2562,166.726,1106.51,45.2809,168.56,1092.07,30.0286,148.954,1115.57,49.0264,152.197,1083.32,34.7511,130.899,1125.01,64.5544,148.759,1084.9,51.8435,127.028,1118.95,92.848,164.836,1097.75,35.7322,97.9269,1113.12,49.5177,98.8045,1086.87,34.4845,58.4486,1112.7,50.7924,58.0482,1093.77,21.3628,18.9983,1128.57,40.7074,19.901,1125.86,126.704,192.898,1132.53,127.652,206.261,1132.3,144.279,208.854,1125.63,143.549,194.928,1092.44,143.373,213.361
001273:1098.21,46.1904,168.08,1098.52,41.4977,170.077,1099.78,46.5279,171.801,1100.52,33.5149,166.388,1109.6,45.5615,168.358,1096.48,30.4906,148.507,1121.23,49.3682,152.112,1085.86,35.7818,129.578,1130.83,64.7654,148.564,1083.23,53.3043,124.942,1118.65,93.6433,164.71,1102.67,36.4725,97.5035,1118.55,50.3699,98.5508,1090.09,35.2992,57.9426,1115.68,51.9341,57.725,1095.12,22.0128,18.5978,1131.84,41.9009,19.5914,1113.87,129.883,193.123,1119.59,131.377,207.275,1117.54,149.056,209.522,1111.72,147.822,194.852,1100.54,143.138,211.625
001274:1098,46.248,167.754,1098.59,41.5455,169.723,1100.24,46.6087,171.509,1100.46,33.5382,165.912,1112.11,45.6986,168.003,1094.39,30.7377,147.887,1126.03,49.5344,151.7,1080.44,36.8077,128.621,1136.61,64.9677,147.956,1078.39,55.3913,123.927,1116.92,93.7417,163.916,1100.21,36.6882,96.9351,1119.58,50.7211,97.952,1088.81,35.4428,57.5405,1116.43,52.7363,57.2728,1097.55,21.9653,18.0536,1133.26,42.8565,19.1958,1103.62,130.724,190.795,1106.37,132.612,205.098,1100.3,150.414,206.744,1097.48,148.856,191.984,1094.01,141.833,209.391
001275:1099.39,46.1407,167.237,1100.22,41.4465,169.175,1101.1,46.5002,170.965,1102.81,33.528,165.433,1111.69,45.3818,167.412,1097.66,31.0199,147.694,1125.43,48.7955,151.238,1082.82,37.1499,129.982,1135.86,63.5445,147.638,1075.82,55.2324,127.453,1118.04,92.0906,162.981,1104.67,37.0516,96.395,1121.27,50.6351,97.5401,1093.64,35.5902,57.0096,1118.2,52.977,56.9387,1097.77,21.8436,17.8506,1133.21,43.777,19.0239,1095.74,129.696,187.578,1094.07,132.175,201.303,1085.62,149.432,201.88,1086.79,147.233,187.767,1075.92,140.902,208.756
001276:1100.08,46.0591,166.834,1100.41,41.4048,168.769,1101.02,46.4533,170.551,1101.86,33.5887,165.011,1109.35,45.3815,167.063,1098.39,31.2696,147.317,1120.25,48.8381,151.189,1090.59,37.3987,129.312,1131.18,63.5111,147.806,1089.77,55.0896,125.789,1118.16,91.6116,162.411,1102.77,37.5069,96.195,1116.36,50.9743,97.6182,1094.35,35.9655,56.7239,1117.21,53.8112,56.8151,1100.16,22.0655,17.2927,1133.15,45.3386,18.6557,1090.03,127.91,184.014,1087.36,130.802,196.67,1077.09,146.977,196.437,1079.85,144.391,183.458,1043.53,139.756,211.94
001277:1099.52,46.4953,166.018,1099.5,41.9284,167.91,1102.85,46.8472,169.738,1102.6,34.0885,164.09,1119.69,45.5004,166.365,1095.06,32.2817,146.424,1142.27,48.425,150.652,1071.2,39.991,128.092,1156.95,62.6698,147.323,1073.23,58.2282,123.294,1122.1,89.7439,161.88,1104.29,37.9918,95.3922,1131.54,50.862,96.5474,1087.59,36.597,56.8894,1122.37,54.4503,56.3431,1099.98,22.0337,17.4176,1135.89,46.022,18.4622,1076.01,124.232,179.508,1073.21,127.534,190.801,1063.24,142.483,189.597,1065.71,139.485,178.049,1029.13,139.536,216.79
001278:1100.43,46.2837,165.777,1100.67,41.7298,167.813,1102.91,46.9182,169.421,1102.67,33.882,164.145,1115.65,45.9953,166.165,1095.28,31.325,146.597,1131.07,49.7855,150.502,1078.4,36.009,130.335,1137.27,64.68,147.812,1083.18,53.1406,127.911,1103.49,89.0915,161.087,1100.03,37.9136,95.2612,1121.13,51.8818,96.5702,1089.08,36.1259,56.5923,1118.02,55.4627,56.1995,1100.77,22.1332,16.7009,1133.33,47.7684,17.9388,1062.46,118.869,174.394,1060.82,122.216,183.779,1052.88,135.09,182.09,1054.59,131.896,172.472,1008.92,138.124,221.683
001279:1101.19,46.3227,165,1100.63,41.8907,167.051,1103.88,47.0533,168.606,1102.96,34.303,163.177,1117.98,46.6204,165.461,1097.7,32.2873,145.503,1135.49,50.8714,150.116,1079.94,36.9715,128.361,1143.22,65.7688,147.719,1086.76,53.3493,124.032,1105.59,87.3967,160.475,1104.06,39.1653,94.6597,1126.23,53.2107,96.0244,1090.68,36.8904,56.1074,1119.03,56.6299,55.6803,1101.26,22.2774,16.2215,1130.04,49.0148,17.3771,1061.75,113.074,169.575,1062.89,116.906,176.881,1055.87,127.798,174.282,1054.7,123.994,166.859,991.616,138.047,226.93
001474:108.924,135.469,0.844708
