000202:1012.85,-6.22967,152.541,1013.98,-9.77559,155.098,1014.41,-3.78082,154.763,1017.08,-15.5887,150.03,1019.54,0.575564,150.197,1021.53,-22.5701,130.542,1023.11,7.22389,131.12,1021.33,-32.5601,106.08,1020.91,22.9252,117.798,1021.86,-37.1499,85.235,1009.74,28.7839,125.72,1026.29,-18.7835,82.7191,1023.21,1.34299,80.8972,1032.98,-30.9362,47.6347,1009.42,-3.38411,46.8911,1062.05,-46.4202,12.1628,1008.41,-8.94147,12.6905,991.807,23.4893,171.365,998.211,13.6071,180.583,998.61,18.394,193.914,994.804,28.5816,184.635,0,0,0
000203:1015.14,-5.48367,152.78,1015.83,-9.00124,155.373,1016.38,-3.04032,154.952,1017.36,-14.8051,150.274,1020.05,1.30335,150.331,1020.73,-21.8533,130.824,1022.46,7.72865,131.374,1021.1,-32.1064,106.369,1021.17,23.3695,118.498,1027.3,-37.6408,84.8561,1011.33,29.1075,127.144,1025.75,-18.4134,82.9054,1022.98,1.59699,81.0073,1033.41,-30.8553,47.6427,1010.22,-3.51252,46.7754,1060.69,-46.0859,12.2978,1007.31,-8.88568,12.615,994.939,23.669,172.034,1001.16,13.7538,181.007,1000.78,18.2867,194.256,996.973,28.505,185.237,0,0,0
000204:1015.24,-4.84522,152.742,1015.48,-8.36916,155.34,1016.49,-2.43742,154.883,1015.95,-14.1746,150.233,1019.31,1.84824,150.252,1018.6,-21.1397,130.849,1020.8,8.17922,131.368,1018.87,-31.2848,106.49,1020.68,23.8466,118.716,1026.65,-36.8702,84.9856,1013.79,29.7853,127.657,1023.52,-17.7538,82.795,1021.36,2.0591,80.8638,1032.27,-30.2951,47.4937,1011.01,-3.43189,46.4352,1059,-45.2836,12.3323,1008.37,-8.96005,12.3587,996.977,23.696,172.651,1003.06,13.6516,181.468,1002.25,17.9723,194.771,998.663,28.3473,185.923,0,0,0
000205:1014.47,-4.02978,153.085,1014.66,-7.54313,155.69,1015.63,-1.61578,155.224,1015.27,-13.3734,150.605,1018.39,2.71717,150.592,1018.48,-20.4689,131.255,1019.82,9.0612,131.809,1018.41,-30.455,106.968,1018.78,24.9016,119.724,1023.49,-35.0903,85.8413,1011.4,30.5745,129.539,1024.35,-17.4361,83.1929,1022,2.46186,81.251,1031.63,-29.8729,47.9686,1011.54,-3.27741,46.7901,1056.3,-44.4645,13.0804,1008.92,-9.11371,12.7652,997.416,23.8568,173.216,1003.5,13.7534,181.721,1003.42,17.816,194.975,999.633,28.2742,186.444,0,0,0
000206:1014.38,-3.50696,153.28,1014.39,-7.02939,155.882,1015.54,-1.13025,155.36,1014.76,-12.851,150.66,1018.53,3.16965,150.677,1017.68,-19.8161,131.238,1020.63,9.40012,131.949,1017.37,-29.7885,106.657,1022.59,25.4261,120.358,1023.92,-35.134,84.5877,1016.58,31.404,130.978,1023.9,-16.858,83.0506,1022.04,2.81116,81.1171,1031.06,-29.3488,47.825,1009.51,-3.16714,46.7403,1059.73,-44.0634,12.6655,1007.02,-9.23897,12.8466,999.93,24.0401,174.311,1006.18,13.8402,182.494,1004.87,17.6106,195.705,1001.04,28.1908,187.529,0,0,0
000207:1016.73,-3.14114,153.358,1016.32,-6.62937,155.986,1017.94,-0.726519,155.418,1015.67,-12.3154,150.848,1020.1,3.74411,150.787,1017.16,-19.2654,131.525,1022.27,10.0929,132.063,1016.86,-29.5096,107.259,1026.57,26.4075,120.597,1030.65,-35.5387,85.2009,1023.81,32.3921,131.415,1022.88,-16.5359,83.1502,1022.36,3.14457,81.0689,1031,-29.137,47.855,1011.95,-3.12538,46.4859,1057.44,-43.1843,12.947,1007.59,-8.97955,12.7424,1003.57,24.0491,174.76,1008.18,13.7019,182.72,1005.73,17.2268,196.043,1003.43,27.9504,188.129,0,0,0
000208:1015.73,-2.41608,153.922,1015.83,-5.93348,156.56,1017.57,-0.0331528,155.996,1016.85,-11.615,151.432,1022.17,4.44113,151.416,1018.38,-18.3223,132.123,1025.03,10.8598,132.679,1012.73,-27.551,107.544,1030.63,26.9571,120.718,1016.58,-32.4419,85.8165,1023.05,32.854,130.987,1021.8,-15.4591,83.8174,1021.94,4.04052,81.6922,1028.94,-28.0879,48.3418,1010.65,-2.73472,46.8721,1058.36,-42.2175,13.0428,1006.66,-9.01759,12.8914,1003.52,24.0076,175.198,1009.93,13.5459,183.169,1008.26,16.9469,196.66,1004.31,27.8252,188.749,0,0,0
000209:1014.2,-1.1215,154.344,1014.19,-4.69729,156.992,1015.5,1.1728,156.378,1015.77,-10.7814,151.788,1019.55,5.28002,151.675,1020.6,-17.9176,132.288,1023.01,11.2201,132.979,1016.94,-27.2642,107.609,1027.97,27.2382,121.695,1014.35,-31.5103,85.9978,1023.36,33.1615,133.005,1028.58,-15.1885,83.2997,1026.17,4.36601,81.3638,1034.07,-27.7746,47.8131,1012.73,-2.59572,46.6112,1060.13,-41.4524,12.8813,1008.5,-8.94331,12.8018,1004.36,24.0047,176.025,1010.22,13.4193,183.67,1007.44,16.396,197.007,1003.99,27.4171,189.426,0,0,0
000210:1014.81,-0.684031,154.922,1014.8,-4.2698,157.566,1016.39,1.60677,156.955,1015.95,-10.3042,152.298,1020.81,5.72893,152.183,1018.79,-17.3049,132.782,1023.89,11.7347,133.378,1011,-26.2304,108.017,1031.38,27.8176,121.504,1006.52,-30.3925,86.5785,1026.34,33.9828,132.172,1024.82,-14.3882,84.0921,1024.1,4.97686,82.0528,1030.2,-26.7071,48.487,1011.29,-2.29093,47.1269,1056.39,-40.1738,13.3987,1006.1,-8.92362,13.2149,1005.28,24.0253,176.311,1010.34,13.1504,183.949,1007.8,16.0005,197.667,1005.26,27.3414,190.096,0,0,0
000211:1012.95,0.141983,154.822,1013.47,-3.46429,157.477,1014.69,2.4225,156.894,1016.56,-9.62004,152.399,1020.14,6.47142,152.271,1020.63,-16.7924,133.06,1023.93,12.4211,133.668,1009.66,-25.327,108.549,1028.9,28.3944,122.199,994.065,-27.7059,88.2842,1023.78,34.4964,133.3,1027.23,-14.1867,84.1289,1025.04,5.22911,82.2195,1032.4,-26.1535,48.3192,1011.93,-2.02991,47.1085,1056.85,-39.3377,13.2145,1007.72,-8.97562,13.1479,1005.97,24.0821,176.597,1012.19,13.1202,184.027,1011.03,15.7377,197.773,1006.78,27.1944,190.378,0,0,0
000212:1014.38,0.472143,155.42,1014.22,-3.09436,158.092,1015.76,2.78238,157.455,1015.37,-9.06384,152.905,1019.23,7.02655,152.8,1018.88,-16.0857,133.517,1021.46,13.1064,134.328,1014.91,-25.1982,108.373,1025.15,29.2038,123.251,1018.42,-29.8394,85.9422,1021.01,35.0764,134.75,1024.37,-13.311,84.6103,1022.22,5.98648,82.7342,1032.52,-25.3797,48.4027,1011.67,-1.684,47.2153,1056.64,-38.2641,13.1646,1005.4,-8.67192,13.1945,1008.17,24.1343,177.375,1014.16,13.1503,184.339,1013.67,15.3589,198.044,1009.91,26.8571,191.15,0,0,0
000213:1013.33,1.111,156.011,1013.58,-2.45237,158.713,1015.08,3.42534,158.041,1016.32,-8.44506,153.563,1020.12,7.70355,153.382,1020.88,-15.5585,134.098,1023.84,13.7678,134.719,1015.19,-24.6078,109.034,1028.49,29.8158,123.134,1015.12,-29.1217,87.1552,1023.74,35.5807,134.046,1025.24,-12.8014,84.9016,1023.48,6.47016,82.9353,1030.98,-24.6191,48.7369,1012.5,-1.52605,47.3407,1054.15,-36.7547,13.58,1008.1,-8.45638,13.0781,1008.45,23.9248,177.281,1013.85,12.7371,184.244,1013.95,14.7946,198.276,1010.67,26.5089,191.388,0,0,0
000214:1014.37,1.98988,156.267,1015.66,-1.65925,158.903,1014.58,4.5151,158.515,1019.54,-7.8286,153.845,1020.46,8.63898,153.749,1019.92,-14.5172,134.412,1024.06,14.4782,135.714,1014.4,-23.8467,109.65,1029.48,29.999,123.744,994.287,-25.3927,91.6827,1015.94,36.1349,134.69,1021.63,-11.6337,85.9114,1019.61,7.52449,84.0787,1025.32,-22.8897,50.2007,1005.94,-0.194979,48.2297,1047.89,-34.9659,14.459,1008.49,-8.21552,13.4075,1011.61,23.6346,176.74,1015.23,12.5836,183.789,1014.61,14.8885,198.178,1009.65,26.8255,190.705,0,0,0
000215:1016.84,2.56211,157.243,1018.15,-1.12658,159.864,1016.76,5.02985,159.532,1021.3,-7.25269,154.918,1021.85,9.1327,154.906,1020.73,-13.6881,135.592,1024.64,15.1755,136.971,1014.43,-22.4129,110.768,1030.01,30.6854,124.966,995.982,-23.2423,93.1503,1016.17,37.0383,135.498,1022.33,-10.5082,87.0851,1020.19,8.39219,85.3366,1026.57,-21.3823,51.0413,1006.06,0.275647,49.2014,1049.17,-33.3946,14.9999,1006.29,-8.40648,14.4172,1014.55,23.3301,177.096,1018.87,11.9987,183.819,1018.22,13.8865,198.422,1012.38,26.1436,191.255,0,0,0
000216:1019.25,3.10801,157.482,1020.3,-0.574239,160.131,1019.19,5.60936,159.785,1022.79,-6.69087,155.214,1023.84,9.7346,155.16,1021.34,-13.1745,135.909,1026.6,15.7193,137.159,1016.16,-21.8283,111.054,1030.58,31.1617,124.909,1000.53,-22.496,93.5175,1017.97,37.3953,135.2,1022.79,-10.1853,87.0894,1021.96,8.7137,85.2791,1026.93,-20.777,50.8159,1010.24,0.622157,48.7131,1046.27,-32.2039,14.867,1009.57,-7.6938,13.8154,1016.64,23.2897,176.95,1020.75,11.7983,183.586,1020.47,13.4869,198.381,1014.76,25.8966,191.302,0,0,0
000217:1018.79,4.00122,158.071,1019.56,0.279295,160.687,1018.38,6.48747,160.359,1020.83,-5.86575,155.602,1021.67,10.5824,155.625,1017.44,-12.1833,136.078,1024.54,16.597,137.652,1009.79,-20.6549,110.987,1028.76,32.2718,126.172,1000.13,-21.6646,92.6353,1018.62,38.2327,137.522,1020.82,-8.98169,87.0988,1020.56,9.83237,85.3876,1028.11,-19.6349,50.7679,1010.61,1.39191,48.7493,1043.4,-30.6784,15.3741,1005.31,-7.3609,14.5151,1018.43,23.1816,177.431,1021.64,11.6255,183.551,1023.09,12.7912,198.245,1017.95,25.3372,191.696,0,0,0
000218:1019.39,4.65736,158.519,1020.22,0.87613,161.121,1019.01,7.0846,160.855,1021.95,-5.44508,156.215,1022.57,10.9973,156.226,1020.14,-12.0002,136.831,1025.68,17.0488,138.254,1013.56,-20.1624,112.044,1030.06,32.6969,126.484,999.964,-19.4812,95.233,1019.27,38.7314,137.491,1024.86,-8.58156,87.7131,1023.9,10.2636,86.1211,1030.47,-18.3793,51.0952,1012,1.92129,49.3362,1045.23,-29.0983,15.2807,1006.07,-7.26653,14.946,1019.07,23.0452,177.229,1021.95,11.1955,183.299,1022.21,12.1606,198.218,1017.8,24.9598,191.696,0,0,0
000219:1018.5,5.37102,158.987,1019.57,1.56385,161.592,1018.27,7.76086,161.331,1022.14,-4.79922,156.668,1022.59,11.6078,156.723,1021.07,-11.224,137.243,1026.19,17.5896,138.808,1013.78,-18.7933,112.085,1031.4,33.0374,127.036,995.136,-17.4586,95.1894,1022.06,38.9901,138.026,1025.69,-7.76116,87.9994,1024.62,10.9167,86.5151,1029.81,-17.3164,51.4496,1012.14,2.45405,49.7049,1045.89,-27.7157,15.574,1009.08,-6.91319,15.1069,1020.39,23.1273,177.313,1022.84,11.256,183.156,1023.14,11.9731,198.042,1019.14,24.8398,191.771,0,0,0
000220:1019.53,6.07498,159.731,1020.82,2.26252,162.398,1019.48,8.49803,162.085,1023.72,-4.13252,157.551,1024.19,12.3596,157.539,1021.46,-10.6945,137.964,1028.21,18.2965,139.473,1010.89,-18.2721,112.819,1033.51,33.8313,127.873,989.988,-16.6454,95.8555,1021.69,39.3107,139.316,1025.65,-7.51332,87.9804,1025.12,11.2335,86.5478,1030.24,-16.7122,51.3904,1012.04,2.88645,49.7383,1048.33,-26.3619,15.3414,1007.93,-6.3568,15.4693,1021,22.948,177.336,1023.72,10.9878,182.872,1024.91,11.3389,197.756,1020.4,24.2915,191.825,0,0,0
000221:1018.64,7.11857,160.305,1019.79,3.27788,162.965,1018.04,9.54133,162.688,1022.21,-3.23515,158.132,1021.3,13.2626,158.134,1019.78,-9.95767,138.585,1025.19,19.1279,140.133,1013.36,-17.6352,113.206,1027.79,34.5054,128.368,1003.15,-15.944,95.9804,1018.55,39.9325,139.438,1025.3,-6.55098,88.6553,1023.81,12.1837,87.3634,1034.73,-15.2719,51.4368,1014.78,3.79557,50.0587,1049.79,-24.6749,15.2023,1009.29,-5.69349,15.6543,1023.71,22.9249,177.383,1026.69,10.8174,182.781,1029.28,10.8898,197.841,1024.16,23.9899,191.984,0,0,0
000222:1017.72,8.06388,160.952,1018.74,4.21205,163.598,1017.07,10.436,163.302,1021.26,-2.35327,158.642,1021.07,13.9451,158.672,1018.6,-9.00182,138.947,1025.97,19.5498,140.572,1010.68,-16.7834,113.216,1030.85,34.6817,128.691,996.736,-15.9101,95.0125,1021.16,40.2933,139.524,1024.94,-5.37564,88.8147,1024.4,12.9416,87.6206,1032.01,-13.6074,52.0229,1013.18,4.51103,50.683,1049.64,-23.2149,15.92,1007.68,-5.74416,16.7977,1024.49,22.7707,177.174,1027.08,10.4196,182.135,1028.93,10.0167,197.279,1024.16,23.4241,191.875,0,0,0
000223:1018.77,8.46786,161.236,1020.01,4.62391,163.898,1018.32,10.8314,163.598,1023.25,-1.86965,159.041,1023.05,14.4305,159.087,1020.99,-8.47873,139.364,1028.22,20.2294,140.988,1010.93,-16.0784,114.029,1033.38,35.5956,129.419,989.098,-14.5125,96.9542,1023.83,40.9694,140.591,1027.23,-4.83473,88.9085,1026.34,13.4682,87.774,1032.86,-12.6561,52.1524,1012.74,4.99703,50.9727,1052.37,-21.5311,15.9004,1007.24,-5.2354,17.2213,1024.78,22.7165,176.962,1028.24,10.3726,181.688,1029.98,9.74661,196.753,1024.53,23.1334,191.598,0,0,0
000224:1019.65,8.99875,162.005,1021.08,5.19064,164.66,1019.53,11.4238,164.363,1024.81,-1.13118,159.796,1024.94,15.2341,159.874,1022.51,-7.72385,140.12,1030.05,21.3068,141.783,1013.77,-15.5257,114.738,1033.77,36.7834,130.171,995.67,-14.3809,97.4207,1021.32,41.6585,141.233,1026.77,-3.97605,89.784,1026.72,14.3695,88.6598,1032.69,-11.2756,52.946,1014.66,5.96914,51.6882,1049.77,-19.5951,16.8307,1009.73,-4.40552,17.8273,1027.54,22.6989,176.905,1031.58,10.2019,181.343,1035.57,9.28603,196.614,1029.43,22.8196,191.735,0,0,0
000225:1019.07,9.88646,162.023,1019.63,6.19752,164.583,1020.15,12.2089,164.556,1025,-0.354884,160.197,1027.22,15.883,160.405,1022.54,-7.21651,140.604,1030.23,22.267,142.247,1011.29,-14.8219,116.244,1029.42,38.26,130.915,991.925,-12.6439,100.106,1024.28,41.7764,140.974,1023.71,-3.52007,90.8213,1024.94,14.8202,89.3831,1026.84,-9.98939,53.8342,1013.02,6.32245,52.3837,1048.61,-17.5796,17.3071,1001.6,-2.99734,18.6336,1030.52,22.2142,176.629,1032.34,9.93721,180.901,1033.69,9.15846,195.441,1030.75,22.2944,191.139,0,0,0
000226:1021.35,10.8997,162.698,1021.73,7.18123,165.241,1022.16,13.1833,165.209,1026.31,0.474418,160.755,1028.21,16.5937,160.921,1022.92,-6.5241,141.14,1030.67,22.6618,142.679,1010.57,-14.0711,116.95,1028.38,38.512,131.259,990.209,-11.6362,101.176,1024.03,42.246,141.321,1026.64,-2.85218,91.1432,1027.62,15.328,89.8126,1031.78,-8.80357,53.9226,1017.24,7.06997,52.681,1050.4,-16.0879,17.5547,1003.44,-2.20844,19.2043,1033.12,22.3264,176.628,1035.46,9.75185,180.665,1038.08,8.60562,195.425,1034.5,22.031,191.299,0,0,0
000227:1020.65,11.3767,163.075,1021.23,7.68884,165.508,1022.42,13.7343,165.806,1025.55,1.01002,161.295,1027.2,16.926,161.637,1022.25,-5.85106,141.641,1031.39,23.0959,143.353,1008.47,-13.3057,117.766,1032.51,39.5547,131.669,990.983,-10.5728,101.635,1022.16,42.9518,140.53,1025.98,-2.13641,91.6224,1026.99,15.7445,90.3198,1031.67,-7.54141,54.1846,1017.78,7.7752,53.1297,1048.72,-14.0957,18.0937,1012.55,-0.0324258,18.5427,1029.79,22.3422,176.103,1036.9,10.1728,179.862,1041.48,8.77435,193.956,1033.6,21.8471,190.289,0,0,0
000228:1018.03,12.0881,163.029,1018.86,8.40957,165.427,1020.1,14.4037,165.748,1024.44,1.79747,161.188,1026.08,17.6117,161.576,1022.03,-4.8672,141.545,1031.83,23.8588,143.403,1007.11,-11.9399,117.623,1034.74,40.4846,131.844,989.064,-8.95876,101.713,1024.59,43.6959,140.998,1025.71,-0.935538,91.8307,1026.96,16.757,90.6046,1031.57,-6.07469,54.6049,1017.38,8.68639,53.6504,1050.74,-12.0504,18.5403,1011.13,0.931234,19.3,1032.97,22.4248,176.054,1039.3,10.0807,179.595,1045.03,8.37465,193.84,1037.9,21.6375,190.409,0,0,0
000229:1019.06,12.7243,163.741,1020.23,9.042,166.173,1021.22,15.1013,166.469,1026.08,2.48801,161.995,1026.75,18.4073,162.327,1023.06,-4.21427,142.454,1031.95,24.6594,144.161,1005.09,-10.8109,118.662,1033.06,41.0927,132.361,982.252,-6.78962,103.507,1023.97,43.757,141.447,1027.42,-0.620436,92.565,1027.67,17.1742,91.4123,1035.5,-5.42208,54.9387,1019.63,9.23432,54.1527,1047.95,-10.5062,19.1703,1009.48,1.8681,19.9243,1033.08,22.4887,175.949,1040,10.084,179.318,1046.86,8.12372,193.639,1039.04,21.4257,190.406,0,0,0
000230:1019.57,13.6904,164.077,1020.57,9.99423,166.524,1021.51,15.9936,166.774,1026.12,3.27152,162.412,1027.48,18.9732,162.649,1021.87,-3.51524,142.829,1034.27,24.8166,144.45,1002.26,-10.0814,119.117,1035.38,41.4313,132.835,977.886,-6.09829,103.803,1025.18,44.559,142.148,1029,-0.178208,92.4347,1030.72,17.3917,91.2779,1035.01,-4.79532,55.1754,1019.87,9.76074,54.4036,1047.02,-9.39824,19.7565,1009.27,2.96089,20.5725,1032.28,22.8323,175.51,1039.25,10.2324,178.408,1046,7.69356,192.697,1038.01,21.1819,189.928,0,0,0
000231:1024.27,14.4518,164.356,1025.12,10.7601,166.831,1025.34,16.8269,167.044,1029.06,4.12187,162.656,1028.59,19.9535,162.857,1024.85,-2.85488,143.086,1031.62,25.8639,144.731,1007.66,-9.97707,119.193,1029.08,42.2165,132.965,984.177,-6.60326,103.653,1024.48,44.6945,142.068,1030.85,0.71024,93.0451,1030.14,18.4006,92.018,1038.15,-3.54509,55.4675,1023.13,10.7329,54.7517,1043.05,-7.65234,20.2937,1011.48,4.10387,20.6621,1034.77,22.8379,175.332,1041.11,10.2925,178.2,1047.67,7.68298,192.538,1040.45,21.0629,189.794,0,0,0
000232:1023.42,15.2403,164.262,1023.92,11.6024,166.751,1024.98,17.5894,166.927,1028.3,5.07015,162.618,1029.92,20.676,162.799,1024.56,-1.80324,143.131,1034.9,26.4265,144.766,1009.75,-8.95046,119.128,1035.63,42.8598,133.002,990.848,-6.1921,102.995,1028.53,45.4105,142.289,1028.87,1.63905,93.1106,1030.57,18.9636,92.0267,1031.91,-2.29162,56.0395,1021.07,11.3543,55.0902,1040.3,-5.65326,20.9867,1012.12,5.30253,21.02,1034.69,23.0708,175.177,1042.08,10.4501,177.712,1046.3,7.53901,191.972,1038.32,20.9731,189.57,0,0,0
000233:1025.34,15.8921,164.428,1025.75,12.2559,166.965,1026.4,18.2996,167.109,1029.86,5.7405,162.911,1030.23,21.4584,163.006,1026.84,-1.41055,143.496,1034.47,27.2735,145.012,1013.05,-8.75071,119.477,1036.25,43.8295,132.895,994.678,-5.5594,103.747,1032.63,46.1726,141.977,1030.83,1.92066,93.6209,1031.12,19.4604,92.6329,1033.11,-1.44918,56.3669,1022.96,12.1084,55.4753,1039.57,-3.94265,21.078,1014.23,6.61475,21.0242,1034.57,23.366,174.745,1042.28,10.5652,177.218,1043.49,7.54605,191.677,1035.3,21.0907,189.328,0,0,0
000234:1026.67,16.6351,164.236,1027.08,12.9781,166.761,1027.34,19.0236,166.893,1029.96,6.44662,162.565,1029.42,22.0826,162.672,1024.74,-0.541173,143.095,1032.43,27.6599,144.632,1009.9,-7.70504,119.061,1032.73,44.0894,132.65,996.712,-4.69163,102.949,1029.71,46.5598,141.96,1029.18,2.68324,92.8765,1029.28,19.9868,91.948,1035.62,-0.655108,55.5223,1023.33,12.7875,54.8005,1044.06,-3.06995,20.2407,1013.62,7.57671,20.8398,1036.69,23.1726,174.645,1042.64,10.3377,176.813,1045.61,6.97577,191.229,1038.83,20.6088,189.188,0,0,0
000235:1027.56,17.3177,164.239,1028.22,13.7148,166.775,1028.91,19.6475,166.919,1032.73,7.25766,162.721,1033.07,22.6706,162.856,1027.78,0.309989,143.418,1036.8,28.2553,144.955,1009.99,-6.9621,119.38,1039.02,44.6129,132.571,988.339,-4.59292,103.502,1034.69,47.3197,141.249,1030.07,3.74893,93.6797,1030.89,20.8411,92.8011,1033.44,0.804034,56.2939,1022.76,14.042,55.6035,1043.5,-2.14176,20.4703,1014.95,8.77702,21.0412,1037.18,23.4406,174.202,1043.62,10.2912,176.199,1047.18,6.74301,190.929,1040.08,20.6407,188.985,0,0,0
000236:1028.91,18.1086,164.45,1029.23,14.476,167.003,1029.87,20.461,167.108,1032.86,7.9328,162.861,1033.18,23.447,162.928,1028.53,0.861001,143.339,1036.31,28.9151,144.765,1014.44,-6.48444,119.287,1037.71,45.3371,132.328,996.523,-3.60476,103.585,1034.7,47.8719,141.26,1032.33,4.11995,93.0217,1032.08,21.3896,92.1856,1035.25,1.20778,55.6758,1021.08,14.7879,55.235,1043.54,-1.29027,20.0205,1011.07,9.83154,21.0544,1036.77,23.9448,173.497,1044,10.6835,175.426,1047.22,6.95756,190.244,1039.66,20.9903,188.37,0,0,0
000237:1026.06,19.0019,164.349,1026.45,15.3282,166.909,1027.59,21.2568,167.017,1030.86,8.59022,162.835,1032.6,23.9975,162.888,1026.31,1.48174,143.308,1037.27,29.365,144.699,1012.39,-5.77336,119.131,1040.41,45.8195,131.758,997.591,-2.86769,103.237,1032.92,48.706,140.111,1028.02,5.22053,92.9124,1030.7,22.355,92.0413,1028.07,2.46754,55.9398,1021.34,15.7842,55.0561,1041.01,-0.0191834,20.0987,1016.74,10.8257,20.4772,1036.87,24.3063,172.922,1042.83,10.8485,174.752,1046.58,6.90188,189.744,1040.25,21.159,187.924,0,0,0
000238:1031.07,19.7365,164.046,1031.3,16.0572,166.611,1031.66,22.0024,166.704,1033.65,9.33002,162.459,1033.8,24.6894,162.544,1027.25,2.24894,142.967,1035.89,29.815,144.522,1012.18,-5.14101,118.563,1037.24,46.166,132.138,998.069,-2.63505,101.831,1034.56,49.4255,141.084,1029.84,5.65183,92.302,1030.97,22.6612,91.6828,1031.28,3.37904,55.1708,1021.82,16.8373,54.6361,1038.24,1.06857,19.6766,1014.02,12.3636,20.5653,1038.93,24.6782,172.785,1044.84,11.3225,174.2,1047.55,7.12915,188.882,1040.87,21.2421,187.481,0,0,0
000239:1027.78,20.8014,163.4,1028.36,17.1152,165.974,1029.33,22.9534,166.048,1033.21,10.1508,161.977,1035.2,25.2929,161.99,1027.92,2.89133,142.692,1040.6,30.0864,144.183,1010.84,-4.61523,118.816,1043.87,46.5981,132.194,986.842,-2.03206,103.077,1034.95,50.2235,141.509,1031.14,6.24782,92.0288,1033.99,23.2093,91.4096,1028.95,3.84469,55.1607,1019.65,17.9969,54.7143,1043.6,1.04998,18.9419,1015.4,14.2039,20.2657,1038.64,25.1516,172.498,1044.76,11.7391,173.452,1048.41,7.03682,187.953,1041.59,21.1951,186.976,0,0,0
000240:1028.28,21.4817,163.308,1028.48,17.8368,165.916,1030.26,23.7166,165.954,1032.75,11.0753,161.868,1035.97,26.2696,161.879,1027.07,3.87576,142.5,1041.03,31.1255,144.042,1012.93,-3.81313,118.487,1046,47.6598,132.221,999.148,-1.73914,102.127,1038.18,50.7385,141.976,1028.18,6.99717,91.6679,1031.71,23.9918,91.0063,1027.55,4.45741,54.5673,1016.8,18.8422,54.162,1044.56,2.01575,17.9571,1012.18,15.7331,19.6494,1040.71,25.5937,171.794,1046.19,12.3205,172.558,1049.84,7.48332,186.913,1043.97,21.4784,186.155,0,0,0
000241:1029.35,22.1776,163.214,1029.52,18.5002,165.848,1031.39,24.4146,165.889,1033.16,11.6796,161.868,1036.49,27.0086,161.89,1026.5,4.47688,142.61,1040.87,31.9276,144.189,1011.14,-2.79209,118.555,1044.83,48.4534,132.442,999.136,0.12235,102.247,1036.25,51.2429,142.273,1027.88,7.5063,91.7591,1031.54,24.7488,91.1343,1028.91,4.74721,54.4809,1017.91,19.9204,54.1056,1045.3,2.23734,17.6984,1011.69,17.2393,19.5161,1042.91,26.1798,171.171,1048.51,13.0246,171.602,1052.95,7.83861,185.732,1047.05,21.7165,185.326,0,0,0
000242:1029.56,22.4371,162.802,1029.75,18.8377,165.448,1031.06,24.7771,165.485,1032.86,12.3824,161.556,1034.96,27.7265,161.573,1026.67,5.25759,142.477,1038.18,33.0337,143.977,1012.82,-2.40483,119.02,1040.55,49.6349,132.22,1000.52,0.0753755,103.806,1035.44,51.912,141.685,1028.89,8.28594,92.1488,1030.81,25.7243,91.5271,1033.69,5.41367,54.5618,1020.2,21.1398,54.3066,1047.47,2.8389,17.6418,1013.88,18.9967,19.356,1044.77,26.6576,170.381,1051.77,13.3619,170.98,1056.58,8.22332,185.45,1049.27,22.1778,184.843,0,0,0
000243:1028.52,23.5321,162.633,1029.15,19.8769,165.278,1030.3,25.7646,165.343,1034,13.0334,161.35,1036.15,28.2737,161.408,1028.1,5.75922,142.231,1041.02,33.1795,143.798,1016.14,-1.76555,118.513,1044.14,49.6365,132.036,1005.44,1.25472,103.001,1036.9,52.5264,141.538,1027.19,8.95382,91.6766,1029.93,26.3381,91.2461,1030.48,6.42361,54.2729,1019,22.8119,54.1588,1048.58,3.09353,16.9162,1018.25,20.9279,18.9062,1048.93,27.0841,169.904,1055.48,13.7325,170.086,1060.15,8.2276,184.375,1052.7,22.2689,184.108,0,0,0
000244:1028.87,24.2034,162.474,1029.75,20.5717,165.136,1030.76,26.473,165.146,1035.61,13.7888,161.088,1037.1,29.0852,161.094,1030.39,6.50085,141.824,1042.58,33.9433,143.327,1014.62,-1.18914,118.204,1046.54,50.6141,131.442,997.997,1.19527,102.701,1040.27,53.6738,140.891,1030.58,9.43944,90.914,1032.3,26.9937,90.4645,1030.83,6.5688,53.714,1017.74,23.7062,53.6426,1046.56,3.30159,16.6258,1013.94,22.7094,18.7636,1052.16,27.7656,169.251,1058.1,14.2575,169.396,1063.96,8.63575,183.885,1057.14,22.8239,183.652,0,0,0
000245:1028.81,25.192,162.412,1029.75,21.557,165.101,1030.39,27.4942,165.083,1035.57,14.8015,161.133,1035.9,30.2307,161.142,1031.44,7.39341,141.962,1040.58,35.1808,143.6,1015.7,-0.55021,118.049,1044.58,51.6804,131.802,997.036,1.33118,101.783,1042.42,54.3425,141.003,1032.24,10.3829,91.0499,1032.22,28.1966,90.7265,1033.96,7.24986,53.6477,1018.92,25.0858,53.7157,1047.25,3.79665,16.5625,1013.34,24.4208,18.8566,1053.5,27.7953,168.653,1057.38,14.5049,168.546,1064.66,8.6814,182.772,1060.16,22.5996,182.835,0,0,0
000246:1029.35,25.7646,161.883,1029.71,22.1506,164.598,1030.96,28.1113,164.568,1033.87,15.5099,160.651,1035.88,30.956,160.626,1029,8.1269,141.471,1040.2,35.9487,142.969,1015.07,0.0605263,118.107,1045,52.7004,131.32,999.65,2.19437,102.923,1043.51,55.1773,140.739,1030.16,10.8932,90.4554,1031.52,28.8385,90.0211,1031.53,7.62283,53.0962,1018.43,26.092,53.0031,1048.27,4.35906,15.5804,1015.32,26.3843,17.7934,1053.49,28.5408,167.861,1058.84,15.1554,167.789,1063.7,9.24942,182.128,1057.86,23.2329,182.15,0,0,0
000247:1028.55,26.6414,161.629,1028.89,22.9661,164.343,1029.89,28.9592,164.337,1033.03,16.1179,160.381,1034.42,31.6861,160.397,1029.02,8.62237,141.189,1039.39,36.6568,142.775,1016.51,0.811977,117.598,1045.76,53.3818,130.999,1002.24,3.74129,102.369,1044.99,55.829,140.332,1032.33,11.5473,89.9184,1033.14,29.8259,89.6553,1032.74,8.33413,52.5529,1019.25,27.8339,52.6527,1049.39,4.73995,14.8315,1016.71,28.5723,17.383,1057.02,28.7991,167.127,1062.99,15.2989,166.819,1068,9.07641,181.175,1061.45,23.1746,181.4,0,0,0
000248:1031.43,27.3265,161.588,1031.58,23.6648,164.318,1032.53,29.668,164.297,1033.79,16.7995,160.279,1034.9,32.3878,160.303,1026.83,9.21459,140.963,1037.85,37.251,142.625,1012.39,0.946279,117.316,1043.55,53.9729,131.063,999.186,3.07308,101.398,1043.69,56.552,140.414,1030.95,12.0301,89.6176,1032.29,30.4366,89.4258,1033.17,8.81051,52.2725,1019.24,29.179,52.5154,1052.16,4.74891,14.2513,1018.67,30.3317,17.1806,1056.22,29.4623,166.142,1060.43,16.0225,165.69,1066.44,9.75859,179.93,1061.48,23.7702,180.291,0,0,0
000249:1032.33,28.3215,161.384,1032.58,24.5786,164.111,1033.54,30.6162,164.143,1035.76,17.4068,160.105,1036.77,33.1227,160.226,1030.94,9.61759,140.778,1040.54,37.8609,142.599,1021.2,1.57731,116.804,1046.74,54.415,131.421,1013.45,5.21177,100.722,1045.6,56.9784,141.405,1033.71,12.523,88.9402,1034.23,31.2207,89.0437,1034.01,9.62872,51.5961,1018.72,31.046,52.225,1054.32,4.89698,13.2015,1019.1,32.1687,17.0067,1058.75,30.081,166.025,1062.96,16.8522,165.239,1067.09,10.4117,179,1062.22,24.2065,179.673,0,0,0
000250:1032.67,29.2739,161.155,1033.11,25.5352,163.887,1033.73,31.5949,163.876,1035.93,18.2882,159.728,1035.66,34.0368,159.79,1029.89,10.4122,140.258,1038.08,38.5841,141.975,1014.15,1.87645,117.075,1045.3,55.2427,131.079,996.855,4.79574,101.985,1048.59,57.9547,141.187,1033.82,13.3226,87.9942,1033.07,32.1729,88.1342,1035.34,9.97359,50.7953,1019.37,32.5177,51.4708,1053.59,4.90437,12.7793,1021.46,34.4308,16.3842,1062.49,30.595,164.983,1066.95,17.3706,164.114,1071.46,10.7281,177.84,1065.91,24.5299,178.586,0,0,0
000251:1032.78,30.0104,160.422,1032.92,26.24,163.154,1033.98,32.2549,163.171,1035.17,18.8099,159.131,1035.9,34.4975,159.252,1029.64,10.8616,139.869,1037.99,38.9142,141.714,1018.63,2.60067,116.279,1044.61,55.421,130.862,1009.13,6.09401,100.391,1046.98,58.5432,140.698,1032.66,13.8624,87.7589,1032.66,32.7826,88.0385,1033.47,10.5557,50.7496,1018.97,33.8607,51.5116,1054.27,5.0001,12.5516,1022.95,36.0767,16.4036,1066.85,31.2582,164.544,1072.74,18.0933,163.478,1078.07,11.2961,177.007,1071.21,25.0382,177.917,0,0,0
000252:1031.53,30.7341,160.392,1031.76,27.0029,163.133,1033.41,33.0197,163.156,1035.29,19.5645,159.091,1037.11,35.2499,159.208,1030.1,11.5216,139.786,1042.21,39.5899,141.454,1015.64,2.93277,116.865,1051.92,56.0397,130.636,1002.31,6.38682,101.949,1052,58.8505,140.616,1034.01,14.4079,87.2951,1035.53,33.5311,87.5313,1033.89,10.992,50.3499,1021.16,35.4758,51.0669,1054.24,4.70838,12.1086,1022.56,38.0877,16.2288,1069.22,32.1262,163.345,1075.23,19.0187,162.123,1079.58,12.1049,175.533,1072.31,25.799,176.578,0,0,0
000253:1027.87,31.647,160.055,1028.52,27.9458,162.798,1030.54,33.9912,162.805,1034,20.5718,158.727,1036.64,36.3733,158.866,1030.42,12.3495,139.411,1043.25,40.7737,141.176,1018.71,3.51797,116.411,1051.21,57.6606,130.973,1008.26,7.187,101.057,1044.89,60.2426,141.719,1031.97,14.7924,87.0411,1033.79,34.2797,87.3302,1033.72,11.1584,50.1056,1018.54,37.1048,51.0729,1056.26,4.50168,11.5336,1019.61,40.4759,16.3974,1063.51,33.3344,163.086,1068.38,20.4542,161.509,1075.02,13.3464,174.549,1069.03,26.7802,175.98,928.672,109.251,272.05
000254:1029.38,32.5678,159.856,1029.94,28.9141,162.617,1031.8,34.9538,162.58,1034.62,21.5317,158.428,1036.83,37.3175,158.499,1029.19,13.1853,139.075,1043.26,41.5404,140.683,1012.51,3.70161,116.798,1052.8,58.4624,130.511,996.621,6.37997,102.179,1047.75,61.1793,141.084,1033.7,15.5174,86.6227,1035.66,35.162,86.8626,1034.65,11.5221,49.9353,1019.37,38.5793,50.9334,1055.05,4.24035,11.6866,1020.53,42.6398,16.39,1064.72,34.052,162.201,1070.39,21.2884,160.728,1077.35,14.2633,173.727,1070.21,27.591,175.024,930.708,111.136,271.109
000255:1026.88,33.7049,159.467,1027.49,30.0322,162.211,1030.25,35.9928,162.177,1034.04,22.3394,157.944,1038.3,37.9725,158.027,1029.25,13.8714,138.715,1048.32,41.8203,140.38,1010.29,4.62974,116.533,1058.92,58.8869,130.425,992.027,7.4627,101.841,1046.2,62.2636,141.145,1034.15,16.318,86.5825,1038.7,35.874,86.8266,1033.14,12.31,50.2207,1021.22,39.9111,51.1847,1056.11,4.40753,11.9373,1022.07,44.3967,16.7848,1065.61,34.767,161.704,1072.49,22.1416,159.73,1080.35,14.6583,172.326,1071.7,27.8764,174.057,933.563,111.639,269.887
000256:1028.26,34.5999,159.201,1028.92,30.9165,161.952,1031.14,36.8892,161.906,1035.02,23.1397,157.487,1037.81,38.9093,157.618,1031,14.599,138.084,1046.44,42.7044,139.839,1015.76,5.40515,115.761,1055.3,59.3204,130.185,1003.15,8.74607,100.995,1045.1,62.1227,141.372,1035.18,17.0597,85.7887,1038.01,36.9436,86.1443,1035.03,12.6791,49.544,1023.21,41.5585,50.5625,1055.3,4.16304,11.6507,1024.74,46.2265,16.3356,1071.72,34.9619,161.064,1080.51,22.5735,159.264,1087.68,15.3164,171.58,1076.96,28.3225,173.092,933.063,113.002,267.983
000257:1030.39,35.2076,159.161,1031.36,31.5485,161.934,1033.87,37.5344,161.853,1038.22,23.7638,157.47,1041.91,39.5944,157.566,1033.66,15.14,138.093,1051.45,43.3439,139.839,1014.85,5.87151,116.03,1059.69,60.4853,130.317,993.72,8.92712,101.556,1045.4,63.6146,141.299,1037.7,17.3325,85.8326,1041.57,37.4677,86.1801,1035.24,12.7742,49.7451,1023.69,42.9114,50.8397,1055.12,4.21042,11.8001,1024.3,48.8743,16.5596,1070.79,35.6301,160.421,1078.76,23.2268,158.162,1086.93,15.4836,170.36,1076.85,28.48,172.385,938.26,114.723,266.567
000258:1029.83,36.4127,159.252,1031.48,32.764,162.177,1034.35,38.6914,161.816,1039.29,24.8924,157.547,1043.07,40.7021,157.346,1037.13,15.7193,137.919,1050.13,44.5464,139.173,1018.12,6.19049,117.19,1055.69,61.6974,130.469,993.062,9.23717,102.243,1048.25,64.8433,141.951,1035.73,18.099,86.4245,1039.83,38.3419,86.5377,1034.88,13.1622,50.4131,1021.99,44.4707,51.8253,1057.2,3.94557,12.3723,1026.69,50.7587,16.9273,1084.11,38.7418,158.637,1093.72,27.6335,155.796,1103.9,19.8855,166.351,1092.34,31.5103,168.952,940.762,115.929,265.283
000259:1028.71,37.4855,159.242,1030.13,33.8737,162.171,1033.32,39.7742,161.756,1037.7,25.851,157.36,1042.16,41.6844,157.055,1035.62,16.3539,137.614,1051.14,45.2352,138.651,1016.06,6.26487,117.147,1061.15,62.4141,129.529,994.804,8.71437,102.245,1051.83,65.6149,140.57,1037.3,18.593,86.318,1042.94,39.0353,86.2806,1035.53,13.3834,50.438,1023.62,45.6425,51.8268,1057.88,3.7041,12.3577,1025.43,52.5428,17.0909,1089.15,39.3641,156.693,1099.55,28.4186,153.843,1108.69,20.7211,164.281,1096.63,32.1668,166.825,937.432,116.768,263.536
000260:1027.2,38.1519,158.835,1028.95,34.7282,161.781,1031.77,40.5935,161.334,1037.63,27.1123,156.944,1040.9,42.9511,156.686,1036.08,17.8665,137.35,1049.77,46.7266,138.501,1014,7.61838,117.249,1060.86,63.5582,129.556,984.617,8.90575,101.885,1052.82,66.8129,140.247,1036.84,19.721,86.4545,1041.41,40.3574,86.4315,1035.82,13.8635,50.6112,1023.95,47.3271,51.8488,1057.69,3.669,12.6568,1025.99,54.8718,16.949,1076.13,45.5936,151.701,1081.49,36.4158,149.027,1093.78,29.9204,157.732,1087.21,39.5091,160.152,939.924,117.976,262.247
000261:1029.33,38.8476,158.422,1031.1,35.4255,161.342,1032.76,41.4536,161.144,1038.09,27.9107,156.809,1040.04,43.9371,156.795,1033.62,18.7424,137.642,1049.03,47.7102,139.167,1016.93,8.39578,116.835,1053.4,64.6044,130.357,995.341,10.5696,102.038,1044.47,68.1393,140.205,1035.27,20.3289,86.0093,1037.99,41.5095,86.3055,1036.4,14.1112,50.1194,1025.58,48.7467,51.184,1058.31,4.03871,12.2989,1028.04,56.9718,16.6598,1092.87,48.3269,150.452,1109.74,39.574,148.16,1129.63,33.3548,156.808,1109.58,42.7156,158.853,942.499,119.18,260.228
000262:1027.9,39.6557,158.367,1029.09,36.2513,161.321,1031.16,42.3105,161.11,1036.26,28.8531,156.84,1040.24,44.9481,156.787,1033.46,19.677,137.617,1052.6,48.8923,138.853,1017.45,9.5059,116.784,1067.41,66.1408,128.872,994.053,12.2658,102.285,1054.77,69.4597,137.561,1036.32,21.0709,85.8115,1040.85,42.6144,85.9384,1036.42,14.3749,50.118,1027.17,50.3688,51.0288,1058.87,3.73749,12.263,1031.12,59.2913,16.2871,1040.69,48.9672,147.986,1041.03,40.2816,145.954,1040.06,34.1609,154.535,1037.41,43.2711,156.404,947.739,120.932,258.772
000263:1030.8,40.3663,158.314,1032.18,36.9548,161.254,1033.78,43.0285,160.999,1038.23,29.3913,156.653,1040.65,45.5758,156.512,1033.67,20.0521,137.321,1050,49.2966,138.756,1016.82,9.10153,116.578,1058.85,67.1507,129.405,992.39,10.2173,101.845,1047.85,70.3374,138.465,1037.65,21.5242,85.6847,1041.04,43.1693,85.905,1037.16,14.6337,50.3547,1027.81,51.3458,51.3152,1058.65,3.95616,12.7301,1030.33,61.2472,16.8496,1066.48,45.5671,149.246,1072.21,35.8363,146.127,1083.67,28.0625,155.506,1075.47,38.3397,158.53,944.359,121.761,257.032
000264:1030.58,41.1684,158.133,1031.79,37.8189,161.134,1033.54,43.9351,160.882,1038.57,30.5224,156.654,1041.56,46.852,156.569,1035.61,21.13,137.337,1053.65,50.9363,138.834,1020.74,10.1747,116.131,1066.01,68.6166,129.252,1001.54,11.4457,100.273,1054.76,71.174,137.968,1039.96,22.3503,85.8161,1043.91,44.4866,85.9883,1039.15,15.0482,50.5113,1030.57,52.9444,51.3699,1057.45,4.23363,13.1635,1031.24,63.1479,16.9104,1054.05,48.808,146.924,1059.24,40.3042,144.318,1061.36,33.5606,152.671,1054.01,42.4829,155.141,946.852,122.978,255.371
000265:1028.78,42.0929,157.763,1029.55,38.7896,160.783,1031.91,44.8566,160.519,1035.39,31.4697,156.348,1040.75,47.6126,156.234,1031.22,22.11,137.232,1054.53,51.372,138.585,1012.84,11.2504,116.792,1069.8,69.3117,129.345,991.405,12.7517,101.984,1052.75,72.2102,138.239,1039.04,22.9256,85.6187,1045.97,44.9548,85.6743,1037.3,15.4134,50.6101,1031.8,54.2232,51.327,1057.92,3.9657,13.2884,1033.06,65.1025,16.9383,1039.52,49.321,147.23,1042.6,40.8981,144.32,1040.4,33.7802,152.432,1034.98,42.6642,155.271,946.698,123.651,253.496
000266:1029.35,42.8819,157.861,1029.92,39.6211,160.926,1032.15,45.7306,160.673,1035.69,32.4094,156.465,1040.72,48.6899,156.364,1033.37,22.8259,136.995,1054.75,52.6447,138.4,1022.96,11.6606,115.695,1073.19,70.4876,128.703,1011.32,13.1311,99.6248,1055.3,72.9231,137.562,1038.83,23.5301,85.1494,1044.84,46.0863,85.2786,1037.48,15.6831,50.206,1030.78,55.8786,51.0601,1061.57,3.90745,12.575,1032.48,67.1033,16.7568,1029.45,52.1507,147.355,1027.49,44.1151,145.719,1017.74,38.3418,153.806,1017.22,46.7325,155.336,949.201,124.876,252.181
000267:1033.72,44.1397,157.793,1032.82,40.6881,160.7,1034.46,46.8059,160.565,1035.85,33.2696,156.333,1038.65,49.4912,156.389,1034.54,23.7862,137.024,1051.14,53.5527,138.341,1019.48,11.8679,116.495,1067.95,71.7751,129.12,1006.18,12.955,100.829,1054.95,74.3014,137.801,1037.71,24.209,85.3061,1040.31,46.7125,85.4498,1039.46,16.0468,50.2959,1028.27,56.8467,51.3734,1059.58,4.0015,12.8501,1031.27,68.9333,16.8173,1039.61,54.2791,147.2,1038.45,46.4132,144.97,1030.07,40.1431,152.469,1028.61,48.339,154.855,960.536,127.067,250.718
000268:1032.6,45.1848,157.852,1031.89,41.7777,160.788,1032.89,47.8161,160.612,1035.02,34.315,156.297,1037.39,50.34,156.325,1033.64,24.8367,137.042,1049.25,54.0088,138.341,1016.24,12.8111,116.762,1060.03,72.0455,129.442,996.976,13.3731,101.448,1042.62,75.476,137.964,1038.48,24.9799,85.5331,1040.41,47.328,85.7294,1040.34,16.5593,50.4928,1028.1,57.9082,51.7407,1058.95,3.93194,13.1485,1030.12,70.6687,17.1187,1036.5,56.1091,146.166,1034.65,48.9123,144.193,1030.61,43.1851,151.041,1029.69,50.7986,153.146,957.068,127.883,248.625
000269:1032.11,45.8548,157.98,1031.09,42.4807,160.95,1032.2,48.5404,160.809,1034.02,35.1296,156.484,1037.97,51.2065,156.56,1033.73,25.6593,137.098,1051.33,54.9895,138.485,1021.58,13.8502,116.371,1063.65,73.1519,129.552,1010.97,14.8495,100.22,1041.19,76.5748,138.113,1038.85,25.6205,85.3469,1042.21,48.2797,85.5284,1039.86,16.8792,50.3749,1028.17,59.4986,51.6462,1061.94,3.75323,12.6433,1031.36,72.8416,16.8361,1021.59,59.1289,145.754,1015.34,52.5249,144.404,1005.88,47.4998,150.752,1009,54.462,152.248,960.108,128.424,246.954
000270:1031.28,46.9678,158.432,1030.37,43.6342,161.395,1031.83,49.6505,161.202,1033.91,36.2969,156.551,1038.15,52.2978,156.622,1033.56,26.9322,136.932,1050.62,55.8253,138.197,1016.95,14.7947,116.495,1063.18,73.9503,129.099,996.281,14.9023,101.004,1041.65,77.8432,137.471,1038.18,26.6472,85.1868,1041.17,49.2317,85.3169,1038.77,17.5497,50.2967,1028.17,60.8906,51.5144,1059.29,3.47976,12.7628,1033.62,74.6889,16.4247,1044.38,58.9062,144.6,1045.17,52.3345,143.152,1039.57,47.2961,149.611,1035.26,54.3635,151.147,962.21,130.359,245.215
000271:1033.16,47.9989,158.495,1032.28,44.6711,161.497,1033.25,50.7114,161.304,1034.71,37.251,156.853,1038.08,53.2789,156.871,1034.75,27.7477,137.363,1048.18,56.5838,138.64,1021.17,15.5301,116.825,1057.35,74.4987,129.589,1004.55,15.5728,100.813,1036.49,78.5024,137.844,1038.5,27.3943,85.3349,1040.22,50.0631,85.5423,1039.47,17.9697,50.3433,1030.15,62.2128,51.4789,1059.36,3.58273,12.7385,1035.7,76.6489,16.2181,1046.13,61.9267,144.692,1048.06,55.7733,143.46,1042.84,50.8927,149.626,1037.56,57.5341,150.968,964.831,131.6,243.131
000272:1034.74,48.906,158.309,1032.86,45.5482,161.291,1034.92,51.6197,161.144,1033.81,38.1115,156.529,1040.29,54.2004,156.615,1033.11,28.6592,137.056,1052.27,57.5837,138.384,1016.06,16.3078,116.799,1073.39,76.1875,129.49,1002.42,16.1394,100.74,1054.3,80.7331,137.78,1037.98,28.4476,85.2828,1042.46,51.2725,85.3703,1037.61,18.5997,50.5104,1033.02,63.6819,51.3423,1055.43,3.61618,13.2975,1036.39,78.2471,16.2001,1040.67,63.0684,144.062,1034.85,57.3037,142.722,1014.95,52.1726,148.263,1017.43,58.3721,149.734,961.336,132.408,241.409
000273:1035.75,50.075,158.419,1034.02,46.6558,161.415,1035.01,52.7406,161.227,1033.62,39.0057,156.482,1038.4,55.1331,156.647,1032.67,29.6671,136.972,1047.33,58.2628,138.711,1020.25,17.7968,116.263,1060.94,77.187,130.937,1009.3,17.6926,99.1186,1047.96,82.4819,140.036,1039.07,29.4014,85.098,1042.21,52.2061,85.2972,1037.08,19.1041,50.6095,1031.82,64.8965,51.4603,1053.98,3.73092,13.6612,1037.38,80.1104,16.2909,1073.88,65.7293,144.616,1079.75,60.0457,142.095,1077.74,54.0188,147.334,1068.14,60.2249,150.003,961.155,133.081,239.161
000274:1035.43,51.1502,158.288,1033.63,47.7048,161.285,1034.74,53.7885,161.105,1032.99,39.9093,156.262,1038.39,55.9949,156.406,1031.65,30.5237,136.745,1047.29,58.9937,138.352,1016.6,18.5694,116.254,1061.89,78.2819,129.985,1001.23,18.1828,99.4897,1051.63,84.8953,138.162,1038.61,30.5337,84.8513,1041.62,53.3449,85.0517,1036.93,19.8671,50.5813,1029.68,66.2938,51.6307,1056.27,3.62948,13.6597,1035.73,81.6353,16.6425,1083.39,68.8724,144.14,1091.85,63.1621,141.826,1091.56,57.2357,147.339,1079.23,63.5488,149.751,964.109,133.633,237.488
000275:1038.5,52.3408,158.517,1036.32,48.917,161.537,1037.15,54.9741,161.383,1034.79,40.9765,156.394,1041.92,56.9212,156.54,1032.7,31.3076,136.813,1051.49,59.4711,138.373,1018.8,19.356,116.226,1064.58,78.4898,130.256,1005.68,18.9914,98.8716,1052.41,86.4432,138.569,1039.43,31.0509,84.879,1044.73,53.8493,85.0816,1036.65,20.363,50.5182,1032.16,67.4156,51.6053,1055.07,3.64308,13.6604,1038.05,83.2042,16.4881,1069.64,74.2439,143.761,1071.11,70.0254,142.766,1069.38,66.0235,146.843,1063.62,70.7924,147.897,969.54,135.455,235.541
000276:1036.09,53.2832,157.849,1034.33,49.8916,160.84,1034.95,55.9257,160.777,1034.91,42.0943,155.581,1043.35,57.8702,155.899,1033.92,32.6086,136.149,1055.18,60.4322,137.999,1021.34,21.2185,115.108,1064.16,79.4812,130.335,1008.95,20.6539,96.7679,1049.03,88.9594,138.739,1038.76,32.3479,84.8545,1045.64,55.0857,85.0732,1034.23,21.2699,50.6321,1030.01,68.9405,51.7828,1055.04,3.37626,13.7454,1036.36,84.6606,16.5406,1084.72,81.3531,144.549,1089.67,78.1571,144.241,1099.66,75.7192,147.457,1089.63,79.4762,147.746,969.359,136.134,233.638
000277:1034.32,54.2276,157.678,1032.99,50.8311,160.68,1033.91,56.7951,160.622,1034.64,42.9475,155.6,1041.85,58.6946,155.824,1034.84,33.3318,136.346,1052.8,61.2788,137.904,1023.36,21.805,115.895,1059.03,80.2528,129.538,1007.75,22.1156,99.4478,1042.25,89.6704,136.706,1039.78,33.322,85.1118,1044.67,56.1322,85.3506,1034.93,22.0443,50.9012,1029.5,69.9624,52.1106,1057.23,3.68412,13.7338,1040.76,85.719,16.2318,1096.22,80.4405,142.357,1105.42,76.9636,141.908,1115.89,74.073,145.591,1101.44,78.1989,146.006,965.822,136.928,231.578
000278:1032.52,55.3918,157.926,1031.94,51.8757,160.798,1036.85,57.7128,160.512,1037.14,43.7991,155.449,1046.73,59.7329,155.749,1036.26,34.6102,135.738,1055.94,62.8034,137.108,1021.47,22.5729,116.247,1076.77,83.0274,129.528,999.468,22.024,98.3032,1066.39,92.5282,138.568,1040.26,34.2496,85.2815,1047.3,57.0725,84.9057,1038.07,22.1549,51.1862,1034.38,71.1435,52.0418,1057.41,3.56958,13.984,1043.18,87.6646,15.9164,1045.62,81.5759,140.793,1035.13,79.1911,139.122,1009.48,75.6931,140.324,1020.75,78.2001,142.004,971.251,138.762,229.606
000279:1038.05,56.5648,157.872,1037.69,52.9818,160.768,1040.94,58.9395,160.494,1040.49,44.6786,155.243,1045.97,60.9213,155.468,1038.2,35.3822,135.215,1047.54,64.0395,136.656,1029.8,23.0952,115.526,1055.2,85.0708,129.307,1011.39,22.4969,96.9832,1052.48,95.194,138.172,1041.07,35.0706,84.3605,1043.92,58.2783,84.1099,1038.47,22.6761,50.7163,1031.31,72.6905,51.7763,1057.59,3.62387,13.8967,1044.87,89.5038,15.5475,1056.99,83.2612,140.577,1059.13,80.183,137.444,1054.64,75.4848,139.122,1052.67,78.8136,142.394,973.88,140.021,227.481
000280:1036.14,57.3184,157.87,1035.86,53.7947,160.762,1039.93,59.7535,160.469,1039.95,45.7772,155.085,1046.92,61.9876,155.364,1037.98,36.8253,135.113,1052.34,65.1961,136.484,1025.64,25.1046,115.67,1069.03,85.9373,128.881,998.851,24.4743,97.9092,1064.83,96.0872,137.6,1041.97,36.3924,84.5584,1046.56,59.5862,84.0883,1040.27,23.2017,50.7511,1034.07,73.6028,51.5748,1058.33,3.91802,14.0596,1043.66,90.6313,15.3611,1065.6,86.16,138.599,1062.18,84.288,136.657,1046.55,80.7881,137.372,1050.47,82.8548,139.397,973.588,140.7,225.6
000281:1039.47,58.6871,157.729,1039.24,55.158,160.637,1042.85,61.1845,160.333,1041.19,46.9767,154.951,1046.46,63.2781,155.152,1038.4,37.5739,135.101,1048.03,66.1631,136.251,1026.04,25.3668,115.84,1062.6,87.0898,128.907,1005.04,24.6199,97.7789,1061.88,98.2671,138.648,1043.06,36.7446,84.4189,1045.69,60.1718,84.0352,1039.89,23.6667,50.6634,1034.07,74.7661,51.5843,1057.07,3.99285,14.0165,1045.54,91.7868,15.2278,1043.84,91.5549,143.838,1045.42,89.6203,142.846,1030.74,86.9772,144.136,1029.63,89.2229,145.221,976.22,141.964,223.464
000282:1038.16,59.4282,157.341,1038.19,55.9422,160.268,1042.17,62.0026,159.954,1041.01,48.0432,154.703,1047.56,64.3428,154.877,1038.31,38.8834,135.07,1050.45,67.4694,136.038,1021.89,26.7102,116.138,1064.67,88.7624,128.591,997.912,25.4378,98.2226,1056.99,100.327,137.918,1042.57,37.8204,84.4011,1046.82,61.2403,83.8701,1038.68,24.4155,50.8114,1035.14,75.8516,51.4523,1055.86,4.52458,14.3017,1046.44,93.0781,15.1049,1018.3,92.3373,143.221,1019.64,90.4259,142.121,1001.34,87.4932,143.52,1000.43,89.782,144.752,978.858,143.232,221.32
000283:1037.3,60.4623,157.106,1037.88,56.9826,160.093,1041.12,63.0502,159.816,1042.26,48.9908,154.648,1046.99,65.3152,154.789,1040.98,39.7274,134.827,1049.88,68.3548,135.8,1028.18,28.0692,115.555,1059.22,89.4757,128.253,1004.76,28.2084,97.7775,1053.59,101.411,137.308,1043.97,38.4642,83.6643,1047.45,62.1065,83.1924,1038.6,24.8981,50.341,1035.73,77.1292,50.9504,1055.09,4.72328,14.0215,1049.56,94.3853,14.4384,1026.38,94.9125,141.942,1031.89,93.2143,141.002,1023.5,90.7874,142.275,1017.88,92.9395,143.37,978.654,143.909,219.049
000284:1039.11,61.2496,156.514,1039.83,57.7877,159.494,1043.44,63.892,159.225,1043.42,49.9454,154.042,1048.42,66.2639,154.26,1040.11,40.7913,134.46,1050.4,69.3925,135.443,1025.34,29.0516,115.45,1062.47,90.9195,128.248,1007.99,28.7078,97.4967,1058.46,103.778,137.388,1042.16,39.4427,83.7167,1045.93,63.0784,83.1902,1039.2,25.529,50.2999,1036.35,78.2258,50.8819,1058.18,4.99428,13.8732,1049.35,95.7688,14.4512,1024.11,98.0142,142.829,1030.61,96.7752,142.291,1016.3,94.6375,143.419,1010.51,96.3821,144.134,984.533,145.087,217.432
000285:1034.64,62.3469,156.099,1036.2,58.9143,159.045,1040.49,65.1126,158.894,1041.92,50.9242,153.526,1046.08,67.143,153.765,1039.38,41.5715,133.854,1048.61,69.8635,134.821,1022.14,29.8536,115.114,1056.6,91.1318,127.694,987.68,29.3261,97.9554,1050.95,104.977,136.705,1043.1,40.1574,82.8126,1046.8,63.7268,82.3298,1038.83,26.1774,49.7004,1038.01,79.3638,50.2441,1055.66,4.91072,13.7959,1051.75,96.5539,13.8868,1057.81,106.009,140.315,1073.26,106.353,140.249,1069.11,105.702,140.323,1054.08,105.952,140.588,980.99,145.861,215.007
000286:1034.05,63.545,155.89,1035.69,60.1904,158.806,1039.68,66.3263,158.682,1041.54,52.3303,153.298,1045.04,68.3057,153.576,1040.05,43.0793,133.803,1047.94,70.9004,134.881,1024.66,31.2708,115.008,1052.74,92.0481,128.373,993.418,29.6956,97.0272,1043.84,106.43,137.758,1045.27,41.3336,82.8973,1047.95,64.6467,82.4495,1042.04,27.1693,49.5666,1037.27,80.1419,50.323,1056.88,5.51925,13.8106,1047.84,97.2029,14.1603,1049.17,108.675,140.492,1065.07,109.735,140.528,1062.87,109.705,139.963,1047.47,109.29,140.126,983.635,147.138,212.841
000287:1032.51,64.225,155.73,1034.36,60.931,158.645,1038.81,67.0446,158.527,1041.46,53.3129,153.127,1045.72,69.1402,153.472,1039.91,44.2927,133.626,1049.03,71.8883,134.786,1026.35,32.5845,114.696,1049.46,93.3615,128.768,1000.48,30.8052,96.1562,1037.93,108.053,138.132,1043.65,42.1838,82.8745,1048.11,65.3876,82.3074,1039.43,27.8589,49.8345,1038.27,81.0395,50.2835,1055.94,5.76303,14.2979,1049.43,97.9867,14.3033,1073.45,109.779,140.251,1096.25,110.886,139.719,1107.33,111.113,139.146,1085.11,110.682,139.925,986.77,147.724,210.699
000288:0,0,0,0,0,0,0,0,0,0,0,0,0,0,0,0,0,0,0,0,0,0,0,0,0,0,0,0,0,0,0,0,0,0,0,0,0,0,0,0,0,0,0,0,0,0,0,0,0,0,0,0,0,0,0,0,0,0,0,0,0,0,0,0,0,0
000289:1038.11,66.949,154.701,1037.12,63.2412,157.427,1039.67,69.2422,157.345,1038.7,55.2384,152.141,1042.31,71.1309,152.848,1035.86,46.4552,133.104,1044.28,74.1835,134.299,1021.35,34.5447,114.313,1041.98,95.3633,129.072,1001.21,32.8035,94.7143,1045.36,111.474,138.119,1039.39,44.2734,82.4919,1044.15,67.5951,81.7233,1035.18,28.9764,49.9394,1035.78,82.5999,49.9328,1055.86,6.39849,14.1559,1047.71,99.1713,14.2359,1104.09,114.989,140.394,1129.87,116.232,139.855,1153.72,117.441,138.702,1126.88,116.694,139.536,992.585,149.598,205.995
000290:1037.21,68.1715,154.621,1036.66,64.5218,157.367,1038.88,70.4989,157.243,1039.27,56.6818,152.05,1042.63,72.5528,152.69,1037.22,47.9659,133.142,1044.55,75.5634,134.013,1023.05,36.0729,114.786,1037.58,96.4012,128.595,999.19,34.7309,96.2181,1036.99,112.767,137.812,1041.67,45.4393,82.2744,1046.14,68.8021,81.3497,1037.02,29.7304,49.6932,1036.17,83.7024,49.6696,1056.13,6.35553,14.1786,1046.56,99.6028,14.1128,1110.36,118.2,141.391,1134.35,119.299,141.39,1163.69,121.447,140.491,1138.59,120.969,140.771,988.992,150.362,203.587
000291:1035.09,68.9124,153.743,1035.9,65.4324,156.616,1036.59,71.2062,156.349,1041.08,57.8743,151.302,1041.29,73.3648,151.735,1038.33,49.0597,132.435,1045.46,76.871,132.95,1022.12,37.1046,114.864,1029.97,97.2281,127.648,996.56,35.6777,96.4272,1017.22,112.398,138.304,1043.22,46.5087,82.3858,1047.41,69.9324,81.3953,1041.08,30.8752,49.4256,1040.19,85.015,49.5743,1054.54,6.73371,14.7655,1047.72,100.088,13.8166,1109.23,119.831,142.908,1136.66,121.559,142.745,1177.91,125.196,140.922,1149.1,124.053,141.172,991.654,151.653,201.389
000292:1035.23,69.5239,153.782,1035.92,66.0598,156.628,1037.31,71.7926,156.404,1041.39,58.5741,151.192,1043.62,73.9716,151.746,1038.49,50.1104,132.309,1049.14,77.4319,132.951,1022.78,39.1215,114.371,1034.98,97.6421,127.725,1000.53,38.5119,95.6991,1022.4,113.337,138.661,1042.84,47.3637,82.4856,1049,70.5568,81.3997,1039.42,31.7066,49.5512,1039.38,85.4751,49.6521,1055.23,6.98234,14.8313,1047.6,100.194,13.8693,1121.14,122.537,143.072,1151.08,124.786,143.197,1195.97,129.326,141.078,1164.45,127.58,141.018,991.931,151.636,199.131
000293:1035.79,70.453,152.993,1036.23,66.9825,155.788,1037.74,72.685,155.562,1040.79,59.5869,150.319,1043.16,74.8208,150.942,1036.14,51.219,131.679,1048.15,78.2924,132.221,1018.25,39.5909,114.198,1037.02,98.4578,127.151,993.266,37.8901,96.1151,1028.21,114.322,138.479,1040.75,48.7129,82.2567,1047.29,71.7412,81.0793,1039.42,32.857,49.3139,1039.69,86.423,49.3334,1057.17,7.35493,14.6364,1047.83,100.357,13.6942,1129.17,123.96,143.909,1152.1,125.525,144.73,1195.47,130.564,143.125,1171.74,129.531,142.364,994.594,152.927,196.558
000294:1038.77,71.794,152.549,1038,68.1743,155.186,1039.82,74.0941,155.309,1039.95,60.5528,150.041,1044,75.974,150.841,1038.87,51.9774,131.832,1045.43,78.4884,132.548,1023.88,41.079,112.755,1042.53,97.8575,126.324,1005.86,40.0859,93.782,1034.06,116.664,136.676,1045.29,49.5495,81.6222,1048.69,72.4268,80.7029,1041.21,33.4964,48.8947,1039.16,86.5653,48.8938,1060.15,8.33207,13.6972,1048.29,99.9439,13.4507,1046.15,133.132,148.033,1055.71,135.53,154.04,1065.21,143.412,153.346,1056.78,141.69,147.397,997.27,154.227,194.339
000295:1038.14,72.6273,152.404,1037.41,69.0369,154.988,1039.69,75.0142,155.212,1039.13,61.5693,149.83,1043.07,77.0071,150.672,1038.1,52.9393,131.577,1043.22,79.4668,132.213,1019.99,41.8452,112.186,1041.4,98.4332,125.425,992.299,40.9863,93.8894,1033.53,117.654,136.043,1045.55,50.3682,81.3603,1048,73.3363,80.4071,1041.53,34.2246,48.5971,1039.18,87.3357,48.5695,1059.82,8.45627,13.5002,1050.78,99.8976,12.8962,1047.1,137.609,151.17,1054.83,140.216,159.474,1058.89,150.104,159.274,1053.28,148.209,151.018,997.044,154.906,192.046
000296:1037.65,73.3588,152.291,1036.5,69.8078,154.848,1039.27,75.842,155.2,1037.79,62.5979,150.03,1042.39,77.9025,150.844,1038.03,54.081,132.009,1042.17,80.3779,132.568,1017.09,43.3887,112.316,1042.57,98.6162,125.129,982.227,43.0728,94.757,1035.95,118.243,135.899,1047.71,51.5042,81.6595,1049.85,74.404,80.7312,1042.24,35.294,48.8025,1042.1,88.1789,48.5482,1057.63,9.26253,13.9245,1050.85,99.9787,13.1139,1041.63,141.675,155.823,1048.15,144.071,166.461,1047.98,155.817,167.275,1044.21,154.173,156.679,996.818,155.586,189.753
000297:1039.59,74.2549,151.551,1038.02,70.6691,154.094,1041.34,76.8008,154.5,1037.89,63.3988,149.324,1043.55,78.817,150.144,1035.64,54.6125,131.427,1042.2,81.1836,131.94,1014.54,43.7932,111.456,1041.39,99.1351,124.463,984.818,43.6477,93.6124,1034.12,119.176,135.731,1045.59,52.1147,81.2276,1049.17,75.0853,80.2446,1041.36,36.1393,48.2838,1042.11,88.7664,48.0115,1061.12,10.0722,13.0477,1052.3,100.102,12.5789,1040.89,145.142,159.212,1046.37,147.367,171.139,1045.84,160.371,172.485,1043.41,158.879,160.61,1002.92,156.817,187.235
000298:1038.97,75.2733,151.491,1037.27,71.7068,154.051,1040.5,77.8706,154.487,1036.38,64.4876,149.37,1041.03,79.9147,150.151,1034.06,55.5869,131.551,1037.02,82.2255,131.869,1016.35,45.1496,111.103,1035.24,99.8588,123.672,993.943,45.8732,93.0766,1029.16,120.454,134.614,1041.67,52.8081,81.5574,1044.41,75.8214,80.4879,1037.81,36.813,48.5784,1040.85,89.4533,48.0605,1055.46,10.4143,13.6242,1050.75,100.187,12.6745,1035.59,148.268,162.215,1039.12,149.848,175.311,1037.89,163.795,177.555,1038.03,162.963,164.511,1002.69,157.499,184.935
000299:1038.7,76.1182,151.219,1037.22,72.5742,153.736,1041.06,78.7336,154.248,1037.57,65.3708,148.957,1043.63,80.7198,149.756,1034.9,56.4789,131.121,1041.31,82.9617,131.44,1009.85,46.1785,111.007,1039.14,100.618,123.558,975.032,46.8369,94.0765,1025.51,121.423,135.404,1043.65,53.7015,81.3458,1047.84,76.5807,80.1689,1039.03,37.6747,48.3305,1042.38,89.9938,47.7834,1056.67,11.0257,13.4021,1051.08,100.408,12.488,1028.43,149.85,165.013,1030.99,151.147,178.8,1026.22,165.427,181.297,1027.43,164.864,167.57,1005.38,158.808,182.318
000300:1037.67,76.8334,151.074,1037.25,73.1799,153.491,1043.06,79.1538,153.956,1036.16,66.0848,148.59,1044.64,81.1963,149.463,1035.55,57.2104,130.411,1040.26,83.7215,130.488,1021.36,46.653,110.081,1035.74,101.657,122.604,1005.73,46.3475,90.9009,1023.81,122.46,135.362,1042.5,54.7632,81.0697,1045.25,77.7373,79.5412,1043.31,38.1569,47.5156,1044.28,90.6889,47.123,1055.41,11.6763,13.063,1053.16,100.429,11.9582,1007.47,151.147,167.937,1004.46,151.972,181.722,996.566,166.41,184.084,999.737,166.324,170.092,1002.21,158.852,179.611
000301:1036.29,77.4462,151.068,1036.08,73.8398,153.435,1042.32,79.7892,153.935,1036.3,66.9104,148.412,1046.24,81.9132,149.248,1036.04,58.3107,130.284,1045.37,84.5835,130.011,1017.61,47.9648,110.669,1041.95,102.504,121.603,995.834,47.7687,93.1157,1025.78,123.395,134.264,1045.75,55.995,80.9891,1050.35,78.7727,79.246,1044.82,39.3021,47.5688,1047.08,91.3572,47.0105,1057.05,12.4268,13.197,1055.05,100.59,11.9191,1002.39,151.459,168.15,997.936,151.964,182.302,986.867,166.328,184.927,991.607,166.591,170.569,1005.37,158.804,181.954
000302:1039.01,78.0952,150.854,1038.87,74.5029,153.213,1044.65,80.4819,153.695,1037.75,67.6439,148.233,1046.41,82.6246,149.073,1036.06,59.1543,130.098,1043.61,85.2358,129.889,1019.17,48.8167,110.295,1038.25,102.36,121.118,1000.11,48.505,92.3957,1020.86,121.946,133.444,1045.92,57.056,80.6327,1048.62,79.6553,78.9969,1047.03,40.379,47.2912,1043.63,91.8187,47.0811,1063.72,13.4288,12.8099,1052.46,100.685,12.315,993.399,150.116,167.48,988.747,150.679,181.792,977.189,165.008,184.505,981.4,165.113,170.057,985.826,157.166,187.592
000303:1038.66,78.7251,150.581,1038.46,75.1569,152.949,1043.97,81.0844,153.416,1037.69,68.3549,148.068,1046.14,83.1992,148.808,1036.06,60.1035,130.103,1044.94,85.7608,129.627,1016.22,50.6236,110.828,1041.6,102.558,120.262,992.575,51.5758,94.6358,1023.16,121.837,131.907,1046.85,57.7681,80.4998,1050.28,80.0862,78.7946,1045.33,41.2127,47.378,1044.76,92.0063,46.8745,1058.26,14.7303,13.3887,1052.98,100.796,12.1845,984.853,148.148,165.836,978.907,148.426,180.1,964.814,162.216,182.987,970.092,162.6,168.619,970.398,154.825,194.322
000304:1040.96,79.4488,150.54,1040.87,75.92,152.932,1045.54,81.8121,153.342,1039.33,69.1482,148.085,1045.89,83.9422,148.798,1036.92,60.8387,130.139,1042.89,86.424,129.641,1018.25,51.1529,110.377,1040.6,102.827,119.426,996.063,51.6698,93.3225,1025.09,121.266,130.067,1045.64,58.4209,80.7875,1047.54,80.5758,79.1572,1045.56,42.133,47.6528,1044.43,92.3892,47.1407,1058.02,15.5371,13.7153,1053.97,101.013,12.3485,982.694,146.275,164.006,973.038,146.154,178.066,957.174,159.39,181.095,966.077,160.142,166.976,958.428,152.459,201.4
000305:1042.31,80.5213,150.581,1042.18,76.9593,153.013,1046.52,82.7988,153.381,1039.46,69.8677,148.337,1046.73,84.6901,148.922,1034.46,61.3038,130.504,1043.54,87.1239,129.794,1012.35,51.7103,111.077,1039.2,103.578,119.525,993.249,53.1515,94.5054,1018.71,121.601,129.811,1044.78,59.0106,81.0594,1048.73,81.2451,79.3048,1044.83,42.7137,47.9291,1046.59,92.8455,47.1533,1055.41,16.3484,14.1359,1052.81,100.999,12.4945,977.585,143.954,162.306,966.561,143.154,175.744,950.949,155.49,179.03,961.323,156.883,165.534,946.845,150.126,207.603
000306:1043.39,81.0462,150.412,1043.53,77.5564,152.907,1047.68,83.3573,153.179,1042.58,70.6774,148.366,1050.01,85.6052,148.845,1039.62,62.2258,130.48,1048.87,88.3761,129.64,1019.6,52.589,110.69,1045.43,104.492,118.334,1001.36,54.0151,93.927,1021.86,120.724,127.321,1047.38,59.8497,81.1525,1051.46,82.1678,79.2885,1045.62,43.4093,48.1313,1046.99,93.1143,47.1671,1055.12,17.3397,14.311,1051.51,101.021,12.4653,971.429,139.881,159.696,959.567,138.717,172.786,943.484,150.352,176.453,954.664,152.038,163.311,941.082,148.34,215.4
000552:211.231,17.7518,0.378709
