003685:1140.32,80.3543,151.595,1147.89,77.8468,153.408,1143.07,78.3573,153.939,1157.84,70.3355,147.473,1127.82,64.7432,153.347,1111.52,65.0144,138.902,1187.75,69.7866,125.369,1085.86,79.8785,146.186,1157.49,50.1267,115.653,1079.22,88.4613,155.375,1184.7,58.2539,126.682,1100.71,62.8147,95.6941,1168.31,69.7211,82.8838,1113.4,65.9507,52.0724,1133.56,85.1608,48.1022,1172.51,61.0539,14.1758,1113.42,66.8248,25.6119,1159.34,58.4391,166.124,1143.12,48.5307,172.526,1149.09,49.2401,185.031,1154.88,62.8935,179.863,0,0,0
003686:1125.07,77.4556,153.643,1129.81,75.321,155.627,1135.8,76.1171,153.882,1142.8,70.5994,148.713,1143.82,65.0912,148.348,1108.31,66.6002,140.222,1193.26,69.1238,124.135,1088.83,80.5804,145.032,1151.43,50.9626,117.516,1079.22,88.4613,155.375,1184.7,58.2539,126.682,1105.23,64.7997,94.7176,1174.18,69.0236,81.9259,1117.79,66.8809,50.9275,1138.99,87.9252,46.6925,1172.51,61.0539,14.1758,1138.47,72.0327,20.6256,1152,57.4615,167.226,1141.77,48.4862,173.132,1146.08,49.6314,185.073,1157.59,62.5176,178.674,0,0,0
003687:1132.44,79.3813,151.841,1139.89,77.1778,153.193,1138.56,77.8422,152.962,1156.52,71.5078,145.162,1130.74,65.0939,150.264,1112.24,66.0877,139.195,1188.43,69.7134,125.418,1088.55,80.5725,144.149,1151.43,50.9626,117.516,1079.06,88.4568,154.874,1186.61,58.6304,126.293,1105.67,65.4513,94.028,1166.3,69.9635,83.4741,1076.06,72.5856,63.0047,1143.6,88.9271,45.8843,1172.51,61.0539,14.1758,1138.62,72.038,21.112,1152.6,58.327,166.756,1142.98,48.1539,174.7,1144.63,51.1286,187.808,1154.26,62.9887,180.328,0,0,0
003688:1130.6,78.9973,153.26,1132.07,75.9979,155.928,1139.31,77.5315,154.228,1134.27,68.734,151.049,1140.37,65.6237,150.398,1114.83,68.3081,138.899,1190.04,69.5215,125.097,1089.76,81.1336,143.632,1151.43,50.9626,117.516,1079.06,88.4568,154.874,1189.32,59.1973,125.112,1102.43,65.4913,94.5696,1167.77,69.7727,82.8547,1127.77,68.9923,48.3284,1149.27,91.717,45.1923,1165.82,61.86,15.2093,1132.4,72.7947,22.8291,1160.67,57.2825,165.275,1142.87,48.151,174.366,1143.89,50.0327,187.816,1157.48,62.5147,178.336,0,0,0
003689:1134.88,80.5163,151.626,1138.44,77.66,153.91,1142.29,78.9166,152.76,1139.66,70.4062,149.218,1136.42,66.2945,150.322,1115.44,68.4242,137.957,1185.34,70.0437,125.179,1088.93,81.2268,143.668,1151.43,50.9626,117.516,1075.17,88.9059,155.652,1189.32,59.1973,125.112,1100.18,65.7706,94.874,1163.62,70.2456,83.1778,1124.37,69.8012,49.4744,1149.27,91.717,45.1923,1155.77,63.0538,16.3768,1132.4,72.7947,22.8291,1142.6,59.4001,169.196,1142.15,48.2492,174.495,1154.69,50.2403,185.97,1154.69,62.8887,179.301,0,0,0
003690:1128.77,79.4643,153.706,1133.29,77.0833,156.03,1137.19,78.0092,154.978,1139.34,71.5262,150.822,1132.35,66.0841,152.623,1123.97,68.0351,135.924,1171.83,71.7345,129.685,1088.93,81.2268,143.668,1152.27,51.1413,117.08,1075.13,88.9048,155.527,1192.11,59.7657,124.226,1100.32,66.1014,94.3451,1153.09,71.5488,86.2983,1129.89,70.9862,47.8433,1141.59,92.5729,47.9014,1155.77,63.0538,16.3768,1132.4,72.7947,22.8291,1143,59.5459,167.925,1140.41,48.6784,173.744,1153.12,50.6763,185.759,1153.96,62.9811,179.429,0,0,0
003691:1124.13,78.6867,154.681,1130.48,76.6258,156.706,1132.74,77.4673,155.9,1149.06,73.4444,149.035,1130.26,65.4091,152.807,1114.79,69.2354,138.87,1183.91,70.2738,126.809,1088.93,81.2268,143.668,1154.04,51.5015,116.447,1074.97,88.9003,155.028,1195.97,60.5263,123.437,1101.41,66.3832,95.2581,1173.9,72.5119,82.2874,1127.94,71.6013,48.3534,1138.46,92.9114,48.7115,1155.77,63.0538,16.3768,1130.85,72.983,23.2565,1145.13,59.5055,167.411,1137.28,48.8218,173.49,1146.82,50.2504,185.065,1152.72,63.1712,180.359,0,0,0
003692:1140.04,82.8052,150.071,1146.73,80.5824,151.949,1147.92,81.0034,151.339,1158.21,75.1048,145.595,1137.1,66.7363,150.079,1124.09,69.6638,136.298,1179.36,70.8149,127.644,1078.08,82.542,146.302,1159.22,52.0192,115.081,1077.99,89.6129,154.244,1196.93,60.717,123.239,1104.01,65.9977,93.5612,1174.22,73.2047,81.4271,1129.06,71.8392,48.0628,1135.34,93.2486,49.5185,1155.77,63.0538,16.3768,1129.3,73.1709,23.6829,1145.13,59.5055,167.411,1140.1,48.4294,172.861,1152.28,51.245,185.68,1155.39,62.7954,179.06,0,0,0
003693:1126.67,80.3026,154.284,1130.58,77.1359,156.18,1135.89,79.2663,154.94,1138.35,69.9723,149.505,1144.85,70.0729,149.122,1119.91,70.1952,137.379,1192.34,73.105,124.28,1101.64,79.6978,140.859,1162,52.567,114.483,1079.9,90.0872,153.413,1193.67,61.1228,123.908,1101.4,66.7006,94.1793,1181.41,75.0231,79.3283,1129.06,71.8392,48.0628,1142.17,94.7716,48.1399,1155.77,63.0538,16.3768,1137.42,74.855,22.4229,1145.2,59.5064,167.637,1141.31,48.7106,171.804,1150.71,50.9605,185.47,1154,62.982,179.542,0,0,0
003694:1132.5,81.8231,152.74,1141.16,79.7391,153.774,1138.33,80.2873,153.928,1158.65,75.6512,145.23,1124.76,67.8287,152.13,1122.64,70.0812,136.698,1180.18,75.5022,127.046,1145.7,74.6556,128.344,1163.71,52.9314,113.549,1168.9,79.6061,128.532,1187.02,61.9256,124.749,1100.1,67.987,94.9649,1172.84,77.1916,81.9778,1130.08,72.079,47.4095,1142.17,94.7716,48.1399,1155.85,63.0564,16.6223,1141.1,75.5785,22.5864,1147.37,59.2252,167.238,1142.03,48.8513,171.674,1155.06,50.375,184.72,1154.91,62.8944,179.975,0,0,0
003695:1135.79,82.9097,152.523,1141.04,80.8541,154.808,1142.61,81.0427,153.932,1152.42,75.9855,148.415,1140.31,67.6845,150.246,1114.31,71.4212,140.025,1205.59,72.5039,120.841,1089,81.6314,144.673,1165.58,53.2984,113.148,1076.27,90.5531,155.248,1179.65,63.1095,125.329,1103.18,69.099,95.0509,1188.42,75.4038,78.7333,1134.56,73.0352,46.241,1139.03,95.1059,48.9502,1155.85,63.0564,16.6223,1143.19,76.4997,22.9349,1151.02,59.7166,166.687,1142.03,48.8513,171.674,1156.42,50.1772,184.13,1155.02,62.8972,180.312,0,0,0
003696:1133.49,82.4398,154.083,1135.59,79.832,156.504,1137.03,81.5088,156.172,1137.95,73.1215,151.987,1151.9,69.9148,148.824,1110.47,72.0887,139.938,1139.53,64.6386,134.306,1082.76,82.1698,141.256,1165.97,54.4439,112.393,1071.01,91.0928,154.854,1179.65,63.1095,125.329,1097.83,69.7827,96.4752,1179.26,76.5091,81.8973,1134.56,73.0352,46.241,1134.5,95.6099,50.6436,1155.85,63.0564,16.6223,1154.75,78.9569,20.1614,1154.67,60.4494,166.139,1141.34,48.9492,171.918,1157.07,50.558,183.781,1155.02,62.8972,180.312,0,0,0
003697:1130.52,81.259,150.276,1136.61,79.5542,151.917,1134.02,79.1519,151.753,1148.01,75.8075,145.203,1145.17,69.7126,145.711,1114.76,71.5888,139.724,1202.3,73.3748,121.403,1096.29,82.1614,142.03,1168.7,54.9985,111.494,1075.39,90.6786,156.007,1179.65,63.1095,125.329,1105.31,68.8437,94.859,1190.05,75.6193,78.7791,1134.56,73.0352,46.241,1132.95,95.7756,51.0449,1155.85,63.0564,16.6223,1159.29,79.9517,18.5225,1154.67,60.4494,166.139,1141.34,48.9492,171.918,1157.1,50.558,183.896,1157,62.6141,179.253,0,0,0
003698:1136.34,83.7271,152.527,1137.28,81.1467,154.94,1136.02,82.4999,155.016,1140.5,74.9997,150.225,1159.99,72.8127,146.644,1116.44,72.7452,138.911,1186.35,75.3063,126.533,1085.81,83.2047,139.708,1171.52,55.5545,110.887,1077.66,90.3517,153.554,1179.65,63.1095,125.329,1106.31,70.1759,94.4763,1181.27,76.6581,81.4003,1133.02,73.2227,46.6445,1146.42,98.8521,47.5679,1155.85,63.0564,16.6223,1165.03,81.2025,16.554,1154.67,60.4494,166.139,1143.57,48.657,171.75,1156.35,50.4165,183.904,1157,62.6141,179.253,0,0,0
003699:1135.39,83.2356,153.68,1133.37,80.3233,156.448,1142.68,83.5051,154.773,1130.34,73.904,152.507,1182.32,78.0368,142.37,1108.44,73.7201,140.357,1186.01,75.7666,125.203,1085.44,83.3561,142.22,1171.52,55.5545,110.887,1071.33,91.1194,155.648,1179.65,63.1095,125.329,1102.28,71.0972,96.5053,1179.53,76.8793,82.2767,1133.02,73.2227,46.6445,1143.26,99.1794,48.3823,1155.77,63.0538,16.3768,1166.27,81.4559,16.4806,1154.67,60.4494,166.139,1145.01,48.4605,171.489,1153.35,49.848,184.06,1157,62.6141,179.253,0,0,0
003700:1134.09,83.7385,153.079,1133.88,80.6343,155.829,1142.8,83.9562,154.394,1136.14,73.9381,151.737,1188.25,79.2209,141.909,1113.34,73.8084,139.301,1186.12,75.7895,125.991,1090.25,83.3917,138.081,1172.46,55.7403,110.684,1073.74,90.671,150.634,1178.05,63.3085,125.658,1098.59,71.5456,97.0754,1175.56,77.3433,83.322,1131.62,73.4148,47.5286,1138.63,99.6703,49.8408,1155.77,63.0538,16.3768,1169.79,82.2106,15.5158,1158.37,59.9809,165.577,1145.01,48.4605,171.489,1151.09,49.4229,184.091,1156.96,62.6131,179.14,0,0,0
003701:1140.49,84.9183,151.361,1144.37,82.6671,153.172,1143.86,84.0818,153.256,1148.72,76.2722,148.369,1157.07,73.5672,146.515,1119.55,74.2253,138.503,1184.19,76.0356,126.911,1093.36,83.0376,137.732,1172.46,55.7403,110.684,1075.05,90.4762,149.155,1168.89,64.5052,128.827,1102.68,71.7758,96.3417,1174.54,77.4739,83.8497,1134.06,73.8987,47.6088,1141.02,100.191,49.7479,1155.77,63.0538,16.3768,1169.17,84.2035,15.6878,1158.37,59.9809,165.577,1145.01,48.4605,171.489,1151.09,49.4229,184.091,1156.99,62.6131,179.255,0,0,0
003702:1140.99,85.6694,149.1,1145.51,83.4308,151.093,1145.32,84.8965,151.213,1151.03,76.7942,146.938,1165.39,74.6571,144.133,1118.5,74.5433,137.8,1187.92,75.5694,125.36,1086.31,83.894,139.734,1169.29,56.1512,111.369,1078.76,90.0805,149.072,1167.62,64.7103,130.115,1106,71.2863,93.9007,1180.95,76.6609,80.6607,1134.06,73.8987,47.6088,1141.02,100.191,49.7479,1155.77,63.0538,16.3768,1162.76,84.9285,17.7105,1158.37,59.9809,165.577,1145.01,48.4605,171.489,1151.09,49.4229,184.091,1156.99,62.6131,179.255,0,0,0
003703:1144.19,86.7289,150.038,1147.36,84.5202,152.136,1149.23,85.9438,151.849,1152.39,78.4231,147.086,1168.51,74.8014,143.894,1116.84,74.9965,138.605,1189.88,75.8518,125.628,1088.01,84.0338,138.974,1167.55,56.3516,111.227,1081.93,89.6895,147.757,1164.8,66.6484,132.075,1106.94,72.657,94.0409,1183.14,77.5849,80.7542,1129.15,72.8658,48.5657,1148.14,102.854,48.3718,1155.77,63.0538,16.3768,1138.25,88.4479,25.2168,1158.37,59.9809,165.577,1144.95,48.4605,171.26,1151.12,49.4239,184.203,1156.99,62.6131,179.255,0,0,0
003704:1146.71,86.6895,149.236,1150.84,84.7001,151.324,1149.78,86.0363,151.607,1162.46,78.6919,146.029,1150.33,75.7481,148.34,1136.36,73.5558,134.393,1177.64,78.0016,128.606,1088.01,84.0338,138.974,1173.52,58.0471,110.096,1084.02,89.3819,145.752,1165.73,66.8388,131.887,1119.64,72.9377,91.0536,1167.42,79.4134,84.9734,1139.55,75.527,47.3495,1142.62,104.175,50.2493,1155.7,63.051,16.1312,1137.62,90.3997,25.3894,1158.37,59.9809,165.577,1145.67,48.3621,171.129,1151.12,49.4239,184.203,1156.99,62.6131,179.255,0,0,0
003705:1148.28,87.1485,148.092,1148.63,84.2171,151.145,1154.04,86.7201,150.331,1149.31,76.4302,148.615,1175.1,77.6777,143.791,1128.77,75.4146,136.127,1191.85,77.3353,125.745,1088.01,84.0338,138.974,1179.24,59.1741,109.021,1081.52,89.6777,146.469,1170.38,67.7939,130.941,1115.02,73.5088,92.2467,1178.81,78.0987,82.1551,1141.5,76.4416,47.2993,1134.94,104.967,52.7487,1155.7,63.051,16.1312,1136.64,91.2423,25.3258,1158.37,59.9809,165.577,1145.67,48.3621,171.129,1148.8,48.9998,184.005,1156.99,62.6131,179.255,0,0,0
003706:1149.03,87.5595,148.354,1149.29,84.7407,151.375,1152.62,86.9864,150.945,1149.55,76.8386,148.799,1158.49,76.9313,147.241,1138.88,76.5297,133.784,1180.92,78.5911,128.113,1088.01,84.0338,138.974,1181.51,61.6862,109.16,1080.8,89.7547,146.501,1171.4,67.9878,130.993,1114.15,73.6299,92.7685,1169.08,79.2352,84.8646,1141.5,76.4416,47.2993,1132.91,105.969,54.7675,1155.7,63.051,16.1312,1142.54,93.6123,23.8363,1158.37,59.9809,165.577,1147.11,48.1651,170.867,1148.77,48.9998,183.891,1156.99,62.6131,179.255,0,0,0
003707:1147.96,88.4407,149.421,1150.28,85.9002,151.567,1152.1,87.8556,151.303,1154.93,78.557,146.728,1168.6,79.0152,143.959,1136.29,76.8367,134.305,1185.6,78.0567,127.161,1087.87,84.0347,138.457,1183.05,63.0404,108.831,1080.49,89.7324,145.206,1154.87,70.1146,136.899,1116.58,73.6981,92.053,1176.24,78.4145,83.2394,1141.5,76.4416,47.2993,1130.24,107.378,56.2326,1155.7,63.051,16.1312,1149.51,95.1488,22.5203,1158.37,59.9809,165.577,1147.02,47.686,170.523,1144.18,48.1551,183.611,1155.38,62.7944,179.062,0,0,0
003708:1143.85,88.8783,149.288,1146.16,86.8405,151.678,1147.63,87.7598,151.433,1154.19,80.4686,146.864,1157.12,75.2796,146.149,1133.56,78.0572,133.866,1186.46,77.9309,126.36,1093.19,84.4681,136.612,1184.37,63.8136,108.861,1084.89,89.1132,141.509,1154.87,70.1146,136.899,1114.84,76.4808,92.1546,1172.25,78.863,83.943,1141.5,76.4416,47.2993,1146.09,111.065,53.1537,1155.7,63.051,16.1312,1154.28,96.1782,22.0054,1158.37,59.9809,165.577,1153.39,46.7923,168.764,1141.97,47.7344,183.756,1151.06,61.6713,179.82,0,0,0
003709:1144.64,88.4216,150.88,1144.06,85.6227,153.799,1150.11,88.1717,152.921,1144.77,77.8149,150.691,1180.99,81.4082,144.067,1138.79,78.1528,133.039,1184.8,78.1391,127.116,1097.79,83.9064,135.006,1189.19,64.774,107.983,1091.95,90.7921,139.317,1154.87,70.1146,136.899,1120.63,75.7631,90.3807,1174.01,79.0285,83.2122,1141.5,76.4416,47.2993,1147.22,111.332,52.8668,1157.29,62.8503,15.6916,1155.48,96.4365,21.8762,1158.37,59.9809,165.577,1149,47.3892,169.441,1145.51,47.478,183.026,1153.14,61.3899,179.1,0,0,0
003710:1147.98,88.6365,148.77,1153.31,86.6863,150.627,1148.45,88.0636,151.776,1163.88,80.5189,146.175,1135.38,79.6037,151.902,1160.1,75.6275,128.265,1152.86,81.7938,133.692,1098.15,82.3908,134.107,1186.53,66.3359,108.61,1086.05,91.4443,140.189,1161.3,71.4561,135.605,1135.06,74.4245,87.6355,1144.63,84.2974,90.5781,1142.63,76.6846,47.006,1147.06,111.759,53.9591,1158.89,62.6492,15.2511,1162.45,97.9981,20.172,1158.37,59.9809,165.577,1150.98,46.3691,168.359,1142.75,47.8745,183.86,1150.28,61.0429,179.721,0,0,0
003711:1143.49,89.5544,147.063,1145.19,86.6945,149.875,1148.54,89.3012,149.519,1148.2,79.078,147.604,1172.8,81.9471,143.116,1132.08,78.9276,134.059,1178.77,78.8136,127.989,1100.07,82.8671,132.966,1190.6,67.1091,108.682,1100.36,93.3122,131.178,1168.78,73.0014,134.407,1122.43,78.138,89.6749,1176.38,80.6695,82.4898,1142.63,76.6846,47.006,1137.91,112.671,57.3335,1162.24,62.2513,14.8606,1165.94,98.7842,19.2219,1158.37,59.9809,165.577,1150.84,46.125,167.911,1142.75,47.8745,183.86,1157.8,60.1148,179.113,0,0,0
003712:1149.86,91.4218,147.914,1154.52,89.1332,150.257,1152.09,90.4385,150.902,1161.76,81.7678,146.342,1153.47,77.9472,148.008,1133.67,78.7448,133.843,1177.3,78.9808,128.283,1107.02,84.8629,128.84,1196.5,68.2768,107.893,1095.68,89.5158,134.632,1171.61,73.5843,133.992,1121.45,78.2502,89.7991,1183.41,83.3183,80.7241,1142.63,76.6846,47.006,1137.91,112.671,57.3335,1165.59,61.8441,14.535,1168.22,99.3109,18.4008,1155.39,59.3919,165.885,1151.4,45.7831,167.208,1142.75,47.8745,183.86,1150.87,60.2323,179.016,0,0,0
003713:1155,92.3341,147.79,1158.95,90.1379,150.029,1153.82,91.208,151.213,1164.34,82.4598,146.334,1132.37,81.76,152.702,1165.14,75.2582,126.92,1146.8,83.8829,134.695,1109.06,85.3445,128.036,1200.45,69.0597,107.364,1094.08,89.6968,134.968,1173.84,74.5519,133.855,1142.22,75.765,84.5766,1146.25,87.4604,89.6487,1142.63,76.6846,47.006,1143.95,113.588,55.8019,1165.68,61.8426,14.9084,1169.56,100.695,17.7673,1157.37,59.103,164.804,1153.4,45.4779,166.247,1141.55,47.7306,182.288,1154.34,59.5196,177.811,0,0,0
003714:1150.39,92.6742,148.134,1156.59,91.0326,150.22,1148.8,91.1206,151.892,1170.31,85.0285,145.415,1138.57,77.7383,151.586,1143.24,79.2742,132.199,1137.82,73.825,135.108,1119,88.0049,118.801,1200.82,69.648,107.602,1095.39,90.9093,131.76,1179.59,77.2739,133.58,1123.49,77.9911,88.9486,1175.91,84.1458,82.4025,1153.04,78.8848,44.899,1146.2,114.123,55.2328,1165.68,61.8426,14.9084,1181.39,104.481,13.925,1160.8,58.6229,163.335,1153.1,45.2345,165.22,1141.39,47.2539,181.717,1156.45,59.9578,177.2,0,0,0
003715:1143.85,91.9765,148.846,1143.47,89.5544,151.945,1146.81,91.0632,151.509,1144.82,81.6373,149.786,1154.22,82.702,148.231,1145.86,79.4275,131.511,1171.78,84.3836,129.61,1112.28,86.0681,127.351,1200.82,69.648,107.602,1098.31,91.6391,130.222,1184.38,78.2643,132.93,1127.16,76.4652,88.7003,1169.5,88.3211,85.378,1153.04,78.8848,44.899,1146.87,114.809,55.0646,1167.34,61.6389,14.6521,1185.72,105.991,12.9434,1160.76,58.623,163.219,1155.07,44.9273,164.142,1141.22,47.0118,181.158,1157.71,59.0415,176.264,0,0,0
003716:1148.03,93.7582,149.395,1150.03,91.6417,152.183,1148,92.5012,152.702,1156.11,84.3241,148.742,1134.73,80.9265,152.858,1150.62,78.8926,130.954,1163.92,85.2722,131.532,1112.28,86.0681,127.351,1200.88,71.2198,108.17,1098.31,91.6391,130.222,1184.38,78.2643,132.93,1137.61,77.8814,87.8,1165.28,89.1892,87.1788,1153.04,78.8848,44.899,1142.12,115.252,56.2679,1167.34,61.6389,14.6521,1182.08,106.303,12.8489,1156.96,57.8911,163.317,1157.19,44.6231,163.512,1138.68,45.8735,180.184,1147.36,57.7173,177.385,0,0,0
003717:1150.06,92.8514,149.283,1152.15,90.1363,152.055,1150.13,92.3243,152.525,1155.96,82.2098,148.748,1142.35,83.2362,151.176,1155.83,79.6849,129.454,1166.46,85.6687,130.196,1112.28,86.0681,127.351,1210.59,74.7026,97.8042,1102.67,91.0859,127.746,1184.38,78.2643,132.93,1133.02,79.1372,88.1773,1177.32,89.7576,83.7505,1153.04,78.8848,44.899,1142.12,115.252,56.2679,1167.34,61.6389,14.6521,1182.08,106.303,12.8489,1155.38,57.5994,163.126,1157.19,44.6231,163.512,1141.91,44.8938,178.43,1145.77,57.4278,177.07,0,0,0
003718:1145.45,93.16,149.561,1145.89,90.4848,152.659,1145.97,92.5574,152.76,1149.19,82.5561,150.279,1135.6,84.1133,152.815,1164.44,79.9105,128.428,1162.4,88.0577,132.281,1113.35,86.31,127.122,1200.18,73.1796,108.638,1102.69,91.0301,125.712,1190.08,79.4604,131.79,1144.02,78.6418,86.6801,1164.23,91.593,88.0388,1153.04,78.8848,44.899,1142.54,117.446,56.2864,1167.34,61.6389,14.6521,1184.36,106.846,11.8238,1155.38,57.5994,163.126,1153.63,45.0244,161.755,1144.87,43.6661,175.769,1150.02,56.8611,175.951,0,0,0
003719:1147.02,93.3699,150.06,1148.76,90.7818,152.87,1146.94,92.6745,153.403,1151.95,83.4269,150.107,1148.71,83.1053,150.742,1146.96,81.9257,132.272,1180.85,86.0517,129.004,1116.27,86.929,122.438,1199.49,73.57,108.783,1098.48,89.6902,126.716,1194.89,80.4631,130.982,1126.56,81.0532,90.7322,1186.06,89.6252,82.7594,1153.04,78.8848,44.899,1144.17,118.397,55.3491,1167.34,61.6389,14.6521,1185.17,107.125,9.99708,1155.38,57.5994,163.126,1153.04,45.2547,159.828,1145.31,43.0817,174.742,1152.12,55.6136,175.221,0,0,0
003720:1143.9,94.0651,148.805,1144.27,91.5846,152.17,1146.02,92.9172,152.021,1141.07,84.6585,150.746,1157.01,79.9565,147.664,1126.26,84.2631,135.66,1197.13,84.2257,124.703,1116.27,86.929,122.438,1197.33,74.1502,109.877,1099.53,89.5683,126.401,1195.85,80.6643,130.79,1115.47,82.31,92.4522,1203.43,88.4938,77.5647,1153.04,78.8848,44.899,1144.17,118.397,55.3491,1167.34,61.6389,14.6521,1186.36,107.397,9.66947,1155.16,57.5997,162.321,1153.56,45.1493,159.014,1151.02,41.6786,170.975,1151.45,55.2332,175.454,0,0,0
003721:1145.41,94.3276,150.269,1144.93,91.3938,153.764,1148.41,93.6326,153.314,1142.29,84.287,151.933,1159.86,82.4473,148.57,1131.86,84.1002,134.835,1188.87,85.1494,126.873,1116.27,86.929,122.438,1199.82,76.1223,111.824,1100.86,89.3784,125.204,1200.74,81.6763,130.074,1125.52,84.4975,90.9833,1197.74,89.5017,79.2652,1156.29,78.5188,44.3216,1149.79,119.754,53.9232,1167.34,61.6389,14.6521,1195.67,109.59,5.89895,1155.58,57.5,161.161,1155.49,44.8405,157.813,1150.79,41.4375,170.174,1155.76,54.6586,174.442,0,0,0
003722:1145.54,94.6861,150.677,1145.55,91.6028,154.218,1149.03,94.2129,153.723,1144.9,84.5462,151.803,1152.55,81.0904,150.214,1131.99,84.5539,134.901,1197.69,87.3378,124.141,1116.27,86.929,122.438,1190.88,77.8517,115.861,1098.95,89.1875,124.529,1207.83,83.1081,129.708,1122.97,85.1651,91.8158,1195.17,89.7714,79.7824,1156.37,78.5212,44.5661,1155.5,121.12,52.6697,1167.34,61.6389,14.6521,1180.66,111.008,10.3073,1155.87,57.6404,159.543,1154.67,44.8322,154.954,1146.81,40.5037,169.581,1150.15,53.6429,173.535,0,0,0
003723:1149.04,94.9183,149.913,1146.54,91.9481,153.809,1153.92,94.5886,152.595,1138.39,85.7227,152.564,1165.17,82.4456,147.296,1125.62,86.1811,135.62,1202.78,86.7602,122.395,1116.35,86.9314,122.696,1192.75,79.2224,116.882,1094.34,88.2197,124.064,1203.84,85.4259,131.032,1114.65,86.1132,93.6697,1195.55,89.7243,79.5361,1156.37,78.5212,44.5661,1155.5,121.12,52.6697,1167.49,61.6442,15.1463,1173.06,114.468,15.1445,1157.2,57.9317,158.811,1152.97,44.5475,154.435,1152.59,39.569,166.018,1150.62,53.3058,172.49,0,0,0
003724:1151.21,96.4193,150.042,1150.91,93.9534,153.5,1154.36,95.7631,153.003,1148.16,88.7382,151.09,1155.71,81.5405,149.46,1136.01,88.5462,135.118,1200.96,87.2869,123.27,1115.57,87.0258,123.001,1195.67,79.8253,116.429,1094.77,88.1556,123.609,1205.86,85.8383,130.894,1116.54,85.9176,93.7284,1204.77,91.8357,76.1303,1156.37,78.5212,44.5661,1153.27,121.674,52.7057,1167.49,61.6442,15.1463,1160.97,116.378,19.5296,1159.1,57.6414,157.369,1153.16,44.4402,152.47,1153.84,39.3594,165.071,1152.62,52.0531,171.41,0,0,0
003725:1155.81,97.791,147.81,1155.4,95.3817,151.344,1158.69,97.0597,150.854,1150.84,90.2928,149.896,1160.1,82.7023,147.92,1135.67,89.7565,135.537,1202.67,87.7226,123.044,1115.57,87.0258,123.001,1200.53,80.8348,115.571,1094.07,88.2117,123.217,1205.93,85.8405,131.141,1115.68,86.0232,94.0977,1200.09,90.0375,79.0684,1156.37,78.5212,44.5661,1154.46,121.948,52.6,1167.49,61.6442,15.1463,1160.41,118.348,20.2907,1158.71,57.6326,156.121,1151.14,44.1523,150.813,1151.17,38.9438,163.756,1145.18,50.6271,171.916,0,0,0
003726:1154.74,97.0757,149.197,1156.05,94.7598,152.29,1157.93,96.7369,152.061,1163.5,91.5611,148.321,1160.44,84.102,148.648,1145.65,89.843,133.975,1201.84,89.3882,123.98,1115.57,87.0258,123.001,1207.4,82.2576,114.452,1092.58,88.3208,122.095,1205.93,85.8405,131.141,1124.28,87.2615,92.1075,1197.58,91.09,80.0388,1156.37,78.5212,44.5661,1151.35,122.229,53.7763,1167.49,61.6442,15.1463,1161.75,119.746,19.8008,1159.83,57.436,154.701,1150.4,44.142,148.307,1149.13,38.6645,161.971,1141.09,48.9552,170.877,0,0,0
003727:1164.06,98.5753,149.541,1163.93,95.9906,153.228,1158.2,96.4478,154.091,1161.86,91.1372,149.93,1163.3,84.945,149.81,1146.01,89.8103,134.066,1195.86,90.0248,125.245,1115.57,87.0258,123.001,1209.51,82.6708,114.542,1097.17,87.7067,118.336,1206.02,85.8401,131.439,1120.29,88.4347,92.4951,1188.7,92.4015,81.8293,1156.37,78.5212,44.5661,1149.21,122.783,54.0556,1167.49,61.6442,15.1463,1156.03,119.907,22.486,1160.68,57.4753,152.369,1150.04,44.1406,147.045,1146.88,38.3738,159.65,1146.02,48.1539,167.122,0,0,0
003728:1122.5,89.1844,155.916,1128.34,88.4128,157.807,1125.47,89.2738,158.437,1154.56,91.5842,150.49,1151.83,82.7531,150.645,1141.4,90.7959,135.416,1195.58,90.0713,125.735,1119.33,88.005,119.953,1210.61,82.8749,114.789,1091.47,88.2632,117.34,1204.28,86.0173,131.523,1114.86,89.0391,93.8345,1189.98,93.0159,80.9773,1156.37,78.5212,44.5661,1152.59,123.607,53.1967,1167.49,61.6442,15.1463,1157.41,122.42,21.3965,1160.49,57.4757,151.675,1149.9,44.1365,146.595,1144.52,38.0847,156.872,1142.89,48.7871,166.739,0,0,0
003729:1157.14,96.1846,148.881,1158.96,94.5917,152.395,1150.57,94.4324,153.669,1159.28,93.6808,149.772,1152.76,84.4333,150.797,1136.35,92.034,136.167,1199.66,92.396,124.245,1131.08,90.5927,118.436,1196.34,85.1108,119.071,1103.17,87.974,113.634,1192.12,87.2456,131.858,1136.27,86.7576,91.8,1141.16,98.7382,98.451,1153.01,77.782,45.824,1138.39,124.433,55.4904,1167.49,61.6442,15.1463,1150.96,122.988,23.1558,1161.06,57.3783,150.959,1148.96,44.2325,146.06,1144.55,38.2143,154.346,1145.07,48.3792,163.957,0,0,0
003730:1162.5,95.8106,149.446,1162.92,93.9937,152.452,1165.73,96.2412,152.094,1152.8,91.3492,151.498,1170.23,87.382,148.171,1143.73,92.1612,134.586,1209.28,94.4858,121.953,1120.48,88.5887,118.955,1197.38,85.3148,119.17,1102.27,88.0653,113.511,1192.12,87.2456,131.858,1143.8,86.2316,88.7762,1142.33,98.9932,98.3773,1146.47,77.4162,47.7061,1124.33,125.666,59.0681,1167.49,61.6442,15.1463,1166.8,122.667,16.7501,1160.78,57.3725,150.048,1148.94,44.8498,143.283,1145.79,38.005,153.388,1147.89,48.9444,163.192,0,0,0
003731:1110.41,89.0391,157.417,1123.05,88.7691,158.954,1110.32,88.5817,161.384,1168.7,93.6657,147.505,1141.31,83.1287,152.543,1148.07,92.1738,134.024,1210.71,95.2861,122.045,1139.64,93.7334,115.208,1191.85,86.2341,120.63,1099.56,88.0047,114.028,1195.55,86.8956,131.692,1145.2,86.8218,88.5004,1156.88,101.998,95.7922,1146.47,77.4162,47.7061,1124.33,125.666,59.0681,1169.63,61.4598,16.4343,1157.9,125.769,20.873,1158.98,56.485,146.522,1149.8,45.1235,140.94,1148.22,38.5481,151.237,1152.33,48.4844,160.086,0,0,0
003732:1111.45,88.114,158.097,1121.36,87.9401,159.173,1114.25,88.3237,160.694,1150.62,91.4297,150.961,1148.7,84.4433,151.346,1149,93.4785,133.919,1212.37,96.3575,121.714,1117.19,88.9586,119.672,1193.84,86.6454,120.48,1101.68,88.682,110.309,1195.55,86.8956,131.692,1138.19,87.5754,89.4307,1165.63,102.254,94.0941,1144.83,77.5981,47.8686,1124.33,125.666,59.0681,1164.2,62.0471,15.7839,1168.45,128.293,18.7857,1161.6,56.5761,144.926,1146.13,45.5038,139.161,1148.44,38.6768,149.395,1149.62,48.0604,158.54,0,0,0
003733:1145.91,93.4631,150.393,1148.14,92.5134,153.772,1143.12,92.3147,154.636,1157.33,95.4089,149.453,1151.89,84.9756,150.427,1142.3,94.1835,134.986,1209.2,96.6681,122.103,1116.58,89.3865,119.667,1197.71,87.4661,119.836,1110.24,88.4707,107.424,1195.55,86.8956,131.692,1138.19,87.5754,89.4307,1173.86,102.954,92.5174,1152.09,78.6431,45.8664,1124.33,125.666,59.0681,1164.2,62.0471,15.7839,1168.45,128.293,18.7857,1161.34,56.5768,143.999,1144.23,45.4594,137.855,1149.92,38.3585,146.575,1147.48,46.8015,156.558,0,0,0
003734:1181.55,93.7058,144.039,1180.27,92.6854,148.258,1174.22,92.5098,149.091,1170.74,95.1001,147.987,1155.68,86.1002,150.542,1143.5,95.0295,135.749,1204.43,99.0424,124.018,1116.5,89.3841,119.409,1203.58,88.7039,118.94,1113.09,89.2073,105.283,1197.55,87.3051,131.607,1138.15,87.5742,89.2992,1166.09,104.091,93.9909,1152.09,78.6431,45.8664,1124.33,125.666,59.0681,1164.2,62.0471,15.7839,1175.43,129.996,16.8847,1162.81,56.8698,143.71,1163.84,49.6792,130.578,1150.61,38.6191,143.793,1153.51,48.074,153.471,0,0,0
003735:1171.61,97.2195,146.993,1163.15,93.992,151.916,1172.77,97.5733,150.207,1141.07,90.4819,153.845,1181.85,93.7004,146.528,1147.47,94.5943,134.635,1202.43,99.2247,123.968,1116.5,89.3841,119.409,1182.86,84.4098,120.723,1112.71,89.1997,104.027,1196.01,87.8835,134.579,1140.38,88.0708,88.7782,1140.07,103.978,97.1124,1152.09,78.6431,45.8664,1126.52,126.21,58.5121,1158.35,63.9905,18.0656,1183.56,132.003,14.2739,1165.14,58.1794,141.063,1160.51,50.0664,130.049,1156.54,38.1589,140.319,1156.37,47.8047,150.15,0,0,0
003736:1116.76,93.6282,156.85,1126.08,93.0623,158.843,1116.36,93.2186,160.611,1163.3,95.9849,149.033,1139.8,87.5506,153.244,1154.31,93.8316,132.394,1211.24,102.043,121.55,1116.5,89.3841,119.409,1171.59,88.1654,124.881,1112.34,89.2035,102.615,1196.01,87.8835,134.579,1143.79,88.8178,88.1742,1127.77,105.159,98.3814,1152.09,78.6431,45.8664,1140.1,125.152,58.7299,1164.12,62.0444,15.5372,1183.51,132.004,14.0873,1168.03,58.4117,137.696,1159.42,50.1574,129.059,1151.37,38.7661,138.581,1153.77,47.8563,149.205,0,0,0
003737:1136.07,98.5233,154.783,1142.39,96.7113,157.263,1135.66,98.236,158.533,1168.64,95.7168,149.214,1154.24,91.707,152.05,1156.57,93.6124,132.468,1217.96,103.896,120.7,1123,90.8585,117.995,1178.09,91.1378,123.903,1110.55,88.9665,100.217,1196.97,88.0888,134.39,1148.34,89.8185,87.305,1139.68,108.006,94.945,1152.09,78.6431,45.8664,1147.79,124.454,55.9973,1164.12,62.0444,15.5372,1179.84,132.695,15.7581,1169.96,58.8557,136.205,1160.21,51.4038,126.586,1154.78,39.3409,134.377,1157.21,46.7563,145.158,0,0,0
003738:1159.06,101.387,150.705,1156.02,98.0698,154.679,1159.25,101.378,154.055,1153.1,93.2113,152.252,1175.43,95.1877,148.322,1158.34,93.3814,131.052,1165.36,108.953,131.439,1113.32,88.6508,120.287,1186.04,93.3767,122.784,1109.9,88.293,99.8532,1198.33,90.4375,135.218,1148.07,89.4736,87.3677,1150.64,110.632,91.6681,1152.09,78.6431,45.8664,1146.2,124.593,56.3995,1164.12,62.0444,15.5372,1182.45,134.405,15.32,1173.12,59.5936,133.487,1165.47,53.0484,123.04,1156.64,39.7561,132.657,1165.76,45.5433,142.382,0,0,0
003739:1200.49,97.0246,141.049,1191.65,94.4467,146.179,1198.95,97.3618,144.836,1159.83,93.7163,149.806,1183.26,94.9812,145.524,1159.06,93.5409,130.906,1165.36,108.953,131.439,1114.42,91.6305,115.453,1182.18,95.6454,124.365,1111.9,87.6716,98.6988,1196.68,90.6114,135.543,1148.07,89.4736,87.3677,1151.42,112.573,95.6186,1149.01,79.0129,46.9259,1145.73,125.006,56.518,1164.12,62.0444,15.5372,1174.66,135.08,19.3404,1172.84,60.5725,132.559,1162.56,56.2645,121.317,1157.37,41.8613,127.017,1162.34,45.8265,138.809,0,0,0
003740:1145.8,103.229,154.611,1148.28,100.222,157.644,1147.02,103.216,157.991,1163.89,95.7047,150.943,1163.92,97.2276,151.476,1157.48,93.7085,131.229,1165.36,108.953,131.439,1128.09,92.0964,115.484,1161.19,102.385,129.982,1111.45,87.6579,97.2778,1195.04,90.7852,135.868,1151.36,89.2123,89.017,1153.95,113.006,93.047,1147.43,79.1961,47.3327,1134.39,125.957,58.3411,1164.12,62.0444,15.5372,1171.51,135.346,20.7375,1169.29,61.1842,131.446,1162.02,57.2304,119.597,1158.21,42.3754,124.529,1164.57,47.8509,135.676,0,0,0
003741:1196.85,101.498,140.758,1190.78,99.2809,145.544,1192.75,101.046,145.06,1162.57,97.7961,148.756,1177.26,95.7399,145.988,1157.48,93.7085,131.229,1163.76,109.106,131.764,1125.07,92.3621,114.284,1176.76,105.975,126.28,1111.45,87.6579,97.2778,1197.03,91.1984,135.788,1154.67,88.7083,84.8294,1159.46,114.347,91.2091,1147.43,79.1961,47.3327,1127.68,126.908,60.041,1164.12,62.0444,15.5372,1182.17,138.361,20.5129,1174.13,62.7213,129.109,1166.09,58.6043,117.382,1150.05,43.74,120.919,1167.82,48.3149,133.437,0,0,0
003742:1177.51,103.719,147.103,1170.73,100.2,151.53,1179.5,104.108,150.24,1148.82,95.2339,152.622,1193.03,100.022,145.231,1157.42,93.7089,131.002,1167.35,109.96,130.726,1127.21,92.8595,113.627,1169.38,110.988,129.82,1116.18,88.8823,93.5548,1186.61,89.4996,137.301,1149.29,89.2698,85.3784,1153.31,114.913,92.4771,1147.43,79.1961,47.3327,1128.32,127.589,59.8805,1164.12,62.0444,15.5372,1184.02,139.364,20.0155,1166.87,64.2866,129.006,1170.18,59.983,115.16,1157.32,46.2583,116.438,1170.25,49.126,130.989,0,0,0
003743:1168.01,105.501,149.856,1164.46,102.03,153.818,1171.39,106.006,152.765,1147.36,95.3696,154.428,1182.94,98.9843,147.885,1157.39,93.7091,130.888,1169.96,110.6,129.629,1131.6,93.8573,112.664,1172.15,111.633,129.256,1115.22,88.9731,93.3116,1199.3,92.2007,135.655,1135.94,90.7762,89.4957,1149.47,115.225,92.079,1147.43,79.1961,47.3327,1131.71,128.418,59.3512,1164.12,62.0444,15.5372,1165.52,140.741,24.1839,1167.46,64.9241,128.394,1178.62,62.2729,111.377,1159.83,47.5526,114.311,1177.45,50.2089,125.84,0,0,0
003744:1169.45,103.544,148.186,1167.91,101.078,151.962,1168.95,103.535,151.741,1158.49,98.8492,150.775,1174.15,97.701,147.916,1157.3,93.7097,130.548,1166.6,110.9,129.799,1131.6,93.8573,112.664,1174.51,113.228,128.929,1114.4,89.0657,93.5047,1200.6,92.997,135.711,1136.06,90.78,89.8895,1149.47,115.225,92.079,1145.86,79.379,47.7386,1131.71,128.418,59.3512,1166.48,62.5201,14.8904,1166.75,141.033,24.1231,1163.49,66.1138,128.48,1170.59,63.6959,111.627,1155.6,49.2588,113.393,1184.1,51.5242,123.85,0,0,0
003745:1159.45,105.807,151.167,1161.69,103.658,154.505,1156.95,104.779,155.236,1163.1,101.103,150.862,1164.82,95.4128,150.458,1149.18,94.5366,131.212,1163.33,111.772,129.436,1131.6,93.8573,112.664,1174.46,114.762,129.511,1113.37,89.152,93.0503,1206.38,94.2519,134.575,1136.06,90.78,89.8895,1151.71,115.761,91.5624,1151.08,80.3531,49.1256,1131.67,128.419,59.1721,1166.48,62.5201,14.8904,1167.41,141.739,23.9463,1167.94,69.8519,125.359,1165.48,65.9572,110.886,1157.77,49.69,112.8,1180.96,53.2859,121.538,0,0,0
003746:1163.07,106.509,151.503,1160.37,103.169,155.196,1166.61,107.302,154.292,1144.91,97.2839,154.97,1180.79,100.847,148.478,1149.08,94.5371,130.874,1163.25,111.77,129.194,1131.48,93.8536,112.273,1179.14,115.85,128.713,1117.78,90.477,91.2633,1214.01,99.0702,133.968,1156.59,95.2426,87.6547,1151.71,115.761,91.5624,1160.47,82.3351,47.504,1133.78,128.971,58.2556,1161.67,63.58,17.8122,1162.8,144.343,25.1893,1172.77,71.9007,123.252,1171.98,67.3268,108.738,1176.06,54.703,104.744,1181.2,55.8915,119.756,0,0,0
003747:1154.59,106.471,153.138,1154.81,103.005,156.099,1155.84,106.604,156.263,1151.87,95.9224,153.184,1164.61,98.8351,151.332,1149.05,94.5373,130.761,1164.93,112.195,128.333,1129.63,94.0299,112.121,1190.97,116.94,127.703,1119.23,90.2865,90.2233,1224.8,101.432,131.853,1133.53,91.058,90.4814,1152.74,116.03,90.9429,1160.47,82.3351,47.504,1143.48,131.472,54.642,1161.67,63.58,17.8122,1166.2,146.345,23.486,1173.29,73.03,122.531,1166.77,69.8254,107.776,1171.01,56.2637,104.122,1184.66,58.6036,118.045,0,0,0
003748:1148.02,106.517,153.884,1152.14,104.1,156.695,1145.97,105.77,157.822,1166.04,100.772,150.563,1155,97.7588,152.978,1149.05,94.5373,130.761,1161.74,112.495,128.99,1128.67,94.1167,111.915,1211.32,122.217,123.789,1123.27,90.943,88.9349,1232.84,103.168,130.752,1134.63,91.3078,90.2229,1156.08,116.839,89.9828,1160.52,82.3344,47.688,1146.79,132.311,53.6086,1164.02,64.057,17.1701,1165.07,147.173,23.2038,1188.03,76.159,118.345,1165.55,70.8916,106.44,1149.73,59.317,104.905,1191.85,60.1005,115.047,0,0,0
003749:1156.76,108.611,152.636,1156.32,104.951,155.761,1157.52,108.666,155.926,1149.9,97.3171,153.49,1164.47,100.043,151.318,1145.94,94.8684,131.403,1165.64,113.353,129.109,1128.43,94.1094,111.134,1199.4,123.214,125.679,1126.68,91.2417,86.5859,1234.84,103.605,130.362,1133.79,91.4002,90.4201,1155.91,116.834,89.4496,1160.52,82.3344,47.688,1149.03,132.872,53.0382,1159.14,64.6538,18.2413,1165.02,147.174,23.0201,1188.33,78.0391,117.04,1166.83,73.7968,103.073,1156.9,60.8,102.697,1199.19,61.9968,109.631,0,0,0
003750:1157.88,109.191,151.823,1159.08,105.507,154.37,1157.05,109.152,155.348,1158.81,97.3935,150.861,1166.37,103.388,150.778,1141.21,95.3634,132.025,1171.96,114.867,127.352,1129.01,94.0117,110.167,1199.64,123.277,125.512,1127.15,91.1381,85.2105,1248.71,108.286,127.645,1132.95,91.4925,90.6171,1158.13,117.375,88.7463,1169.47,84.7722,45.7942,1144.74,133.949,53.6043,1161.55,65.1343,17.8473,1178.8,150.738,18.8985,1191.92,79.0813,115.541,1164.13,75.5217,102.439,1169.15,63.8394,98.7312,1200.23,63.0436,107.654,0,0,0
003751:1156.11,108.169,152.099,1155.83,104.486,155.006,1157.57,108.466,155.1,1153.43,97.1473,151.948,1170.65,102.114,149.475,1140.3,95.6866,131.975,1174.57,115.514,126.294,1128.89,94.008,109.777,1196.5,124.674,126.203,1127.15,91.1381,85.2105,1241.72,108.928,129.017,1141.4,93.9353,89.2182,1159.88,117.215,88.3413,1167.79,85.396,47.5526,1148.65,134.385,52.8725,1161.55,65.1343,17.8473,1178.8,150.738,18.8985,1188.5,79.9201,115.265,1174.28,79.4311,99.6978,1168.74,65.3043,97.5858,1187.72,65.065,109.949,0,0,0
003752:1156.95,110.369,151.146,1156.69,106.665,153.964,1156.78,110.191,154.558,1152.85,98.6432,150.903,1171.13,103.747,148.759,1141,95.8455,131.831,1180.03,116.826,124.708,1140.52,92.6558,104.881,1194.89,124.814,126.724,1128.16,91.3884,84.5915,1236.67,109.41,130.543,1141.09,94.7111,89.3899,1160.08,117.232,89.2054,1167.79,85.396,47.5526,1148.65,134.385,52.8725,1161.55,65.1343,17.8473,1178.8,150.738,18.8985,1183.36,82.4066,114.986,1173.71,81.3896,98.2132,1165.62,65.6737,97.9162,1190.28,67.6579,107.901,0,0,0
003753:1161.6,110.657,149.446,1160.84,108.117,153.599,1165.2,108.658,152.079,1156.91,104.513,150.706,1168.85,99.7508,148.474,1141,95.8455,131.831,1178.52,117.555,124.604,1132.09,94.7602,108.689,1190.76,125.93,128.142,1124.77,91.7551,85.2581,1223.42,109.324,97.146,1139.76,96.7042,89.3201,1170.12,119.686,85.9255,1167.79,85.396,47.5526,1153.01,135.518,51.1824,1162.72,65.3736,17.5268,1178.8,150.738,18.8985,1178.45,83.8978,115.162,1177.35,82.6804,97.1527,1176.99,69.8466,93.3693,1195.41,69.9825,106.176,0,0,0
003754:1159.46,109.39,150.937,1161.37,106.15,153.117,1158.92,109.793,154.23,1159.49,99.4775,149.596,1176.45,106.391,147.861,1141,95.8455,131.831,1180.04,118.95,124.659,1135.47,94.7331,107.098,1193.38,127.608,127.876,1129.84,91.2037,84.1917,1238.79,109.854,130.607,1146.43,98.2361,87.5746,1157.16,120.83,88.66,1167.79,85.396,47.5526,1161.99,137.798,48.5049,1166.24,66.0938,16.5624,1178.8,150.738,18.8985,1186.6,85.9171,113.061,1184.88,87.169,93.3504,1166.76,72.4968,94.688,1199.69,74.8972,104.886,0,0,0
003755:1162.17,109.524,150.033,1158.89,106.264,153.729,1162.16,109.228,153.383,1146.18,102.445,152.673,1180.69,102.576,146.756,1137.92,96.1726,132.468,1176.78,119.239,125.33,1135.47,94.7331,107.098,1185.24,129.401,129.264,1129.51,91.1935,83.1438,1223.55,111.272,134.436,1141.91,99.8027,88.0154,1156.62,121.243,88.5246,1159.3,86.2717,48.1302,1164.35,138.374,48.1699,1168.59,66.5756,15.9171,1188.28,153.142,16.7338,1185.33,89.1992,112.464,1168.24,89.2402,98.2017,1168.1,73.7871,94.0145,1201.96,76.3733,104.396,0,0,0
003756:1180.05,109.672,145.84,1176.35,106.757,149.705,1182.73,109.837,148.227,1149.4,101.773,151.267,1190.95,107.399,143.518,1136.38,96.3356,132.786,1175.32,119.388,126.153,1135.47,94.7331,107.098,1189.17,131.357,129.433,1132.78,91.9438,82.173,1223.71,111.276,134.936,1144.05,100.318,87.1328,1157.79,122.614,87.7315,1146.69,87.6818,51.6197,1168.94,139.526,47.0007,1170.96,67.0587,15.27,1192.87,154.359,14.8951,1192.83,92.0771,110.995,1165.28,91.0347,99.6069,1188.21,78.2889,88.7111,1196.49,79.738,106.201,0,0,0
003757:1166.31,112.137,149.082,1164.92,108.175,151.89,1168.57,112.099,151.713,1154.85,100.751,150.017,1184.04,104.216,145.281,1136.03,97.2963,132.623,1183.03,121.746,124.626,1135.39,94.7306,106.836,1182.83,136.049,133.104,1131.43,94.2684,81.0766,1213.53,112.205,136.918,1149.67,101.608,85.8193,1157.79,122.614,87.7315,1157.55,86.4439,48.0491,1168.94,139.526,47.0007,1177.77,66.2734,14.4806,1198.82,155.885,13.2854,1200.48,94.2334,109.621,1177.16,95.8687,97.7056,1186.76,81.9364,90.295,1205.39,81.6686,103.028,0,0,0
003758:1171.37,114.314,145.795,1170.78,110.971,148.872,1167.55,112.978,149.85,1166.84,105.018,146.418,1177.52,103.609,145.287,1133.59,97.7791,132.891,1184.24,122.558,124.486,1135.06,94.7208,105.789,1199.38,140.101,130.284,1130.51,94.3567,81.0164,1212.92,117.279,139.676,1149.67,101.608,85.8193,1152.92,124.127,87.888,1157.57,87.5499,47.1259,1171.68,141.916,44.9616,1177.77,66.2734,14.4806,1198.82,155.885,13.2854,1207.33,97.7377,108.546,1183.86,98.8462,96.5893,1188.81,83.6549,89.3322,1202.45,83.1723,101.899,0,0,0
003759:1165.2,113.721,146.862,1165.38,110.032,149.799,1164.38,112.898,150.294,1166.41,104.334,146.606,1180.68,104.872,144.815,1133.74,97.7834,133.366,1188.77,123.676,122.934,1137.93,95.473,103.497,1191.08,140.723,132.101,1130.51,94.3567,81.0164,1222.04,119.3,139.237,1147.95,101.784,86.2231,1154.11,125.501,87.1602,1157.57,87.5499,47.1259,1171.6,141.913,44.7129,1178.89,66.5131,13.9056,1189.39,153.035,14.09,1215.57,101.611,106.42,1195.19,103.119,94.5755,1189.89,88.6937,88.7134,1205.93,86.9905,100.388,0,0,0
003760:1169.66,111.332,146.697,1167.9,108.469,149.241,1170.02,111.672,149.334,1154.71,104.085,148.014,1185.72,108.799,143.171,1136.46,98.4207,132.57,1177.46,124.66,125.787,1142.03,96.4827,101.254,1184.94,142.396,133.395,1132.07,94.171,80.2177,1192.58,122.505,146.521,1137.96,103.518,87.7062,1154.11,125.501,87.1602,1157.57,87.5499,47.1259,1171.52,141.911,44.4641,1176.81,67.1543,14.474,1192.18,153.227,12.9326,1223.94,104.515,104.134,1195.42,106.343,96.6645,1199.38,92.837,85.4277,1210.1,90.0755,101.129,0,0,0
003761:1162.8,115.608,146.842,1166.77,112.685,149.798,1165.01,113.878,149.467,1175.9,109.07,144.585,1161.67,105.135,147.468,1139.18,99.0603,131.771,1177.46,124.66,125.787,1142.07,96.8239,100.441,1192.38,144.859,130.978,1126.02,94.8008,81.1082,1203.83,125.198,143.905,1146.87,102.561,84.119,1149.83,126.593,87.6335,1163.24,89.9328,44.2271,1171.6,141.913,44.7129,1166.84,68.3324,16.3974,1206.38,156.902,8.4674,1206.62,104.714,108.577,1181.94,107.134,98.6495,1196.83,93.4229,88.2798,1214.1,93.1645,101.406,0,0,0
003762:1157.14,116.763,147.453,1160.25,113.679,149.897,1156.27,115.501,150.826,1175.59,109.037,143.396,1171.86,105.907,144.711,1140.48,99.3812,131.147,1177.46,124.66,125.787,1141.09,96.9099,100.239,1194.07,146.872,131.013,1126.75,95.827,80.7424,1203.15,127.111,145.126,1146.87,102.561,84.119,1149.76,126.591,87.3904,1144.76,92.0194,51.0875,1171.6,141.913,44.7129,1167.68,70.1295,15.4323,1207.71,157.922,6.16097,1202.81,107.084,110.77,1182.86,109.272,99.9436,1197.75,95.5827,89.3341,1212.07,95.9179,103.999,0,0,0
003763:1154.96,118.539,147.477,1158.31,115.637,150.036,1152.6,116.97,151.159,1172.21,109.821,143.804,1150.51,107.135,148.456,1140.48,99.3812,131.147,1170.43,125.199,125.415,1144.17,97.6732,98.4998,1192.83,148.171,131.264,1135.93,95.9555,78.3437,1198.72,130.252,147.228,1150.11,103.343,82.782,1149.76,126.591,87.3904,1155.76,90.8171,48.0015,1175.61,141.688,46.1097,1163.43,71.3878,16.0655,1217.63,158.393,0.928693,1204.13,110.655,111.12,1188.68,110.972,101.034,1201.07,99.324,93.6414,1216.2,98.767,104.763,0,0,0
003764:1155.99,118.083,146.826,1155.46,114.353,149.713,1157.34,117.437,149.743,1165.78,108.101,143.719,1164.65,110.641,145.468,1140.42,99.3816,130.922,1162.63,125.892,127.805,1143.55,98.4427,97.6522,1199.41,149.837,129.945,1146.34,97.8231,74.7771,1202.51,133.302,146.665,1142.08,104.132,84.0342,1150.8,126.864,86.8864,1161.63,90.1069,44.641,1159.42,143.174,47.0328,1172.38,70.1948,10.9138,1215.71,159.376,4.60815,1209.21,112.45,112.187,1195.61,114.268,100.772,1203.49,101.831,94.242,1215.4,100.353,105.441,0,0,0
003765:1155.73,118.868,143.385,1155.24,115.777,146.229,1157.69,117.925,146.308,1165.28,110.164,140.913,1167.09,110.617,142.513,1140.42,99.3816,130.922,1169.7,127.674,125.426,1141.63,98.6145,97.3824,1189.4,150.524,131.956,1139.76,99.2237,75.4649,1211.7,135.975,146.324,1138.96,104.446,84.7718,1155.31,127.544,84.2648,1118.61,94.8404,57.5505,1159.48,144.287,46.6292,1168.12,70.8011,14.24,1218.07,159.998,3.68381,1215.8,115.288,109.924,1200.26,117.563,101.02,1215.04,106.679,92.1983,1225.69,103.856,104.016,0,0,0
003766:1145.32,117.536,147.286,1145.65,114.178,149.613,1156.25,118.498,148.157,1154.5,107.289,144.098,1206.31,116.488,135.597,1140.34,99.3795,130.684,1169.7,127.674,125.426,1148.04,100.149,94.7826,1175.02,152.708,134.995,1136.26,99.5757,76.0259,1220.74,140.233,146.184,1142.28,105.229,83.8644,1157.16,128.09,82.3975,1151.98,92.245,45.9458,1188.76,142.248,43.1793,1173.18,69.9692,7.72866,1211.37,161.152,4.19844,1220.06,117.677,111.179,1193.42,118.691,103.763,1202.51,106.974,98.6238,1226.48,108.807,105.887,0,0,0
003767:1151.26,117.381,145.942,1149.88,113.792,148.717,1163.42,118.212,146.673,1154.8,107.471,143.973,1222.96,115.861,132.185,1144.68,100.506,127.629,1168.09,127.81,125.759,1150.29,101.007,93.3173,1178.09,154.004,134.841,1136.26,99.5757,76.0259,1219.87,142.151,146.975,1142.28,105.229,83.8644,1161.64,129.205,81.1513,1168.09,94.0806,44.924,1169.29,143.562,44.109,1137.25,74.6465,25.8914,1214.55,160.928,2.2083,1219.5,119.997,113.32,1202.91,121.144,106.229,1224.21,111.208,96.3036,1236.51,111.195,105.69,0,0,0
003768:1156.49,119.456,145.55,1154.83,115.52,148.384,1164.72,119.91,147.061,1151.04,109.039,145.035,1215.12,116.425,133.986,1148.34,100.982,124.374,1163.04,128.208,126.029,1150.21,101.005,93.0524,1178.09,154.004,134.841,1139.22,100.351,73.7764,1220.63,146.098,147.462,1143.35,105.49,83.4206,1165.01,130.044,80.1667,1152.86,95.5823,46.0642,1158.19,145.097,45.8939,1167.59,70.7823,12.5067,1192.07,161.168,8.93725,1205.95,125.219,121.41,1204.45,124.226,107.406,1223.6,112.794,97.8396,1227.86,111.759,108.907,0,0,0
003769:1158.81,119.79,145.073,1157.55,116.173,147.482,1163.23,120.592,147.287,1158.23,109.055,142.455,1177.8,120.212,141.39,1153.16,101.633,122.269,1163.04,128.208,126.029,1156.37,101.308,96.3518,1171.6,154.441,136.294,1140.25,100.61,73.1447,1219.59,148.61,146.878,1143.35,105.49,83.4206,1167.25,130.606,79.4475,1145.48,96.4263,49.6325,1169.9,144.337,46.0612,1158.47,72.386,17.7011,1213.45,159.893,4.72327,1214.52,127.787,123.304,1206.77,127.564,111.436,1225.74,116.165,100.944,1236.88,117.847,112.903,0,0,0
003770:1151.87,118.671,146.563,1150.28,115.028,149.398,1159.78,119.601,147.952,1161.95,110.039,142.621,1185.85,118.997,139.756,1157.74,102.773,119.828,1163.12,128.21,126.271,1153.55,101.782,92.0947,1178,156.108,135.014,1144.39,101.647,70.7897,1187.4,152.326,153.153,1138.28,105.967,83.8686,1166.77,131.021,79.5608,1134.34,97.5699,51.73,1186.99,143.051,40.5647,1143.97,74.4639,20.769,1212.12,159.97,4.88477,1215.1,130.776,126.835,1194.24,130.897,118.817,1208.41,120.547,110.706,1221.98,121.278,122.295,0,0,0
003771:1162.93,121.527,142.706,1165.93,118.517,144.973,1162.84,121.097,145.821,1180.79,114.179,137.745,1151.1,115.113,144.447,1160.66,102.942,118.848,1159.92,128.478,126.935,1153.59,101.783,92.2274,1182.2,158.239,134.638,1140.1,102.43,70.836,1197.65,157.073,151.737,1141.53,105.63,82.741,1169.05,131.584,79.0222,1146.59,97.0286,48.513,1166.28,145.707,46.2664,1160.4,73.6553,16.3952,1229.52,158.887,-0.243071,1223.6,135.865,129.795,1188.15,131.967,123.927,1207.78,124.166,116.118,1227.28,125.618,125.145,0,0,0
003772:1166.93,123.042,141.739,1173.91,121.144,143.741,1160.74,121.404,145.959,1193.81,118.255,135.204,1136.3,112.264,146.544,1155.23,103.409,117.959,1158.33,128.612,127.265,1157.33,102.916,91.6045,1180.47,158.343,134.721,1139.63,103.209,70.4257,1211.59,160.723,148.285,1147.35,107.303,81.5962,1169.05,131.584,79.0222,1145.66,97.8843,48.7476,1167.45,145.631,46.2312,1159.19,73.779,16.2689,1216.82,159.701,4.41255,1224.59,139.128,134.786,1215.51,134.193,127.141,1208.31,125.677,126.578,1241.75,132.693,133.972,0,0,0
003773:1163.74,122.895,141.683,1163.16,119.025,144.197,1167.63,123.352,144.099,1167.81,112.078,139.25,1179.1,122.111,139.707,1155.73,103.351,117.643,1160.14,129.057,126.89,1157.33,102.916,91.6045,1178.83,158.448,135.05,1149.9,104.886,79.5079,1221.14,163.258,145.446,1152.65,108.611,78.9524,1169.17,131.596,79.2788,1140.96,98.3371,48.9145,1174.99,145.06,43.5292,1154.72,74.2865,16.9394,1216.63,159.706,3.65387,1229.79,143.337,140.226,1225.65,136.088,133.579,1227.85,129.131,137.057,1242.31,137.393,143.918,0,0,0
003774:1167.46,123.384,140.991,1165.23,119.444,143.946,1165.77,123.657,144.451,1172.73,113.659,138.323,1161.37,121.66,143.112,1152.69,103.654,118.152,1159.49,130.561,125.732,1157.33,102.916,91.6045,1177.26,159.375,131.563,1138.75,103.646,69.491,1214.27,163.666,146.743,1150.38,108.775,77.9851,1166.31,131.872,81.2725,1142.81,98.8134,46.0931,1170.03,145.435,45.2747,1153.04,74.4298,16.1041,1220.15,160.65,2.08065,1234.3,147.114,146.066,1237.39,140.478,135.215,1245.62,134.622,141.892,1243.4,140.676,149.302,0,0,0
003775:1164.29,123.518,140.672,1163.54,119.626,143.409,1164.81,123.378,143.513,1173.36,114.156,137.022,1167.98,120.292,140.153,1156,103.954,115.203,1168.12,130.492,125.237,1151.1,103.521,92.4667,1177.26,159.375,131.563,1138.98,104.342,68.2826,1200.24,169.747,149.618,1149.86,108.859,79.0267,1166.31,131.872,81.2725,1148.03,98.3211,46.045,1169.33,145.464,44.7457,1164.57,74.6094,12.8396,1217.71,160.023,2.75049,1223.72,153.109,154.68,1243.55,145.661,141.41,1246.48,140.749,151.008,1242.68,149.566,158.158,1162.71,207.86,214.141
003776:1159.98,123.321,142.155,1160.06,119.6,144.602,1163.11,123.694,144.532,1171.63,114.59,137.511,1171.51,122.195,139.881,1157,104.318,114.711,1167.84,132.589,124.518,1151.1,103.521,92.4667,1176.85,159.952,129.571,1138.98,104.342,68.2826,1172.38,171.338,155.917,1150.67,110.279,78.5797,1167.53,133.265,80.6003,1144.64,98.7041,47.6998,1172.47,147.899,44.675,1158.42,75.3522,14.9648,1219.66,159.512,2.11103,1228.82,158.239,158.136,1237.26,147.757,150.676,1249.73,148.441,160.57,1246.72,157.106,165.02,1162.12,207.848,212.27
003777:1171.26,122.815,138.258,1169.65,119.113,141.091,1170.69,123.233,141.485,1178.07,114.533,135.082,1166.63,122.028,139.863,1157.75,104.725,114.818,1167.84,132.589,124.518,1151.1,103.521,92.4667,1173.34,160.152,129.502,1137.61,104.525,69.7624,1167.5,171.612,156.835,1150.1,111.047,77.6308,1169.18,134.241,79.6849,1139.35,99.174,47.0207,1169.49,148.108,45.3358,1152.44,76.0056,15.3943,1220.16,159.073,1.25796,1223.62,162.548,163.699,1219.82,153.499,161.737,1238.93,153.532,171.14,1246.98,165.09,171.533,1161.55,207.841,210.429
003778:1169.22,123.956,139.562,1169.38,119.801,141.691,1170.49,124.993,142.584,1172.02,113.004,136.342,1174.36,125.652,139.228,1154.56,105.029,115.095,1167.84,132.589,124.518,1151.1,103.521,92.4667,1173.34,160.152,129.502,1133.26,104.951,70.5464,1171.87,172.829,155.639,1147.08,111.303,77.4774,1165.77,134.496,79.9582,1141.65,101.497,44.1966,1168.54,148.132,44.0995,1151.81,76.0668,15.2778,1214.35,157.507,4.07019,1216.31,169.114,169.602,1226.3,158.083,166.581,1225.69,162.824,181.637,1235.68,174.352,178.47,1160.96,207.829,208.558
003779:1165.33,124.341,138.932,1165.87,120.458,141.083,1169.38,125.622,141.572,1170.52,113.824,135.837,1180.49,126.831,137.375,1157.5,105.214,114.613,1167.84,132.589,124.518,1148.38,103.777,92.6641,1173.34,160.152,129.502,1136.59,105.731,69.7289,1175.27,175.546,152.487,1150.84,110.958,76.9529,1165.77,134.496,79.9582,1148.32,100.801,42.1131,1166.47,148.287,44.9154,1153.4,75.8887,15.0405,1209.59,156.266,5.77659,1215.2,174.525,173.011,1214.69,164.542,177.413,1217.6,171.123,189.031,1218.53,182.269,184.691,1164.63,207.682,206.047
003780:1165.4,124.524,139.147,1165.58,120.763,141.33,1168.32,125.766,141.926,1169.77,114.306,136.05,1178.06,126.959,137.728,1158.21,105.385,114.624,1170.68,132.376,124.451,1148.3,103.774,92.3993,1160.54,161.774,129.02,1137.06,106.422,69.4706,1163.29,179.011,150.058,1154.01,111.773,76.0758,1165.7,134.493,79.7124,1152.67,101.483,40.8426,1166.83,148.265,44.9727,1149.85,76.2937,15.7042,1209.56,156.265,5.68298,1197.3,181.241,180.04,1205.58,172.158,186.098,1222.1,180.859,195.08,1213.73,189.971,189.443,1167.83,208.791,203.568
003781:1164.22,123.782,139.381,1165.41,119.912,141.361,1168.06,125.323,141.903,1171.54,113.83,135.5,1178.82,127.234,137.217,1160.52,105.86,114.058,1171.61,132.892,123.94,1151.08,104.989,91.7611,1160.34,161.776,128.302,1137.06,106.422,69.4706,1163.09,179.012,149.349,1157.16,112.949,74.0981,1166.66,135.885,78.1845,1151.98,102.308,40.9591,1166.23,148.28,44.1829,1156.27,78.9727,13.4495,1208.29,156.346,6.03011,1192.16,187.176,181.898,1210.65,182.462,189.416,1220.86,191.052,199.842,1201.73,197.32,189.944,1163.19,208.923,203.007
003782:1169.38,125.568,138.687,1168.29,121.403,141.341,1171.91,126.607,141.441,1173.73,115.711,135.408,1176.47,126.68,137.723,1160.04,106.629,114.631,1175.6,134.369,122.661,1141.78,103.799,96.7478,1160.14,161.772,127.671,1136.13,106.504,69.4164,1150.25,181.04,147.893,1154.2,113.22,74.6253,1166.61,135.885,78.0028,1154.79,103.518,39.489,1164.05,148.06,44.727,1155.51,79.0492,13.3918,1208.29,156.346,6.03011,1183.36,191.762,181.455,1192.66,186.416,193.485,1196.85,199.821,203.367,1188.09,203.659,189.518,1162.24,208.91,199.921
003783:1172.81,126.013,136.12,1170.57,121.66,139.126,1173.96,127.005,139.332,1174.35,115.352,134.235,1175.29,126.867,137.095,1167.2,108.076,114.261,1177.57,134.21,122.173,1149.16,105.53,94.7721,1166.01,161.936,123.715,1133.53,107.097,69.012,1153.43,181.963,146.9,1157.53,112.905,73.7678,1163.37,136.142,78.7705,1154.67,103.558,40.2476,1176,151.021,42.336,1163.25,81.6122,11.4437,1198.77,156.994,10.0369,1184.24,198.975,180.464,1191.18,193.985,192.979,1187.24,208.303,201.995,1177.47,212.141,190.423,1166.1,208.766,197.988
003784:1168.02,126.486,138.224,1168.7,122.706,140.362,1172.05,127.752,140.702,1171.19,115.793,135.449,1182.04,128.571,136.314,1172.52,109.634,115.074,1176.57,134.587,122.178,1146.97,105.415,93.5431,1183.49,161.467,120.485,1131.29,108.033,68.8572,1182.94,182.545,134.123,1152.87,113.346,74.9579,1152.5,136.738,79.2501,1150.72,103.972,41.7736,1171.57,152.057,42.7687,1138.53,78.3964,17.7118,1210.71,156.964,5.36822,1179.99,201.627,176.289,1163.32,200.832,195.139,1171.76,216.808,198.241,1173.76,217.784,180.676,1169.6,208.615,194.798
003785:1172.62,127.206,138.598,1169.85,122.31,140.478,1173.1,128.532,141.179,1170,115.712,136.435,1176.23,130.811,138.565,1168.97,111.292,115.194,1170.92,136.026,124.886,1157.89,107.642,90.0129,1172.94,162.956,125.841,1147.14,107.979,68.2329,1162.11,181.611,138.765,1163.87,118.34,72.3318,1169.28,137.53,75.1486,1148.38,107.103,41.3955,1174.33,152.139,42.9621,1157.76,81.645,12.662,1204.54,156.175,4.70999,1164.74,205.997,175.929,1160.99,203.821,189.685,1157.19,217.662,194.886,1157.21,220.007,183.82,1155.33,209.006,191.949
003786:1168.23,127.562,138.813,1169.59,123.625,140.532,1168.88,128.883,142.011,1169.83,115.713,135.809,1176.23,130.811,138.565,1164.77,111.688,116.09,1174.7,137.011,123.441,1157.89,107.642,90.0129,1168.64,161.912,125.385,1147.11,109.304,68.9276,1157.49,181.818,138.36,1168.05,119.294,72.0207,1173.27,138.525,74.2023,1148.15,108.429,41.4576,1170,152.434,44.0748,1161.79,82.5149,11.5416,1199.81,156.459,5.2848,1153.64,208.785,172.027,1149.12,207.856,184.568,1148.93,222.727,189.151,1149.71,222.576,177.305,1141.27,209.391,189.145
003787:1168.4,127.561,139.436,1169.79,123.631,141.168,1169.05,128.882,142.634,1170,115.712,136.435,1176.23,130.811,138.565,1168.73,112.615,115.246,1174.87,137.01,124.068,1153.9,108.046,91.5983,1172.53,162.945,124.554,1143.38,108.386,70.5063,1173.28,184.838,135.133,1172.05,120.247,71.0623,1173.27,138.525,74.2023,1152.08,109.351,40.4278,1173.99,153.469,43.0506,1161.79,82.5149,11.5416,1208.73,157.245,3.55958,1151.07,210.011,165.275,1141.55,210.454,177.44,1133.37,222.975,181.459,1146.52,223.778,168.707,1124.19,208.677,188.23
003788:1168.4,127.561,139.436,1169.59,123.625,140.532,1168.88,128.883,142.011,1170,115.712,136.435,1171.99,131.157,139.406,1168.73,112.615,115.246,1170.62,137.341,124.949,1153.9,108.046,91.5983,1172.15,162.94,123.288,1143.54,108.384,71.1324,1164.35,183.949,134.256,1172.05,120.247,71.0623,1173.27,138.525,74.2023,1156.04,110.278,39.3931,1173.99,153.469,43.0506,1165.84,83.3889,10.4158,1199.81,156.459,5.2848,1144.13,211.369,158.717,1138.35,212.915,170.229,1129.37,225.395,171.851,1139.67,223.84,160.842,1115.16,208.932,186.595
003789:1168.4,127.561,139.436,1169.79,123.631,141.168,1168.88,128.883,142.011,1166.01,116.102,137.909,1172.16,131.156,140.031,1168.73,112.615,115.246,1170.62,137.341,124.949,1158.2,108.966,91.9612,1171.94,162.935,122.644,1143.51,109.705,71.8251,1167.46,185.024,130.952,1172.05,120.247,71.0623,1177.44,139.522,73.8864,1156.04,110.278,39.3931,1173.65,154.798,43.1401,1161.61,83.8643,11.5927,1204.54,156.175,4.70999,1141.69,211.342,150.689,1130.94,214.247,161.89,1125.7,226.586,161.564,1136.66,223.802,150.973,1096.1,205.955,188.065
003994:217.563,168.491,0.077328
