009196:1049.73,34.6813,154.717,1051.29,31.6883,158.041,1050.13,37.64,157.973,1056.56,25.5669,154.997,1058.7,41.8938,153.502,1053.12,16.8806,134.954,1076.75,41.8351,127.994,1039.07,5.09321,108.426,1073.69,40.8221,106.107,1030.15,11.6949,90.2574,1077.73,51.2718,92.3334,1056.35,12.5385,85.0668,1067.71,33.5972,84.2213,1050.99,-2.40308,42.5306,1068.24,50.0758,46.1288,1075.31,-33.2448,17.9623,1088.66,36.3649,11.0486,1002.16,39.5968,69.3297,991.919,53.2685,72.5687,987.264,54.4413,60.8763,994.535,42.4661,58.5607,0,0,0
009197:1045.71,35.662,155.492,1048.19,32.6204,158.235,1049.42,38.5209,158.051,1058.32,26.993,153.754,1062.89,42.018,153.021,1053.26,17.9485,134.657,1084.1,43.6052,127.344,1041.78,6.23582,108.059,1073.2,40.8951,106.221,1025.67,14.0413,90.8431,1082.92,52.3508,90.9923,1056.6,12.749,84.9949,1073.32,34.4817,83.6993,1053.1,-0.287428,40.6723,1068.81,50.1826,46.1623,1074.91,-32.9709,18.2786,1088.66,36.3649,11.0486,1000.24,40.8936,69.0087,990.737,54.8223,72.9699,987.3,56.4673,60.2814,991.439,44.6507,58.8138,0,0,0
009198:1045.03,36.2036,155.897,1047.99,33.0807,158.921,1045.67,39.0394,159.129,1054.44,26.9747,155.612,1055.73,43.0263,154.462,1050.02,18.4985,136.057,1077.2,42.5975,128.155,1038.54,6.98182,108.822,1072.76,41.3232,106.312,1029.54,14.9573,89.4258,1083.85,52.2115,90.4894,1052.67,14.9196,87.4408,1072.65,34.3913,83.0545,1052.8,0.678514,40.757,1070.22,50.505,45.2266,1078.25,-32.4858,17.7917,1088.66,36.3649,11.0486,1001.48,42.4611,69.0953,987.867,55.7154,72.9086,988.264,57.8656,59.6501,987.321,45.2686,59.6192,0,0,0
009199:1048.08,36.9131,155.336,1049.73,33.8654,158.606,1049.4,39.7983,158.352,1054.51,27.707,155.486,1058.47,43.9357,153.527,1051.46,19.0749,135.506,1077.9,43.0919,127.788,1039.17,7.93661,108.489,1071.32,41.8984,106.532,1030.06,15.2229,89.2946,1092.3,54.4909,88.2709,1057.02,13.9784,84.8502,1066.2,34.8103,85.2842,1053.99,1.74103,40.3331,1072.8,51.2225,44.3431,1078.25,-32.4858,17.7917,1088.66,36.3649,11.0486,1003.14,43.1107,69.321,989.592,56.8751,73.3863,985.06,58.317,60.2899,984.93,45.947,59.5131,0,0,0
009200:1050.99,39.696,154.445,1050.45,36.596,158.37,1054.26,42.2728,156.969,1052,29.8992,156.422,1064.56,45.1809,151.636,1052.93,20.3476,135.62,1077.11,43.9651,127.89,1037.77,8.18079,108.819,1075.46,42.7315,105.571,1028.34,16.4004,89.6374,1089.39,55.6256,89.1476,1060.27,15.2947,82.6697,1069.55,35.9909,84.3639,1055.16,2.6286,40.0063,1074.78,51.6573,43.3359,1081.44,-31.8186,16.3908,1088.69,36.3645,11.138,993.724,44.5695,72.11,987.513,57.3732,74.4481,980.803,59.8096,61.891,990.777,49.0259,58.0638,0,0,0
009201:1055.05,41.1491,153.398,1054.47,38.0784,156.869,1058.94,43.2031,155.83,1054.62,30.9503,154.727,1070.31,44.7783,150.86,1050.08,21.1064,135.765,1072.52,44.2188,129.211,1034.05,8.82976,109.697,1078.64,43.3586,105.107,1029.06,17.5295,89.626,1088.96,55.8753,89.4274,1054.8,16.2902,85.4544,1067.48,35.5626,85.2756,1050.31,3.99758,40.839,1074.16,51.9088,42.9411,1074.52,-30.2833,18.1989,1088.71,36.3642,11.2273,995.836,45.0765,70.5669,982.283,59.1554,75.9521,978.502,62.3875,63.114,986.278,49.7007,59.2335,0,0,0
009202:1045.53,39.4858,155.76,1046.12,36.3509,159.074,1049.31,42.0691,158.313,1050.15,30.0241,155.776,1063.07,45.283,152.52,1048.3,21.9188,135.685,1068.24,45.5721,130.087,1036.98,9.55045,108.646,1076.71,44.0021,105.557,1029.24,18.7362,89.4905,1090.14,56.9909,89.2311,1056.03,16.2,85.1393,1066.89,35.7999,85.1876,1048.03,5.46968,41.1243,1075.14,52.1268,42.3926,1070.89,-28.6253,19.5376,1088.71,36.3642,11.2273,1006.5,47.6471,68.6043,987.27,61.9976,73.6497,981.965,64.1429,62.7384,989.689,51.6743,60.0986,0,0,0
009203:1040.79,41.9769,156.364,1038.23,39.2527,160.45,1047.64,44.2753,158.154,1040.74,33.4511,158.404,1064.61,45.9844,152.288,1049.25,24.2567,137.78,1072.66,46.5783,130.39,1035.67,10.6535,108.691,1079.38,44.8818,105.029,1029.96,19.8648,89.4937,1087.7,57.5156,90.0798,1056.89,18.1191,84.0628,1067.56,37.7918,85.5791,1050.83,7.16178,40.3429,1078.74,52.8899,41.1264,1072.14,-27.93,19.3846,1088.71,36.3642,11.2273,993.057,47.2486,72.0359,987.439,63.6863,73.6929,985.616,66.0028,61.31,990.241,51.7756,60.3007,0,0,0
009204:1048.39,41.0534,155.058,1047.96,38.041,158.434,1053.35,43.6075,157.269,1049.81,31.8695,155.767,1062.44,45.4237,152.954,1056.68,24.7768,134.712,1064.11,46.0191,132.315,1040.55,11.5751,107.086,1076.4,45.313,105.72,1031.98,20.4167,89.0771,1087.2,57.5841,90.2014,1070.44,19.8254,82.3335,1066.6,39.3384,85.3372,1052.54,8.32095,39.8661,1079.79,53.1082,40.8388,1072.99,-26.7798,19.3315,1088.71,36.3642,11.2273,1000.05,51.3962,70.6062,986.741,64.9973,74.2142,985.181,66.2342,61.4305,993.682,53.1799,59.6837,0,0,0
009205:1050.94,41.39,154.735,1052.14,38.4871,157.738,1055.32,44.0729,157.075,1054.12,32.191,154.958,1062.19,46.0704,153.081,1050.86,24.4897,136.112,1067.67,47.0734,131.854,1043.06,12.0377,106.494,1078.48,45.9111,105.153,1029.8,21.4952,89.7094,1081.18,58.4037,91.7358,1065.32,20.1324,83.4943,1067.14,40.2736,85.8081,1049.72,9.17056,40.6534,1079.88,53.2866,41.0971,1067.6,-25.7353,20.8874,1088.71,36.3642,11.2273,995.079,52.1335,71.9401,984.56,65.6477,74.8826,981.169,67.4665,62.377,988.768,54.4188,60.9561,0,0,0
009206:1038.72,42.4523,157.739,1041.39,39.5936,160.63,1044.78,45.0552,159.807,1047.07,33.6479,156.759,1059.31,46.6442,153.913,1049.38,24.499,136.539,1069.74,47.8599,131.054,1043.64,12.994,106.103,1084.28,47.0765,104.081,1026.77,23.2396,90.5585,1083.83,59.1328,91.1912,1062.91,20.5956,81.8446,1069.91,40.8785,84.2176,1050.81,9.70924,40.3487,1080.44,53.9314,40.8669,1064.59,-24.0049,22.2808,1088.71,36.3642,11.2273,998.453,52.8543,71.391,984.752,67.6738,74.9062,982.139,68.3552,62.1083,991.113,55.9556,59.9574,0,0,0
009207:1048.14,44.6278,154.622,1049.46,41.6643,157.876,1053.03,46.922,157.03,1051.59,35.1157,155.15,1064.68,47.5039,152.301,1057.1,26.0427,134.451,1069.57,47.8185,131.213,1044.15,13.0871,105.984,1079.79,47.7184,105.123,1030.26,23.9096,89.8671,1084.96,59.89,91.0076,1060.91,21.4324,82.3501,1066.66,40.2151,85.1922,1042.78,12.1535,42.2482,1080.46,54.111,40.8613,1062.2,-21.3189,22.9743,1088.71,36.3642,11.2273,999.577,54.593,71.1798,986.143,69.8507,74.017,975.979,71.5657,63.3895,992.373,58.4758,58.2171,0,0,0
009208:1043.08,44.9347,155.249,1046.29,41.4912,158.223,1047.92,47.5084,157.837,1053.82,34.4849,154.468,1060,48.677,153.233,1061.03,26.7911,133.352,1067.13,47.491,131.667,1042.83,14.364,105.954,1078.82,48.0378,105.349,1032.78,24.5631,89.3282,1085.14,61.496,90.9677,1058.48,23.5504,83.3719,1065.1,40.5899,85.5157,1041.57,13.6231,42.586,1081.02,54.5775,40.7185,1063.51,-20.6203,23.1652,1089.25,36.469,11.0709,992.389,55.987,73.1064,988.966,71.0035,73.3523,987.319,74.4503,59.7119,993.421,59.8761,57.9267,0,0,0
009209:1042.18,45.0683,156.187,1045.3,41.639,159.19,1046.91,47.7357,158.761,1053.53,34.8383,155.277,1059.68,49.1702,154,1054.43,26.2707,135.352,1067.34,49.7472,131.733,1044.79,14.7384,105.307,1077.31,48.428,105.517,1033.33,25.0052,89.191,1088.81,62.2769,90.0859,1052.35,22.648,85.2083,1062.59,41.3022,85.7701,1040.77,14.66,42.8087,1079.96,54.7153,40.8314,1067.05,-18.5148,22.0532,1090.89,36.7852,10.6837,995.728,57.3952,72.213,992.701,73.3905,72.1135,990.226,76.1243,59.1701,991.263,60.0306,58.9564,0,0,0
009210:1048.05,45.5829,155.998,1051.53,42.4057,159.065,1051.35,48.1441,158.634,1058.74,36.051,155.37,1069.3,51.0529,151.963,1059.42,27.8863,134.187,1070.44,50.7635,130.477,1041.04,16.2368,105.681,1076.81,48.8534,105.449,1029.42,27.0697,90.4409,1086.33,63.1474,90.6817,1048.31,22.6048,86.8307,1058.82,40.5573,86.3683,1041.5,15.9803,42.6077,1078.45,54.9244,41.2458,1060.08,-16.9462,25.1088,1091.4,36.8908,10.4374,994.448,58.1006,72.6399,992.947,74.5801,72.6432,988.93,77.1527,59.5223,994.68,61.7946,58.1668,0,0,0
009211:1046.2,47.4501,155.877,1050.37,43.8707,158.886,1050.99,50.1613,158.403,1059.24,36.548,154.642,1068.76,52.5686,151.841,1060.71,28.6423,133.674,1069.81,51.8516,130.25,1039.2,16.8977,106.034,1078.41,49.705,104.985,1029.5,27.5872,90.4212,1086.86,63.2593,90.5558,1055.3,23.1034,84.7244,1062.62,41.33,85.3517,1040.61,16.4906,42.8568,1076.43,55.2027,41.7972,1056.31,-15.6866,26.0972,1092.48,37.1014,10.1233,989.168,59.0499,74.3879,992.188,75.7209,73.0898,989.517,79.2974,59.3604,997.09,63.5211,57.3157,0,0,0
009212:1049.2,47.3849,155.08,1051.32,43.966,158.358,1053.42,49.8393,157.588,1057.27,37.0427,154.884,1071.07,51.9395,151.149,1061.28,29.1939,133.219,1068.38,51.6995,130.997,1031.42,18.7465,108.065,1078.67,51.8325,104.925,1030.11,28.0288,90.5393,1087.01,64.5096,90.6135,1058.62,25.3045,83.7415,1067.58,42.4954,84.2943,1042.65,17.2224,42.1012,1071.77,54.7546,42.9776,1055.11,-14.1795,26.2566,1092.48,37.1014,10.1233,992.257,61.7132,73.9901,992.024,76.9705,73.8964,988.161,79.4729,59.7373,996.402,64.4961,58.1354,0,0,0
009213:1047.68,48.3843,155.652,1048.42,44.9385,159.29,1053.96,50.9315,157.685,1051.88,37.8513,156.234,1074.84,52.8911,150.41,1058.15,29.7012,134.183,1068.76,52.4726,130.745,1034.03,19.9068,107.536,1078.18,51.9023,105.041,1023.02,30.4284,92.9363,1088.6,65.026,90.2314,1052.79,24.5999,86.1792,1062.19,42.0863,85.6949,1044.66,17.7806,41.3523,1069.19,54.5653,43.5957,1048.19,-11.5997,28.2396,1093,37.2072,9.87656,988.699,62.0549,75.1082,989.081,79.0728,75.1201,983.816,80.8988,61.3816,984.474,66.3641,62.3001,0,0,0
009214:1044.89,48.5181,156.22,1044.14,45.5509,160.196,1051.87,51.0976,158.056,1045.77,39.4572,157.567,1075.01,53.6468,150.084,1055.49,31.2133,135.217,1072.01,53.1615,129.86,1033.65,20.5012,107.626,1076.77,52.8197,105.368,1026.02,31.0143,92.46,1087.73,65.8745,90.7086,1052.46,24.4244,86.5862,1054.32,42.8908,87.381,1045.9,19.3779,40.915,1068.6,54.8133,43.2964,1048.64,-11.5125,27.8283,1093,37.2072,9.87656,996.701,65.0513,72.8648,986.111,80.3215,76.4398,983.57,82.4799,61.87,992.799,68.2987,59.8988,0,0,0
009215:1045.59,48.3599,156.057,1047.61,45.3416,159.455,1049.2,51.0691,158.588,1054.35,39.2217,155.579,1069.31,54.3316,151.147,1054.76,32.3794,134.845,1072.72,54.1666,129.728,1032.89,21.6891,107.807,1075.28,53.0277,105.713,1025.34,32.0258,93.0557,1093.13,67.0054,89.9706,1049.69,26.153,86.5137,1057.83,43.6124,86.4451,1048.11,20.8192,40.2962,1069.1,54.9228,43.0671,1055.49,-10.2061,26.1407,1092.98,37.2076,9.78696,993.661,66.8532,73.6558,985.362,81.1105,77.0737,983.2,84.056,61.9737,991.16,70.7526,60.3545,0,0,0
009216:1041.19,50.4457,156.653,1038.81,47.5912,160.626,1047.63,52.5949,158.546,1041.86,41.4786,157.321,1070.59,54.2715,150.525,1046.38,34.1312,136.773,1071.91,54.355,129.613,1032.03,22.3596,107.923,1073.82,53.4121,106.054,1024.32,34.3094,93.581,1095.79,67.5741,89.4247,1058.38,26.5236,85.6045,1060.4,44.0958,86.5969,1049.25,21.7176,39.9784,1069.1,54.9228,43.0671,1053.76,-7.47025,27.3945,1092.98,37.2076,9.78696,995.119,68.1939,73.179,991.792,83.5213,75.0811,984.333,86.1346,62.1883,990.346,73.0787,60.3249,0,0,0
009217:1048.59,51.0962,155.745,1047.35,48.2917,159.514,1052.09,53.6661,157.8,1049.78,42.0299,156.887,1063.17,56.4245,151.551,1053.12,32.9496,136.373,1068.7,54.5511,130.072,1031.73,23.469,107.994,1074.82,53.8029,105.649,1024.83,34.408,93.5441,1095.82,67.5738,89.5123,1055.26,25.5338,86.8478,1052.16,42.7838,88.0378,1054.91,22.7912,38.4891,1070.63,55.2496,42.5593,1051.52,-6.1501,27.9514,1093.1,37.2124,10.2015,993.797,68.5488,73.621,994.624,84.8727,74.4147,988.762,88.5107,61.8124,998.571,75.6305,58.995,0,0,0
009218:1047.57,52.0409,155.563,1047.42,49.0396,159.335,1049.14,54.8826,158.215,1051.92,42.6442,156.144,1060.32,57.9201,151.89,1056.63,34.2496,134.064,1071.93,55.238,129.229,1030.37,23.8701,108.318,1072.34,54.3222,106.145,1022.33,36.5614,94.3492,1094.36,68.1289,90.0471,1060.1,26.3427,85.4488,1056.51,44.197,86.726,1057.58,22.9334,38.2677,1072.71,55.6874,41.9892,1054.05,-5.70615,26.9436,1093.1,37.2124,10.2015,1000.42,71.0847,71.859,997.513,85.8881,73.9979,987.148,90.088,62.7718,1001.93,76.0649,58.4153,0,0,0
009219:1050.49,53.6192,155.168,1049.07,50.6386,159.108,1053.18,56.0535,157.632,1051.63,44.0812,156.245,1067.73,58.0298,150.655,1055.77,35.6467,134.266,1071.76,55.2149,129.017,1029.6,24.7116,108.668,1069.43,55.6129,106.655,1023.08,38.0356,94.4284,1091.37,69.2368,90.7654,1061.18,27.8653,84.7627,1058.06,45.0377,86.1494,1051.43,24.6619,40.1583,1078.39,56.8984,40.1503,1054.32,-4.64756,27.0556,1094.18,37.4235,9.88703,999.262,72.1164,72.7883,999.056,87.9266,73.8529,990.851,91.0015,61.8384,997.172,77.9156,60.5117,0,0,0
009220:1050.39,52.8896,155.544,1049.81,49.8851,159.326,1050.42,55.3949,158.585,1052.27,43.6467,156.557,1057.53,58.1559,153.271,1056.93,35.4633,134.103,1065.85,55.8482,130.369,1033.54,25.4807,107.733,1069.52,55.9651,106.818,1023.63,38.6512,94.2907,1085.87,70.6621,92.1758,1064.34,28.3601,83.7,1057.47,45.953,86.0881,1053.11,25.84,39.6906,1076.42,56.6335,41.1641,1057.92,-1.4601,25.7609,1094.75,37.5301,9.81261,997.823,75.9275,73.7015,1002.57,90.7693,73.5298,988.672,93.7034,64.159,993.347,82.3535,61.7419,0,0,0
009221:1054.7,53.6314,154.27,1053.92,50.6029,158.143,1055.82,56.2984,157.13,1054.14,44.3823,155.921,1060.9,59.4266,152.286,1056.69,35.9252,134.039,1066.34,56.3243,129.711,1027.72,26.6411,109.788,1072.59,57.1462,105.83,1020.54,39.1572,95.5602,1083.98,72.1652,92.7271,1059.5,28.7214,84.5281,1057.06,45.8769,86.0457,1049.35,27.5096,40.5982,1076.42,56.6335,41.1641,1059.55,-0.656406,25.1039,1094.75,37.5301,9.81261,999.376,78.2981,73.3824,1001.07,92.189,74.9456,992.513,96.4946,63.4429,996.561,82.4569,60.865,0,0,0
009222:1048.83,54.5707,155.193,1049.52,51.5389,158.956,1050.55,57.4181,158.06,1054.12,44.9785,156.383,1061.16,60.3718,152.569,1057.7,36.3561,134.393,1066.91,56.4297,129.866,1033.39,29.085,108.614,1077.92,58.5911,105.139,1027.93,40.8373,94.0002,1075.95,73.3564,94.6498,1055.63,29.1223,85.2421,1055.12,45.477,86.5236,1041.49,29.6942,43.4046,1075.3,56.4107,41.2056,1055.84,2.77812,26.6025,1094.75,37.5301,9.81261,998.92,78.3571,73.504,1006.79,93.92,73.7765,994.1,100.469,65.0633,983.133,85.0185,64.9975,0,0,0
009223:1044.34,54.9773,156.284,1044.72,51.5551,159.954,1047.11,57.6397,159.024,1049.83,44.5402,156.852,1062.52,59.9883,153.114,1047.17,38.5442,136.519,1069.02,56.8774,129.388,1032.26,30.1721,109.402,1078.14,60.1851,105.278,1020.33,42.7349,96.5533,1075.95,73.3564,94.6498,1057.46,31.284,83.9328,1060.69,46.6247,85.1341,1040.89,31.6021,43.9176,1074.74,56.3014,41.1735,1053.43,3.38029,27.1997,1094.8,37.5307,9.98524,1003.44,80.3795,73.2721,1006.66,95.6831,74.8497,989.982,102.178,67.7271,990.376,87.5564,64.2156,0,0,0
009224:1052,55.8838,154.48,1052.54,52.4968,158.127,1052.69,58.5296,157.702,1053.69,45.5085,155.796,1061.16,60.7886,153.189,1049.18,39.05,135.498,1067.49,56.5325,130.111,1025.87,31.2132,111.248,1078.37,60.1921,106.003,1025.83,44.5415,95.4544,1079.75,74.1568,94.477,1061.15,30.9817,82.5083,1057.34,46.0982,86.1042,1038.11,32.403,44.7867,1073.69,56.439,41.2798,1054.43,3.91617,26.4588,1094.8,37.5307,9.98524,1005.98,81.1092,73.3036,1008.17,96.8877,74.7146,994.862,103.352,67.5449,992.781,90.7316,65.182,0,0,0
009225:1048.12,56.6364,156.465,1047.32,53.3668,160.479,1054.06,59.529,158.462,1048.57,46.3408,157.817,1070.47,61.5628,151.626,1046.55,39.6999,137.355,1068.48,56.76,129.568,1028.75,31.8007,110.388,1077.52,60.3311,106.717,1024.2,45.3417,96.45,1082.86,74.8474,93.7341,1050.8,31.1597,86.2526,1045.64,43.8484,89.1431,1039.58,33.6551,45.6376,1073.69,56.439,41.2798,1055.63,5.68916,25.5754,1094.8,37.5307,9.98524,998.923,83.7444,75.849,1004.58,99.1863,75.9322,1002.9,105.371,65.9848,994.306,92.4302,65.1234,0,0,0
009226:1045.74,57.8331,156.583,1044.82,54.6013,160.64,1052.11,60.5589,158.591,1046.55,47.7023,158.185,1070.39,62.3615,151.84,1044.47,40.3001,137.824,1067.56,58.2393,130.437,1027.37,32.1927,110.633,1077.2,60.4036,107.396,1024.51,46.5476,96.9782,1082.85,75.3801,93.5617,1049.62,31.721,86.6135,1052.11,46.3779,87.5236,1034.92,34.5754,47.1961,1073.2,56.6868,41.4121,1050.82,6.8805,26.7878,1094.25,37.425,10.1426,1001.09,86.2433,75.9505,1004.57,100.101,77.4675,993.018,107.501,69.5172,989.564,94.2119,67.2869,0,0,0
009227:1051.87,57.9348,155.552,1051.2,54.9169,159.569,1054.61,60.9194,158.022,1052.43,48.0912,157.591,1063.05,63.4757,152.589,1053.82,39.4999,136.261,1062.45,58.6628,132.011,1024.7,33.6613,111.093,1077.2,60.4036,107.396,1019.51,47.6522,98.3784,1084.96,76.1995,93.0579,1054.42,31.5115,87.0571,1048.02,46.6943,89.0493,1032.63,35.1217,48.0048,1074.72,57.0177,40.8075,1040.45,10.2878,29.2254,1094.3,37.427,10.3085,1006.66,88.3454,75.9772,1004.35,101.91,80.0346,989.996,109.201,70.9349,996.847,96.6379,66.4903,0,0,0
009228:1052.27,58.3046,155.113,1051.48,55.2375,159.185,1054.71,61.3945,157.715,1052,48.5453,157.373,1062.87,64.2166,152.488,1052.86,40.1798,136.07,1064.71,59.3029,131.779,1025.38,34.7911,111.093,1081.39,61.2863,106.612,1023.37,48.4751,97.4277,1084.45,76.2619,93.1789,1055.55,31.9249,86.7721,1049.41,47.1379,88.9732,1033.96,36.7223,48.1577,1074.72,57.0177,40.8075,1049.35,13.8243,26.0993,1093.79,37.3211,10.5552,999.396,89.2424,78.2271,1002.05,103.865,80.5599,990.307,111.565,71.9706,994.858,99.45,67.895,0,0,0
009229:1051.52,59.3621,155.367,1049.21,56.0252,159.526,1054.47,62.2168,157.844,1051.46,49.6143,157.126,1061.08,63.9498,153.662,1056.59,42.1439,135.69,1066.38,61.1464,132.381,1029.29,35.583,110.171,1081.98,61.5763,106.65,1024.07,49.6096,97.6092,1079.4,77.4152,94.2136,1056.87,33.5089,86.1167,1041.55,46.5189,90.92,1031.01,38.633,49.5836,1074.72,57.0177,40.8075,1048.18,15.6555,26.4372,1093.79,37.3211,10.5552,1000.04,90.376,78.5788,1003.11,106.543,82.244,992.425,113.732,72.5378,999.673,99.7745,67.3739,0,0,0
009230:1054.71,59.8641,154.675,1054.4,56.7071,158.592,1056.52,62.7378,157.379,1053.96,49.5668,156.907,1060.08,64.6349,153.081,1051.01,40.5803,136.163,1060.62,60.1021,133.203,1023.29,37.2069,111.34,1086.71,63.1132,105.457,1024.74,50.5719,97.8018,1080.43,77.6473,93.9663,1056.18,34.2034,86.094,1048.21,48.4233,89.2006,1034.13,40.116,48.8076,1074.72,57.0177,40.8075,1052.32,16.9528,24.9625,1093.79,37.3211,10.5552,1000.51,95.1969,81.1973,1006.86,109.26,82.9904,994.394,115.569,72.5299,998.864,102.655,69.4918,0,0,0
009231:1052.01,59.8899,154.921,1051.25,56.4316,158.985,1054.06,63.0838,157.679,1054.74,49.9147,156.647,1059.15,65.5527,153.845,1057.1,42.2516,135.719,1073.4,62.8289,130.886,1025.3,38.1185,110.87,1082.21,63.7109,106.583,1020.24,52.2795,98.9972,1076.55,78.3184,95.3453,1058.44,34.9165,86.6899,1053.83,50.1063,87.922,1039.16,41.316,47.5013,1072.69,57.2931,41.2712,1054.53,18.7535,23.9613,1093.84,37.3231,10.7211,1000.51,95.1969,81.1973,1013.17,110.83,82.2433,998.632,118.409,73.5627,999.043,105.087,71.6936,0,0,0
009232:1049.3,61.2327,155.147,1046.13,57.8812,159.593,1053.42,64.0799,157.434,1046.58,51.372,157.872,1061.88,65.6213,153.115,1056.75,43.8964,135.514,1070.34,62.1629,131.653,1024.01,38.8484,111.26,1083.91,64.7574,106.461,1019.27,54.1963,100.105,1076.17,79.0894,95.7059,1062.5,36.0818,86.0418,1048.06,49.0427,89.797,1041.42,42.4302,47.5055,1072.17,57.3608,41.3273,1054.59,23.2539,23.2538,1092.32,37.5529,11.2519,1003.12,98.0473,83.0153,1006.76,111.681,84.4367,999.327,120.105,76.0586,996.953,106.869,72.9401,0,0,0
009233:1047.75,62.1772,155.504,1045.58,59.0027,159.742,1051.15,64.8769,157.967,1047.41,52.3693,158.027,1058.36,66.0192,154.129,1050.49,43.0781,137.531,1076.43,63.4582,130.65,1026.81,40.2088,111.557,1079.9,65.2831,107.386,1020.03,55.159,100.616,1073.33,79.6353,96.9145,1058.08,35.8917,87.168,1055.57,51.6559,87.7092,1038.23,43.6317,48.663,1072.69,57.4709,41.1844,1049.71,24.0392,24.5798,1090.32,37.8592,12.0132,1004.64,99.8107,84.7097,1008.45,112.9,85.0312,994.934,120.571,77.9805,1002.02,109.254,73.2441,0,0,0
009234:1040.19,62.2289,157.958,1039.37,59.2149,162,1048.77,65.0526,159.693,1041.24,52.8197,159.35,1071.26,66.5768,152.301,1043.33,44.6896,138.177,1067.19,61.5172,131.786,1028.59,42.9165,111.14,1078.4,65.4796,107.732,1017.45,56.2456,101.666,1077.48,80.5662,96.1083,1054.16,34.9579,86.7464,1044.93,49.744,90.5785,1036.05,45.2131,49.438,1071.8,57.9589,41.8227,1046.88,25.0381,25.3085,1087.71,37.6946,12.867,1003.41,100.481,85.5354,1004.06,114.972,88.7141,996.348,122.345,79.4889,998.808,110.167,75.8066,0,0,0
009235:1038.61,62.7148,158.286,1038.31,59.5467,162.185,1045.58,65.3608,160.281,1042.96,52.8497,158.988,1069.35,66.7934,152.618,1043.86,45.1557,138.001,1073.41,62.8627,130.336,1027.28,43.6426,111.537,1076.43,65.7408,108.278,1021.48,58.2881,100.949,1079.24,81.9807,96.2405,1056.02,36.4435,85.5863,1051.71,51.7258,88.1308,1038.07,47.1073,50.1059,1071.8,57.9589,41.8227,1044.2,27.79,25.5563,1087.71,37.6946,12.867,1001.11,101.993,87.6442,1011.22,116.807,87.5916,1000.45,123.856,79.9388,997.481,111.163,76.3274,0,0,0
009236:1042.58,63.4609,156.832,1042.87,60.2501,160.558,1047.54,66.2973,159.228,1046.11,53.6547,157.817,1065.87,68.177,152.932,1044.9,46.1488,137.703,1074.63,63.6379,130.137,1025.89,43.8528,111.866,1076.43,65.7408,108.278,1018.89,59.3677,102.012,1078.26,82.102,96.5609,1058.73,36.6721,85.6995,1050.74,52.3651,88.5256,1037.64,47.1781,50.4024,1071.8,57.9589,41.8227,1039.4,28.9096,26.673,1087.71,37.6946,12.867,1005.24,104.297,88.0624,1008.5,117.827,90.2495,1006.86,126.155,79.837,1011.77,116.004,73.8733,0,0,0
009237:1043.48,64.3436,157.125,1042.29,61.263,161.274,1049.08,66.9291,159.232,1049.54,53.9874,158.441,1069.24,68.2857,152.204,1054.45,45.5108,137.026,1070.76,64.4871,131.585,1033.98,46.1742,110.763,1076.97,65.8523,108.245,1017.39,61.8521,102.9,1081.52,83.8729,96.1537,1064.39,37.9434,86.5334,1054.88,53.3842,88.0024,1033.9,47.742,51.6879,1071.8,57.9589,41.8227,1044.35,31.1383,24.049,1087.71,37.6946,12.867,1004.8,104.349,88.2586,1009.81,119.433,91.3906,999.327,129.827,85.1497,998.674,118.229,78.7809,0,0,0
009238:1045.25,65.4764,156.522,1041.95,62.4475,161.01,1051.68,67.8947,158.466,1046,55.1467,158.923,1073.87,68.515,151.319,1053.91,47.019,137.342,1071.56,64.8045,131.881,1027.08,47.2175,112.723,1078.49,66.1882,107.802,1017.07,62.943,103.151,1076.17,84.71,98.0385,1069.54,39.1624,85.4194,1058.6,54.3142,87.605,1027.45,48.7236,54.0606,1073.95,58.3995,41.5143,1041.81,32.5731,23.6045,1087.71,37.6946,12.867,1011.45,108.801,88.5588,1010.03,119.949,92.1006,1002.37,130.92,85.4922,1000.67,119.395,78.8717,0,0,0
009239:1048.17,66.4614,155.433,1047.28,63.3838,159.56,1051.69,68.9949,157.946,1055.02,55.9525,157.049,1066.34,69.8269,152.424,1061.21,47.2139,135.926,1071.52,65.6447,132.092,1032.51,48.5226,111.626,1079.01,66.3003,107.683,1011.63,64.0503,104.642,1075.67,84.7693,98.1575,1077.82,40.2889,83.9479,1059.71,55.4036,87.3954,1023.87,49.2758,55.7645,1073.95,58.3995,41.5143,1044.08,34.5583,23.0544,1087.71,37.6946,12.867,1006.56,109.863,90.5614,1014.2,122.7,94.4105,997.649,132.238,88.1534,1002.12,120.837,80.4576,0,0,0
009240:1046.26,66.2955,156.059,1044.8,63.5018,160.248,1051.61,68.8295,158.164,1051.14,56.8651,157.966,1071.36,69.7497,151.505,1054.99,48.508,137.335,1068.97,65.5887,132.951,1027.51,49.6243,113.136,1081.14,67.105,107.279,1011.51,65.8194,105.36,1075.17,84.8286,98.2764,1069.91,40.6417,85.3604,1063.74,53.6486,86.9758,1023.02,49.5883,56.2581,1074.48,58.5101,41.3713,1041.75,36.3386,23.2867,1087.22,37.7715,13.0977,1006.26,111.099,91.2483,1015.75,124.268,94.6338,997.79,133.299,90.4201,1000.96,123.168,81.8199,0,0,0
009241:1043.68,66.5812,155.939,1040.94,63.9651,160.377,1049.21,69.1623,157.986,1044.5,57.6103,158.914,1067.29,70.1093,151.964,1052.77,48.6702,137.981,1066.26,65.6782,133.635,1026.12,49.8291,113.463,1080.18,67.4122,107.593,1013.44,66.4202,104.979,1073.17,85.0653,98.7514,1068.48,40.2877,86.5008,1061.55,53.1697,87.8592,1019.31,50.1391,57.3597,1075,58.6207,41.2283,1040.52,38.8447,23.2977,1087.22,37.7715,13.0977,1002.34,112.556,93.1008,1014.43,125.3,97.1262,1002.8,135.081,90.7693,998.571,124.287,83.8989,0,0,0
009242:1048.46,66.9752,155.587,1046.81,64.0669,159.898,1052.6,69.7419,157.95,1049.97,57.2365,158.383,1067.59,70.8264,152.347,1053.01,49.0845,138.022,1063.46,65.9123,134.399,1024.16,50.9523,113.255,1078.76,68.4928,107.92,1011.09,68.3325,106.574,1074.96,85.5931,99.3303,1068.83,40.4473,86.3188,1061.71,53.3652,87.9867,1018.49,50.6228,57.8457,1075,58.6207,41.2283,1036.64,40.4791,23.7267,1087.22,37.7715,13.0977,1009.31,114.592,93.1747,1018.66,128.525,97.9893,1002.79,136.534,94.1726,993.818,126.188,87.9156,0,0,0
009243:1041.3,66.8936,157.665,1040.64,63.8095,161.786,1046.06,69.9869,159.759,1047.46,57.011,158.997,1062.6,71.8882,153.036,1052.53,49.6428,137.892,1065.67,66.5991,133.365,1020.39,51.4909,113.892,1076.08,69.7705,109.316,1007.53,69.17,107.685,1073.97,85.8869,99.5697,1067.98,40.5284,87.4643,1061.19,53.4197,88.2633,1023.9,52.293,56.3675,1075,58.6207,41.2283,1032.91,42.1087,24.6462,1087.22,37.7715,13.0977,1010.17,115.735,94.4316,1021.05,130.059,99.3964,1002.91,138.556,94.9249,999.812,129.033,88.4531,0,0,0
009244:1044.97,68.7796,156,1044.41,65.8569,159.977,1048.62,71.5673,158.292,1049.67,58.8667,157.753,1062.54,72.3994,152.601,1053.09,50.7807,137.605,1060.94,66.8899,135.104,1019.62,52.1414,114.406,1072.65,70.2189,110.278,1010.7,71.1842,107.778,1077.23,87.3052,99.344,1074.19,41.7679,86.9167,1062.5,54.5212,88.5692,1028.46,53.4158,55.656,1077.51,58.2787,40.5379,1031.79,44.597,25.0805,1087.22,37.7715,13.0977,1007.61,117.215,95.9134,1015.92,130.534,100.913,1007.88,140.514,95.2485,1003.82,130.889,88.7189,0,0,0
009245:1040.23,68.4539,157.312,1037.84,65.6876,161.594,1046.45,71.1821,159.256,1042.88,59.4542,159.178,1068.73,72.2556,151.941,1047.4,51.5311,138.568,1065.04,67.9715,134.083,1020.21,52.9297,114.353,1072.17,70.4591,110.388,1006.31,72.6454,109.258,1076.75,87.7181,99.4577,1064.3,43.602,87.5134,1064.69,55.6866,87.7743,1031.07,54.2918,55.4001,1078.02,58.2101,40.3995,1036.47,46.7623,23.8951,1086.32,37.928,13.8062,1005.36,118.686,98.4476,1019.44,133.182,102.801,1002.93,141.661,99.0661,1006.32,132.204,88.8509,0,0,0
009246:1041.9,69.0498,157.662,1041.07,66.0891,161.803,1046.22,72.045,159.827,1047.47,59.1063,159.212,1063.4,73.1177,153.083,1052.42,51.2989,138.358,1061.85,68.1299,134.654,1023.68,54.1747,113.704,1070.76,71.5312,110.713,1007,74.2828,109.521,1074.02,88.605,100.974,1065.44,43.5398,88.6519,1058.71,55.9241,89.9678,1032.21,55.374,55.3619,1077.48,57.92,40.5484,1037.01,48.4439,23.2075,1085.81,38.0038,13.9539,1007.49,120.2,98.9419,1020.17,133.99,103.669,1004.82,143.194,98.9362,1006.84,132.669,88.978,0,0,0
009247:1048.53,70.459,155.418,1047.88,67.4606,159.657,1050.76,73.4078,158.011,1051.48,59.8232,158.43,1059.77,74.2275,153.447,1054.91,50.9731,138.916,1055.82,66.7608,136.629,1018.94,55.9361,115.666,1071.78,71.7576,110.478,1006.93,75.8718,110.569,1073.73,89.1977,101.656,1060.12,43.1328,89.7303,1052.34,54.7329,91.6677,1032.27,56.4172,55.1738,1078.48,57.7826,40.2716,1039.98,50.3091,21.6118,1085.81,38.0038,13.9539,1011.54,121.533,99.1446,1018.93,134.115,104.665,1006.51,144.594,99.8988,1006.99,134.533,89.7207,0,0,0
009248:1041.26,71.6977,156.83,1038.37,68.8421,161.456,1046.7,74.3668,158.915,1038.28,61.5113,160.911,1066.91,73.7277,152.258,1046.44,52.529,140.979,1053.75,66.7957,137.395,1019.67,57.2389,115.925,1069.8,72.0098,110.933,1007.99,76.7725,110.57,1073.86,89.9039,101.99,1056.25,44.477,90.8945,1052.57,55.1263,91.5533,1028.61,57.3019,56.5262,1078.48,57.7826,40.2716,1030.41,53.622,23.61,1085.81,38.0038,13.9539,1005.63,122.129,101.109,1012.36,134.064,108.058,1002.49,146.8,101.811,1005.57,136.733,91.9727,0,0,0
009249:1043.87,71.664,156.36,1043.72,68.6135,160.361,1049.98,74.1534,158.6,1046.01,61.5727,158.616,1070.49,73.9013,152.479,1047.48,53.9662,139.334,1060.21,68.2218,136.045,1017.94,58.3561,116.409,1070.31,72.1231,110.816,1014.66,78.3246,109.238,1074.37,90.0232,101.87,1065.15,47.6341,85.9456,1064.1,58.4371,88.8672,1023.65,59.072,58.3281,1080.06,58.1149,39.8399,1045.83,52.8112,14.695,1084.86,37.9741,14.6059,1010.44,123.538,100.623,1009.67,134.315,109.133,1006.27,147.716,103.032,1002.5,137.528,93.5137,0,0,0
009250:1043.71,72.3401,156.454,1045.02,68.8421,160.149,1048.1,75.2221,159.081,1049.98,61.2521,157.76,1063.7,75.7515,154.024,1050.15,54.0492,138.519,1061.78,69.0909,135.549,1017.99,59.0411,116.299,1069.41,72.4264,111.286,1017.71,79.1626,109.299,1073.5,92.2588,102.166,1063.28,46.8962,86.9305,1060.33,58.171,89.3409,1023.79,59.7672,58.5466,1083.22,58.7817,38.9739,1023.4,57.9598,24.6606,1081.15,37.2396,15.7749,1011.2,124.686,101.545,1005.49,135.243,111.916,1006.72,149.197,103.174,1000.17,137.898,94.1021,0,0,0
009251:1044.97,72.7769,156.253,1045.11,69.3595,160.142,1047.85,75.5026,159.322,1048.45,62.3335,158.018,1057.95,75.2472,156.134,1046.16,54.2735,139.44,1069.54,71.2915,134.447,1018.1,60.2411,116.162,1074.05,73.4487,110.403,1011.48,81.1785,111.382,1072.6,92.3753,102.724,1059.35,46.454,86.3352,1056.85,59.0783,88.2529,1023.82,60.1136,58.5375,1084.25,59.0049,38.5963,1027.35,59.1743,23.3949,1080.14,37.391,16.0679,1010.71,126.307,103.376,1006.52,136.001,112.189,1008.63,149.724,102.968,1001.97,139.127,95.3675,0,0,0
009252:1041.01,74.2155,156.925,1041.63,70.8399,160.679,1046.23,76.6533,159.547,1046.96,63.6374,158.002,1062.74,75.6712,155.099,1046.58,55.0314,138.916,1070.27,72.1627,133.94,1024.57,62.1402,115.341,1073.22,74.1046,111.04,1013.07,82.3687,111.427,1073.15,92.6728,102.683,1059.21,47.119,85.8699,1057.03,59.6315,88.2224,1023.44,60.8726,58.7265,1084.25,59.0049,38.5963,1023.25,60.9958,24.7679,1079.66,37.4676,16.2963,1008.39,127.205,104.028,1005.23,136.801,112.919,1006.65,150.415,104.907,997.809,140.157,96.5833,0,0,0
009253:1041.9,74.2369,157.092,1043.24,70.9784,160.844,1048.03,77.1904,159.483,1046.94,63.9664,158.611,1065.64,77.5189,153.975,1049.65,55.9546,138.869,1060.03,69.8947,136.027,1024.71,62.6544,115.658,1073.83,74.2178,111.266,1016.85,83.2706,110.526,1072.2,92.7875,103.08,1059.14,46.8255,88.2299,1051.05,58.2333,91.6409,1025.28,62.1764,57.4023,1084.27,59.0045,38.6844,1029.62,62.4114,22.7992,1079.66,37.4676,16.2963,1006.79,128.568,105.442,1010.89,138.338,112.091,1002.89,152.716,106.261,1003.08,142.077,96.306,0,0,0
009254:1045.59,74.3706,155.742,1046.86,70.9463,159.409,1049.1,77.3145,158.729,1052.54,64.0027,156.715,1062.14,77.4834,154.899,1051.68,56.1068,137.914,1069.05,73.4626,133.798,1021.99,63.553,116.377,1068.41,75.0801,112.586,1021.13,84.2905,109.507,1072.78,92.9078,103.212,1059.01,48.1279,86.5064,1057.32,59.6867,88.2738,1023.39,62.4418,57.8087,1083.79,59.0727,38.912,1029.41,64.7482,23.1431,1080.66,37.6781,15.7225,1008.4,129.789,106.001,1008.27,139.259,113.473,1005.67,153.511,105.756,1004.65,143.485,96.7572,0,0,0
009255:1047.66,75.9735,155.578,1048.07,72.4357,159.295,1049.88,78.4497,158.97,1050.29,65.082,157.095,1058.04,77.5269,156.386,1049.96,56.4622,138.064,1066.04,73.4385,135.109,1019.7,63.8723,116.995,1069.95,75.5987,112.234,1018.38,84.6363,110.329,1072.89,93.0865,103.538,1060.41,48.3191,86.1304,1057.9,59.7904,88.5237,1026.31,63.0922,57.0124,1083.79,59.0727,38.912,1031.88,66.3469,22.069,1081.19,37.7828,15.5687,1011.23,131.566,105.569,1011.63,140.5,113.192,1003.23,154.566,107.881,1006.03,144.046,96.412,0,0,0
009256:1041.33,74.9124,156.716,1040.21,71.4723,160.735,1046.93,77.7849,159.463,1043.96,64.9566,158.096,1065.19,78.2511,154.666,1055.53,57.4657,136.579,1069.07,74.1563,133.799,1016.52,64.8283,117.739,1068.47,75.7841,112.574,1010.71,85.6111,112.825,1071.46,93.258,104.132,1053.28,47.7521,87.476,1050.87,59.0121,89.2836,1026.88,63.3744,57.1237,1084.93,59.2944,38.9751,1032.43,68.5592,21.46,1081.19,37.7828,15.5687,1008.08,131.866,106.754,1008.34,141.45,114.06,1004.57,155.807,107.64,1002.38,145.527,97.9311,0,0,0
009257:1044.24,76.1963,156.528,1045.33,72.1613,160.119,1048.27,79.35,159.582,1048.96,64.3806,157.115,1059.09,79.6902,155.896,1056.51,58.4486,136.212,1066.19,73.5395,133.938,1018.62,66.4508,117.608,1071.58,76.8255,111.944,1011.83,86.8562,113.084,1073.06,94.148,103.94,1057.44,48.1399,85.7751,1051.28,59.1254,88.7473,1027.56,64.1818,57.3696,1081.02,59.8464,40.5801,1033.02,70.0739,21.1953,1081.19,37.7828,15.5687,1002.89,133.339,107.847,1009.41,143.059,114.577,1006.4,156.34,107.198,1001.14,145.982,98.831,0,0,0
009258:1043.44,76.0701,156.371,1043.33,72.4644,160.317,1048.84,79.3049,158.994,1044.49,65.5637,158.049,1062.92,80.1862,154.493,1052.87,57.9493,137.091,1065.95,75.3868,133.809,1023.94,68.327,116.368,1072.64,77.2324,111.788,1010.95,87.3094,113.377,1072.62,94.3822,104.217,1058.22,48.9658,85.9483,1053.47,60.2553,88.7265,1028.46,64.7505,56.666,1083.08,60.2938,39.8281,1036.93,73.0822,19.1338,1082.74,38.097,14.935,1003.87,133.591,107.869,1012.24,145.023,114.335,1004.86,157.617,107.404,1004.32,146.898,97.9531,0,0,0
009259:1036.25,77.132,157.783,1035.86,73.592,161.722,1043.48,79.9872,160.155,1037.82,66.5675,159.114,1063.19,79.9608,154.679,1049.95,58.6752,137.191,1060.97,75.4484,135.182,1023.01,68.4518,116.585,1073.68,77.6392,111.552,1007.81,87.7041,114.374,1073.21,95.2107,104.252,1062.82,50.2519,84.9889,1055.84,61.799,88.1277,1028.83,65.21,55.9311,1084.69,60.8109,39.3839,1038.03,74.7162,18.8094,1082.74,38.097,14.935,1006.26,134.225,107.638,1010.77,146.318,114.684,1005.79,157.885,107.264,1001.51,147.29,98.6531,0,0,0
009260:1037.01,78.0862,157.442,1036.76,74.929,161.373,1044.04,80.549,159.951,1038.06,68.4476,159.215,1062.82,79.6192,155.067,1049.02,59.8202,137.656,1059.48,75.9348,136.042,1021.31,69.2137,117.419,1063.28,79.0948,113.841,1003.73,88.2077,115.506,1072.76,95.268,104.531,1060.41,51.046,84.1862,1053.64,62.4024,87.7141,1027.42,65.5764,56.315,1083.21,61.0165,39.966,1032.23,75.459,20.5245,1082.74,38.097,14.935,1007.07,136.003,107.175,1008.83,146.635,114.974,1003.07,159.431,108.605,1000.99,147.831,98.6985,0,0,0
009261:1044.29,78.781,155.48,1046.52,75.5086,158.94,1046.83,81.3682,158.78,1047.79,68.4562,156.835,1052.83,80.5226,156.293,1051.86,59.7115,136.845,1054.27,75.6497,136.492,1020.4,69.5086,117.632,1063.28,79.0948,113.841,1008.95,89.4587,114.62,1071.3,95.6122,104.96,1066.24,51.2437,83.2714,1048.6,62.3394,88.8012,1032.86,67.3074,54.833,1081.22,61.4684,40.5985,1029.81,75.7659,21.1552,1083.27,38.2021,14.7807,1008.26,136.761,108.016,1011.09,148.298,114.535,1001.2,159.564,109.057,1002.52,148.388,99.0133,0,0,0
009262:1046,80.2129,155.413,1046.96,76.9456,159.135,1048.12,82.5743,158.789,1048.49,69.2879,157.069,1053.94,80.832,156.429,1046.38,60.2972,138.581,1056.43,76.1075,136.561,1020.44,70.0211,117.623,1063.28,79.0948,113.841,1010.47,89.8002,114.698,1068.8,95.8898,105.543,1070.82,51.3029,81.9321,1050.23,63.0212,88.7046,1035.83,68.1456,54.023,1080.23,61.6044,40.9577,1026.67,79.6909,21.9848,1083.27,38.2021,14.7807,1002.7,137.08,109.443,1009.73,148.917,115.11,1006.43,162.524,107.278,1002.49,148.557,98.9346,0,0,0
009263:1045.86,80.7319,154.782,1045.89,77.5444,158.828,1048.52,82.9586,158.008,1044.6,69.7145,157.63,1053.47,80.8022,155.924,1046.22,61.2985,138.63,1050.89,75.8465,138.166,1020.05,70.0851,117.964,1064.24,79.3251,113.44,1006.35,90.8054,115.673,1071.84,96.6152,104.833,1075.82,51.7637,81.5066,1049.94,63.6176,89.2055,1033.48,68.8066,54.7751,1078.69,61.9884,41.1866,1029.11,80.79,21.0799,1082.76,38.2777,14.9278,1004.95,137.721,108.727,1007.41,149.101,115.743,1003.64,162.719,108.036,1001.44,149.308,98.843,0,0,0
009264:1037.38,79.7308,157.064,1040.56,76.2965,160.354,1040.87,82.5262,160.399,1045.31,69.3281,157.481,1049.03,82.1107,157.662,1045.99,59.7136,137.751,1060.06,78.1421,135.602,1018.23,70.6731,118.389,1064.24,79.3251,113.44,1006.37,91.1441,115.669,1074.46,97.7535,104.397,1063.7,52.7366,82.6846,1054.07,65.1108,86.922,1038.53,69.9172,53.8559,1078.69,61.9884,41.1866,1031.6,82.5931,20.1603,1083.83,38.4879,14.6188,997.174,138.405,110.94,1007.35,150.11,115.758,1002.7,162.784,108.263,1003.16,151.516,98.4157,0,0,0
009265:1038.56,80.3494,156.276,1041.11,76.9781,159.764,1042.69,83.0611,159.552,1044.7,70.0836,157.318,1051.72,82.3085,156.812,1045.2,60.6443,137.858,1059.14,78.4508,135.709,1018.35,71.8681,118.446,1060.68,79.7437,113.828,1001.78,92.0275,116.671,1074.44,97.7538,104.311,1059.74,53.9405,83.8491,1052.09,65.3454,87.7077,1026.11,71.4694,55.5244,1078.16,62.0561,41.2371,1026.8,83.1853,21.5838,1084.9,38.6986,14.3095,999.75,139.175,109.715,1009.69,150.769,115.378,997.932,163.103,109.083,1001.34,152.33,99.2166,0,0,0
009266:1032.18,81.0213,156.867,1032.81,77.7887,160.78,1038.69,83.4671,159.396,1039.58,70.7651,157.771,1054.65,82.2444,155.091,1040.5,61.8462,138.321,1059.92,79.1531,135.386,1019.27,72.2586,118.056,1059.16,79.9227,114.005,1001.3,92.0812,116.702,1070.43,98.1928,105.246,1063.86,54.1488,82.6135,1053.35,65.9866,87.017,1023.27,72.0147,56.2178,1078.69,62.1682,41.0939,1024.62,84.7054,22.7527,1085.43,38.8039,14.1547,1006.27,140.974,108.575,1012.94,152.033,114.782,992.665,163.615,109.86,998.588,152.208,99.9869,0,0,0
009267:1040.91,82.6434,154.872,1039.96,79.622,159.072,1045.69,84.7495,157.803,1042.13,72.3216,157.113,1056.43,82.2694,154.676,1045.05,62.7634,137.474,1056.38,78.3501,136.058,1019.25,73.455,117.621,1058.16,80.392,114.059,1005.01,92.9986,115.825,1070.43,98.1928,105.246,1063.5,54.8804,82.7889,1047.84,66.1324,88.5343,1026.12,74.0689,54.8223,1079.21,62.4602,40.8579,1031.01,86.7432,20.8642,1085.43,38.8039,14.1547,1005.33,141.053,108.801,1009.67,152.284,115.643,993.135,163.749,109.832,993.005,152.633,101.291,0,0,0
009268:1039.27,83.3321,155.82,1040.93,79.8166,159.377,1043.87,85.5385,158.971,1042.12,71.9675,156.905,1053.18,83.2819,155.883,1053.25,62.461,134.861,1054.24,77.8774,136.242,1019.27,73.7965,117.616,1064.77,82.9459,112.545,1001.7,93.5434,116.191,1070.43,98.1928,105.246,1058.59,55.3774,84.0176,1043.71,66.0894,89.2543,1028.09,75.3869,54.1024,1076.68,62.796,41.5494,1029.12,87.6744,21.4243,1085.97,38.9095,13.9998,1004.38,141.131,108.948,1006.43,152.535,116.574,998.536,165.535,108.61,992.914,153.3,101.144,0,0,0
009269:1043.18,84.2923,154.576,1044.83,80.681,158.13,1045.81,86.3788,158.024,1044.72,72.4402,156.083,1051.27,83.8655,155.785,1049.54,62.8823,135.997,1053.54,78.4045,136.324,1016.52,74.5001,118.258,1060.3,83.6521,113.399,1003.53,94.68,115.583,1073.41,98.9241,104.279,1054.17,56.1094,84.9018,1041.3,65.8823,90.04,1029.5,76.2459,53.3628,1076.18,62.863,41.6875,1026.73,88.6596,22.0454,1085.95,38.9098,13.9107,1004.86,141.26,108.918,1004.1,152.712,117.126,991.964,165.969,109.954,992.903,153.467,101.147,0,0,0
009270:1040.6,84.1081,153.793,1040.35,80.3636,157.913,1043.47,86.4817,157.17,1043.16,72.1466,155.746,1050.56,84.6717,154.779,1046.63,64.3613,136.084,1056.56,80.1499,135.223,1013.27,74.9202,118.933,1060.3,83.6521,113.399,1001.25,94.9479,116.125,1072.91,98.9787,104.396,1059.98,57.466,83.6124,1047.8,68.205,88.0743,1025.55,76.9023,53.838,1076.18,62.863,41.6875,1023.78,89.0002,22.656,1080.18,37.9326,15.8684,998.744,142.941,110.31,1002.74,152.484,117.528,992.411,166.104,109.845,993.82,154.568,101.172,0,0,0
009271:1043.55,84.5093,154.072,1044.7,80.7122,157.756,1046.26,86.9235,157.695,1046.9,72.856,155.242,1051.65,85.4116,155.563,1052.22,63.3029,134.693,1058.92,80.8524,134.893,1009.14,75.4588,119.897,1056.77,84.2348,113.785,1003.49,96.5403,115.161,1069.93,100.01,105.092,1054.22,57.3182,84.9573,1041.86,68.0804,89.4419,1024.05,77.7729,53.8203,1076.61,63.1564,41.1015,1020.87,90.2094,23.1685,1076.71,38.1009,17.3356,994.584,143.453,111.315,999.027,152.768,118.406,993.328,166.374,109.709,995.633,155.598,100.894,0,0,0
009272:1038.17,85.418,154.767,1036.97,81.7611,158.875,1042.33,87.5942,157.858,1037.73,73.853,156.937,1052.63,85.6277,154.905,1047,65.2717,136.267,1057.15,80.4715,134.877,1011.01,76.7458,119.214,1057.76,84.4671,113.555,1001.64,96.9215,115.512,1075.52,101.357,103.788,1053.24,58.5302,84.0732,1043.06,68.5693,88.2848,1020.19,78.4222,54.5459,1077.67,64.2762,40.5401,1021.81,91.4883,22.6193,1076.21,38.1761,17.4811,998.66,144.616,110.331,1004.03,154.389,117.31,994.643,167.113,109.39,994.634,157.004,101.228,0,0,0
009273:1034.4,85.2041,155.731,1034.31,81.5865,159.616,1040.32,87.5212,158.769,1036.41,73.8797,157.226,1053.49,85.812,155.273,1043.42,65.0486,136.168,1063.59,80.8365,131.978,1010.12,77.204,119.423,1061.25,85.2824,112.665,1002.57,97.1533,115.293,1075.52,101.357,103.788,1053.09,58.8485,84.8664,1043.73,69.0463,88.3653,1020.74,79.397,54.4926,1075.58,64.5411,40.8426,1026.14,93.7704,20.9842,1077.26,38.3854,17.1754,993.587,145.033,111.557,1006.46,155.221,117.336,991.808,168.126,110.165,997.489,157.807,101.026,0,0,0
009274:1034.62,85.9235,155.445,1033.27,82.3745,159.643,1041.11,88.1975,158.121,1034.65,74.7679,157.34,1056.47,86.3122,153.827,1039.96,65.4827,136.58,1067.68,82.1423,130.716,1011.57,77.8743,119.176,1061.22,85.2826,112.58,1001.66,97.4278,115.509,1079.47,102.345,102.319,1056.81,59.9953,87.1474,1048.18,71.0826,87.0814,1019.3,79.5749,54.8027,1073.46,64.8031,41.0687,1028.58,95.0648,20.1682,1078.32,38.5951,16.8691,993.569,145.367,111.562,1000.6,155.676,119.388,990.299,168.58,111.885,1000.32,159.282,100.918,0,0,0
009275:1034.1,86.2454,154.732,1034.24,82.628,158.651,1038.35,88.522,157.89,1038.67,74.7606,156.156,1048.5,86.7468,155.059,1041.8,66.2201,136.366,1065.08,81.5181,131.713,1012.04,77.9852,119.066,1061.16,85.2834,112.325,999.792,97.8056,115.787,1079.47,102.345,102.319,1050.44,60.9214,87.2577,1042.34,70.6045,88.8571,1024.08,81.055,53.2295,1072.45,65.1147,41.2527,1024.59,95.5013,20.8295,1076.84,39.0003,17.2996,995.01,145.753,111.558,1000.65,155.677,119.543,991.636,168.987,111.562,999.947,159.65,101.44,0,0,0
009276:1032.98,86.2373,154.988,1033.78,82.453,158.696,1037.52,88.594,158.275,1037.28,74.6174,155.994,1049.41,87.0264,154.838,1039.76,65.9689,136.203,1066.13,82.492,130.781,1012.94,78.2077,118.682,1060.62,85.3423,112.268,995.602,98.9472,116.366,1080.47,102.592,101.993,1053.23,62.9839,85.096,1045.87,72.8585,86.5124,1024.04,82.7831,52.7259,1072.42,65.2942,41.0733,1022.12,96.2962,21.2112,1080.01,39.6311,16.3805,995.484,145.883,111.53,1000.65,155.677,119.543,995.42,170.412,111.494,996.266,159.915,102.523,0,0,0
009277:1032.68,86.8042,154.69,1032.51,83.2388,158.628,1037.95,89.0024,157.643,1036.06,75.5577,155.996,1051.17,87.0084,153.915,1043.57,66.8321,135.133,1063.55,82.0569,131.571,1016.2,78.9872,117.745,1062.08,85.6932,111.751,995.602,98.9472,116.366,1080.47,102.592,101.993,1054.36,63.5721,84.8637,1042.5,73.0816,88.0286,1026.01,83.4152,52.2727,1072.42,65.2942,41.0733,1020.16,97.2089,21.5285,1078.46,40.0383,16.5395,994.084,146.329,111.868,1000.22,155.544,119.73,996.034,171.213,112.196,989.879,160.709,104.527,0,0,0
009278:1038.14,86.7372,153.062,1037.03,82.8374,157.234,1042.9,89.3335,156.218,1036.99,74.9399,155.351,1054.24,88.2262,152.866,1036.8,68.228,135.952,1064.51,82.9822,131.101,1015.74,79.0461,117.853,1062.08,85.6932,111.751,993.79,99.1553,116.797,1080.45,102.593,101.907,1054.18,64.0656,84.5979,1044.74,73.6101,87.1205,1023.65,83.8807,52.9248,1073.98,65.6326,40.645,1019.49,98.3042,20.8386,1077.96,40.113,16.6855,996.021,146.846,111.917,1000.28,155.543,119.972,995.867,171.251,113.243,993.579,161.78,104.04,0,0,0
009279:1033.34,87.8254,154.303,1034.01,83.6522,158.023,1038.33,90.2361,157.63,1038.52,75.2472,154.826,1050.27,88.8531,154.17,1036.41,68.1481,135.912,1066.16,83.3783,130.487,1014.81,79.843,117.904,1062.08,85.6932,111.751,993.79,99.1553,116.797,1079.43,102.7,102.144,1051.62,63.9944,85.6702,1044.86,73.7892,87.4335,1023.17,83.9391,53.0555,1073.98,65.6326,40.645,1022.41,99.7184,19.9737,1076.95,40.2623,16.9776,991.643,147.223,113.721,1000.57,155.213,120.833,995.982,171.252,113.64,995.699,162.317,104.712,0,0,0
009280:1035.32,87.9532,153.067,1036.15,83.779,156.853,1039.09,90.5603,156.713,1039.84,75.5564,154.096,1048.41,89.7268,153.891,1038.67,68.6777,135.02,1068.5,83.9391,129.618,1012.99,81.2658,118.164,1062.04,85.6937,111.581,992.746,100.096,116.457,1075.08,103.297,102.022,1052.3,65.411,84.3388,1048.44,74.6719,85.3821,1019.34,84.4028,53.9402,1075.39,65.9744,39.603,1019.4,101.948,20.1619,1076.95,40.2623,16.9776,992.092,147.353,113.614,1000.62,155.214,120.989,994.536,171.368,115.514,995.852,162.314,105.276,0,0,0
009281:1035.75,88.1919,153.122,1032.86,84.3645,157.566,1042.32,90.7339,155.774,1033.34,76.5113,155.521,1058.48,89.4599,151.212,1039.28,68.855,134.209,1070.96,84.5152,128.931,1011.14,81.6668,118.515,1062.04,85.6937,111.581,994.427,101.065,115.46,1075.08,103.297,102.022,1050.64,65.2093,84.8882,1060.65,73.267,82.7407,1018.74,86.3654,53.1187,1075.32,66.1551,39.2482,1017.43,101.466,20.5674,1075.94,40.4113,17.2692,992.092,147.353,113.614,999.738,155.285,121.362,994.624,171.367,115.835,996.099,162.321,106.055,0,0,0
009282:1034.49,88.4628,152.166,1032.12,84.8587,156.535,1041,90.8558,154.869,1033.81,77.1405,154.538,1057.65,89.2051,150.53,1040.8,69.2138,133.56,1067.63,84.2707,129.604,1011.65,82.4583,118.397,1062.01,85.694,111.496,991.941,101.488,115.206,1075.08,103.297,102.022,1054.21,66.0355,83.2835,1045.47,75.4594,87.5455,1015.33,86.9359,53.6279,1077.09,66.9707,37.3608,1016.95,102.908,20.5317,1075.46,40.6657,17.4079,992.926,147.613,113.156,999.738,155.285,121.362,991.421,170.775,118.118,994.285,162.448,106.673,0,0,0
009283:1037.71,89.5844,151.181,1036.62,86.052,155.308,1041.8,91.6668,154.434,1038.84,77.9071,153.416,1052.95,89.1888,151.479,1041.77,69.6229,132.98,1066.42,84.1536,130.031,1007.9,83.5934,118.857,1062.01,85.694,111.496,989.044,101.79,115.236,1075.08,103.297,102.022,1058.63,67.0756,81.0163,1048.07,76.106,86.0079,1009.11,87.6718,54.8349,1074.54,67.4763,37.8907,1017.43,103.029,20.3882,1075.08,41.0997,17.7983,993.826,147.873,112.94,998.167,154.921,122.666,991.833,170.784,119.445,994.074,162.317,107.569,0,0,0
009284:1037.83,89.4256,151.015,1035.88,85.5781,155.341,1042.26,91.7865,154.239,1035.95,77.3101,153.686,1053.03,89.9061,151.108,1039.37,69.612,133.153,1060.7,85.6576,130.066,1004.66,84.1604,119.45,1061.94,85.6947,111.241,984.35,102.297,115.607,1074.55,103.351,102.054,1058.47,67.0598,80.6996,1051.13,76.7806,85.6294,1015.24,90.2088,52.6887,1072.94,68.0287,37.8798,1016,103.186,20.8151,1075.2,41.8195,17.8526,988.578,148.315,115.131,996.407,154.725,123.333,991.5,170.647,119.948,992.083,161.981,109.071,0,0,0
009285:1037.25,90.0931,150.191,1036.12,86.4801,154.356,1041.04,92.141,153.62,1037.49,78.091,152.852,1050.27,89.5246,151.232,1040.51,70.2071,132.884,1056.1,84.5656,131.384,1002.76,84.7244,119.555,1065.8,85.2295,109.98,983.837,102.348,115.472,1075.43,103.6,101.301,1060.03,67.4024,80.3325,1043.28,76.3676,87.416,1014.78,90.6094,52.8151,1069.32,68.4813,38.5268,1018.21,104.142,19.34,1076.3,42.0304,17.7246,986.433,147.666,115.986,997.802,155.12,123.179,992.055,170.618,120.154,988.76,162.204,109.547,0,0,0
009286:1034.45,90.6348,151.002,1034.79,87.4806,154.688,1039.29,92.3497,153.781,1037.01,79.0782,152.933,1050.1,88.6809,150.783,1041.82,71.0287,132.293,1052.98,84.0527,131.375,1003.14,85.0047,119.127,1068.15,85.1122,108.898,981.463,102.598,115.547,1013.28,110.004,111.91,1060.95,67.6576,79.1676,1036.94,76.3688,87.4771,1010.59,91.1124,54.0641,1068.78,68.5458,38.4968,1019.4,105.723,17.9095,1079.01,42.7401,17.1311,985.988,147.537,116.093,998.313,155.42,123.313,992.677,170.751,120.688,984.584,162.492,110.398,914.882,147.508,137.943
009287:1033.46,90.7735,150.571,1033.12,87.494,154.393,1038.22,92.6577,153.364,1034.8,79.1339,152.561,1048.55,89.4717,150.3,1039.59,71.4143,132.03,1054.54,84.4339,130.773,1002.12,85.7887,118.871,1070.61,84.8169,108.243,980.055,102.748,115.64,1075.34,103.6,100.963,1060.84,67.6188,79.4575,1035.65,76.7665,87.5837,1012.43,92.2685,53.1902,1069.27,68.6597,38.2664,1017.85,107.261,17.8541,1079.01,42.7401,17.1311,985.988,147.537,116.093,990.482,156.335,125.219,992.567,170.753,120.289,982.253,162.65,110.8,917.686,148.365,137.281
009288:1032.81,91.172,149.938,1031.45,87.8827,153.996,1038.9,93.0692,152.485,1030.45,79.6232,152.74,1052.48,89.9192,148.83,1034.62,71.3457,132.376,1056.94,85.88,129.775,1001.58,86.1796,118.666,1074.54,84.3422,107.158,977.344,103.049,116.126,1075.31,103.599,100.882,1054.54,68.2937,81.0597,1036.92,77.9225,87.0922,1010.12,93.2317,53.8328,1065.27,69.1779,39.3749,1017.72,108.3,17.3613,1079.54,42.8464,16.9781,979.617,148.048,117.537,989.566,156.403,125.432,987.529,171.079,121.556,980.394,162.781,111.08,920.325,149.22,136.067
009289:1036.32,91.4313,148.13,1035.72,88.0641,151.996,1040.59,93.4622,151.084,1036.08,79.5779,150.453,1049.46,90.5716,148.538,1035.57,71.94,131.498,1054.36,86.0212,129.392,1001.11,86.235,118.696,1075.5,84.5781,106.664,974.223,103.4,116.796,1075.31,103.599,100.882,1055.91,68.5771,81.0797,1036,77.7161,87.1948,1011.69,94.618,53.7381,1061.79,69.6293,40.3404,1020.04,109.089,16.3039,1084.96,43.9116,15.8869,979.093,148.083,117.415,987.737,156.539,125.858,987.529,171.079,121.556,974.486,163.195,112.436,923.004,150.086,134.867
009290:1036.89,92.0302,147.738,1037.28,88.7987,151.369,1040.22,93.7767,150.897,1037.44,80.3847,149.94,1046.9,90.486,148.886,1035.16,71.85,131.532,1054.21,86.5218,129.09,999.671,86.401,118.786,1086.94,83.2038,103.473,966.477,102.431,117.747,1076.82,103.439,100.526,1054.27,69.3207,80.1627,1038.24,78.2957,85.6034,1010.34,94.9548,54.2836,1061.7,69.6309,39.9932,1018.53,109.413,16.4914,1081,44.5041,17.3899,974.245,148.485,118.908,979.231,157.182,128.249,978.901,171.633,123.756,971.889,163.059,113.316,922.713,151.21,134.937
009291:1033.07,91.6924,148.427,1032.75,88.4814,152.204,1039.29,93.4452,150.876,1032.59,80.4259,150.589,1052.12,90.1942,147.192,1034.59,71.9029,131.422,1052.99,86.6191,128.679,1003.27,88.3174,117.34,1088.92,83.4994,102.646,965.604,102.531,117.958,1078.82,103.225,99.9683,1052.21,69.3903,80.4588,1034.84,78.4421,85.0959,1008.83,96.4949,54.0724,1061.62,69.9871,39.5567,1021.82,110.453,15.137,1081.53,44.6111,17.2369,970.208,148.645,119.794,972.375,156.208,129.01,974.247,171.755,124.356,966.593,162.584,113.029,925.37,152.074,133.713
009292:1033.34,92.6585,148.216,1031.75,89.5902,152.283,1040.44,94.2076,150.467,1029.55,81.645,150.985,1055.02,90.4162,146.251,1037.57,72.5982,130.478,1051.12,87.0659,128.625,1003.69,88.4314,117.067,1088.92,83.4994,102.646,962.967,102.831,118.515,1077.91,102.976,100.638,1048.58,71.3967,80.1768,1034.33,79.2349,84.2491,1006.05,98.0166,54.7568,1063.12,71.9226,38.5252,1027.12,111.819,13.4468,1081.53,44.6111,17.2369,962.839,148.24,120.31,970.579,155.851,129.262,971.357,171.925,124.375,962.069,162.897,113.891,928.364,151.822,132.433
009293:1032.95,93.2089,147.723,1033.54,89.9967,151.267,1038.65,94.4668,150.423,1031.95,81.887,149.647,1048.06,90.3759,147.318,1030.32,73.6978,131.134,1049.65,86.7463,128.543,1007,89.229,116.453,1089.37,83.6185,102.265,962.509,102.88,118.544,1082.57,104.092,99.7252,1047.09,72.4632,80.0636,1032.3,79.6593,84.0044,1010.37,99.9376,53.7382,1058.65,72.8479,39.6791,1026.11,112.44,13.5768,1082.57,44.6446,16.9372,962.253,148.272,119.961,958.733,153.958,130.045,961.587,171.873,125.031,952.359,160.669,115.281,930.898,152.693,130.663
009294:1035.47,93.8242,146.556,1036.5,90.6486,149.989,1039.02,94.8737,149.612,1039.29,82.1026,147.504,1046.34,90.245,147.155,1032.87,74.9463,130.759,1048.45,86.4583,128.886,998,90.3347,118.989,1097.17,85.4037,100.178,966.808,104.195,117.17,1081.55,103.843,99.9668,1048.88,73.0678,79.1039,1029.1,79.6446,83.9528,1013.4,100.647,53.7004,1059.14,72.9625,39.4508,1026.11,112.964,13.576,1086.03,44.3058,15.4894,951.951,146.169,120.965,954.636,154.422,130.52,951.216,169.952,125.596,944.702,159.434,115.688,933.644,154.707,130.609
009295:1034.2,93.3886,146.815,1035.84,90.1244,150.109,1033.85,95.3818,150.366,1040.79,81.8936,147.053,1037.17,92.6014,147.549,1033.94,75.1905,130.552,1051.67,87.3965,128.03,998,90.3347,118.989,1093.98,85.7586,100.569,968.391,103.991,116.216,1083.07,103.683,99.608,1046.97,73.0996,80.4775,1029.65,79.7212,84.684,1018.49,101.967,51.6614,1058.1,73.0872,39.5643,1022.66,113.483,14.3503,1086.64,44.596,15.4936,950.424,144.864,120.605,952.377,154.502,131.275,944.049,167.333,124.421,942.5,155.117,114.54,933.466,154.702,130.052
009296:1032.71,95.66,148.549,1034.3,92.0131,151.909,1037.09,96.49,151.332,1038.34,83.0193,148.59,1047.85,91.5805,147.232,1029.8,78.4915,130.023,1054.02,87.7851,127.778,1005.07,90.2924,113.529,1050.45,94.7367,106.507,990.061,109.439,110.411,1039.16,114.033,106.03,1038.27,74.4021,80.3507,1056.79,77.1198,79.4814,1024.43,106.531,49.7267,1054.79,77.3742,45.1711,1013.9,113.868,17.6034,1069.75,48.0454,16.6581,949.597,145.404,119.081,943.676,152.813,128.792,936.517,162.12,125.208,942.523,154.807,115.478,933.289,154.696,129.496
009297:1032.55,95.6612,147.974,1033.95,92.0089,150.749,1036.93,96.4912,150.755,1037.99,83.0151,147.426,1051.11,92.3989,145.935,1033.16,79.2746,129.274,1057.13,88.5963,125.83,1005.07,90.2924,113.529,1050.64,94.7424,107.103,987.055,108.61,111.74,1039.16,114.033,106.03,1038.12,75.6455,80.3895,1059.97,77.9167,77.3947,1017.54,106.066,51.6432,1062.02,78.9853,43.8267,1013.67,115.098,17.675,1080.86,49.0138,13.4253,946.753,143.378,119.167,940.291,151.931,127.846,927.28,159.438,125.103,936.684,151.896,115.741,928.334,150.692,131.273
009298:1032.37,95.6558,147.39,1033.79,92.0101,150.173,1033.24,96.8935,150.917,1034.3,83.4491,147.591,1047.51,92.8131,146.69,1029.3,79.7122,128.897,1057.13,88.5963,125.83,1001.65,90.7031,114.343,1054.09,95.5738,106.291,987.055,108.61,111.74,1045.98,115.777,104.43,1038.12,75.6455,80.3895,1063.5,78.7208,76.5004,1020.87,106.913,50.7178,1061.87,78.9883,43.2229,1010.35,114.232,18.6741,1077.07,49.5507,14.5281,943.619,141.365,118.169,934.18,149.046,126.987,924.437,156.308,123.486,930.559,149.004,114.91,917.104,144.995,132.226
009299:1028.85,96.058,148.134,1030.28,92.4208,150.909,1036.4,97.7084,149.635,1037.67,84.2422,146.882,1047.16,92.809,145.519,1025.8,80.1519,129.681,1057.13,88.5963,125.83,1001.47,90.6976,113.767,1050.26,95.9786,106.554,986.723,108.607,110.604,1042.39,114.902,104.643,1037.78,76.8825,79.836,1059.81,79.1761,77.4356,1017.14,107.287,51.1119,1057.97,79.4391,43.6388,1013.67,115.098,17.675,1077.07,49.5507,14.5281,937.576,138.502,117.893,931.228,145.906,125.353,918.735,152.308,122.554,925.078,145.004,115.106,923.146,141.058,127.257
009300:1032.02,96.8761,146.855,1036.96,92.8153,148.887,1039.95,97.3085,148.891,1037.48,84.2368,146.298,1047.16,92.809,145.519,1029.14,80.9367,128.933,1060.26,89.4109,123.873,1001.47,90.6976,113.767,1061.24,95.9975,104.609,986.723,108.607,110.604,1046.21,114.544,104.373,1037.63,76.8848,79.2465,1059.65,79.1784,76.8379,1016.92,108.514,51.1737,1061.71,80.257,43.2687,1010.26,115.455,19.3312,1080.76,50.3086,13.4557,937.756,136.206,116.644,928.418,142.772,124.265,916.007,149.191,121.468,925.46,142.735,114.41,897.392,133.543,131.232
009528:164.143,-205.834,-0.759813
