011400:1179.03,125.203,160.157,1176.93,120.81,161.215,1184.58,125.233,161.319,1175.52,115.086,154.827,1198.46,124.498,154.163,1172.46,119.127,141.681,1233.85,125.541,130.255,1153.59,123.544,167.408,1211.24,103.919,115.634,1144.04,124.623,186.438,1210.28,117.398,134.652,1174.66,117.119,93.1458,1174.46,131.808,92.4133,1144.35,117.57,56.5344,1187.17,129.547,47.7111,1147.14,87.2013,25.4641,1193.57,123.791,8.41363,1205.1,112.272,175.514,1199.1,101.456,183.204,1200.66,104.727,197.098,1206.07,117.462,189.688,0,0,0
011401:1170.24,124.488,160.119,1171.69,120.722,160.877,1173.07,124.653,162.343,1176.65,115.549,155.282,1185.56,123.39,157.181,1167.21,117.816,143.716,1233.85,125.541,130.255,1149.06,123.916,167.54,1213.82,104.494,115.098,1142.49,124.241,186.706,1206.31,117.718,134.56,1174.03,116.956,93.4914,1174.46,131.808,92.4133,1144.35,117.57,56.5344,1193.72,131.15,45.7661,1147.67,86.6494,26.8859,1190.48,123.029,9.70681,1206.09,111.634,175.07,1197.39,101.083,183.356,1199.75,104.539,196.974,1205.85,116.445,191.101,0,0,0
011402:1173.06,125.029,158.459,1172.78,121.062,159.757,1176.3,125.153,160.842,1177.94,116.146,153.924,1193.47,124.221,154.514,1174.76,119.473,139.829,1241.55,127.383,127.901,1144.14,123.301,168.179,1212.89,104.583,115.292,1142.49,124.241,186.706,1208.11,117.553,134.058,1176.91,117.744,91.1119,1174.28,131.816,91.6535,1144.31,117.568,56.4001,1187.63,129.681,47.2431,1148.16,86.3735,28.4551,1194.71,124.022,8.71341,1207.82,111.184,174.197,1196.56,100.897,183.497,1200.66,104.451,196.829,1214.15,115.43,189.603,0,0,0
011403:1184.17,127.621,158.941,1182.45,123.13,160.442,1194.7,127.941,159.387,1180.34,115.911,155.392,1221.52,127.04,149.679,1167.67,117.619,143.883,1245.12,128.21,127.281,1143.93,123.301,167.426,1209.3,104.944,116.476,1144.72,124.015,185.133,1209.82,117.947,133.723,1174.86,117.479,92.78,1175.82,132.22,90.8918,1148.97,117.904,53.8121,1190.31,130.298,47.0376,1147.61,85.6433,29.1728,1202.27,125.83,6.43209,1206.13,110.799,174.489,1201.2,100.173,182.863,1201.52,104.362,196.549,1212.34,115.04,189.489,0,0,0
011404:1186.93,127.68,158.067,1180.69,123.708,160.496,1196.77,127.56,158.789,1170.71,117.272,157.129,1225.54,125.308,149.004,1167.17,117.631,141.924,1244.98,128.211,126.745,1146.85,124.068,166.096,1209.3,104.944,116.476,1143.86,123.823,185.012,1210.7,118.144,133.686,1178.04,118.276,91.3048,1181.69,133.634,89.9737,1150.05,118.286,51.5532,1192.06,130.747,46.192,1148.81,85.5459,30.1269,1197.61,124.656,8.79854,1205.36,110.331,174.622,1202.38,99.5344,183.096,1206.88,103.832,195.404,1210.54,114.652,189.375,0,0,0
011405:1185.37,128.011,158.471,1181.53,124.171,160.19,1193.33,127.795,159.379,1174.41,117.957,155.647,1217.15,125.131,150.054,1168.12,117.907,140.966,1244.98,128.211,126.745,1146.81,124.068,165.97,1209.3,104.944,116.476,1142.91,123.367,184.258,1210.7,118.144,133.686,1175.46,117.79,89.9187,1182.52,133.837,89.7861,1150.01,118.285,51.4181,1191.62,130.677,45.7436,1153.11,85.6088,29.1135,1195.47,124.158,9.22474,1207.93,110.07,173.603,1202.38,99.5344,183.096,1207.8,103.743,195.257,1209.66,114.458,189.383,0,0,0
011406:1187.68,128.031,155.258,1184.5,124.449,157.19,1196.05,127.978,155.778,1179.63,118.303,153.668,1221.64,126.157,146.537,1165.01,117.072,143.07,1244.98,128.211,126.745,1148.2,124.452,165.045,1212.05,104.675,115.76,1145.06,123.138,182.418,1214.12,118.935,133.014,1171.92,116.962,90.5502,1182.45,133.838,89.5254,1154.93,117.518,48.5676,1194.57,131.367,45.3519,1156.11,85.3157,29.7345,1185.17,121.704,12.2164,1211.61,109.728,172.964,1204.19,99.3529,182.79,1207.8,103.743,195.257,1215.84,113.87,187.509,0,0,0
011407:1188.79,130.063,154.436,1189.45,126.271,155.859,1195.34,129.717,156.523,1186.16,119.539,152.103,1213.97,126.877,150.341,1172.26,119.161,140.433,1245.86,128.418,126.57,1148.71,124.64,163.995,1212.05,104.675,115.76,1143.77,123.206,181.156,1214.12,118.935,133.014,1182.78,118.285,89.1348,1180.86,133.431,90.1611,1153.31,117.131,48.9822,1187.68,131.087,44.0499,1157.61,84.3928,30.9286,1187.71,122.439,9.40386,1211.54,109.728,172.703,1205.88,99.1677,182.078,1208.8,102.823,194.682,1214.92,113.675,187.387,0,0,0
011408:1186.97,127.551,156.144,1186.29,123.47,157.551,1191.67,128.143,158.216,1181.89,117.93,153.136,1206.57,128.159,151.852,1170.71,118.786,140.864,1244.7,128.513,126.891,1149.32,124.833,163.219,1211.82,104.675,114.961,1144.18,123.127,179.479,1215.06,118.854,132.83,1180.73,117.901,87.9474,1188.06,134.14,86.4704,1153.11,117.126,48.3112,1185.55,130.521,45.3541,1155.81,83.3132,33.4317,1185.72,121.257,11.7034,1211.54,109.728,172.703,1206.71,99.0743,181.654,1209.87,101.625,194.1,1213.99,113.481,187.266,0,0,0
011409:1185.77,127.322,156.722,1184.21,122.908,157.942,1191.48,127.733,158.61,1176.1,117.398,153.23,1206.4,127.756,151.828,1169.19,118.463,140.547,1244.08,128.56,126.923,1149.23,124.831,162.955,1211.82,104.675,114.961,1143.66,123.124,177.709,1215.06,118.854,132.83,1183.09,117.899,86.916,1185.56,133.529,87.0397,1152.17,116.929,48.1129,1184.52,130.295,45.2411,1152.95,82.3229,35.6031,1191.85,121.884,8.81082,1206.45,108.578,173.584,1207.43,98.6999,180.681,1209.09,101.161,194.225,1213.92,113.481,187.005,0,0,0
011410:1176.84,126.77,155.424,1178.39,123.196,156.422,1183.37,126.928,157.711,1183.13,119.203,150.399,1204.27,126.153,150.841,1173.71,119.581,138.993,1245.74,128.974,126.171,1148.93,124.823,162.032,1207.13,104.279,114.947,1143.52,123.124,177.208,1215.06,118.854,132.83,1185.09,118.451,85.1492,1183.74,133.674,87.4571,1150.56,116.543,48.5273,1186.47,130.771,44.6998,1150.76,81.7957,37.1824,1191.8,121.84,9.35575,1205.57,108.388,173.601,1206.58,97.4021,179.861,1208.21,100.973,194.231,1212.07,113.648,187.309,0,0,0
011411:1185.94,127.567,156.111,1185.35,123.413,156.994,1189.95,127.608,158.115,1181.25,118.442,151.188,1202.89,126.661,150.825,1175.16,119.911,138.902,1246,129.227,126.028,1148.89,124.822,161.9,1205.42,103.897,115.303,1144.9,122.966,175.859,1215.06,118.854,132.83,1188.61,119.196,85.6608,1182.62,133.744,86.9945,1150.56,116.543,48.5273,1189.46,131.593,42.3962,1150.89,81.7998,37.5867,1185.12,119.296,12.3121,1204.83,107.643,173.592,1207.58,96.7531,179.548,1207.5,100.233,194.344,1211.91,113.646,186.777,0,0,0
011412:1188.88,129.214,152.274,1188.52,124.737,153.383,1191.9,128.448,154.76,1180.3,119.011,149.358,1200.9,126.102,149.43,1174.82,119.824,139.093,1245.41,129.274,126.146,1148.7,124.82,161.258,1209.16,103.54,114.668,1147.09,123.806,175.203,1215.06,118.854,132.83,1183.42,118.291,86.5001,1182.46,133.741,86.4539,1146.93,117.138,49.3153,1190.75,132.84,41.5101,1152.72,81.6024,37.3951,1184.04,119.085,11.8852,1206.66,107.47,173.274,1212.94,96.1934,178.206,1208.41,100.142,194.197,1217.52,112.587,185.569,0,0,0
011413:1193.59,129.533,152.415,1190.46,125.307,154.473,1200.75,129.327,154.857,1179.85,119.512,151.588,1221.13,127.853,148.502,1166.28,117.933,138.557,1244.79,129.32,126.177,1146.99,124.435,161.048,1210.95,103.36,114.016,1145.79,124.139,174.194,1217.78,118.607,132.001,1181.22,117.869,85.4727,1184.91,134.351,85.754,1149.34,117.717,48.696,1187.82,132.153,41.8446,1159.21,80.9099,36.8571,1195.08,121.668,9.15043,1204.97,107.089,173.567,1212.94,96.1934,178.206,1205.87,99.5831,194.605,1218.68,111.67,185.39,0,0,0
011414:1182.13,127.798,153.136,1183.83,123.615,154.281,1188.42,128.589,155.928,1181.82,118.625,149.714,1203.53,129.279,151.016,1165.21,117.713,138.255,1244.16,129.367,126.209,1141.58,124.609,160.95,1211.08,103.364,114.428,1145.63,124.137,173.681,1217.78,118.607,132.001,1180.34,118.297,84.9031,1184.84,134.352,85.4927,1150.13,117.634,48.1997,1183.15,131.583,43.5133,1159.37,80.9155,37.3986,1184.29,119.125,12.1077,1208.73,106.743,173.202,1212.31,94.8929,178.176,1208.61,99.3109,194.165,1215.27,110.898,185.953,0,0,0
011415:1188.42,129.098,151.477,1190.81,124.85,152.403,1192.58,129.456,154.484,1191.5,119.526,147.475,1200.02,130.04,151.032,1161.24,117.301,139.758,1245.58,130.08,125.748,1141.36,124.603,160.292,1211.08,103.364,114.428,1145.63,124.137,173.681,1215.13,118.013,132.245,1179.26,118.073,84.6696,1187.2,134.966,84.3978,1154.11,118.331,46.6225,1185.07,132.11,42.0761,1154.51,79.8541,38.9539,1192.17,121.051,8.83402,1209.89,105.545,172.862,1214.08,94.4228,177.444,1211.41,98.7603,193.712,1215.34,110.064,185.394,0,0,0
011416:1183.49,129.659,152.674,1179.63,125.367,154.735,1192.75,129.5,154.954,1174.04,119.798,150.356,1222,128.075,146.966,1162.28,117.734,136.613,1245.58,130.08,125.748,1142.18,124.527,159.999,1211.08,103.364,114.428,1150.25,124.483,171.762,1214.02,117.816,131.491,1180.59,118.436,83.547,1185.92,134.755,83.1061,1159.27,117.843,44.7067,1185.04,132.192,40.7116,1156.15,79.4823,41.2344,1195.09,121.759,7.70794,1209.8,105.542,172.59,1211.47,93.5897,177.476,1207.31,97.2768,194.372,1218.19,109.529,184.922,0,0,0
011417:1188.57,129.447,149.633,1185.68,125.397,151.432,1195.64,129.096,151.779,1181.03,120.833,147.813,1219.3,127.452,144.711,1171.22,119.829,135.405,1245.58,130.08,125.748,1143.68,124.378,158.921,1211.08,103.364,114.428,1150.25,124.483,171.762,1215.85,117.652,130.989,1185.54,119.57,82.9556,1185.89,134.755,82.9753,1159.2,117.844,44.4459,1180.59,131.962,42.4211,1160.02,79.0805,41.5189,1194.87,121.675,8.29638,1209.76,105.264,172.186,1212.6,92.9397,177.569,1211.65,96.8104,192.959,1221.19,109.276,185.143,0,0,0
011418:1190.78,130.618,148.058,1189.69,126.505,149.764,1197.94,130.22,150.025,1185.96,120.379,146.096,1219.3,127.769,143.096,1168.73,118.997,135.091,1245.58,130.08,125.748,1143.64,124.378,158.796,1208.21,102.793,113.902,1147.65,123.907,171.308,1217.72,117.488,130.618,1183.61,119.094,83.7403,1182.94,134.968,82.9368,1158.35,117.65,44.5257,1181.76,132.28,41.6047,1160.97,78.9775,41.5524,1185.69,119.39,12.7838,1209.76,105.264,172.186,1212.56,92.9397,177.438,1216.37,95.79,192.197,1215.32,107.933,186.522,0,0,0
011419:1191.47,130.297,150.571,1188.11,125.308,152.152,1197.27,129.692,153.119,1178.05,119.743,147.595,1214.37,128.432,146.083,1170.44,119.39,134.958,1244.72,130.125,124.985,1144.29,124.304,157.878,1205.5,102.783,114.467,1147.65,123.907,171.308,1217.61,117.489,130.222,1182.12,118.843,82.4786,1183.69,135.448,82.7651,1156.59,117.265,44.4246,1182.49,132.603,39.1918,1161.14,78.9749,42.2095,1191.01,120.739,9.78238,1207.42,103.863,172.591,1210.96,92.0154,177.581,1217.39,94.8579,191.744,1212.94,105.408,185.909,0,0,0
011420:1192.28,130.625,148.826,1193.18,125.705,149.807,1195.08,129.955,152.339,1189.49,120.057,144.505,1202.33,128.097,148.069,1178.66,121.057,133.286,1242.67,129.708,124.37,1145.68,124.688,156.946,1205.5,102.783,114.467,1145.87,123.52,170.94,1217.61,117.489,130.222,1188.95,120.41,81.6009,1186.91,136.268,81.605,1156.59,117.265,44.4246,1183.36,133.157,38.302,1161.33,78.9779,42.8783,1181.89,118.604,12.0536,1207.38,103.861,172.455,1210.41,90.4385,177.671,1218.46,93.9257,191.428,1215.78,105.144,185.713,0,0,0
011421:1194.23,130.9,149.293,1193.58,126.614,150.815,1202.09,130.617,151.413,1183.54,120.951,147.541,1221.88,129.018,144.59,1167.23,118.141,134.096,1234.06,130.045,123.988,1146.43,124.613,156.404,1214.16,104.412,112.66,1143.96,123.4,170.336,1220.47,117.243,129.801,1184.51,118.439,83.2167,1186.82,136.266,81.3306,1154.97,116.877,44.8442,1181.01,133.062,40.689,1165.72,79.862,42.7378,1187.1,119.761,11.7758,1207.51,103.306,172.431,1209.75,89.4198,177.784,1220.49,92.6186,190.824,1211.4,104.753,186.45,0,0,0
011422:1185.16,128.791,148.266,1193.47,125.679,148.089,1189.8,128.756,150.786,1199.62,122.106,142.16,1202.29,127.78,146.144,1164.29,117.61,132.034,1233.98,130.045,123.722,1148.51,124.918,154.775,1218.76,104.243,111.691,1144.78,123.324,170.054,1220.52,117.244,129.94,1185.3,118.732,81.2968,1186.82,136.266,81.3306,1154.97,116.877,44.8442,1182.62,133.488,39.7841,1165.85,79.8662,43.1448,1191.17,120.713,10.8023,1212.94,102.768,171.198,1212.42,88.8472,176.897,1216.02,91.4172,190.713,1211.65,104.48,186.981,0,0,0
011423:1191.71,129.643,149.349,1188.9,124.989,150.976,1200.66,129.309,150.964,1179.87,119.705,146.987,1189.99,130.751,150.148,1173.21,118.729,132.261,1237.32,129.761,122.365,1147.72,125.448,152.625,1220.5,104.628,111.328,1142,123.011,169.332,1223,117.84,129.029,1189.01,119.62,80.2179,1184.99,136.408,81.7552,1154.97,116.877,44.8442,1188.64,134.984,37.917,1166.3,79.8713,44.749,1189.35,120.292,11.1439,1213.82,102.677,170.901,1211.63,88.386,177.033,1217.83,91.2258,190.283,1214.71,102.545,186.063,0,0,0
011424:1182.31,128.07,151.541,1182.4,123.791,152.783,1191.37,128.422,153.268,1181.45,118.911,146.972,1189.89,130.728,150.156,1167.27,117.397,132.267,1243.35,129.233,119.498,1147.68,125.449,152.499,1220.57,104.628,111.595,1141.93,123.012,169.081,1224.86,117.675,128.521,1186.01,118.898,81.1662,1184.94,136.407,81.6182,1154.93,116.876,44.7086,1183.88,134.157,38.5064,1167.5,80.051,45.8693,1187.23,119.826,11.1958,1215.71,101.375,169.849,1213.45,87.6291,176.291,1220.5,90.0961,188.873,1214.04,102.357,186.857,0,0,0
011425:1179.88,127.906,148.937,1181.24,123.492,149.884,1188.41,127.978,151.041,1184.46,118.83,143.831,1186.1,129.864,150.017,1168.31,117.762,130.167,1243.21,129.234,118.962,1147.53,125.179,151.715,1220.57,104.628,111.595,1141.86,123.012,168.83,1225.62,117.875,127.951,1189.49,119.847,78.2426,1188.22,136.953,80.3037,1155.61,116.79,43.8068,1183.7,134.087,38.9827,1168.8,80.2276,47.3818,1192.37,120.975,10.7932,1215.89,100.54,169.691,1210.84,87.0836,176.594,1221.6,88.8794,188.418,1214.14,101.801,186.704,0,0,0
011426:1170.14,125.048,152.589,1173.56,121.73,153.334,1183.08,126.253,153.707,1182.05,119.669,146.56,1191.45,131.085,150.167,1166.13,117.178,131.662,1243.17,129.234,118.828,1149.83,124.409,149.745,1220.48,104.625,111.318,1140.82,122.818,168.079,1225.62,117.875,127.951,1183.67,118.452,80.0016,1188.1,136.951,79.898,1154.72,116.595,43.7513,1181.18,134.076,39.4669,1168.89,80.2304,47.6533,1194.9,121.578,9.97481,1215.96,100.26,169.679,1210.96,86.5254,176.573,1226.24,88.3917,187.662,1214.21,100.963,186.262,0,0,0
011427:1186.95,129.285,150.138,1186,125.217,151.295,1196.14,128.856,150.88,1185.38,120.086,145.305,1188.05,130.288,150.401,1165.93,117.095,132.277,1245.61,129.857,117.485,1151.48,124.255,149.143,1220.48,104.625,111.318,1140.46,122.813,166.922,1232.23,117.296,126.496,1190.89,120.048,79.9935,1189.03,137.154,80.0912,1155.48,116.51,43.1147,1183.52,134.608,39.5294,1168.97,80.2331,47.925,1190.12,120.473,10.9539,1216.1,99.4232,169.386,1212.82,85.7676,175.967,1223.7,87.5629,188.075,1219.12,99.3931,185.585,0,0,0
011428:1179.35,128.523,149.947,1181.94,123.652,150.781,1189.41,129.053,152.448,1185.53,118.563,144.421,1214.27,129.977,145.697,1169.85,117.989,132.041,1246.46,130.065,117.171,1149.49,124.13,148.412,1220.44,104.624,111.18,1140.81,122.73,165.093,1231.53,116.818,126.938,1192.66,120.497,79.0616,1193.82,138.39,78.119,1158.15,116.266,42.4233,1180.35,134.437,40.1519,1169.1,80.2373,48.3322,1190.48,120.53,11.3037,1216.76,98.3157,170.565,1216.39,85.0895,174.792,1222.22,85.5164,187.901,1206.75,96.7829,185.99,0,0,0
011429:1164.3,122.99,154.153,1173.26,120.494,153.814,1177.93,125.055,154.967,1186.07,119.15,145.455,1190.46,130.928,149.086,1168.41,117.714,131.294,1246.39,130.066,116.902,1148.59,123.938,148.187,1219.57,104.431,111.362,1138.72,122.07,163.425,1230.62,116.619,126.978,1183.24,118.37,79.78,1193.82,138.39,78.119,1158.15,116.266,42.4233,1185.89,135.889,37.3473,1166.51,80.5424,49.2773,1183.78,118.798,15.6214,1217.98,96.8232,170.208,1215.87,83.7919,175.173,1217.8,84.6122,188.211,1213.91,96.8773,184.938,0,0,0
011430:1189.69,129.695,149.434,1184.75,124.872,151.421,1200.56,129.295,150.618,1178.94,119.127,146.139,1192.72,131.355,150.514,1167.35,117.424,132.097,1246.42,130.066,116.988,1148.47,123.934,147.79,1219.57,104.431,111.362,1140.75,121.831,161.256,1230.62,116.619,126.978,1189.9,119.939,78.2109,1192.59,138.451,77.3696,1154.16,115.024,43.4577,1180.05,134.349,40.4388,1166.74,80.5389,50.1981,1196.24,121.984,8.15711,1217.13,95.7925,169.777,1211.67,81.7763,175.347,1218.09,83.213,188.161,1222.48,96.3236,184.635,0,0,0
011431:1193.53,129.34,147.773,1184.79,125.357,151.586,1193.04,129.26,151.013,1190.85,119.737,145.388,1184.35,129.332,152.006,1175.73,119.388,130.792,1245.28,130.162,117.403,1150.76,124.512,147.068,1219.43,104.427,110.947,1140.22,121.826,159.471,1231.57,116.535,126.789,1196.82,121.55,76.9138,1190.91,138.038,77.7599,1155.93,114.86,42.9979,1178.54,134.006,40.3793,1168.41,80.8941,49.7774,1195.36,121.737,9.02188,1218.01,95.6977,169.479,1211.9,80.9398,175.457,1219.21,81.9925,187.839,1219.25,95.5791,185.991,0,0,0
011432:1212.1,130.503,147.499,1211.31,125.987,148.003,1201.21,130.598,152.725,1205.46,120.262,143.189,1186.83,129.897,152.101,1166.58,117.275,131.719,1244.79,130.212,117.868,1151.38,124.702,146.389,1219.43,104.427,110.947,1140.03,121.825,158.832,1236.34,116.117,125.84,1194.9,121.128,76.8661,1190.91,138.038,77.7599,1155.93,114.86,42.9979,1180.83,134.614,39.1231,1170.9,81.4281,49.1447,1196.82,122.083,8.61171,1222.52,95.2246,168.257,1211.82,80.9398,175.194,1220.15,81.6113,187.547,1219.34,94.7405,185.564,0,0,0
011433:1198.77,131.419,148.227,1209.31,125.535,148.067,1206.08,130.448,152.457,1187.78,120.363,145.356,1191.93,131.16,150.709,1160.18,115.734,133.382,1244.79,130.212,117.868,1153.53,125.01,144.869,1219.43,104.427,110.947,1144.69,121.358,156.304,1237.3,116.033,125.65,1192.48,120.551,77.5357,1190.91,138.038,77.7599,1166.87,114.701,41.8825,1183.52,135.24,38.9738,1170.05,81.5305,49.5066,1197.8,122.256,9.26146,1218.79,94.1925,167.768,1209.19,79.8468,174.959,1221.91,81.4065,186.973,1219.57,93.6234,185.394,0,0,0
011434:1195.4,130.606,148.854,1208.3,125.287,148.406,1202.03,129.482,153.124,1174.51,122.443,145.397,1183.94,129.233,152.083,1162.93,116.375,132.99,1242.14,129.59,118.405,1153.53,125.01,144.869,1219.43,104.427,110.947,1143.66,120.9,155.301,1235.76,115.633,126.801,1194.26,120.972,77.0983,1191,138.04,78.0352,1166.87,114.701,41.8825,1184.64,135.501,38.9064,1173.54,82.2447,49.1935,1197.41,122.242,8.10092,1213.51,92.5238,167.735,1209.29,79.0087,174.667,1223.89,80.3608,186.509,1226,92.3966,183.64,0,0,0
011435:1190.73,129.197,149.551,1199.94,123.299,150.181,1220.67,126.974,141.623,1174.98,119.11,143.658,1192.88,130.82,150.256,1164.38,116.69,133.181,1242.14,129.59,118.405,1151.9,124.802,142.286,1219.43,104.427,110.947,1141.7,120.519,154.206,1233.42,115.036,128.396,1192.52,120.542,77.838,1191,138.04,78.0352,1166.87,114.701,41.8825,1185.56,135.687,39.2903,1174.76,82.43,50.3275,1198.94,122.62,7.42956,1211.93,91.5966,168.014,1214.78,77.268,173.005,1230.29,78.7908,184.593,1228.94,90.9839,182.737,0,0,0
011436:1191.57,127.915,149.606,1196.99,122.595,150.86,1197.79,128.445,154.232,1147.63,121.145,150.118,1192.68,130.751,150.601,1162.96,116.345,133.58,1242.14,129.59,118.405,1148.55,124.029,142.276,1219.43,104.427,110.947,1141.26,120.517,152.679,1232.59,114.839,128.708,1192.66,120.575,77.7918,1192.67,138.454,77.6452,1168.55,115.089,41.5879,1181.47,135.292,40.1294,1175.81,82.6143,50.7935,1193.96,121.44,8.8773,1211.39,90.0165,168.108,1215.59,76.5987,172.152,1238.65,75.2913,181.344,1223.76,89.5982,183.457,0,0,0
011437:1193.53,127.792,149.342,1197.35,122.384,150.826,1199.62,128.28,154.123,1169.89,119.08,146.556,1193.74,131.009,150.389,1172.65,118.676,131.138,1240.74,129.432,118.961,1149.99,123.601,140.734,1221.25,104.812,110.85,1140.63,120.507,150.615,1230.01,114.246,129.364,1195.04,121.173,76.6272,1192.67,138.454,77.6452,1168.6,115.09,41.7245,1180.39,135.06,39.9137,1180.18,83.5104,50.3992,1198.06,122.364,8.42909,1217.9,89.0596,166.964,1211.2,74.5937,171.794,1233.3,73.9415,181.808,1232.16,87.8708,181.489,0,0,0
011438:1193.03,127.638,149.954,1199.53,122.305,150.463,1198.02,127.916,154.122,1159.02,119.787,148.753,1190.85,129.757,150.392,1170.88,118.835,131.5,1240.81,129.432,119.229,1151.56,123.444,139.856,1223.9,105.392,110.436,1140.46,120.503,150.089,1229.47,113.489,130.061,1198.03,121.795,77.2659,1195.23,139.075,77.1905,1171.6,114.851,41.9836,1185.81,136.295,40.0475,1180.18,83.5104,50.3992,1202.71,123.277,10.1385,1220.16,87.465,166.864,1212.9,74.0992,170.924,1233.17,72.2359,180.268,1227.66,86.6723,181.537,0,0,0
011439:1198.37,128.891,149.389,1203.49,123.229,149.88,1200.79,128.573,153.685,1167.24,119.01,146.602,1192.76,129.369,149.516,1170.88,118.835,131.5,1240.85,129.432,119.363,1153.65,123.207,137.634,1224.7,106.151,110.551,1140.16,120.5,149.066,1230.45,113.403,130.007,1196,121.249,78.8112,1194.3,139.145,77.4066,1174.4,114.604,41.5583,1183.84,135.81,40.5332,1180.18,83.5104,50.3992,1196.41,121.854,10.8749,1222.03,86.9857,166.39,1214.5,73.0364,169.355,1226.88,71.0072,180.761,1222.21,84.73,181.024,0,0,0
011440:1195.25,128.118,150.382,1200.4,122.474,150.908,1202.05,127.664,153.929,1166.43,118.229,147.503,1190.17,128.663,151.263,1170.88,118.835,131.5,1238.53,129.371,121.036,1154.26,123.129,136.557,1230.1,107.317,109.989,1137.33,119.925,147.856,1226.96,112.615,130.693,1196.8,121.435,78.6587,1197.84,139.973,77.282,1174.52,114.608,41.9695,1183.63,135.693,41.6465,1180.18,83.5104,50.3992,1196.82,122.115,8.07009,1225.4,86.5809,164.639,1212.76,71.2807,168.676,1226.13,67.7201,179.326,1219.65,83.0623,180.746,0,0,0
011441:1193.28,127.614,151.221,1200.88,122.553,151.347,1200.83,127.364,154.291,1164.32,119.548,150.621,1189.09,128.381,151.818,1172.65,118.676,131.138,1236.02,129.309,121.997,1154.02,123.13,135.668,1230.19,107.603,110.551,1140.15,119.6,145.346,1227.07,112.615,131.092,1200.47,122.159,80.0874,1198.79,140.18,77.4816,1171.92,114.858,43.0673,1183.5,135.547,43.4477,1180.18,83.5104,50.3992,1189.09,120.163,12.3275,1225.69,84.3236,163.884,1216.23,69.727,166.537,1226.24,66.873,179.167,1218.62,82.0388,179.667,0,0,0
011442:1175.88,123.427,154.698,1190.95,120.218,153.147,1183.6,122.659,157.654,1200.29,120.429,145.97,1173.18,123.93,155.353,1172.65,118.676,131.138,1235.25,129.102,122.573,1154.78,123.055,135.109,1230.04,108.17,110.581,1135.7,118.82,141.571,1229.91,112.358,130.533,1199.05,121.883,79.479,1198.9,140.179,77.8769,1169.71,115.101,45.6101,1176.86,133.878,45.6697,1180.18,83.5104,50.3992,1193.8,121.313,10.349,1223.96,83.1125,163.622,1220.68,68.6184,164.896,1220.86,65.2754,179.103,1216.57,78.979,180.14,0,0,0
011443:1187.87,125.24,155.3,1192.68,120.554,153.932,1195.81,125.497,156.511,1175.2,117.269,151.601,1191.97,127.258,152.111,1172.65,118.676,131.138,1235.25,129.102,122.573,1154.68,123.055,134.728,1229.9,109.306,111.183,1142.14,118.373,136.048,1230.02,112.358,130.933,1195.42,120.976,81.1618,1200.84,140.592,78.4087,1169.88,115.098,46.2658,1170.32,132.19,48.5446,1180.18,83.5104,50.3992,1201.41,121.744,10.8049,1221.34,81.7246,163.387,1218.77,66.8575,163.686,1206.27,60.4251,180.59,1216.74,77.8545,179.957,0,0,0
011444:1203.74,126.626,153.052,1199.81,121.381,152.119,1206.45,126.561,154.394,1150.4,118.135,154.886,1193.82,127.666,152.334,1178.29,120.071,129.097,1234.24,129.201,123.323,1092.04,107.216,157.05,1219.66,111.118,114.628,1141.48,118.364,133.849,1230.02,112.358,130.933,1195.91,121.118,80.6106,1197.15,140.871,79.4096,1169.95,115.097,46.5282,1184.41,136.339,43.6722,1180.15,83.5128,50.2709,1206.36,123.029,7.48192,1219.42,81.0801,162.879,1217.73,65.8347,162.74,1205.95,60.144,179.267,1219.44,77.2627,179.082,0,0,0
011445:1202.49,125.102,154.022,1196.51,120.558,153.505,1203.65,125.877,155.237,1163.33,116.915,154.369,1195.3,128.01,152.215,1174.08,119.024,130.687,1234.24,129.201,123.323,1157.7,122.747,132.342,1225.15,112.014,114.21,1142.61,118.198,131.548,1230.06,112.357,131.066,1198.25,121.916,80.9056,1194.67,141.079,81.1247,1171.14,115.3,47.5363,1178.86,134.101,44.7169,1180.15,83.5128,50.2709,1195.48,120.479,10.3345,1215.1,78.4975,162.391,1219.34,64.4822,160.905,1219.24,58.4436,175.864,1224.5,76.6332,176.539,0,0,0
011446:1205.84,125.313,153.276,1200.14,119.872,153.89,1212.32,125.151,155.414,1160.09,115.89,156.317,1196.87,128.292,153.406,1171.15,118.211,133.149,1233.05,129.354,125.529,1161.92,122.359,130.916,1226.96,112.408,114.116,1143.32,117.849,130.584,1230.06,112.357,131.066,1190.91,120.767,82.8417,1188.77,142.125,85.0971,1171.25,115.3,47.9354,1180.33,134.36,45.9207,1180.08,83.5138,50.0059,1203.04,123.588,6.32244,1214.14,77.192,161.433,1219.09,63.3448,159.386,1222.34,56.8492,172.662,1225.13,74.5467,174.035,0,0,0
011447:1203.94,124.571,153.587,1208.94,119.771,153.68,1212.21,124.269,154.891,1164.43,117.779,156.339,1191.34,126.069,154.679,1176.8,119.29,131.52,1233.27,129.352,126.328,1159.56,121.507,131.265,1229.78,113,114.248,1139.69,117.087,129.564,1230.13,112.357,131.332,1194.12,121.423,83.7311,1188.85,142.128,85.3719,1171.54,115.307,48.8863,1171.32,132.075,49.2898,1180.79,83.6961,49.264,1195.99,121.706,11.8102,1211.36,75.5312,160.511,1221.65,63.0065,158.212,1222.18,56.2839,171.717,1215.41,72.0485,174.711,0,0,0
011448:1202.16,124.083,154.952,1205.75,118.368,155.408,1209.5,123.884,156.11,1158.39,116.186,156.914,1194.47,126.419,155.708,1172.65,117.624,133.963,1233.41,129.352,126.861,1162.19,121.274,130.725,1238.77,114.986,113.104,1136.51,116.779,127.488,1231.92,112.751,131.122,1198.61,122.429,83.5537,1189.72,142.335,85.3122,1173.43,115.144,48.702,1179.67,132.965,46.739,1186.6,84.1165,46.6501,1196.19,121.854,10.1112,1212.2,75.1425,159.928,1221.23,62.4339,156.446,1220.79,54.975,169.549,1211.88,68.5402,173.206,0,0,0
011449:1207.09,125.334,152.692,1212.91,120.089,153.147,1213.18,124.834,154.067,1176.48,114.881,153.627,1195.8,125.834,155.797,1176.06,118.328,134.893,1230.69,129.04,128.037,1161.43,120.809,130.746,1238.07,115.362,114.425,1136.19,116.774,126.451,1231.92,112.751,131.122,1194.01,121.355,84.4485,1193.13,143.168,84.8109,1174.51,115.06,49.1355,1181.22,133.334,46.5464,1191.52,84.3571,43.9617,1195.78,121.733,10.6201,1221.03,74.0833,157.044,1216.44,61.2941,155.622,1229.1,52.0774,164.212,1215.42,66.1354,170.912,0,0,0
011450:1201.43,123.871,155.718,1206.75,118.51,156.664,1210.37,123.965,157.892,1176.55,114.435,156.152,1198.74,126.403,157.288,1173.76,117.75,135.902,1227.41,128.773,129.467,1161.47,120.266,130.325,1240.69,116.53,114.316,1135.88,116.501,125.146,1233,112.952,131.634,1193.25,122.003,85.6454,1193.13,143.168,84.8109,1176.89,114.34,50.108,1175.66,131.838,50.0122,1192.05,84.5338,42.6559,1199.1,122.454,10.7363,1223.61,73.7631,155.866,1223.77,60.2575,150.981,1218.36,49.6818,161.891,1215.46,62.7476,169.05,0,0,0
011451:1208.5,124.912,155.018,1210.64,119.412,156.007,1213.05,124.59,157.477,1177.1,114.802,155.574,1197.13,126.047,157.179,1178.87,118.609,135.825,1219.52,128.638,132.754,1162.14,120.183,129.482,1239.02,117.843,116.692,1133.67,116.652,123.823,1235.87,113.545,131.926,1193.99,122.099,86.7248,1193.38,143.165,85.7285,1176.97,114.342,50.382,1186.59,132.317,48.9895,1193.42,84.8954,41.0009,1200.58,122.798,10.4041,1228.54,72.8327,152.412,1227.66,59.6742,147.677,1217.49,49.1079,158.535,1214.71,62.7394,166.517,0,0,0
011452:1212.2,124.631,153.808,1211.55,119.662,155.207,1211.99,124.376,157.107,1184.3,114.505,155.356,1191.67,124.767,157.842,1176.26,117.921,137.449,1219.73,128.638,133.499,1162.18,119.911,129.338,1239.5,118.709,119.089,1138.69,116.897,120.028,1238.51,114.14,131.411,1203.58,124.302,85.5698,1194.38,143.097,85.7798,1173.79,113.565,51.7484,1184.47,130.952,48.8022,1194.3,85.8135,38.1359,1195.04,121.549,10.9986,1226.22,71.9048,150.423,1225.97,58.9263,144.725,1219.55,49.5979,156.059,1215.16,61.4945,164.052,0,0,0
011453:1204.2,122.628,157.218,1207.35,117.386,157.922,1204.87,122.609,159.867,1161.36,114.451,161.282,1188.24,123.937,158.665,1182,119.195,137.614,1219.87,128.641,133.97,1159.62,119.333,129.316,1245.09,120.491,119.537,1144.92,117.061,117.163,1238.6,114.143,131.689,1205.52,124.753,85.2499,1192.01,142.469,86.8751,1175.99,113.403,52.6405,1188.2,130.464,46.2745,1194.18,85.8113,37.7258,1202.17,123.248,8.74423,1225.07,71.7267,149.645,1226.43,59.093,143.078,1227.53,48.3856,150.185,1221.93,59.742,160.18,0,0,0
011454:1230.8,120.26,149.593,1208.19,117.312,157.329,1206.46,122.954,160.058,1165,114.726,160.793,1193.87,124.616,158.818,1182.08,119.198,137.884,1220.04,128.642,134.535,1162.69,119.008,127.137,1243.31,120.941,120.76,1144.97,116.978,114.14,1236.86,114.318,132.619,1198.64,122.948,89.7037,1191.28,142.259,87.4577,1180.29,113.085,53.9136,1187.91,130.654,51.6906,1198.21,86.7336,35.5485,1201.38,123.01,9.81314,1227.3,70.2557,146.509,1227.31,59.713,139.793,1226.43,47.7962,146.24,1222.35,58.4903,157.569,0,0,0
011455:1202.07,122.066,158.577,1210.67,116.934,157.93,1204.62,122.133,161.853,1179.6,114.012,158.531,1191.38,122.834,159.548,1179.39,118.506,139.295,1214.16,129.162,137.265,1163.15,118.932,125.417,1243.23,122.081,121.648,1142.7,116.591,112.151,1236.34,114.412,134.185,1202.22,123.799,88.815,1191.45,142.257,88.1121,1179.56,112.889,54.5164,1187.15,129.674,50.3147,1202.39,87.6582,33.8986,1196.4,121.785,11.9768,1234.91,69.2613,142.201,1221.83,60.8431,138.142,1224.17,47.1739,144.802,1227.09,57.2182,153.562,0,0,0
011456:1200.77,120.862,159.083,1207.89,115.719,158.157,1204.34,121.491,161.71,1174.73,112.646,159.907,1194.87,123.619,159.579,1180.35,118.426,139.35,1214.31,129.162,137.791,1167.34,118.533,123.716,1238.63,122.491,123.313,1144.64,116.343,109.37,1237.57,114.619,135.122,1200.44,124.2,90.3807,1196.08,142.006,90.2781,1173.98,111.531,56.8825,1187.27,129.621,51.5526,1195.83,88.3517,35.2977,1207.37,124.988,8.83119,1224.33,69.6005,142.629,1217.02,59.5683,134.193,1222.8,46.4371,142.936,1224.52,56.5843,151.04,0,0,0
011457:1224.5,117.771,152.206,1203.53,114.652,159.986,1201.36,120.718,163.394,1172.03,111.753,160.314,1195.34,123.688,160.155,1182.15,118.266,138.996,1214.56,129.16,138.711,1168.89,118.373,122.562,1239.51,122.694,123.137,1145.38,115.719,108.233,1237.81,114.622,135.94,1196.49,123.291,90.875,1201.51,143.261,90.4789,1172.39,111.144,57.5557,1187.88,129.435,51.943,1191.19,88.8431,36.3469,1210.83,125.791,8.08679,1222.56,69.4183,139.704,1214.04,59.4915,130.626,1221.26,47.2745,138.109,1223.56,55.9941,147.627,0,0,0
011458:1206.22,119.952,160.031,1209.53,116.019,159.125,1199.34,120.294,163.016,1175.55,114.859,161.328,1182.43,120.653,162.093,1181.46,117.724,140.538,1214.6,129.16,138.842,1168.64,118.367,121.762,1230.5,124.356,127.718,1144.13,115.524,106.846,1240.66,115.221,136.111,1200.35,124.188,90.2861,1201.55,143.261,90.6105,1171.87,110.955,58.8298,1188.11,129.494,51.9052,1193.28,89.9581,34.492,1200.73,124.79,12.9365,1227.57,70.4698,137.754,1209.38,59.9239,128.107,1234.09,45.4324,131.734,1224.33,56.5984,144.192,0,0,0
011459:1204.51,118.958,160.435,1204.13,113.559,160.738,1201.49,120.762,163.173,1177.27,109.859,161.321,1200.58,124.858,160.341,1168.27,114.632,142.892,1214.71,129.16,139.236,1167.76,118.174,121.674,1235.12,126.219,128.641,1143.71,115.52,105.417,1238.95,115.393,137.165,1191.35,122.084,91.8956,1201.78,143.262,91.4131,1176.72,109.788,61.5342,1192.21,129.731,53.3598,1190.85,91.2831,33.8195,1204.83,127.568,12.0634,1230.91,70.5978,136.094,1214.11,62.0765,126.037,1222.72,47.4697,127.191,1227.64,56.8586,139.281,0,0,0
011460:1211.37,119.424,158.351,1213.42,115.086,159.302,1201.32,120.791,162.138,1170.99,113.343,162.402,1193.21,122.287,160.796,1170.5,115.08,143.693,1209.28,127.992,141.202,1169.49,118.013,121.168,1231.4,126.53,129.794,1143.43,115.521,104.393,1234.4,116.669,139.63,1196.53,123.228,92.0505,1201.78,143.262,91.4131,1181.59,110.121,58.7791,1192.1,129.753,52.6499,1191.63,91.47,33.3304,1198.51,127.196,14.9848,1225.25,71.1233,133.739,1223.96,67.1546,120.211,1225.99,50.0048,123.125,1231.55,56.8442,136.107,0,0,0
011461:1207.11,118.034,160.855,1207.92,113.434,161.869,1199.24,120.205,164.048,1171.38,110.56,162.524,1198.86,122.979,160.644,1165.69,113.98,144.12,1207.93,127.837,141.737,1167.86,117.627,121.508,1230.56,127.174,130.963,1145.56,115.816,102.797,1228.11,117.26,142.005,1192.67,122.038,92.6064,1205.52,142.99,90.5768,1177.97,108.882,61.5156,1194.6,130.02,52.6007,1193.31,91.8424,32.7523,1195.02,126.314,16.7367,1229.2,74.4486,129.803,1212.4,70.3284,118.988,1229.55,51.3995,119.529,1232.72,56.8859,133.571,0,0,0
011462:1206.94,118.005,160.684,1232.02,111.037,154.737,1199.99,120.078,164.066,1172.51,110.963,162.778,1199.03,122.75,160.249,1172.55,115.009,142.86,1209.66,128.24,141.542,1170.53,117.386,120.95,1228.78,127.613,132.035,1146.7,116.193,100.882,1229.06,118.023,142.678,1198.43,123.363,91.888,1205.61,142.993,90.8538,1178.13,108.885,62.0568,1194.56,129.945,53.6551,1192.78,92.1204,31.1366,1190.54,125.827,18.2742,1226.78,76.5312,126.399,1213.32,71.244,116.112,1233.16,54.3962,113.594,1230.77,58.5759,128.046,0,0,0
011463:1206.36,117.278,160.871,1206,112.999,162.168,1201.77,119.597,163.991,1167.07,110.928,164.235,1200.62,123.106,160.269,1162.78,112.651,145.756,1209.66,128.24,141.542,1171.46,116.485,120.065,1225.86,128.69,133.197,1153.72,117.645,98.3509,1229.29,118.305,143.76,1194.39,122.366,93.4519,1204.62,142.784,90.5158,1179.29,108.52,62.4803,1196.18,130.292,53.9571,1193.47,92.8734,30.814,1196.67,127.307,16.3892,1227.91,77.1713,124.035,1200.2,73.738,115.389,1238.09,58.1638,109.24,1232.6,61.2474,122.648,0,0,0
011464:1208.24,117.704,160.691,1206.32,113.07,162.144,1202.54,119.443,164.485,1162.47,111.202,164.593,1198.58,122.621,160.659,1167.25,113.708,144.772,1209.66,128.24,141.542,1171.34,116.209,119.393,1225.82,130.379,134.79,1162.57,118.952,95.397,1227.53,118.473,144.532,1197.04,122.587,94.6435,1204.84,142.791,91.208,1178.71,108.051,63.3333,1201.77,131.569,53.6982,1194.98,93.5308,29.8434,1193.71,126.567,17.6976,1234.21,78.8901,120.171,1206.25,75.1372,111.128,1239.76,59.9668,102.865,1234.67,62.6153,120.632,0,0,0
011465:1207.45,117.221,160.905,1207.51,113.339,161.976,1202.82,118.9,164.746,1194.22,108.95,158.779,1198.79,121.483,160.841,1161.53,112.083,145.795,1209.66,128.24,141.542,1171.3,116.21,119.264,1225.93,130.661,135.48,1163.22,119.144,94.6861,1226.83,118.559,145.528,1189.81,120.897,95.9604,1205.06,142.797,91.9002,1181.8,107.799,63.8914,1198.77,130.831,54.6752,1194.89,93.528,29.5664,1193.22,126.394,18.7172,1228.34,80.8239,118.325,1209.6,78.0001,108.292,1228.58,64.0989,104.099,1229.91,65.7926,116.528,0,0,0
011466:1208.25,116.472,161.578,1204.2,112.554,163.002,1201.32,118.209,165.795,1167.8,111.136,163.587,1196.16,120.868,161.261,1167.73,113.463,145.773,1209.66,128.24,141.542,1172,116.125,118.414,1230.31,133.378,136.627,1170.12,119.329,93.1232,1228.64,118.957,145.467,1196.31,122.283,96.9064,1201.94,141.967,93.4822,1186.26,108.705,64.7203,1198.35,131.293,55.3581,1199.01,94.4654,27.7613,1194.86,126.797,18.0922,1223.89,82.3704,117.524,1219.38,82.1463,105.228,1234.89,68.531,98.3983,1214.59,68.9842,118.979,0,0,0
011467:1205.23,115.49,161.968,1201.34,111.897,163.558,1202.25,117.218,166.143,1193.49,108.301,159.826,1195.97,120.748,162.465,1164.51,112.75,145.737,1209.66,128.24,141.542,1172.75,116.045,117.709,1245.43,137.777,135.444,1170.37,120.062,91.6251,1233.26,119.956,145.579,1194.93,121.418,96.3774,1201.24,141.756,94.1954,1185.86,108.661,64.0359,1196.38,131.146,55.3889,1197.03,94.6544,27.8358,1189.24,126.864,21.0932,1226.06,86.5038,114.911,1221.64,88.1561,101.245,1222.69,73.4435,96.8438,1215.46,71.7589,114.067,0,0,0
011468:1204.76,115.332,162.854,1204.8,110.901,163.363,1202.31,116.624,166.47,1172.13,109.362,162.964,1192.79,119.983,163.318,1163.62,111.91,146.78,1211.08,129.483,141.36,1173.53,115.963,117.127,1247.27,139.615,136.95,1170.32,120.06,91.4898,1232.54,120.884,147.412,1190.93,120.4,98.4634,1201.21,141.751,94.1756,1184.9,108.295,66.7531,1198.81,131.668,55.8291,1205.22,97.6824,24.9586,1191.91,127.52,20.1434,1224.1,89.4329,113.993,1229.11,91.5421,99.3603,1223.33,78.3645,95.98,1232.51,76.1716,109.084,0,0,0
011469:1210.81,115.573,161.301,1208.64,111.809,162.129,1203.75,116.995,165.586,1198.29,108.276,158.069,1195.85,119.843,162.452,1167.46,112.577,145.123,1212.78,129.889,141.033,1176.17,115.719,116.43,1243.74,140.192,139.109,1170.19,120.057,91.0836,1231.67,121.249,148.147,1198.55,121.928,96.3074,1199.49,141.887,95.114,1192.67,110.059,65.1361,1201.58,132.3,55.6974,1205.75,98.7234,24.3666,1190.61,127.062,22.9369,1227.68,93.2054,112.676,1223.12,95.1459,98.7518,1219.07,83.9553,92.5219,1244.88,80.9075,104.047,0,0,0
011470:1179.76,111.184,164.422,1188.2,111.079,164.921,1175.74,110.389,167.796,1209.4,115.386,157.352,1161.43,111.576,167.171,1176.39,112.886,144.016,1213.72,130.094,141.122,1180.5,115.306,114.943,1237.49,141.542,142.931,1170.19,120.057,91.0836,1231.68,121.815,148.725,1206.2,121.376,94.0694,1198.74,141.953,95.976,1185.81,108.491,66.7716,1204.94,134.266,55.6713,1201.36,99.0279,24.2132,1209.35,128.138,17.9888,1230.77,96.813,112.785,1233.12,100.281,97.0269,1228.94,89.0253,90.0657,1230.46,84.6243,105.154,0,0,0
011471:1206.1,114.927,163.502,1210.7,112.482,163.974,1200.09,115.267,166.254,1213.96,110.45,157.683,1188.43,116.054,163.896,1170.37,111.213,144.893,1213.83,130.097,141.46,1179.71,114.562,114.691,1238.9,142.328,145.133,1170.19,120.057,91.0836,1238.04,124.36,149.543,1208.79,120.463,93.8886,1195.95,142.158,96.5917,1190.2,109.458,66.3549,1200.31,133.763,56.575,1201.17,99.3408,23.2612,1199.74,127.696,20.7276,1243.92,102.736,108.754,1228.25,104.637,97.7979,1235.05,93.9685,87.8693,1215.47,87.8174,106.561,0,0,0
011472:1197.86,112.427,165.837,1201.59,108.838,166.328,1197.78,114.673,167.635,1204.05,105.15,159.174,1200.56,118.836,162.475,1165.99,109.913,145.603,1214.3,130.954,144.022,1179.53,114.557,114.15,1242.68,143.455,145.819,1170.19,120.057,91.0836,1234.77,124.398,151.85,1204.31,119.381,95.4992,1196.16,142.162,97.2731,1192.17,109.607,65.9596,1196.12,133.046,57.5675,1194.98,99.7411,25.2799,1202.73,127.811,19.363,1234.23,106.97,110.169,1221.51,109.711,99.5644,1228.19,100.251,90.2476,1216.52,93.1789,104.613,0,0,0
011473:1214.05,114.885,161.748,1215.54,113.086,162.387,1199.38,115.117,166.151,1211.41,111.97,157.154,1183.69,114.976,164.309,1176.95,111.058,142.718,1214.34,130.954,144.153,1179.53,114.557,114.15,1238.26,144.361,148.77,1170.19,120.057,91.0836,1233.16,124.842,153.438,1208.52,120.444,93.2341,1196.38,142.168,97.9611,1194.36,110.142,64.8799,1198.21,134.12,57.6113,1194.31,99.9336,24.7003,1204.07,129.258,19.252,1233.14,110.947,110.242,1213.2,113.22,101.22,1226.34,106.793,89.9212,1231.82,98.5823,101.112,0,0,0
011474:1198.56,114.254,166.128,1199.74,110.01,167.065,1202.66,115.785,167.024,1197.26,104.956,160.042,1213.5,118.593,160.573,1167.89,108.963,144.397,1214.34,130.954,144.153,1180.36,114.475,113.698,1239.82,147.593,151.167,1170.19,120.057,91.0836,1239.47,126.548,153.279,1199.39,118.348,94.7426,1195.06,141.755,99.5337,1188.26,108.76,66.096,1197.11,134.5,57.148,1195.43,100.767,24.5986,1205.82,128.907,19.6616,1233.33,115.117,111.621,1218.79,118.265,102.013,1213.61,112.181,95.0517,1238.45,104.305,98.4967,0,0,0
011475:1207.79,114.898,164.571,1207.13,110.699,165.411,1203.7,116.025,166.863,1202.68,105.82,158.815,1214.77,117.522,160.867,1174.54,110.196,143.393,1214.34,130.954,144.153,1182.04,114.307,112.914,1232.29,148.402,153.415,1172.65,120.643,90.5239,1242.41,128.012,154.733,1202.76,119.098,94.5742,1195.93,141.963,99.481,1191.78,109.537,65.7352,1195.23,134.623,57.8852,1195.33,101.031,24.8328,1207.56,130.083,18.3153,1230.58,118.964,112.891,1219.71,122.325,102.662,1225.66,115.79,92.9518,1231.67,109.221,103.594,0,0,0
011476:1206.18,115.396,162.239,1203.14,111.529,163.905,1205.6,116.297,164.456,1194.98,107.313,158.944,1225.96,117.194,157.732,1173.87,110.125,142.161,1214.45,130.954,144.547,1186.41,113.891,111.418,1226.4,148.875,157.107,1172.58,120.918,90.5416,1227.87,129.531,160.105,1200.5,118.572,95.0539,1200.71,141.625,98.8762,1192.62,109.707,65.9066,1195.27,134.863,58.9859,1197.32,101.429,25.1094,1198.51,129.82,20.8666,1234.33,122.05,115.182,1216.5,125.375,104.926,1228.31,119.232,95.2785,1224.73,114.553,105.33,0,0,0
011477:1208.09,116.304,159.68,1207.59,112.224,161.072,1209.44,116.556,162.45,1202.57,107.373,156.001,1210.38,117.829,159.234,1176.79,110.821,141.285,1214.78,130.963,145.559,1187.18,113.804,110.816,1226.68,148.878,158.048,1172.65,120.917,90.8013,1228.82,130.016,160.505,1206.27,119.955,93.1613,1200.71,141.625,98.8762,1192.86,109.93,63.0073,1196.67,135.259,57.7672,1197.48,101.537,23.8087,1201.47,130.495,19.4746,1237.94,127.598,116.424,1231.08,132.519,105.244,1253.31,126.659,92.2784,1229.81,118.294,106.251,0,0,0
011478:1201.23,116.706,161.7,1198.28,114.391,163.838,1205.74,115.068,163.081,1189.68,111.939,160.181,1213.75,111.556,157.982,1179.86,109.439,141.576,1214.78,130.963,145.559,1188.85,114.191,110.46,1226.9,148.878,158.836,1172.78,120.916,91.3208,1227.03,130.446,161.518,1209.7,120.655,94.0428,1200.71,141.625,98.8762,1199.82,110.345,59.8417,1191.97,134.767,59.9091,1198.83,101.832,23.5682,1201.05,130.071,19.0594,1241.59,130.418,118.166,1228.35,135.286,109.144,1251.46,130.75,93.8508,1267.51,129.197,101.33,0,0,0
011479:1196.86,114.935,162.614,1197.95,112.65,163.726,1199.36,113.824,164.441,1198.36,110.624,157.866,1202.5,111.987,160.248,1186.24,109.257,138.725,1214.92,130.962,146.084,1189.62,114.386,110.02,1224.83,148.802,161.612,1172.78,120.916,91.3208,1232.62,131.679,161.939,1206.82,119.747,93.6828,1201.64,141.556,98.6722,1190.73,109.408,64.1007,1192.82,136.474,60.3171,1201.41,103.084,20.855,1201.64,131.931,21.9159,1249.36,133.999,117.737,1225.71,137.203,112.323,1248.47,134.706,98.3411,1254.77,132.223,106.67,0,0,0
011480:1204.27,112.755,165.61,1204.65,108.657,165.738,1208.38,114.007,166.945,1202.87,104.262,157.293,1211.42,116.781,160.466,1178.99,107.487,141.882,1213.22,130.555,146.405,1189.53,114.383,109.748,1224.99,148.803,162.144,1176.23,121.15,90.5379,1237.76,133.002,164.032,1198.73,117.773,96.9088,1201.64,141.556,98.6722,1196.56,111.631,62.7009,1192.69,136.215,59.509,1205.22,102.755,19.1892,1194.13,128.639,22.0474,1241.49,135.73,120.215,1227.84,138.19,113.906,1259.79,140.91,98.5725,1249.07,132.968,108.758,0,0,0
011481:1195.19,113.527,164.924,1199.54,109.805,165.043,1198.07,114.476,166.845,1202.82,105.322,156.972,1199.06,116.644,161.764,1183.67,108.637,139.727,1213.4,130.555,147.061,1190.44,114.3,109.553,1223.54,148.664,163.563,1177.13,121.071,90.3329,1237.27,133.367,165.993,1205.54,118.491,94.9766,1201.77,141.56,99.0861,1190.18,110.113,65.1612,1201.49,136.435,59.4676,1200.2,103.648,20.4811,1198.37,130.655,23.0802,1238.05,139.057,122.49,1225.79,140.017,115.758,1257.87,143.639,102.107,1278.84,142.606,105.073,0,0,0
011482:1191.67,113.921,165.355,1195.45,110.116,165.397,1197.62,114.652,166.563,1201.38,105.678,156.293,1205.71,116.81,160.135,1178.51,107.526,139.545,1213.44,130.555,147.192,1191.28,114.216,109.091,1223.76,148.664,164.349,1177.13,121.071,90.3329,1251.22,137.345,167.256,1189.12,117.937,98.5564,1200.15,141.143,99.7171,1201.76,109.689,60.7852,1194.88,137.102,61.1927,1200.32,103.898,21.5778,1203.62,132.672,21.8019,1246.36,142.389,123.739,1237.97,145.808,116.442,1262.26,146.449,102.691,1267.3,144.892,111.128,0,0,0
011483:1185.21,110.193,166.815,1190.32,107.024,166.622,1194.6,112.183,167.541,1198.76,104.233,157.26,1209.78,116.893,159.978,1177.84,107.335,140.281,1213.55,130.554,147.585,1191.28,114.216,109.091,1224.02,148.663,165.266,1179.76,120.83,89.4438,1244.35,138.215,171.746,1202.71,116.263,96.9872,1200.19,141.142,99.8482,1198.89,109.955,61.9606,1201.22,136.952,59.5468,1201.31,105.19,20.5307,1203.64,132.6,20.8553,1252.18,144.811,125.743,1239.83,148.222,118.697,1265.91,150.767,106.191,1270.99,148.073,113.209,0,0,0
011484:1199.54,111.701,166.192,1198.67,107.295,166.771,1203.63,113.314,167.924,1196.24,102.453,158.649,1209.28,117.131,161.554,1175.77,106.564,140.815,1211.85,130.148,147.905,1191.28,114.216,109.091,1214.94,148.568,170.183,1179.76,120.83,89.4438,1234.8,139.013,176.692,1193.49,117.136,96.8265,1200.3,141.141,100.242,1201.07,110.177,58.8621,1193.61,136.461,58.8972,1197.83,103.933,20.8402,1196.79,131.829,20.7283,1248.07,149.144,133.754,1238.04,150.336,121.847,1250.13,154.373,112.877,1273.19,152.173,115.082,0,0,0
011485:1178.32,112.58,164.262,1183.34,109.241,164.802,1187.64,114.22,165.457,1192.11,104.893,157.313,1202.08,117.362,159.49,1177.86,106.495,139.868,1211.93,130.151,148.157,1191.28,114.216,109.091,1206.9,148.323,171.859,1177.95,120.989,89.8555,1233.12,139.154,177.803,1209.08,116.285,94.9223,1200.16,141.695,100.412,1198.76,110.487,60.6267,1198.77,136.91,59.5502,1201.41,106.318,20.0185,1207.83,133.21,20.2546,1246.59,152.106,139.089,1238.23,152.953,128.919,1248.79,157.9,119.676,1235.13,155.656,132.049,0,0,0
011486:1195.37,109.829,167.14,1197.34,106.05,167.33,1200.44,112.41,168.358,1201.75,101.88,158.08,1207.32,117.468,161.318,1174.09,105.642,140.438,1211.93,130.151,148.157,1191.28,114.216,109.091,1206.21,148.113,172.523,1177.95,120.989,89.8555,1227.13,141.323,182.891,1205.98,115.541,96.1243,1200.23,141.694,100.674,1198.86,110.413,60.2018,1198.45,137.054,59.0882,1208.22,105.512,17.2711,1203.61,132.14,22.6861,1239.94,152.348,143.957,1243.11,153.838,132.861,1248.14,158.881,125.598,1247.29,159.156,136.625,0,0,0
011487:1201.8,113.018,166.088,1202.92,108.947,166.27,1203.42,113.897,167.502,1200.19,103.458,158.044,1204.33,115.855,161.052,1175.86,105.465,140.144,1211.08,129.948,148.317,1188.77,113.634,109.628,1206.21,148.113,172.523,1177.98,120.989,89.9857,1230.43,144.109,184.042,1211.35,116.788,94.7921,1200.4,141.699,101.226,1200.84,111.902,60.1476,1202.89,137.102,57.9326,1200.03,105.793,19.3295,1204.51,133.129,20.9002,1244.13,155.27,151.369,1243.96,154.417,136.337,1257.2,160.974,131.004,1252.86,160.077,142.587,0,0,0
011488:1215.87,114.103,161.038,1221.23,110.516,160.808,1210.31,114.056,164.233,1222.83,106.103,152.966,1196.07,114.31,162.229,1180.37,106.528,138.714,1210.23,129.746,148.476,1188,113.44,110.067,1208.25,147.989,172.746,1178.05,120.988,90.2463,1223.03,146.039,187.268,1211.9,116.872,95.3591,1200.37,141.699,101.094,1200.46,111.443,61.0781,1203.6,137.495,58.2255,1201.46,106.053,21.4812,1202.89,133.439,20.9993,1251.39,156.055,156.162,1254.41,156.142,142.769,1258.44,162.408,136.894,1254.63,162.354,151.334,0,0,0
011489:1200.06,110.275,165.322,1203.6,106.724,165.277,1205.19,113.024,166.18,1204.58,101.968,157.027,1206.17,116.934,160.018,1175.56,104.264,139.752,1210.34,129.745,148.869,1188.82,113.354,109.6,1204.77,147.148,172.918,1178.91,121.184,90.1889,1215.03,146.633,190.106,1209.71,116.423,94.9412,1203.43,141.501,101.314,1202.62,111.406,60.1501,1200.67,137.181,57.3025,1205.47,108.003,17.8134,1206.63,134.127,20.3044,1247.36,155.965,165.83,1261.06,155.377,150.062,1262.3,161.331,148.152,1262.92,162.885,159.096,0,0,0
011490:1186.64,111.666,166.824,1189.56,107.793,167.365,1198.02,113.576,166.943,1193.64,102.219,158.948,1209.56,116.559,159.571,1178.19,104.039,138.446,1210.48,129.749,149.289,1191.38,113.098,108.47,1205.04,146.602,173.159,1181.48,121.778,89.8975,1214.55,146.705,191.719,1211.95,116.875,95.4849,1208.15,141.158,100.435,1199.82,111.701,60.691,1196.54,138.233,60.8741,1205.39,107.633,18.4422,1200.44,134.568,23.7588,1256.75,156.055,170.347,1267.08,154.869,155.79,1282.85,161.812,158.116,1298.04,163.28,161.635,1148.73,147.751,270.291
011491:1194.47,110.742,167.249,1199.49,106.953,167.07,1203.99,112.873,167.598,1202.97,102.361,157.67,1212.32,116.371,160.053,1178.21,104.019,138.851,1208.95,129.349,150.11,1191.38,113.098,108.47,1202.54,145.977,173.594,1185.87,121.656,88.6092,1207,148.318,193.763,1210.37,116.309,94.2595,1209.09,141.089,100.231,1199.64,111.054,59.3089,1196.7,138.346,59.452,1209.44,107.638,17.854,1198.2,136.787,23.8581,1262.17,156.755,178.932,1258.76,154.315,171.47,1280.41,160.014,171.596,1284.92,163.771,177.576,1148.17,147.742,268.479
011492:1201.35,110.683,165.281,1203.47,106.789,165.925,1207.22,113.06,166.755,1202.5,101.949,158.366,1212.01,117.149,160.964,1179.75,104.346,138.933,1207.26,128.945,150.426,1191.53,112.543,108.438,1202.54,145.977,173.594,1185.87,121.656,88.6092,1206.01,148.929,194.336,1213.34,116.35,94.3147,1209.13,141.09,100.369,1200.58,111.696,58.7819,1191.92,138.126,60.7318,1206.05,107.714,17.9575,1201.7,136.584,21.7999,1238.53,156.833,192.972,1256.44,155.311,184.682,1276.63,159.978,186.235,1261.94,162.629,194.854,1155.38,148.412,265.695
011493:1191.9,111.496,166.853,1194.52,107.473,166.691,1201.68,113.113,166.803,1195.72,102.293,157.694,1210.81,116.044,159.114,1182.77,103.51,139.465,1207.26,128.945,150.426,1191.6,112.265,108.422,1203.55,145.638,173.417,1187.54,122.052,88.2303,1203.98,149.601,194.663,1215.85,116.892,94.3746,1209.13,141.09,100.369,1201.17,112.409,58.1926,1190.13,137.783,59.8027,1205.52,107.965,17.6429,1209.46,136.461,19.1265,1233.83,155.141,201.066,1248.48,151.969,197.263,1260.15,157.41,202.476,1257.37,162.576,206.082,1154.99,148.405,264.475
011494:1201.9,111.732,165.518,1204.06,108.005,166.254,1207.71,113.941,166.598,1205.8,102.81,158.123,1213.21,117.312,160.003,1184.43,103.942,138.2,1207.26,128.945,150.426,1189.09,111.686,108.96,1200.88,145.011,173.314,1188.5,121.975,88.1592,1190.88,150.47,195.785,1214.55,116.64,93.8835,1209.13,141.09,100.369,1201.21,111.298,58.4912,1196.65,138.628,57.6619,1210.33,109.628,16.5183,1196.54,136.806,22.548,1232.72,155.147,210.067,1249.22,151.372,208.592,1252,155.27,218.495,1247.89,161.491,219.067,1154.22,148.391,262.035
011495:1197.27,111.296,165.492,1199.77,107.728,166.132,1203.12,113.656,166.665,1202.6,102.695,158.537,1210.24,117.011,160.605,1183.63,103.732,138.824,1207.26,128.945,150.426,1190.87,111.515,108.433,1199.9,144.804,172.942,1189.58,121.901,88.4991,1190.88,150.47,195.785,1215.33,116.552,93.1902,1209.13,141.09,100.369,1199.67,112.336,58.4443,1195.49,138.467,57.9175,1212.3,110.406,16.559,1206.27,137.206,20.9624,1223.47,153.3,221.695,1243.84,149.291,220.422,1235.02,153.702,234.401,1233.49,160.427,231.249,1153.84,148.385,260.815
011496:1196.61,111.542,165.989,1199.66,107.652,166.952,1202.01,113.613,167.533,1203.05,102.176,159.318,1207.13,116.739,161.83,1183.29,103.673,138.617,1207.26,128.945,150.426,1189.26,110.853,108.777,1198.12,144.387,172.831,1195.1,121.424,87.2487,1190.83,150.469,195.65,1216.04,116.777,91.9758,1204.62,140.88,101.348,1200.26,111.518,58.4093,1192.51,138.232,59.5633,1209.25,109.81,16.4066,1197.17,138.342,23.0372,1214.84,153.525,230.912,1228.69,148.149,232.503,1235.45,151.814,245.777,1224.79,160.612,240.471,1153.07,148.371,258.375
011497:1200.55,111.385,165.353,1202.12,107.584,166.275,1205.66,113.668,166.7,1202.53,102.177,158.925,1209.35,116.859,160.966,1182.37,102.595,138.734,1207.26,128.945,150.426,1189.3,110.852,108.908,1198.12,144.387,172.831,1194.31,121.507,87.8695,1188.66,150.044,194.199,1213.66,116.234,92.4277,1203.78,140.671,101.532,1198.52,111.477,59.0561,1196.91,139.401,57.9506,1209.43,110.446,17.644,1206.46,138.04,20.6364,1203.44,153.04,235.919,1210.25,145.375,243.101,1212.19,151.948,256.485,1206.71,159.729,248.045,1160.55,149.052,256.151
011498:1195.45,111.273,166.729,1197.72,107.298,167.69,1198.39,113.397,168.501,1203.5,102.194,159.578,1201.81,116.824,162.943,1186.49,103.496,138.423,1205.53,128.543,150.612,1194.63,110.056,107.035,1196.2,143.973,172.212,1192.54,121.388,88.2685,1184.13,149.814,194.255,1219.8,117.036,91.2247,1202.9,140.463,101.583,1202.95,113.362,57.159,1195.71,138.774,57.7529,1211.49,110.968,17.9551,1207.63,139.859,20.4497,1180.81,150.4,239.941,1197.83,144.468,246.888,1194.97,151.836,260.375,1181.19,157.976,252.561,1160.16,149.045,254.925
011499:1199.14,111.65,165.007,1201.66,107.799,166.285,1202.65,113.941,166.996,1205,102.492,159.39,1205.25,117.411,162.249,1185.32,103.227,138.722,1199.83,128.224,152.34,1194.54,110.054,106.762,1194.42,143.557,172.102,1192.54,121.388,88.2685,1181.53,149.921,192.027,1217.26,116.201,90.9818,1202.9,140.463,101.583,1202.1,112.411,58.8988,1194,138.846,58.9071,1215.03,111.915,17.1227,1200.84,140.315,22.1907,1173.36,151.353,237.804,1183.89,143.692,247.167,1164.82,149.841,261.55,1161.79,158.369,252.006,1159.39,149.032,252.474
011500:1201.15,112.559,164.074,1202.24,108.554,165.218,1201.85,113.906,167.306,1209.86,105.021,158.434,1204.54,116.171,162.784,1204.31,103.598,139.111,1199.8,125.479,153.53,1206.09,105.37,115.52,1188.25,141.139,171.75,1200.17,112.075,99.6171,1175.39,148.99,193.816,1207.68,118.036,97.9636,1205.94,132.906,103.175,1209.65,119.467,57.7974,1201.59,140.201,62.5545,1218.58,112.285,17.293,1200.39,139.46,24.9537,1159.42,152.194,227.682,1170.08,147.794,230.681,1158.63,152.539,238.771,1152.19,157.876,236.455,1154.28,148.032,248.693
011501:1197.03,111.617,164.797,1202.42,108.554,165.852,1201.64,113.9,166.662,1205.73,104.097,159.187,1204.93,116.177,164.064,1208.68,103.173,138.261,1204.16,125.114,152.717,1201.77,104.442,115.743,1192.32,140.807,170.33,1199.76,112.062,98.3144,1179.18,148.676,191.828,1207.68,118.036,97.9636,1205.94,132.906,103.175,1209.75,118.105,57.0813,1201.59,140.201,62.5545,1223.08,113.265,16.8258,1200.39,139.46,24.9537,1146.88,151.741,228.086,1145.47,146.986,232.783,1134.72,151.673,241.925,1135.72,157.649,237.337,1130.41,138.439,243.691
011502:1200.94,112.554,163.43,1202.04,108.548,164.575,1201.64,113.9,166.662,1205.52,104.092,158.542,1204.54,116.171,162.784,1204.31,103.598,139.111,1203.95,125.108,152.07,1201.77,104.442,115.743,1188.25,141.139,171.75,1200.38,112.081,100.268,1171.11,147.985,193.208,1211.9,117.639,96.3367,1210.18,132.55,101.559,1209.48,119.47,57.1465,1201.38,140.194,61.8949,1218.36,113.678,17.3696,1195.93,139.794,26.1296,1137.57,151.015,224.338,1127.96,146.864,229.56,1124.22,152.179,235.136,1137.59,157.338,230.032,1113.86,130.906,236.594
011503:1200.76,112.554,162.797,1206.15,109.48,163.838,1201.47,113.9,166.029,1209.43,106.361,157.83,1204.54,116.171,162.784,1212.84,104.1,137.452,1203.77,125.109,151.435,1210.32,104.95,113.959,1191.72,140.796,168.418,1196.01,111.122,100.509,1162.57,145.985,191.984,1203.35,117.075,98.2285,1201.43,131.906,102.771,1205.5,118.503,58.8231,1197.5,139.193,63.5616,1205.27,113.519,21.5398,1191.97,138.771,27.8634,1138.34,153.223,215.321,1135.54,150.99,217.676,1134.45,157.298,219.753,1137.56,158.279,217.354,1095.13,122.622,233.723
011504:1196.41,112.945,163.568,1201.8,109.886,164.618,1201.47,113.9,166.029,1209.6,106.361,158.468,1204.33,116.166,162.139,1212.81,104.094,137.444,1203.77,125.109,151.435,1201.74,104.435,115.735,1195.6,141.801,167.09,1191.49,111.528,100.82,1165.7,146.969,188.868,1207.21,119.384,97.367,1205.56,132.901,101.878,1209.86,119.474,58.4585,1197.67,139.19,64.2051,1218.27,115.056,18.0999,1199.59,142.179,24.4726,1162.69,141.235,201.345,1183.51,138.342,196.048,1172.39,138.047,201.847,1151.86,140.923,207.034,1077.72,112.053,232.602
011660:229.593,-216.803,0.905916
