005001:1017.72,-37.5978,160.022,1023.92,-40.4114,162.344,1019.27,-34.9318,163.226,1038.95,-44.3187,158.852,1034.46,-30.1433,160.395,1061.68,-49.1437,136.794,1038.31,-21.4474,142.526,1069.57,-61.1861,110.139,1017.95,-15.443,126.9,1052.23,-72.0081,96.5109,999.331,-31.2186,132.895,1051.35,-42.4735,88.3843,1035.05,-24.2472,92.014,1060.03,-42.7577,47.6407,1024.03,-22.9159,55.5267,1054.55,-38.9631,11.0347,1018.4,-20.109,19.5365,1020.72,-96.9224,81.0628,1010.23,-100.16,71.4933,1000.7,-112.571,70.7429,1008.18,-109.148,81.8021,0,0,0
005002:1013.1,-38.3852,161.211,1021.49,-40.1739,163.221,1011.22,-35.7342,165.023,1048.71,-41.8326,157.562,1019.21,-30.3909,163.26,1057.24,-48.0731,138.384,1034.55,-21.6659,143.405,1057.85,-61.0765,111.588,1021.82,-17.3834,124.49,1043.57,-70.9507,98.9485,998.478,-32.6613,130.626,1057.96,-42.5842,87.1411,1038.16,-25.3428,91.4191,1055.85,-43.082,49.9427,1025.68,-24.2796,56.1218,1061.29,-38.3963,8.68127,1014.91,-20.5364,20.7422,1024.39,-97.8835,79.6124,1010.25,-100.16,71.584,1000.73,-112.571,70.8333,1008.77,-109.284,81.8493,0,0,0
005003:1019.89,-37.1574,159.865,1025.04,-39.4271,162.479,1019.04,-34.3829,163.581,1045.64,-41.994,158.331,1027.33,-29.0548,162.148,1058.65,-47.6016,137.909,1036.53,-21.201,143.069,1066.14,-59.9107,109.348,1020.59,-17.1315,124.291,1049.33,-70.1745,97.6522,994.806,-32.326,130.848,1059.34,-42.4873,86.7125,1040.51,-25.1866,90.9239,1059.25,-42.4474,49.1141,1027.77,-24.0331,56.0029,1064.75,-38.272,7.20419,1017.86,-20.832,19.8858,1024.25,-97.8844,79.065,1010.25,-100.16,71.584,1000.73,-112.571,70.8333,1010.31,-109.121,81.2573,0,0,0
005004:1026.44,-38.0818,158.108,1031.74,-41.0585,160.785,1026.53,-35.3043,161.696,1046.92,-44.131,158.072,1034.15,-30.1295,160.986,1053.68,-49.4568,139.684,1036.85,-21.053,143.554,1058.83,-62.1084,112.395,1014.93,-15.5019,126.802,1052.69,-73.2122,96.5098,1004.49,-31.3154,129.806,1050.46,-41.9811,89.6386,1036.39,-23.6215,92.2456,1055.18,-43.321,49.6044,1027.34,-23.088,53.8921,1060.34,-38.6635,8.71598,1017.36,-20.7317,18.6209,1024.28,-97.8842,79.1562,1009.75,-100.218,71.815,1000.73,-112.571,70.8333,1009.25,-109.23,81.5314,0,0,0
005005:1024.15,-39.333,158.08,1025.46,-41.1665,161.419,1027.49,-37.0374,160.904,1029.09,-42.6977,160.362,1041.33,-32.0886,158.376,1052.9,-47.1693,138.929,1037.59,-21.7464,143.008,1066.49,-59.8392,110.752,1015.68,-15.0224,127.794,1052.38,-72.598,96.1715,998.107,-31.4147,132.658,1046.42,-40.7613,90.4082,1036.83,-24.2869,92.1935,1054.38,-41.9977,50.4101,1025.24,-23.8994,56.2171,1054.7,-38.6847,12.5779,1025.58,-21.4446,18.6121,1020.12,-98.3547,80.8079,1012.94,-101.041,70.8627,1000.73,-112.571,70.8333,1011.92,-109.928,80.8391,0,0,0
005006:1036.49,-38.7786,156.801,1037.5,-41.1694,160.213,1036.88,-35.7795,160.265,1045.07,-43.6409,158.558,1038.59,-29.6416,160.156,1048.77,-48.2993,140.353,1038.25,-20.9049,143.15,1053.79,-60.0435,112.949,1018.81,-17.3915,125.13,1045.73,-70.1326,98.1624,997.806,-32.9539,128.224,1056.04,-41.9998,88.9927,1045.72,-23.8295,91.1115,1056.15,-43.117,50.9967,1033.62,-23.6275,55.2048,1063.3,-38.9004,8.8712,1022.21,-20.6521,19.1008,1020.12,-98.3547,80.8079,1010.13,-101.33,70.9314,1000.73,-112.571,70.8333,1001.77,-109.993,83.0731,0,0,0
005007:1027.51,-38.795,157.555,1032.69,-41.5404,160.356,1027.35,-35.9523,161.094,1047.19,-43.8694,158.035,1033.47,-30.1865,160.693,1053.54,-48.8671,140.023,1036.72,-20.4456,143.234,1058.34,-61.2956,112.286,1015,-15.7257,126.429,1051.31,-73.0026,96.5836,994.453,-31.2261,133.11,1051.08,-41.399,90.0564,1037.1,-22.941,92.0679,1056.49,-43.6366,50.7481,1026.32,-22.5536,54.1355,1059.71,-38.7081,11.4856,1016.63,-20.9703,19.2477,1020.12,-98.3547,80.8079,1010.13,-101.33,70.9314,1002.9,-113.129,70.4516,1009.19,-109.817,81.3363,0,0,0
005008:1024.03,-39.2985,158.316,1027.43,-41.7681,161.259,1025.03,-36.4344,161.666,1034.96,-44.6187,159.492,1034.22,-30.4531,160.174,1053.98,-48.4911,138.346,1035.8,-21.0154,143.257,1064.79,-60.9458,110.91,1017.65,-15.0784,127.45,1052.54,-73.3903,94.4223,991.366,-30.1365,132.699,1045.94,-41.3992,90.4087,1033.83,-23.2839,93.1057,1055.66,-43.005,50.1042,1023.48,-22.3849,57.4212,1054.77,-40.4195,12.5298,1021.92,-20.2747,20.8162,1020.21,-98.3509,81.0882,1010.13,-101.33,70.9314,995.129,-113.919,72.9137,1009.16,-109.819,81.2436,0,0,0
005009:1030.74,-39.2599,157.277,1033.67,-41.8434,160.365,1031.65,-36.2484,160.62,1037.58,-44.6557,159.079,1037.53,-29.9909,159.498,1052.46,-48.4571,138.609,1034.29,-20.4972,143.062,1062.08,-60.5352,111.696,1017.39,-15.1505,126.687,1050.01,-71.8537,96.9397,999.179,-31.8735,131.82,1044.87,-41.7906,91.2314,1032.43,-23.2334,93.6142,1055.88,-43.5225,51.1137,1024,-22.1389,57.1406,1055.61,-39.8283,13.3609,1023.33,-18.9295,19.7409,1020.21,-98.3509,81.0882,1011.2,-101.409,70.6478,996.177,-114.199,72.6332,1010.23,-110.098,80.9669,0,0,0
005010:1028.48,-40.6039,158.004,1033.03,-43.1273,160.745,1028.71,-37.5978,161.511,1040.24,-45.3724,158.82,1034.33,-30.82,160.595,1054.98,-48.3611,138.407,1033.67,-20.7055,143.763,1066.27,-60.523,110.762,1017.48,-14.8326,127.386,1052.68,-72.4389,95.8161,1000.62,-31.8793,132.109,1046.87,-41.5443,90.7508,1032.08,-23.3008,93.6899,1054.43,-43.5154,51.2941,1019.87,-23.2666,57.8411,1058.34,-39.4819,11.4799,1019.34,-19.6085,19.4946,1019.63,-98.4099,81.0438,1011.2,-101.409,70.6478,996.177,-114.199,72.6332,1011.89,-110.515,80.7366,0,0,0
005011:1035.01,-38.2986,156.726,1037.07,-41.1784,160.073,1034.99,-35.3423,160.268,1044.86,-44.0545,158.492,1037.08,-29.7982,160.165,1049.36,-49.1338,140.125,1036.58,-20.3466,143.158,1059.38,-61.0485,111.465,1015.31,-14.8085,125.808,1058.28,-71.952,95.6538,996.384,-32.7534,131.232,1048.08,-41.3823,90.1135,1037.28,-22.6056,91.9012,1055.74,-43.2528,49.9228,1027.92,-22.2962,54.4481,1065.27,-39.3558,8.23579,1021.33,-20.7017,18.801,1019.63,-98.4099,81.0438,1012.27,-101.684,70.3616,997.752,-114.62,72.2119,1011.89,-110.515,80.7366,0,0,0
005012:1024.8,-36.9858,158.096,1028.85,-40.0897,161.021,1025.34,-34.1151,161.57,1042.68,-43.8927,158.589,1033.3,-29.2229,160.727,1050.17,-49.6083,140.01,1035.73,-20.1642,143.399,1057.27,-62.1101,112.681,1011.9,-15.2655,126.927,1048.92,-73.5053,96.8814,995.008,-33.1988,131.147,1045.96,-41.222,90.551,1033.74,-22.0382,92.7773,1054.79,-44.0738,50.246,1026.83,-22.577,55.0265,1065.27,-38.8535,8.55238,1019.89,-20.4756,19.9147,1019.63,-98.4099,81.0438,1008.49,-102.085,71.0752,997.752,-114.62,72.2119,1005.58,-108.838,82.6712,0,0,0
005013:1030.81,-38.6093,156.744,1034.36,-41.2847,159.867,1030.81,-35.7362,160.26,1046.11,-43.7378,157.923,1036.23,-30.0302,159.807,1051.87,-49.069,139.751,1037.98,-20.0174,142.411,1062.21,-62.2197,110.631,1011.24,-14.6261,125.986,1061.05,-73.2803,94.2083,994.278,-32.3623,132.375,1048.54,-41.2406,89.2298,1036.4,-22.2703,90.8726,1055.34,-44.483,49.9498,1027.65,-22.9349,53.1263,1063.06,-39.3254,9.04901,1010.88,-19.8058,20.2394,1019.54,-98.4104,80.68,1008.49,-102.085,71.0752,999.331,-115.041,71.7896,1007.72,-110.942,82.0231,0,0,0
005014:1028.58,-38.8559,157.138,1030.22,-41.1566,160.508,1029.1,-35.97,160.591,1041.76,-43.4749,158.627,1033.24,-29.658,160.38,1051.53,-48.7337,139.545,1036.94,-20.3349,143.241,1056.46,-60.194,112.208,1015.33,-14.6552,126.877,1053.57,-70.4489,98.0947,997.983,-32.7708,133.511,1052.12,-41.4874,89.5004,1039.65,-23.0848,91.992,1054.49,-42.8699,51.4954,1027.39,-23.5872,57.0386,1062.21,-38.2461,9.14626,1016.25,-20.8325,20.7483,1019.51,-98.4105,80.589,1008.52,-102.085,71.1658,999.331,-115.041,71.7896,1007.72,-110.942,82.0231,0,0,0
005015:1025.99,-39.3036,157.727,1028.16,-41.5528,160.97,1025.94,-36.4669,161.265,1040.96,-43.6323,158.695,1029.53,-30.1648,161.066,1050.21,-49.3335,139.542,1034.76,-20.3672,143.534,1054.96,-61.6288,111.811,1012.32,-14.2155,127.732,1046.45,-72.7507,96.6822,992.854,-32.0421,134.458,1047.11,-41.9341,90.0463,1034.52,-23.2129,92.4882,1054.06,-43.9634,51.5508,1029.95,-23.4545,55.5718,1059.69,-38.3137,10.7068,1017.05,-19.8613,20.2183,1019.49,-98.4117,80.4956,1008.52,-102.085,71.1658,997.615,-114.627,71.7511,1007.72,-110.942,82.0231,0,0,0
005016:1022.98,-37.5745,159.24,1025.9,-40.4067,162.202,1023.82,-34.7635,162.551,1040.3,-43.7462,159.388,1033.31,-29.57,161.047,1052.27,-49.8114,139.405,1034.61,-19.6547,143.344,1058.94,-61.9511,111.77,1011.55,-13.4392,126.497,1055.52,-73.2539,95.2961,993.562,-31.5763,133.809,1047.4,-42.2424,89.7506,1032.17,-22.4088,92.7943,1055.59,-44.3201,50.1215,1028.98,-22.8092,55.3256,1065.54,-40.2044,8.50655,1018.92,-20.3753,21.9863,1023.21,-99.3733,79.2325,1008.52,-102.085,71.1658,999.469,-115.034,72.2509,1004.46,-111.265,82.4805,0,0,0
005017:1025.23,-39.7644,158.393,1029.46,-42.0355,161.188,1024.79,-36.9315,161.852,1045.08,-43.5946,158.158,1031.49,-30.8036,160.721,1056.39,-48.9699,138.427,1033.01,-19.8823,143.405,1066.56,-61.294,109.803,1009.09,-13.6155,127.349,1065.77,-72.8225,93.1333,987.013,-30.9236,133.69,1052.83,-41.9556,88.3875,1033.66,-22.7798,91.9595,1056.18,-44.5045,50.0531,1025.4,-23.1959,54.8839,1065.39,-40.2886,8.30004,1014.58,-20.1361,20.3987,1022.65,-99.432,79.2798,1007.99,-102.142,71.3063,998.6,-115.137,73.2526,1003.11,-111.423,83.791,0,0,0
005018:1038,-41.413,155.124,1039.85,-43.5607,158.654,1037.65,-38.4224,158.684,1046.28,-44.3963,157.845,1037.45,-31.1939,159.338,1049.54,-48.7874,139.942,1035.37,-19.8101,142.99,1059,-61.5851,110.801,1009.78,-13.0173,127.155,1055.65,-73.4772,94.0425,987.777,-30.9641,134.313,1049.81,-41.543,88.3319,1037.36,-22.595,90.0461,1057.85,-44.523,49.0491,1025.26,-22.0986,53.7368,1065.89,-39.9086,8.01934,1011.78,-18.976,20.3678,1022.65,-99.432,79.2798,1007.97,-102.142,71.2156,998.353,-115.15,72.4231,1004.46,-111.265,82.4805,0,0,0
005019:1037.34,-40.092,155.524,1038.09,-42.7101,159.171,1037.89,-37.0823,158.921,1043.08,-44.4859,158.395,1040.34,-30.3374,159.011,1047.16,-48.9556,140.318,1036.4,-19.6191,142.686,1052.32,-60.9915,113.305,1007.04,-12.9827,127.98,1041.83,-71.5396,99.2395,991.994,-30.2879,132.61,1043.28,-42.0259,90.0762,1033.92,-22.8449,91.0644,1048.96,-44.2697,52.1779,1025.59,-21.916,54.2132,1058.64,-39.6651,11.2377,1015.44,-19.5505,19.808,1021.51,-99.5492,79.2832,1007.94,-102.142,71.1251,998.353,-115.15,72.4231,1004.46,-111.265,82.4805,0,0,0
005020:1023.67,-38.585,158.084,1028.22,-41.3095,160.884,1023.53,-35.8006,161.694,1042.98,-43.8743,158.201,1030.67,-30.1953,161.03,1050.62,-48.9828,139.447,1034.03,-19.7037,143.67,1056.51,-61.3449,111.597,1011.41,-12.247,126.964,1046.27,-72.8398,96.6126,990.791,-30.8403,133.006,1045.28,-41.1656,89.7399,1030.58,-22.1516,92.4645,1054.08,-44.3851,50.612,1019.59,-22.6831,56.8799,1071.66,-39.3753,7.65194,1017.56,-19.5991,21.1718,1018.49,-99.2671,78.8674,1008.1,-103.111,71.5704,1000.69,-115.894,72.5998,1004.46,-111.265,82.4805,0,0,0
005021:1030,-41.0224,156.772,1033.25,-43.3866,159.927,1029.33,-38.0964,160.434,1044.6,-44.5092,157.937,1032.91,-31.0817,160.368,1050.02,-48.8898,139.488,1036.31,-19.3592,142.873,1057.33,-61.5213,111.505,1011.82,-11.5528,127.096,1043.99,-72.8137,97.2955,987.13,-29.2523,133.107,1046.88,-41.6181,89.3223,1035.01,-22.4572,91.0665,1052.41,-44.3425,50.8045,1028.23,-21.803,53.6959,1064.19,-40.6598,9.2831,1017.62,-20.1092,19.9945,1018.46,-99.2683,78.7741,1007.79,-103.125,70.5486,998.977,-116.05,72.4774,1004.46,-111.265,82.4805,0,0,0
005022:1029.22,-41.317,157.272,1034.05,-43.5434,160.013,1027.37,-38.3245,161.129,1048.07,-44.6352,157.473,1029.02,-31.4768,161.215,1052.01,-49.3788,139.242,1032.83,-19.7234,143.499,1056.36,-61.353,112.502,1015.32,-11.8183,126.24,1052.22,-73.107,95.7633,986.787,-29.0592,133.611,1050.56,-41.9176,89.2357,1033.25,-22.563,92.457,1055,-44.0329,50.8024,1027.3,-22.8885,55.4647,1066.99,-39.5686,8.55456,1019.31,-20.2387,21.0495,1018.46,-99.2683,78.7741,1007.77,-103.126,70.458,999.893,-116.339,71.7348,1008.25,-110.888,81.8863,0,0,0
005023:1026.1,-39.5628,157.974,1027.37,-41.7417,161.29,1025.16,-36.6885,161.678,1038.99,-43.3544,158.909,1029.06,-30.1339,161.319,1045.57,-48.3126,139.74,1037.24,-19.0608,143.015,1045.75,-60.1653,113.641,1020.69,-11.4966,126.536,1039.02,-71.8616,98.3963,993.34,-28.6585,132.266,1043.39,-40.7851,89.7893,1035.33,-21.9049,91.3356,1051.91,-44.1333,51.216,1034.77,-22.676,53.617,1056.5,-38.8646,11.13,1016.94,-19.0613,19.9592,1018.54,-99.2645,79.0542,1006,-103.297,70.1557,999.871,-116.339,71.6444,1006.27,-112.076,83.0467,0,0,0
005024:1025.16,-40.4227,158.353,1028.96,-42.9595,161.081,1025.63,-37.4889,161.799,1035.4,-45.4654,159.345,1032.62,-30.7729,160.762,1051.13,-49.1023,138.371,1030.88,-19.3501,143.961,1059.45,-60.8304,111.47,1012.46,-11.4256,128.404,1049.01,-73.2787,94.2011,997.005,-28.9827,130.78,1044.62,-42.948,89.7686,1029.29,-22.9875,92.9526,1057.83,-44.4114,49.9646,1029.31,-22.7217,54.8755,1057.42,-40.6748,12.3494,1019.69,-18.0724,19.9274,1018.54,-99.2645,79.0542,1006,-103.297,70.1557,997.205,-116.598,72.1643,1005.09,-110.05,82.8044,0,0,0
005025:1029.87,-39.399,156.898,1031.9,-42.0124,160.109,1029.66,-36.5407,160.429,1042.39,-44.0936,158.288,1033.7,-30.329,160.333,1047.45,-48.7834,139.746,1037.23,-18.5562,142.857,1051.42,-60.5516,113.029,1017.52,-10.2329,126.468,1046.7,-73.169,96.2234,994.845,-29.1083,130.807,1046.73,-41.0645,89.3642,1035.12,-21.162,91.1867,1052.57,-44.35,51.2028,1032.36,-22.5395,52.8181,1063.35,-39.7581,9.59023,1010,-18.7522,21.5873,1013.28,-97.8957,80.9187,1005.45,-103.353,70.2058,997.183,-116.598,72.074,1008.86,-111.024,82.0261,0,0,0
005026:1022.06,-38.4165,158.301,1024.25,-40.6645,161.392,1021.54,-35.6834,161.873,1037.78,-42.6989,158.68,1027.39,-29.6581,161.089,1046.47,-48.367,139.23,1037.12,-18.3086,142.715,1049.94,-60.248,112.771,1023.11,-9.48906,125.862,1047.46,-70.5581,97.4044,996.285,-26.6006,131.27,1041.81,-39.955,89.7251,1033.41,-20.7318,91.4386,1051.33,-43.5407,50.8784,1035.46,-22.6125,53.2925,1052.14,-38.2298,11.9638,1016.72,-20.0201,20.0551,1022.26,-100.228,77.7879,1005.48,-103.353,70.2964,997.183,-116.598,72.074,1004.08,-112.279,83.0692,0,0,0
005027:1025.83,-38.1994,157.843,1026.63,-40.8141,161.188,1025.47,-35.2908,161.445,1036.83,-43.4282,158.877,1029.44,-29.2349,160.964,1043.79,-48.9385,139.537,1037.19,-18.3437,142.799,1044.58,-60.4778,113.647,1020.01,-9.15396,126.807,1037.12,-71.2906,98.6241,986.044,-24.8784,133.222,1038.25,-40.4249,91.0267,1031.42,-20.7905,92.4893,1053.73,-44.635,51.2012,1036.31,-22.5721,53.8514,1057.93,-38.8693,11.146,1017.34,-19.2882,20.4044,1021.19,-100.344,78.0659,1005.48,-103.353,70.2964,996.66,-116.65,72.2139,1004.08,-112.279,83.0692,0,0,0
005028:1017.37,-37.996,159.393,1021.3,-40.8264,162.115,1017.57,-35.4836,162.841,1039.18,-43.5434,158.477,1027.96,-30.2788,161.425,1049.37,-48.8483,138.756,1037.88,-18.5107,142.715,1052.73,-60.4426,112.631,1017.84,-8.67395,127.475,1046.57,-71.8146,97.0573,978.61,-24.4898,135.185,1045.14,-40.9197,89.056,1033.28,-21.08,91.1583,1054.52,-44.5336,49.97,1035.02,-22.0094,51.2059,1057.27,-39.3995,11.4965,1011.17,-18.1871,20.6153,1021.19,-100.344,78.0659,1005.48,-103.353,70.2964,1001.37,-117.923,70.8539,1006.59,-112.986,81.9209,0,0,0
005029:1022.38,-38.5918,158.554,1024.49,-41.0226,161.682,1021.12,-35.7116,162.327,1037.88,-43.2285,158.717,1025.79,-29.6375,161.577,1045.72,-48.9352,138.847,1037.82,-18.047,142.556,1047.91,-60.5487,112.526,1019.71,-7.86816,127.073,1039.41,-71.2454,97.7107,979.733,-23.3838,134.271,1040.26,-39.9564,89.8652,1033.28,-20.3429,91.3654,1051.83,-44.5943,50.7753,1041.25,-23.2998,51.5918,1052.18,-37.3014,11.8366,1020.71,-19.8414,18.3705,1021.19,-100.344,78.0659,1002.07,-103.693,70.145,1001.37,-117.923,70.8539,1005.15,-113.144,82.8729,0,0,0
005030:1028.57,-39.2349,156.982,1029.88,-42.2054,160.397,1028.42,-36.3784,160.601,1039.93,-44.8019,158.168,1034.96,-30.4582,159.824,1045.33,-49.034,139.218,1041.6,-18.6101,141.59,1048.27,-60.3799,113.407,1016.76,-7.77862,127.064,1037.67,-71.8051,98.5595,989.072,-25.2347,131.371,1039.46,-40.4603,90.0304,1034.04,-20.7077,90.4393,1050.43,-45.385,51.1228,1035.17,-22.2173,51.2514,1058.05,-39.665,11.9772,1014.49,-18.3874,20.2498,1021.68,-100.484,77.7377,1002.07,-103.693,70.145,998.596,-117.222,71.0985,1005.68,-113.284,82.7358,0,0,0
005031:1018.9,-39.3822,158.134,1022.5,-41.6535,160.782,1018.01,-36.5129,162.019,1032.52,-44.3254,158.433,1025.94,-29.9454,161.376,1048.92,-47.5505,137.364,1038.25,-18.8211,143.18,1053.59,-57.4322,111.16,1021.06,-9.02506,128.86,1038.23,-70.79,98.4376,983.026,-23.0184,136.452,1037.62,-40.0863,90.6331,1029.88,-21.3471,93.2709,1051.32,-44.6495,49.6097,1023.9,-23.8848,57.2251,1055.04,-39.9099,9.88874,1013.32,-18.5151,21.7149,1025.49,-101.449,76.7471,1005.82,-104.656,69.237,996.957,-117.377,71.2486,1005.7,-113.284,82.8262,0,0,0
005032:1027.83,-39.8755,157.123,1030.59,-42.6881,160.177,1027.3,-37.0364,160.761,1042,-45.0116,158.107,1032.19,-30.8237,160.587,1044.84,-49.5397,139.909,1038.76,-18.4635,142.59,1043.93,-61.3737,114.212,1018.98,-8.35648,126.995,1033.15,-73.6563,96.9099,993.721,-24.5673,130.503,1043.27,-40.6181,89.6406,1034.41,-20.348,90.8547,1047.66,-44.7732,52.4569,1034.37,-22.7912,51.59,1059.02,-38.9243,12.7482,1011.4,-18.4033,21.7971,1018,-102.255,78.7858,1002.09,-105.048,70.0419,1001.7,-118.651,69.9794,1005.2,-113.142,83.0556,0,0,0
005033:1022.1,-38.4195,158.267,1026.5,-41.7428,160.942,1022.2,-35.7975,161.85,1040.63,-44.6621,158.031,1029.35,-30.1483,161.406,1045.55,-49.2879,139.034,1039.97,-18.1309,142.623,1051.84,-62.2921,112.02,1026.93,-8.22132,126.927,1035.85,-73.5436,95.6343,981.186,-20.5088,133.79,1039.24,-39.7057,90.6382,1031.92,-19.5431,91.8502,1045.08,-44.2709,52.9998,1033.65,-21.5161,50.9579,1053.18,-38.7307,14.6212,1012.46,-17.7973,19.6326,1018.56,-102.197,78.7384,1002.09,-105.048,70.0419,998.111,-119.006,71.3267,1006.79,-113.563,82.644,0,0,0
005034:1018.17,-38.1701,159.286,1023.6,-41.0426,161.704,1017.96,-35.6363,162.704,1042.52,-43.728,157.667,1027.77,-30.396,161.205,1047.17,-49.0097,138.953,1042.12,-18.0798,141.997,1043.99,-61.12,114.442,1029.35,-6.82075,126.664,1036.46,-73.7267,95.8284,992.473,-20.2524,130.793,1043.93,-40.5509,89.4384,1035.49,-20.4976,90.625,1049.77,-45.0564,52.175,1034.99,-22.1116,51.1602,1056.99,-39.5705,13.4903,1011.62,-18.6199,20.5877,1017.9,-102.065,78.5055,1002.01,-105.052,69.7642,998.527,-119.154,70.8172,1010.54,-114.548,81.7728,0,0,0
005035:1028.71,-38.8712,156.963,1031.99,-41.9949,159.878,1028.69,-36.0837,160.388,1040.81,-44.6219,158.053,1032.88,-30.0585,160.277,1041.12,-49.2701,140.14,1040.09,-17.9355,142.567,1041.5,-61.9432,115.363,1029.76,-7.07697,127.677,1028.4,-73.5911,97.0896,987.475,-19.0608,132.347,1037.36,-40.048,91.4283,1031.99,-19.7178,91.9387,1048.3,-44.4763,53.0002,1035.54,-21.6221,50.68,1052.29,-38.8241,16.1336,1009.04,-17.3286,20.9252,1017.34,-101.928,78.5526,1001.87,-105.058,69.3014,998.527,-119.154,70.8172,1012.06,-114.975,81.0802,0,0,0
005036:1036.32,-40.5505,155.909,1038.24,-43.2756,159.106,1035.52,-37.6496,159.472,1042.84,-44.7263,157.894,1035.69,-30.8598,159.779,1042.78,-49.1202,139.782,1039.76,-17.8384,142.197,1046.33,-62.2675,114.23,1030.19,-6.74629,126.184,1035.19,-73.8374,95.5869,990.115,-19.5222,130.501,1040.02,-39.6485,90.3358,1033.5,-19.4429,91.0408,1045.46,-44.0034,52.7319,1031.13,-21.663,51.488,1054.22,-38.7301,13.5643,1008.93,-17.7425,20.3218,1017.18,-101.929,77.916,1001.87,-105.058,69.3014,998.527,-119.154,70.8172,1005.11,-115.656,82.5903,0,0,0
005037:1029.86,-39.8434,157.032,1033.34,-42.7525,159.904,1028.41,-37.0784,160.884,1043.91,-44.6048,157.471,1030.65,-30.7321,161.027,1046.06,-49.0924,138.755,1037.96,-17.6677,142.873,1045.57,-61.1628,113.422,1028.99,-6.24993,126.235,1034.39,-73.0332,95.7002,991.06,-19.2746,130.14,1041.45,-40.0413,90.0059,1031.37,-19.7659,91.8768,1047.28,-44.1259,52.188,1030.84,-21.2523,52.2401,1056.91,-39.2775,13.2177,1014.41,-18.6079,20.1236,1015.32,-101.718,77.4176,1006.1,-106.327,66.157,1001.71,-120.006,70.0617,1014.63,-114.718,80.1082,0,0,0
005038:1025.69,-37.9269,156.533,1029.54,-41.3273,159.355,1025.48,-35.2569,160.159,1041.36,-44.6533,157.135,1030.26,-29.8315,160.322,1043.75,-49.4749,138.802,1039.59,-17.9444,142.301,1044.01,-61.6654,114.013,1026.31,-6.62802,127.824,1027.43,-72.2659,97.4354,981.319,-16.9035,132.209,1041.43,-39.6157,89.8244,1034.39,-19.3112,91.1503,1046.75,-43.5797,51.9347,1033.71,-21.122,50.8422,1054.12,-38.9266,13.4791,1011.65,-18.9236,19.5783,1015.3,-101.72,77.413,999.113,-107.047,67.3688,1001.74,-120.006,70.1523,1014.74,-114.713,80.4798,0,0,0
005039:1031.3,-37.1683,156.878,1032.95,-40.6778,160.039,1032.36,-34.5125,160.103,1038.16,-44.2619,158.541,1036.71,-29.3012,159.707,1041.45,-49.5028,139.383,1038.13,-17.4146,142.499,1042.25,-62.2656,113.957,1028.44,-5.41018,127.259,1028.15,-73.7368,95.3005,1004.65,-14.0654,127.016,1042.93,-39.7155,89.6798,1036.1,-18.9989,90.7774,1047.88,-44.0381,52.5272,1029.58,-20.8146,52.0682,1058.67,-39.6169,13.9145,1010.97,-18.1854,20.2288,1015.33,-101.72,77.5038,1009.19,-108.327,64.6449,998.149,-121.706,71.4982,1014.74,-114.713,80.4798,0,0,0
005040:1032.16,-39.7465,156.535,1033,-42.2981,159.72,1033.5,-37.1282,159.852,1033.33,-44.1853,159.001,1041,-30.49,159.041,1043.03,-47.8159,138.999,1043.24,-17.904,142.468,1048.51,-60.769,112.374,1021.98,-7.43391,130.223,1032.39,-72.4337,94.3922,977.654,-18.1541,135.43,1039.29,-38.9722,90.6571,1037.67,-19.4152,91.181,1043.5,-42.5774,52.5822,1029.49,-22.047,52.8911,1050.08,-39.2033,14.2571,1014.53,-17.4762,18.9945,1018.46,-102.55,76.287,1001.81,-109.093,66.7332,998.171,-121.705,71.5886,1012.66,-114.145,81.22,0,0,0
005041:1024.61,-39.0742,157.881,1027.77,-42.3659,160.758,1025.16,-36.3327,161.359,1038.35,-44.9719,158.36,1032.05,-30.0246,160.809,1043.6,-48.9398,139.002,1038.7,-17.3327,142.906,1042.89,-61.1075,113.989,1029.43,-5.17134,127.198,1025.29,-72.8178,97.7075,991.875,-17.513,130.336,1040.46,-39.5989,90.5273,1032.12,-19.1349,92.0422,1045.88,-43.9196,52.937,1027.6,-20.9448,52.9961,1056.4,-39.4244,13.4681,1010.35,-17.2486,20.2602,1019,-102.493,76.1475,1001.32,-108.178,67.0673,999.803,-122.131,71.3508,1005.86,-114.78,81.1456,0,0,0
005042:1034.32,-38.2823,156.698,1035.75,-41.9783,159.832,1034.64,-35.433,160.256,1039.5,-45.2134,158.102,1035.63,-29.4481,160.367,1039.24,-49.2012,139.174,1038.2,-17.3131,142.64,1042.19,-60.9682,113.735,1030.21,-5.45534,127.197,1030.87,-72.1202,96.2901,993.554,-17.743,130.389,1037.8,-39.9957,90.7196,1032.29,-19.2523,91.7806,1045.83,-43.8263,52.306,1029.56,-20.6711,52.1525,1060.01,-40.2212,11.7735,1011.56,-17.8771,19.5648,1018.33,-102.359,75.8266,1001.32,-108.178,67.0673,1001.25,-121.983,70.3848,1006.93,-115.062,80.8698,0,0,0
005043:1022.7,-38.6904,157.598,1026.61,-41.7327,160.305,1021.99,-36.1098,161.296,1040.19,-44.3645,157.51,1027.66,-30.4681,161.093,1041.69,-48.5081,139.349,1040.81,-18.1017,142.44,1040.93,-60.1907,113.678,1030.83,-4.6352,127.125,1032.08,-73.0304,95.0746,988.141,-15.6991,131.65,1042.07,-40.1091,89.2076,1035.95,-20.3628,90.125,1043.44,-43.5931,53.1921,1029.84,-21.0753,51.972,1061.14,-40.5356,11.9146,1011.46,-17.6867,20.0093,1017.06,-102.09,75.4609,1001.25,-108.178,66.7961,989.475,-122.12,72.4718,1006.93,-115.062,80.8698,0,0,0
005044:1027.95,-39.3455,156.255,1030.29,-42.2185,159.351,1028.02,-36.6983,159.817,1039.27,-44.322,157.758,1032.61,-30.6078,160.029,1043.71,-48.5799,138.789,1039.17,-17.9829,142.909,1046.13,-60.2888,112.334,1030.35,-4.93345,127.269,1031.12,-72.0787,95.4687,992.608,-16.4406,131.356,1037.28,-39.0783,91.0435,1030.18,-19.5133,92.4918,1042.66,-43.2722,53.1866,1030.32,-21.9647,52.2692,1052.85,-38.404,13.7608,1014.03,-17.9946,19.3571,1019.65,-101.811,74.5626,1001.23,-108.178,66.7056,992.513,-122.595,71.3583,1006.87,-115.065,80.685,0,0,0
005045:1025.6,-38.2888,158.722,1029.36,-41.5202,161.145,1027.14,-35.6337,162.059,1035.58,-44.7785,158.398,1037.82,-29.4163,160.134,1045.41,-48.3351,137.423,1041.87,-16.9012,142.373,1046.12,-58.973,112.873,1023.36,-5.31841,129.941,1034.99,-69.4565,94.4769,986.086,-16.9134,132.84,1038.03,-39.6805,90.6567,1033.52,-19.0249,92.2946,1049.45,-43.2508,50.4273,1029.94,-20.7412,53.3545,1051.87,-39.6886,12.905,1015.33,-16.9601,19.6025,1004.02,-103.465,77.5954,1005.93,-109.434,65.1327,992.513,-122.595,71.3583,1009.45,-115.775,79.7155,0,0,0
005046:1031.4,-39.76,156.059,1033.57,-43.0168,159.149,1030.4,-36.8994,159.897,1040.05,-45.1912,157.637,1032.27,-30.1324,160.468,1042.79,-48.5935,138.813,1036.97,-17.4549,143.291,1044.12,-59.6432,113.507,1031.53,-3.93564,128.026,1027.66,-70.8422,96.0729,1000.67,-13.7489,129.279,1039.4,-39.9259,91.2617,1031.02,-19.8691,92.9463,1042.42,-43.2385,53.8428,1028.1,-20.961,53.0752,1054.45,-39.3719,13.8878,1015.69,-17.6279,18.8051,1005.31,-103.153,78.2336,1005.93,-109.434,65.1327,993.914,-122.647,70.3864,1009.45,-115.775,79.7155,0,0,0
005047:1026.48,-38.9669,157.283,1030.95,-42.1353,159.795,1026.63,-36.1158,161.061,1038.63,-45.2486,157.404,1035.37,-29.5283,160.073,1042.41,-47.3648,138.295,1046.79,-18.1526,141.794,1041.08,-57.6616,112.918,1031.81,-4.47754,128.693,1034.5,-69.4807,93.7384,1002.33,-12.2904,129.408,1037.23,-39.1703,90.4278,1037.15,-20.0692,91.0902,1049.11,-42.8229,49.8872,1028.54,-21.1894,53.6308,1055.66,-40.5588,11.2383,1012.28,-17.0479,20.7474,1007.88,-102.874,77.3541,1006.39,-109.577,64.7117,998.103,-122.251,69.2588,1009.45,-115.775,79.7155,0,0,0
005048:1036.32,-37.2049,155.103,1038.07,-40.6731,158.11,1037.12,-34.5415,158.852,1040.61,-44.6248,156.67,1043,-28.8732,158.506,1042.85,-47.7881,137.919,1045.95,-18.1806,141.91,1041.32,-58.354,112.792,1025.15,-5.28745,130.214,1030.24,-69.0017,94.5181,989.194,-13.1755,132.674,1037.97,-38.7237,90.0768,1037.62,-19.3676,91.0949,1046.26,-42.3771,50.5827,1027.16,-20.6897,54.4009,1052.47,-39.8011,12.2054,1013.65,-17.0696,21.0825,1007.88,-102.874,77.3541,1010.05,-109.195,63.525,998.103,-122.251,69.2588,1009.45,-115.775,79.7155,0,0,0
005049:1028.95,-38.4134,156.876,1032.12,-41.9523,159.739,1028.91,-35.7473,160.612,1040,-45.0388,157.474,1031.68,-30.1108,160.657,1037.31,-48.2636,139.818,1040.02,-18.1661,142.556,1035.27,-58.7769,114.827,1032.81,-3.01593,127.172,1025.66,-69.5456,96.4374,999.846,-11.1114,128.893,1038.02,-38.7776,90.4526,1034.97,-19.4777,91.0143,1046.18,-43.2815,52.2558,1027.38,-20.8861,53.6479,1057.64,-39.4864,12.6516,1012.23,-17.8977,20.768,1008.41,-102.818,77.2159,1009.21,-108.674,62.5711,999.154,-122.538,68.9756,1012.85,-116.784,77.6284,0,0,0
005050:1024.15,-38.8196,156.823,1026.7,-41.7978,159.903,1024.76,-36.2172,160.371,1036.8,-44.2222,157.923,1032.48,-30.3856,159.87,1037.15,-47.5678,140.043,1044.56,-18.5045,141.687,1034.3,-58.8021,114.29,1031.41,-2.80366,127.28,1021.58,-70.25,95.911,1002.75,-11.8329,129.071,1034.14,-38.2378,91.0003,1036.23,-20.0023,90.2311,1034.09,-42.045,54.7181,1036.5,-22.9265,50.5517,1041.4,-37.4562,16.0899,1018.71,-18.7663,18.1385,1009.33,-103.09,76.3086,1009.23,-108.674,62.662,999.11,-122.538,68.7946,1011.64,-116.506,77.4438,0,0,0
005051:1034.43,-38.488,155.744,1037.87,-41.5186,158.392,1033.82,-35.7933,159.654,1041.88,-44.4022,156.707,1037.72,-29.3552,159.524,1043.84,-47.2539,138.515,1043.98,-17.3358,142.032,1045.07,-57.9316,113.394,1028.56,-2.74955,128.269,1027.52,-67.3222,96.0451,1009.84,-10.1459,126.668,1041.1,-38.2835,89.9192,1038.55,-18.9202,90.9846,1044.74,-42.1069,51.8801,1026.16,-20.9503,55.3824,1054.16,-39.9207,12.252,1014.89,-17.1303,21.5279,1009.31,-103.09,76.218,1009.23,-108.674,62.662,1002.28,-123.398,67.9443,1011.41,-116.315,76.5336,0,0,0
005052:1031,-38.5709,155.468,1032.76,-41.8264,158.717,1031.06,-35.8156,159.193,1038.55,-44.8706,157.44,1033.65,-30.0063,159.57,1035.95,-48.3848,139.912,1042.15,-18.0202,141.705,1031.81,-58.4729,115.001,1033.59,-1.59176,125.966,1016.25,-68.8671,97.5527,1006.54,-9.65491,126.046,1036.69,-38.7533,89.303,1036.35,-19.3892,89.2945,1043.18,-42.375,51.5769,1031.56,-20.7219,51.9146,1053.14,-39.0743,12.3857,1014.23,-18.3595,20.2386,1012.51,-102.748,75.4747,1013.47,-108.234,61.4142,1002.28,-123.398,67.9443,1012.76,-116.586,77.1818,0,0,0
005053:1030.19,-36.8535,156.793,1032.48,-40.4732,159.85,1029.92,-34.2192,160.55,1039.59,-44.1596,157.577,1031.12,-29.182,160.672,1036.89,-48.0302,139.679,1038.56,-17.6282,142.31,1034.06,-58.4738,114.254,1029.71,-1.89219,126.164,1022.31,-68.4074,96.2093,1012.35,-11.3216,124.941,1041.1,-39.0261,89.066,1037.41,-19.4382,89.6775,1042.26,-42.8434,52.766,1027.06,-20.585,53.0644,1051.96,-39.6939,14.1629,1009.07,-17.5902,21.4331,1013.04,-102.301,75.3415,1013.69,-108.185,60.0762,1001.61,-123.449,67.5424,1010.79,-116.177,76.3953,0,0,0
005054:1024.97,-39.4764,157.117,1026.13,-42.7212,160.484,1025.66,-36.6622,160.706,1033.38,-45.2057,158.65,1031.73,-30.1736,160.257,1035.93,-47.9285,139.615,1039.68,-18.0244,142.489,1033.71,-58.3259,113.263,1028.86,-1.91372,127.579,1019.36,-68.6504,95.5654,1007.32,-9.64546,126.245,1037.72,-38.4729,90.0436,1035.68,-19.3726,90.456,1041.08,-42.499,52.7436,1028.03,-21.2317,52.7369,1052.67,-38.6391,13.9372,1012.62,-17.2694,20.6779,1012.69,-102.51,74.1338,1013.69,-108.185,60.0762,1001.61,-123.449,67.5424,1010.79,-116.177,76.3953,0,0,0
005055:1037.24,-38.0836,155.245,1036.91,-41.4757,158.886,1037.38,-35.389,158.928,1037.59,-44.537,158.225,1036.69,-29.7548,159.636,1033.95,-48.0177,140.51,1040.71,-17.6668,142.298,1029.56,-58.8639,114.799,1031.88,-1.16294,126.454,1014.24,-68.8112,96.5313,1008.97,-9.0404,125.36,1035.29,-38.0618,90.2782,1035.67,-18.7566,90.0085,1037.09,-41.4157,53.6731,1025.83,-20.3993,53.1253,1053.01,-39.4298,13.9227,1014.85,-18.5395,20.0419,1018.98,-101.823,71.9933,1015.17,-108.612,59.1665,1008.03,-125.179,66.0117,1010.79,-116.177,76.3953,0,0,0
005056:1028.77,-38.3669,155.947,1030.94,-41.8186,159.083,1029.13,-35.5821,159.604,1037.5,-44.8931,157.459,1032.87,-29.5363,159.677,1034.51,-47.8551,139.794,1040.1,-17.4235,142.129,1027.53,-58.5996,115.123,1030.14,-0.938501,127.4,1014.62,-68.3444,96.3736,1004.56,-8.02071,126.888,1036.06,-37.5571,90.0955,1034.49,-18.1122,90.4065,1042.79,-42.6246,52.1905,1026.56,-20.9671,53.2061,1058.19,-39.7475,11.8013,1012.69,-17.7975,20.3383,1019.52,-101.961,71.8501,1020.99,-108.004,57.1871,1010.54,-124.935,64.6537,1010.79,-116.177,76.3953,0,0,0
005057:1032.71,-39.0039,155.247,1033.41,-42.2157,158.694,1032.62,-36.2329,158.947,1036.55,-44.6054,157.781,1033.05,-29.837,159.648,1034.29,-47.4682,140.193,1040.34,-17.4407,142.265,1029.98,-57.647,114.98,1034.25,-0.889257,126.942,1014.09,-67.1858,97.3629,1006.97,-7.26735,126.54,1037.61,-37.9479,90.378,1037.25,-18.8472,90.2087,1040.52,-41.8776,53.659,1028.75,-20.7659,52.9552,1047.7,-38.7911,15.9903,1010.96,-18.3845,21.1896,1019.52,-101.961,71.8501,1018.16,-108.289,57.4511,1016.82,-123.96,62.3587,1010.85,-116.175,76.5809,0,0,0
005058:1024.54,-38.1148,157.093,1027.37,-41.3584,159.811,1025.4,-35.4021,160.846,1033.83,-44.6285,157.452,1034.51,-29.035,159.772,1038.03,-47.2144,138.435,1045.37,-17.0815,141.674,1033.57,-57.4868,114.251,1029.75,-1.85573,128.761,1016.93,-66.8857,96.4901,1004.5,-8.25362,127.104,1038.3,-37.4866,89.9776,1039.91,-17.9932,90.5262,1040.49,-41.9685,52.5253,1026.12,-21.137,55.2526,1047.32,-38.9234,14.106,1007.23,-16.9282,23.4909,1015.68,-99.8278,72.8631,1018.16,-108.289,57.4511,1017.25,-123.912,61.7546,1011.38,-116.123,76.4415,0,0,0
005059:1028.25,-36.9477,156.44,1028.71,-40.3396,159.833,1029.13,-34.5124,159.986,1033.05,-43.5965,158.449,1032.56,-29.5243,160.057,1032.47,-47.4208,140.47,1039.55,-17.3454,142.632,1028.39,-58.0529,114.966,1032.55,-0.441907,127.167,1011.53,-66.9646,97.1218,1009.94,-7.61374,125.824,1036.03,-37.4691,90.3679,1035.92,-18.3479,90.3128,1040.7,-41.849,53.0353,1028.66,-21.1026,52.5588,1054.15,-38.8288,13.726,1013.31,-18.4113,20.0361,1013.84,-98.2519,72.6632,1022.36,-105.101,56.2891,1009.8,-122.053,62.0652,1008.21,-115.271,77.3729,0,0,0
005060:1036.19,-37.22,154.449,1035.71,-40.4827,157.895,1035.15,-34.6438,158.485,1038.13,-43.7678,156.975,1031.43,-29.1337,160.254,1037.63,-47.9357,138.57,1038.72,-17.076,143.262,1028.43,-57.2603,113.79,1037.68,-0.81818,126.774,1012.8,-66.8727,95.4716,1010.94,-6.68979,125.156,1041.74,-37.716,88.5191,1038.69,-18.1209,90.3191,1042.55,-42.3226,51.9889,1032.53,-21.1629,53.5986,1047.83,-39.4394,13.0945,1022.75,-20.345,18.1894,1020.28,-99.5032,70.7648,1021.8,-105.158,56.3449,1008.49,-120.992,61.4419,1003.96,-114.144,78.4857,0,0,0
005061:1017.28,-37.908,158.427,1022.29,-40.8434,160.673,1017.84,-35.52,162.066,1033.54,-43.9717,157.507,1030.75,-29.7343,160.216,1038.36,-46.9255,138.311,1046.31,-17.2311,141.414,1031.4,-56.9692,114.075,1030.68,-1.11004,128.976,1013.35,-66.2565,96.1314,1008.5,-7.47453,127.015,1032.77,-37.1651,90.0681,1034.83,-18.1348,90.4801,1039.72,-40.3893,51.8224,1027.86,-20.4873,53.9162,1041.66,-38.4903,15.0099,1009.38,-17.5913,22.0128,1014.23,-98.0036,72.0611,1018.49,-104.322,57.0572,1008.49,-120.992,61.4419,1020.67,-113.619,72.6414,0,0,0
005062:1031.49,-36.5706,156.398,1031.62,-39.8394,159.583,1031.26,-34.2078,160.109,1037.27,-43.4615,157.423,1031.19,-29.6025,160.436,1040.12,-48.2575,137.675,1040.34,-17.9028,142.38,1031.25,-56.808,113.298,1043.06,-2.23592,125.084,1005.65,-63.6064,101.505,1013.99,-7.31873,126.46,1041.17,-37.4697,88.0857,1037.89,-18.297,90.0217,1042,-42.6474,51.9328,1031.15,-21.6559,53.9594,1051.19,-39.1207,12.2179,1020.7,-20.0429,19.3901,1014.56,-97.946,71.1026,1018.51,-104.321,57.1488,1010.84,-118.827,61.5304,1014.05,-112.706,73.7864,0,0,0
005063:1025.83,-36.9582,157.084,1026.72,-39.8814,159.99,1027.16,-34.4566,160.611,1031.96,-43.3667,157.695,1035.52,-28.5316,159.311,1040.5,-47.4942,137.009,1045.79,-17.2175,141.187,1032.22,-56.4049,113.275,1042.83,-2.84464,125.898,1006.48,-63.5383,99.3451,1016.54,-6.76136,126.055,1039.16,-38.3041,88.7245,1040.73,-19.0033,90.1563,1042.73,-41.2331,50.4654,1032.03,-21.2638,54.658,1046.63,-40.2229,11.0701,1024.35,-20.6927,18.8983,1014.56,-97.946,71.1026,1018.87,-103.286,56.4629,1010.84,-118.827,61.5304,1005.95,-110.605,75.6208,0,0,0
005064:1034.84,-37.3057,155.79,1034.53,-40.4583,159.121,1035.17,-34.7703,159.388,1037.57,-43.7019,157.531,1034.13,-29.2558,159.839,1037.91,-48.5902,138.485,1040.27,-17.7109,142.465,1028.15,-58.4787,114.565,1040.99,-1.89301,126.454,1008.67,-65.0794,97.2839,1010.59,-6.1939,126.759,1036.74,-38.191,90.12,1035.28,-18.8254,91.5619,1036.51,-40.7785,53.9505,1031.17,-21.1806,54.5914,1044.39,-38.201,14.576,1030.02,-21.1671,17.332,1010.11,-96.866,71.78,1018.18,-103.344,55.9693,1016.25,-117.527,60.2652,1011.84,-110.586,74.1833,0,0,0
005065:1035.51,-38.9158,154.799,1033.24,-41.3323,158.361,1037.44,-36.3642,158.224,1031.27,-43.5514,157.678,1042.17,-29.5583,157.902,1036.87,-47.225,137.737,1042.86,-16.3422,141.848,1031.75,-56.2224,113.073,1039.77,-1.30297,126.413,1014.43,-63.7479,96.7001,1021.67,-6.70636,124.434,1038.75,-38.7227,88.3528,1040.64,-18.9829,89.5515,1042.82,-41.8995,50.7783,1029.01,-20.5659,55.6427,1049.32,-40.5818,11.114,1020.45,-19.3255,20.5888,1014.94,-95.1575,70.9032,1015.03,-100.951,57.6051,1016.27,-117.527,60.3567,1008.62,-108.386,75.045,0,0,0
005066:1022.17,-38.7069,157.843,1027.25,-41.8356,160.037,1021.94,-36.234,161.651,1040.68,-44.0085,156.914,1028.41,-30.3044,161.243,1043.35,-48.2656,138.138,1035.33,-16.6151,143.464,1026.77,-56.1601,116.39,1025.86,0.717277,130.064,1002.54,-61.6321,102.153,997.638,-4.7774,129.008,1034.06,-37.8514,89.9365,1024.39,-17.8357,92.3793,1035.45,-40.3479,54.6641,1021.18,-18.8824,55.2419,1057.09,-40.3501,12.7226,1036.91,-22.8246,12.4531,1012.58,-94.036,70.8441,1015.03,-100.951,57.6051,1022.95,-115.883,57.3306,1016.58,-107.554,72.7728,0,0,0
005067:1024.3,-36.8401,157.418,1024.46,-39.9183,160.582,1025.89,-34.5971,160.745,1032.01,-43.1433,158.211,1031.03,-29.5942,160.186,1039.04,-48.1919,137.904,1042.3,-18.0096,142.21,1031.91,-57.1292,112.716,1042.13,-1.47079,126.396,1012.57,-63.8975,95.1981,1009.32,-5.08896,126.623,1036.97,-37.5039,89.663,1035.46,-18.4396,91.3037,1042.41,-42.0016,52.0755,1031.76,-21.1001,54.3091,1050.61,-39.4648,13.1947,1024.66,-19.9962,19.5015,1011.24,-93.7749,70.2085,1025.15,-100.635,54.333,1021.24,-115.457,57.495,1011.31,-106.943,74.6328,0,0,0
005068:1026.91,-38.7637,156.342,1027.87,-41.4206,159.542,1026.84,-36.2163,160.008,1036.56,-43.4657,157.56,1029.96,-29.8962,160.27,1040.03,-47.9324,138.306,1039.57,-16.9066,142.614,1029.02,-56.595,113.734,1044.22,-0.456604,124.878,1004.58,-62.4032,99.3375,1017.87,-5.77797,124.98,1035.88,-38.9522,89.0436,1032.41,-19.395,90.4788,1040,-42.5352,52.3275,1030.66,-20.8714,52.9171,1049.58,-39.3014,13.4139,1024.29,-19.2653,17.763,1011.76,-93.52,70.0705,1023.48,-100.221,54.6909,1027.22,-114.678,55.957,1012.58,-105.424,73.21,0,0,0
005069:1024.26,-37.8732,156.682,1026.18,-40.5635,159.672,1024.32,-35.543,160.363,1037.37,-42.8836,157.321,1028.33,-29.8852,160.602,1041.1,-47.7742,138.398,1041.4,-16.997,142.541,1029.73,-55.5892,114.286,1046.75,-0.405321,124.444,1002.66,-59.7261,102.556,1016.21,-5.88686,126.285,1038.15,-38.6253,88.4001,1034.86,-19.15,89.9173,1039.93,-42.1759,51.566,1030.32,-20.138,52.7941,1050.96,-39.4016,11.9331,1021.49,-19.0778,18.5359,1007.93,-92.3893,70.8899,1026.98,-97.0579,53.1237,1018.63,-112.39,58.8069,1009.69,-104.16,73.2733,0,0,0
005070:1025.26,-37.7772,156.442,1025.94,-40.6503,159.658,1025.15,-35.3191,160.232,1034.91,-43.0747,157.589,1028.74,-29.3286,160.53,1040.69,-47.4815,137.927,1039.75,-16.7729,142.575,1032.46,-55.8761,112.675,1042.51,-0.666874,125.329,1009.51,-61.2667,97.1237,1018.31,-5.47955,124.81,1038.9,-38.3354,88.2677,1035.25,-18.9364,89.9748,1037.18,-41.5963,52.7612,1028.84,-20.1428,53.7628,1047.42,-39.2559,13.514,1022.23,-19.526,18.8958,1019.08,-89.738,68.3111,1027.49,-96.9983,52.8827,1025.61,-111.687,56.7075,1015.95,-103.481,71.1319,0,0,0
005071:1036.18,-36.2258,154.431,1034.65,-39.3879,158.039,1035.49,-33.872,158.32,1036.53,-42.8002,157.188,1032.49,-28.9419,159.737,1038.09,-47.6678,138.447,1039.39,-17.3524,142.459,1031.02,-56.2763,113.366,1044.44,-1.08355,124.511,1014.61,-61.5512,96.5869,1015.22,-5.75014,125.291,1038.74,-38.0795,88.3946,1036.77,-18.9407,89.7954,1038.76,-40.6223,51.9629,1029.42,-20.4273,53.471,1046.15,-39.1778,13.6403,1023.91,-20.128,18.2809,1014.93,-88.8062,67.9593,1023.25,-95.2604,52.6541,1022.24,-110.25,57.3251,1010.52,-101.326,72.4757,0,0,0
005072:1024.09,-36.6031,157.522,1024.42,-39.8085,160.741,1024.71,-34.1916,161.162,1032.42,-43.0622,158.485,1029.06,-28.8268,161.027,1038.03,-47.3692,138.293,1041.54,-16.8367,142.287,1030,-54.6758,112.786,1046.04,-0.178867,124.228,1006.2,-60.2166,98.1458,1014.17,-5.97201,125.493,1035.13,-37.9793,88.9154,1034.51,-18.654,89.9995,1033.42,-41.0164,53.4466,1026.27,-20.2053,54.1842,1047.03,-38.7691,14.0927,1021.59,-19.6886,19.5593,1014.4,-88.8683,68.101,1023.21,-95.2606,52.4706,1019.85,-107.143,57.4744,1008.81,-99.5579,72.7333,0,0,0
005073:1026.71,-37.2633,156.487,1026.17,-40.2643,159.951,1027.94,-34.8947,160.062,1032.51,-43.1726,158.541,1032.14,-29.1871,160.378,1039.81,-47.5927,138.381,1038.07,-16.6429,143.257,1033.17,-54.8172,112.188,1036.8,-0.0953899,126.64,1006.53,-58.9718,97.4893,1018.65,-4.05805,125.763,1038.53,-38.0459,88.0007,1034.94,-18.5008,89.8218,1033.31,-41.196,53.1243,1026.06,-20.287,54.2956,1048.41,-39.3709,12.2932,1024.21,-20.7226,18.2586,1010.01,-87.4205,69.1641,1021.39,-93.2793,52.5827,1019.99,-107.136,57.9439,1014.13,-100.145,71.2258,0,0,0
005074:1022.53,-37.4317,157.864,1024.45,-40.6443,160.838,1022.82,-34.8628,161.624,1035.81,-43.5525,157.837,1028.56,-28.9034,161.102,1039.54,-47.3522,137.959,1040.94,-16.9726,142.344,1026.89,-53.9665,113.291,1042.1,-0.591823,125.757,1003.99,-58.306,98.8507,1020.26,-4.21641,126.686,1034.51,-38.149,89.1322,1032.15,-18.852,90.6762,1037.43,-41.4433,52.1134,1028.33,-19.7055,53.53,1050.25,-39.9911,12.6101,1021.69,-19.7714,19.4572,1010.01,-87.4205,69.1641,1014.26,-91.3279,54.4555,1022.51,-105.676,56.584,1015.59,-98.2154,70.5504,0,0,0
005075:1029.09,-37.6925,156.854,1026.93,-40.2823,160.532,1030.69,-35.5605,160.171,1031.61,-42.3797,158.798,1034.89,-30.2256,159.816,1038.57,-46.9102,138.589,1038.55,-16.7858,142.999,1032,-54.1063,112.719,1040.59,0.589381,125.849,1009.69,-57.727,97.9658,1017.71,-4.93123,125.984,1036.3,-38.2667,89.1425,1033.92,-19.1521,90.4804,1039.07,-41.9593,51.9301,1028.2,-19.8217,53.6834,1047.78,-40.8143,13.0156,1021.9,-19.1177,18.7395,1007.08,-83.8528,69.8271,1026.62,-89.9061,51.14,1021.96,-105.536,56.7335,1015.59,-98.2154,70.5504,0,0,0
005076:1023.83,-38.6923,157.766,1026.13,-41.6455,160.692,1022.95,-36.0399,161.789,1037.47,-43.7358,157.664,1026.69,-29.4365,161.66,1038,-46.7459,138.455,1039.55,-16.7816,142.753,1023.26,-53.2338,114.621,1044.02,-0.0811605,125.229,1010.85,-57.3042,97.8657,1020.78,-4.36611,125.016,1036.16,-37.952,88.7416,1033.41,-18.9248,90.2437,1041.13,-41.5834,50.8687,1029.4,-20.2995,52.8924,1050.2,-40.1916,11.8632,1022.47,-19.8692,18.0772,1008.46,-83.6626,68.593,1013.24,-86.5091,54.0275,1021.09,-103.053,56.0639,1014.93,-95.1552,70.8174,0,0,0
005077:1019.68,-38.0828,158.728,1024.78,-40.7741,160.818,1019.16,-35.4981,162.592,1035.87,-43.6293,157.425,1027.19,-29.049,161.409,1039.87,-46.7681,137.312,1044.41,-16.2003,141.795,1027.32,-52.0855,113.754,1045.45,0.353202,125.599,1008.36,-56.5726,97.9733,1024.26,-4.03619,124.196,1035.64,-37.6623,88.4752,1035.4,-18.0598,90.2633,1042.55,-42.5528,49.8436,1026.12,-21.1755,55.4454,1048.55,-40.4057,9.99589,1018.4,-19.31,19.9044,1010.59,-83.7959,68.0251,1021.1,-85.5596,51.2646,1010.58,-100.245,58.2372,1014.89,-94.329,68.7525,0,0,0
005078:1024.24,-37.6482,157.339,1025.86,-40.0102,160.146,1025.12,-35.291,160.837,1031.28,-42.641,158.2,1032.11,-29.1837,160.015,1038.98,-46.6367,137.702,1042.98,-15.9701,142.057,1031.57,-52.7562,112.361,1045.87,0.664225,125.274,1005.31,-56.3213,98.4763,1022.69,-3.70236,124.938,1034.57,-38.2064,88.7673,1034.4,-18.5115,90.4535,1044.24,-41.6625,48.7871,1024.45,-19.5699,55.3304,1054.14,-41.5711,7.4681,1018.59,-18.9094,19.2455,1004.18,-82.2246,69.8561,1021.02,-84.3794,51.2878,1018.45,-99.3718,55.4928,1013.53,-93.6726,68.0424,0,0,0
005079:1028.7,-37.0401,156.626,1031.14,-39.9751,159.311,1029.03,-34.5051,160.394,1035.75,-43.2896,157.45,1033.28,-28.2984,160.163,1036.32,-46.2533,138.341,1042.75,-16.1832,142.516,1023.48,-51.1456,114.127,1044.47,0.187605,126.119,1000.66,-55.0661,99.0489,1023.17,-3.18972,125.312,1032.25,-36.9124,90.127,1033.61,-17.5437,91.6401,1038.48,-41.1619,51.4668,1025.71,-19.9925,56.2324,1048.75,-41.6398,10.5008,1023.94,-20.195,19.1096,996.523,-80.419,71.1262,1009.52,-81.2263,54.3787,1010.86,-97.4569,57.58,1013.44,-93.673,67.679,0,0,0
005080:1028.72,-38.8159,157.302,1031.62,-41.4184,159.76,1028.73,-36.0951,161.065,1038.4,-43.8104,156.87,1034.16,-29.0651,160.215,1043.96,-46.4665,136.246,1041.15,-16.2145,142.958,1033.46,-51.6888,112.452,1040.89,0.847022,128.342,1009.67,-55.6494,98.3084,1026.17,-2.02521,126.416,1036.53,-37.2349,89.2048,1033.2,-17.9254,92.0488,1035.58,-40.8267,51.9819,1023.61,-20.7939,56.5706,1035.99,-38.7305,14.1593,1018.05,-19.7275,20.6552,1001.36,-79.2061,68.726,1008.97,-81.0959,54.5288,1010.61,-95.3153,57.0561,1002.44,-90.6193,69.7293,0,0,0
005081:1025.78,-39.346,157.073,1029.27,-41.7651,159.471,1025.1,-36.661,160.985,1036.67,-43.7157,156.98,1030.22,-29.3072,160.606,1039.73,-46.2246,137.77,1039.41,-15.9228,143.424,1029.39,-51.7702,114.744,1041.2,0.669423,128.429,1010.65,-55.6871,98.7856,1028.17,-2.2957,125.349,1035.7,-36.9866,89.4883,1032.79,-17.5901,91.9213,1040.5,-41.8841,51.0852,1020.58,-21.2962,57.5047,1049.83,-40.0546,10.3432,1016,-20.3343,21.0384,1001.34,-79.2061,68.6361,1017.86,-81.5675,51.159,1010.55,-95.3179,56.8691,1004.44,-89.4052,69.0031,0,0,0
005082:1027.33,-37.811,157.812,1029.54,-40.5346,160.39,1028.45,-35.1992,161.389,1035.06,-43.2263,157.742,1035.21,-28.495,160.243,1038.13,-46.0702,137.721,1044.25,-15.9898,142.167,1027.65,-50.9301,114.904,1046.05,0.448163,126.379,1006.01,-53.3349,102.9,1020.59,-2.26677,126.683,1033.5,-36.7954,89.8427,1034.79,-17.5366,91.4428,1038.3,-41.0429,51.6356,1020.58,-20.5804,57.7892,1055,-39.9954,9.05257,1019.09,-20.1006,20.9824,1000.69,-77.5282,68.8119,1010.05,-78.9585,52.8371,1010.43,-94.3403,56.5247,1002.81,-89.0094,69.3405,0,0,0
005083:1029.82,-36.5238,156.488,1032.29,-39.5536,159.111,1029.35,-33.969,160.405,1036.56,-43.1379,157.184,1031.47,-28.1337,160.487,1036.73,-46.7099,137.981,1038.52,-16.791,143.477,1023.13,-51.8402,114.41,1040.24,-0.693867,128.15,996.8,-54.4165,100.047,1022.04,-2.22506,126.467,1033.58,-37.1541,89.584,1032.06,-17.847,92.0735,1041.61,-41.6212,50.1125,1026.58,-19.8585,55.7356,1047.21,-41.6688,9.84475,1023.52,-19.3246,18.4893,1005.9,-76.8707,67.4105,1011.51,-77.9794,52.1419,1009.28,-93.2931,56.7379,1004.72,-88.5718,68.145,0,0,0
005084:1022.16,-37.5794,158.249,1026.96,-40.4957,160.409,1021.19,-34.9207,162.284,1037.05,-43.6937,157.275,1028.02,-28.4464,161.422,1041.89,-46.8054,137.403,1042.14,-16.3145,142.768,1032.94,-51.6444,114.113,1045.54,0.0819626,126.545,1007.51,-53.4869,101.955,1021.39,-2.18722,125.798,1035.29,-37.1765,89.2915,1033.2,-17.4937,91.6332,1040.57,-42.0413,50.3876,1022.97,-20.2845,56.4332,1046.76,-41.2621,10.4226,1018.33,-19.7672,20.04,1001.16,-75.7155,68.9885,1003.43,-76.0445,54.4944,1005.74,-88.9389,55.154,998.217,-86.9966,69.4946,0,0,0
005085:1021.85,-38.0259,158.637,1026.1,-40.9188,160.83,1022.77,-35.356,162.314,1035.44,-43.7548,157.49,1031.11,-28.444,160.997,1039.87,-46.0148,137.238,1042.33,-16.105,142.778,1026.81,-50.208,114.39,1041.67,0.663538,128.001,1002.02,-52.2897,100.603,1018.34,-1.3451,126.736,1031.09,-36.8158,90.0548,1030.21,-17.5636,92.2794,1037.26,-40.8935,50.615,1022.2,-20.1573,56.0856,1046.89,-41.2368,9.85328,1020.01,-20.7803,19.1103,1003.34,-74.2214,67.053,1000.01,-74.1095,54.9746,999.113,-87.1671,56.2893,996.023,-85.702,69.9861,0,0,0
005086:1023.55,-38.0487,156.888,1027.16,-41.3402,159.568,1023.18,-35.6244,160.644,1039.33,-43.4922,156.979,1027.48,-29.4219,160.888,1037.06,-45.4871,139.988,1039.33,-16.5514,142.818,1028.82,-51.852,116.739,1038.29,1.60757,127.713,1001.89,-50.1858,106.247,1011.68,-2.52821,127.558,1032.98,-37.0849,90.8217,1029.02,-18.1006,91.4014,1037.98,-41.1501,53.4487,1027.73,-19.5981,51.8923,1055.15,-43.4401,15.0099,1017.13,-18.6524,19.2737,1004.79,-73.829,66.2693,1000.01,-74.1095,54.9746,999.436,-86.9077,55.3443,999.945,-84.4319,68.2428,0,0,0
005087:1031.93,-36.233,156.368,1033.01,-39.6602,159.369,1031,-34.0551,160.227,1039.96,-42.6657,157.141,1030.87,-29.2033,160.818,1038.44,-45.8677,140.042,1038.54,-16.6724,143.407,1030.32,-52.4778,118.367,1038.49,1.79666,128.363,1006.58,-50.835,108.784,1010.7,-3.58516,129.15,1032.59,-37.1707,91.2713,1027.66,-18.0719,92.4555,1035.43,-40.5087,53.6089,1022.39,-18.9783,54.271,1053.48,-44.5564,13.9923,1018.16,-19.8719,19.6513,1002.48,-72.6931,64.5095,995.744,-72.0655,54.4134,997.83,-86.4661,53.7204,991.362,-83.272,67.8331,0,0,0
005088:1028.67,-39.2901,155.986,1032.9,-42.1604,158.25,1028.79,-36.7057,159.669,1039.23,-44.1974,156.549,1034.04,-29.5427,159.661,1038.74,-45.6145,139.306,1040.07,-16.9567,143.367,1038.03,-51.5044,116.198,1031.65,0.0993876,130.68,1002.41,-49.1052,111.32,1013.47,-2.26301,128.894,1032.9,-37.1548,91.3707,1030.07,-18.1756,93.0051,1038.43,-40.1062,51.7028,1022.48,-20.1643,55.5354,1058.73,-42.9403,9.49223,1015.68,-19.8034,20.8317,994.027,-70.6731,67.1078,989.568,-70.6989,54.9333,998.146,-84.6044,51.0992,989.535,-80.5775,67.9458,0,0,0
005089:1022.37,-38.2027,157.728,1023.67,-41.0862,160.767,1022.72,-35.8925,161.348,1034.97,-43.1833,158.25,1028.66,-29.7083,161.032,1042.81,-46.9906,139.194,1037.87,-16.3707,143.596,1035.93,-53.244,116.376,1040.52,1.09541,127.056,1014.75,-51.2323,107.213,1004.22,-2.28328,131.41,1030.82,-37.2723,91.7572,1027.11,-18.2074,93.0289,1031.88,-39.6538,53.6514,1034.71,-20.9609,51.0851,1030.96,-39.6924,15.9201,1038.96,-23.6557,10.8495,995.898,-68.8576,66.4054,988.047,-69.1014,53.918,988.498,-82.2709,53.4144,986.713,-79.9471,68.012,0,0,0
005090:1023.08,-36.6453,158.603,1026.13,-39.8839,160.943,1024.33,-34.2344,162.126,1035.24,-43.6322,157.797,1033.15,-28.4774,160.606,1042.16,-47.2893,137.681,1040.88,-17.2864,143.479,1036.53,-51.8761,114.765,1038.79,-1.57023,129.314,1011.61,-49.8553,107.279,1011.34,-2.05135,131.173,1030.27,-36.6851,91.8679,1028.54,-17.3909,94.4876,1038.1,-39.7604,51.0363,1024.51,-19.992,56.6006,1041.64,-40.2431,11.071,1019.41,-22.0314,20.0123,991.018,-67.7411,67.3364,985.778,-68.61,53.9607,987.779,-81.5741,53.1035,982.375,-78.1602,68.7243,0,0,0
005091:1026.98,-38.4249,156.608,1029.8,-41.7274,159.414,1026.49,-36.002,160.449,1040.74,-43.6953,156.997,1031,-29.6672,160.691,1039.95,-45.5706,140.081,1041.04,-16.8461,143.266,1035.08,-51.8712,118.096,1036.86,0.463029,129.425,1003.18,-47.6846,115.086,1005.23,-2.07241,130.289,1031.03,-36.7915,91.9815,1026.65,-17.9423,92.8932,1035.47,-40.7381,53.8777,1025.53,-19.1584,52.9232,1053.76,-43.4003,14.9284,1019.02,-19.2209,18.8512,990.86,-67.1671,66.9843,984.268,-68.2376,54.6734,987.305,-81.2474,53.4468,982.375,-78.1602,68.7243,967.591,-55.6558,81.8881
005092:1022.48,-37.5001,157.117,1026.91,-40.3252,159.261,1022.68,-35.2334,160.723,1035.85,-43.0682,157.286,1030.75,-29.328,160.4,1038.23,-45.7256,140.488,1043.78,-16.6513,143.327,1038.9,-52.3156,119.471,1037.79,0.441475,130.658,1011.83,-47.2847,117.527,1015.76,-0.237113,130.123,1035.36,-35.8382,90.4452,1034.67,-16.8839,91.4771,1033.94,-39.5502,52.6783,1020.55,-20.9293,55.5516,1062.33,-41.6903,8.04942,1018.7,-21.3164,18.9239,992.913,-66.1176,66.7223,975.881,-66.0752,57.0301,980.746,-78.1345,52.7361,980.129,-76.8934,68.9409,970.561,-56.3844,80.4949
005093:1016.42,-37.1599,159.532,1019.84,-40.6916,162.132,1017.86,-34.9142,162.817,1035.18,-43.5896,158.353,1029.63,-29.5389,161.101,1039.58,-45.912,139.539,1043.05,-17.2638,142.576,1034.02,-51.064,115.04,1042.33,0.377771,128.412,1000.22,-47.3614,103.613,1006.39,-1.38843,130.342,1028.69,-36.4706,91.9207,1026.04,-17.7546,92.5503,1034.7,-40.4055,53.543,1024.72,-19.0149,52.3372,1052.3,-42.7213,14.8058,1019.26,-19.4958,18.1335,990.455,-63.8891,66.6359,978.616,-63.1714,56.072,976.504,-77.1238,53.6427,980.403,-75.8782,68.276,964.029,-56.1346,81.6214
005094:1023.55,-36.9334,158.334,1027.62,-40.1365,160.411,1024.28,-34.6416,161.753,1036.52,-43.2194,157.411,1033.21,-29.0028,160.368,1038.89,-45.3416,139.291,1039.43,-17.7776,144.093,1038.66,-50.6919,116.739,1031.34,-1.54189,132.659,1010.71,-46.3894,111.337,1010.71,-0.192143,131.14,1033.3,-35.7106,91.8305,1030.39,-17.5634,93.8891,1038.09,-38.9119,52.0946,1023.05,-20.4435,55.6433,1052.96,-41.2217,11.6515,1014.16,-20.9636,21.3246,986.158,-62.9126,67.5134,975.444,-62.252,56.8677,968.05,-74.5466,55.4572,981.418,-74.5471,66.4321,966.668,-56.8696,79.0972
005095:1027.9,-38.7525,156.926,1031.25,-41.9764,159.345,1028.57,-36.0309,160.578,1037.72,-44.4916,157.123,1034.75,-29.132,160.035,1036.59,-45.389,139.178,1040.73,-17.3221,143.495,1033.36,-49.77,116.023,1034.18,-0.596655,131.657,1006.52,-46.2914,106.468,1010.58,-0.716211,130.838,1032.37,-36.0375,91.9451,1030.98,-17.2764,93.6262,1038.07,-40.3148,52.5212,1021.74,-19.2272,56.7433,1064.03,-44.0009,9.00099,1018.7,-19.8393,21.3631,981.915,-61.7487,68.5718,982.624,-61.2685,55.4143,963.739,-73.1797,55.9933,980.778,-74.613,66.0383,966.331,-55.6835,77.3526
005096:1026.56,-37.9311,156.879,1029.62,-41.1202,159.64,1026.69,-35.6223,160.469,1040.49,-43.2244,157.282,1031.21,-29.8147,160.543,1036.87,-45.6575,141.148,1042.3,-17.2585,143.115,1027.75,-51.7038,119.525,1044,0.191142,128.679,1000.29,-46.4322,111.651,1009.75,-1.06039,130.095,1031.34,-36.6828,92.5243,1029.19,-18.0301,92.7801,1036.15,-40.5944,53.7348,1024.89,-19.1487,52.7967,1055.92,-44.4795,13.2167,1020.36,-19.8718,17.0661,969.412,-58.8645,71.7877,972.597,-58.4049,58.0426,969.029,-71.0677,52.2585,978.18,-73.986,66.7526,965.893,-56.8834,76.2511
005097:1028.15,-38.0435,157.727,1030.83,-40.9744,160.173,1029.94,-35.5882,160.985,1036.29,-43.2896,157.993,1037.57,-29.3046,159.808,1036.36,-45.4268,140.183,1042.26,-16.9393,143.49,1031.96,-50.0528,118.372,1034.59,-0.260352,131.706,1004.71,-43.6063,112.727,1012.16,-0.129911,131.828,1029.86,-35.7876,92.768,1029.43,-16.8787,94.0114,1034.62,-40.0122,53.1843,1017.17,-19.2778,57.4475,1066.4,-43.3677,7.38847,1017.06,-20.087,20.5552,974.447,-58.3451,70.6072,964.929,-56.6134,60.4139,963.886,-68.3122,54.2111,971.292,-71.4219,68.3368,965.432,-56.8901,74.5387
005098:1025.09,-37.6449,157.147,1026.55,-40.9261,160.15,1025.82,-35.4346,160.591,1036.7,-43.1502,157.615,1032.14,-29.7509,160.14,1037,-45.3317,140.152,1041.25,-17.1343,143.076,1030.17,-50.0779,116.948,1034.67,0.680306,131.319,997.47,-43.5968,109.729,1009.55,-0.604618,131.4,1028.98,-36.4678,92.368,1026.64,-17.7689,92.8385,1032.34,-40.3361,55.0992,1023.09,-18.2404,53.3075,1061.3,-45.2772,12.7159,1019.11,-19.0264,17.6215,967.764,-56.7985,72.5252,964.956,-56.6122,60.5052,963.275,-67.0505,54.3872,967.121,-69.8654,69.3909,968.544,-57.6218,73.7088
005099:1012.42,-37.4303,159.912,1020.93,-40.5537,161.154,1014.37,-35.1921,163.041,1038.16,-43.3891,156.824,1029.16,-29.4109,160.733,1041.78,-45.2936,138.848,1043.1,-16.9801,142.61,1032.35,-50.2,119.858,1035.89,-1.0704,131.263,999.577,-43.7064,118.453,1005.02,0.0499959,133.52,1030.73,-36.315,92.5628,1026.31,-17.6522,94.353,1036.79,-40.0065,53.3751,1008.96,-19.4125,59.3014,1071.74,-43.2844,6.81617,1013.83,-20.7411,20.3406,964.025,-55.2672,75.0276,954.894,-51.9813,64.7157,951.668,-62.9423,58.3864,960.829,-66.8866,70.9316,968.208,-56.4333,71.9589
005100:1021.83,-36.5096,158.086,1026.06,-39.8166,160.187,1023.85,-34.2292,161.243,1035.12,-43.1651,157.409,1034.04,-28.8127,159.757,1037.93,-45.5613,139.531,1043.48,-17.1231,142.63,1032.3,-49.6673,119.001,1036.91,-0.931728,130.764,997.79,-41.3071,119.195,1007.86,-0.598081,133.242,1033.69,-36.4237,91.9466,1032.4,-17.5182,93.1798,1038.51,-39.8982,52.9252,1016.99,-19.657,57.3094,1066.48,-43.1198,7.95673,1011.64,-20.5856,20.8633,962.762,-51.6357,76.0065,954.56,-49.7275,64.5943,952.334,-62.8726,58.9485,963.233,-63.3844,73.1414,964.804,-56.9042,72.2698
005101:1026.37,-36.9291,158.333,1027.18,-39.3531,161.832,1027.71,-34.4703,162.344,1029.98,-42.5057,160.038,1028.14,-28.3627,162.263,1028.15,-43.3088,141.398,1038.28,-16.3643,144.811,1018.78,-45.1463,121.898,1038.84,2.72967,132.298,997.73,-41.6959,109.651,1010.08,0.261945,133.13,1033.31,-34.7444,92.2545,1034.79,-16.0952,93.7976,1036.79,-39.0403,51.9522,1023.99,-17.536,55.4859,1049.44,-42.3278,14.6279,1021.25,-20.2985,18.5078,967.366,-48.506,78.2846,960.523,-49.0675,66.1217,954.988,-61.4669,63.3982,961.797,-60.9286,75.5226,959.037,-55.4581,75.6786
005102:1023.02,-36.2353,159.017,1026.99,-39.3585,161.265,1027.71,-34.4703,162.344,1029.8,-42.5111,159.47,1028.14,-28.3627,162.263,1031.52,-44.0224,140.671,1034.8,-16.9399,145.547,1018.76,-45.1524,121.918,1035.37,2.11007,133.061,994.632,-40.9977,111.019,1010.23,0.261267,133.71,1033.13,-34.751,91.6751,1034.61,-16.1017,93.2163,1029.61,-38.863,53.2867,1027.44,-18.204,54.5427,1045.9,-41.5915,15.679,1021.07,-20.3064,17.9198,964.338,-46.6095,79.1003,957.349,-47.1804,66.4063,958.345,-59.8178,62.4549,961.913,-58.5491,74.8765,959.471,-54.2629,76.776
005103:1023.02,-36.2353,159.017,1023.73,-39.8719,162.527,1024.37,-33.7818,163.02,1029.98,-42.5057,160.038,1028.29,-28.3626,162.848,1031.52,-44.0224,140.671,1038.28,-16.3643,144.811,1015.28,-44.4393,122.096,1038.84,2.72967,132.298,994.729,-39.7896,110.996,1013.09,-0.356559,131.231,1033.31,-34.7444,92.2545,1034.79,-16.0952,93.7976,1033.33,-38.3224,52.9017,1023.84,-17.5349,54.8877,1045.9,-41.5915,15.679,1021.07,-20.3064,17.9198,961.733,-43.5237,81.0179,958.034,-44.7855,68.0382,955.688,-57.897,64.4235,959.395,-56.6319,77.3938,950.273,-53.3076,79.868
005104:1023.2,-36.23,159.583,1027.18,-39.3531,161.832,1024.55,-33.7766,163.586,1029.98,-42.5057,160.038,1031.66,-29.0411,162.17,1031.7,-44.0166,141.242,1041.72,-17.0233,144.081,1022.24,-44.6372,121.104,1035.37,2.11007,133.061,994.903,-39.7833,111.559,1016.42,-0.978895,130.488,1036.75,-35.4488,91.4025,1038.26,-16.7591,92.9438,1033.33,-38.3224,52.9017,1031.07,-18.8677,54.1812,1042.37,-40.8587,16.7253,1024.53,-20.9844,16.8841,958.935,-42.8264,82.9793,952.223,-42.2159,70.8807,952.825,-54.8126,65.2462,959.518,-55.4439,77.3616,950.815,-50.9385,80.9298
005105:1019.88,-35.5393,160.263,1023.83,-38.6544,162.507,1024.55,-33.7766,163.586,1029.98,-42.5057,160.038,1028.29,-28.3626,162.848,1028.15,-43.3088,141.398,1034.8,-16.9399,145.547,1018.72,-43.9296,121.305,1039,2.72922,132.889,994.824,-38.5814,110.974,1016.61,0.248948,131.056,1033.13,-34.751,91.6751,1034.61,-16.1017,93.2163,1033.33,-38.3224,52.9017,1023.84,-17.5349,54.8877,1049.27,-42.3361,14.0312,1024.58,-19.7298,16.8705,956.358,-39.7531,84.8661,952.741,-39.8291,71.939,950.645,-51.7026,68.2569,954.077,-51.6285,80.6299,941.508,-48.85,82.8534
005388:438.003,154.307,-0.1198
