007540:1248.49,130.343,151.362,1253.16,130.651,154.631,1245.53,132.713,154.38,1254.02,128.968,153.977,1242.18,140.369,148.376,1254.92,123.17,133.401,1247.84,139.878,127.176,1245.99,125.467,119.644,1195.38,146.532,128.817,1292.32,127.131,130.001,1211.49,140.051,145.347,1237.87,133.555,83.6997,1234.76,141.725,84.1473,1267.08,134.92,39.917,1200.57,124.94,54.5385,1252.59,153.73,21.9017,1186.51,125.577,20.9606,1274.82,122.522,165.495,1276.84,114.618,176.28,1250.09,122.371,191.003,1263.61,131.284,177.234,0,0,0
007541:1248.54,129.819,151.391,1251.27,130.194,155.224,1251.55,132.677,153.195,1256.58,129.563,153.515,1253.25,140.766,146.69,1254.73,123.165,132.811,1245.13,140.479,128.116,1247.19,125.758,119.187,1195.38,146.532,128.817,1293.82,127.854,130.564,1217.54,141.567,144.86,1237.87,133.555,83.6997,1238.43,142.248,83.327,1265.67,135.438,40.6825,1199.2,123.414,55.8007,1255.4,153.55,21.1778,1190.25,126.447,20.367,1278.52,122.991,163.814,1271.31,116.324,178.012,1257.49,124.521,189.228,1262.86,132.892,176.111,0,0,0
007542:1250.85,130.025,151.165,1249.14,130.636,154.313,1241.02,133.685,154.312,1257.25,129.581,155.582,1250.49,140.156,146.392,1258.81,124.046,132.838,1245.09,140.883,128.327,1249.9,126.347,119.248,1204.05,148.644,128.06,1298.09,128.767,130.59,1218.87,143.441,145.377,1237.87,133.555,83.6997,1239.76,142.555,83.237,1257.39,136.064,43.337,1207.95,126.689,52.7264,1255.4,153.55,21.1778,1191.52,126.738,20.2323,1274.31,124.155,164.963,1277.46,117.766,175.748,1254.57,126.347,190.271,1253.86,134.036,179.853,0,0,0
007543:1247.64,132.089,152.908,1258.9,135.377,153.16,1256.72,137.455,150.6,1255.2,129.742,155.95,1251.82,140.461,146.349,1260.19,123.934,132.574,1239.63,142.077,130.005,1246.07,127.496,121.472,1203.74,151.003,129.059,1298.09,128.767,130.59,1175.96,134.581,150.742,1237.87,133.555,83.6997,1242.24,143.169,82.4714,1298.35,133.074,35.3584,1206.64,126.798,53.0503,1256.87,153.461,21.0175,1173.9,128.217,25.3065,1278.28,125.456,164.691,1277.71,117.771,176.535,1254.45,126.345,189.885,1257.38,134.928,178.247,0,0,0
007544:1247.09,130.034,152.099,1255.01,132.083,153.823,1247.61,136.553,152.568,1255.45,130.121,155.905,1251.03,140.914,146.494,1252.08,124.609,134.547,1247.35,143.224,133.035,1247.55,127.39,121.593,1199.67,152.049,130.126,1299.44,129.073,130.335,1218.93,143.443,145.57,1267.06,141.745,77.6574,1240.57,144.09,82.2627,1296.2,133.239,36.0466,1203.92,127.416,53.7175,1258.35,153.373,20.8569,1181.28,129.958,24.1464,1278.82,125.879,166.682,1269.87,119.304,179.896,1259.08,129.54,188.949,1256.49,135.447,180.246,0,0,0
007545:1240.85,131.997,155.302,1261.51,135.655,155.454,1246.21,137.084,153.912,1268.9,133.688,151.579,1250.26,142.816,148.988,1252.24,125.02,135.346,1247.28,143.192,133.316,1250.41,127.175,121.441,1182.48,148.339,130.007,1299.55,129.072,130.731,1224.01,144.651,145.209,1240.1,133.475,86.1598,1238.14,144.689,84.2607,1294.34,133.438,38.7136,1204.67,128.205,57.2044,1250.18,153.789,19.0344,1182.48,130.251,23.8253,1284.38,127.075,166.76,1276.71,120.772,179.809,1263.19,129.219,188.295,1266.98,137.866,179.328,0,0,0
007546:1247.89,131.668,154.155,1246.26,131.181,157.583,1250.92,137.911,153.021,1263.08,133.131,155.29,1256.85,144.495,146.344,1250.92,125.54,136.016,1247.22,143.221,132.641,1262.74,129.862,121.658,1198.47,152.136,130.759,1297.08,129.296,132.667,1224.01,144.651,145.209,1231.25,133.673,85.3876,1238.3,144.688,84.8399,1279.46,134.493,40.9761,1199.79,128.644,59.6447,1298.13,163.196,3.06487,1186.2,131.134,23.1929,1281.54,127.708,167.451,1278.57,122.306,182.188,1268.94,132.052,190.467,1273.31,138.982,177.468,0,0,0
007547:1244.15,131.188,154.139,1241.03,131.51,157.906,1237.81,134.751,156.057,1256.49,132.469,157.788,1256.85,144.495,146.344,1250.92,125.54,136.016,1245.85,143.317,132.905,1260.16,130.083,122.8,1198.47,152.136,130.759,1292.53,130.463,133.129,1222.93,144.752,146.234,1231.25,133.673,85.3876,1238.91,144.691,86.9815,1291.68,133.647,40.4187,1189.13,126.038,63.1467,1259.76,153.282,20.4933,1195.36,133.978,22.4548,1281.2,129.348,167.511,1276.57,123.226,181.059,1268.03,135.286,189.988,1257.14,138.97,180.538,0,0,0
007548:1249.28,132.545,153.577,1247.75,132.915,156.967,1240.96,136.018,157.305,1252.58,132.789,159.107,1251.29,141.675,150.468,1253.76,126.13,136.492,1244.49,143.413,133.169,1258.78,130.191,123.073,1200.92,152.746,130.466,1291.87,129.232,131.788,1202.75,146.015,137.682,1231.25,133.673,85.3876,1233.65,145.075,88.771,1289.74,133.344,38.5356,1200.07,128.66,60.4319,1264.2,152.94,17.1756,1196.97,135.044,22.8462,1277,130.493,168.841,1279.17,124.228,180.845,1255.24,133.896,193.399,1263.36,140.889,179.292,0,0,0
007549:1245.58,132.342,154.508,1244.6,132.806,157.785,1237.27,135.445,158.115,1252.58,132.789,159.107,1260.54,143.947,149.362,1263.01,128.211,135.549,1238.27,147.523,139.309,1253.21,130.618,123.963,1194.75,153.186,132.719,1295.18,130.236,132.382,1206.6,145.98,151.749,1223.56,134.305,88.3588,1233.81,145.076,89.3528,1288.15,135.962,40.6294,1199.88,128.666,59.6733,1290.8,159.817,4.64685,1200.7,135.939,22.0628,1287.95,132.094,167.809,1279.27,125.052,181.664,1256.51,134.195,193.199,1260.6,141.485,180.135,0,0,0
007550:1240.56,132.552,155.524,1249.53,132.154,155.413,1237.08,135.434,157.607,1256.74,133.688,159.582,1246.55,141.468,151.719,1264.36,128.51,135.497,1240.78,148.138,138.826,1250.52,130.831,124.698,1193.6,153.28,133.37,1301.27,131.091,134.531,1207.8,146.281,151.524,1231.41,134.084,86.1936,1232.7,145.175,90.434,1305.57,134.675,35.9812,1215.67,127.809,57.1983,1264.2,152.94,17.1756,1192.91,136.17,24.8512,1281.13,133.864,170.627,1274.64,126.604,181.786,1242.57,132.535,196.4,1266.91,141.921,182.388,0,0,0
007551:1272.14,135.556,149.998,1274.52,136.675,153.32,1254.54,140.125,156.171,1263.97,135.963,159.292,1268.11,144.613,148.229,1264.42,128.509,135.691,1242.84,148.742,136.968,1253.14,130.614,123.762,1209.89,157.673,132.946,1286.15,132.665,138.291,1210.12,147.268,150.981,1228.76,135.124,88.1133,1232.7,145.175,90.434,1293.38,136.363,38.0387,1217.42,127.677,57.0918,1264.2,152.94,17.1756,1193.02,136.173,25.1863,1280.69,134.675,169.863,1274.71,127.422,182.597,1250.32,135.522,196.797,1274.53,144.58,181.348,0,0,0
007552:1258.55,136.213,154.106,1250.31,136.373,159.896,1254.94,140.502,156.721,1267.18,136.954,160.056,1252.1,145.696,150.556,1260.21,128.834,136.28,1242.97,148.745,137.361,1253.26,130.618,124.157,1214.4,158.231,134.615,1286.15,132.665,138.291,1213.88,148.579,151.183,1236.4,134.969,87.3708,1232.94,145.18,91.2166,1293.04,137.625,37.9069,1217.42,127.677,57.0918,1264.09,152.936,16.8264,1190.98,136.353,26.4488,1282.16,134.573,169.825,1278.74,129.548,183.182,1262.75,138.936,194.073,1267.08,147.076,182.553,0,0,0
007553:1253.44,136.896,157.761,1251.64,136.273,161.162,1257.08,140.916,157.833,1259.21,135.976,162.481,1255.07,146.317,151.495,1255.89,129.154,136.472,1243.03,148.747,137.557,1254.76,130.514,124.28,1208.82,158.548,134.769,1286.15,132.665,138.291,1223.87,152.215,151.134,1226.59,135.749,90.638,1233.3,145.189,92.3927,1290.68,136.156,39.1259,1216.34,127.782,58.3758,1291.51,159.901,5.80505,1200.38,139.235,26.4039,1289.7,136.527,172.085,1282.27,129.757,185.309,1257.57,140.951,197.119,1268.69,147.796,183.721,0,0,0
007554:1262.93,135.933,155.207,1257.36,135.562,158.692,1248.33,139.107,159.965,1259.21,135.976,162.481,1255.11,146.318,151.643,1256.25,129.16,137.647,1240.79,149.337,140.024,1257.8,130.716,124.937,1207.94,158.642,136.376,1290.43,133.584,138.532,1217.87,152.67,154.292,1235.24,135.397,85.7696,1234.67,145.498,92.507,1296.69,135.734,38.3284,1222.46,128.03,55.6199,1266.64,152.783,16.5433,1194.2,140.521,29.5218,1289.53,137.35,172.121,1271.54,130.623,188.449,1256.32,141.049,197.711,1268.29,148.599,183.162,0,0,0
007555:1258.17,135.527,157.815,1272.67,139.728,157.853,1256.11,140.895,159.672,1257.98,135.674,162.897,1264.29,148.498,150.655,1256.44,129.166,138.238,1223.77,146.817,143.465,1256.32,131.228,125.221,1206.85,158.725,137.387,1286.87,133.921,141.526,1214.56,152.854,153.689,1273.1,144.142,81.792,1238.67,146.423,92.4513,1290.86,136.159,39.7363,1217.34,132.172,59.423,1286.03,156.873,9.65415,1196.94,141.129,29.9385,1294.96,136.931,170.373,1284.29,131.981,184.325,1249.58,142.737,199.95,1254.83,148.723,185.581,0,0,0
007556:1257.81,138.387,159.891,1273.78,141.314,160.392,1262.24,143.264,159.512,1257.01,135.376,164.14,1264.69,148.506,151.933,1251.6,129.614,141.238,1231.47,150.37,142.601,1249.47,131.759,126.569,1205.9,160.782,140.606,1288.26,134.228,141.478,1217.87,152.67,154.292,1237.78,136.001,85.2068,1242.64,147.354,92.2069,1290.67,136.153,39.1222,1222.11,128.996,61.3563,1264.09,152.936,16.8264,1199,143.741,30.6274,1283.91,138.171,173.475,1273.6,132.03,186.895,1253.68,143.25,200.114,1270.79,152.065,184.821,0,0,0
007557:1261.58,140.153,160.61,1268.56,140.937,162.984,1267.32,145.34,160.261,1264.8,136.447,164.664,1271.66,150.073,152.511,1251.71,129.613,141.623,1233.11,151.884,144.733,1256.48,131.64,126.025,1205.9,160.782,140.606,1291.32,134.844,142.368,1222.03,154.382,156.108,1240.37,136.607,84.8359,1242.64,147.354,92.2069,1295.54,136.264,40.1253,1211.45,129.809,62.6137,1267.71,153.015,16.8752,1220.43,143.04,27.3487,1282.22,140.319,174.381,1283.31,134.561,187.603,1267.43,146.624,197.007,1269.52,152.158,185.439,0,0,0
007558:1257.5,137.635,159.883,1251.87,137.611,165.974,1256.85,142.777,162.882,1273.73,139.422,164.545,1251.38,151.449,157.908,1244.81,132.564,144.528,1236.17,151.705,145.558,1261.8,133.257,125.813,1207.26,161.093,140.934,1294,135.46,141.879,1221.02,154.073,157.083,1236.41,136.916,86.1376,1248.15,148.607,92.4732,1302.24,137.846,37.8704,1210.71,129.531,64.4737,1259.2,153.243,18.1345,1192.2,144.982,31.7649,1286.84,141.666,176.298,1277.74,135.385,188.894,1248.14,145.232,201.784,1267.2,153.152,188.055,0,0,0
007559:1256.37,138.859,161.886,1255.76,139.006,165.172,1247.44,142.976,165.93,1265.46,140.025,166.28,1251.34,151.448,157.761,1257.63,135.57,142.339,1236.12,152.104,145.767,1268.75,135.597,126.732,1208.52,161.404,140.889,1290.04,136.612,144.298,1223.18,154.789,160.308,1235.12,137.019,86.6358,1249.43,148.92,92.1961,1302.29,137.845,38.0725,1209.51,129.641,65.1783,1267.09,155.177,16.1421,1194.67,145.589,31.3233,1288.26,141.567,176.065,1276.57,137.122,191.123,1250.62,150.538,200.625,1261.06,154.705,188.02,0,0,0
007560:1247.34,139.774,165.818,1241.74,140.46,169.769,1241.22,143.323,167.826,1263.43,140.175,166.786,1251.34,151.448,157.761,1255.12,134.967,143.015,1228.38,152.641,148.246,1274.65,136.834,127.892,1199.37,162.744,143.589,1290.24,137.027,145.305,1210.68,156.409,147.865,1242.06,136.567,87.2781,1249.48,148.919,92.3899,1305.44,138.062,38.4097,1209.51,129.641,65.1783,1259.42,153.25,18.8311,1198.2,145.732,30.6091,1289.97,142.294,177.443,1279.18,138.548,191.33,1257.16,152.089,200.419,1278.03,157.609,185.089,0,0,0
007561:1250.23,141.43,165.208,1250.76,143.858,168.943,1259.16,148.341,164.354,1258.6,140.555,168.708,1255.72,151.179,157.94,1254.1,134.672,144.041,1229.66,152.949,148.199,1273.38,136.941,128.562,1203.89,162.519,144.602,1298.39,138.437,143.453,1207.85,156.545,163.213,1235.49,137.03,87.8175,1248.2,148.606,92.6669,1296.5,140.658,35.5274,1213.37,129.224,60.9835,1259.42,153.25,18.8311,1204.25,146.494,29.3987,1278.43,144.296,179.519,1279.07,138.548,190.943,1259.2,153.91,199.498,1268.76,158.218,188.234,0,0,0
007562:1268.85,146.175,162.698,1261.5,145.829,166.789,1258.22,148.625,166.471,1258.4,142.603,170.977,1236.68,147.618,163.753,1259.34,135.881,143.472,1219.25,153.65,150.951,1275.2,136.828,128.898,1211.58,164.395,144.907,1299.94,138.908,149.418,1216.37,156.79,162.327,1244.66,136.445,89.1708,1226.85,150.085,98.7594,1317.84,140.955,34.8096,1209.51,129.641,65.1783,1242.87,154.339,24.2169,1210.66,148.029,28.7573,1290,144.76,179.512,1275.12,141.702,194.628,1263.26,155.254,200.081,1268.37,159.021,187.688,0,0,0
007563:1253.48,144.01,166.428,1266.27,147.184,167.761,1263,150.492,164.72,1260.96,143.216,170.542,1247.88,151.728,160.581,1263.6,136.794,144.113,1244.72,152.783,146.823,1284.76,136.128,127.058,1211.58,164.395,144.907,1298.8,139.016,150.673,1211.56,157.135,164.614,1235.56,137.146,92.9833,1244.5,147.674,93.8913,1317.78,140.953,34.6018,1208.42,129.699,67.0421,1254.78,153.567,20.7774,1215.35,149.754,30.3604,1287.49,144.547,180.739,1272.26,141.491,194.462,1259.52,155.523,201.886,1261.93,159.447,190.348,0,0,0
007564:1260.24,143.937,165.981,1259.11,145.71,170.009,1258.39,149.252,167.259,1259.02,141.766,171.297,1254.75,153.289,161.376,1266.5,136.591,143.991,1238.08,153.629,148.882,1262.71,137.771,132.296,1211.71,164.398,145.293,1298.8,139.016,150.673,1211.57,159.102,166.422,1241,138.356,93.2317,1241.97,147.054,94.4456,1307.86,141.688,38.7663,1215.17,131.425,63.6617,1249.7,152.446,20.0071,1217.9,151.149,29.3788,1289.56,147.214,180.19,1284.31,142.631,192.557,1264.94,156.783,202.26,1258.81,160.919,195.319,0,0,0
007565:1266.8,144.657,163.865,1266.85,146.813,170.531,1258.48,149.256,167.511,1264.13,142.999,170.206,1253.96,153.362,162.296,1262.11,136.206,148.12,1227.4,154.326,151.065,1270.28,137.271,132.933,1207.83,164.633,146.235,1298.8,139.016,150.673,1218.21,161.047,167.801,1241,138.356,93.2317,1236.17,145.502,97.7354,1300.68,142.203,41.1534,1211.19,131.741,64.6093,1257.04,153.404,19.6555,1211.61,151.631,33.1975,1290.04,148.45,182.794,1279.36,143.039,195.412,1271.51,157.965,201.468,1275.12,162.642,189.648,0,0,0
007566:1260.43,146.397,169.071,1265.86,148.102,171.93,1254.2,150.363,169.627,1262.24,144.369,172.089,1254.01,153.363,162.444,1262.37,136.213,148.909,1227.4,154.326,151.065,1274.64,138.202,133.576,1199.06,165.182,149.119,1299.02,139.016,151.461,1209.14,161.611,169.803,1241.17,138.359,93.8196,1236.34,145.505,98.3215,1305.1,141.898,40.0948,1209.32,131.311,64.7584,1287.52,160.913,11.6543,1218.99,151.212,33.9376,1284.6,149.238,184.714,1288.89,145.217,195.177,1278.33,159.968,202.067,1272.14,164.018,190.55,0,0,0
007567:1253.68,144.47,169.873,1257.03,144.429,172.468,1246.94,146.862,172.811,1258.89,144.662,175.441,1254.06,153.363,162.635,1262.37,136.213,148.909,1237.7,156.819,150.563,1277.18,139.637,133.5,1221.18,166.636,146.884,1289.66,139.744,155.237,1209.07,161.609,169.611,1240,138.465,94.7068,1241.86,146.747,98.7969,1297.55,139.973,44.6809,1219.45,133.617,64.2481,1255.96,152.277,21.6211,1224.25,152.46,33.629,1288.98,148.963,184.434,1287.32,146.126,195.609,1277.32,160.465,203.866,1265.5,164.425,192.631,0,0,0
007568:1259.45,146.093,170.264,1252.87,147.429,175.407,1262.7,151.032,170.053,1250.26,142.903,176.859,1254.06,153.363,162.635,1269.22,138.149,149.311,1237.7,156.819,150.563,1274.75,139.837,135.399,1210.05,168.01,147.831,1291.98,139.471,151.289,1229.6,165.85,169.346,1240,138.465,94.7068,1241.24,146.729,96.8218,1301.66,140.928,43.7049,1218.11,133.721,64.5647,1255.98,151.475,22.4599,1226.98,153.089,33.7697,1294.33,150.23,183.793,1275.23,146.17,198.677,1272.77,162.324,204.762,1268.42,165.476,193.798,0,0,0
007569:1261.79,147.17,171.811,1261.7,148.846,175.264,1250.07,151.092,172.932,1279.34,147.648,171.957,1242.87,154.921,166.702,1269.22,138.149,149.311,1244.25,158.795,150.777,1276.34,140.148,136.131,1210.11,168.404,148.425,1299.48,138.933,149.842,1224.3,165.368,169.499,1240.11,138.466,95.0969,1239.39,146.942,100.169,1305.94,141.464,42.9027,1215.51,133.93,65.3924,1257.61,152.814,19.2269,1227.08,153.087,34.1575,1283.58,151.378,187.963,1279.65,146.704,199.434,1263.83,162.101,207.927,1264.39,166.116,195.247,0,0,0
007570:1251.6,146.285,173.778,1262.71,148.397,175.898,1257.05,151.515,171.931,1253.2,145.102,177.945,1248.56,154.981,166.847,1269.22,138.149,149.311,1202.11,148.256,157.639,1285.37,139.464,133.251,1214.06,169.356,148.872,1287.09,140.363,156.945,1222.92,165.447,169.549,1281.47,148.092,90.6076,1244.96,148.187,100.839,1305.94,141.464,42.9027,1211.62,134.645,66.9434,1252.74,151.326,24.9963,1227.08,153.087,34.1575,1287.83,151.105,187.293,1280.88,149.454,201.077,1274.18,164.666,206.798,1281.79,168.74,193.197,0,0,0
007571:1256.41,146.813,172.957,1256.03,146.851,175.874,1244.45,149.915,175.569,1260.89,148.166,177.849,1240.5,152.811,170.734,1269.48,140.197,151.754,1245.93,159.11,152.073,1270.15,140.252,139.8,1217.09,170.006,150.342,1292.42,141.61,156.019,1219.26,165.686,171.208,1240.11,138.466,95.0969,1245.12,148.185,101.418,1312.97,143.069,41.665,1210.35,135.553,68.0757,1251.49,151.006,25.525,1227.25,153.089,34.7487,1286.12,153.647,188.612,1275.28,149.82,201.919,1276.58,166.519,207.045,1278.9,168.882,193.591,0,0,0
007572:1257.27,148.242,173.719,1250.95,148.374,178.467,1249.94,150.831,176.372,1251.62,148.788,179.385,1251.96,155.618,169.349,1265.48,140.497,153.089,1245.82,159.223,156.104,1267.43,140.454,140.52,1219.52,170.644,149.89,1296.26,142.548,154.729,1210.55,166.234,174.345,1240.11,138.466,95.0969,1245.24,148.186,101.809,1295.78,144.287,47.5101,1210.35,135.553,68.0757,1251.49,151.006,25.525,1224.13,153.377,38.9393,1280.59,155.225,190.924,1283.01,152.519,201.176,1282.15,167.821,207.629,1271.72,170.469,195.321,0,0,0
007573:1258.03,149.045,173.94,1260.75,152.171,179.838,1258.97,154.943,175.349,1259.71,148.232,177.578,1261.13,157.829,168.784,1260.01,140.894,154.28,1239.12,158.46,157.838,1270.59,140.263,141.187,1215.98,170.875,151.987,1298.94,143.176,154.259,1218.99,168.44,172.889,1240.27,138.465,95.6759,1245.49,148.194,102.6,1296.04,144.283,48.5144,1231.64,140.539,65.6891,1250.88,152.466,24.0332,1229.36,154.635,38.4512,1293.1,156.475,189.986,1284.69,154.469,203.586,1271.79,169.258,212.644,1266.68,171.183,198.175,0,0,0
007574:1259.49,152.159,175.593,1263.83,153.561,179.443,1265.53,156.523,174.856,1250.95,148.483,181.602,1256.29,158.155,170.705,1260.07,140.896,154.477,1239.96,158.335,154.979,1269.37,140.364,142.034,1215.92,170.873,151.793,1298.11,143.705,156.738,1220.22,169.152,173.086,1241.85,138.766,96.5607,1245.49,148.194,102.6,1293.07,144.899,49.4275,1218.17,137.676,69.327,1254.23,150.858,25.9502,1229.68,155.05,39.8643,1294.37,156.796,189.586,1280.89,156.37,206.848,1274.41,169.909,212.465,1277.53,173.41,198.14,0,0,0
007575:1268.96,152.759,175.691,1262.16,152.48,180.142,1266.62,157.671,175.994,1267.09,147.359,177.742,1258.31,160.362,169.001,1261.84,140.808,155.413,1195.9,149.026,161.002,1285.89,139.191,139.437,1223.2,171.6,149.378,1299.68,144.02,157.292,1216.44,169.379,174.349,1242.97,138.658,95.477,1245.81,148.191,103.758,1297.26,145.86,48.8685,1218.1,137.677,69.0481,1254.49,150.858,26.8886,1235.08,156.726,40.1969,1285.59,157.716,190.536,1280.56,156.362,205.857,1270.04,170.532,212.89,1271.45,173.686,197.605,0,0,0
007576:1259.08,152.605,177.109,1259.82,153.449,181.416,1265.41,157.351,176.486,1266.02,152.812,174.189,1263.64,160.892,170.374,1263.39,141.112,156.143,1233.83,158.368,157.741,1279.55,139.649,140.77,1220.55,172.14,150.284,1301.31,145.58,159.093,1120.23,146.817,164.545,1232.78,135.922,102.346,1247.51,148.501,105.039,1292.57,147.408,49.9735,1216.76,137.778,69.3608,1254.6,150.861,27.2353,1236.55,157.041,40.6589,1288.44,158.359,190.903,1280.22,158.385,206.527,1269.4,172.928,213.185,1268.81,174.237,198.849,0,0,0
007577:1259.19,152.232,178.269,1261.41,154.522,180.556,1255.35,156.416,178.844,1262.36,151.354,183.27,1262.64,160.955,170.699,1263.55,141.112,156.722,1230.11,157.43,158.409,1288.09,139.039,139.237,1214.75,172.501,153.321,1298.43,145.773,159.591,1212.61,169.603,175.414,1237.34,135.208,103.004,1246.2,148.596,105.525,1232.59,133.104,65.1298,1213.94,139.149,70.9121,1257.36,151.497,27.1659,1235.24,157.129,41.2003,1288.57,160.403,193.154,1293.98,159.972,205.489,1277.03,176.103,213.1,1270.14,174.566,198.846,0,0,0
007578:1261.46,153.687,178.854,1264.64,155.161,182.367,1269.12,159.147,177.193,1262.65,151.362,184.156,1255.71,161.396,172.924,1266.43,140.915,156.616,1230.27,157.43,158.976,1284.45,139.359,142.028,1219.48,173.402,152.523,1304.17,147.045,159.862,1217,172.828,175.08,1241.6,134.089,102.103,1246.32,148.597,105.915,1232.59,133.104,65.1298,1211.59,139.34,72.7265,1257.47,151.5,27.5132,1235.29,157.128,41.3947,1280.6,160.097,195.406,1294.32,159.974,206.652,1275.68,174.968,212.28,1277.24,175.021,198.803,0,0,0
007579:1245.26,149.645,182.385,1247.81,152.669,184.198,1264.74,158.636,178.92,1262.84,151.367,184.748,1255.71,161.396,172.924,1274.51,142.768,156.209,1227.85,157.604,160.233,1267.43,140.578,145.305,1214.37,174.084,154.493,1304.37,147.051,160.467,1225.97,175.465,175.704,1243.01,133.985,102.008,1245.11,148.287,106.379,1245.83,136.087,61.8934,1220.98,142.662,67.1264,1257.58,151.504,27.8605,1235.29,157.128,41.3947,1291.55,162.282,194.975,1297.02,161.85,207.509,1283.81,176.956,212.507,1296.66,179.212,194.598,0,0,0
007580:1250.55,152.839,181.827,1258.51,153.594,184.185,1262.35,158.834,181.853,1303.41,161.664,172.31,1256.94,164.123,174.944,1274.51,142.768,156.209,1227.85,157.604,160.233,1281.11,139.572,142.332,1216.84,174.726,154.235,1304.37,147.051,160.467,1225.02,175.143,176.846,1238.26,134.42,105.32,1245.42,148.296,107.367,1244.17,135.827,62.8274,1217.57,143.385,70.7291,1262.54,151.191,26.9796,1246.19,157.656,39.3126,1293.92,164.155,194.825,1297.19,162.674,208.741,1284.56,178.894,212.194,1285.31,180.969,197.97,0,0,0
007581:1253.4,155.049,182.691,1259.41,156.317,184.996,1253.64,158.962,182.456,1259.88,151.573,185.692,1254.76,164.242,174.91,1275.44,143.078,154.619,1237.13,160.208,161.019,1285.37,139.268,141.548,1221.51,174.856,153.018,1297.53,147.944,163.306,1220.91,175.35,177.152,1242.02,135.324,104.327,1246.99,148.209,107.674,1245.46,136.954,63.1671,1217.57,143.385,70.7291,1262.87,151.2,28.0242,1251.54,158.942,38.8195,1290.92,165.124,195.667,1315.39,168.498,205.683,1285.32,182.048,213.131,1285.2,182.589,199.244,0,0,0
007582:1256.06,154.841,180.945,1260.99,155.804,183.874,1255.12,159.279,183.012,1257.82,151.707,186.025,1254.76,164.242,174.91,1270.64,143.069,157.942,1235.34,161.875,161.331,1299.62,141.163,140.901,1224.04,175.505,152.862,1323.09,146.245,158.483,1221.5,176.842,176.067,1252.01,138.072,96.2715,1247.24,148.216,108.465,1275.34,143.647,62.8217,1214.9,143.576,71.3523,1262.87,151.2,28.0242,1248.95,159.108,40.295,1298.92,167.911,195.487,1313.98,168.986,206.493,1290.52,183.396,212.388,1297.78,183.213,197.537,0,0,0
007583:1261.02,155.276,182.268,1254.41,155.661,186.615,1253.64,159.773,184.651,1292.66,160.39,178.298,1254.15,164.304,176.522,1268.24,143.273,159.621,1234.03,163.15,162.786,1293.51,142.386,141.539,1218.82,175.751,152.835,1297.62,147.941,163.688,1219.93,177.69,176.336,1252.14,138.066,96.8459,1248.57,148.527,108.394,1264.05,140.979,65.1842,1226.3,146.15,72.3015,1264.29,151.519,28.0891,1249.06,159.106,40.6866,1295.95,168.883,196.362,1312.83,168.658,207.293,1296.09,184.754,212.799,1292.96,185.836,199.111,0,0,0
007584:1246.79,155.252,180.142,1250.77,155.635,183.694,1243.47,158.054,183.485,1256.7,153.81,188.889,1253.61,163.993,179.14,1261.5,143.762,161.429,1229.56,164.23,165.136,1301.3,143.116,141.861,1217.87,175.83,154.243,1298.08,147.953,165.096,1221.67,177.985,175.969,1244.48,137.988,104.727,1248.57,148.527,108.394,1264.05,140.979,65.1842,1218.82,144.489,71.2513,1270.1,152.818,28.5549,1246.45,159.282,41.9766,1301.63,169.805,196.344,1303.76,171.575,209.665,1298.24,186.648,212.109,1300.97,186.259,196.636,0,0,0
007585:1256.57,156.435,182.816,1256.73,155.31,185.783,1256.09,160.42,183.765,1256.7,153.81,188.889,1270.97,168.513,174.458,1260.65,143.454,163.192,1241.84,165.062,162.623,1307.17,143.135,141.368,1217.87,175.83,154.243,1314.66,146.835,161.304,1222.24,178.335,175.543,1248.94,137.286,104.635,1250.11,148.837,109.095,1266.88,141.6,65.3678,1220.09,145.2,71.3771,1270.1,152.818,28.5549,1245.29,158.96,42.6883,1297.61,171.262,199.215,1300.15,176.602,212.631,1279.36,188.243,214.609,1292.37,186.635,198.148,0,0,0
007586:1262.32,157.884,181.526,1259.16,158.464,185.535,1259.92,161.379,183.158,1256.7,153.81,188.889,1262.71,166.242,178.436,1270.68,146.743,161.048,1245.65,166.022,162.151,1306.28,143.215,142.176,1217.87,175.83,154.243,1316.31,146.676,159.251,1222.83,179.831,174.465,1251.86,137.578,110.371,1253.01,150.283,110.378,1266.99,141.599,65.7619,1221.31,145.913,71.3115,1270.1,152.818,28.5549,1240.87,159.201,42.6684,1295.35,172.956,198.328,1305.38,175.494,209.211,1282.93,191.266,215.317,1286.48,189.302,201.096,0,0,0
007587:1269.15,158.919,180.629,1274.5,158.98,184.068,1264.56,162.49,183.153,1264.12,153.638,184.098,1248.33,166.237,179.111,1265.5,147.13,163.205,1248.1,167.463,162.326,1291.41,144.241,145.287,1216.54,175.899,154.488,1294.23,148.248,167.229,1220.43,179.962,175.854,1252.36,137.592,111.954,1244.37,150.818,110.892,1267.04,141.598,65.9589,1222.56,146.22,71.022,1280.2,152.194,26.7801,1246.57,159.283,42.3726,1300.26,175.099,197.168,1303.14,178.002,209.326,1305.49,195.121,211.086,1298.96,193.137,197.757,0,0,0
007588:1260.29,157.682,182.126,1252.34,158.02,186.992,1258.95,161.752,183.712,1263.83,153.711,186.772,1245.15,166.41,179.286,1265.63,147.133,163.601,1251.88,168.431,161.662,1285.44,142.676,148.841,1209.93,176.241,155.704,1289.09,146.985,168.707,1227.72,181.917,174.61,1252.36,137.592,111.954,1249.25,150.567,112.417,1267.04,141.598,65.9589,1223.8,146.528,70.7319,1274.15,150.567,30.8405,1241.69,160.337,41.8571,1292.82,176.266,198.286,1294.63,179.232,211.794,1290.12,194.524,213.69,1290.13,193.069,198.057,0,0,0
007589:1261.31,159.184,182.497,1261.75,158.746,185.746,1263.16,162.789,183.3,1250.23,154.65,191.577,1260.48,166.366,178.141,1270.17,148.068,165.247,1243.22,169.758,165.95,1295.96,141.578,148.424,1219.24,179.608,153.601,1287.72,147.08,169.141,1225.04,182.045,175.068,1244.58,138.211,115.016,1242.96,151.036,115.596,1258.37,139.828,70.2427,1223.99,146.877,72.5746,1264.59,150.418,34.7205,1253.02,161.311,41.2119,1303.63,177.316,195.986,1325.86,184.62,206.677,1297.83,196.604,212.191,1282.99,193.352,199.148,0,0,0
007590:1259.27,159.532,184.407,1259.56,159.952,188.606,1260.07,163.452,186.24,1250.28,154.65,191.767,1259.67,166.805,178.275,1270.36,148.073,165.841,1251.84,169.233,162.287,1294.76,141.269,149.066,1224.17,180.915,152.901,1287.72,147.08,169.141,1233.59,184.344,173.609,1244.58,138.211,115.016,1249.36,150.569,112.807,1257.04,139.931,70.7612,1230.31,148.481,70.4697,1260.55,149.463,35.3018,1254.52,161.632,41.6786,1289.69,178.023,199.567,1304.09,185.176,210.227,1308.08,199.404,209.72,1285.23,194.038,197.597,0,0,0
007591:1261.22,160.436,182.699,1258.18,160.728,186.535,1258.79,163.51,185.571,1263.9,158.11,188.411,1258.17,167.682,178.925,1271.24,148.793,164.482,1260.78,171.513,160.928,1288.25,140.129,151.075,1224.17,180.915,152.901,1288.19,147.084,170.71,1225.65,184.719,175.378,1244.58,138.211,115.016,1259.15,153.093,108.963,1253.13,140.242,72.5158,1226.37,148.761,71.806,1260.39,149.466,34.7093,1252.84,162.942,42.307,1304.42,180.51,196.92,1318.95,188.969,208.721,1311.3,202.484,209.052,1290.94,197.371,195.908,0,0,0
007592:1266.35,161.696,182.157,1265.91,161.933,186.561,1261.25,164.708,186.107,1216.02,160.878,190.439,1260.44,168.77,180.506,1279.22,150.68,163.719,1255.93,171.824,164.065,1288.47,139.72,151.454,1224.23,180.916,153.095,1287.07,148.006,172.569,1225.65,184.719,175.378,1244.53,138.211,114.823,1249.36,150.569,112.807,1250.65,140.041,73.727,1225.13,150.063,73.5526,1263.39,149.294,36.281,1247.24,163.269,43.6801,1317.7,182.693,193.255,1296.43,187.833,207.634,1298.25,204.055,207.975,1292.11,200.469,193.671,0,0,0
007593:1265.33,161.681,183.533,1264.34,161.801,187.661,1264.39,164.832,185.975,1263.15,158.18,189.464,1262.81,169.421,179.43,1277.97,151.186,164.775,1255.87,171.822,163.868,1294.27,139.311,150.822,1224.17,180.915,152.901,1155.75,157.228,187.231,1224.31,184.781,175.606,1246.97,138.82,113.918,1249.36,150.569,112.807,1247.45,140.228,72.9631,1223.9,150.158,74.2573,1260.61,148.661,36.3371,1245.85,163.351,44.022,1309.83,183.832,193.602,1306.13,190.246,207.855,1305.72,206.18,205.46,1292.11,200.469,193.671,0,0,0
007594:1259.22,161.067,185.254,1267.96,164.046,186.414,1264.99,166.016,184.922,1263.15,158.18,189.464,1264.09,169.746,179.221,1276.56,151.276,165.017,1255.92,171.822,164.059,1298.77,139.011,150.66,1224.11,180.913,152.706,1289.84,148.641,172.53,1220.64,184.888,173.501,1243.98,138.322,117.826,1249.36,150.569,112.807,1251.81,139.534,72.215,1223.9,150.158,74.2573,1258.19,148.822,36.9369,1254.71,165.641,41.2233,1301.71,183.823,196.503,1314.76,195.53,207.453,1298.9,207.558,204.606,1300.81,203.332,191.274,0,0,0
007595:1258.36,162.329,187.235,1263.48,162.101,189.725,1261.33,167.271,186.606,1261.68,158.69,191.006,1269.23,172.259,179.739,1287.39,154.226,164.796,1256.09,171.822,164.632,1296.7,138.399,153.129,1224.11,180.913,152.706,1291.2,148.962,172.326,1221.64,184.904,176.062,1245.57,137.332,112.242,1253.3,151.51,112.41,1253.1,139.842,71.9204,1236.66,153.282,72.1377,1260.94,148.67,37.3783,1251.2,164.245,43.1254,1290.7,186.597,192.973,1319.81,192.422,200.668,1328.71,207.078,201.365,1283.16,203.907,192.818,0,0,0
007596:1268.19,162.988,183.863,1267.19,163.154,187.332,1253.8,166.261,188.605,1261.74,158.69,191.197,1277.14,175.006,177.437,1275.46,152.181,167.04,1258.62,172.476,164.191,1296.83,138.402,153.531,1220.03,181.106,153.252,1289.03,148.743,174.739,1227.59,186.94,175.05,1245.73,137.331,112.821,1254.59,151.824,112.148,1255.57,139.632,70.2871,1236.66,153.282,72.1377,1262.46,148.995,37.7492,1256.38,165.556,41.8584,1304.75,187.194,190.622,1299.4,194.851,205.772,1298.21,210.705,201.42,1299.03,204.926,187.424,0,0,0
007597:1260.95,163.35,186.132,1279.34,165.783,186.716,1257.69,167.891,188.037,1262.07,158.692,192.342,1281.6,176.39,177.918,1274.15,151.866,167.262,1258.62,172.476,164.191,1302.33,137.984,151.71,1220.14,181.105,153.626,1284.1,147.486,176.776,1224.58,188.229,175.761,1247.37,137.631,113.911,1254.97,151.835,113.339,1252.93,139.018,70.6879,1230.48,151.877,71.5126,1267.73,150.272,36.4519,1256.38,165.556,41.8584,1310.38,188.177,190.214,1310.5,197.987,201.448,1302.36,212.526,197.673,1308.39,206.618,185.346,0,0,0
007598:1261.5,163.807,186.051,1264.32,164.925,189.002,1253.6,167.136,189.137,1270.05,161.816,193.275,1253.1,172.315,182.269,1284.77,154.82,166.299,1262.44,173.459,163.528,1307.85,137.705,154.582,1220.01,181.889,154.053,1281.41,147.677,177.637,1220.57,188.405,176.445,1247.37,137.631,113.911,1250.54,150.896,111.997,1252.57,139.01,69.495,1229.1,151.416,73.6136,1275.75,151.398,35.4865,1262.67,167.21,39.4765,1319.84,188.136,186.4,1310.09,197.975,200.224,1305.27,213.595,193.72,1308.5,204.176,182.811,0,0,0
007599:1258.82,164.488,185.479,1265.23,165.51,188.372,1254.86,167.499,188.346,1271.33,162.137,193.074,1252.97,173.888,182.293,1284.96,154.825,166.898,1263.72,173.788,163.307,1301.49,136.153,157.144,1223.23,182.873,151.883,1289.52,149.567,177.125,1219.24,188.463,176.672,1245.94,137.731,113.993,1253.72,151.931,114.023,1252.11,138.704,72.7407,1223.45,151.767,74.0723,1277.35,151.716,36.1548,1263.93,167.542,38.9585,1308.97,189.379,187.071,1316.36,199.741,197.867,1305.91,213.538,190.893,1309.89,204.865,178.369,0,0,0
007600:1259.21,163.78,187.78,1262.14,164.589,190.933,1256.98,168.267,189.364,1271.33,162.137,193.074,1252.97,173.888,182.293,1274.52,152.285,168.675,1263.72,173.788,163.307,1301.8,136.159,158.146,1221.12,182.216,153.455,1296.43,151.154,177.021,1228.26,189.598,175.264,1243.47,137.94,115.338,1253.67,151.931,113.829,1254.96,139.736,73.3632,1223.59,151.765,74.6301,1277.5,151.714,36.7523,1263.93,167.542,38.9585,1328.71,190.166,182.313,1335.17,202.281,191.685,1321.69,216.29,185.718,1321.67,204.486,176.072,0,0,0
007601:1254.28,163.899,187.411,1267.68,165.692,189.63,1249.55,167.648,190.544,1267.15,162.381,193.727,1254.28,174.215,182.277,1278.48,153.235,168.207,1266.4,174.449,163.253,1295.29,132.548,158.433,1223.04,182.868,151.299,1314.37,150.054,175.998,1222.86,189.455,176.055,1246.91,138.541,118.098,1252.29,152.021,114.111,1252.66,140.362,75.8091,1234.83,154.497,73.2339,1277.5,151.714,36.7523,1259.46,168.191,39.6462,1331.84,190.049,182.252,1336.66,201.404,190.407,1318.63,216.362,185.97,1321.88,204.419,171.625,0,0,0
007602:1245.06,164.438,188.826,1263.6,165.691,189.396,1246.52,168.491,190.722,1267.15,162.381,193.727,1252.43,174.702,182.537,1276.9,153.322,167.86,1267.84,174.779,163.607,1295.96,132.138,160.391,1223.04,182.868,151.299,1314.42,150.055,176.195,1222.81,189.455,175.869,1251.71,137.017,118.752,1254.9,152.651,113.783,1251.3,140.873,76.5423,1225.89,155.124,77.1901,1271.97,150.429,37.2611,1259.4,168.19,39.4439,1336.2,189.451,180.522,1339.03,200.879,187.309,1325.83,214.122,181.279,1329.31,203.351,169.137,0,0,0
007603:1256.06,165.032,186.54,1265.09,166.037,189.602,1246.29,169.724,190.54,1276.05,165.016,191.135,1251.4,174.755,182.706,1295.96,157.756,167.723,1267.73,175.181,163.628,1303.84,131.617,161.364,1222.92,182.865,150.91,1309.02,150.433,178.53,1224.02,189.786,175.663,1241.05,138.136,117.043,1255.01,152.65,114.17,1250.73,140.881,74.3978,1235.77,155.591,73.0189,1269.58,149.726,35.8321,1260.8,168.929,39.9452,1331.37,188.381,178.934,1338.8,200.877,186.516,1335.82,215.416,174.601,1317.63,201.286,169.172,0,0,0
007604:1250.06,165.698,188.226,1254.95,166.977,191.495,1246.11,169.677,190.588,1293.79,169.697,184.853,1251.4,174.755,182.706,1305.3,160.099,165.065,1262.26,175.467,164.993,1302.74,131.314,162.392,1222.86,182.863,150.715,1309.27,150.437,179.327,1225.29,190.118,175.643,1240.42,137.829,119.604,1253.72,152.737,114.833,1250.68,140.881,74.2029,1235.77,155.591,73.0189,1269.97,149.86,35.116,1264.6,170.337,39.0133,1336.31,189.372,175.658,1318.7,200.703,186.842,1332.28,214.672,172.275,1320.12,200.773,166.482,0,0,0
007605:1265.14,169.072,187.89,1255.76,170.752,189.968,1261.52,173.225,189.605,1271.82,165.166,188.358,1250.37,174.808,182.875,1303.03,153.575,164.135,1260.87,175.538,165.234,1304.64,131.217,163.555,1222.86,182.863,150.715,1309.49,150.437,180.114,1232.74,192.51,175.358,1240.42,137.829,119.604,1252.44,152.825,115.5,1254.92,141.805,74.6918,1233.54,155.779,75.2285,1268.25,149.406,36.1581,1273.89,171.026,35.4123,1339.17,189.249,174.577,1338.78,203.621,179.69,1335.63,212.94,170.828,1337.64,200.142,161.626,0,0,0
007606:1268.44,169.659,186.381,1268.88,168.529,190.188,1270.45,173.933,187.805,1274.22,165.137,192.382,1250.37,174.808,182.875,1289.54,156.765,166.76,1253.94,175.889,166.434,1299.38,130.411,165.275,1218.96,183.054,151.841,1309.94,150.448,181.521,1223.27,192.898,176.773,1240.42,137.829,119.604,1252.44,152.825,115.5,1259.07,142.734,74.791,1233.54,155.779,75.2285,1267.25,149.081,37.6724,1261.21,171.712,39.1919,1325.8,184.089,176.273,1328.77,196.212,179.175,1327.59,210.256,167.04,1320.72,194.176,161.017,0,0,0
007607:1256.53,167.941,187.888,1261.93,169.316,191.622,1258.81,173.639,187.967,1306.3,175.465,182.998,1270.76,180.089,179.899,1285.46,157.03,168.083,1246.13,174.325,167.194,1293.09,131.374,169.653,1217.63,183.117,152.088,1310.08,150.451,181.925,1223.27,192.898,176.773,1249.84,137.118,117.282,1248.8,153.104,117.915,1253.99,141.49,76.3506,1233.54,155.779,75.2285,1270.41,148.902,37.9868,1258.37,171.862,39.8896,1317.05,180.356,173.899,1339.24,195.825,177.106,1335.51,208.398,164.719,1361.32,192.701,157.056,0,0,0
007608:1255.63,168.398,187.401,1247.67,170.294,191.846,1268.63,171.812,188.588,1279.05,168.792,189.148,1263.1,178.095,181.15,1281.88,156.652,167.715,1246.14,174.326,167.201,1286.24,132.328,171.845,1229.44,186.802,154.859,1311.37,150.771,181.513,1220.47,193.004,176.841,1249.84,137.118,117.282,1248.3,153.09,116.333,1253.99,141.49,76.3506,1240.9,157.626,73.5478,1273.27,148.713,37.286,1255.54,172.011,40.5852,1325.35,182.418,173.147,1326.85,195.442,176.993,1350.99,204.266,163.259,1328.11,191.088,160.947,0,0,0
007609:1256.28,169.896,186.596,1248.31,172.472,190.433,1268.96,172.239,188.261,1277.66,168.463,189.054,1261.83,177.764,181.357,1273.95,157.183,170.738,1245.98,174.326,166.632,1290.93,132.842,173.151,1214.84,183.239,152.194,1317.43,152.061,182.829,1219.9,192.989,175.097,1249.89,137.117,117.475,1249.42,154.212,116.311,1253.99,141.49,76.3506,1241.02,157.629,73.9452,1273.37,148.711,37.6835,1244.03,169.032,43.6232,1324.21,180.836,172.719,1324.57,192.677,176.52,1343.83,198.697,159.177,1322.76,184.386,161.441,0,0,0
007610:1260.68,169.199,188.932,1263.56,169.378,191.835,1260.2,174.795,190.144,1276.36,168.136,189.257,1261.83,177.764,181.357,1279.68,158.03,171.753,1256.05,176.951,164.894,1284.8,131.324,175.999,1225.89,186.081,152.248,1314.77,152.251,184.1,1220.6,192.927,172.789,1253.42,138.033,115.538,1253.51,155.159,116.501,1256.74,142.109,76.3538,1239.48,157.162,75.4906,1264.2,148.143,41.6578,1255.54,172.011,40.5852,1327.07,178.923,165.366,1327.12,190.705,163.025,1368.13,196.013,146.408,1357.04,183.993,149.84,0,0,0
007611:1265.75,169.257,187.863,1263.22,169.804,191.442,1264,174.511,189.167,1276.31,168.135,189.108,1239.94,178.454,184.939,1294.07,158.931,169.598,1257.44,177.284,165.07,1290.45,130.894,175.069,1214.72,183.236,151.806,1311.11,151.288,186.113,1217.81,193.033,172.863,1264.44,137.62,113.492,1253.64,155.162,116.897,1253.88,141.492,75.9602,1248.46,160.594,75.2482,1266.93,147.12,39.9081,1266.98,171.827,38.4288,1319.8,176.069,168.569,1318.82,187.456,167.452,1351.25,190.922,154.113,1349.9,181.067,154.58,0,0,0
007612:1265.32,169.758,187.937,1267.78,170.438,191.392,1269.52,174.31,188.193,1276.31,168.135,189.108,1251.27,177.897,183.24,1284.98,158.851,169.598,1262.42,178.609,163.807,1294.04,130.685,177.158,1214.53,183.231,151.225,1311.11,151.288,186.113,1216.48,193.088,173.093,1238.3,139.526,118.768,1251.2,154.59,116.902,1248.07,139.942,79.7458,1248.46,160.594,75.2482,1265.62,146.803,40.2305,1252.5,173.387,41.7759,1306.22,171.333,164.635,1316,184.179,160.033,1349.56,184.646,147.382,1344.38,176.72,152.909,0,0,0
007613:1259.34,170.663,190.895,1266.79,171.072,192.682,1261.05,175.312,190.345,1273.25,168.311,189.905,1269.77,180.137,180.348,1283.07,158.383,169.918,1264.97,179.274,163.365,1294.48,130.686,178.724,1216.47,183.887,149.094,1311.17,151.29,186.315,1216.48,193.088,173.093,1247.43,138.937,120.421,1256.52,155.806,117.374,1248.07,139.942,79.7458,1254.88,162.21,73.7939,1257.39,144.914,40.7756,1268.26,174.206,38.7087,1304.17,169.97,170.952,1301.53,179.282,166.981,1345.04,183.698,151.959,1347.35,175.415,155.893,0,0,0
007614:1268.44,170.359,187.764,1265.78,170.865,191.433,1267.54,175.311,190.185,1284.86,171.26,187.877,1257.62,181.121,182.958,1270.89,159.145,173.865,1264.97,179.274,163.365,1293.76,132.92,184.166,1224.49,183.511,147.591,1314.42,152.351,188.086,1216.16,193.088,171.979,1247.43,138.937,120.421,1255.22,156.303,118.27,1248.07,139.942,79.7458,1257.46,162.86,73.2092,1268.52,146.612,39.7383,1253.26,175.35,41.3824,1323.89,167.191,163.374,1323.01,175.311,158.45,1349.25,174.711,146.209,1343.15,165.197,153.096,0,0,0
007615:1259.61,170.916,188.263,1262.76,171.805,191.179,1266.27,175.136,188.263,1272.9,168.301,188.863,1258.52,181.068,182.344,1301.39,161.465,170.315,1267.53,179.941,162.921,1307.6,131.931,183.54,1228.53,183.322,146.835,1315.78,152.674,187.876,1214.78,193.143,172.024,1247.43,138.937,120.421,1255.56,156.461,117.105,1248.07,139.942,79.7458,1257.54,163.272,73.8363,1272.54,146.316,37.8798,1250.17,174.691,40.0607,1333.93,165.476,164.064,1338.02,174.155,155.452,1370.34,170.325,142.303,1344.34,161.418,153.341,0,0,0
007616:1263.12,171.078,189.019,1265.83,171.854,192.014,1264.3,175.6,189.361,1282.15,170.59,188.141,1256.54,181.169,182.98,1297.48,160.519,170.818,1268.81,180.275,162.699,1288.2,131.794,187.249,1225.83,183.448,147.34,1314.32,150.388,191.011,1219.1,194.476,169.516,1273.26,145.096,115.417,1259.08,157.261,117.502,1253.06,141.177,78.0069,1233.41,157.228,78.7564,1269.89,145.68,38.5297,1254.55,175.685,41.0655,1337.51,163.221,163.465,1335.98,171.805,156.661,1338.89,163.655,148.033,1336.7,157.733,155.895,0,0,0
007617:1259.54,171.861,187.757,1262.85,171.792,191.675,1256.87,176.87,190.104,1275.79,170.927,189.145,1256.51,182.368,184.12,1279.8,158.035,172.069,1268.81,180.275,162.699,1305.01,132.976,186.234,1225.64,183.443,146.754,1314.55,149.977,191.394,1219.16,194.476,169.702,1251.6,138.636,119.79,1262.84,158.222,116.339,1252.18,141.151,75.2164,1260.22,164.749,74.3068,1268.57,145.363,38.8539,1270.48,175.313,38.467,1334.65,161.293,162.462,1316.68,168.328,160.827,1318.95,161.495,151.76,1326.68,155.422,156.547,0,0,0
007618:1258.08,173.062,189.038,1261.52,173.319,192.779,1260.57,177.509,189.538,1271.52,171.149,189.662,1270.46,185.057,182.106,1280.96,161.691,173.28,1268.81,180.275,162.699,1287.16,136.407,192.301,1225.64,183.443,146.754,1300.74,150.919,195.612,1219.16,194.476,169.702,1266.3,144.756,116.363,1262.88,158.318,115.024,1253.06,141.177,78.0069,1252.98,165.96,75.9418,1265.93,144.731,39.5008,1257.13,176.357,40.4304,1311.24,154.135,169.881,1352.28,160.964,153.565,1341.09,153.113,145.879,1323.78,146.191,159.35,0,0,0
007619:1255.6,173.364,189.745,1252.18,173.816,194.012,1255.98,177.901,190.568,1268.19,171.769,192.219,1258.16,183.462,183.697,1274.54,161.844,175.441,1247.53,181.236,164.19,1285.81,136.512,192.718,1225.64,183.443,146.754,1300.81,150.92,195.812,1217.95,194.142,169.912,1266.05,144.938,122.024,1264.18,158.542,116.273,1253.06,141.177,78.0069,1252.98,165.96,75.9418,1265.93,144.731,39.5008,1262.33,177.706,39.1546,1324.64,152.913,167.705,1356.68,161.142,152.236,1356.08,149.755,145.066,1328.09,146.321,158.421,0,0,0
007620:1258.05,173.318,189.854,1266.36,173.309,191.527,1265.29,177.657,190.322,1280.04,172.68,188.161,1259.61,186.129,183.195,1278.09,161.808,174.285,1270.09,180.61,162.476,1301.56,141.271,186.481,1226.64,183.77,145.759,1312.58,152.254,196.52,1217.89,194.14,169.718,1267.01,144.776,118.556,1268.19,159.916,116.298,1253.06,141.177,78.0069,1254.26,166.287,75.6521,1271.55,144.337,37.904,1251.67,175.262,37.0678,1331.27,150.879,167.47,1374.24,160.197,150.784,1367.58,149.069,145.801,1341.2,144.279,159.166,0,0,0
007621:1267.72,173.645,186.937,1267.83,174.053,190.679,1266.85,178.183,188.386,1287.26,174.384,184.208,1261.43,185.653,182.741,1274.71,163.118,174.964,1273.83,182.019,161.829,1280.66,136.933,194.972,1226.64,183.77,145.759,1321.66,152.957,197.249,1218.74,194.076,167.949,1267.2,144.781,119.154,1271.19,160.971,117.563,1253.06,141.177,78.0069,1264.66,168.917,73.5144,1264.61,144.415,39.8236,1266.59,179.139,39.8315,1330.48,150.56,169.707,1367.99,158.505,155.478,1383.8,148.104,144.771,1356.51,144.132,157.672,0,0,0
007622:1259.65,173.767,189.082,1262.8,174.04,191.641,1260.16,178.639,190.34,1276.28,172.879,188.951,1258.56,184.99,182.844,1265.86,160.923,176.218,1258.09,183.128,163.939,1269.92,137.755,197.866,1226.64,183.77,145.759,1315.85,150.944,201.209,1220.01,194.02,167.52,1269.99,145.41,119.23,1266.83,161.448,114.536,1254.45,141.077,77.6952,1264.66,168.917,73.5144,1264.67,144.417,40.0257,1268.89,179.398,37.7341,1314.23,141.717,168.842,1306.55,141.131,158.135,1329.29,132.034,150.639,1333.38,134.49,160.988,0,0,0
007623:1257.29,174.871,187.99,1264.06,174.368,190.827,1265.63,179.431,189.292,1275.55,172.893,188.085,1256.62,185.072,182.899,1270,161.904,176.302,1259.35,183.462,163.719,1262.94,138.66,198.937,1226.64,183.77,145.759,1310.5,151.324,203.475,1220.01,194.02,167.52,1269.99,145.41,119.23,1266.96,161.22,118.406,1254.45,141.077,77.6952,1262.01,168.257,73.9047,1264.67,144.417,40.0257,1271.9,180.092,38.3129,1317.38,139.145,171.937,1291.37,136.188,162.692,1325.11,125.746,152.62,1328.39,131.274,167.345,0,0,0
007624:1259.08,175.666,189.398,1260.71,176.253,192.423,1264.26,179.772,190.861,1268.42,173.281,189.996,1248.6,185.825,184.364,1283.02,165.165,173.963,1259.22,183.459,163.323,1260.2,138.86,199.357,1226.64,183.77,145.759,1287.85,149.216,209.427,1220.01,194.02,167.52,1269.99,145.41,119.23,1268.26,161.544,118.148,1254.45,141.077,77.6952,1259.26,167.601,73.9035,1274.83,143.734,38.1957,1272.7,180.419,36.3574,1306.83,139.564,177.016,1296.51,134.642,163.886,1312.41,122.719,158.616,1317.07,127.971,167.549,0,0,0
007625:1255.48,176.064,187.541,1273.05,175.925,187.411,1256.35,179.728,188.836,1274.3,172.942,187.656,1244.73,186.016,185.771,1291.84,167.531,170.096,1237.99,184.424,166.641,1265.83,138.415,197.366,1226.72,184.128,144.659,1288.24,149.225,210.613,1220.01,194.02,167.52,1269.99,145.41,119.23,1269.56,161.868,117.889,1251.1,140.145,80.5116,1259.14,168.413,74.3462,1281.25,143.215,33.9893,1272.7,180.419,36.3574,1324.68,138.748,175.778,1291.91,135.081,168.426,1288.99,122.602,164.679,1310.29,124.484,172.618,0,0,0
007626:1258.59,176.018,185.465,1266.24,176.361,187.915,1262.09,180.256,188.013,1273.77,174.907,185.595,1245.32,185.958,184.279,1283.08,165.264,172.732,1258.88,183.455,162.163,1269.12,140.988,197.792,1227.86,184.1,145.529,1292.46,150.171,211.013,1220.01,194.02,167.52,1270.12,145.413,119.629,1269.56,161.868,117.889,1259.56,139.547,79.0498,1263.02,169.403,73.4694,1286.45,142.52,35.3536,1272.7,180.419,36.3574,1318.14,138.862,179.161,1292.36,135.084,169.996,1314.45,121.082,163.989,1314.97,123.45,177.324,0,0,0
007627:1257.51,175.51,186.507,1258.18,176.026,189.732,1258.63,179.646,188.917,1284.84,176.219,182.295,1254.81,186.297,181.949,1285.3,165.833,172.173,1261.63,184.126,162.485,1260.35,142.371,198.111,1227.86,184.1,145.529,1296.4,149.886,209.402,1220.01,194.02,167.52,1272.87,145.219,118.871,1269.56,161.868,117.889,1259.51,139.547,78.8541,1270.85,171.397,71.7041,1281.08,142.513,37.7626,1271.26,180.487,36.7119,1311.46,135.343,184.17,1293.63,134.685,173.923,1316.57,120.966,166.131,1333.01,124.173,177.388,0,0,0
007628:1256.68,176.156,186.862,1259.45,176.138,191.27,1261.34,180.643,188.997,1282.46,174.482,184.835,1244.18,186.819,186.017,1291.48,167.73,172.317,1260.11,184.588,162.751,1265.38,143.998,197.34,1230.26,184.762,144.879,1288.32,150.039,211.609,1217.44,193.353,167.385,1272.87,145.219,118.871,1269.56,161.868,117.889,1259.51,139.547,78.8541,1272.09,171.729,71.206,1277.12,141.564,38.9416,1259.69,181.847,39.9955,1307.08,135.79,189.472,1299.98,137.171,177.253,1308.81,119.735,174.142,1305.85,122.742,185.888,0,0,0
007629:1253.88,177.328,186.773,1273.38,177.021,186.402,1254.5,180.175,189.592,1282.61,174.486,185.285,1250.62,186.479,182.481,1290.3,167.47,172.007,1258.6,184.649,162.605,1252.06,142.549,198.601,1235.17,186.087,143.938,1269.08,151.317,215.406,1212.11,192.406,166.931,1262.88,143.042,117.572,1266.42,162.024,117.452,1259.51,139.547,78.8541,1273.4,172.064,70.9097,1274.45,140.934,39.5921,1255.37,182.044,40.8392,1302.78,135.393,194.655,1319.42,136.66,176.829,1310.24,120.601,179.175,1305.59,125.371,191.56,0,0,0
007630:1252.74,178.008,186.762,1284.2,176.952,183.587,1228.29,182.87,188.621,1258.04,175.781,191.379,1252.58,186.393,182.043,1290.3,167.47,172.007,1257.14,184.71,162.651,1262.34,145.396,197.815,1241.07,186.566,140.394,1269.14,151.319,215.602,1208.19,191.41,166.438,1262.82,143.041,117.373,1268.34,164.298,116.24,1260.91,139.446,78.5423,1274.6,172.397,70.2134,1267.4,141.439,41.5297,1276.54,183.105,36.7368,1295.66,136.044,200.506,1316.89,137.416,183.938,1312.65,123.835,184.429,1309.74,126.411,196.125,1222.41,171.583,292.922
007631:1255.53,177.407,186.935,1261.71,177.445,189.852,1255.33,182.018,189.259,1294.23,177.579,181.574,1247.58,186.626,183.035,1290.19,167.877,172.027,1256.96,185.108,162.482,1262.25,145.798,197.83,1242.31,186.901,140.158,1261.36,149.452,216.305,1213.78,193.066,164.07,1264.02,142.938,116.496,1254.39,160.914,117.262,1260.91,139.446,78.5423,1274.22,172.4,68.8301,1266.08,141.126,41.8514,1276.72,183.107,37.3441,1305.51,139.573,206.491,1304.81,139.722,194.97,1320.16,129.54,188.489,1316.2,128.598,204.282,1221.6,171.567,290.397
007632:1257.25,178.875,185.966,1259.12,179.061,189.827,1262.49,182.978,187.581,1286.92,179.978,182.623,1252.18,189.152,182.241,1287.39,168.034,172.703,1260.6,186.117,161.245,1262.22,146.202,198.042,1244.94,186.776,139.241,1261.36,149.452,216.305,1214.1,193.074,165.038,1302.4,151.937,111.439,1266.88,164.379,116.329,1262.31,139.345,78.2299,1271.55,172.555,70.0878,1270.49,140.411,40.9928,1258.02,184.301,36.8362,1301.75,141.247,214.485,1304.3,139.973,202.771,1319.9,133.137,200.024,1318.16,131.966,212.77,1225.43,171.315,288.053
007633:1259.29,178.447,186.11,1259.41,178.443,189.238,1264.25,182.817,186.978,1290.84,178.673,182.241,1253.72,189.049,180.272,1288.65,168.363,172.29,1256.42,186.302,161.979,1260.94,147.509,199.476,1245.07,186.779,139.636,1261.55,149.457,216.892,1214.1,193.074,165.038,1246.24,145.022,121.151,1265.22,164.452,115.812,1262.31,139.345,78.2299,1268.6,173.526,71.2004,1270.54,139.997,40.7707,1257.56,183.942,40.2916,1303.03,144.555,221.281,1294.6,144.072,212.784,1321.64,135.372,212.245,1310.14,136.472,223.607,1224.62,171.299,285.521
007634:1269.67,179.917,183.041,1272.93,179.803,186.86,1261.97,184.883,186.278,1293.54,179.776,180.668,1252.73,189.094,180.592,1291.62,169.553,171.637,1256.42,186.302,161.979,1260.94,147.509,199.476,1251.29,188.464,138.257,1254.89,147.914,216.658,1215.3,193.407,164.825,1244.81,145.115,121.228,1252.98,165.178,119.33,1259.54,138.729,78.2243,1265.75,173.673,71.8451,1271.96,139.895,40.4238,1257.66,184.351,41.1198,1304.56,152.261,227.835,1314.38,147.377,217.251,1295.17,139.138,224.267,1277.02,141.486,236.841,1223.99,171.286,283.611
007635:1254.97,178.682,185.19,1258.1,178.868,188.964,1259.73,182.98,186.862,1292.46,179.141,181.263,1257.11,189.308,179.727,1286.93,170.065,173.189,1256.1,186.294,160.989,1261.2,147.516,200.259,1251.29,188.464,138.257,1243.21,147.953,219.166,1215.3,193.407,164.825,1245.95,145.42,120.58,1265.35,164.456,116.211,1261.07,138.631,78.3123,1262.85,173.817,72.2863,1270.63,139.582,40.7472,1257.54,185.564,42.1932,1286.85,151.93,235.903,1320.18,150.07,242.68,1318.47,158.708,244.22,1308.55,162.664,235.197,1223.4,171.276,281.724
007636:1259.09,178.741,186.364,1263.5,179.623,189.372,1248.56,183.11,189.98,1295.83,183.07,179.26,1256.11,189.355,180.006,1288.13,170.396,172.583,1256.04,186.292,160.791,1259.34,148,199.31,1251.29,188.464,138.257,1242.5,147.949,216.719,1215.3,193.407,164.825,1266.01,150.083,119.803,1273.58,166.439,115.881,1261.07,138.631,78.3123,1268.16,175.155,71.5009,1253.87,135.877,40.8497,1257.71,186.334,38.1858,1278.21,157.809,245.448,1297.1,155.308,253.031,1304.53,165.784,257.746,1291.82,168.607,247.907,1231.3,172.089,278.885
007637:1256.47,180.215,186.632,1269.45,179.916,188.011,1251.46,185.184,189.291,1289.81,181.08,181.564,1249.67,189.627,181.027,1295.15,172.582,171.681,1256.04,186.292,160.791,1263.16,148.928,198.725,1249.9,188.524,138.52,1242.63,147.952,217.106,1217.84,193.294,163.962,1258,148.204,120.386,1269.32,164.207,114.561,1267.66,138.126,75.1704,1273.23,176.505,69.7283,1270.63,139.582,40.7472,1256.12,185.628,42.5403,1267.38,162.891,251.273,1288.68,159.987,262.142,1289.24,172.792,270.81,1273.62,176.075,260.947,1222.19,171.252,277.926
007638:1265.3,180.866,184.408,1274.19,181.206,186.472,1272.03,185.623,183.831,1302.9,182.216,180.019,1269.77,194.503,179.124,1272.17,168.076,175.642,1254.25,185.94,159.424,1257.03,149.277,197.611,1249.9,188.524,138.52,1239.21,148.513,215.577,1218.05,193.294,164.707,1258.2,148.21,120.981,1264.37,163.732,117.053,1248.78,137.495,80.2027,1265.76,174.481,72.8723,1260.08,137.094,43.3174,1256.12,185.628,42.5403,1261.16,165.285,255.99,1268.96,162.834,269.399,1259.31,177.131,278.626,1250.23,178.807,265.028,1229.89,172.063,274.444
007639:1257.51,180.71,183.283,1249.76,182.281,187.956,1274.88,183.824,183.485,1279.96,178.984,182.978,1251.59,189.886,178.427,1251.19,162.702,180.095,1254.25,185.94,159.424,1255.61,149.037,196.239,1239.54,186.174,140.421,1243.84,148.53,212.873,1222.17,193.129,164.367,1261.23,148.03,121.223,1264.37,163.732,117.053,1265.8,136.269,77.4686,1264.41,174.556,73.3947,1261.33,136.993,42.3818,1256.12,185.628,42.5403,1246.06,166.39,253.62,1237.79,164.818,269.404,1265.55,180.293,273.992,1241.65,181.108,261.052,1229.48,172.055,273.172
007640:1263.79,183.036,183.405,1260.53,181.924,187.398,1262.73,187.091,184.288,1264.44,180.331,182.619,1259.39,191.1,177.927,1265.78,165.346,171.99,1250.13,187.177,159.432,1262.61,151.331,196.047,1234.95,190.186,144.906,1254.28,153.687,217.176,1219.77,192.33,160.046,1277.89,148.521,114.869,1261.56,168.426,112.474,1262.99,137.552,72.249,1247.71,175.151,72.8798,1262.09,138.163,34.9443,1257.77,187.68,35.2926,1234.81,151.194,227.413,1236.05,147.199,227.934,1222.86,148.126,230.446,1221.4,152.083,229.282,1223,172.257,267.331
007641:1268.76,182.824,183.308,1269.57,182.836,185.95,1271.81,188.032,182.82,1273.33,182.604,181.886,1263.68,192.253,177.217,1270.14,166.445,171.256,1254.2,188.318,158.031,1263.11,149.966,196.623,1239,189.985,142.085,1254.62,153.684,218.441,1236.99,194.229,156.236,1268.65,147.769,116.716,1256.81,167.312,112.029,1267.8,137.211,71.1825,1256.84,176.048,70.8267,1266.93,137.822,33.767,1262.03,188.865,33.5564,1159.39,153.822,242.466,1149.57,150.901,248.354,1110,152.448,253.023,1127.06,156.017,246.889,1198.28,172.088,259.822
007642:1268.35,182.817,181.987,1269.16,182.83,184.629,1271.81,188.032,182.82,1273.11,182.598,181.211,1268.03,192.054,175.105,1274.33,167.548,169.866,1253.99,188.313,157.36,1267.26,151.022,195.303,1234.37,190.181,142.959,1267.47,155.504,215.239,1227.8,193.26,156.496,1273.24,147.451,115.098,1261.2,168.429,111.16,1262.82,137.554,71.5827,1251.86,176.282,71.234,1257.47,137.115,35.3789,1266.23,190.037,31.7653,1173.03,157.815,234.863,1153.86,156.652,240.199,1121.25,157.526,242.191,1135.62,158.938,237.554,1170,173.439,254.329
007643:1267.92,184.172,182.057,1273.51,183.969,183.931,1266.82,188.23,182.92,1273.11,182.598,181.211,1268.22,192.054,175.753,1274.33,167.548,169.866,1253.99,188.313,157.36,1262.36,151.321,195.364,1238.38,191.324,141.526,1257.52,156.074,214.611,1231.76,194.402,155.106,1268.47,147.77,116.056,1256.45,168.689,112.129,1262.64,137.556,70.9165,1247.13,176.521,72.317,1262.24,136.763,34.193,1266.23,190.037,31.7653,1180.15,155.941,228.582,1164.53,154.505,232.177,1139.33,154.879,232.582,1150.56,156.57,230.241,1144.25,173.523,253.195
007644:1267.92,184.172,182.057,1268.74,184.185,184.699,1266.82,188.23,182.92,1272.89,182.592,180.537,1267.78,193.406,175.829,1274.11,167.543,169.191,1258.08,189.46,155.95,1262.39,151.326,195.382,1238.17,191.318,140.859,1243.85,155.59,215.9,1232.19,194.414,156.433,1268.25,147.764,115.378,1256.24,168.683,111.454,1258.21,136.512,71.9223,1251.27,177.655,70.6705,1257.61,135.718,34.6296,1261.15,190.233,32.2892,1187.47,154.039,222.818,1175.26,152.311,223.981,1158.12,152.153,223.892,1170.08,153.862,222.739,1119.27,173.61,252.119
007798:148.801,187.518,-0.848618
