015462:1085.58,-2.10552,138.463,1087.13,-5.18088,141.287,1091.48,-1.42716,140.595,1097.29,-14.3911,136.781,1119.68,-6.85888,132.516,1075.85,-19.7889,121.1,1130.83,-18.0972,112.206,1052.62,-20.4729,96.7083,1111.12,-1.38652,90.1016,1049.8,-3.26765,81.6983,1070.17,22.9618,94.3485,1067.56,-27.2077,74.3821,1148.32,-29.1774,61.7474,1059.01,10.7505,47.2186,1099.24,-26.8335,35.2178,1059.67,-17.0363,16.668,1092.6,-61.0163,13.6216,1042.64,37.5462,74.1142,1038.38,52.7575,83.6463,1051.99,65.0556,64.1399,1044.46,49.5473,62.4991,0,0,0
015463:1079.22,-2.42588,138.694,1081.65,-5.27089,141.733,1086.28,-1.26091,140.669,1089.83,-13.9271,138.483,1115.47,-6.27088,132.946,1072.52,-18.1156,121.878,1130.83,-18.0972,112.206,1050.45,-19.0173,97.3368,1104.93,-0.352906,91.0242,1040.64,0.101088,84.1271,1072.09,23.3338,93.7104,1064.08,-25.8274,75.3799,1125.6,-25.5053,58.6544,1061.83,11.3734,47.5456,1102.35,-26.3577,34.2267,1061.61,-16.5277,18.9532,1092.51,-61.0161,13.2767,1042.31,40.6603,74.4577,1047.16,56.3566,81.9043,1049.62,65.5859,69.9942,1034.37,50.1795,66.9746,0,0,0
015464:1084.79,-0.829537,137.065,1088.09,-4.17778,140.007,1084.11,-0.191378,140.847,1094.96,-14.2748,136.735,1095.07,-7.0947,137.508,1086.03,-17.5436,118.489,1125.4,-16.7395,113.679,1048.02,-17.8146,98.6746,1105.79,0.580591,91.1733,1036.28,2.98521,86.4158,1069.02,24.8934,95.1316,1061.03,-24.806,72.1051,1115.54,-23.8536,57.694,1059.41,13.0565,46.53,1104.46,-26.0385,33.6508,1070.09,-16.7595,15.8259,1093.45,-60.8833,12.5401,1052.33,45.3544,74.6788,1053.52,57.2201,86.1422,1043.79,66.5899,78.0306,1038.97,56.8596,68.0499,0,0,0
015465:1090.83,0.649449,136.837,1093.89,-1.92168,139.701,1090.78,1.85548,140.125,1097.87,-9.52802,137.33,1095.2,-1.9814,136.789,1088.69,-16.8788,119.714,1128.6,-16.2418,112.977,1057.63,-16.4759,97.4817,1119.68,-0.670662,88.9388,1042.37,4.00688,86.4438,1073.25,25.9557,94.392,1069.2,-25.3448,75.2939,1135.59,-27.2064,58.6692,1083.07,10.5761,41.8819,1103.57,-25.8886,33.6115,1067.4,-14.7865,17.6478,1093.37,-60.887,12.2806,1051.43,47.4254,77.4967,1064.45,59.1545,85.9764,1059.87,71.8738,77.0397,1048.74,59.9858,71.4432,0,0,0
015466:1091.27,1.24619,137.08,1094.26,-1.8916,139.877,1092.9,2.17259,140.204,1099,-10.3715,136.74,1099.17,-2.7262,136.292,1085.48,-16.3171,119.933,1129.67,-16.0768,112.783,1060.16,-13.4903,97.0234,1126.56,0.298902,87.2808,1043.37,4.1781,86.3671,1078.28,26.8969,93.5354,1071.15,-24.7546,73.6117,1133.49,-25.9254,61.8006,1086.25,10.6778,39.9638,1106.73,-25.4081,32.7452,1078.29,-15.032,14.8311,1091.71,-60.5513,12.4805,1057.29,49.0812,77.8165,1048.82,61.1746,93.7139,1058.24,72.1891,79.7418,1052.4,62.0015,72.6196,0,0,0
015467:1084.31,1.58594,137.617,1086,-1.36665,140.942,1089.81,2.87831,140.056,1091.44,-9.29003,138.254,1115.35,-1.15988,132.472,1078.64,-14.7118,121.307,1126.5,-15.1764,113.105,1047.28,-10.7827,99.5675,1124.56,1.00263,87.8891,1038.27,5.10343,88.0451,1079.03,27.8367,93.8077,1072.57,-23.9522,73.681,1132.9,-25.7615,62.8004,1087.48,11.5915,40.8712,1106.65,-25.4113,32.4838,1075.53,-12.0634,15.5279,1091.71,-60.5513,12.4805,1053.97,51.3106,83.8931,1056.85,60.1588,93.5301,1059.64,74.9266,84.0454,1055.33,64.8077,76.2458,0,0,0
015468:1089.06,3.58722,137.339,1088.27,0.73369,140.832,1091.19,4.41183,140.234,1087.98,-7.2043,138.598,1094.95,-0.119971,136.648,1079.64,-14.5198,121.534,1130.2,-14.0509,112.457,1059,-10.853,97.68,1127.08,0.887013,86.5489,1025.22,10.5495,93.4132,1085.14,28.9776,92.8732,1071.19,-23.6409,74.7381,1134.15,-25.5954,63.0973,1086.25,13.2415,41.9791,1107.71,-25.2507,32.1941,1078,-10.8121,13.8899,1094.8,-60.1443,11.3053,1057.29,51.8686,85.7386,1058.65,61.3202,98.4181,1068.57,76.8882,92.0297,1060.46,66.1744,80.2975,0,0,0
015469:1089.31,4.57227,137.561,1089.75,1.85516,140.825,1092.06,5.38931,140.333,1093.85,-5.91261,137.897,1102.95,0.752633,135.44,1080.81,-13.3136,121.767,1135.29,-14.4535,113.794,1045.76,-8.4063,100.836,1119.94,2.10333,88.4013,1024.06,13.4666,94.2725,1081.26,30.6553,94.7403,1072.48,-23.1854,74.4985,1133.32,-25.4407,63.3062,1084.13,14.3481,43.6668,1108.77,-25.09,31.904,1075.5,-8.93572,14.8319,1094.72,-60.1481,11.0453,1061.33,53.2901,89.0208,1061.55,61.0228,99.9686,1068.4,77.2833,93.927,1062.95,69.2727,82.1083,0,0,0
015470:1090.83,5.09802,136.988,1089.54,2.5399,141.171,1093.39,6.10163,139.962,1088.32,-6.11114,140.04,1100.54,1.19368,135.875,1085.45,-13.4989,120.259,1127.94,-12.8223,114.927,1062.04,-7.98853,96.7174,1120.45,3.04985,87.7279,1023.58,15.9532,95.6052,1081.51,30.9684,94.8567,1071.32,-22.326,73.8561,1130.32,-24.5046,64.3403,1094.92,13.5958,40.2386,1108.77,-25.09,31.904,1054.69,-3.08324,20.7732,1094.64,-60.1518,10.7854,1072.06,55.3178,90.717,1061.68,62.3917,104.66,1073.95,78.5607,96.794,1066.45,70.8374,86.3223,0,0,0
015471:1091.42,5.07617,136.403,1090.32,1.81619,140.45,1091.16,6.71129,140.187,1087.76,-6.77587,139.238,1098.28,1.99582,136.56,1082.06,-12.5317,120.952,1125.19,-12.393,114.557,1059.8,-5.50022,97.5112,1118.42,4.09312,88.0208,1026.99,18.1181,96.1853,1069.58,33.2215,99.1044,1072.67,-22.3434,71.8092,1129.78,-24.0333,64.6174,1081.4,16.6219,45.8562,1108.77,-25.09,31.904,1067.14,-1.48348,16.7871,1094.6,-60.1537,10.6553,1072.79,55.916,92.3139,1068.44,63.1362,106.387,1075.46,78.2914,102.303,1070.19,71.4238,89.6802,0,0,0
015472:1095.8,7.05018,136.411,1092.7,4.14049,140.504,1098.94,7.6523,139.148,1088.57,-4.83177,138.463,1102.17,1.43442,135.118,1079.71,-11.8473,119.996,1116.26,-10.7952,116.655,1061.84,-4.8384,97.0276,1128.72,4.15912,85.8037,1028.85,19.205,96.9829,1064.14,34.803,101.695,1066.78,-20.8236,74.0232,1133.03,-23.5446,63.8066,1082.18,17.1693,45.5283,1101.7,-23.5941,36.4888,1071.15,-0.791463,15.6163,1093.77,-59.9858,10.7563,1072.56,56.3245,93.8947,1080.12,62.2904,106.086,1086.36,79.627,105.049,1075.63,72.4089,92.2454,0,0,0
015473:1090.19,7.59636,137.204,1086.66,4.69644,141.56,1091.46,8.11698,140.401,1084.77,-3.91956,139.857,1098.69,2.53941,136.85,1080.64,-10.8893,121.142,1114.73,-10.507,117.348,1063.31,-3.33211,97.443,1128.19,5.73595,86.9739,1028.46,19.6359,97.6096,1066.3,35.1872,102.015,1070.91,-20.8605,73.83,1133.03,-23.5446,63.8066,1081.83,18.3262,46.8126,1101.7,-23.5941,36.4888,1068.99,1.05335,17.2077,1093.78,-59.9878,10.799,1068.95,56.1096,99.5852,1085.32,61.7777,109.818,1086.99,79.6268,107.324,1072.94,74.1958,98.5427,0,0,0
015474:1085.95,8.57053,138.077,1086.88,5.01084,141.712,1093.32,9.54384,140.171,1086.45,-4.07871,140.128,1106.62,4.85301,135.705,1074.95,-8.42214,123.125,1115.82,-10.3385,117.288,1064.94,-1.88244,97.309,1123.99,7.51061,88.2328,1028.74,19.9392,97.8453,1073.17,34.8635,101.325,1064.4,-19.0158,74.0868,1131.2,-23.2437,63.697,1057.62,23.2331,52.4585,1101.7,-23.5941,36.4888,1075.37,0.844767,12.8588,1093.78,-59.9878,10.799,1071.7,56.7731,102.369,1092.62,61.3698,114.318,1088.28,79.9349,111.387,1079.27,75.3811,100.969,0,0,0
015475:1087.34,9.45961,137.159,1086.62,6.78292,141.045,1090.71,10.7661,139.62,1088.84,-1.65999,138.955,1099.84,6.54794,134.813,1085.16,-8.55381,120.507,1115.82,-10.3385,117.288,1065.89,0.386087,97.3981,1122.25,8.90472,89.3304,1023.97,22.1333,100.15,1068.7,35.8831,102.453,1077.75,-19.997,72.999,1126.81,-22.4898,63.9901,1077.53,21.1602,49.1113,1103.84,-23.2717,36.0884,1058.05,4.58704,18.2148,1093.78,-59.9878,10.799,1071.23,58.5648,107.164,1084.85,60.6683,118.566,1088.81,77.8847,115.815,1072.3,73.3399,106.393,0,0,0
015476:1086.68,11.5586,137.315,1088.42,8.17321,140.473,1089.83,11.7204,140.518,1088.81,-0.641584,138.376,1094.24,5.72535,139.144,1074.39,-5.58759,122.689,1115.86,-10.3372,117.417,1057.48,1.85434,99.1562,1117.89,9.71585,91.9848,1024.68,24.0708,100.981,1074.61,35.6759,101.274,1063.13,-16.3238,74.689,1125,-22.1911,63.8807,1054.92,26.1541,55.0904,1104.89,-23.11,35.802,1052.7,6.96537,20.7854,1093.78,-59.9878,10.799,1071.46,58.5674,107.978,1084.8,61.3671,120.409,1094.89,77.6205,118.909,1078.36,74.2343,108.211,0,0,0
015477:1090.02,11.5088,135.909,1089.67,7.91299,139.768,1093.8,12.128,139.131,1089,-1.50097,138.709,1099.55,6.88512,138.19,1074.45,-3.81969,123.496,1109.44,-9.18793,118.959,1063.21,3.26631,98.009,1126.53,8.61375,89.3855,1030.35,27.5258,100.382,1075.34,36.3077,102.272,1063.95,-15.7713,74.6698,1127.15,-21.864,63.3411,1062.93,25.9721,54.2464,1105.95,-22.9483,35.5154,1052.69,8.36081,20.9333,1093.94,-59.9842,11.4042,1073.27,58.7561,111.143,1092.21,60.5379,123.114,1102.49,77.1621,121.227,1079.9,74.8384,112.731,0,0,0
015478:1084.59,13.7998,137.951,1084.27,9.99211,141.53,1091.25,14.4091,140.426,1078.91,0.342769,140.168,1097.28,8.30811,137.744,1078.53,-2.83068,122.347,1109.48,-9.18664,119.088,1061.75,4.58075,98.8262,1115.25,11.9173,92.8415,1026.12,29.574,101.978,1067.56,37.9312,106.174,1068.45,-15.5391,73.9915,1123.07,-20.7983,63.7037,1061.98,27.4858,54.462,1107.09,-22.7867,35.5719,1040.23,12.2302,24.7422,1097.28,-60.6583,11.0438,1075.2,58.5587,112.038,1090.88,60.7541,124.211,1097,77.5434,123.187,1077.44,74.5405,113.642,0,0,0
015479:1089.21,14.7972,137.777,1089.58,11.4829,141.323,1091.78,15.981,140.902,1086.07,2.30356,139.777,1095.99,8.64232,137.669,1081.07,-1.59921,120.973,1100.69,-7.62291,121.013,1047.49,8.34537,100.912,1104.73,14.2828,94.3787,1027.24,32.1207,102.884,1069.64,38.3187,106.21,1078.52,-15.6502,71.7108,1120.77,-20.0329,64.0023,1069.38,27.5297,55.7898,1107.09,-22.7867,35.5719,1041.43,14.1026,24.9227,1100.64,-61.3352,10.6818,1076.36,58.7444,112.844,1094.14,60.339,123.903,1097.45,71.5632,129.362,1090.2,74.652,115.636,0,0,0
015480:1085.34,14.9832,138.251,1088.57,12.2584,141.261,1088.28,16.008,141.203,1089.47,3.70526,139.368,1097.12,7.7764,137.337,1077.55,-0.996155,121.473,1101.95,-7.14344,120.738,1046.87,10.801,100.547,1102.05,16.1065,94.7946,1028.2,33.337,103.391,1069.96,38.6325,106.581,1073.97,-14.2087,71.1866,1115.78,-18.8301,64.177,1072.99,28.4147,56.2218,1107.17,-22.7872,35.9155,1048.25,15.3653,23.0829,1100.76,-61.3353,11.2019,1082.19,58.9957,114.779,1097.13,60.3251,125.136,1103.81,72.0561,129.266,1093.96,74.2785,116.825,0,0,0
015481:1085.47,16.8923,137.962,1087.41,13.4515,140.96,1089.42,17.2802,141.23,1085.88,4.0245,139.055,1083.85,9.3156,141.613,1078.26,-0.0190826,122.424,1093.43,-5.59288,123.321,1064.71,9.86493,97.3193,1112.55,15.6253,95.1881,1036.72,35.0271,101.85,1075.04,39.6077,106.099,1065.58,-12.5522,74.9206,1118.03,-18.5008,64.1559,1061.51,30.6974,55.6507,1107.21,-22.7875,36.0874,1057.04,17.0028,20.5234,1100.74,-61.6375,12.1888,1086.74,59.0612,115.344,1092.13,58.3095,129.011,1111.16,72.7426,129.233,1092.61,73.8813,118.847,0,0,0
015482:1088.68,17.2797,137.915,1090.52,13.9811,141.234,1091.35,18.4873,141.074,1089.49,4.70698,139.484,1094.89,10.3703,138.39,1075.01,0.494862,122.218,1098.25,-6.12899,121.724,1047.92,14.4191,101.32,1093.89,19.2432,98.2153,1052.8,36.0188,100.163,1074.49,39.732,107.044,1069.15,-13.3394,72.0437,1117.33,-18.3466,64.7544,1068.73,30.1279,57.6333,1107.26,-22.7878,36.2592,1058.66,19.2171,20.9511,1100.79,-61.6376,12.3621,1087.38,59.0805,117.353,1094.73,58.0007,129.237,1119.17,72.153,129.668,1094.84,72.7109,118.83,0,0,0
015483:1083.18,17.9671,138.481,1083.76,14.9163,141.979,1086.83,19.195,141.434,1083.46,6.32036,140.23,1095.7,10.7957,137.929,1069.04,1.55387,123.763,1094.66,-4.04501,123.367,1048.17,16.0863,101.444,1092.31,19.5278,99.1452,1052,37.8888,101.506,1072.79,41.0137,107.687,1071.06,-10.8864,71.3064,1117.74,-18.0292,65.2976,1070.42,31.5664,56.7507,1107.3,-22.788,36.4309,1064.38,19.2438,17.8523,1100.73,-61.9415,13.2183,1088.86,59.2775,119.172,1097.96,57.9819,131.367,1125.37,70.558,131.339,1101.01,72.7206,121.858,0,0,0
015484:1085.92,19.0938,137.312,1089.18,15.8153,140.515,1082.45,19.6973,141.607,1092.56,6.44675,138.732,1080.94,12.1518,141.195,1078.84,1.24397,122.041,1099.01,-3.05101,122.596,1053.16,16.3021,100.846,1087.88,21.3045,100.715,1055.28,39.7739,101.226,1067.76,43.1889,110.325,1071.94,-10.0642,69.7671,1115.38,-17.8922,67.2228,1065.32,32.7357,58.771,1107.34,-22.7882,36.6028,1059.14,22.5199,19.1663,1100.8,-61.9378,13.4789,1094.73,59.8248,120.566,1101.26,58.4461,129.813,1122.07,69.7726,133.502,1095.32,73.8144,125.099,0,0,0
015485:1088.29,20.706,136.903,1091.31,17.664,140.045,1086.8,21.0763,140.892,1094.86,8.82647,138.088,1092,12.7602,139.203,1073.92,2.80016,123.324,1101.1,-2.7076,122.317,1063.08,17.731,98.6334,1095.36,20.1154,99.0965,1063.11,39.6292,99.7213,1070.42,44.5183,110.232,1070.63,-7.3495,70.8628,1113.4,-18.2227,68.2656,1068.5,34.3186,58.0575,1107.43,-22.7888,36.9464,1057.3,23.8644,19.8131,1100.8,-61.9378,13.4789,1094.06,59.9336,121.117,1102.07,58.0485,130.047,1121.51,69.5805,134.933,1102.7,73.2245,123.925,0,0,0
015486:1080.1,21.4351,139.213,1080.69,18.484,142.534,1082.63,22.4994,142.206,1082.11,10.0047,140.961,1094.34,14.5309,138.571,1072.93,5.41973,124.194,1100.8,-1.94687,122.558,1059.23,18.4161,100.427,1094.93,20.2426,100.231,1072.43,40.5998,97.0972,1069.26,45.0637,111.18,1071.27,-6.29942,72.8755,1106.52,-17.3565,69.5122,1073.13,35.6678,56.6889,1107.52,-22.7892,37.2899,1060.16,25.8287,18.9484,1101.98,-61.7957,13.5645,1095,60.1238,121.046,1103.94,57.8411,130.638,1121.63,69.584,135.317,1110.24,74.8076,123.376,0,0,0
015487:1082.6,22.8701,139.54,1085.36,19.6222,142.556,1085.6,23.996,142.461,1089.43,10.1941,140.258,1097.94,15.8916,138.329,1079.55,7.05453,122.951,1102.9,-1.60167,122.279,1052.55,20.5602,102.511,1086.5,22.3018,102.598,1061.16,43.3342,100.667,1066.31,45.5216,112.4,1065.52,-4.965,73.6015,1098.17,-15.8948,70.4937,1063.7,37.1104,59.4361,1105.45,-23.1133,38.0326,1052.38,27.4293,21.5023,1100.8,-61.1406,14.514,1098,61.2813,120.703,1104.3,57.8418,131.932,1119.11,69.8861,135.567,1106.88,74.903,123.967,0,0,0
015488:1086.2,24.7529,139.266,1087.98,21.6174,142.268,1088.74,25.6243,142.354,1089.05,12.7775,139.916,1099.92,16.2432,138.297,1074.37,8.97075,124.177,1102.56,-0.841711,122.393,1054.25,22.3126,102.001,1093.29,21.2423,101.484,1072.74,44.6814,97.671,1070.32,46.3171,111.963,1068.72,-3.76673,73.5554,1098.17,-15.8948,70.4937,1062.94,37.2609,60.29,1105.45,-23.1133,38.0326,1050.93,31.0968,21.9282,1100.84,-61.1407,14.6873,1101.2,62.7407,120.588,1103.7,57.9515,132.777,1115.72,69.992,136.133,1106.2,74.1142,125.757,0,0,0
015489:1084.6,24.953,139.176,1086.11,21.7912,142.56,1088.88,26.4129,141.821,1085.35,12.5675,141.358,1104.92,18.7541,136.894,1075.66,10.1601,124.401,1104.62,-0.494659,121.946,1057.18,24.9932,103.07,1086.63,22.7193,104.324,1079.36,47.8474,96.405,1073.29,46.9156,111.456,1069.34,-2.8008,74.0322,1101.28,-15.3994,69.7115,1063.17,38.9176,59.8186,1105.45,-23.1133,38.0326,1054.02,31.9876,21.0281,1105.15,-60.5919,13.6395,1098.59,64.0457,122.016,1102.23,58.1677,133.491,1114.32,69.9034,137.553,1104.84,75.8958,127.965,0,0,0
015490:1083.97,25.9066,138.722,1083.17,23.2706,142.458,1088.32,26.8195,141.367,1079.23,15.3072,142.247,1097.24,18.2163,138.216,1075.86,10.5228,125.295,1100.47,1.26455,122.713,1076.22,23.6914,99.2847,1095.23,21.682,102.131,1076.13,48.43,99.5351,1073.29,46.9156,111.456,1068.87,-1.90024,76.2683,1105.45,-14.7359,68.664,1067.53,39.6789,59.4656,1105.45,-23.1133,38.0326,1050.95,32.8019,21.7782,1105.72,-59.9749,13.6628,1101.79,65.5116,121.882,1101.48,58.2736,133.806,1117.92,69.5061,138.075,1104.6,75.896,127.095,0,0,0
015491:1082.94,26.9198,139.701,1081.11,23.9545,143.708,1087.53,28.3592,142.055,1077.73,15.2604,142.405,1096.81,21.3304,137.365,1082.92,10.9973,122.643,1098.33,2.29074,122.496,1073.06,25.5623,99.9607,1077.69,24.4117,105.174,1068.89,49.5424,102.798,1065.04,48.4644,113.753,1068.94,-1.69335,74.1431,1105.65,-14.4244,68.4746,1072.48,40.5818,56.6185,1105.45,-23.1133,38.0326,1049.41,34.7556,22.2274,1105.18,-59.4975,13.8615,1104.37,67.6748,121.772,1108.77,60.3812,131.485,1116.42,69.7082,138.857,1105.5,77.0883,128.639,0,0,0
015492:1083.31,27.3813,139.81,1082.96,24.6335,143.313,1089.3,28.3654,141.953,1078.77,17.1778,142.318,1103.86,20.3305,136.695,1081.28,14.7561,123.565,1104.64,2.27131,121.258,1066.31,26.6423,101.715,1088.17,23.8956,104.811,1081.66,52.8507,99.7347,1069.19,49.5772,113.15,1062.72,0.190828,77.2661,1099.25,-12.9516,69.387,1065.78,42.3413,59.9119,1105.45,-23.1133,38.0326,1048.33,35.9504,22.5439,1108.63,-58.7782,12.8219,1097.42,71.0523,123.831,1100.18,62.4166,132.739,1115.61,69.8093,139.023,1112.17,79.3866,127.155,0,0,0
015493:1083.36,29.2101,140.315,1084.43,26.4982,143.653,1088.16,30.2736,142.641,1084.89,18.3449,141.894,1101.84,22.2939,137.469,1095.71,16.5784,120.824,1099.21,3.84148,121.445,1073.84,28.8694,99.6744,1081.95,25.5165,105.356,1076.75,53.9205,101.793,1069.19,49.5772,113.15,1069.38,0.367745,75.1355,1098.45,-12.8063,69.5888,1067.18,42.8842,60.7879,1105.45,-23.1133,38.0326,1053.18,36.9212,21.1325,1114.14,-58.0807,11.805,1101.15,72.4274,122.706,1108.45,64.437,130.992,1122.73,73.2747,137.314,1111.35,81.0675,128.392,0,0,0
015494:1081.97,30.3885,139.962,1085.24,27.795,142.817,1087.34,31.3653,142.386,1087.33,20.0743,140.825,1105.74,22.2031,137.006,1084.07,18.4089,122.387,1102.28,4.37031,120.774,1063.01,32.9197,101.834,1079.78,26.5657,106.312,1076.54,54.9397,101.268,1075.26,50.7876,112.596,1066.53,1.14693,74.773,1099.31,-11.5604,69.094,1059.41,44.9714,61.1943,1105.45,-23.1133,38.0326,1053.86,39.8991,20.7905,1107.63,-55.9238,14.7476,1101.97,72.6246,122.213,1104.59,66.8375,132.756,1137.88,76.7881,134.682,1116.75,82.2825,126.971,0,0,0
015495:1080.37,31.7497,140.856,1079.49,29.2759,144.774,1084.6,31.6248,143.919,1081.94,22.4471,142.188,1107.89,21.5501,137.89,1080.1,19.7421,123.266,1104.33,4.72396,120.325,1063.91,34.8043,101.227,1087.71,25.316,104.473,1066.73,58.0362,104.677,1066.62,53.0517,115.11,1060.09,3.05388,77.8824,1103.46,-10.8878,68.047,1064.28,45.9111,58.7219,1105.49,-23.1135,38.2042,1042.94,42.2156,23.7727,1113.09,-55.2174,13.5648,1101.97,72.6246,122.213,1107.36,67.4188,132.332,1135.44,77.6821,134.635,1118.18,83.9837,126.627,0,0,0
015496:1085.15,33.0802,140.156,1084.14,30.5142,143.819,1092.72,33.7018,142.187,1078.12,23.0762,143.02,1114.38,23.0752,135.775,1074.61,22.0047,124.538,1104.59,6.11558,120.818,1054.03,37.359,104.055,1094.26,30.5766,103.81,1068.29,59.8757,104.871,1069.57,53.6606,114.612,1057.2,4.3085,79.6237,1107.64,-10.2117,66.9947,1064.92,47.5285,58.5052,1108.7,-22.6277,37.5196,1045.05,44.933,22.4633,1114.81,-54.4497,13.5453,1101.45,73.6103,122.193,1114.74,68.9785,131.093,1135.96,79.4911,134.051,1121.82,84.8045,125.694,0,0,0
015497:1088.38,34.7932,138.818,1090.86,31.7201,142.021,1083.62,34.4567,143.74,1093.94,24.2298,139.212,1085.27,24.6886,142.604,1077.25,21.5766,123.888,1108.61,6.51928,120.354,1053.34,39.8598,104.755,1064.04,35.5815,111.627,1069.06,60.3801,103.272,1068.98,54.0823,114.746,1069.55,3.11586,75.2648,1108.3,-9.26851,66.6461,1065.44,49.1643,58.353,1109.76,-22.4653,37.2334,1052.13,46.8533,24.8312,1115.93,-54.3053,13.3694,1111.67,76.6826,119.717,1112.87,71.3576,130.81,1140.75,81.1199,132.586,1122.96,85.9105,125.134,0,0,0
015498:1083.61,35.4419,140.087,1085.8,32.4211,143.234,1081.95,35.1921,144.305,1088.84,25.0281,140.497,1091.69,24.9943,141.419,1075.55,22.858,123.88,1111.71,7.05622,119.678,1062.15,41.254,102.776,1075.22,33.929,110.05,1072.95,62.5626,102.153,1066.21,54.8338,115.919,1064.18,5.77831,76.6246,1107.49,-9.12425,66.8507,1067.91,48.7795,57.1045,1113.03,-21.9772,36.7173,1048.49,48.812,20.4177,1113.53,-53.7995,14.241,1106.68,76.9677,120.69,1114.06,74.3331,131.014,1145.44,82.151,131.46,1118.06,87.3639,125.159,0,0,0
015499:1087.07,36.3802,137.752,1087.55,34.2489,141.655,1088.32,34.9905,141.687,1093.83,27.6553,139.257,1089.86,25.1104,141.864,1080.11,23.5846,124.313,1102.62,9.90909,120.565,1067.9,42.78,101.347,1080.22,33.0246,106.304,1074.73,62.7334,103.161,1081.51,53.0776,113.129,1070.02,7.1777,74.9232,1107.5,-7.72551,66.388,1062.84,49.4378,57.0967,1123.73,-20.3406,33.9366,1047.03,50.7508,21.2806,1107.63,-51.8357,16.2472,1111.26,78.2676,119.377,1114.06,74.3331,131.014,1150.34,86.3271,130.134,1121.49,88.191,123.518,0,0,0
015500:1084.39,37.595,139.473,1084.44,34.5228,142.901,1082.87,37.9046,143.523,1082.04,26.9786,141.519,1090.84,29.2257,141.228,1072.88,25.0111,124.723,1096.6,10.9798,123.113,1070.47,44.4679,101.099,1069.3,35.1843,111.429,1069.57,64.6371,101.395,1081.51,53.0776,113.129,1067.15,8.84507,78.0018,1107.69,-7.4123,66.1987,1070.09,49.8169,56.0511,1125.93,-20.0096,33.5275,1046.55,52.8902,21.9963,1109.77,-51.5482,15.6388,1100.66,80.3953,120.2,1114.06,74.3331,131.014,1137.03,83.7172,132.241,1121.72,88.4929,123.904,0,0,0
015501:1086.55,38.6339,138.081,1087.46,36.3129,141.959,1087.44,37.6325,142.053,1089.57,29.9658,140.783,1087.63,28.3784,142.809,1074.18,26.601,126.009,1093.78,12.127,123.455,1070.58,45.7729,100.253,1085.2,33.3172,105.317,1079.55,65.357,98.8126,1085.47,53.8965,112.27,1063.6,10.788,78.2129,1102.03,-6.41236,67.6281,1075.1,49.3518,52.8004,1122.79,-19.0576,34.7076,1046.15,53.6441,22.3695,1111.7,-50.4671,15.3752,1097.57,81.0714,120.879,1109.55,76.1097,131.693,1140.41,86.4513,130.991,1122.59,91.4988,123.182,0,0,0
015502:1080.22,40.3997,140.58,1079.04,37.7111,144.561,1085.83,39.5503,143.609,1081.16,30.2232,143.012,1097,30.5096,142.048,1076.23,27.9631,125.062,1093.49,12.1181,122.561,1074.68,46.5256,98.871,1080.56,34.7491,107.096,1072.5,68.3909,101.933,1083.69,55.4827,112.125,1068.2,11.3201,75.8461,1104.11,-6.06926,67.1032,1073.34,51.9623,52.1857,1102.45,-14.492,42.4034,1051.12,54.9859,20.9201,1108.79,-49.4879,16.4877,1102.89,82.281,119.399,1115.36,78.4986,130.197,1154.67,89.6064,128.041,1125.86,92.028,121.38,0,0,0
015503:1084.72,42.2634,139.951,1086.41,39.404,143.045,1080.97,41.6877,144.7,1087.22,32.4717,140.523,1090.07,30.553,142.138,1073.1,30.7938,124.833,1096.75,12.973,121.849,1060.47,49.3227,103.641,1072.18,36.8503,111.843,1070.53,69.5669,100.361,1077.62,56.9761,113.13,1065.89,13.0898,76.4258,1105.65,-5.26514,66.8126,1056.39,54.4911,59.6419,1124.35,-18.2458,34.4736,1048.83,55.6436,21.4126,1112,-49.0514,15.575,1100.14,84.1365,119.889,1117.4,79.4986,129.767,1154.89,92.3493,125.429,1124.09,95.6045,120.4,0,0,0
015504:1082.83,43.0539,139.217,1082.06,40.4019,143.374,1087.03,41.7747,142.571,1083.42,33.7968,141.501,1095.74,32.0358,141.119,1072.53,30.9315,125.849,1097.19,13.5979,121.753,1056.52,52.2572,104.66,1087.27,35.2073,107.44,1073.41,70.6844,102.369,1071.04,58.8797,114.391,1069.61,13.5544,76.3988,1096.07,-3.56704,69.51,1071.83,53.2273,53.0418,1125.47,-18.0792,34.3564,1040.75,58.7684,22.8787,1110.38,-48.7201,16.0373,1094.71,85.9636,120.25,1125.18,83.2156,126.989,1152.21,95.1669,125.542,1117.88,96.2153,120.17,0,0,0
015505:1082.13,44.438,139.771,1079.62,41.8322,144.165,1087.98,43.4394,142.887,1078.24,34.6527,142.637,1101.44,34.0123,140.296,1078.06,32.4519,124.135,1092.97,15.6185,121.547,1059,52.9227,104.163,1087.46,35.844,106.919,1075.49,72.0669,100.765,1070.26,58.9863,114.569,1069.73,13.531,76.2874,1094.78,-2.97083,70.114,1075.7,54.3879,51.526,1116.91,-16.5245,36.6666,1039.84,62.2628,22.8604,1112.4,-47.3286,15.1345,1094.28,87.5286,119.94,1124.87,84.8124,127.034,1152.99,95.0772,125.059,1116.61,96.402,121.681,0,0,0
015506:1084.36,45.3774,139.501,1082.05,42.7206,143.625,1088.43,44.209,142.798,1077.94,36.1732,142.79,1097.16,34.5705,141.499,1074.29,33.0311,125.002,1098.88,16.7166,119.624,1071.57,52.0968,99.7829,1080.22,37.3476,109.966,1078.1,75.0746,98.7767,1066.49,60.8754,116.043,1064.61,15.1096,78.1866,1096.15,-1.09268,69.7694,1082.97,54.4135,49.5217,1076.29,-8.50293,52.4726,1044.86,63.9449,21.2144,1101.87,-45.1969,18.1284,1094.86,91.0721,117.728,1118.29,85.8601,127.997,1139.14,96.5033,126.989,1113.39,98.8432,120.119,0,0,0
015507:1082.52,46.6278,139.918,1080.36,43.7176,143.679,1086.2,45.7245,143.005,1076.54,35.792,142.677,1101.53,37.5067,140.294,1075.02,34.2595,124.283,1097.85,17.915,119.5,1061.48,55.5513,102.287,1081.47,37.4526,108.816,1081.25,77.5206,100.679,1068.42,61.2906,115.605,1067.15,15.695,77.0937,1090.67,1.26613,71.1516,1086.06,54.6678,48.4505,1120.76,-15.3783,36.5513,1042.57,64.5871,21.7083,1102.38,-44.576,17.9844,1100.11,92.3133,116.095,1124.49,88.9045,126.915,1138.78,99.6137,125.321,1116.44,100.377,119.656,0,0,0
015508:1078.68,47.4528,140.045,1075.16,44.2248,144.203,1085.86,46.7575,142.667,1069.55,36.2005,143.087,1106.22,38.4291,138.751,1074.45,35.6757,123.671,1104.17,20.1126,119.308,1066.51,57.4903,99.6098,1082.15,37.679,108.493,1074.83,78.6056,101.26,1075.34,62.7522,114.518,1071.34,15.9621,74.7374,1095.79,2.14386,69.8611,1087.92,56.4941,47.9684,1120.12,-14.9015,36.7241,1043.1,65.8555,21.2645,1104.42,-44.2833,17.1201,1104.53,93.3539,114.8,1124.71,90.4067,125.783,1137.97,100.302,124.939,1128.07,103.169,115.962,0,0,0
015509:1075.9,48.3026,140.511,1076.89,46.1137,143.823,1081.3,47.1999,143.325,1078.88,39.9476,141.834,1094.69,37.5729,141.18,1074.45,36.3886,124.167,1100.36,20.7574,120.832,1061.82,59.5301,101.604,1068.7,39.7119,112.132,1072.84,80.6036,103.292,1077.34,63.1716,114.239,1070.8,16.8323,76.4251,1099.91,2.85003,68.8228,1087.89,58.2332,48.0135,1118.62,-14.2713,37.1268,1030.63,68.4905,24.0638,1105.48,-44.135,16.8179,1106.39,94.0698,114.23,1124.87,92.5007,123.878,1139.27,103.242,122.896,1116.04,104.339,117.075,0,0,0
015510:1075.51,49.9199,139.972,1075.33,47.2124,143.581,1081.86,48.9951,142.692,1075.88,40.3569,141.8,1098.09,39.8472,139.84,1078.26,37.82,122.422,1091.59,22.1512,122.752,1059.36,60.1663,101.427,1068.66,39.7554,112.851,1075.26,82.3018,101.88,1078.32,63.3819,114.018,1073.78,17.0305,75.6899,1099.91,2.85003,68.8228,1088.38,59.5448,47.6453,1112.62,-13.2015,38.5945,1041.8,68.7152,21.1838,1105.44,-44.1368,16.6869,1103.3,95.0178,114.78,1121.67,93.1612,124.562,1130.24,105.982,123.512,1119.7,104.807,113.689,0,0,0
015511:1079.14,51.444,139.858,1079.45,48.5264,143.19,1081.89,50.782,143.415,1083.37,40.8042,140.688,1090.81,42.1505,142.159,1096.74,40.2392,118.077,1088.61,24.3377,123.134,1060.92,62.0187,102.184,1060.36,41.6111,113.628,1073.34,85.7065,100.682,1082.33,64.2248,113.457,1087.48,19.6426,71.6478,1101.16,3.02573,69.4078,1083.06,59.5403,48.2774,1097.37,-8.96273,43.5723,1054.15,72.8871,18.0575,1115.38,-42.763,14.2554,1104.35,95.8227,114.39,1116.64,93.9918,124.952,1131.38,107.705,122.42,1123.24,107.269,113.78,0,0,0
015512:1082.04,53.4216,138.731,1081.86,50.3401,142.114,1080.63,52.9283,142.997,1082.67,42.1689,139.985,1100.7,41.6527,138.596,1082.72,42.2934,121.228,1088.53,24.3352,122.879,1069.36,64.3704,102.193,1054.69,43.5607,116.58,1072.38,86.7794,100.063,1082.33,64.2248,113.457,1067.13,22.872,75.98,1102.19,3.20313,69.1475,1059.72,62.6471,53.8261,1110.67,-11.4604,38.058,1058.6,73.3277,16.4617,1109.23,-40.2951,15.6175,1107.51,98.5399,112.943,1118.05,95.9991,124.336,1143.82,109.883,118.424,1126.41,110.931,111.4,0,0,0
015513:1079.42,54.1885,139.312,1077.88,50.7829,143.331,1083.46,53.4864,142.804,1076.33,42.4562,141.679,1092.9,44.5703,141.359,1085.8,43.528,119.893,1089.25,24.3575,125.174,1055.25,67.5023,103.735,1070.86,41.796,111.713,1070.63,88.7654,100.313,1079.15,64.6426,114.176,1075.33,21.5861,74.5109,1106.3,3.91505,67.9338,1070.5,61.2944,52.9874,1115.32,-10.1351,36.8013,1052.65,75.4372,18.0627,1106.72,-39.6177,19.031,1108.32,101.819,112.059,1130.18,101.166,119.624,1146.15,113.068,116.604,1127.65,111.38,108.738,0,0,0
015514:1082.71,55.9064,137.919,1081.1,52.5177,142.123,1085.87,55.3446,141.5,1078.7,43.4542,141.345,1093.8,46.3822,140.558,1085.06,44.3319,120.268,1088.08,24.3215,121.476,1055.55,68.5086,104.434,1073.48,43.4548,111.087,1071.75,89.2459,100.285,1081.16,65.0652,113.896,1079.96,24.2419,71.6717,1103.39,5.09073,68.2462,1066.2,62.5128,53.011,1113.6,-8.70789,38.0007,1054.22,76.6264,18.1524,1103.21,-38.9889,19.0313,1109.09,104.21,112.027,1134.83,103.153,117.587,1142.96,113.698,117.711,1127.35,114.27,110.856,0,0,0
015515:1077.56,57.0135,139.649,1077.36,54.1934,143.62,1081.61,56.3147,143.347,1078.16,46.542,141.691,1090.93,46.7609,141.792,1080.53,46.656,120.413,1100.79,26.7696,117.227,1055.89,70.7593,102.955,1088.81,42.2581,107.842,1071.02,89.9057,99.9089,1078.4,66.1114,114.693,1064.38,26.7722,76.6772,1105.42,5.44905,67.5539,1070.47,63.2987,51.3537,1119.9,-9.9369,34.385,1039.07,80.5615,22.8233,1101.45,-38.6763,18.9663,1113.72,107.08,109.398,1129.05,104.649,118.146,1143.91,114.228,117.187,1117.36,115.425,109.733,0,0,0
015516:1081.29,58.4524,137.94,1084.05,55.1719,140.772,1080.03,56.6402,142.813,1087.29,46.6519,138.249,1079.63,45.4512,143.906,1089.17,47.1203,118.182,1094.31,28.0671,117.7,1054.84,73.5624,102.741,1069.91,46.3526,111.874,1066.58,92.441,102.173,1078.4,66.1114,114.693,1069.68,27.2648,74.4701,1077.36,11.0297,77.3636,1060.6,64.8357,51.4676,1075.12,-1.53774,54.398,1041.74,82.9121,21.7232,1104.47,-36.8234,16.689,1111.51,109.417,108.595,1136.33,106.399,115.93,1135.02,116.519,116.142,1117.67,116.925,109.252,0,0,0
015517:1077.53,59.8429,140.108,1081.86,56.6798,143.043,1080.18,58.4251,144.222,1090.24,49.0348,139.059,1085.56,47.4799,143.403,1086.43,48.1955,118.76,1099.29,29.0208,116.321,1052.34,73.8772,103.236,1078.25,46.1373,109.443,1071.9,93.7877,100.349,1078.44,66.1126,114.821,1072.3,27.8552,73.1754,1099.81,7.79923,68.7897,1059.69,65.0218,53.0023,1074.96,-1.16921,54.2996,1042.79,83.4533,21.241,1107.17,-35.8761,15.7783,1117.8,110.952,106.862,1133.24,108.548,115.549,1137.88,118.715,114.125,1123.58,119.775,107.951,0,0,0
015518:1077.17,60.0916,139.265,1077.38,56.3565,143.072,1081.36,60.3908,142.954,1082.25,47.3555,140.803,1093.8,52.7724,141.175,1098.94,48.1292,115.567,1101.19,30.3134,119.518,1059.73,74.8395,99.025,1047.99,50.8545,116.79,1073.83,96.5129,99.4054,1078.44,66.1126,114.821,1070.71,28.3978,72.5741,1102.27,8.7918,67.9872,1061.58,65.3847,50.8908,1077.91,-1.0351,52.7395,1052.26,85.6817,18.2856,1110.89,-35.334,14.5784,1114.4,111.873,106.583,1130.01,110.388,115.04,1136.24,120.08,113.466,1129.7,121.659,105.087,0,0,0
015519:1077.62,61.4977,137.799,1078.22,57.7731,141.38,1081.97,61.3406,141.812,1082.31,49.0022,139.087,1093,53.022,140.738,1089.43,50.1335,117.17,1105.31,31.0862,118.79,1059.96,75.2632,101.489,1078.38,46.8595,110.578,1082.66,98.2663,96.0815,1078.44,66.1126,114.821,1070.01,29.5334,72.5609,1093.5,11.6576,70.201,1055.8,66.8369,52.4848,1109.45,-6.13513,39.9036,1039.5,87.5418,22.0335,1117.73,-34.3339,12.342,1112.74,113.53,105.32,1131.79,110.831,114.334,1143.4,121.602,110.941,1126.07,123.765,103.12,0,0,0
015520:1078.63,62.7299,137.9,1080.48,59.0647,141.112,1083.58,61.7982,141.987,1084.2,50.7086,138.11,1093.86,52.1101,140.879,1087.62,52.0679,116.832,1094.14,32.794,121.518,1057.75,76.8416,101.106,1083.83,46.7922,109.969,1083.23,99.4184,96.4818,1079.42,66.3248,114.6,1062.19,31.7807,74.4879,1072.46,15.2417,77.2343,1052.71,67.5292,52.1115,1103.62,-5.1382,41.0464,1041.38,87.9889,21.481,1117.66,-34.3375,12.0775,1096.83,115.008,107.43,1134.66,113.011,112.352,1137.71,122.051,110.11,1126.85,126.796,102.748,0,0,0
015521:1081.6,64.0644,137.338,1080.48,61.0392,141.147,1086.97,62.7845,141.237,1078.46,53.844,139.187,1098.51,52.1115,139.486,1083.73,54.3373,118.014,1101.05,33.8377,120.179,1060.08,77.6024,101.673,1084.7,46.6443,109.358,1085.21,100.391,95.4201,1073.39,67.7771,115.655,1055.73,32.8561,77.4313,1093.5,11.6576,70.201,1054.31,67.3527,52.3931,1102.85,-4.99414,41.3955,1041.38,87.9889,21.481,1117.66,-34.3375,12.0775,1095.95,115.379,107.065,1128.58,113.565,112.993,1137.3,125.767,108.166,1127.24,125.821,101.822,0,0,0
015522:1080.64,65.6816,135.887,1081.76,62.5029,139.517,1080.96,65.1513,140.347,1087.46,54.2839,136.565,1085.33,55.5126,140.065,1093.54,53.3273,115.836,1109.9,35.5917,117.131,1061.46,77.7401,100.83,1092.46,46.2288,107.863,1087.63,101.452,93.3592,1064.78,68.8961,117.604,1064.46,32.3948,72.7008,1100.59,12.9369,68.0521,1064.01,66.0571,49.4278,1104.94,-4.64745,40.8332,1036.42,88.5531,22.3606,1119.44,-34.0678,11.139,1101.91,116.925,104.604,1114.2,115.794,114.366,1134.24,128.797,107.291,1119.76,126.917,101.278,0,0,0
015523:1079.53,66.858,136.615,1077.99,63.5377,140.636,1080.72,65.7074,141.024,1079.74,55.7405,138.019,1088.11,55.0572,140.013,1086.1,54.9906,116.539,1114.02,36.3821,116.226,1045.5,79.6782,103.652,1091.98,46.3866,109.837,1076.93,104.94,95.4678,1064.78,68.8961,117.604,1059.71,34.1133,73.0865,1090.25,14.96,70.2481,1061.46,66.9918,48.2286,1105.64,-3.6971,40.6056,1034.6,90.4217,22.4637,1118.91,-33.5709,10.7497,1106.4,118.933,102.65,1117.9,118.187,112.167,1141.37,128.833,106.264,1121.22,129.13,98.6316,0,0,0
015524:1076.26,67.0364,135.723,1078.24,64.7501,138.903,1077.84,65.608,139.925,1079.63,57.3852,136.306,1084.61,54.1748,139.381,1086.5,56.9922,116.394,1106.56,38.0817,116.069,1048.36,80.7128,104.26,1097.69,45.5171,107.537,1074.82,106.34,95.6793,1064.78,68.8961,117.604,1066.89,33.6406,70.2459,1082.53,16.8823,71.4681,1050.08,68.8384,51.5213,1106.92,-3.20618,40.2613,1035.49,90.6472,22.0267,1097.88,-28.9688,18.7007,1102.41,121.691,101.565,1116.21,118.339,112.405,1140.64,130.125,105.667,1117.59,130.143,100.064,0,0,0
015525:1076.47,68.8513,134.904,1073.43,66.5411,139.222,1074.93,67.4521,139.53,1081.9,59.1694,135.509,1092.78,53.5351,136.455,1081.27,60.4329,117.486,1110.86,38.8846,115.775,1062.19,83.7833,102.638,1137.18,40.0869,102.606,1066.6,109.458,94.9548,1064.78,68.8961,117.604,1056.13,35.3848,74.7053,1084.46,17.2513,70.6242,1035.13,72.1708,56.106,1104.3,-1.38185,39.8946,1050.84,89.6252,19.8487,1092.58,-27.5568,19.7874,1111.24,124.847,97.9645,1122.56,121.115,109.626,1127.21,132.678,104.838,1118.49,133.4,96.7484,0,0,0
015526:1081.86,70.6489,134.193,1079.05,67.6154,138.803,1084.16,69.1029,138.63,1074.44,60.4483,137.39,1092.1,57.1525,138.033,1089.51,62.0177,114.512,1102.09,41.582,118.188,1054.14,86.632,101.699,1102.64,44.9178,108.548,1055.65,108.097,98.7236,1064.78,68.8961,117.604,1054.75,35.4789,72.8697,1084.94,18.1887,69.908,1055.17,70.4969,48.8118,1113.31,-0.112577,36.628,1037.34,91.4149,20.8457,1089.23,-26.9513,20.1769,1121.01,128.267,93.8514,1128.05,123.688,107.013,1125.81,135.836,103.403,1123.59,137.06,94.1997,0,0,0
015527:1073.96,69.9391,136.736,1068.77,67.1405,141.345,1082.14,69.4248,139.592,1057.33,59.3336,140.895,1102.71,60.2056,135.475,1080.83,64.8591,116.137,1097.78,43.3216,120.643,1052.62,88.4475,101.218,1107.61,44.1344,106.028,1072.87,112.002,93.7919,1061.72,67.9494,118.294,1053.26,35.6987,73.0686,1083.58,19.0681,69.5209,1065.96,71.2085,47.1199,1095.38,4.04508,41.8607,1039.99,92.0865,19.4847,1100.6,-25.1722,15.7461,1109.73,129.187,94.7788,1119.92,128.635,105.624,1133.8,139.179,99.2393,1117.72,138.829,93.0469,0,0,0
015528:1079.23,73.4816,134.685,1078.6,70.004,138.896,1082.41,71.9411,139.136,1072.11,62.853,137.261,1091.14,60.5142,137.801,1081.16,65.1194,115.156,1089.96,44.796,122.382,1041.96,91.3634,103.922,1116.81,42.8809,105.147,1064.97,113.562,95.3057,1102.3,62.0133,110.539,1061.7,38.5513,71.772,1092.6,20.7477,66.868,1083.55,72.302,39.8432,1071.5,9.64546,50.6027,1041.71,92.5387,18.3374,1103.64,-24.6999,14.6601,1110.63,129.416,94.5675,1110.06,127.619,106.806,1124.23,138.689,101.672,1106.87,138.311,94.8938,0,0,0
015529:1079.02,73.9784,133.851,1077.52,70.6873,138.17,1076.98,73.0313,139.099,1079.42,62.8147,135.242,1076.48,62.5539,139.619,1081.35,66.4422,114.764,1092.87,45.7155,120.914,1051.03,92.6023,100.773,1133.09,40.5545,101.43,1069.2,114.465,93.0704,1102.3,62.0133,110.539,1063.87,38.1625,70.0695,1092.6,20.7477,66.868,1072.76,74.6915,42.7973,1113.13,4.119,34.8462,1046,93.0311,16.459,1087.62,-26.293,18.585,1108.9,129.555,94.6956,1124.48,131.299,103.065,1134.05,142.216,97.4185,1121.12,141.251,90.4598,0,0,0
015530:1078.04,76.0174,133.771,1078.38,72.2966,137.586,1080.24,75.126,138.123,1080.94,64.1869,134.232,1088.32,64.8214,136.778,1090.64,67.5445,110.606,1087.87,47.0384,120.432,1048.51,94.4205,98.236,1112.65,43.3447,103.698,1066.24,114.471,91.2063,1097.27,60.9531,111.672,1055.49,41.1109,71.682,1095.83,21.6285,65.8662,1076.55,74.5257,40.9184,1080.87,10.129,47.4362,1047.58,92.8436,15.8461,1086.11,-25.9852,19.2995,1108.37,132.022,93.6551,1111.25,131.141,104.468,1135.87,142.695,96.8436,1118.6,142.434,89.0449,0,0,0
015531:1074.25,76.7043,134.365,1078.87,73.7403,136.878,1074.36,75.8787,138.792,1088.01,66.0576,131.711,1079.35,65.672,137.635,1095.14,69.3193,108.406,1083.72,47.9255,120.364,1048.38,95.7456,97.7903,1107.22,44.0776,104.224,1066.63,115.662,92.486,1098.85,60.7372,111.177,1053.95,42.6371,70.7987,1099.89,22.3848,64.654,1073.7,75.524,40.6099,1068.48,12.5637,50.8683,1051.13,93.4335,14.3281,1091.63,-25.1449,17.9345,1112.83,133.778,91.8727,1120.38,134.357,101.812,1132.4,146.292,94.5151,1124.48,146.077,86.0259,0,0,0
015532:1078.99,79.3653,133.992,1082.62,76.5863,136.752,1080.87,77.9322,137.878,1088.81,68.8937,131.746,1089.8,66.1382,135.398,1094.81,71.4057,108.049,1092.97,47.2754,117.718,1047.86,96.8215,98.3815,1114.69,43.0367,103.016,1067.31,118.783,93.4466,1105.86,59.4419,109.178,1057.55,44.0917,68.6764,1103.96,23.1451,63.4355,1069.09,76.8107,42.3901,1076.78,11.8573,48.3861,1051.65,94.0934,15.1387,1094.71,-24.6756,17.1608,1097.76,136.483,93.1605,1125.67,135.763,99.8114,1134.11,147.076,93.3952,1118.73,147.161,86.7999,0,0,0
015533:1075.37,79.6898,132.791,1076.34,77.4083,136.04,1079.47,78.4522,136.172,1079.68,70.7396,132.498,1089.88,67.0924,134.317,1082.95,72.9581,112.097,1088.42,49.3523,119.694,1056.08,97.6398,98.0376,1125.92,41.5612,102.933,1061.71,120.536,96.0766,1104.81,59.2274,109.313,1067.37,44.1307,68.1804,1103.96,23.1451,63.4355,1083.76,75.7057,38.9509,1067,14.2041,51.3066,1054.75,94.3508,12.4324,1088.66,-22.2984,18.4713,1108.42,142.281,87.7832,1124.96,137.643,98.7993,1128.91,149.872,92.2373,1114.79,149.113,85.4546,0,0,0
015534:1071.71,80.4385,133.374,1071.93,77.7422,136.796,1078.46,79.4393,136.647,1069.97,70.9127,134.117,1092.83,68.4774,133.902,1079.33,74.6114,109.059,1103.21,48.9917,116.099,1050.28,101.235,98.4763,1126.08,41.6003,104.121,1071.88,122.184,89.792,1103.6,58.6965,109.586,1057.17,45.8967,69.4826,1105.48,24.2878,62.4451,1057,79.226,43.296,1070.5,13.933,49.7624,1059.43,95.5066,10.5098,1085.82,-19.7099,18.7954,1110.31,143.655,86.8953,1127.18,143.567,94.8377,1127.23,151.509,91.4294,1122.33,154.014,83.0564,0,0,0
015535:1075.75,82.1972,132.051,1074.95,80.0022,136.04,1081.15,80.8201,135.536,1074.31,73.4575,133.14,1091.57,68.6496,133.526,1075.7,75.0683,109.989,1102.99,49.6384,114.493,1054.74,102.671,95.4316,1126.51,41.418,101.472,1060.39,125.619,93.382,1101.58,58.2753,110.042,1061.56,46.1837,66.3068,1105.48,24.2878,62.4451,1060.58,79.8813,43.9549,1108.28,8.08604,34.8656,1054.87,97.6696,10.6047,1089.46,-19.1358,17.7532,1107.74,143.843,87.2309,1119.49,145.343,95.1682,1130.97,154.01,89.4591,1121.81,155.396,81.8396,0,0,0
015536:1076.16,83.5055,132.207,1077.07,80.4629,135.29,1078.53,82.5311,136.009,1078.77,72.4442,131.23,1085.65,71.0778,134.398,1088.31,76.4518,105.852,1086.61,52.2482,117.742,1052.19,103.942,95.9987,1117.29,42.3446,102.519,1058.17,126.596,93.7052,1098.6,57.6452,110.89,1055.67,47.7676,68.691,1099.8,25.4872,63.1946,1075.52,79.7213,38.7941,1060.36,16.6924,52.9988,1052.55,98.2647,11.2961,1091.94,-18.7521,17.2566,1101.95,146.671,86.599,1129.33,148.296,91.7822,1124.96,157.141,88.5077,1109.62,156.851,81.9332,0,0,0
015537:1074.23,84.635,130.961,1074.67,81.1595,134.173,1080.47,84.4883,134.132,1074.63,71.6933,131.173,1097.44,74.8508,131.148,1100.5,79.1659,102.251,1087.59,52.7705,116.915,1055.58,104.871,94.0533,1116.28,42.0972,101.828,1059.26,128.381,91.4668,1107.94,55.3735,109.337,1059.26,48.2276,66.8848,1079.27,31.7465,67.3725,1072.66,81.0957,39.5499,1061.87,17.4213,51.3984,1045.94,99.6188,11.9253,1097.49,-17.8839,15.8817,1100.28,147.391,86.4086,1122.42,151.198,90.9183,1118.94,157.836,89.3474,1117.63,158.964,76.9937,0,0,0
015538:1073.22,86.0592,130.447,1074.24,82.7196,133.569,1077.28,85.3708,134.011,1073.65,73.5558,130.527,1087.65,74.4755,132.298,1109.11,82.5997,100.507,1082.52,54.4636,117.233,1055.1,106.897,93.4894,1110.85,42.8564,102.701,1057.3,128.736,91.5249,1116.64,53.1908,108.215,1058.15,48.4292,67.9864,1103.46,28.7293,61.0919,1072.83,81.0594,39.1351,1058.13,18.0214,52.1062,1039.84,101.614,13.0774,1099.3,-17.5947,15.2232,1106.36,150.865,82.8258,1127.16,154.847,88.4087,1120.47,161.965,84.9895,1113.68,159.896,77.7151,0,0,0
015539:1074.57,87.6862,129.837,1074.16,84.1934,133.287,1077.93,86.982,133.735,1069.2,74.6135,131.171,1085.46,75.7522,132.573,1105.97,82.9574,101.008,1076.57,55.6227,118.45,1057.54,108.295,92.5424,1107.41,42.9962,103.1,1054.24,131.127,91.2436,1125.88,51.9495,106.42,1061.1,50.0395,67.1331,1094.29,30.089,62.6034,1071.6,82.2219,39.1545,1055.51,19.1375,52.6831,1041.01,102.486,12.5832,1096.8,-17.1513,15.6562,1102.13,151.457,83.294,1129.16,157.776,86.5212,1120.48,163.783,83.5955,1108.01,162.579,75.5552,0,0,0
015540:1072.54,88.4894,128.786,1073.15,84.8479,132.194,1075.92,87.9015,132.743,1075.47,76.1574,128.725,1083.07,77.1613,131.959,1102.94,83.2896,101.186,1077.15,57.5716,117.926,1059.18,109.775,91.6096,1102.45,43.7725,105.465,1068.17,133.147,85.0657,1124.84,51.7401,106.654,1060.34,50.4641,66.8305,1092.21,31.0927,62.8195,1068.07,82.6204,39.5443,1059.1,18.8799,51.5187,1041.01,102.486,12.5832,1096.72,-17.1547,15.3946,1089.46,152.92,84.5542,1123.34,160.29,86.7018,1117.78,165.146,82.7827,1102.27,165.95,75.0824,0,0,0
015541:1074.14,89.9517,128.313,1073.33,86.4252,132.003,1079.18,89.6224,131.939,1070.02,78.175,129.545,1086.98,79.1326,130.899,1096.98,85.0117,102.361,1076.2,59.6928,117.051,1063.6,110.985,90.208,1100.92,43.9402,104.786,1073.76,135.752,81.9747,1123.8,51.5309,106.888,1049.96,52.6477,70.0178,1088.65,32.6543,63.0986,1069.91,83.4368,39.2747,1060.64,19.2456,49.7961,1045.8,103.65,11.4979,1064.08,-11.0137,26.7075,1082.84,155.152,84.3062,1119.29,162.377,86.927,1113.29,168.114,80.8953,1101.45,166.979,73.6054,0,0,0
015542:1073.14,90.6225,127.488,1075.22,87.9293,130.596,1073.87,89.3456,131.868,1076.5,81.2267,126.997,1074.13,77.4183,132.164,1097.12,86.3372,101.484,1074.4,60.9482,117.22,1060.98,113.214,89.8301,1098.21,44.3092,104.844,1066.35,137.135,83.216,1120.64,50.9055,107.419,1049.11,53.0769,69.6507,1087.37,33.5321,63.0706,1068.43,83.5972,39.3201,1095.95,13.2604,36.8782,1045.84,103.649,11.6611,1112.52,-17.3844,9.60646,1084.68,158.894,81.7614,1102.81,161.831,90.5352,1112.54,174.255,80.1135,1100.25,171.383,71.2434,0,0,0
015543:1071.64,91.7785,127.236,1072.72,88.9627,130.377,1073.43,90.7401,130.539,1077.97,81.0505,125.211,1087.3,78.2002,126.533,1088.6,88.6704,102.958,1079.88,60.779,113.59,1062.73,114.419,90.4538,1102.67,43.6815,103.939,1077.67,139.331,80.0824,1143.72,46.6114,100.93,1048.45,54.9514,71.6644,1083.95,35.3993,63.0014,1045.85,86.3578,46.9603,1098.53,13.529,35.8332,1045.84,103.649,11.6611,1101.6,-14.3718,15.616,1083.97,160.428,81.2115,1116.52,169.524,84.7962,1115.17,174.648,76.5687,1099.85,175.074,69.9063,0,0,0
015544:1071.63,93.3003,125.36,1069.48,90.6814,129.387,1074.16,92.1249,128.77,1073.5,82.6344,126.096,1096.3,78.4518,124.445,1086.32,88.9207,103.229,1085.03,60.775,112.426,1058.56,115.156,91.2606,1103.77,43.5614,104.35,1063.18,140.508,83.6889,1143.23,45.9542,100.779,1042.81,56.3593,71.9395,1085.87,35.7925,62.1482,1030.44,88.2232,51.7538,1099.8,14.6456,33.7358,1041.97,104.405,12.9964,1121.22,-17.369,8.91899,1080.74,162.711,80.558,1108.68,169.966,85.6771,1127.03,183.468,70.2435,1090.72,174.563,70.5676,0,0,0
015545:1072.19,94.5169,126.345,1072.07,91.4639,129.592,1073.02,93.3484,129.693,1071.47,82.3794,125.718,1083.66,82.0694,126.074,1082.69,89.6611,103.71,1074.12,63.8863,113.957,1063.88,116.964,89.8022,1105.37,43.6545,103.433,1064.42,140.367,82.1315,1141.21,45.4966,100.64,1055.15,55.6745,69.3286,1089.74,36.5819,60.4351,1060.76,84.5606,42.5075,1110.66,13.9551,30.9001,1041.97,104.405,12.9964,1099.99,-11.9738,16.0912,1093.45,167.887,74.9531,1123.7,175.787,79.951,1116.45,184.272,71.5659,1075.01,175.752,73.1879,0,0,0
015546:1067.27,95.2059,126.179,1069.48,92.0433,129.3,1071.8,94.468,129.73,1066.81,84.1948,126.539,1085.32,84.8312,126.854,1089.83,89.1823,101.999,1076.04,65.0978,115.649,1067.65,118.919,88.2248,1088.04,46.4498,106.815,1062.46,141.095,81.9185,1150.75,42.7582,98.6755,1062.6,55.6497,67.2844,1089.42,37.6541,60.0193,1074.91,88.314,38.1135,1112.95,17.5386,30.5074,1052.83,103.722,13.4221,1081.81,-8.05892,21.4323,1090.13,168.087,75.642,1124.51,177.554,78.4444,1122.51,187.005,68.5902,1092.65,181.126,69.4167,0,0,0
015547:1070.33,96.6047,125.199,1076.76,94.2536,126.953,1070.77,95.0831,129.269,1075.75,86.2655,123.41,1068.99,83.1408,129.258,1090.21,90.1126,100.642,1077.51,65.8957,114.684,1069.36,120.058,86.7682,1080.53,47.5757,109.57,1060.93,141.939,80.2772,1153.12,42.0709,98.1018,1073.88,57.5317,64.4675,1089.38,37.6546,59.852,1075.28,91.692,38.4877,1109.36,18.078,30.9006,1042.91,104.639,12.7151,1084.76,-7.55962,20.3754,1085.35,173.438,73.8183,1111.55,178.23,80.7426,1104.94,189.302,69.8888,1093.73,184.674,64.1419,0,0,0
015548:1071.94,97.9165,125.025,1074.05,95.1189,127.276,1079.59,97.0242,127.758,1065.9,87.3203,124.195,1092.09,86.9801,124.19,1089.08,92.1946,98.5949,1078.58,66.7574,114.05,1059.75,121.872,86.4268,1073.51,48.9017,110.759,1046.91,143.595,82.0906,1150.95,41.6594,98.5518,1064.43,59.7285,64.3734,1090.35,37.8532,59.4222,1061.35,94.2424,41.651,1110.37,18.2675,30.4419,1042.91,104.639,12.7151,1090.14,-6.6565,18.6231,1094.07,175.949,71.627,1109.74,186.435,75.6536,1098.57,194.691,69.8802,1086.55,188.025,65.0811,0,0,0
015549:1071.25,98.6442,123.752,1076.28,96.2968,125.626,1073.58,97.0438,127.385,1074.46,89.069,121.924,1076.12,85.153,126.394,1090.02,93.1291,98.676,1083,67.1746,112.315,1066.91,122.597,86.3375,1086.47,48.1094,108.252,1055.23,143.516,80.0821,1141.12,41.2358,100.048,1074.09,58.482,63.2703,1089.67,38.2877,59.3185,1077.87,93.8205,39.259,1110.37,18.2675,30.4419,1042.91,104.639,12.7151,1090.75,-6.55588,18.4499,1094.89,178.897,69.4142,1095.22,187.416,77.9224,1091.89,197.349,70.3032,1087.14,190.961,62.3856,0,0,0
015550:1074.3,100.989,122.384,1070.48,97.1874,126.145,1082.92,100.196,124.585,1058.04,88.442,124.201,1095.87,89.4779,121.01,1088.92,94.2579,98.4429,1081.84,68.6624,111.984,1076.06,122.429,84.2851,1084.05,49.1196,108.359,1068.51,144.784,75.6097,1137.88,40.6228,100.601,1064.52,59.8281,66.655,1077.32,40.6903,66.7517,1075.02,94.4909,40.48,1072.59,24.4573,43.8715,1042.91,104.639,12.7151,1090.65,-6.55494,18.0499,1096.76,180.302,68.8031,1097.76,191.489,74.9489,1090.28,201.294,68.8391,1093.52,194.667,59.724,0,0,0
015551:1069.03,100.877,122.142,1074.94,98.7686,124.033,1070.48,99.1549,125.924,1078.69,91.712,119.601,1072.42,87.1648,125.137,1096.02,94.8153,96.0108,1077.34,69.199,112.047,1083.73,123.399,82.1624,1085.38,49.8925,106.574,1086.37,145.375,70.9193,1136.47,40.094,100.417,1069.36,60.0941,63.1243,1090.79,39.1221,57.8519,1071,94.9141,40.9466,1113.52,18.8361,29.5762,1044.79,105.108,12.1512,1090.57,-6.55415,17.7497,1080.16,184.077,67.593,1095.62,195.176,74.9059,1090.9,205.766,68.7335,1076.68,196.022,61.6923,0,0,0
015552:1066.51,101.58,122.214,1069.97,99.6845,124.417,1070.73,99.9383,125.131,1070.04,93.2024,121.092,1076.39,88.0114,123.801,1093.52,95.778,96.6745,1069.15,70.2374,113.526,1089.53,124.916,81.078,1066.21,52.8926,110.18,1087.54,145.323,71.8339,1135.1,39.5673,100.366,1066.07,61.265,64.8018,1091.97,39.6403,57.3669,1068.67,95.4921,41.0586,1103.69,21.4278,31.654,1045.74,105.343,11.8686,1090.45,-6.55288,17.2493,1079.47,186.487,66.8694,1078.39,194.71,76.7892,1086.57,206.737,66.089,1083.6,200.986,56.3289,1033.82,204.38,85.987
015553:1067,102.928,121.05,1071.86,100.949,123.043,1069.66,101.496,124.742,1069.74,94.4926,120.06,1072.25,89.9011,124.389,1087.46,97.4268,96.9934,1062.5,71.7538,114.701,1075.64,126.415,81.864,1068.69,52.5095,108.933,1064.23,147.979,74.0835,1123.24,40.3245,98.3449,1062.77,61.6428,64.2714,1089.42,39.994,57.5713,1075.42,95.4352,39.6359,1076.34,27.3713,43.3226,1046.72,105.577,11.7491,1089.65,-6.4101,17.4796,1072.86,189.161,66.8239,1070.13,196.816,77.5147,1073.57,209.292,68.6101,1074.72,201.964,56.4743,1036.76,205.429,83.9799
015554:1072.27,105.542,119.153,1072.62,102.619,122.146,1069.95,103.18,124.461,1069.77,96.117,118.712,1066.36,90.8536,125.681,1092.42,96.8865,95.7453,1052.51,74.0053,116.275,1084.23,127.012,80.2719,1062.75,53.3394,110.202,1068.92,152.472,71.3643,1122.15,40.1227,98.416,1068.55,60.8174,61.8318,1090.63,40.8291,56.4384,1077.89,95.5182,39.4209,1106.96,22.3257,30.5721,1047.67,105.812,11.4661,1089.65,-6.4101,17.4796,1071.33,190.12,67.0802,1085.1,201.518,72.3936,1079.71,213.807,66.8167,1068.4,203.72,59.6547,1036.41,205.428,82.8001
015555:1074.9,107.154,120.134,1074.76,103.571,123.006,1075.41,105.25,124.647,1071.97,95.8377,118.438,1076.96,93.3785,123.624,1087.74,97.6983,95.6526,1062.56,73.7086,113.352,1080.66,127.291,79.9664,1066.65,52.7226,107.949,1071.88,150.507,71.5041,1117.94,39.3171,99.2051,1063.66,62.1665,63.2129,1094.52,41.6342,54.7058,1076.06,96.0848,40.4799,1103.56,22.8597,31.5087,1047.67,105.812,11.4661,1089.65,-6.4101,17.4796,1059.96,190.644,69.4664,1067.01,201.913,76.4559,1074.41,217.188,65.5499,1063.78,204.767,58.1273,1036.06,205.426,81.6201
015556:1068.95,106.947,119.633,1074.49,104.977,121.301,1069.94,105.023,123.724,1075.37,98.006,117.497,1067.73,92.6312,124.462,1078.21,100.063,97.2572,1067.91,75.0443,111.821,1071.68,129.346,79.5072,1076.04,51.4562,106.735,1061.17,151.903,74.973,1114.74,38.716,99.5841,1057.49,64.0007,64.3464,1096.59,42.3572,53.4838,1072.72,96.8435,42.609,1098.16,24.7619,32.78,1048.62,106.048,11.1827,1109.78,-10.2126,8.11728,1057.42,193.96,67.9651,1056.26,202.894,77.634,1070.11,218.726,62.5414,1072.72,206.5,54.9933,1039.2,206.485,80.2046
015557:1077.19,109.103,116.792,1080.22,106.34,118.767,1073.31,105.765,122.204,1079.95,99.5756,114.379,1062.82,91.685,124.899,1073.24,100.919,98.041,1067.68,76.0439,110.889,1072.99,130.568,78.994,1075.9,51.4452,106.111,1065.28,151.983,73.4982,1112.76,38.6352,99.5453,1050.32,65.6353,66.1643,1059.8,48.4725,65.225,1064.42,98.0789,44.5212,1093.16,25.5539,34.2708,1063.05,104.958,9.32969,1098.93,-8.25326,11.6818,1064.68,196.282,64.9999,1048.74,203.749,77.7946,1068.59,220.245,62.7271,1062.66,208.016,55.9375,1038.66,206.478,78.4162
015558:1070.34,109.246,117.858,1072.84,106.893,120.008,1072.79,107.591,121.191,1068.23,99.6883,117.082,1072.45,95.7385,121.106,1072.62,101.316,98.0589,1065.25,76.6616,110.957,1074.92,130.395,78.2896,1064.63,53.0122,108.328,1072.73,151.453,72.123,1109.58,38.0356,99.9601,1063.17,64.2214,61.9096,1068.93,47.1081,61.9165,1068.91,97.9218,43.2356,1087.67,26.7951,36.369,1064.96,104.728,8.01509,1098.93,-8.25326,11.6818,1054.79,196.686,66.476,1058.82,208.618,75.257,1058.6,220.789,64.2154,1066.6,210.221,53.5713,1041.62,207.536,76.3833
015559:1073.35,111.579,117.226,1072.45,108.868,119.727,1065.94,108.09,122.554,1072.81,101.696,114.245,1067.61,91.7909,121.391,1070.52,103.166,97.0898,1078.04,77.7054,106.154,1050.35,132.203,83.8659,1061.32,53.8275,109.277,1072.12,157.696,68.8039,1109.58,38.0356,99.9601,1044.48,67.404,67.1866,1070.55,46.8642,61.3011,1051.81,100.56,50.2643,1094.64,28.1463,33.7291,1050.01,106.293,12.1914,1098.93,-8.25326,11.6818,1057.54,197.742,66.6924,1065.19,213.36,71.5875,1060.89,221.595,62.9065,1060.1,209.264,55.6344,1045.03,207.398,74.2272
015560:1074.9,111.177,116.297,1078.36,109.131,118.058,1072.88,109.333,119.951,1079.55,101.808,113.741,1076.75,95.7919,118.451,1076.49,103.225,96.1457,1075.17,79.7248,106.156,1053.47,130.937,82.8828,1061.45,54.1062,108.265,1073.47,157.567,67.2348,1108.51,37.8368,100.03,1045.37,68.2518,65.9536,1059.53,49.0996,63.4668,1049.96,101.396,49.8698,1096.83,28.8583,32.9442,1054.72,106.499,11.5894,1086.33,-5.77373,15.7604,1051.55,198.845,66.2371,1054.18,211.95,72.7916,1056.93,222.863,63.7938,1060.11,211.306,54.9205,1047.86,208.467,71.5939
015561:1073.43,114.676,114.614,1068.6,110.949,118.307,1081.17,113.402,116.873,1056.38,101.269,116.033,1089.45,101.806,114.425,1078.87,103.862,92.2956,1081.35,79.2814,104.022,1069.35,131.126,76.4868,1043.32,57.8877,110.419,1085.02,156.722,62.6372,1114.34,39.0376,97.2564,1071.92,65.2985,56.0586,1087.16,45.4132,55.1889,1054.21,102.638,49.4189,1100.16,30.093,31.4829,1043.42,107.681,14.8577,1085.13,-13.4098,13.8543,1049.11,198.942,66.6033,1051.74,213.784,73.6309,1047.18,224.251,64.7642,1054.4,212.643,55.0263,1047.07,209.668,70.5187
015562:1072.93,112.372,114.678,1070.47,111.508,119.059,1073.99,112.384,118.271,1070.87,105.246,116.414,1079.7,101.955,117.627,1066,105.202,99.6761,1083.63,81.2607,106.437,1058.45,132.255,79.7767,1089.49,56.557,103.128,1054.34,154.225,71.8246,1095.72,47.7793,94.5153,1068.23,70.1504,61.6895,1078.62,48.7291,62.8729,1058.26,97.9616,40.9639,1085.27,32.8311,40.0556,1056.06,105.943,10.1436,1091.21,-8.12745,15.0616,1044.83,200.166,64.0276,1046.48,212.061,71.9137,1043.54,223.9,64.998,1042.23,213.256,58.9669,1044.24,208.597,73.1533
015563:1069.18,112.746,115.528,1070.08,112.759,118.52,1070.08,112.759,118.52,1070.5,106.499,115.871,1079.3,103.208,117.071,1066,105.202,99.6761,1083.63,81.2607,106.437,1061.73,133.169,78.2964,1089.19,57.83,102.549,1053.99,154.222,70.6285,1095.63,49.066,94.5381,1068.23,70.1504,61.6895,1074.89,49.261,63.8435,1058.26,97.9616,40.9639,1081.5,33.4049,41.0853,1056.06,105.943,10.1436,1087.28,-7.45071,15.5222,1040.53,200.313,63.2268,1042.17,212.178,71.097,1039.56,223.988,65.3885,1041.39,214.443,57.8689,1040.64,208.725,74.7049
015564:1068.79,113.997,114.991,1069.89,112.754,117.918,1073.59,113.637,117.731,1070.28,107.751,115.922,1075.37,103.607,117.32,1065.6,106.448,99.1259,1079.86,81.7125,107.306,1057.83,133.495,78.651,1089.49,56.557,103.128,1057.43,155.187,69.7407,1095.56,47.7807,93.9038,1068.08,71.4211,61.7278,1082.19,50.7635,61.9499,1058.06,99.2237,41.0213,1085.21,34.1243,40.0738,1056.06,105.943,10.1436,1091.08,-6.82097,14.4278,1044.83,200.166,64.0276,1046.33,212.065,71.3334,1039.95,223.999,66.6074,1038.46,213.377,59.9788,1037.09,208.863,76.2779
015565:1068.56,115.245,115.045,1065.92,114.371,118.812,1069.42,115.251,118.025,1070.06,109.002,115.973,1075.16,104.863,117.37,1065.22,107.702,98.5857,1079.7,82.9788,107.345,1057.2,134.735,77.5263,1082.13,57.5782,105.475,1053.32,155.453,69.5175,1084.49,48.1021,97.1711,1064.37,71.8962,62.702,1078.43,51.2917,62.9255,1058.06,99.2237,41.0213,1088.93,34.8471,39.0577,1052.32,106.337,11.2581,1094.89,-6.18836,13.3283,1036.98,200.473,64.8283,1038.6,212.307,72.683,1032.09,224.183,67.4091,1033.91,214.688,59.9234,1028.87,210.31,77.1344
015566:1068.13,116.487,114.498,1069.26,115.252,117.434,1072.93,116.134,117.235,1073.39,109.867,114.572,1074.75,106.112,116.815,1061.5,108.087,99.4728,1079.34,84.2391,106.78,1057.01,134.729,76.9208,1085.47,59.6136,104.057,1049.43,155.724,69.9014,1091.65,49.5928,94.8279,1064.37,71.8962,62.702,1074.5,51.811,63.2904,1054.16,99.6252,41.4464,1084.96,35.4106,39.4808,1056.06,105.943,10.1436,1098.54,-5.5605,11.6059,1040.34,201.532,63.9752,1038.64,212.316,72.7127,1032.13,224.193,67.4409,1033.76,214.692,59.346,1021.7,210.569,79.6399
015839:428.899,216.724,-0.477852
