011592:1014.68,-42.0424,146.91,1016.69,-43.7313,149.826,1012.7,-38.3476,150.152,1022.48,-45.7603,146.373,1013.21,-30.4517,147.401,1029.47,-53.739,124.939,1017.55,-22.3829,128.527,1027.07,-70.5387,103.622,1023.89,-8.91368,108.025,1011.12,-79.7834,85.3383,998.729,-3.55505,97.0163,1035.91,-53.3327,76.0563,1031.97,-27.6453,77.8576,1022,-75.3809,50.9905,1033.41,-10.9501,49.6659,1027.97,-86.9832,13.5256,1055.4,8.20257,8.58784,969.097,-94.8812,76.8192,959.414,-99.3441,70.0279,946.733,-101.371,80.0661,950.166,-96.3139,86.4134,0,0,0
011593:1012.57,-43.1437,147.498,1015.21,-44.7473,150.217,1010.93,-39.576,150.701,1022.25,-46.5415,146.498,1012.33,-31.6831,147.895,1029.62,-54.2951,125.123,1017.01,-23.631,129.123,1030.88,-70.9094,103.188,1023.63,-9.49843,108.957,1011.23,-79.7887,85.9965,995.973,-4.36341,99.2131,1033.78,-54.4227,76.849,1028.9,-29.2939,79.019,1021.04,-75.5923,50.65,1031.5,-12.2579,49.8929,1030.48,-87.5475,12.025,1051.86,7.64478,9.44182,969.097,-94.8812,76.8192,960.656,-99.6513,69.9141,947.246,-104.011,82.9097,967.603,-101.017,84.9728,0,0,0
011594:1014.18,-43.9587,146.114,1017.02,-45.5114,148.922,1012.2,-40.4015,149.501,1022.1,-47.0686,146.209,1011.93,-32.0979,147.704,1026.08,-54.7756,126.133,1015.3,-23.8473,129.542,1026.42,-72.0588,104.856,1025.57,-10.4147,108.99,1008.18,-80.6801,87.3321,1001.49,-4.90299,99.4032,1030.63,-55.299,77.4235,1026.82,-29.8309,79.1662,1021.42,-77.0478,49.5739,1032.08,-12.5214,48.2653,1032.72,-88.0513,11.392,1053.56,9.08067,8.47243,965.088,-97.192,80.6586,968.839,-101.487,71.7846,946.178,-104.633,86.4318,956.936,-102.301,91.3246,0,0,0
011595:1008.17,-44.1215,148.396,1010.45,-45.995,151.173,1007.9,-40.5284,151.378,1018.88,-48.2375,147.099,1013.56,-32.7181,147.786,1027.4,-55.4638,125.605,1019.29,-24.7871,128.705,1027.36,-71.9501,104.724,1030.83,-10.622,108.155,998.128,-81.5745,90.6878,1002.17,-6.64698,101.754,1030.01,-55.2049,78.2606,1027.47,-30.1107,79.8114,1018.79,-76.7794,52.0309,1031.1,-13.5247,50.6711,1033.36,-87.6204,12.1136,1055.49,7.99376,9.4955,967.844,-97.7928,81.2968,955.307,-103.967,79.1174,942.272,-105.087,88.2537,953.42,-103.614,93.8108,0,0,0
011596:1008.56,-44.6766,149.36,1010.54,-46.3243,152.451,1009.76,-41.3108,152.036,1018.45,-48.3114,148.335,1017.63,-33.9921,147.623,1027.58,-56.5851,126.422,1024.22,-26.5681,127.763,1025.99,-73.0944,105.339,1033.9,-12.9755,106.482,998.158,-81.4606,91.3714,1007.15,-7.07035,100.18,1032.94,-57.4828,76.5159,1031.02,-32.1018,78.0371,1023.03,-78.9512,50.0389,1031.76,-13.444,49.7781,1029.47,-87.6331,10.8512,1064.29,7.53961,4.94995,968.754,-99.0681,82.9928,952.788,-104.295,82.1136,936.997,-107.969,94.7627,955.917,-104.23,93.809,0,0,0
011597:1009.47,-45.9429,149.648,1011.57,-47.5313,152.34,1009.02,-42.2357,152.57,1019.68,-49.3097,148.184,1014.14,-34.1682,148.702,1022.8,-57.455,127.449,1025.24,-25.5004,127.524,1018.55,-73.8174,108.708,1035.06,-11.8355,107.015,996.197,-82.252,94.7198,999.823,-6.99801,104.117,1026.08,-57.1137,78.9228,1029.4,-31.3846,78.8335,1016.09,-77.6714,52.881,1030.82,-13.9566,50.9535,1034.94,-88.5983,12.0394,1047.27,5.31379,12.4689,969.232,-99.4943,84.2844,951.754,-104.41,82.3915,938.484,-108.272,95.7894,947.838,-105.229,100.629,0,0,0
011598:1013.15,-46.9184,149.21,1014.83,-48.1835,152.223,1013.03,-43.1371,151.968,1019.17,-49.8254,149.25,1017.3,-35.0462,148.22,1022.49,-57.9673,129.137,1019.02,-27.7791,129.688,1017.76,-74.302,109.912,1026.46,-14.4567,109.236,998.243,-83.9261,95.4557,994.88,-8.79993,106.003,1022.1,-57.4368,81.4796,1022.39,-32.895,82.1432,1019.62,-77.3999,51.6778,1028.54,-15.2424,52.1754,1034.7,-87.8308,10.0185,1053.17,6.9686,11.0308,961.555,-102.674,90.6924,952.74,-106.178,87.9102,945.371,-110.64,97.4857,944.503,-104.88,108.981,0,0,0
011599:1011.38,-48.3064,148.024,1013.51,-49.6864,151.035,1011.22,-44.6497,151.012,1017.87,-51.3273,148.661,1014.89,-36.4178,148.312,1018.74,-59.0597,129.519,1018.73,-28.6251,129.857,1014.09,-75.1388,110.368,1027.59,-15.0042,109.444,994.687,-85.278,95.6665,1003.21,-10.2607,104.509,1023.11,-58.9169,80.5546,1025.29,-34.0283,80.7678,1016.53,-79.383,52.0352,1030.3,-16.393,50.8088,1039.9,-88.487,9.01528,1056.93,7.53605,9.75458,963.078,-104.435,98.0457,952.74,-106.178,87.9102,938.209,-112.344,102.471,948.378,-105.789,109.572,0,0,0
011600:1005.29,-47.9273,151.789,1009.71,-49.506,154.303,1005.84,-44.5458,154.604,1020.43,-51.5577,149.528,1014.61,-37.4616,149.889,1024.65,-60.1447,128.982,1021.64,-30.2622,130.164,1017.97,-75.8935,109.896,1025.54,-16.0919,110.297,987.253,-85.7717,100.059,997.416,-8.48372,106.08,1026.98,-60.3549,79.2908,1024.57,-35.4151,81.2573,1021.31,-80.771,50.8214,1030.84,-16.3876,51.7768,1037.48,-87.7971,7.34039,1068.06,6.02163,5.31931,959.072,-104.963,103.466,951.529,-110.4,95.1952,942.143,-113.698,103.099,955.219,-108.677,114.426,0,0,0
011601:1010.91,-49.7291,151.142,1014.18,-51.2178,153.741,1010.1,-45.8832,154.182,1020.91,-52.6865,149.862,1012.62,-37.3508,150.756,1020.24,-60.5939,129.91,1016.73,-29.7851,131.034,1015.99,-77.5862,110.799,1022.34,-16.6294,111.333,995.424,-88.2844,99.2249,996.25,-9.7242,107.333,1022.61,-60.1558,80.8291,1022.62,-35.2793,81.7066,1018.87,-79.8711,51.7398,1034.55,-17.3234,50.0792,1041.57,-88.5625,7.72047,1062.97,6.68249,7.1379,959.072,-104.963,103.466,946.233,-111.051,100.272,941.355,-114.798,111.043,954.233,-108.788,114.862,0,0,0
011602:1007.44,-50.647,152.275,1010.5,-51.9525,154.939,1006.14,-46.8126,155.361,1018.65,-53.2565,151.148,1009.18,-38.4613,152.035,1016.44,-61.4561,131.334,1021.29,-30.348,130.696,1006.13,-77.5824,114.145,1030.94,-16.4731,110.397,985.53,-88.3519,104.856,1005.3,-9.90941,106.24,1023.04,-61.185,80.6956,1026.31,-36.0302,80.5937,1019.05,-80.4466,51.0194,1029.17,-17.3098,50.0888,1043.2,-89.4165,8.23096,1045.17,5.56407,11.4678,951.262,-105.869,107.383,948.095,-111.343,102.531,943.21,-115.085,113.188,954.743,-108.784,116.876,0,0,0
011603:1007.07,-50.4116,151.933,1010.82,-51.8047,154.533,1006.06,-46.4318,155.01,1018.89,-53.8345,151.329,1009.83,-38.3312,151.907,1015.1,-62.6839,132.002,1020.48,-31.3441,130.544,1007.01,-79.2089,113.864,1025.23,-17.8458,110.715,990.008,-90.3148,102.447,1000.95,-11.0335,107.095,1026.38,-62.4176,80.6982,1030.64,-37.3761,80.0193,1022.74,-79.88,51.1465,1034.03,-19.7833,49.8184,1039.3,-88.3472,10.3027,1052.81,3.7584,10.7946,959.035,-107.301,109.262,946.982,-112.388,105.518,946.566,-118.331,118.115,953.451,-108.984,120.112,0,0,0
011604:1005.84,-52.1128,152.491,1009.87,-53.1816,155.012,1004.19,-48.1325,155.685,1019.03,-54.643,151.596,1008.19,-39.7416,152.462,1015.38,-63.8622,132.451,1022.04,-32.3171,130.469,1009.49,-80.8991,114.143,1028.1,-19.1345,110.122,992.302,-91.517,103.42,1002.07,-10.7646,106.985,1026.69,-63.1166,80.5697,1032.65,-38.0131,79.4821,1018.95,-81.3622,51.9832,1035.16,-21.012,49.9748,1043.68,-88.8595,8.14105,1059.14,2.79841,9.33996,966.885,-109.154,110.247,952.269,-114.991,109.429,946.658,-119.25,121.443,942.233,-110.363,130.749,0,0,0
011605:1010.16,-51.6226,150.707,1013,-53.0356,153.557,1008.32,-47.575,154.075,1019.17,-55.4452,151.085,1010,-39.7132,151.809,1014.49,-64.5834,132.376,1021.97,-33.0377,131.237,1005.18,-80.0488,115.286,1024.55,-19.5958,112.99,990.539,-92.4662,106.722,999.724,-11.5924,110.499,1025.29,-63.961,81.4618,1031.77,-38.8569,80.6053,1015.15,-81.6071,53.0974,1030.15,-21.7736,51.7821,1038.56,-88.282,10.1417,1055.04,1.10547,11.1279,955.655,-106.001,114.557,952.269,-114.991,109.429,941.209,-119.844,125.269,942.723,-110.345,132.368,0,0,0
011606:1013.15,-52.9157,151.36,1015.99,-54.1633,154.397,1012.17,-48.7513,154.517,1020.06,-56.3786,152.238,1012.68,-40.6361,152.104,1018.72,-66.0344,132.493,1016.26,-34.2059,133.168,1014.35,-83.3656,112.463,1020.73,-20.2735,113.195,991.311,-94.9435,105.688,1000.88,-11.7938,109.555,1021.77,-65.8769,82.4023,1022.23,-40.7138,82.9113,1013.77,-82.7398,51.9093,1022.86,-23.2939,52.0241,1036.05,-89.3566,9.51795,1054.05,1.39979,10.2668,962.645,-110.634,118.287,947.652,-116.438,115.718,943.963,-119.619,127.309,946.422,-110.924,136.758,0,0,0
011607:1008.97,-53.4799,152.815,1012.14,-54.7449,155.726,1007.63,-49.4076,156.062,1019.9,-56.8421,152.534,1009.3,-41.4059,153.344,1019.85,-66.323,132.139,1015,-34.9156,133.88,1012.06,-83.6619,112.569,1016.89,-21.2023,114.63,989.49,-96.5431,108.17,995.307,-12.5134,111.95,1019.2,-66.2212,82.7365,1018.66,-41.3173,83.525,1008.96,-82.7797,52.614,1020.54,-23.7518,51.2836,1034.23,-88.8024,10.8786,1062.81,1.93113,6.94157,957.051,-111.716,121.912,945.749,-118.489,122.69,948.396,-120.972,129.76,951.837,-111.309,139.748,0,0,0
011608:1007.18,-55.8161,154.218,1009.32,-56.2952,157.306,1006.14,-51.7731,157.267,1015.96,-56.6992,154.4,1008.7,-42.7015,154.145,1022.61,-66.4928,132.605,1014.38,-35.0803,134.278,1023.33,-84.5157,111.252,1017.3,-21.0368,114.071,995.086,-96.5038,107.946,995.629,-12.6673,112.187,1023.47,-67.2644,82.6342,1021.48,-42.6405,83.4517,1009.52,-83.5115,53.702,1020.46,-25.581,53.0281,1034.2,-88.3508,9.80056,1061.3,0.265997,7.8269,961.68,-111.335,126.25,949.525,-119.432,123.081,952.334,-121.557,134.831,952.533,-111.303,142.474,0,0,0
011609:1010.64,-53.7633,153.409,1011.95,-54.8332,156.535,1009.68,-49.7684,156.403,1017.02,-57.1901,153.931,1009.81,-42.5589,153.789,1014.52,-68.229,134.546,1018.33,-35.7427,133.193,1009.85,-84.4794,116.37,1012.97,-21.6664,115.183,979.225,-95.2812,113.565,992.775,-12.1845,112.449,1024.96,-67.7367,82.4457,1029.67,-42.4052,81.7198,1009.52,-84.2465,53.7245,1028.82,-26.1158,51.1671,1042.7,-88.3054,7.49879,1057.64,-2.81214,9.43413,966.808,-113.024,126.432,954.874,-122.052,127.511,945.866,-122.253,139.238,951.88,-111.409,144.158,0,0,0
011610:1005.33,-56.0147,153.86,1007.88,-56.9071,156.841,1003.89,-51.9331,157.07,1016.64,-58.7867,153.964,1006.08,-43.9124,154.555,1016.52,-69.6365,134.218,1018.02,-36.8044,133.908,1013.01,-87.6938,115.219,1014.6,-23.0366,115.491,988.713,-100.005,112.835,991.648,-13.306,113.557,1026.25,-68.6051,82.5038,1030.08,-43.1517,82.2005,1010,-84.5594,54.1383,1031.45,-26.8714,51.1093,1036.12,-88.2089,9.55186,1057.95,-3.27488,9.41543,963.476,-112.072,127.966,960.365,-123.388,133.385,944.822,-123.766,145.831,959.048,-112.932,147.684,0,0,0
011611:1002.54,-57.8914,156.311,1006.37,-58.7499,158.986,1001.52,-53.6898,159.224,1016.54,-59.6571,155.32,1005.27,-44.7894,155.76,1019.39,-69.9172,134.483,1012.53,-36.5499,135.443,1014.97,-87.2671,116.25,1012.83,-23.6499,117.377,995.595,-99.7566,111.854,992.594,-13.327,115.621,1026.61,-69.142,82.1471,1025.08,-43.2518,82.6436,1012.26,-85.2637,52.9503,1023.57,-26.3411,51.3282,1034.66,-88.7457,10.3139,1064.44,-4.77949,5.99116,962.126,-114.484,132.57,961.072,-123.361,135.665,948.344,-124.378,149.888,954.618,-113.455,151.465,0,0,0
011612:1006.93,-58.5639,155.395,1008.57,-59.2085,158.496,1006.31,-54.3801,158.341,1015.03,-59.8796,155.554,1010.36,-45.4571,154.859,1020.21,-71.0887,133.937,1018.61,-37.107,134.15,1024.26,-89.9892,113.313,1015.48,-24.1262,115.604,1015.77,-103.944,110.672,990.964,-13.6645,115.708,1025.31,-70.3525,82.6959,1028.6,-44.4014,82.327,1009.76,-85.6323,53.1389,1029.81,-27.5561,50.3412,1028.59,-88.4777,12.4272,1057.57,-6.94527,10.321,967.743,-116.163,134.419,952.717,-124.248,141.632,957.032,-123.642,153.408,955.769,-114.7,154.26,0,0,0
011613:1007.63,-58.7031,154.255,1008.91,-59.666,157.547,1007.11,-54.4766,157.388,1013.79,-61.1562,155.474,1009.29,-45.7811,154.979,1018.16,-72.0841,134.469,1015.48,-38.1516,135.357,1023.25,-91.6387,114.305,1013.4,-25.5459,117.366,1011.3,-105.263,113.057,992.373,-15.163,116.168,1025.54,-70.7064,82.8209,1027.52,-44.8476,83.0342,1009.66,-85.6537,53.9491,1026.2,-28.8922,52.5097,1031.13,-88.9666,10.7017,1055.01,-9.02633,10.3591,963.617,-114.533,141.886,958.734,-125.933,145.377,959.103,-123.443,152.957,959.939,-115.266,159.739,0,0,0
011614:995.55,-58.1249,158.993,999.859,-59.061,161.468,996,-54.0679,161.751,1012.29,-61.0269,157.186,1004.89,-46.4958,157.183,1018.43,-73.0095,135.222,1014.11,-39.5259,136.08,1018.02,-92.2327,116.015,1009.75,-26.1869,117.779,997.823,-104.223,116.494,989.976,-14.4615,117.221,1022.52,-71.7532,84.3008,1023.53,-46.392,84.7574,1009.42,-87.0123,54.5566,1028.52,-31.2191,52.7419,1025.32,-89.2148,12.6917,1055.86,-10.0292,10.9793,958.805,-115.057,144.403,959.891,-126.75,148.512,957.649,-125.048,162.08,959.939,-115.266,159.739,0,0,0
011615:1003.21,-59.8519,157.424,1004.94,-60.7959,160.458,1002.86,-55.6702,160.414,1012.49,-62.3222,157.113,1007.29,-47.4713,156.771,1016.32,-73.6716,135.426,1014.85,-39.8785,135.949,1009.31,-91.7916,117.571,1008.79,-26.6538,118.854,987.891,-102.176,116.717,989.497,-15.4042,118.241,1022.37,-71.702,83.562,1025.28,-46.1055,83.6364,1011.38,-86.9954,52.6133,1033.84,-31.4727,49.8451,1022.97,-88.9626,13.482,1057.35,-11.3326,10.5777,968.073,-117.677,146.022,954.14,-127.328,151.705,945.204,-125.035,169.025,957.495,-115.577,162.939,0,0,0
011616:1005.81,-60.7187,158.461,1008.87,-61.5905,161.097,1005.64,-56.5149,161.191,1015.64,-62.7408,157.428,1008.26,-48.3813,157.262,1013.95,-74.2064,136.794,1015.68,-40.9102,135.8,1010.68,-93.5532,118.387,1012.98,-28.3371,117.251,990.494,-104.801,117.222,992.251,-16.3242,117.916,1022.03,-72.5583,84.0343,1026.55,-47.3594,83.3975,1009.77,-87.4114,52.8644,1032.79,-32.265,49.4794,1027.02,-90.0526,11.6389,1054.43,-12.4786,10.5392,959.958,-117.24,150.268,954.932,-127.307,154.439,953.553,-126.856,169.6,961.631,-116.087,165.111,0,0,0
011617:1009.4,-61.6456,158.205,1010.32,-62.5378,161.592,1009.61,-57.4004,160.923,1014.63,-63.5988,158.139,1011.67,-49.0666,156.638,1015,-74.7499,136.945,1012.77,-41.6043,136.552,1005.16,-93.3471,119.709,1005.33,-28.6757,119.543,983.991,-105.694,119.317,992.822,-16.3097,119.445,1019.17,-72.8686,84.7221,1020.26,-48.1047,85.2192,1007.32,-87.4768,52.4076,1028.68,-33.2374,50.2225,1019.39,-89.6875,12.7741,1053.3,-14.0035,11.4874,958.307,-116.581,152.835,961.968,-126.275,156.27,954.627,-126.758,169.569,970.894,-118.274,167.012,0,0,0
011618:1009.65,-61.6829,158.602,1011.36,-62.8843,161.802,1009.97,-57.3709,161.293,1016.16,-64.6768,158.052,1013.8,-49.484,156.486,1016.95,-76.2414,136.573,1013.55,-42.4957,136.727,1005.92,-94.5368,119.512,1009.67,-29.362,118.902,992.297,-106.152,120.033,992.778,-16.9036,120.134,1016.15,-74.0431,85.9979,1016.6,-49.0212,86.7902,1008.01,-87.8299,52.6503,1023.7,-33.901,51.9259,1014.14,-90.0783,14.8347,1053.74,-15.2373,11.2401,965.047,-118.658,158.536,960.854,-126.449,160.165,952.126,-127.948,175.194,970.168,-118.457,172.387,0,0,0
011619:1005.58,-62.9731,159.59,1006.4,-63.8813,162.905,1006.54,-58.8842,162.242,1013.3,-65.1823,158.885,1013.43,-50.8944,157.172,1018.68,-76.9546,136.619,1014.01,-42.8645,137.564,1004.77,-95.2656,120.392,1005.52,-29.4021,120.75,979.558,-107.822,123.607,996.133,-17.2457,120.394,1016.37,-74.4782,86.4205,1016.07,-49.4164,87.7076,1010.23,-88.8312,52.5599,1030.79,-34.688,51.7185,1016.19,-89.9612,13.7185,1057.73,-16.8301,11.637,966.473,-118.545,159.666,951.231,-127.411,165.074,963.536,-128.654,175.336,977.451,-117.384,174.997,0,0,0
011620:1006.2,-63.389,159.28,1007.62,-64.3534,162.535,1005.63,-59.0993,162.238,1014.77,-65.9109,158.57,1009.17,-50.9495,157.845,1019.25,-77.7434,136.797,1012.56,-43.7071,137.666,1005.33,-97.2557,121.629,1008.92,-30.3478,119.841,979.61,-110.378,127.235,990.559,-17.2891,122.385,1017.88,-75.8888,85.6829,1015.87,-50.8539,87.2075,1009.65,-88.6781,52.2736,1026.25,-35.2265,52.2255,1012.77,-91.0069,14.5583,1053.11,-18.0272,12.5003,971.7,-119.814,160.659,958.596,-129.83,168.8,970.148,-128.994,178.45,977.451,-117.384,174.997,0,0,0
011621:1009.94,-64.3458,159.58,1009.81,-65.0771,163.084,1009.11,-60.0074,162.438,1013.09,-66.2026,159.641,1011.01,-51.8163,157.973,1016.94,-78.2622,137.611,1015.03,-44.6633,137.546,1008.13,-98.9476,121.32,1012.69,-31.1754,119.514,982.599,-112.013,129.463,992.408,-17.3296,122.632,1017.24,-76.253,85.9886,1017.88,-51.5307,86.8514,1008.86,-89.3798,52.9127,1023.79,-36.1867,53.0997,1016.65,-91.8578,14.151,1042.78,-18.1918,15.658,972.027,-119.803,161.696,957.747,-129.922,169.741,977.935,-130.09,180.65,977.451,-117.384,174.997,0,0,0
011622:1005.9,-65.7932,160.076,1007,-66.5354,163.387,1004.57,-61.37,163.057,1015.27,-67.4134,159.057,1009.8,-52.5954,158.103,1020.16,-78.7652,136.613,1013.2,-45.5825,137.847,1006.03,-99.0705,121.921,1000.78,-32.4906,123.671,983.533,-112.803,127.543,989.45,-17.9529,124.4,1013.05,-77.1741,86.9139,1011.31,-52.9958,88.3773,1009.65,-89.2003,52.8052,1029.1,-37.6438,51.5962,1013.37,-91.654,15.5867,1047.68,-20.3518,14.6687,958.349,-121.222,168.227,964.955,-131.509,173.29,976.928,-127.621,183.349,958.9,-117.977,180.606,0,0,0
011623:1010.24,-67.5801,159.713,1011.18,-68.1736,162.912,1009.49,-63.3216,162.599,1015.77,-68.3113,159.191,1012.59,-54.0916,158.14,1019.43,-79.5584,137.402,1012.63,-45.7839,138.673,1012.37,-100.521,121.112,1004.29,-32.3004,123.019,989.701,-114.146,126.567,993.238,-18.426,123.215,1011.55,-77.9263,88.105,1009.7,-53.3992,89.5743,1006.63,-89.949,54.3611,1021.98,-37.7748,54.4856,1011.75,-92.6623,16.4899,1038.62,-21.1414,18.1967,959.992,-121.527,169.61,968.232,-131.304,177.459,985.184,-129.494,182.354,968.163,-117.135,182.788,0,0,0
011624:1011.11,-67.8284,159.142,1010.2,-68.5451,162.596,1010.88,-63.5772,162.085,1013.09,-69.2462,159.248,1013.06,-54.9692,158.033,1015.64,-81.4873,137.902,1017.14,-46.4055,138.202,1007.3,-102.728,123.48,1009.17,-32.869,123.165,980.484,-116.458,134.095,988.328,-20.4703,125.402,1008.08,-79.4874,89.0684,1013.5,-54.0938,88.9035,991.838,-92.0974,58.7473,1028.53,-38.7784,52.9558,1014.51,-92.1998,15.3034,1046.33,-23.6463,13.4954,965.054,-121.524,171.474,971.261,-131.94,179.265,986.208,-129.471,185.885,966.224,-117.342,183.74,0,0,0
011625:1009.32,-67.7762,159.701,1007.72,-68.6098,163.398,1008.83,-63.5437,162.818,1010.82,-69.6673,160.293,1012.44,-55.2415,158.826,1014.16,-81.8307,138.865,1019.45,-46.92,138.255,1008.93,-101.713,122.92,1009.03,-32.8613,122.951,987.094,-116.373,131.176,987.398,-19.3565,125.151,1006.02,-80.5497,89.4796,1013.33,-55.2841,88.7262,990.194,-92.5557,59.0842,1023.79,-39.313,53.9396,1019.07,-92.6674,14.2038,1034.68,-25.2334,17.1061,966.515,-121.836,172.246,973.253,-132.68,181.672,990.672,-130.871,187.824,991.227,-119.363,184.931,0,0,0
011626:1008.86,-67.8258,161.164,1009.87,-68.9227,164.231,1009.98,-63.4606,163.67,1013.95,-70.4432,160.556,1013.89,-55.2178,159.061,1013.99,-83.6688,139.055,1015.51,-46.9009,139.188,1016.28,-105.363,121.183,1006.99,-33.4268,123.139,986.722,-118.008,135.37,994.877,-18.9217,123.869,1007.87,-81.2067,89.3553,1011.95,-55.1428,89.6204,997.169,-92.4366,57.3073,1026.26,-40.6586,53.5944,1015.84,-93.1902,16.2945,1050.52,-27.6946,14.3019,974.71,-123.745,175.125,974.675,-133.002,182.271,986.874,-130.385,191.19,990.715,-119.459,187.214,0,0,0
011627:1009.73,-68.6301,159.927,1010.42,-69.7219,163.221,1009.89,-64.1796,162.718,1012.5,-71.1495,160.56,1012.94,-55.5289,158.845,1010.79,-83.397,140.334,1014.56,-46.915,139.399,1008.81,-103.274,124.614,1009.86,-33.3713,123.225,986.942,-117.548,132.719,998.439,-19.9252,122.98,1005.59,-81.5415,90.6641,1010.51,-55.5062,90.3423,996.381,-92.8274,57.8024,1020.5,-40.7667,55.4227,1016.63,-93.9213,15.9516,1044.29,-28.5758,16.7736,977.151,-123.541,175.988,971.287,-133.781,185.586,976.422,-131.834,197.497,991.184,-119.445,188.676,0,0,0
011628:1006.59,-69.7245,161.959,1008.81,-70.6754,164.816,1006.19,-65.2544,164.775,1014.3,-71.8341,160.956,1009.4,-56.661,160.327,1008.17,-84.1243,141.4,1014.38,-48.0807,139.888,997.737,-103.972,127.963,1010.68,-34.424,123.458,982.312,-119.322,136.124,993.992,-19.6607,125.287,1007.63,-82.4719,90.5025,1013.51,-56.8958,89.9479,996.438,-93.0428,57.6391,1020.77,-42.6302,55.3343,1017.12,-93.9923,16.6124,1049.72,-31.0994,16.3376,981.251,-124.932,176.856,972.573,-134.108,185.774,984.019,-133.804,198.207,978.953,-121.104,192.707,0,0,0
011629:1004.33,-71.4775,163.011,1006.2,-72.1419,165.84,1004.97,-67.1073,165.555,1011.17,-72.2407,161.988,1010.16,-57.7908,160.675,1008.71,-84.4162,141.554,1012.39,-48.4779,140.717,1007.49,-105.562,126.16,1006.66,-35.603,124.946,987.377,-119.939,135.98,995.464,-20.652,124.359,1004.57,-82.9936,91.8012,1009.58,-57.6994,91.45,993.091,-93.9369,59.5184,1019.56,-43.8701,56.7078,1019.63,-95.1287,15.4713,1051.55,-33.0556,15.4814,982.019,-126.202,178.333,973.927,-134.433,186.169,980.581,-132.808,199.054,981.303,-122.682,195.339,0,0,0
011630:1008.28,-72.6921,162.942,1010.45,-73.3272,165.735,1008.14,-68.3192,165.655,1014.3,-72.8937,161.988,1010.24,-58.6099,161.326,1008.74,-84.6439,142.305,1012.72,-48.659,140.884,1005.89,-105.841,127.3,1009.46,-36.2212,124.068,983.603,-120.275,137.213,996.484,-20.3428,123.619,1006.23,-83.3895,91.6039,1010.67,-58.0456,90.9852,995.025,-94.3642,59.4578,1016.59,-43.9495,56.9508,1022.96,-95.1543,15.0255,1047.37,-33.8103,15.7195,982.218,-126.196,178.956,979.397,-137.521,190.608,984.752,-133.784,200.481,981.303,-122.682,195.339,0,0,0
011631:1004.51,-72.5986,162.771,1007.65,-73.4518,165.494,1003.93,-68.1232,165.635,1014.59,-73.9123,161.579,1008.39,-58.7864,161.109,1011.1,-85.9727,142.329,1016.02,-48.9209,139.933,1008.61,-107.181,128.844,1015.83,-35.9342,122.67,986.294,-120.969,137.243,1002.71,-20.509,121.826,1005.86,-83.4933,91.578,1011.25,-57.5918,90.5607,995.031,-94.8019,58.1686,1021.47,-44.8078,54.9429,1020.6,-96.0716,14.3181,1050.6,-36.6311,14.7924,978.337,-126.583,181.122,981.794,-138.19,190.374,986.104,-133.687,201.391,981.303,-122.682,195.339,0,0,0
011632:1008.7,-74.1023,163.004,1009.95,-74.6166,166.1,1007.8,-69.6019,165.98,1013.07,-74.1572,162.935,1009.58,-59.5164,162.031,1008.11,-86.0618,143.647,1016.59,-49.1944,140.783,1005.85,-108.144,129.507,1012.51,-36.0999,123.811,985.612,-121.864,138.815,997.248,-20.8112,123.48,1006.24,-84.3135,91.7436,1014.82,-58.8719,90.0422,992.974,-94.6177,59.2409,1027.92,-47.1997,54.2773,1018.84,-95.9961,15.1551,1054.68,-40.326,14.9601,986.037,-128.537,181.938,981.459,-139.119,192.444,996.341,-134.197,204.431,981.303,-122.682,195.339,0,0,0
011633:1003.04,-74.2952,163.954,1006.8,-74.9914,166.661,1001.84,-69.7989,166.939,1015.25,-75.0051,162.503,1004.21,-60.2089,162.758,1009.87,-86.9351,143.181,1013.91,-49.863,141.013,1008.97,-108.441,128.751,1014.29,-35.7369,123.594,992.79,-122.242,137.052,998.113,-20.3196,123.658,1009.76,-84.793,90.7153,1014.23,-58.9806,89.7576,995.333,-96.0782,58.6531,1022.34,-47.389,54.9441,1023.32,-97.9237,14.8635,1055.5,-40.2962,14.0984,986.221,-130.755,184.554,982.825,-139.45,192.845,991.184,-134.658,206.308,988.252,-124.277,197.574,0,0,0
011634:999.943,-73.7897,163.725,1004.58,-74.9374,166.27,999.341,-69.4689,166.745,1013.37,-75.6815,162.381,1004.53,-60.3978,162.634,1008.08,-87.5652,143.672,1012.4,-50.2728,141.609,1004.86,-109.467,130.2,1009.7,-36.848,125.424,980.977,-121.794,140.216,993.586,-21.0039,125.271,1007.5,-85.454,91.9647,1012.41,-59.6178,90.9225,991.881,-96.2176,61.3043,1020.56,-48.4202,56.8389,1024.96,-98.5288,16.277,1058.61,-43.3486,14.4129,986.913,-132.029,185.83,985.903,-140.11,195.08,992.566,-134.987,206.722,992.445,-123.876,196.421,0,0,0
011635:999.405,-75.3735,165.043,1004.62,-76.3488,167.495,998.093,-70.8687,168.294,1016.72,-76.743,162.345,1004.1,-61.193,163.451,1005.65,-87.643,144.084,1020.14,-51.6277,140.115,1003.44,-111.202,130.836,1010.92,-36.8963,124.592,988.845,-125.695,141.81,989.871,-20.4879,126.795,1007.68,-86.7831,91.1408,1019.02,-62.2229,88.7308,993.526,-95.8293,59.803,1034.16,-52.0365,53.1409,1029.5,-99.8898,13.6085,1063,-47.9519,13.757,983.046,-133.252,187.227,986.976,-140.021,194.881,989.504,-137.897,209.508,978.66,-126.532,202.058,0,0,0
011636:1011.65,-75.7807,162.486,1012.42,-76.7129,165.687,1010.67,-71.3975,165.593,1012.1,-76.9335,163.229,1009.49,-62.1364,162.472,1004.26,-89.07,144.692,1014.12,-51.944,141.714,1006.03,-112.553,130.705,1011.18,-37.9195,124.978,992.454,-127.455,142.413,993.883,-21.7135,125.154,1008.57,-87.8533,91.5756,1018.04,-62.5441,89.495,990.519,-96.3827,61.1838,1025.56,-51.3946,55.1356,1026.26,-99.7647,13.9564,1063.01,-48.262,11.1532,990.58,-135.243,187.336,983.038,-142.995,198.653,989.504,-137.897,209.508,978.478,-126.541,201.712,0,0,0
011637:1003.16,-76.28,165.356,1006.37,-77.3194,168.055,1002.3,-71.8185,168.417,1013.4,-77.7492,163.592,1005.48,-62.3875,163.873,1003.19,-89.6348,145.373,1014,-52.1792,142.169,1003.1,-113.151,132.282,1005,-38.6707,126.752,990.728,-127.213,143.919,993.223,-22.1936,126.301,1002.76,-88.4156,92.6889,1011.88,-62.8152,90.9313,991.484,-97.3525,59.8306,1027.26,-51.214,54.4243,1027.93,-101.045,12.4116,1060.42,-49.3156,12.4896,979.471,-132.259,187.689,983.038,-142.995,198.653,991.992,-138.566,209.511,983.346,-127.841,201.486,0,0,0
011638:1003.92,-79.956,165.732,1006.45,-80.2561,168.429,1003.61,-75.581,168.363,1009.59,-78.6284,164.813,1006.15,-65.2005,163.629,1004.49,-90.6457,145.417,1010.47,-52.8606,142.683,1010.52,-113.968,130.654,1004.3,-38.0498,127.153,996.72,-126.963,141.186,993.987,-22.3222,125.479,1006.14,-88.1645,92.5953,1013.02,-62.7267,90.9073,992.955,-97.5711,59.8199,1027.24,-53.1287,54.1844,1027.99,-100.594,12.6169,1060.17,-51.2307,12.0717,979.469,-134.039,190.106,987.305,-144.425,200.319,999.775,-140.579,210.354,996.089,-131.116,202.27,0,0,0
011639:1002.27,-80.0412,165.167,1004.59,-80.7933,168.064,1001.91,-75.5747,168.119,1007.59,-80.2194,164.689,1004.45,-65.2013,163.909,998.74,-91.0489,146.244,1011.77,-53.9578,142.618,999.977,-114.776,133.303,1008.64,-39.3648,126.1,989.165,-129.03,145.519,991.601,-22.6282,126.464,1005.74,-89.3859,92.2012,1016.59,-64.1695,89.9412,993.548,-98.2343,59.425,1025.3,-53.6769,55.3347,1030.01,-102.955,10.363,1061.74,-52.8619,11.0083,981.548,-136.061,191.553,987.305,-144.425,200.319,999.775,-140.579,210.354,996.089,-131.116,202.27,0,0,0
011640:998.405,-79.3277,165.66,1002.43,-80.473,168.211,999.106,-74.9141,168.198,1010.7,-80.6947,163.709,1004.9,-65.3791,163.147,999.176,-91.5081,145.616,1012.78,-54.4011,141.549,998.761,-115.159,133.474,1007.17,-39.7304,126.087,984.34,-129.609,146.634,991.007,-23.1186,126.7,999.787,-89.574,93.2923,1010.75,-64.5068,90.5554,991.325,-99.3974,60.425,1023.91,-54.635,53.7143,1023.51,-102.776,15.3296,1055.27,-53.1729,11.7235,981.548,-136.061,191.553,986.689,-144.928,201.691,1005.72,-140.127,211.272,1000.78,-132.02,201.459,0,0,0
011641:999.842,-81.7607,165.155,1003.11,-82.8951,168.108,999.571,-77.2463,168.188,1010.59,-82.3776,164.255,1005.55,-66.352,163.778,1003.71,-92.0561,145.849,1013.64,-54.8092,142.177,1001.41,-115.642,133.707,1005.26,-41.3324,127.475,990.317,-129.124,144.379,987.566,-23.9703,127.765,1005.31,-90.5214,92.64,1013.44,-64.9882,90.2251,995.199,-100.224,59.5645,1023.93,-54.66,53.5864,1027.72,-105.283,13.5206,1058.2,-54.7626,10.3384,989.016,-138.063,191.638,991.776,-146.715,201.818,1010.74,-141.49,211.075,1002.04,-132.353,201.454,0,0,0
011642:998.847,-82.0691,166.465,1003.05,-82.972,169.137,998.772,-77.6282,169.167,1011.74,-82.1004,164.808,1004.95,-66.6536,164.219,1008.48,-92.6076,145.346,1011.86,-54.8754,142.427,1007.62,-116.563,132.38,1005.45,-40.4614,127.817,1001.17,-130.08,140.703,993.389,-24.6272,126.128,1009.11,-91.7675,92.6079,1014.98,-66.3845,90.3028,996.166,-100.538,60.2499,1028.24,-56.9173,52.5171,1015.3,-105.194,18.6179,1049.76,-54.3506,12.8468,994.374,-139.832,192.517,995.586,-147.741,202.013,1019.79,-146.075,209.841,1000.28,-132.534,203.234,0,0,0
011643:998.845,-82.1819,166.399,1002.58,-83.2888,169.157,998.973,-77.8344,169.114,1008.55,-82.5475,165.384,1002.73,-67.1441,164.843,1002.99,-92.8566,146.518,1007.42,-55.1486,143.619,1001.41,-117.259,133.707,1001.62,-41.0563,128.349,988.216,-131.959,146.192,990.744,-24.8447,126.02,1006.35,-91.9022,93.6994,1012.76,-66.6201,91.1783,994.825,-100.933,60.9096,1026.42,-57.6227,52.5642,1020.43,-106.116,16.9289,1049.57,-56.4228,11.1529,994.374,-139.832,192.517,986.24,-148.478,205.225,1020.2,-146.065,211.105,998.102,-136.314,208.756,0,0,0
011644:1000.06,-82.75,166.216,1003.04,-83.7077,169.21,1000.55,-78.3569,168.909,1009.32,-83.2829,165.637,1004.47,-67.8614,164.706,1005.09,-94.3183,146.387,1008.81,-56.5064,143.726,1005.93,-119.224,133.288,1001.34,-41.5376,128.919,992.234,-132.632,146.966,992.488,-24.7205,125.88,1006.76,-93.4183,93.3549,1013.05,-68.2297,91.1929,994.941,-101.486,60.2885,1028.94,-59.4119,52.5248,1020.03,-106.969,15.8685,1051.71,-58.043,11.2433,989.16,-140.273,194.258,989.079,-150.009,205.787,1018.08,-146.233,211.882,1002.74,-135.866,204.651,0,0,0
011645:1000.54,-83.9661,167.423,1004.13,-85.165,170.185,1000.51,-79.5097,170.111,1011.55,-84.7018,165.853,1005.11,-69.0102,165.323,1008.16,-95.1007,145.758,1008.54,-57.4706,143.96,1002.06,-118.931,133.708,1001.28,-42.4854,129.322,987.239,-133.032,147.19,991.887,-25.3969,126.211,1005.89,-93.8587,93.8017,1009.32,-68.6334,92.1347,997.815,-102.841,60.0839,1024.84,-59.3186,52.9892,1016.54,-109.057,18.2771,1046.93,-58.0845,11.8337,992.789,-141.288,193.833,989.079,-150.009,205.787,1031.2,-145.207,207.935,1004.49,-135.687,202.591,0,0,0
011646:1006.97,-85.4717,165.7,1007.16,-86.1546,169.147,1006.66,-81.0925,168.457,1007.66,-84.7207,166.372,1006.11,-70.1047,164.849,1007.03,-95.638,146.042,1005.86,-57.9054,144.658,1005.16,-120.503,133.835,1000.53,-43.1021,129.538,983.93,-135.001,152.071,993.195,-25.134,125.975,1009.01,-95.049,92.5938,1012.42,-69.5836,91.0696,997.151,-103.717,59.9306,1024.33,-58.3363,53.4173,1016.63,-110.952,17.5809,1048.06,-58.0992,11.7714,992.989,-141.282,194.457,989.079,-150.009,205.787,1014.99,-145.613,213.929,998.102,-136.314,208.756,0,0,0
011647:998.681,-84.1413,166.473,1002.23,-85.5332,169.346,998.952,-79.77,169.362,1011.35,-86.2313,165.337,1004.12,-70.0172,165.205,1010.59,-97.0188,145.552,1009.35,-59.1769,144.23,1009.98,-120.905,132.987,1003.04,-43.9693,128.65,987.489,-134.768,150,995.033,-26.2416,125.303,1008.42,-95.116,92.577,1010.86,-69.4936,91.6276,993.841,-103.626,59.9374,1022.29,-59.2684,54.3415,1016.87,-111.654,15.8186,1049.02,-59.4752,11.844,996.892,-142.297,194.983,990.946,-152.91,206.035,1015.74,-149.51,213.476,999.361,-136.649,208.757,0,0,0
011648:1007.63,-85.9281,166.263,1010.09,-87.1166,169.125,1007.26,-81.402,169.047,1013.6,-86.8955,165.412,1006.98,-71.0419,165.082,1008.67,-97.639,145.913,1007.69,-59.7351,144.224,1006.77,-121.336,134.153,999.17,-44.2451,129.226,988.21,-135.764,150.43,992.689,-26.0685,125.543,1007.09,-96.5067,92.6053,1010.92,-70.9586,91.1248,989.114,-104.623,61.5206,1021.15,-60.112,54.6859,1015.25,-112.784,17.2608,1050.04,-60.3823,12.3281,997.886,-142.211,194.411,999.337,-155.351,204.991,1014.99,-150.454,214.215,1008.02,-139.014,208.137,0,0,0
011649:1006.25,-86.237,165.669,1007.76,-87.3371,168.845,1005.58,-81.8087,168.682,1011.41,-87.2976,165.731,1006.05,-71.5847,165.285,1011.54,-98.3709,145.543,1008.01,-60.4511,144.88,1013.22,-122.846,133.198,998.473,-44.6889,130.305,991.204,-136.378,151.418,989.934,-27.1852,126.458,1011.22,-97.3857,91.6828,1013.05,-71.6187,90.9594,988.981,-105.99,61.5427,1017.51,-60.9538,56.3862,1016.02,-114.266,17.0049,1046.43,-60.3681,14.2944,998.729,-143.92,195.891,999.337,-155.351,204.991,1020.28,-152.285,214.433,1008.02,-139.014,208.137,0,0,0
011650:1002.43,-87.0595,167.409,1004.86,-88.2254,170.33,1001.95,-82.4932,170.302,1010.94,-88.455,166.382,1003.19,-72.3175,166.313,1009.37,-99.5711,146.168,1005.94,-61.596,145.475,1005.14,-123.282,135.65,993.657,-45.8191,131.298,980.845,-137.408,156.522,987.138,-27.4649,127.283,1009.78,-98.6109,91.8019,1011.7,-72.7918,91.1972,990.164,-106.848,60.8391,1020.27,-61.4106,55.6904,1013.96,-115.101,16.2838,1048.05,-61.2028,13.09,1004.76,-145.642,194.985,992.89,-155.813,206.514,1004.05,-153.904,218.221,1008.89,-139.364,206.88,0,0,0
011651:1005.41,-87.8908,167.6,1008.5,-89.0079,170.357,1004.31,-83.1445,170.42,1013.74,-88.9755,166.246,1003.53,-72.7177,166.178,1012.56,-99.7621,145.389,1003.73,-61.9784,145.266,1011.32,-123.428,133.573,998.958,-45.4596,129.893,997.067,-137.4,148.286,987.761,-27.5273,127.101,1011.25,-98.3413,91.929,1009.1,-72.7262,91.9249,992.775,-107.411,60.5247,1011.92,-62.7457,57.5743,1013.94,-116.821,17.1895,1048.34,-61.8147,12.9423,1015.58,-148.78,192.786,992.89,-155.813,206.514,1004.05,-153.904,218.221,1021.46,-142.793,206.031,0,0,0
011652:1000.04,-88.2595,167.205,1002.19,-89.5186,170.31,998.878,-83.5303,170.278,1008.18,-89.9621,166.725,999.97,-73.0592,166.502,1009.45,-100.503,146.088,1003.6,-62.7614,145.386,1008.32,-124.609,134.669,996.302,-47.0751,130.383,988.918,-138.01,151.146,986.9,-28.1422,126.582,1009.88,-98.7314,92.0615,1010.57,-72.9116,91.5381,988.732,-107.732,61.6721,1017.37,-61.9769,56.6371,1007.11,-117.353,18.4835,1045.9,-61.1825,13.6621,1007.01,-149.436,195.576,999.974,-157.922,205.267,1005.27,-154.254,218.186,1017.18,-143.142,207.555,0,0,0
011653:1001.88,-89.06,167.734,1003.42,-90.3537,170.788,1001.37,-84.5344,170.735,1008.21,-90.9069,167.195,1002.82,-74.5098,166.852,1009.38,-101.763,146.817,1004.53,-63.9115,145.859,1011.61,-125.672,134.711,994.48,-47.6102,131.157,996.776,-138.15,147.603,989.284,-28.8463,125.801,1007.86,-99.9447,93.265,1009.85,-74.1333,92.5024,987.183,-109.053,62.1489,1018.5,-63.5075,56.8641,1007.7,-118.882,17.9403,1045.53,-62.5266,14.3145,1007.01,-149.436,195.576,1002.35,-158.63,204.848,1005.27,-154.254,218.186,1013.65,-143.407,207.382,0,0,0
011654:1001.56,-89.6772,168.757,1003.88,-90.7607,171.549,1001.42,-84.9733,171.465,1008.43,-91.2801,167.632,1003.35,-75.085,166.782,1007.73,-102.991,147.045,1002.91,-64.7362,146.202,1000.34,-126.763,137.752,997.875,-48.4772,130.017,984.791,-140.286,155.034,990.692,-29.0537,125.557,1004.98,-100.808,93.6253,1006,-74.7921,93.4203,986.614,-110.64,62.2732,1012.21,-64.2518,59.7949,1004.42,-119.993,18.6295,1047.42,-63.8461,15.3074,990.559,-150.661,198.371,1000.25,-159.638,204.852,1031.01,-154.613,212.068,1018.13,-144.363,205.431,0,0,0
011655:1004.08,-91.6963,167.852,1005.8,-92.5216,170.75,1003.29,-87.1553,170.785,1009.62,-92.1546,167.115,1002.22,-76.6558,167.077,1007.78,-103.416,147.092,1003.31,-65.5928,146.594,1000.66,-127.682,137.713,995.81,-50.227,131.25,987.33,-141.399,155.562,988.934,-30.7913,126.234,1007.09,-101.526,92.869,1009.13,-75.6939,92.4257,984.311,-111.304,62.3043,1015.27,-64.7281,57.9712,1000.18,-120.62,19.3392,1045.41,-64.5964,14.5011,993.114,-151.349,198.565,1007.54,-161.773,204.008,1033.24,-154.455,211.496,1025.14,-146.465,203.092,0,0,0
011656:1001.46,-91.9053,166.944,1002.36,-92.9411,170.056,1001.02,-87.4142,169.862,1004.95,-93.4744,166.842,1001.76,-77.716,165.936,1004.98,-104.659,147.042,1006.97,-67.4226,144.725,1003.49,-129.307,137.93,1002.14,-50.1767,129.349,989.194,-143.522,155.83,990.175,-30.4752,126.069,1014.55,-104.044,89.6985,1019.17,-77.9068,88.447,994.133,-115.043,59.2967,1022.14,-67.0656,55.7973,1004.21,-123.104,18.1382,1043.65,-64.8635,14.4142,993.114,-151.349,198.565,1007.54,-161.773,204.008,1034.49,-154.813,211.287,1025.14,-146.465,203.092,0,0,0
011657:999.65,-92.836,168.596,1001.97,-93.899,171.372,999.409,-88.4284,171.415,1007.88,-94.1915,167.193,1002.1,-78.7568,166.809,1006,-105.094,147.239,1006.11,-68.1953,145.454,1001.75,-129.931,137.557,998.313,-51.6101,130.653,992.345,-142.749,153.386,990.683,-31.058,125.473,1009.71,-103.461,90.9601,1012.88,-77.4415,90.0639,994.777,-115.563,58.7638,1024.54,-66.9266,54.1301,999.338,-124.105,20.448,1042.93,-64.4525,14.1324,993.114,-151.349,198.565,1007.46,-162.21,203.677,1048.38,-160.121,208.447,1022.55,-146.641,202.166,0,0,0
011658:1003.97,-93.8176,167.117,1004.21,-94.6201,170.345,1004.12,-89.4023,169.815,1004.72,-94.3431,167.421,1004.73,-79.3146,165.641,1003.49,-105.171,147.731,1004.03,-68.5012,145.154,1002.28,-131.3,138.713,1000.67,-52.1065,130.135,995.298,-144.693,152.759,992.25,-31.0666,125.097,1006.02,-103.516,92.0045,1009,-77.6541,90.8854,996.487,-116.319,59.0458,1019.49,-66.9135,56.1067,999.423,-125.993,19.6837,1036.88,-64.3283,15.3113,1005.66,-155.217,194.515,1007.46,-162.21,203.677,1043.78,-160.423,209.421,1020.11,-146.814,201.806,0,0,0
011659:1002.96,-94.6445,166.939,1004.05,-95.2264,170.031,1002.62,-90.3542,169.828,1006.32,-94.7301,167.103,1001.89,-80.1547,166.279,1004.49,-105.715,147.705,1003.94,-69.1735,145.477,1003.28,-131.318,137.528,1002.82,-52.1048,129.158,998.79,-144.129,149.203,992.36,-31.0118,124.39,1009.7,-104.654,91.6357,1012.07,-78.924,90.8807,996.023,-116.672,59.4822,1019.02,-67.5552,57.7244,994.991,-127.019,19.7207,1033.74,-65.5577,17.0705,994.301,-155.999,195.033,1002.75,-162.505,203.335,1043.78,-160.423,209.421,1020.16,-147.25,201.6,0,0,0
011660:1002.88,-94.9861,167.036,1003.91,-95.731,170.139,1003,-90.6623,169.849,1004.65,-95.4204,167.413,1002.53,-80.5621,166.148,1000.28,-105.96,148.508,1002.39,-69.4652,145.504,996.818,-132.446,140.145,998.86,-52.0641,129.785,990.459,-146.305,155.003,988.975,-31.2803,125.401,1004.37,-104.098,92.4018,1008.8,-78.3611,90.9646,995.674,-117.575,59.3315,1023.09,-68.1435,55.8911,993.015,-128.221,20.6825,1035.71,-65.4798,15.9052,994.301,-155.999,195.033,998.023,-162.799,202.81,1043.78,-160.423,209.421,1027.47,-149.362,200.087,0,0,0
011661:1003.47,-95.5302,166.494,1004.63,-96.2543,169.548,1002.81,-91.2087,169.469,1006.23,-96.1012,166.697,1002.02,-81.184,165.901,1004.61,-107.038,147.46,1002,-70.5203,145.311,1001.01,-133.238,138.31,999.582,-53.4185,129.136,996.109,-145.45,150.746,989.041,-32.3316,125.093,1006.02,-105.678,91.826,1007.6,-79.7694,91.0845,994.705,-118.328,59.3055,1018.93,-68.459,56.6597,991.355,-129.75,21.3528,1036.49,-65.4214,15.9252,994.301,-155.999,195.033,998.023,-162.799,202.81,1051.81,-163.899,204.302,1032.3,-151.663,197.846,0,0,0
011662:998.733,-96.415,168.707,999.51,-96.9936,171.813,997.769,-92.0299,171.605,1004.16,-96.5101,167.644,999.436,-81.8731,166.727,1004.49,-107.675,147.259,1004.77,-70.7618,144.351,998.191,-133.734,139.526,999.019,-53.8084,129.699,991.764,-147.44,152.224,984.016,-33.5797,126.577,1008.35,-106.394,90.4677,1010.93,-80.369,89.6188,994.447,-119.693,58.2614,1019.42,-69.2668,55.9266,996.643,-130.448,19.21,1041.86,-66.1659,14.6121,996.665,-156.702,194.598,1007.09,-165.681,199.675,1054.08,-164.647,203.007,1031.89,-151.674,196.569,0,0,0
011663:1000.7,-97.2791,168.332,1001.19,-98.0038,171.361,1000.52,-92.8104,171.051,1005.08,-97.6605,166.948,1002.49,-82.5679,165.78,1004.95,-108.279,146.216,1005.09,-71.5924,143.671,999.539,-134.068,139.357,996.365,-53.7654,130.008,991.302,-149.328,155.204,983.461,-32.9278,126.261,1005.06,-106.372,91.1195,1008.06,-80.6371,90.4131,990.047,-119.781,58.9933,1018.16,-69.6587,56.3873,990.758,-130.682,20.327,1039.87,-65.7401,15.2463,1002.34,-158.479,192.67,1006.94,-165.684,199.113,1046.8,-165.086,203.251,1031.89,-151.674,196.569,0,0,0
011664:1003.66,-98.0945,165.941,1003.84,-98.7821,169.279,1003.2,-93.4177,168.808,1004.95,-98.8469,166.166,1002.31,-82.9037,164.581,1002.53,-109.37,146.09,1003.11,-72.5499,143.57,996.83,-134.733,138.811,995.972,-54.5008,129.718,986.798,-149.317,154.459,989.407,-33.6464,124.851,1006.3,-107.321,90.1835,1009.55,-81.297,89.7378,991.612,-120.832,58.5154,1021,-70.0667,56.9413,991.517,-133.067,18.6124,1039.27,-66.6126,16.27,1000.14,-158.629,193.076,1014.86,-168.239,195.964,1046.8,-165.086,203.251,1039.1,-153.831,194.378,0,0,0
011665:1001.35,-99.162,167.865,1002.08,-99.7076,170.775,1001.21,-94.7333,170.483,1004,-99.0299,166.752,998.622,-84.2374,166.022,998.546,-109.256,147.15,999.839,-73.2922,144.535,999.992,-135.361,138.144,997.572,-55.7005,129.126,990.746,-150.711,153.457,982.732,-34.3416,125.45,1000.52,-107.122,92.1638,1004.32,-81.6523,91.5682,989.938,-121.443,59.7239,1022.67,-70.0067,56.9174,990.874,-133.992,19.8824,1042.2,-65.8363,15.876,1000.14,-158.629,193.076,1020.48,-170.084,193.413,1051.76,-167.018,201.742,1039.1,-153.831,194.378,0,0,0
011666:1000.12,-99.6346,166.633,1000.87,-100.225,169.729,1000.48,-95.1847,169.339,1002.26,-99.8742,166.443,1001.94,-84.7097,164.638,1001.67,-110.344,146.214,1001.74,-73.4675,143.513,999.142,-136.426,139.272,996.781,-54.6119,129.106,986.363,-150.47,155.461,982.006,-34.0277,125.87,1003.91,-107.972,90.3654,1007.69,-81.8933,89.6589,987.953,-121.735,58.8756,1019.63,-70.3373,56.7016,985.725,-135.012,20.2869,1042.07,-66.5325,15.6414,1005.51,-160.427,190.092,1020.48,-170.084,193.413,1052.55,-167.403,200.018,1029.25,-154.484,193.356,0,0,0
011667:999.984,-101.05,167.641,1001.14,-101.31,170.478,1000.58,-96.6536,170.215,1003.75,-100.238,166.493,1001.71,-85.8174,165.149,1001.35,-110.681,146.059,1003.05,-74.1409,143.468,999.474,-136.535,138.152,999.524,-54.8009,127.955,990.276,-151.921,154.168,984.38,-33.7544,124.523,1003.73,-108.559,90.7619,1008.62,-82.8187,90.072,987.702,-122.965,59.7013,1022.76,-71.1222,57.6473,984.998,-135.704,20.1302,1045.98,-66.5712,15.7263,1005.46,-160.428,189.904,1019.25,-170.153,193.24,1056.89,-169.366,196.23,1029.25,-154.484,193.356,0,0,0
011668:999.951,-102.095,166.909,1001.21,-102.455,169.789,1000.32,-97.6179,169.672,1003.56,-101.59,166.087,1001.19,-86.5501,165.016,1000.72,-111.837,145.564,1001.63,-75.2396,143.725,997.654,-137.571,137.978,996.106,-56.3815,128.959,981.653,-152.162,156.293,984.969,-35.6286,124.364,1004.6,-109.914,89.6307,1009.34,-83.9996,89.3386,987.057,-124.065,58.1771,1026.64,-72.1271,55.6622,982.125,-136.761,20.1769,1047.5,-67.0964,15.6619,1002.86,-160.583,188.817,1016.8,-170.291,192.894,1056.89,-169.366,196.23,1023,-156.651,191.201,0,0,0
011669:999.933,-102.206,165.912,1000.93,-102.592,168.935,999.786,-97.4594,168.829,1004.36,-102.147,165.521,1001.48,-86.1337,164.375,1003.81,-112.564,144.796,1003.96,-75.6255,142.592,996.004,-137.353,137.987,999.04,-56.6595,126.612,982.984,-152.935,154.197,985.853,-36.2493,123.363,1004.67,-110.689,89.6958,1009.12,-84.6896,89.2147,983.667,-123.287,58.6122,1021.03,-71.3225,56.6977,982.728,-137.903,17.4255,1044.46,-65.9398,15.0901,1002.86,-160.583,188.817,1018.58,-171.916,189.471,1055.17,-169.446,194.31,1032.59,-156.017,191.443,0,0,0
011670:998.836,-103.148,166.42,1002.09,-103.344,168.989,999.057,-98.3562,169.111,1008.96,-102.653,164.785,1002.62,-86.966,163.861,1007.2,-113.376,144.103,1003.39,-76.331,142.093,1000.31,-138.282,138.07,996.02,-57.5266,127.361,986.821,-153.442,152.409,983.896,-37.4059,123.504,1004.26,-111.208,89.1141,1006.75,-85.1155,88.9738,983.289,-124.124,57.7048,1023.13,-71.5799,55.2386,987.037,-139.033,16.2176,1057.63,-65.8624,12.0299,1000.37,-160.735,188.106,1050.41,-171.432,185.498,1061.47,-169.004,185.417,1030.87,-156.106,189.365,0,0,0
011671:997.508,-103.752,166.155,1001.8,-103.788,168.442,995.904,-99.0237,169.178,1011.43,-102.93,163.677,997.94,-87.8042,164.31,1006.61,-113.813,144.012,1004.75,-77.0324,141.805,996.212,-139.177,138.75,1003.78,-58.1015,125.069,982.377,-155.373,155.12,990.76,-38.5076,121.492,1001,-111.6,89.5126,1004.47,-85.6815,89.1685,983.97,-125.286,57.5239,1026.02,-72.2515,54.5373,985.848,-139.91,16.5702,1057.68,-66.0151,11.9415,1014.5,-165.065,184.387,1021.97,-173.034,187.952,1046.73,-169.89,190.716,1018.05,-156.968,190.325,0,0,0
011672:996.564,-104.29,165.994,998.974,-104.401,168.808,997.273,-99.4674,168.603,1003.5,-103.495,165.19,1002.46,-87.9328,163.117,1003.08,-114.121,144.045,1003.26,-77.3701,140.908,1000.91,-140.217,137.003,1003.82,-58.4762,123.525,986.684,-156.979,153.942,987.602,-38.4495,121.455,996.648,-112.592,89.3185,1001.58,-86.6017,88.1994,985.617,-126.634,56.073,1024.23,-72.8297,52.9162,982.495,-140.766,16.6422,1052.01,-64.9125,11.0801,1014.5,-165.065,184.387,1020.31,-173.55,185.972,1044.24,-170.03,190.56,1023.33,-158.788,186.487,0,0,0
011673:997.976,-105.078,164.524,1000.36,-105.092,167.431,998.084,-100.329,167.316,1004.6,-104.354,164.319,1002.17,-89.1875,162.406,1001.74,-115.083,144.436,1005.78,-78.888,140.186,996.069,-140.449,138.101,1007.43,-60.6322,121.841,980.475,-157.088,155.337,993.479,-40.1481,119.654,997.977,-113.286,89.0057,1004.96,-87.3428,87.4512,985.778,-128.181,55.538,1025.97,-72.8029,52.7725,991.017,-143.884,12.7734,1056.67,-65.8155,9.95419,1006.32,-165.567,184.524,1023.64,-174.676,184.23,1038.62,-168.554,189.42,1023.33,-158.788,186.487,0,0,0
011674:996.051,-105.736,165.137,1000.08,-105.622,167.638,995.901,-100.952,167.875,1008.09,-104.657,163.521,1001.45,-89.5985,162.359,1003.86,-115.792,143.515,1005.27,-79.2482,139.876,996.107,-141.827,137.745,1004.88,-60.4787,122.447,985.326,-158.565,154.091,990.805,-39.8666,120.47,994.512,-114.321,88.6566,1000.48,-88.2084,87.4318,981.14,-128.272,55.2954,1024.69,-72.7131,51.6776,986.573,-144.335,14.3464,1063.86,-65.1747,8.37233,1002.12,-164.501,183.324,1017.63,-175.877,183.493,1043.57,-170.047,188.291,1023.33,-158.788,186.487,0,0,0
011675:994.97,-106.488,165.828,997.372,-106.599,168.643,994.888,-101.5,168.528,1002.09,-105.896,165.029,1000.63,-89.9963,162.782,1001.8,-116.342,144.001,1004.23,-80.286,139.597,995.983,-141.011,137.839,1004.92,-61.7267,121.285,985.145,-158.134,152.401,990.799,-41.7363,118.684,999.427,-115.706,87.832,1006.46,-89.6365,86.0551,982.518,-128.861,55.9373,1026.56,-72.7778,51.7367,983.469,-145.449,15.0634,1059.81,-64.5415,8.83848,1002.99,-164.872,182.05,1022.3,-177.378,181.939,1048.41,-171.553,186.726,1019.47,-159.469,185.387,0,0,0
011676:994.136,-106.612,164.966,996.529,-107.19,167.962,994.098,-101.703,167.81,1002.58,-107.439,163.681,995.756,-90.7669,162.562,993.873,-116.059,144.723,1002.32,-82.1863,139.008,986.997,-142.916,141.037,999.945,-63.1316,122.295,979.772,-160.128,155.148,992.867,-42.8616,118.432,996.548,-115.745,86.4302,1008.56,-90.7422,83.3856,971.689,-131.066,57.1102,1022.64,-76.5287,50.0544,994.025,-149.888,12.1703,1052.41,-67.3893,8.51821,998.377,-165.591,181.901,1022.3,-177.378,181.939,1053.62,-172.084,177.526,1024.85,-159.095,183.186,0,0,0
011677:998.682,-107.324,162.648,1001.68,-107.981,165.449,997.349,-102.558,165.892,1007.5,-108.268,161.327,997.221,-91.8155,161.414,996.781,-117.152,143.396,1003.17,-82.6088,138.356,984.292,-144.522,141.076,998.141,-62.9677,121.986,970.135,-160.586,156.993,984.752,-43.0688,119.375,993.038,-115.956,87.0693,1003.08,-90.6604,84.6563,974.091,-131.485,56.6377,1020.14,-76.3952,51.0138,995.002,-150.092,11.8125,1049.63,-67.0223,9.20491,1010.41,-170.528,178.795,1022.3,-177.378,181.939,1050.6,-172.317,185.186,1011.28,-160.823,180.592,0,0,0
011678:998.699,-108.68,163.739,1000.63,-108.891,166.504,996.578,-104.074,166.871,1005.77,-108.239,161.85,993.754,-93.4301,162.17,998.829,-117.612,142.885,999.763,-83.9452,138.329,991.858,-145.434,139.481,999.244,-65.0284,120.233,973.647,-161.399,156.524,992.763,-43.8807,116.69,996.899,-116.776,85.1637,1003.9,-91.8315,83.3223,972.094,-132.355,55.5659,1017.72,-76.0866,49.7447,993.859,-151.394,11.451,1054.09,-66.6407,6.89181,1007.85,-171.107,177.951,1020.02,-177.501,182.37,1045.51,-172.591,184.505,1011.4,-161.259,180.886,0,0,0
011679:999.744,-110.004,162.353,1001.78,-109.648,165.221,998.258,-105.361,165.263,1005.74,-108.008,161.291,995.982,-93.9619,160.515,1000.8,-117.132,142.052,998.062,-84.5119,137.842,992.433,-145.497,139.087,994.89,-65.0716,120.738,969.791,-162.755,156.324,991.262,-43.373,116.236,1002.72,-117.335,82.9647,1007.84,-92.9556,81.4591,971.252,-133.232,55.9839,1016.02,-77.2168,50.7452,988.673,-152.816,11.4685,1054.18,-66.0459,6.22973,992.837,-171.971,178.308,1008.16,-180.302,181.055,1051.43,-174.494,182.044,1019.2,-163.417,181.139,0,0,0
011680:993.271,-111.084,164.139,996.703,-110.729,166.416,991.598,-106.745,167.221,1004.49,-108.936,161.216,990.67,-95.7864,162.223,999.225,-118.191,141.797,996.128,-85.6831,138.469,987.933,-145.68,139.766,992.505,-65.4666,122.354,966.765,-163.088,155.523,990.488,-44.4931,116.825,1000.82,-117.955,82.7129,1005,-93.3872,81.843,968.985,-133.862,55.325,1016.84,-76.2894,50.4531,988.294,-154.122,10.2126,1055.83,-64.3497,6.43169,991.741,-172.036,178.522,1007.59,-181.65,182.4,1045.25,-174.824,181.977,1001.27,-168.07,185.845,0,0,0
011681:995.57,-112.386,162.551,996.526,-112.052,165.557,995.081,-107.871,165.543,1000.49,-110.144,161.637,995.462,-96.1027,160.752,996.112,-118.202,142.382,1001.78,-86.2857,136.654,988.142,-145.117,140.18,999.89,-66.6587,119.895,966.983,-164.465,155.48,994.727,-45.3792,114.871,998.098,-118.703,83.9678,1006.84,-94.3235,81.489,969.096,-135.371,55.6851,1014.51,-76.7997,50.7543,991.88,-155.581,8.64618,1043.31,-64.0162,9.00582,996.681,-174.354,177.777,1008.43,-184.234,183.698,1014.15,-177.877,191.03,1007.58,-169.88,185.761,0,0,0
011682:994.809,-111.951,162.31,996.389,-112.179,165.234,994.713,-107.291,165.013,1000.82,-111.315,161.143,997.182,-95.9518,159.55,994.822,-119.315,142.187,1001.35,-86.0795,136.224,983.885,-146.293,140.775,993.894,-65.9588,121.654,966.943,-165.013,153.314,990.251,-46.1032,115.915,995.506,-118.674,84.626,1005.17,-93.6269,81.7129,969.912,-134.841,56.5514,1015.19,-76.6165,49.9264,992.55,-155.44,11.304,1045.12,-65.35,8.17847,994.121,-176.249,179.919,1008.33,-184.236,183.32,1029.1,-182.381,189.399,1002.64,-171.064,188.361,920.204,-193.983,202.458
011683:995.166,-112.533,161.076,996.326,-112.578,164.128,996.131,-108.003,163.825,998.943,-111.695,160.845,998.833,-96.7193,158.845,992.819,-120.015,142.42,1002.92,-87.152,135.569,981.332,-147.81,141.291,998.576,-67.1089,120.098,964.9,-166.414,153.558,987.256,-46.1372,116.718,995.625,-119.199,83.8945,1006.55,-94.1768,80.8554,968.141,-135.328,56.3255,1009.45,-76.8818,52.4426,992.545,-157.311,9.19004,1039.77,-65.5691,10.826,984.329,-176.799,182.014,1001.93,-191.065,185.834,1029.1,-182.381,189.399,993.868,-171.587,190.198,920.063,-193.986,201.899
011684:997.35,-113.269,160.81,996.453,-112.891,164.182,997.552,-108.723,163.687,995.74,-111.441,161.384,996.99,-97.1653,159.179,986.891,-119.966,143.344,1003.96,-88.0447,134.899,975.502,-148.475,142.024,1003.55,-68.4131,118.066,957.598,-166.943,154.107,989.904,-46.9156,115.281,992.17,-120.062,84.1458,1006.76,-95.4428,80.2132,969.27,-136.757,55.6923,1009.52,-76.6593,52.4175,997.237,-160.287,5.8445,1032.73,-63.5284,11.6489,989.396,-179.543,181.813,1003.25,-192.306,185.584,1009.56,-190.778,196.078,1000.54,-176.843,189.262,923.043,-193.848,200.796
011685:997.34,-113.91,160.089,997.789,-113.601,163.062,996.556,-109.455,163.073,997.746,-112.273,159.951,993.993,-98.3327,158.855,987.537,-120.968,142.367,1001.06,-88.9016,134.871,978.432,-149.19,140.312,1003.3,-68.7779,117.201,963.055,-168.754,152.411,991.975,-46.8197,113.781,991.039,-120.576,83.5692,1004.61,-95.8083,79.9859,969.425,-137.56,55.3139,1015.4,-76.4577,50.4074,991.42,-160.686,7.59803,1037.56,-63.4552,9.7863,985.46,-183.191,181.986,984.468,-193.137,189.133,1009.56,-190.778,196.078,989.868,-177.445,192.619,925.792,-194.788,200.276
011686:991.65,-114.744,160.203,991.953,-114.811,163.429,992.278,-110.175,162.97,994.014,-113.859,160.348,995.943,-98.6893,157.923,986.881,-122.093,142.464,1004.65,-89.2827,133.528,974.999,-150.761,141.826,1001.92,-69.9043,117.833,963.34,-170.552,152.956,992.228,-48.0937,113.891,991.159,-121.463,83.8143,1007.33,-96.2346,79.1496,967.799,-136.981,56.4241,1015.35,-76.0118,49.53,990.681,-159.936,9.3297,1040.48,-64.1685,8.16785,971.603,-183.909,185.445,979.639,-196.759,190.478,1017.62,-193.048,197.497,979.844,-180.153,196.417,925.651,-194.791,199.715
011687:992.969,-115.399,160.208,994.559,-115.645,163.039,992.268,-110.778,163.212,997.636,-115.31,159.359,992.808,-99.9395,158.458,987.311,-124.058,141.366,1002.28,-90.7548,133.662,972.777,-151.368,140.819,1004.61,-69.9543,117.213,957.546,-169.372,152.057,992.03,-48.949,114.478,990.285,-122.812,82.9213,1003.4,-97.1133,79.4238,973.276,-139.214,54.7566,1014.44,-76.7804,50.3059,992.49,-161.294,8.47143,1038.5,-63.2799,9.09638,962.111,-186.082,186.656,973.032,-199.582,193.985,972.641,-194.999,206.707,973.7,-185.573,195.845,928.656,-194.654,198.602
011688:995.12,-115.987,158.987,995.659,-115.742,161.917,993.25,-111.586,162.246,996.936,-114.596,158.757,989.552,-100.616,158.638,987.378,-123.131,141.626,998.75,-91.7383,134.434,981.758,-152.326,139.385,999.215,-71.8823,117.428,971.473,-172.389,149.459,990.188,-49.6301,113.529,992.232,-122.617,83.1401,1003.39,-98.2375,80.2143,973.058,-138.296,54.5085,1013.05,-77.7185,51.0659,999.343,-162.089,5.46133,1037.89,-64.0216,9.78947,956.611,-186.352,186.762,970.187,-200.531,191.486,977.982,-196.883,204.678,964.344,-186.048,198.542,931.428,-195.6,198.075
011689:990.105,-115.87,158.804,991.191,-116.304,161.916,990.06,-111.271,161.795,993.493,-116.46,158.594,989.734,-100.333,157.376,987.482,-125.219,139.887,997.251,-92.0993,132.981,984.28,-154.42,137.884,999.408,-72.5826,117.214,970.588,-173.419,148.158,993.992,-51.8782,112.7,991.963,-123.193,81.62,1003.3,-98.0771,79.1916,968.288,-137.437,54.5554,1010.39,-78.6832,51.5601,991.065,-158.979,8.14821,1040.39,-64.9454,10.8062,964.938,-190.574,182.236,957.133,-203.123,188.213,954.724,-201.18,207.718,952.148,-186.641,198.134,933.905,-196.558,196.467
011690:985.985,-114.674,159.254,987.655,-115.74,162.124,985.195,-110.458,162.589,994.418,-117.084,157.151,989.991,-100.903,157.014,992.263,-125.667,138.064,995.758,-93.4793,132.803,972.486,-155.475,139.735,1000.29,-73.5724,114.751,958.168,-174.619,149.235,1002.63,-52.0984,109.806,990.906,-122.601,79.6941,997.341,-97.9257,79.0247,973.062,-138.504,53.5439,1011.31,-79.2614,52.2695,985.046,-159.869,9.78627,1046.57,-63.8414,9.66438,959.544,-190.824,182.91,947.315,-203.489,188.581,952.107,-202.523,205.907,955.468,-190.24,196.276,933.905,-196.558,196.467
011691:991.501,-116.039,157.775,993.27,-116.84,160.562,991.688,-111.581,160.559,995.493,-117.869,156.927,991.087,-101.827,155.891,986.729,-127.318,139.227,997.791,-93.9053,131.532,975.844,-155.975,139.094,1001.16,-74.963,115.177,961.053,-174.746,147.997,1001.27,-53.2489,110.375,992.285,-124.404,79.7932,1004.84,-98.8301,76.9783,970.246,-139.819,53.1986,1015.1,-79.0082,49.0396,988.493,-160.17,8.67477,1045,-64.6134,8.49276,942.548,-191.607,184.228,942.975,-205.138,185.225,944.007,-205.13,200.778,940.711,-188.607,196.637,933.905,-196.558,196.467
011692:992.341,-116.441,157.422,996.18,-118.444,160.218,997.143,-112.544,158.821,995.212,-118.466,156.818,998.102,-103.085,155.02,988.296,-125.665,138.48,1000.93,-94.108,133.872,973.173,-153.093,136.484,999.27,-73.8035,115.998,950.002,-171.496,148.741,993.202,-53.0712,110.133,991.347,-123.277,82.8674,999.76,-98.9098,81.3327,971.976,-139.618,52.984,1012.21,-77.5744,46.6452,980.822,-160.687,12.8614,1042.39,-63.1744,10.8396,937.376,-192.02,178.627,934.048,-204.023,183.83,931.529,-202.005,195.732,938.165,-189.884,190.537,923.151,-197.006,193.992
011693:991.76,-117.626,156.345,995.857,-118.451,159.085,993.75,-112.889,159.527,995.039,-118.471,156.269,997.927,-103.091,154.469,991.417,-126.529,137.782,1000.54,-95.3109,133.362,975.892,-154.012,134.669,998.947,-73.8106,114.852,952.443,-172.44,146.455,992.905,-54.283,109.601,990.913,-124.478,82.3776,1002.83,-99.7441,79.9235,971.682,-140.798,53.0665,1012.04,-78.8046,46.6924,983.97,-161.642,11.8798,1042.39,-63.1744,10.8396,932.942,-192.206,174.939,923.371,-203.349,180.274,920.325,-202.429,191.687,927.366,-190.38,188.087,908.261,-198.679,189.61
011694:991.76,-117.626,156.345,992.141,-118.789,158.66,990.049,-113.239,159.101,994.626,-119.653,155.74,997.521,-104.284,153.965,991.098,-126.537,136.646,1000.22,-95.3183,132.219,975.579,-154.021,133.542,998.606,-75.0217,114.331,954.749,-173.391,143.584,982.883,-54.5253,111.434,993.77,-125.362,80.3923,1002.29,-100.962,78.8192,974.78,-141.7,52.1813,1011.89,-78.8048,46.0906,980.822,-160.687,12.8614,1038.57,-62.4031,10.6821,925.349,-192.541,171.931,912.832,-202.684,176.763,906.743,-201.897,188.741,916.244,-190.885,184.09,889.966,-197.368,190.504
011695:991.438,-117.633,155.214,995.27,-119.638,158.006,992.852,-114.083,157.317,994.304,-119.66,154.606,997.372,-104.285,153.382,990.501,-127.724,135.571,1000.01,-96.5144,132.267,972.05,-154.273,133.77,994.899,-75.4629,113.993,954.073,-174.531,142.556,985.746,-55.2534,109.521,990.328,-125.68,81.2949,1002.29,-100.962,78.8192,974.618,-141.709,51.6252,1008.4,-79.2387,47.0762,980.822,-160.687,12.8614,1035.11,-62.8858,12.3843,927.157,-192.436,166.416,914.609,-202.605,171.308,905.505,-200.878,182.836,920.917,-191.705,178.6,880.532,-197.777,190.724
011696:991.028,-118.812,154.685,991.555,-119.973,157.584,992.852,-114.083,157.317,990.912,-119.988,155.323,993.66,-104.656,152.966,987.105,-128.033,136.335,996.28,-96.9056,131.895,971.757,-154.277,132.604,998.112,-76.2331,113.224,953.824,-173.42,140.255,985.746,-55.2534,109.521,993.331,-126.565,79.903,1002.06,-102.172,78.8761,974.173,-142.893,51.1148,1011.54,-80.0428,45.5633,980.663,-160.698,12.2975,1035.11,-62.8858,12.3843,920.402,-190.588,163.282,907.963,-199.677,166.463,898.242,-199.056,177.016,910.515,-190.043,173.951,865.441,-197.412,191.073
011871:127.448,-162.767,-1.87898
