010990:1179.08,-127.472,164.159,1181.19,-127.356,166.505,1176.33,-123.245,166.855,1196.95,-125.398,159.126,1182.51,-114.466,160.645,1183.29,-127.828,144.196,1170.87,-111.634,145.229,1216.42,-133.549,123.455,1147.69,-104.415,137.234,1224.18,-139.706,148.958,1154.95,-110.672,156.41,1176.57,-125.477,90.6558,1170.56,-112.038,94.3629,1191.99,-132.071,51.9779,1152.25,-105.516,58.098,1193.16,-120.303,13.9838,1153.02,-77.1911,23.0342,1219.71,-128.82,182.318,1224.01,-132.45,194.787,1211.45,-120.392,204.371,1212.43,-115.969,192.829,0,0,0
010991:1188.18,-126.374,165.038,1191.52,-126.081,167.143,1181.99,-121.829,168.301,1204.53,-123.437,159.376,1179.28,-113.935,162.945,1176.12,-126.056,145.863,1173.88,-112.164,146.887,1193.13,-135.401,135.976,1144.81,-103.735,137.904,1248.59,-137.921,139.781,1155.05,-110.67,156.769,1179.91,-126.369,88.9575,1173.85,-113.997,93.1209,1198.41,-133.683,50.3252,1148.17,-106.228,59.6495,1191.25,-118.807,14.8567,1149.32,-77.0276,24.7356,1219.15,-128.669,182.61,1218.26,-129.76,197.181,1208.79,-117.494,205.566,1215.36,-115.722,192.612,0,0,0
010992:1177.66,-125.828,169.281,1184.3,-125.609,170.713,1172.23,-121.703,172.332,1205.91,-122.91,160.798,1171.86,-115.155,165.915,1168.68,-124.685,141.886,1177.04,-112.893,146.486,1193.36,-135.398,136.884,1147.7,-104.415,137.319,1224.22,-139.705,149.143,1155.05,-110.67,156.769,1178.68,-125.917,91.4662,1165.01,-114.677,96.0355,1196.97,-133.034,50.6595,1147.84,-106.096,59.2076,1187.05,-119.677,16.4549,1150.76,-77.4471,24.2244,1219.15,-128.669,182.61,1229.29,-130.717,196.97,1209.99,-117.783,205.284,1218.25,-115.474,192.21,0,0,0
010993:1181.49,-125.525,168.797,1187.64,-125.745,170.505,1175.98,-121.5,172.008,1209.06,-124.263,161.252,1175.06,-115.261,166.158,1188.37,-128.436,146.595,1171.29,-111.462,148.632,1193.45,-135.396,137.248,1147.76,-104.413,137.502,1224.25,-139.704,149.237,1155.05,-110.67,156.769,1185.75,-127.429,92.6413,1161.43,-113.9,100.129,1199.41,-133.396,50.7183,1143.69,-104.688,61.8586,1192.58,-121.014,13.5529,1169.9,-76.9498,19.371,1223.91,-128.311,182.591,1229.77,-130.684,197.152,1219.22,-117.591,203.863,1217.95,-114.718,192.655,0,0,0
010994:1189.29,-128.054,167.749,1192.1,-127.343,169.79,1183.07,-123.545,170.732,1210.59,-124.31,160.147,1176.43,-115.238,164.664,1188.64,-128.55,146.005,1173.19,-112.082,146.165,1193.54,-135.395,137.611,1156.21,-106.32,136.773,1224.25,-139.704,149.237,1155.9,-110.625,158.331,1183.39,-127.017,91.1826,1160.85,-115.15,96.9392,1200.76,-133.521,50.4241,1148.67,-106.856,59.5985,1199.15,-121.029,12.9457,1181.24,-79.4246,15.5949,1224.24,-128.117,184.291,1230.35,-130.066,198.252,1224.71,-117.135,203.5,1219.6,-114.576,192.391,0,0,0
010995:1189.11,-128.001,166.947,1190.43,-127.893,169.563,1181.2,-123.616,170.675,1201.62,-125.803,163.349,1161.88,-117.22,169.103,1183.76,-127.315,147.567,1180.22,-113.237,146.417,1193.92,-135.39,139.152,1156.21,-106.32,136.773,1223,-139.396,149.471,1155.14,-110.669,157.122,1170.49,-126.77,96.8554,1174.36,-114.008,95.0172,1201.42,-135.227,51.1572,1163.33,-106.472,57.0928,1192.71,-120.336,15.3992,1175.59,-78.1973,17.384,1224.72,-128.083,184.411,1231.21,-130.002,198.183,1218.51,-115.69,204.581,1219.66,-114.574,192.579,0,0,0
010996:1185.85,-128.861,165.727,1188.68,-128.818,168.006,1178.26,-124.289,169.382,1199.56,-125.864,160.586,1166.68,-115.922,165.703,1179.65,-126.374,147.665,1178.35,-112.727,147.692,1193.98,-135.389,139.422,1150.69,-106.477,138.713,1223.14,-139.393,150.024,1155.18,-110.668,157.298,1171.86,-127.517,96.2686,1166.3,-115.485,94.4781,1203.77,-133.4,49.415,1146.94,-107.847,60.7289,1220.02,-120.115,6.95212,1177.72,-79.4436,16.2814,1222.12,-127.304,185.291,1228.22,-129.065,200.039,1218.57,-115.689,204.768,1210.49,-112.424,194.481,0,0,0
010997:1195.72,-127.74,168.011,1196.45,-127.661,170.843,1192.41,-123.158,170.611,1200.63,-124.5,164.477,1186.91,-115.918,164.902,1186.98,-128.066,147.455,1186.19,-114.591,146.07,1194.03,-135.389,139.604,1150.79,-106.475,139.073,1223.18,-139.392,150.208,1168.75,-110.663,159.205,1166.77,-129.617,98.9686,1165.73,-116.575,94.9277,1210.51,-133.551,48.2967,1143.31,-107.601,61.7012,1227.39,-118.263,5.58441,1162.94,-82.3054,21.7105,1222.12,-127.304,185.291,1231.12,-128.84,199.49,1216.65,-115.259,204.867,1212.7,-113.21,193.929,0,0,0
010998:1218.43,-126.366,164.288,1217.13,-126.289,167.354,1210.39,-122.268,168.132,1211.77,-124.09,163.792,1176.55,-116.773,169.188,1181.98,-126.825,148.781,1183.1,-113.703,148.758,1195.34,-135.687,139.647,1141.81,-107.303,139.428,1226.1,-139.999,151.061,1159.56,-111.63,157.443,1165.52,-129.221,100.34,1181.83,-116.228,94.7079,1200.21,-134.443,50.6227,1157.13,-107.917,59.4486,1196.5,-121.2,12.4678,1165.09,-82.8077,20.738,1222.03,-126.725,185.819,1226.13,-127.646,200.364,1224.27,-114.616,204.441,1219.78,-112.597,193.206,0,0,0
010999:1193.9,-128.435,168.782,1194.62,-128.384,171.497,1187.73,-123.832,171.992,1204.04,-125.773,165.312,1177.1,-117.019,168.341,1186.71,-128.286,148.996,1187.79,-114.841,147.547,1202.3,-137.343,139.089,1151.76,-106.607,140.46,1220.73,-138.876,149.748,1154.36,-112.146,160.453,1169.18,-130.098,99.8848,1184.41,-116.384,95.3365,1190.47,-135.054,56.0652,1139.04,-109.665,64.8789,1235.86,-118.059,2.51832,1130.16,-88.153,30.2997,1221.2,-126.395,185.956,1231.27,-127.253,200.081,1214.26,-112.327,205.779,1225.95,-112.268,192.893,0,0,0
011000:1183.87,-128.103,168.32,1187.18,-127.743,170.583,1174.93,-124.3,172.23,1205.51,-124.197,163.819,1154.67,-119.028,171.667,1180.53,-127.9,150.521,1186.59,-114.486,148.758,1202.88,-137.496,138.876,1149.76,-106.049,141.931,1227.4,-140.308,151.013,1156.24,-112.404,162.512,1171.89,-130.77,99.2836,1174.36,-118.179,98.0438,1190.63,-135.084,56.1442,1150.91,-108.993,62.4055,1198.62,-121.863,12.0771,1175.48,-84.9744,19.3051,1221.22,-126.395,186.018,1226.58,-126.057,201.892,1217.15,-112.074,205.462,1226.11,-111.655,192.711,0,0,0
011001:1184.88,-127.528,171.523,1189.75,-127.886,173.46,1178.37,-123.616,174.963,1206.65,-126.081,166.092,1169.37,-117.265,171.668,1189.84,-130.428,150.459,1177.54,-112.639,151.883,1202.33,-137.172,141.27,1148.46,-106.344,141.152,1234.28,-141.845,151.563,1155.41,-112.504,163.872,1174.33,-131.276,99.9353,1165.4,-116.755,101.402,1191.59,-134.988,55.1827,1154.93,-108.799,61.9025,1205.2,-123.381,10.8935,1179.23,-85.8283,17.7857,1228.96,-125.799,185.714,1226.58,-126.057,201.892,1217.8,-111.429,205.583,1226.19,-111.654,193.019,0,0,0
011002:1180.6,-129.89,171.737,1185.58,-130.044,173.695,1172.77,-125.757,175.423,1210.37,-127.363,165.222,1158.93,-119.468,172.969,1196.47,-132.086,148.784,1178.27,-113.575,151.849,1224.92,-142.699,137.616,1154.9,-107.132,142.557,1223.6,-142.777,153.405,1154.24,-112.608,163.99,1179.33,-132.553,98.3652,1167.52,-117.509,99.8233,1191.9,-135.026,55.6336,1145.84,-110.248,63.6895,1201.53,-122.54,11.4715,1183.48,-86.8067,15.9565,1227.73,-125.501,186.015,1226.11,-125.115,202.461,1218.18,-111.393,205.426,1222.25,-110.643,195.103,0,0,0
011003:1194.61,-129.463,173.34,1196.04,-129.3,176.001,1190.39,-124.864,176.371,1205.59,-126.042,169.077,1184.18,-117.316,171.6,1189.22,-130.33,149.941,1183.81,-115.498,152.802,1225.11,-142.696,138.356,1155.02,-107.13,143.002,1223.64,-142.777,153.589,1191.25,-121.515,156.723,1173.48,-131.103,99.6826,1169.21,-118.121,100.907,1192.58,-135.141,56.1255,1172.6,-108.593,55.213,1195.68,-121.145,13.0954,1182.71,-86.5882,16.8352,1227.73,-125.501,186.015,1226.11,-125.115,202.461,1222.51,-111.025,205.483,1225.11,-110.387,194.548,0,0,0
011004:1214.67,-128.375,164.842,1213.54,-127.881,167.874,1203.99,-124.645,169.116,1215.35,-125.425,163.619,1156.44,-120,173.239,1182.3,-130.625,150.331,1181.14,-116.009,153.505,1215.57,-141.394,141.941,1157.68,-107.673,143.628,1223.64,-142.777,153.589,1154.62,-112.604,165.483,1174.24,-131.271,99.8609,1168.07,-119.01,100.416,1213.08,-134.815,49.7176,1176.42,-109.461,54.5615,1206.29,-123.264,10.3645,1186.5,-88.1544,16.4796,1228.12,-124.909,187.967,1222.45,-124.228,203.321,1222.3,-110.846,205.516,1225.08,-110.387,194.454,0,0,0
011005:1184.13,-130.584,173.087,1185.89,-130.1,175.619,1177.04,-126.27,176.851,1204.32,-125.926,167.763,1161.3,-118.869,174.51,1182.33,-130.627,150.453,1176.17,-114.871,153.97,1214.38,-141.48,142.36,1159.17,-107.946,144.637,1223.64,-142.777,153.589,1157.68,-112.533,165.755,1175.74,-132.027,99.7297,1171.68,-119.139,99.4533,1191.5,-137.22,56.7005,1177.85,-109.815,53.9564,1203.08,-122.457,11.764,1175.71,-91.4335,21.6857,1228.15,-124.909,188.061,1227.58,-123.826,203.109,1219.4,-109.525,206.058,1225.76,-109.737,194.637,0,0,0
011006:1189.82,-131.063,169.962,1190.88,-130.452,172.282,1179.83,-127.029,173.92,1207.1,-126.943,164.802,1147.39,-120.259,174.492,1190.89,-132.732,148.846,1174.82,-114.529,154.505,1214.43,-141.479,142.544,1159.21,-107.945,144.814,1223.64,-142.777,153.589,1163.46,-113.773,166.434,1181.58,-133.436,98.9109,1165.85,-119.718,100.45,1191.03,-136.624,57.9307,1173.82,-110.387,55.4741,1210.59,-124.2,10.288,1181.7,-93.2216,19.121,1225.78,-124.313,188.938,1227.58,-123.826,203.109,1219.45,-109.524,206.213,1225.76,-109.737,194.637,0,0,0
011007:1184.65,-131.399,173.196,1190.05,-131.475,175.135,1176.79,-127.402,177.194,1220.26,-127.487,166.056,1155.14,-120.607,176.482,1194.05,-133.225,151.716,1174.87,-114.483,155.205,1214.43,-141.479,142.544,1158.04,-108.053,144.946,1223.64,-142.777,153.589,1164.85,-113.666,167.116,1184.6,-134.022,100.209,1161.86,-119.787,103.423,1191.58,-136.806,57.2952,1172.21,-111.676,60.038,1206.61,-123.257,11.3288,1173.51,-93.6853,21.7384,1227.16,-124.211,189.23,1231.66,-123.52,203.767,1221.98,-109.302,206.025,1225.78,-109.736,194.699,0,0,0
011008:1191.94,-130.457,169.097,1192.25,-130.119,171.258,1181.47,-126.997,172.727,1196.74,-126.813,165.428,1151.26,-121.722,172.453,1190.07,-132.279,152.166,1177.52,-115.073,155.187,1214.24,-141.482,141.809,1157.05,-108.158,145.707,1224.48,-142.926,154.138,1166.88,-114.08,167.701,1182.57,-133.539,100.478,1164.54,-120.278,102.292,1192.61,-137.045,57.2343,1172.52,-111.769,59.7183,1208.48,-123.667,11.3125,1169.91,-93.9946,23.442,1227.16,-124.211,189.23,1231.46,-123.338,203.832,1225.81,-108.968,205.888,1226.19,-109.7,194.633,0,0,0
011009:1180.77,-131.916,173.853,1184.86,-132.013,175.627,1172.9,-128.111,177.598,1208.21,-128.279,166.8,1158.49,-120.908,175.104,1193.36,-133.057,152.11,1176.17,-114.751,155.48,1213.09,-141.171,142.33,1162.88,-109.031,150.889,1228.86,-144.018,153.407,1166.37,-113.939,168.077,1184.67,-134.074,99.826,1156.53,-121.002,104.978,1195.69,-137.771,56.9167,1184.12,-111.502,54.9867,1210.87,-124.535,12.1287,1174.72,-95.8563,22.0658,1228.86,-124.077,189.083,1237.39,-122.865,203.12,1223.99,-108.54,206.363,1221.86,-108.702,195.52,0,0,0
011010:1189.66,-132.2,173.553,1191.38,-132.322,175.753,1181.3,-128.171,177.277,1202.24,-129.806,168.435,1161.9,-121.133,175.206,1198.62,-134.445,150.056,1175.05,-114.463,155.963,1214.19,-141.483,141.625,1154.76,-107.606,146.341,1227.69,-143.705,154.007,1166.66,-113.931,168.994,1211.18,-133.024,93.1548,1156.85,-120.59,105.018,1228.07,-135.227,47.3515,1179.98,-111.641,56.8444,1209.69,-124.627,12.8704,1175.75,-96.39,22.9317,1235.57,-123.567,189.679,1237.81,-122.831,203.056,1224.02,-108.54,206.457,1223.45,-108.554,195.012,0,0,0
011011:1220.7,-129.86,167.052,1218.58,-129.377,170.242,1208.42,-126.298,171.538,1215.95,-127.336,166.459,1162.66,-122.181,174.937,1197.62,-134.16,150.837,1184.31,-116.697,153.748,1214.19,-141.483,141.625,1152.41,-107.822,146.518,1226.16,-143.228,155.484,1166.74,-113.929,169.263,1183.83,-134.651,100.117,1152.92,-121.991,106.249,1203.57,-139.647,55.9926,1177.51,-111.135,56.5383,1205.3,-126.313,14.8134,1173.12,-98.1287,23.6221,1232.58,-123.803,189.967,1239.02,-122.942,203.369,1227.41,-107.449,206.333,1231.88,-107.806,194.158,0,0,0
011012:1196.11,-131.543,175.174,1195.47,-131.026,178.259,1191.11,-127.264,178.447,1207.66,-127.697,171.539,1179.45,-119.915,175.219,1192.97,-133.291,153.137,1182.25,-116.807,156.49,1214.19,-141.483,141.625,1146.36,-108.34,145.013,1231.97,-144.629,154.922,1167.97,-114.208,169.234,1183.94,-134.633,100.689,1157.47,-122.442,106.326,1195.56,-139.732,56.1608,1178.01,-111.246,56.483,1209.73,-127.356,13.8575,1176.37,-98.7824,23.8546,1232.68,-123.801,190.251,1243.93,-122.565,203.655,1235.35,-106.734,205.228,1233.25,-107.691,194.392,0,0,0
011013:1214.43,-129.8,169.902,1215.24,-129.774,172.766,1202.65,-125.537,174.617,1228.33,-127.798,166.514,1156.03,-120.557,178.367,1195.99,-134.501,151.612,1178.19,-116.221,157.287,1214.19,-141.483,141.625,1145.92,-108.458,148.905,1232.05,-144.715,154.205,1167.97,-114.208,169.234,1184.51,-135.507,101.082,1159.23,-122.857,106.104,1195.21,-139.597,56.7691,1177.64,-113.245,60.1599,1207.42,-126.846,13.9309,1180.84,-99.8336,22.1404,1232.71,-123.8,190.346,1235.71,-120.643,205.068,1230.3,-105.599,206.001,1235.42,-107.502,194.371,0,0,0
011014:1201.62,-130.505,173.662,1200.67,-130.969,176.538,1193.43,-126.051,177.467,1205.73,-129.656,171.023,1166.91,-119.809,177.093,1196.49,-134.553,152.415,1174.16,-115.239,158.358,1206.11,-140.223,143.815,1147.43,-108.725,149.93,1232.32,-144.69,155.343,1161.41,-112.805,168.427,1181.14,-136.546,102.587,1169.03,-121.56,103.851,1197.96,-140.305,55.8475,1151.15,-117.704,65.3657,1210.73,-127.487,14.9614,1179.59,-99.5174,22.9329,1232.74,-123.8,190.44,1235.71,-120.643,205.068,1230.14,-105.419,206.223,1237.6,-107.313,194.349,0,0,0
011015:1193.59,-131.962,173.368,1194.07,-131.93,176.003,1184.84,-128.245,177.567,1210.71,-128.941,169.179,1147.85,-122.738,179.88,1197.52,-134.794,152.409,1174.1,-115.201,158.677,1220.57,-144.045,143.074,1147.45,-108.724,150.021,1237.14,-146.024,152.834,1167.97,-114.208,169.234,1179.77,-137.002,102.641,1153.3,-123.287,107.269,1200.02,-140.797,55.6711,1172.12,-114.625,61.6561,1211.54,-128.831,15.6793,1185.91,-102.092,21.567,1232.74,-123.8,190.44,1234.77,-120.528,205.573,1231.02,-105.342,206.282,1239.3,-107.162,194.145,0,0,0
011016:1199.38,-133.731,170.432,1196.24,-133.436,173.854,1190.32,-129.835,174.543,1195.79,-130.411,169.86,1157.52,-122.288,176.153,1195.45,-135.076,152.584,1183.23,-117.343,157.348,1218.3,-144.604,144.285,1147.45,-108.724,150.021,1238.03,-146.161,153.655,1167.97,-114.208,169.234,1180.83,-137.248,102.673,1176.71,-122.409,102.693,1202.64,-141.474,54.7577,1154.45,-115.772,66.0614,1210.09,-128.447,16.501,1180.34,-100.888,22.2091,1232.49,-122.638,191.225,1235.19,-120.494,205.51,1229.76,-105.06,206.474,1234.23,-107.582,193.143,0,0,0
011017:1205.4,-131.726,171.998,1203.34,-131.151,175.135,1194.91,-127.647,176.265,1218.75,-127.543,168.31,1152.15,-122.733,178.766,1197.41,-135.9,152.771,1182.77,-117.357,155.903,1217.75,-144.575,143.16,1098.96,-113.122,151.078,1238.91,-146.237,155.281,1266.8,-137.91,149.29,1183.63,-138.362,101.774,1177.39,-122.648,101.658,1205.21,-142.096,54.3685,1156.41,-116.302,64.8677,1199.22,-129.433,19.013,1169.59,-103.895,24.0729,1236.16,-122.334,190.126,1233.67,-120.629,206.353,1227.54,-104.311,208.853,1239.82,-107.09,192.772,0,0,0
011018:1213.03,-132.704,168.495,1206.32,-132.217,172.513,1201.17,-128.889,172.954,1192.94,-129.263,171.004,1152.13,-123.049,177.182,1184.56,-133.061,155.77,1185.65,-118.005,155.82,1325.1,-138.633,124.816,1149.11,-108.984,151.347,1230.51,-145.575,158.826,1168.02,-114.208,169.412,1177.58,-136.797,103.658,1181.41,-123.565,101.524,1207.92,-142.731,54.195,1160.33,-117.141,65.209,1199.53,-129.506,18.9759,1175.68,-105.632,23.1648,1234.59,-122.468,190.83,1243.76,-119.801,204.704,1228.99,-104.161,207.805,1241.87,-106.533,193.969,0,0,0
011019:1196.75,-133.326,172.604,1198.43,-133.194,175.154,1188.7,-129.542,176.758,1220.68,-129.978,168.053,1155.19,-123.219,179.122,1199.57,-136.807,152.644,1175.64,-115.55,158.613,1222.51,-145.721,142.745,1152.12,-108.296,149.678,1238.19,-147.584,156.28,1168.02,-114.208,169.412,1185.98,-138.929,101.51,1178.72,-122.897,102.305,1252.94,-139.534,44.9718,1162.97,-117.779,64.5494,1203.53,-132.084,17.59,1173.83,-105.237,23.2515,1235.48,-122.611,191.488,1238.54,-118.627,205.096,1227.85,-103.877,208.373,1240.43,-106.251,193.694,0,0,0
011020:1191.32,-134.768,173.776,1191.32,-134.458,176.782,1183.81,-130.398,177.653,1200.66,-130.876,170.994,1165.05,-121.675,176.303,1193.99,-135.4,153.981,1184.11,-117.604,156.525,1222.07,-145.54,143.664,1152.18,-108.294,149.861,1233.37,-146.77,157.31,1168.02,-114.208,169.412,1187.42,-139.273,101.403,1182.55,-123.838,101.288,1216.08,-144.772,52.1078,1160.97,-117.372,64.1003,1197.81,-130.942,20.931,1174.97,-105.486,23.1261,1235.45,-122.4,190.757,1243.15,-119.653,204.896,1229.32,-103.331,207.564,1239.36,-105.962,194.501,0,0,0
011021:1189.15,-133.89,173.341,1191.26,-133.483,175.927,1181.86,-129.842,177.372,1212.55,-128.651,169.074,1159.05,-122.539,177.858,1191.24,-135.112,154.424,1188.3,-118.633,155.351,1214.37,-146.439,144.052,1150.41,-107.728,152.046,1232.91,-146.672,157.175,1168.02,-114.208,169.412,1170.81,-138.896,105.918,1182.41,-123.789,101.514,1194.13,-143.665,56.819,1166.83,-118.738,63.2231,1204.87,-132.701,18.6143,1183.14,-107.374,20.9658,1235.87,-122.366,190.69,1239.33,-118.771,205.474,1230.14,-102.857,207.475,1237.9,-105.679,193.993,0,0,0
011022:1183.14,-133.982,177.37,1185.88,-133.777,179.9,1174.33,-129.633,181.691,1220.32,-129.935,170.028,1152.35,-122.435,181.04,1187.28,-136.754,156.033,1184.97,-117.757,157.022,1215.14,-146.671,143.497,1153.34,-108.186,149.733,1223.87,-149.147,158.655,1168.02,-114.208,169.412,1178.59,-140.819,104.871,1149.46,-127.61,109.465,1190.24,-146.444,60.0931,1166.68,-118.714,63.1128,1192.24,-133.908,22.7278,1183.41,-107.389,21.5606,1235.93,-122.365,190.88,1246.07,-118.211,204.327,1234.72,-102.431,206.756,1237.21,-105.538,193.937,0,0,0
011023:1194.29,-133.88,175.372,1197.75,-133.705,177.726,1184.82,-129.443,179.654,1221.73,-130.528,169.599,1155.48,-122.899,180.259,1186.53,-136.563,156.287,1191.3,-119.269,155.741,1218.45,-147.43,143.769,1153.34,-108.186,149.733,1222.79,-148.793,159.809,1168.02,-114.208,169.412,1177.91,-140.667,104.725,1189.86,-125.579,100.024,1194.53,-146.431,57.7546,1166.55,-118.673,63.267,1205.75,-134.824,19.7255,1187.58,-108.746,20.3874,1236.79,-122.296,190.807,1246.07,-118.211,204.327,1237.26,-102.994,206.372,1239.27,-106.118,192.007,0,0,0
011024:1196.24,-134.881,176.137,1197.86,-134.551,178.592,1190.18,-130.455,179.578,1217.6,-131.026,170.161,1173.25,-121.656,176.974,1191.94,-137.928,155.066,1186.08,-118.047,156.487,1229.12,-150.12,141.619,1156.46,-108.869,149.81,1227.96,-150.083,158.988,1168.02,-114.208,169.412,1183.57,-142.109,103.383,1188.12,-125.168,100.28,1196,-146.785,57.631,1168.73,-119.187,62.8709,1207.26,-135.132,20.0897,1184.02,-108.682,21.696,1240.63,-121.989,190.323,1251.11,-117.789,203.305,1239.73,-102.762,205.836,1239.36,-106.116,192.293,0,0,0
011025:1191.57,-134.974,177.485,1196.33,-134.869,179.141,1183.22,-130.444,181.063,1221.14,-131.882,169.349,1166.8,-122.393,177.972,1200.36,-140.023,153.569,1179.17,-116.362,158.283,1228.07,-149.887,141.461,1156.46,-108.869,149.81,1230.05,-150.679,157.786,1168.02,-114.208,169.412,1184.21,-142.305,102.854,1184.82,-124.39,100.769,1242.3,-143.933,47.9053,1168.17,-119.083,62.6214,1202.58,-133.93,22.0159,1178.43,-110.078,23.5633,1246.37,-122.127,189.404,1246.88,-116.541,204.147,1242.9,-103.285,205.957,1249.02,-106.255,190.917,0,0,0
011026:1183.11,-134.717,179.726,1185.45,-134.526,182.211,1180.81,-130.109,182.482,1203.23,-131.771,174.006,1184.74,-121.388,175.927,1188.81,-137.089,156.37,1189.86,-118.909,156.248,1224.52,-152.511,142.435,1158.07,-109.132,150.96,1229.39,-150.431,158.878,1168.02,-114.208,169.412,1184.84,-142.371,103.814,1194.28,-126.612,99.485,1202.88,-148.598,55.1857,1174.82,-120.67,61.1707,1202.83,-134.145,20.0741,1182.46,-111.399,22.6599,1245.3,-121.612,189.576,1248.65,-116.984,203.377,1243.27,-102.415,204.364,1245.56,-105.544,190.76,0,0,0
011027:1182.73,-135.633,177.702,1187.65,-135.607,179.502,1175.96,-131.07,181.062,1216.61,-132.873,169.871,1169.56,-122.678,176.886,1203.05,-140.642,153.683,1181.99,-116.989,158.298,1224.52,-152.511,142.435,1156.46,-108.869,149.81,1235.5,-151.983,157.602,1186.32,-118.56,166.176,1189.35,-143.492,103.068,1189.12,-125.325,101.127,1205.3,-149.125,55.6127,1167.26,-119.53,64.1947,1214.18,-137.199,18.6027,1175.77,-112.47,25.5401,1245.64,-121.604,190.626,1248.65,-116.984,203.377,1243.66,-102.377,204.205,1243.4,-105.736,190.911,0,0,0
011028:1193.17,-135.277,175.553,1195.24,-134.607,177.844,1184.47,-131.197,179.44,1215.21,-130.432,169.892,1161.27,-123.663,178.567,1187.73,-136.839,156.325,1191.88,-119.426,155.41,1224.43,-152.513,142.065,1129.13,-111.556,161.65,1227.63,-150.402,158.979,1168.05,-114.207,169.504,1182.45,-141.744,104.608,1192.98,-126.28,100.01,1175.4,-151.197,63.7658,1172.37,-120.76,62.9634,1215.74,-137.604,17.9133,1178.24,-113.066,24.7134,1245.64,-121.604,190.626,1250.17,-116.845,202.491,1240.64,-102.517,197.674,1246.72,-105.431,190.15,0,0,0
011029:1179.66,-135.847,177.978,1182.49,-135.342,180.163,1170.53,-131.371,181.837,1216.02,-131.28,169.747,1157.74,-123.769,178.761,1249.42,-133.754,144.791,1188.48,-118.627,155.917,1210.82,-149.053,144.469,1156.46,-108.869,149.81,1229.43,-150.726,160.165,1168.14,-114.204,169.779,1184.58,-142.276,104.21,1192.11,-126.077,100.116,1173.81,-150.784,64.1748,1167.65,-121.949,63.868,1214.74,-137.428,17.3087,1180.75,-113.261,24.0578,1246.13,-121.543,189.26,1251.78,-116.704,201.828,1237.32,-100.323,203.383,1249.93,-105.126,188.859,0,0,0
011030:1177.41,-137.318,177.269,1179.14,-136.743,179.795,1170.66,-133.176,181.033,1205.75,-132.446,171.197,1159.87,-124.176,178.639,1192.32,-138.018,155.066,1189.45,-118.848,155.875,1345.76,-144.866,115.504,1139.95,-110.417,153.166,1235.04,-153.091,157.362,1168.21,-114.203,170.048,1184.9,-143.948,103.691,1196.44,-127.144,98.9058,1179.15,-152.213,62.4278,1170.52,-122.658,63.0017,1219.4,-138.587,15.872,1177.88,-113.073,23.2806,1246.11,-121.543,189.197,1250.7,-116.407,202.836,1256.47,-101.941,199.523,1248.9,-105.205,188.338,0,0,0
011031:1187.51,-136.177,177.415,1190.58,-135.909,179.771,1179.46,-131.558,181.555,1218.95,-131.646,169.959,1163.68,-122.836,179.058,1191.61,-137.882,154.714,1191.52,-120.571,154.452,1211.38,-153.303,141.851,1161.79,-110.114,148.975,1230.84,-151.989,158.605,1166.45,-113.627,172.304,1184.46,-143.943,102.563,1199.97,-128.122,96.6076,1183.01,-152.368,62.6767,1168.54,-122.308,61.8844,1220.18,-138.635,17.4338,1178.68,-114.534,21.4196,1246.54,-121.508,189.129,1250.45,-116.411,201.838,1255.76,-101.177,198.635,1247.83,-105.071,187.105,0,0,0
011032:1175.93,-137.443,178.285,1181.12,-137.6,180.48,1168.67,-133.67,182.129,1205.58,-131.718,172.481,1147.68,-124.859,181.468,1189.57,-137.297,156.008,1174.12,-118.581,159.169,1202.87,-151.861,144.07,1161.85,-110.112,149.159,1243.2,-154.758,160.494,1154.61,-115.358,169.201,1173.18,-140.991,106.036,1188.25,-125.206,100.177,1175.35,-150.395,64.3958,1183.24,-126.126,60.076,1223.39,-139.528,15.3001,1190.29,-117.308,17.9355,1246.54,-121.508,189.129,1246.88,-115.684,201.221,1249.83,-100.588,198.989,1247.18,-104.928,187.209,0,0,0
011033:1177.41,-136.666,178.978,1182.82,-136.605,180.596,1170.48,-132.62,182.535,1215.95,-133.618,169.586,1159.2,-125.448,178.994,1206.45,-141.51,152.819,1177.9,-119.48,158.547,1217.6,-156.293,142.781,1200.1,-118.689,147.556,1245.05,-155.383,158.294,1167.62,-114.063,170.154,1188.57,-145.308,102.483,1195.4,-126.954,98.3804,1191.69,-154.152,61.4904,1169.73,-123.342,61.9916,1228.44,-140.596,16.0649,1168.5,-113.373,23.0759,1254.55,-123.054,186.397,1248.53,-115.542,200.803,1250.05,-100.89,199.082,1249.03,-105.761,186.485,0,0,0
011034:1184.07,-138.156,176.178,1189.39,-138.143,178.463,1172.81,-133.757,180.985,1217.23,-133.202,169.757,1143.43,-125.574,181.766,1194.48,-138.965,154.556,1170.59,-117.818,158.816,1209.46,-157.763,144.177,1161.88,-110.111,149.251,1248.47,-156.504,154.657,1166.55,-113.781,170.726,1183.78,-144.245,101.703,1197.81,-127.676,96.1177,1171.97,-149.263,63.6408,1197.2,-129.937,56.3957,1259.17,-135.034,1.20852,1196.37,-119.989,15.5262,1249.6,-121.812,186.777,1252.42,-116.44,198.333,1251.05,-100.775,197.827,1248.87,-105.764,185.889,0,0,0
011035:1168.78,-139.119,178.805,1172.07,-138.846,180.897,1160.97,-134.817,182.689,1205.69,-134.904,170.415,1148.53,-125.789,179.97,1203.25,-142.301,153.196,1178.97,-119.756,158.165,1212.09,-158.397,144.268,1161.91,-110.11,149.342,1236.47,-156.812,159.597,1166.55,-113.781,170.726,1195.94,-147.205,100.619,1194.9,-128.391,98.4075,1193.94,-154.726,61.0695,1168.99,-123.108,62.9163,1220.54,-144.296,17.9221,1174.83,-114.865,21.5171,1252.78,-122.577,185.873,1256.08,-117.284,197.599,1261.69,-102.363,193.275,1249.7,-106.06,184.157,0,0,0
011036:1163.44,-140.333,178.75,1166.72,-139.513,180.939,1155.32,-135.915,182.714,1208.34,-134.128,169.472,1148.42,-126.63,179.044,1200.46,-141.546,154.376,1189.01,-122.248,155.285,1219.91,-160.093,141.72,1161.94,-110.109,149.434,1241.28,-157.863,160.732,1166.55,-113.781,170.726,1193.34,-146.515,101.526,1173,-131.131,103.323,1194.69,-154.924,60.8476,1174.3,-124.405,61.5363,1219.53,-144.069,17.8916,1177.87,-115.523,21.5089,1253.46,-122.511,185.045,1258.46,-116.886,197.268,1261.69,-102.363,193.275,1247.87,-106.214,183.877,0,0,0
011037:1162.02,-140.097,179.169,1167.1,-139.549,180.863,1152.99,-135.927,183.028,1205.16,-135.267,169.478,1138.84,-127.852,180.193,1198.25,-140.979,154.949,1185.66,-121.456,155.746,1224.48,-161.218,141.459,1108.13,-115.243,168.001,1241.28,-157.863,160.732,1166.55,-113.781,170.726,1191.71,-146.178,100.968,1171.4,-130.844,102.356,1199.63,-156.2,59.6939,1176.36,-124.903,61.0812,1209.28,-146.486,23.4425,1180.65,-116.036,22.6393,1263.92,-124.705,182.711,1259.54,-116.349,194.556,1259.53,-102.56,193.582,1253.68,-107.857,179.964,0,0,0
011038:1241.33,-134.499,170.754,1238.91,-134.785,173.889,1227.15,-130.535,175.628,1230.83,-133.939,170.137,1163.9,-126.686,181.052,1214.15,-144.956,152.022,1179.34,-119.947,156.833,1218.8,-162.922,142.345,1170.69,-112.072,149.012,1241.28,-157.863,160.732,1167.21,-113.93,170.703,1199.23,-148.069,99.5919,1170.66,-130.624,102.97,1199.12,-156.138,59.0056,1175.12,-124.616,61.2192,1219.62,-149.641,18.5553,1179.37,-115.932,20.4281,1260.41,-124.977,183.149,1262.67,-117.255,191.533,1266.35,-104.272,187.318,1261.47,-109.601,178.359,0,0,0
011039:1193.68,-137.655,173.355,1198.63,-137.886,174.925,1181.15,-133.838,177.808,1221.48,-135.288,166.062,1138.2,-128.699,180.299,1205.06,-144.648,153.444,1181.67,-120.439,157.217,1231.38,-166.58,140.149,1161.84,-110.111,149.073,1243.24,-159.943,160.578,1166.55,-113.781,170.726,1201.52,-148.573,100.014,1174.17,-131.391,103.446,1203.77,-157.324,58.1117,1179.31,-125.521,61.5957,1224.53,-150.447,17.6219,1178.89,-115.364,21.2906,1266.09,-126.347,181.514,1262.56,-117.257,191.122,1267.92,-106.121,184.705,1266.82,-111.962,176.029,0,0,0
011040:1168.53,-140.582,179.591,1176.45,-140.323,180.822,1163.88,-136.441,182.631,1220.99,-136.754,168.264,1158.48,-128.281,178.1,1205.36,-146.207,154.263,1180.9,-120.248,157.488,1234.25,-167.627,140.808,1161.84,-110.111,149.073,1234.54,-160.45,162.894,1166.55,-113.781,170.726,1177.67,-151.443,104.716,1182.65,-131.17,101.871,1207.52,-158.243,57.8315,1178.56,-125.413,60.8642,1219.06,-152.79,17.4612,1176.73,-116.167,19.6092,1265.88,-126.351,180.721,1264.35,-117.706,190.208,1269.15,-106.006,184.18,1259.43,-114.183,175.336,0,0,0
011041:1194.8,-138.352,175.041,1200.36,-138.318,176.722,1185.87,-133.999,178.806,1223.22,-136.507,167.52,1166.46,-126.479,176.339,1202.28,-145.519,153.772,1179.11,-119.898,156.835,1235.13,-168.978,141.632,1165.37,-110.947,148.391,1250.39,-164.914,155.517,1166.49,-113.782,170.542,1173.83,-150.91,104.701,1181.07,-130.867,101.167,1209.48,-158.8,56.8094,1158.95,-126.466,64.6335,1225.25,-154.362,15.9541,1177.96,-116.438,19.5613,1276.06,-128.811,177.728,1267.56,-118.453,189.461,1270.72,-107.076,183.151,1266.53,-115.815,173.646,0,0,0
011042:1200.93,-137.205,176.391,1200.48,-137.412,179.266,1201.29,-132.76,178.326,1198.01,-137.118,174.371,1198.12,-124.873,172.258,1204.47,-146.025,153.925,1181.71,-120.544,156.036,1237.71,-169.641,141.339,1165.37,-110.947,148.391,1241.94,-163.421,163.084,1169.79,-114.63,169.173,1175.26,-151.259,104.643,1182.85,-131.308,100.756,1208.55,-158.575,56.8301,1162.21,-127.313,63.3375,1214.68,-155.862,21.7314,1178.49,-116.614,18.7922,1268.99,-129.339,178.82,1275.22,-120.042,186.561,1276.8,-108.552,180.256,1275.25,-117.921,170.276,0,0,0
011043:1209.58,-137.114,174.946,1206.57,-138.823,178.493,1206.81,-132.675,177.689,1193.68,-138.462,175.687,1190.56,-123.399,175.258,1204.26,-145.939,154.339,1167.21,-117.011,159.407,1232.57,-170.302,142.114,1168.21,-111.649,147.451,1239.48,-163.56,163.903,1169.76,-114.631,169.081,1176.28,-151.525,104.426,1179.92,-129.027,100.985,1208.82,-158.696,56.1743,1157.39,-126.077,65.0703,1217.8,-157.735,17.5066,1181.09,-117.274,17.5487,1272.52,-130.206,177.666,1277.13,-122.317,184.923,1280.59,-109.819,177.175,1277.87,-118.541,169.42,0,0,0
011044:1203.06,-138.562,175.21,1199.07,-139.965,178.791,1202.68,-134.352,177.387,1186.02,-138.901,175.93,1191.08,-125.133,173.878,1203.29,-145.748,153.886,1170.15,-117.754,158.434,1225.13,-172.268,144.203,1169.4,-111.929,147.221,1251.55,-167.642,155.226,1169.76,-114.631,169.081,1176.45,-151.536,104.774,1177.68,-130.014,102.11,1211.65,-160.198,55.7626,1161.46,-126.692,64.0458,1218.94,-157.736,15.2585,1180.43,-117.09,18.0673,1271.15,-131.842,177.038,1283.53,-124.034,182.181,1277.24,-110.683,177.749,1279.24,-120.503,168.724,0,0,0
011045:1217.33,-138.222,172.309,1211.34,-140.023,176.289,1215.83,-134.054,174.763,1190.34,-139.845,174.936,1193.8,-124.922,173.283,1208.55,-147.107,152.564,1165.73,-117.849,158.945,1228.98,-173.263,143.867,1161.18,-113.431,147.976,1239.6,-163.955,164.284,1172.07,-115.195,168.471,1181.18,-152.817,103.152,1178.77,-130.316,101.467,1208.72,-159.475,56.0354,1160.68,-126.52,63.9725,1223.38,-158.598,12.1248,1181.13,-117.278,17.6014,1273.65,-134.729,174.941,1281.75,-124.172,182.467,1279.16,-111.26,175.41,1286.31,-123.804,164.407,0,0,0
011046:1210.05,-139.305,172.369,1207.43,-141.028,175.783,1206.11,-135.044,175.355,1195.09,-140.559,172.878,1186.66,-125.927,173.693,1210.07,-147.896,152.112,1169.54,-118.74,158.563,1233,-174.256,143.916,1184.19,-114.606,150.016,1239.6,-163.955,164.284,1172.07,-115.195,168.471,1182.01,-153.099,102.219,1179.85,-130.62,100.781,1198.52,-161.271,57.2776,1161.41,-126.332,63.5962,1227.27,-160.547,9.20266,1175.62,-116.344,19.3604,1274.47,-134.927,174.738,1284.63,-126.243,179.167,1280.35,-113.978,172.628,1282.36,-124.35,163.818,0,0,0
011047:1209.9,-138.961,174.405,1204.45,-140.735,177.753,1204.74,-134.877,177.312,1184.31,-140.512,175.065,1181.05,-126.338,175.377,1204.67,-148.455,153.462,1162.85,-118.327,158.97,1229.21,-174.443,144.721,1158.16,-113.007,149.4,1220.69,-164.996,167.406,1172.04,-115.196,168.379,1182.26,-153.127,102.598,1178.62,-130.307,101.174,1200.22,-161.622,58.0365,1166.2,-127.464,63.0192,1222.22,-161.094,12.8744,1179.36,-116.106,17.5296,1276.77,-135.788,173.701,1284.65,-126.242,179.227,1287.18,-116.52,170.083,1279.49,-126.108,162.788,0,0,0
011048:1239.89,-137.995,166.091,1231.22,-139.02,170.525,1232.77,-134.164,169.569,1193.71,-138.193,172.625,1195.98,-125.721,171.23,1197.62,-146.633,155.129,1166.41,-120.29,158.687,1213.94,-170.797,147.425,1169.09,-115.795,145.097,1222.72,-165.872,167.642,1173.36,-115.115,170.107,1178.07,-152.012,103.798,1182.29,-131.171,100.861,1203.5,-162.517,56.7972,1169.17,-128.149,62.8785,1225.27,-162.719,11.9563,1179.71,-115.32,18.804,1279.68,-138.4,171.119,1291.52,-128.046,176.65,1291.17,-117.723,167.044,1281.06,-127.003,160.806,0,0,0
011049:1216.85,-138.757,170.16,1211.79,-139.674,174.057,1214.35,-135.124,172.96,1189.74,-138.224,173.38,1190.29,-125.901,172.389,1188.91,-147.479,157.105,1158.57,-119.117,160.45,1228.17,-174.894,145.803,1169.03,-115.795,144.832,1227.14,-167.011,167.067,1170.74,-115.301,168.055,1187.63,-154.521,101.479,1187.37,-132.448,99.4235,1203.07,-162.826,56.6042,1167.5,-127.789,62.6482,1219.85,-162.739,16.2715,1182.32,-115.929,18.2639,1287.54,-140.709,169.274,1286.23,-127.876,174.707,1304.4,-121.394,164.347,1285.26,-129.012,158.749,0,0,0
011050:1213.87,-140.548,172.01,1204.23,-141.905,176.19,1210.29,-136.751,174.769,1177.5,-140.829,175.398,1184.21,-127.109,174.099,1191.48,-148.151,156.513,1160.21,-119.539,159.873,1220.57,-177.046,149.493,1159.23,-113.228,149.54,1228.48,-167.336,167.219,1169.59,-115.403,168.263,1189.4,-154.997,100.889,1188.6,-132.763,99.0234,1193.68,-163.536,58.6199,1168.32,-127.969,62.7408,1224.93,-164,15.7994,1182.37,-115.412,20.4181,1281.66,-140.84,169.782,1291.22,-128.531,172.947,1311.72,-123.684,159.912,1296.91,-131.8,155.399,0,0,0
011051:1205.45,-141.106,171.841,1203.69,-142.307,174.944,1201,-137.28,174.871,1185.8,-141.681,173.385,1177.03,-127.836,174.129,1196.47,-149.444,155.411,1163.8,-120.423,159.098,1220.6,-177.045,149.588,1168.75,-115.8,143.756,1241.6,-171.016,166.727,1175.25,-116.843,166.139,1193.77,-156.164,99.6031,1191.56,-133.512,98.1233,1197.37,-164.54,57.4553,1169.28,-128.22,62.3087,1236.86,-164.442,9.9538,1182.5,-115.884,19.6336,1278.08,-141.081,170.318,1285.84,-129.408,170.855,1286.33,-123.782,163.241,1288.57,-134.738,155.856,0,0,0
011052:1200.06,-141.861,174.367,1199.43,-143.125,177.296,1198.3,-137.486,176.787,1192.74,-141.881,173.385,1188.14,-127.47,172.834,1198.67,-150.024,154.794,1164.79,-120.699,158.453,1200.2,-172.809,152.676,1168.75,-115.8,143.756,1237.92,-171.207,167.948,1173.25,-116.404,166.042,1189.34,-154.956,101.207,1186.52,-132.255,99.4346,1197.79,-164.609,57.8892,1164.02,-127.017,62.4668,1236.35,-166.713,10.5442,1181.55,-115.808,17.966,1261.21,-144.216,168.928,1287.58,-135.53,170.983,1294.36,-127.841,159.34,1291.6,-136.339,154.325,0,0,0
011053:1206.13,-140.156,172.916,1208.35,-140.973,175.453,1204.78,-135.848,175.191,1200.33,-139.785,172.019,1194.19,-126.456,171.086,1196.2,-149.495,154.014,1167.86,-121.448,157.782,1225.82,-179.559,149.787,1171.55,-116.514,142.707,1237.96,-171.206,168.134,1174.47,-116.686,165.919,1188.85,-154.848,101.076,1190.62,-133.244,98.7946,1195.28,-163.942,58.5573,1179.02,-128.39,58.5735,1218.48,-167.739,15.0373,1182.54,-116.063,17.4302,1261.16,-144.475,168.936,1304.8,-136.918,166.15,1295.93,-131.872,155.741,1288.24,-135.775,153.646,0,0,0
011054:1200.41,-141.514,173.074,1202.11,-141.716,175.902,1202.12,-137.504,174.951,1193.05,-138.474,173.096,1195.09,-127.418,170.787,1184.04,-146.275,157.52,1181.04,-124.631,155.555,1225.77,-179.56,149.601,1172.62,-116.802,142.103,1241.82,-172.201,167.666,1174.47,-116.686,165.919,1190.6,-155.342,100.247,1202.86,-136.334,95.2268,1200.35,-165.303,57.1317,1169.91,-128.485,60.8392,1211.52,-168.197,18.5852,1194.01,-115.515,16.2702,1275.02,-149.729,165.21,1300.17,-139.346,167.991,1297.06,-132.811,153.455,1295.97,-140.735,152.477,0,0,0
011055:1202.22,-141.876,173.694,1204.56,-142.364,176.635,1204.44,-137.298,175.501,1200.22,-139.358,172.861,1198.24,-127.115,170.792,1187.53,-147.195,156.573,1191.44,-127.113,154.125,1227.67,-180.064,149.349,1172.55,-116.804,141.832,1246.94,-173.537,166.881,1174.42,-116.687,165.741,1191.84,-155.73,99.2258,1203.55,-136.534,94.6956,1209.79,-167.894,53.7922,1159.48,-125.976,62.6091,1218.93,-170.232,15.7822,1193,-115.334,15.8233,1263.07,-151.987,165.164,1290.15,-142.583,166.284,1297.33,-135.405,152.603,1287.09,-144.184,153.242,0,0,0
011056:1199.94,-141.887,170.88,1201.23,-142.614,174.098,1200.61,-137.342,172.922,1200.26,-140.886,170.774,1199.98,-127.332,168.036,1194.28,-148.937,155.153,1190.98,-127.084,153.167,1232.32,-182.029,149.486,1172.52,-116.805,141.739,1250.72,-174.545,166.03,1170.39,-116.999,164.24,1190.56,-155.347,100.095,1199.46,-135.515,95.6343,1208.73,-167.552,54.7601,1165.6,-127.427,61.7812,1219.18,-170.292,15.7775,1182.9,-115.564,20.5549,1272.36,-153.99,163.9,1285.43,-144.415,163.888,1297.86,-139.274,150.234,1292.42,-149.578,152.568,0,0,0
011057:1209.25,-141.338,169.742,1209.89,-141.738,173.172,1210.05,-137.09,171.67,1208.39,-139.904,169.496,1206.99,-126.809,166.763,1200.12,-150.431,154.056,1171.75,-122.474,156.117,1235.16,-182.699,150.065,1172.85,-116.955,140.789,1252.64,-175.45,165.698,1169.19,-117.101,164.273,1198.49,-157.454,97.8731,1196.57,-134.507,94.9742,1209.82,-167.795,55.0179,1156.15,-126.519,65.6179,1228.62,-172.731,13.9675,1175.9,-115.872,21.6537,1281.93,-156.268,163.295,1287.29,-146.634,163.848,1297.1,-142.989,149.969,1285.32,-152.357,154.057,0,0,0
011058:1204.1,-141.212,170.198,1206.61,-141.767,173.261,1204.26,-136.92,172.153,1210.72,-140.532,168.573,1206.69,-127.518,166.212,1206.17,-151.977,152.964,1179.6,-124.383,154.547,1219.95,-183.364,152.671,1173.46,-117.098,140.758,1219.55,-177.81,171.233,1167.85,-117.363,161.908,1203.1,-158.673,96.6021,1201.33,-135.715,93.225,1212.14,-168.435,54.1622,1155.58,-126.376,65.686,1233.3,-174,12.3951,1183.15,-114.849,19.811,1289.97,-158.654,162.042,1297.19,-149.889,159.548,1301.02,-147.198,149.808,1291.8,-155.346,152.581,0,0,0
011059:1207.34,-142.373,168.688,1209.44,-143.137,171.796,1206.1,-137.894,171.003,1211.6,-141.752,167.863,1202.14,-127.477,166.751,1203.5,-151.363,152.647,1175.36,-123.417,154.583,1196.78,-177.3,154.094,1168.72,-115.96,141.7,1228.31,-180.147,170.1,1166.7,-117.305,163.986,1198.93,-157.594,97.2766,1199.42,-135.278,93.1536,1208.38,-167.456,54.8265,1168.17,-129.578,61.5631,1230.76,-173.263,13.8105,1191.82,-114.698,15.0744,1300.12,-161.728,160.164,1307.56,-152.927,157.883,1298.41,-150.741,148.051,1295.03,-158.276,151.063,0,0,0
011060:1201.52,-142.051,169.959,1205,-142.752,172.815,1201.02,-137.914,172.19,1211.73,-141.301,167.815,1197.66,-127.617,167.698,1200.46,-150.538,153.781,1175.43,-123.439,154.454,1206.21,-180.078,154.414,1167.29,-116.066,140.858,1228.31,-180.147,170.1,1166.7,-117.305,163.986,1206.76,-158.931,94.3905,1204.6,-136.698,89.9001,1210.48,-168.03,54.113,1158.91,-128.035,64.138,1238.41,-175.293,11.7379,1196.54,-114.331,11.7477,1293.94,-162.319,160.557,1312.83,-154.427,154.107,1302.82,-153.601,145.299,1297.49,-160.738,149.885,0,0,0
011061:1204.44,-142.924,170.357,1207.57,-143.301,173.18,1203.61,-138.85,172.594,1212.03,-140.825,168.227,1200.76,-128.676,167.772,1192.54,-148.532,154.995,1191.43,-127.222,152.692,1205.03,-180.133,154.825,1167.29,-116.066,140.858,1228.98,-180.314,170.178,1167.89,-117.588,163.856,1194.31,-157.016,95.0386,1200.57,-138.827,90.885,1208.76,-167.626,53.9338,1169.46,-131.059,61.2606,1231.72,-175.568,13.4,1200.95,-114.564,10.7356,1300.4,-164.304,158.26,1320.16,-158.75,152.352,1300.21,-155.309,143.937,1303.32,-164.086,149.683,0,0,0
011062:1198.54,-143.038,172.094,1200.02,-143.346,174.919,1198.19,-138.629,174.089,1205.7,-141.4,168.997,1198.57,-128.578,167.812,1205.83,-152.005,151.47,1177.38,-124.282,154.234,1197.35,-178.15,155.015,1173.82,-117.63,139.568,1233.35,-181.493,169.422,1167.86,-117.589,163.764,1191.17,-159.045,94.0168,1189.3,-136.018,93.4987,1222.28,-171.193,50.8131,1160.11,-128.694,64.0625,1238.96,-177.511,11.2769,1199.11,-112.578,10.7919,1298.17,-167.801,158.313,1304.3,-161.196,154.433,1311.65,-158.071,142.204,1297.63,-167.501,149.057,0,0,0
011063:1198.99,-143.465,171.281,1200.16,-144.366,174.469,1199.36,-138.971,173.06,1202.9,-143.35,169.826,1201.05,-128.885,166.932,1201.85,-152.195,151.541,1184.51,-126.028,152.749,1184.5,-177.069,160.986,1173.82,-117.63,139.568,1237.76,-182.678,168.665,1169.04,-117.872,163.548,1189.97,-159.957,93.4458,1195.7,-137.625,91.8674,1208.43,-172.297,54.3526,1156.29,-128.57,64.2559,1211.12,-178.514,18.9093,1206.24,-112.998,9.80645,1291.25,-170.734,158.111,1290.45,-160.906,155.724,1299.79,-162.927,145.119,1298.56,-168.229,147.968,0,0,0
011064:1196.27,-144.009,170.955,1204.24,-144.288,172.752,1194.77,-139.78,173.225,1226.71,-141.106,163.892,1190.29,-130.19,168.087,1191.78,-150.012,153.181,1193.85,-128.254,151.495,1184.55,-177.068,161.167,1178.37,-118.782,137.879,1247.26,-186.03,167.216,1173.03,-119.03,160.375,1171.76,-159.494,96.4681,1199.42,-138.545,91.129,1207.6,-172.061,54.7663,1161.19,-128.347,61.6418,1212.33,-178.884,18.1194,1202.71,-112.207,10.7833,1291.9,-172.767,156.978,1301.2,-164.48,152.829,1298.59,-164.809,143.985,1301.19,-171.218,146.145,0,0,0
011065:1202.37,-142.798,169.442,1207.18,-143.12,171.388,1197.67,-138.535,172.327,1225.16,-142.781,162.863,1191.84,-131.455,167.011,1207,-153.943,150.167,1181.33,-127.849,149.002,1184.55,-177.068,161.167,1109.99,-124.78,158.34,1240.96,-185.507,168.808,1169.04,-117.872,163.548,1176.32,-161.135,95.0176,1197.06,-137.987,91.3107,1211.23,-173.184,52.1756,1158.03,-127.532,62.9555,1217.41,-180.456,14.5859,1184.67,-111.083,16.8703,1291.91,-178.259,157.642,1309.01,-172.918,148.717,1334.87,-176.497,143.061,1285.77,-169.715,148.282,0,0,0
011066:1205.78,-144.415,167.212,1206.94,-144.811,170.179,1204.64,-139.624,169.543,1213.81,-144.751,164.576,1204.07,-129.752,163.691,1206.2,-153.823,149.3,1180.28,-127.612,149.01,1184.62,-177.451,161.532,1174.13,-119.093,135.707,1234.24,-184.185,168.962,1184.7,-121.747,159.298,1174.75,-160.859,93.7544,1195.43,-137.709,90.1436,1209.56,-172.653,53.5249,1159.78,-126.918,60.8494,1218.8,-180.765,14.9734,1196.69,-108.92,11.4591,1285.79,-178.53,157.896,1305.43,-174.741,150.247,1330.83,-178.544,140.833,1286.15,-171.936,147.469,0,0,0
011067:1204.16,-146.263,167.27,1211.23,-145.616,168.944,1197.88,-142.364,170.6,1241.99,-142.376,157.589,1182.34,-134.923,166.89,1206.55,-153.895,149.428,1184.53,-128.648,148.23,1183.47,-177.508,161.932,1174.16,-119.092,135.8,1238.8,-185.207,170.535,1172.99,-119.031,160.196,1176.03,-161.106,94.5224,1198.56,-138.41,90.3848,1209.53,-172.746,52.396,1162.88,-128.477,59.8041,1216.68,-180.264,14.6999,1201.86,-110.057,10.7937,1296.07,-182.752,152.683,1294.24,-176.271,149.452,1329.52,-180.889,139.29,1286.11,-176.411,145.171,0,0,0
011068:1201.69,-145.789,168.162,1206.15,-146.175,170.364,1199.44,-141.127,170.455,1222.12,-145.637,162.538,1204.86,-132.303,163.011,1207.61,-154.224,148.551,1186.69,-128.837,147.289,1182.36,-177.947,162.519,1174.16,-119.092,135.8,1238.8,-185.207,170.535,1182.85,-121.863,157.308,1175.53,-161.046,93.8254,1197.56,-138.243,89.6135,1212.93,-174.445,51.6623,1165.13,-128.776,57.4932,1214.1,-179.505,16.0765,1207.72,-108.796,6.64135,1287.36,-183.528,154.386,1292.77,-180.013,148.81,1321.62,-182.878,138.602,1278.39,-178.196,147.889,0,0,0
011069:1210.18,-145.791,165.851,1212.57,-146.072,168.514,1207.65,-141.056,167.994,1219.8,-145.807,162.673,1203.75,-132.662,162.08,1211.01,-155.059,148.376,1185.01,-128.434,147.523,1197.23,-182.059,159.799,1179.32,-120.557,131.997,1238.8,-185.207,170.535,1181.46,-121.965,156.717,1179.35,-162.025,93.3801,1198.36,-138.412,89.7931,1211.22,-174.014,51.7692,1168.3,-128.406,56.5993,1219.22,-180.97,13.8582,1205.24,-109.684,9.48459,1280.99,-186.221,154.461,1325.13,-190.453,147.172,1318.2,-186.963,140.823,1266.93,-180.12,148.768,0,0,0
011070:1206.04,-144.516,165.723,1206.51,-145.022,168.897,1204.94,-139.916,168.018,1213.86,-145.621,163.413,1206.81,-131.545,161.807,1205.13,-154.843,147.86,1190.28,-129.758,146.07,1197.19,-182.06,159.616,1179.28,-120.557,131.817,1249.65,-188.122,168.972,1175.33,-122.46,156.736,1178.68,-161.865,93.3802,1202.19,-139.373,88.828,1215.95,-175.203,51.5772,1169.01,-128.88,57.5377,1224.42,-182.352,12.7869,1214.56,-109.101,5.82522,1286.84,-189.451,157.99,1322.94,-194.06,150.141,1321.15,-192.657,142.583,1286.35,-186.791,146.551,0,0,0
011071:1204.85,-145.561,165.523,1208.74,-146.122,167.891,1203.12,-141.026,167.945,1225.81,-146.251,160.436,1204.06,-132.853,161.952,1203.08,-155.084,148.249,1185.36,-128.697,145.014,1197.19,-182.06,159.616,1175.57,-120.858,131.809,1244.45,-188.331,169.67,1173.93,-122.56,156.061,1178.27,-161.714,93.958,1199.11,-138.629,89.2575,1214.39,-175.969,52.048,1163.92,-128.476,57.6838,1226.37,-182.81,13.0688,1178.89,-110.924,18.1806,1269.05,-190.14,162.294,1319.62,-196.864,152.593,1306.12,-193.196,145.485,1272.82,-188.346,150.454,0,0,0
011072:1200.54,-144.79,166.774,1207.14,-144.97,168.207,1196.09,-140.422,169.892,1236.6,-144.077,156.284,1181.3,-133.945,165.671,1200.54,-154.539,147.493,1187.73,-129.088,146.847,1176.68,-177.214,162.808,1175.57,-120.858,131.809,1240.6,-188.485,170.33,1173.93,-122.56,156.061,1177.67,-161.67,92.7107,1199.25,-138.673,89.1246,1219.79,-177.457,50.3867,1164.61,-128.372,56.0372,1224.1,-182.221,13.3873,1178.5,-110.922,17.1273,1269.15,-192.343,162.613,1311.57,-200.212,154.199,1294.59,-194.427,148.169,1266.87,-190.193,153.314,0,0,0
011073:1206.47,-147.07,165.292,1207.01,-147.288,168.169,1203.61,-142.19,167.527,1212.33,-146.643,162.161,1202.4,-133.604,160.812,1205.77,-155.803,147.527,1187.02,-129.077,144.955,1174.46,-178.002,160.456,1175.57,-120.858,131.809,1227.84,-188.997,172.327,1173.67,-122.73,153.257,1184.23,-163.398,91.5118,1203.21,-139.708,87.6139,1220.07,-177.637,49.1441,1165.73,-128.643,55.7584,1221.63,-181.632,13.1188,1187.29,-112.889,16.0941,1275.24,-195.34,163.428,1308.55,-201.538,156.206,1302.62,-196.812,151.193,1270.49,-190.654,151.838,0,0,0
011074:1203.55,-146.471,164.928,1207.26,-146.517,166.942,1198.72,-141.541,167.474,1223.57,-145.882,157.875,1193.8,-133.315,160.82,1214.53,-158.123,145.212,1192.37,-130.403,143.725,1179.32,-179.204,161.139,1173,-121.06,131.385,1216.41,-191.428,174.362,1173.93,-122.56,156.061,1189.21,-164.762,90.107,1206.81,-140.629,86.4909,1233.79,-178.602,42.4738,1167.39,-128.209,56.0831,1215.72,-179.949,15.5926,1188.29,-113.072,16.5277,1267.67,-196.408,165.043,1303.8,-203.319,159.059,1309.23,-199.872,151.115,1258.22,-190.931,156.973,0,0,0
011075:1200.24,-146.745,164.18,1202.9,-147.206,166.88,1199.41,-142.308,165.981,1208.26,-145.484,161.603,1196.11,-132.432,160.436,1190.82,-152.019,149.433,1194.1,-130.815,143.58,1179.9,-179.43,160.384,1177.55,-122.223,129.671,1221.01,-192.399,176.9,1198.16,-128.843,146.551,1174.89,-160.916,93.7251,1209.88,-141.421,85.4594,1206.47,-173.833,54.1213,1191.07,-132.965,48.8882,1215.57,-179.708,17.8749,1204.64,-116.826,13.0655,1258.67,-198.68,170.884,1307.89,-206.613,162.362,1321.44,-203.405,150.855,1264.92,-193.376,158.176,0,0,0
011076:1202.71,-146.798,163.174,1212.81,-147.226,164.381,1196.03,-142.404,166.995,1253.86,-146.511,150.988,1181.41,-135.815,163.201,1214.97,-158.286,144.494,1190.61,-130.155,141.834,1192.99,-182.195,163.558,1176.28,-122.323,129.55,1221.01,-192.399,176.9,1173.9,-122.561,155.968,1188.46,-164.567,90.2873,1206.54,-140.643,85.56,1222.01,-178.263,47.5094,1181.05,-130.643,49.6074,1218.45,-180.884,12.6587,1195.94,-114.955,13.2681,1255.02,-198.846,173.822,1308.23,-207.889,165.017,1315.65,-206.865,158.229,1268.21,-195.184,163.2,0,0,0
011077:1207.78,-146.764,161.158,1215.35,-147.578,162.634,1203.85,-142.739,163.898,1231.25,-147.119,154.164,1193.49,-135.135,159.88,1209.53,-158.178,144.096,1194.84,-131.003,143.146,1201.62,-184.72,160.57,1173.8,-122.521,129.488,1219.76,-192.447,177.113,1175,-122.852,155.469,1188.53,-164.68,89.1554,1207.6,-140.854,85.9554,1215.6,-176.79,50.6832,1176.18,-129.344,52.0414,1220.1,-181.002,15.9479,1184.23,-112.11,17.797,1255.76,-199.818,175.868,1303.42,-209.85,168.769,1309.46,-205.402,161.538,1270.45,-195.713,165.283,0,0,0
011078:1205.38,-146.894,161.516,1208.08,-147.651,164.253,1203.2,-141.733,163.959,1214.05,-148.811,158.822,1204.4,-133.18,157.403,1201.82,-158.13,145.444,1195.88,-131.028,140.959,1193.26,-182.412,162.018,1173.8,-122.521,129.488,1217.76,-194.436,175.657,1180.02,-124.326,151.383,1191.94,-165.592,88.3457,1211.53,-141.916,84.0708,1231.19,-182.054,43.9755,1173.81,-128.862,51.2782,1234.13,-185.257,7.11868,1182.19,-111.724,17.1423,1250.14,-200.599,178.104,1286.12,-210.301,178.003,1284.15,-202.711,172.548,1271.86,-198.082,171.332,0,0,0
011079:1200.99,-146.954,163.201,1204.2,-147.471,165.723,1199.5,-142.196,165.259,1216.43,-148.656,158.922,1203.83,-134.976,157.52,1202.53,-158.235,146.216,1199.73,-131.48,135.986,1192.06,-183.562,162.791,1172.56,-122.621,129.454,1212.33,-192.732,178.565,1178.75,-124.424,151.247,1191.02,-165.267,89.494,1181.72,-144.995,86.7463,1219.83,-180.537,47.2134,1178.92,-130.121,49.9957,1227.52,-183.359,10.0409,1186.06,-112.625,16.1881,1249.58,-202.399,182.701,1273.77,-210.626,186.058,1277.74,-203.121,180.5,1257.45,-196.994,178.829,0,0,0
011080:1206.94,-147.94,160.913,1207.59,-148.472,164.254,1207.48,-143.246,162.317,1204.02,-147.335,161.261,1200.69,-133.207,157.01,1192.77,-155.735,147.588,1182.28,-128.878,137.505,1182.49,-181.637,160.85,1175.36,-123.35,128.288,1215.19,-193.59,177.49,1178.72,-124.425,151.155,1183.37,-163.205,91.4572,1201.91,-140.856,83.8165,1190.5,-178.058,54.8869,1190.54,-134.143,47.3234,1215.16,-180.784,18.2095,1200.18,-115.851,13.3785,1255.45,-205.34,189.174,1267.96,-212.271,192.387,1278.82,-206.176,188.869,1268.48,-200.918,186.206,1187.62,-196.12,251.06
011081:1201.23,-147.159,160.958,1204.11,-148.178,163.738,1200.7,-142.506,163.343,1213.42,-149.685,158.25,1206.18,-135.075,156.716,1205.09,-158.981,144.808,1192.76,-132.11,137.147,1198.17,-185.835,159.772,1165.2,-124.231,132.471,1203.06,-194.049,180.506,1178.68,-124.426,150.975,1188.57,-164.728,88.7152,1207.18,-142.231,81.9029,1200.85,-181.064,50.5549,1176.21,-130.589,51.0928,1208.6,-184.717,14.3351,1183.2,-112.004,16.3894,1246.69,-204.669,193.541,1265.19,-214.02,201.568,1272.41,-207.291,198.252,1260.29,-200.304,192.605,1187.06,-196.13,249.211
011082:1194.79,-148.503,162.295,1198.88,-149.621,164.646,1198.14,-143.934,164.058,1205.45,-151.121,159.795,1202.6,-136.068,157.642,1195.44,-157.761,144.871,1194.89,-132.659,136.403,1191.22,-183.938,160.63,1171.97,-123.618,124.545,1205.7,-195.138,176.445,1178.68,-124.426,150.975,1184.63,-163.652,89.9067,1208.23,-142.472,81.9145,1198.32,-180.29,52.0928,1176.86,-132.249,51.7408,1212.85,-185.814,14.0146,1180.76,-112.235,16.7351,1241.17,-204.454,199.466,1254.05,-212.918,208.029,1263.11,-205.787,206.138,1256.36,-200.253,200.5,1194.76,-197.093,246.234
011083:1197.2,-148.921,162.152,1202.56,-150.308,164.037,1198.34,-143.917,163.95,1210.68,-152.37,158.065,1202.17,-136.46,156.576,1196.76,-158.115,144.452,1194.32,-132.566,135.961,1201.26,-186.647,159.726,1173.81,-123.841,126.906,1213.47,-197.326,175.211,1178.68,-124.426,150.975,1184.37,-163.545,90.3926,1207.63,-142.311,82.1909,1201.73,-181.249,51.022,1175.03,-132.221,51.7419,1212.6,-185.728,14.263,1185.51,-113.262,16.286,1229.87,-204.612,206.382,1245.61,-213.519,214.025,1244.63,-203.803,216.339,1249.13,-199.923,209.165,1194.19,-197.104,244.376
011084:1201.27,-149.161,161.562,1206.68,-150.192,163.528,1197.84,-143.795,164.081,1226.4,-151.554,154.346,1201.38,-135.888,155.761,1205.75,-160.494,142.383,1192.52,-132.131,136.263,1195.01,-184.983,160.011,1173.81,-123.841,126.906,1213.57,-197.323,175.492,1179.05,-124.772,147.651,1198.11,-167.276,86.5029,1212.23,-143.507,80.5686,1219.21,-186.289,44.0367,1158.86,-132.39,50.72,1210.37,-185.265,13.1903,1188.42,-113.648,13.6472,1230.37,-204.605,209.433,1231.56,-211.744,219.67,1234.57,-202.19,224.118,1242.37,-197.822,216.112,1193.66,-197.115,242.465
011085:1201.68,-150.364,160.67,1206.05,-150.609,162.485,1198.14,-145.158,163.154,1222.24,-150.012,153.606,1198.44,-135.795,155.569,1205.21,-160.357,142.441,1191.34,-131.78,137.22,1204.02,-185.982,154.861,1180.09,-125.621,122.538,1202.03,-197.727,175.753,1173.4,-124.82,149.54,1197.56,-167.127,86.6543,1210.75,-143.102,81.3334,1219.04,-186.234,44.161,1157.95,-132.083,51.9159,1210.35,-185.264,13.1371,1183.63,-112.601,13.9716,1218.43,-203.627,214.567,1218.69,-210.55,224.891,1222.47,-200.094,232.533,1229.76,-196.527,222.107,1193.09,-197.126,240.607
011086:1203.44,-150.152,159.071,1203.98,-150.794,162.015,1203.55,-144.823,160.959,1204.01,-151.98,157.594,1203.23,-136.66,153.99,1204.23,-160.149,142.084,1189.33,-131.411,136.088,1195.76,-185.757,157.7,1180.09,-125.621,122.538,1201.98,-197.728,175.57,1176.69,-125.698,147.937,1193.43,-166.065,87.1454,1206.27,-142.075,81.2524,1216.9,-185.568,45.5072,1159.72,-132.615,50.3896,1210.03,-185.041,14.7323,1187.69,-113.496,13.606,1212.38,-200.748,214.883,1216.26,-210.046,229.273,1222.92,-200.08,232.568,1218.38,-194.442,226.519,1192.73,-197.134,239.35
011087:1200.81,-149.493,158.393,1203.85,-150.416,161.003,1198.9,-144.206,160.656,1213.5,-152.025,154.746,1204.28,-136.046,152.894,1208.74,-161.771,140.442,1194.04,-132.578,135.019,1195.42,-185.717,157.12,1180.09,-125.621,122.538,1198.34,-197.473,176.023,1176.61,-125.699,147.665,1198.81,-167.525,85.6516,1212.28,-143.588,79.7073,1213.63,-184.628,46.7954,1162.78,-133.272,50.9531,1208.07,-184.567,14.5138,1190.43,-114.21,11.9258,1202.78,-198.779,216.779,1193.38,-206.52,231.663,1208.29,-196.953,236.947,1205.77,-191.273,227.484,1196.09,-198.262,236.909
011088:1194.16,-150.219,159.388,1196.84,-150.995,162.071,1194.8,-144.984,161.057,1205.47,-152.673,156.624,1199.31,-137.199,153.449,1204.95,-160.745,141.615,1195.06,-132.871,134.302,1198.85,-186.641,156.822,1175.07,-124.544,121.803,1191.42,-196.947,174.133,1176.64,-125.699,147.758,1194.53,-166.257,88.0481,1210.15,-142.944,81.6548,1214.92,-184.879,47.6138,1165.27,-133.909,50.1725,1213.37,-185.921,14.2727,1187.92,-113.16,13.5849,1192.83,-197.037,217.77,1184.41,-204.91,231.846,1196.96,-196.221,238.73,1193.94,-189.262,227.848,1184.09,-194.935,237.243
011089:1200.18,-150.347,154.035,1203.86,-151.2,157.033,1203.51,-146.225,155.58,1207.19,-150.832,154.164,1206.03,-136.603,150.518,1199,-159.314,141.252,1183.57,-130.056,136.547,1185.14,-185.598,153.859,1182.34,-126.38,119.484,1183.26,-195.896,170.443,1177.19,-125.845,147.464,1187.73,-164.49,89.0829,1200.96,-140.688,83.317,1201.31,-181.071,51.7675,1177.3,-136.886,47.6023,1203.67,-183.018,19.4245,1202.13,-116.07,10.1364,1182.96,-196.522,216.55,1180.24,-203.333,228.888,1181.17,-193.586,238.611,1179.76,-185.478,228.238,1164.34,-189.492,237.378
011090:1212.61,-150.766,157.031,1208.88,-151.036,160.42,1210,-145.737,158.865,1207.78,-151.061,156.558,1206.36,-136.782,153.455,1208.79,-162.557,140.096,1201.32,-132.929,132.03,1199.02,-187.663,152.801,1186.55,-123.421,119.423,1191.28,-198.223,172.266,1175,-124.7,142.587,1200.82,-167.818,83.3942,1193.71,-143.336,81.5959,1195.47,-182.346,46.4012,1177.22,-136.26,47.5681,1215.88,-181.397,12.8473,1187.64,-115.237,16.2624,1177.5,-195.076,214.827,1166.13,-200.501,228.819,1168.2,-190.569,237.602,1175.96,-183.952,225.522,1150.07,-183.963,239.972
011091:1207.78,-151.061,156.558,1208.88,-151.036,160.42,1210,-145.737,158.865,1207.78,-151.061,156.558,1206.2,-136.784,152.791,1204.55,-161.494,140.214,1196.92,-133.262,132.904,1194.48,-186.565,151.65,1186.19,-123.43,118.141,1182.42,-197.269,171.852,1175,-124.7,142.587,1196.75,-166.733,84.323,1193.71,-143.336,81.5959,1204.28,-183.263,44.8717,1177.22,-136.26,47.5681,1220.71,-181.176,12.2493,1187.64,-115.237,16.2624,1164.49,-193.068,212.95,1153.32,-198.474,226.86,1151.65,-187.54,236.103,1162.98,-182.026,223.574,1135.27,-179.772,241.32
011092:1212.24,-150.775,155.741,1212.8,-152.08,159.014,1209.83,-145.74,158.2,1207.78,-151.061,156.558,1210.63,-136.459,151.967,1204.55,-161.494,140.214,1205.41,-133.93,131.217,1202.31,-188.802,149.481,1182.37,-122.454,119.602,1186.64,-197.115,170.416,1179.07,-124.354,141.136,1200.82,-167.818,83.3942,1201.9,-145.402,79.7115,1195.66,-182.336,47.033,1168.88,-135.58,49.6791,1228.85,-183.495,8.62846,1187.66,-115.229,16.2275,1160,-191.995,211.05,1148.84,-196.168,223.056,1142.43,-185.452,231.129,1157.74,-180.993,219.234,1118.25,-173.395,245.534
011093:1207.78,-151.061,156.558,1208.51,-151.044,159.133,1205.19,-146.045,158.387,1207.58,-151.067,155.936,1206.2,-136.784,152.791,1199.91,-161.758,140.453,1201.32,-132.929,132.03,1198.11,-187.689,149.618,1182.01,-122.463,118.324,1178.01,-196.163,170.618,1178.71,-124.363,139.865,1200.82,-167.818,83.3942,1197.79,-144.367,80.6559,1195.66,-182.336,47.033,1168.88,-135.58,49.6791,1219.92,-182.547,11.0241,1183.08,-115.623,16.777,1151.26,-189.858,207.917,1136.57,-192.958,220.448,1137.6,-183.189,226.128,1148.81,-178.912,215.484,1112.27,-170.138,248.845
011094:1207.78,-151.061,156.558,1208.71,-151.039,159.755,1205.39,-146.04,159.008,1207.61,-151.065,155.893,1202.12,-135.78,153.548,1208.62,-162.56,139.426,1201.35,-132.925,131.991,1197.75,-187.699,148.334,1186.52,-122.096,118.041,1181.5,-197.294,168.712,1182.33,-125.338,137.808,1200.82,-167.818,83.3942,1197.79,-144.367,80.6559,1199.74,-183.464,46.0094,1168.88,-135.58,49.6791,1219.9,-182.555,11.0721,1191.59,-116.221,14.5019,1153.84,-189.722,201.711,1131.64,-190.694,214.837,1128.37,-181.138,220.549,1146.84,-178.957,208.74,1095.49,-165.162,253.587
011435:151.174,213.159,-1.86061
