003911:1147.93,76.3767,159.448,1160.01,75.3081,159.284,1158.64,77.5954,159.528,1193.63,75.3956,148.229,1194.23,79.3161,148.25,1177.48,76.7875,134.574,1200.88,78.8378,129.696,1139.28,69.6635,135.529,1154.8,73.0783,130.321,1115.13,70.0958,142.385,1113.79,71.3413,143.117,1174.39,72.7267,88.12,1195.15,74.2881,83.1014,1169.14,74.2397,48.1915,1190.17,73.1485,44.2931,1174.14,64.9112,9.18954,1193.82,64.932,7.54341,1213.66,56.8271,168.403,1212.76,41.2683,173.262,1210.04,40.0858,187.87,1210.55,56.28,184.383,0,0,0
003912:1170.47,79.3287,155.647,1170.44,77.7365,157.593,1182.2,80.4763,155.219,1170.63,75.688,152.021,1214.83,80.3445,143.274,1164.46,74.2375,136.359,1207.16,80.0326,126.942,1147.05,67.7906,141.028,1189.25,75.8744,130.515,1129,70.2575,154.517,1163.88,75.3062,148.47,1171.45,72.0093,88.6011,1203.48,76.6073,80.6432,1171.2,72.6237,48.3116,1192.65,75.6579,42.6955,1166.27,61.5386,12.3963,1192.89,65.3186,7.26402,1216.14,56.1931,167.672,1208.94,39.538,172.087,1213.29,39.6031,186.512,1209.58,54.4876,183.08,0,0,0
003913:1170.27,79.5527,154.295,1176.06,77.0399,155.533,1173.26,81.4013,155.806,1191.04,72.9801,148.407,1186.29,82.473,148.342,1186.1,71.2774,134.346,1184.55,81.7711,131.146,1171.72,64.4456,139.214,1177.91,78.6905,124.283,1147.29,70.6917,159.247,1175.48,83.4605,130.72,1184.73,70.022,86.5717,1184.03,76.8106,85.6157,1183.07,73.9745,44.7092,1187.13,75.1013,44.3307,1168.14,61.5707,9.76722,1183.71,61.8324,9.38105,1217.4,55.3678,166.233,1205.67,38.7064,171.739,1217.42,38.9983,185.002,1206.14,52.7403,183.053,0,0,0
003914:1151.11,79.1972,157.306,1154.98,77.8776,158.933,1163.4,79.8872,157.275,1172.9,77.1683,151.192,1204.93,79.9789,145.02,1169.08,76.0096,135.879,1204.78,79.0119,127.219,1144.07,68.1418,139.966,1188.91,74.3503,125.142,1120.69,70.8078,147.395,1156.49,77.8644,131.732,1174.35,72.0541,87.757,1200.62,74.3475,81.0711,1180.21,73.3539,45.0811,1186.44,74.3453,43.7594,1175.19,61.4436,8.33684,1187.47,62.9131,6.69828,1218.9,54.5424,165.67,1206.02,37.9901,170.469,1210.07,34.9556,184.616,1206.87,51.7417,183.308,0,0,0
003915:1155.23,78.5052,156.439,1162.1,76.9548,157.142,1164.94,79.4172,156.532,1183.86,75.1506,148.3,1199.04,79.6252,145.319,1174.81,74.4196,135.221,1204.8,78.7961,127.831,1138.8,68.7105,143.333,1164.68,74.6021,133.909,1125.63,69.3606,160.133,1129.99,71.3619,156.225,1176.53,71.6804,87.1941,1198.74,75.5274,81.4507,1163.59,71.402,48.8449,1178.51,73.7606,45.0116,1179.94,59.0495,6.65176,1184.77,63.9279,5.72275,1216.45,53.2662,165.355,1209.24,37.209,169.315,1207.28,33.1198,183.892,1215.51,50.309,181.704,0,0,0
003916:1169.06,79.356,153.062,1169.43,77.6301,155.053,1179.73,80.2012,153.171,1175.3,75.1718,149.527,1210.23,79.5374,143.007,1174.83,73.5231,134.727,1200.4,79.3241,128.168,1157.46,65.3417,142.472,1175.79,73.5355,133.821,1128.81,66.7489,159.329,1141.51,70.163,153.341,1177.67,71.8698,87.2322,1196.71,77.0543,82.1425,1169.23,71.3174,48.1584,1177.05,75.3456,45.4353,1180.73,57.4553,5.7497,1178.87,64.4223,7.07544,1219.96,52.8121,164.594,1211.47,36.546,167.863,1201.9,31.6596,183.57,1216.39,50.1948,181.556,0,0,0
003917:1157.05,75.9715,155.151,1165.92,75.659,155.561,1162.11,76.5322,156.252,1195.27,78.5834,145.808,1183.35,76.5146,147.835,1195.42,77.9151,130.81,1181,75.77,131.535,1175.79,64.3801,140.053,1144.88,65.2584,139.764,1147.16,63.9093,156.723,1128.18,65.7396,154.866,1193.8,74.6975,82.9767,1185.22,73.4832,84.045,1195.66,75.7011,41.4461,1177.42,73.4172,45.3981,1189.58,59.9646,4.34594,1168.87,60.2065,10.3602,1219.59,51.9104,164.362,1211.11,35.9489,167.321,1204.79,30.2766,182.206,1218.61,48.6551,181.025,0,0,0
003918:1166.63,76.6004,153.741,1176.37,74.5431,154.126,1170.94,78.6551,155.025,1197.85,72.1613,145.6,1191.04,81.6491,145.913,1182.33,71.8322,134.247,1203.58,80.5565,125.101,1151.86,62.5052,146.741,1178.93,76.3452,124.879,1151.99,64.1047,160.081,1165.1,79.2086,130.757,1176.15,70.3084,87.6843,1191.05,76.4239,82.3685,1171.42,73.2306,47.8775,1184.84,76.1407,43.3928,1182.53,55.9416,7.16018,1179.14,62.1617,7.2859,1216.42,51.0518,164.472,1212.82,35.7046,166.88,1208.68,29.0604,180.673,1216.93,46.6784,180.839,0,0,0
003919:1156.74,75.5124,155.675,1164.85,73.6303,155.797,1166.92,76.7336,155.646,1188.23,71.5482,145.938,1201.02,78.3534,143.837,1174.83,72.3076,134.383,1201.16,78.8302,126.681,1125.17,67.6791,147.935,1154.08,75.7302,129.844,1128.63,66.6046,160.186,1119.92,72.4628,135.825,1177.43,70.37,87.7448,1198.45,75.6872,81.9703,1164.87,71.0497,49.6183,1179.53,73.7428,45.5875,1184.44,56.3471,6.97669,1182.67,61.1688,6.94808,1212.15,49.7129,164.622,1213.55,35.2834,166.611,1211.93,28.2628,179.672,1217.34,45.3669,180.457,0,0,0
003920:1174.11,79.3207,151.232,1178.83,76.4778,152.821,1181.86,80.8274,152.159,1188.52,72.2685,146.693,1206.84,82.2713,142.925,1163.3,72.4842,136.517,1223.36,79.354,121.915,1132.19,66.093,140.686,1205.73,76.7486,118.074,1125.31,69.282,141.94,1177.59,80.3733,119.171,1167.43,69.8266,89.9877,1210.77,74.9314,78.8919,1167.48,70.5433,48.2425,1196.21,74.9767,39.9763,1171.17,54.6059,9.20977,1187.72,62.4216,3.81066,1209.97,48.7477,164.854,1211.8,33.6134,166.034,1215.99,27.3334,178.278,1209.12,43.3222,181.078,0,0,0
003921:1167.43,77.3005,152.725,1180.21,75.287,152.606,1172.65,78.6866,153.987,1202.69,72.9662,143.408,1190.39,80.4707,145.642,1173.57,73.9839,132.387,1208.92,78.0305,123.858,1126.01,66.6649,134.66,1162.28,70.2584,124.306,1120.48,68.9193,135.778,1122.61,70.8763,133.886,1176.51,71.0019,86.3696,1205.42,74.5255,78.9206,1172.19,71.7825,46.3192,1204.82,76.1171,37.4934,1169.46,53.2815,9.85548,1195.27,63.024,1.67217,1211.15,47.6182,163.602,1213.7,32.3407,164.276,1218.11,26.354,176.894,1211.48,42.6688,180.111,0,0,0
003922:1163.79,74.4316,153.348,1178.38,73.7319,152.71,1167.23,75.085,155.098,1211.12,75.4872,141.544,1180.91,76.0404,148.054,1194.36,75.7096,127.046,1188.79,76.2061,128.681,1143.07,65.306,129.658,1136.48,66.6501,132.273,1114.42,68.2456,134.336,1107.77,67.6162,138.876,1193.79,73.0969,80.9415,1193.8,74.2276,80.9079,1184.49,72.5973,42.6871,1197.68,76.0415,39.8839,1173.66,53.5809,9.14899,1195.76,61.7216,4.06728,1214.32,46.5542,162.444,1215.84,31.3663,162.887,1219.56,25.7997,175.901,1212.07,41.9532,179.735,0,0,0
003923:1180.21,78.3692,150.698,1185.83,75.8461,151.73,1187.63,79.2261,151.497,1196.37,71.8662,144.806,1204.47,79.3699,143.33,1182.95,70.363,132.247,1184.56,80.5228,128.723,1141.48,66.1014,140.439,1150.95,76.8404,123.868,1135.96,68.0891,152.905,1130.4,73.8096,128.216,1186.52,69.2657,85.2915,1190.7,76.8579,83.0536,1174.04,69.3559,46.8965,1175.46,74.4089,46.236,1174.39,55.3905,9.41148,1191.02,59.5076,5.22997,1218.47,45.6675,161.123,1216.04,30.0425,161.98,1220.58,24.6438,174.25,1216.69,40.043,178.087,0,0,0
003924:1168.63,74.9904,153.837,1176.54,73.0464,154.54,1170.57,76.8275,155.397,1194.57,70.8819,146.082,1186.36,79.8452,147.066,1184.51,70.2376,131.268,1188.1,80.7041,129.404,1148.47,64.6509,133.567,1148.88,76.4069,130.455,1129.68,67.572,135.034,1120.83,71.6429,134.397,1185.53,69.0607,84.0117,1191.69,77.056,81.9432,1162.22,69.8592,49.0523,1170.2,74.9184,46.8834,1183.92,53.4634,7.07282,1183.12,59.9921,9.28045,1219.94,45.1306,160.108,1216.35,29.0177,161.036,1220.73,23.3179,173.179,1217.2,39.3228,177.429,0,0,0
003925:1164.34,75.1502,153.744,1173.89,73.0509,154.064,1167.57,76.9582,155.143,1195.72,70.7326,144.518,1183.76,79.8589,146.474,1186.65,70.316,130.011,1183.81,80.4652,128.555,1150.14,64.3521,138.062,1141.19,74.5067,131.622,1138.32,67.1278,149.904,1109.64,69.9804,142.807,1190.99,68.889,82.4423,1192.45,76.7375,81.2889,1166.19,69.9201,48.3046,1171.11,74.4636,47.2558,1180.26,54.1356,8.53749,1182.16,59.0801,9.86284,1223.42,44.6574,159.203,1215.72,27.8206,160.4,1223.9,22.4996,171.763,1217.61,38.3045,176.769,0,0,0
003926:1162.68,76.7381,153.417,1166.95,74.7657,155.06,1175.62,77.6485,153.319,1178.01,72.0398,148.485,1210.96,78.4921,141.877,1165.92,71.2472,133.534,1210.69,78.6625,122.801,1121.48,65.0118,133.916,1170.57,74.5797,118.253,1120.14,68.6507,134.237,1147.35,75.5163,121.867,1176.57,69.2228,85.7307,1208.83,75.0128,77.4401,1174.31,70.8434,45.6731,1191.39,77.5079,41.4507,1171.02,51.0054,11.0191,1190.99,60.1101,6.62406,1223.24,44.3555,158.938,1215.15,26.9226,159.595,1226.08,21.5082,170.515,1220.81,37.2209,175.789,0,0,0
003927:1167.3,76.6301,152.575,1174.77,74.1017,153.355,1175.2,77.88,153.322,1190.4,70.5214,145.102,1194.46,79.4049,144.696,1178.19,69.8174,129.951,1190.16,79.6066,127.644,1137.89,64.0811,129.944,1154.46,73.2804,125.688,1118.32,66.9848,133.302,1121.22,68.8828,132.257,1186.56,68.9251,83.0002,1196.98,76.4244,80.5145,1170.8,68.9462,47.1136,1173.26,74.0907,47.8156,1184.71,53.047,8.29279,1188.8,57.9951,9.90242,1220.85,43.39,158.58,1217.94,25.5137,157.589,1225.14,20.0067,169.332,1224.45,35.4078,173.844,0,0,0
003928:1154.48,73.2589,155.077,1168.48,72.0663,155.035,1156.62,74.6367,157.006,1209.04,73.0757,143.213,1172.66,77.578,149.4,1206.29,73.051,125.459,1174.92,77.3774,130.831,1153.06,62.7438,125.813,1119.72,67.6441,131.608,1121.11,65.6703,132.668,1107.46,66.7472,135.632,1202.2,71.2778,78.7667,1181.39,74.3144,83.0206,1196.15,73.1173,39.817,1172.8,73.3554,46.3021,1191.83,54.5808,4.80717,1173.97,55.6588,12.1045,1223.11,42.428,157.454,1221.3,24.9994,156.401,1226.36,19.1417,167.933,1220.29,34.7001,173.774,0,0,0
003929:1155.24,75.746,153.83,1162.98,73.8288,154.575,1164.28,76.7207,154.416,1188.32,71.4285,145.094,1194.49,77.405,144.11,1178.94,71.2066,130.322,1194.59,77.5742,126.021,1128.43,66.0938,133.654,1141.86,71.6406,126.346,1120.36,66.5724,136.322,1109.63,67.9908,131.707,1186.74,69.7935,83.8589,1198.21,75.2232,80.6532,1161.97,68.9111,49.7401,1168.68,73.5155,47.8317,1185.1,50.4498,7.95876,1181.83,57.9541,9.45842,1223.62,41.4054,157.064,1224.72,24.4829,155.359,1226.89,18.4092,167.403,1223.51,33.9047,172.507,0,0,0
003930:1173.62,74.9869,151.224,1181.23,72.5223,152.204,1176.53,76.7964,152.956,1198.64,69.3031,144.077,1188.88,79.4654,145.587,1186.42,68.9177,128.406,1188.14,79.8728,126.804,1147.01,63.2764,127.201,1144.53,75.1741,123.833,1125.82,66.8407,129.378,1121.37,70.6171,126.415,1190.24,68.9479,81.7505,1193.41,77.0475,80.313,1168.36,69.0819,48.265,1171.28,73.5418,47.4552,1192.45,51.505,6.90719,1181.2,57.372,11.676,1223.46,39.1745,155.919,1227.72,22.0235,151.964,1228.94,15.4731,164.978,1227.69,31.6507,169.587,0,0,0
003931:1181.51,75.9407,150.377,1185.7,73.1971,151.877,1183.5,77.67,152.223,1195.21,69.1348,145.282,1192.79,78.9251,145.533,1183.24,68.8415,130.092,1190.67,78.657,127.649,1141.99,64.3126,129.438,1141.87,74.7992,126.139,1121.15,66.668,131.436,1117.44,69.9183,128.435,1190.66,69.272,81.8627,1196.72,76.7392,79.9335,1165.87,69.2896,47.8225,1171.66,73.1206,46.2337,1194.51,50.9544,5.61529,1179.13,57.1579,11.7544,1224.35,39.0536,155.756,1226.36,21.5513,151.281,1228.9,15.473,164.827,1227.69,31.6507,169.587,0,0,0
003932:1177.66,75.4409,151.204,1185.4,72.647,151.983,1177.93,76.9629,153.526,1200.93,69.3685,143.619,1177.46,77.5809,148.529,1183.47,70.4354,128.366,1179.94,76.2659,129.337,1142.06,65.7354,127.095,1130.47,70.6657,129.262,1117.22,65.8131,129.851,1104.65,66.8478,131.893,1197.54,71.1246,79.8885,1196.94,75.5345,80.051,1178.43,70.2299,45.8102,1172.9,71.0319,47.9891,1202.01,53.1363,5.94479,1174.8,56.0031,15.1255,1226.76,38.3865,154.72,1226.69,20.8151,150.023,1224.69,14.8067,164.798,1227.26,31.0477,168.909,0,0,0
003933:1173.59,75.5536,152.543,1181.98,72.6767,153.082,1179.85,76.2645,153.691,1199.89,68.9513,144.123,1190.75,75.7461,146.534,1181.66,69.7236,129.496,1190.98,75.1417,126.69,1137.78,65.8108,125.957,1150.84,71.4719,118.54,1125.88,66.7139,126.473,1132.51,71.1246,115.121,1192.74,70.1014,81.8578,1197.32,73.8546,80.3465,1183.26,70.9029,46.132,1165.16,71.0133,50.8289,1208.39,54.8625,5.95225,1161.87,56.4423,17.9834,1226.35,37.7818,154.04,1226.14,20.2107,148.912,1222.81,13.4408,163.626,1225,30.3955,168.71,0,0,0
003934:1157.71,71.1417,155.006,1169.97,70.106,154.894,1156.71,72.6041,157.224,1208.21,72.1407,143.073,1167,75.2855,150.338,1202.88,73.3372,126.45,1172.13,75.5479,131.337,1165.95,64.5635,128.597,1125.92,67.9825,132.658,1140.16,62.7638,142.286,1107.26,63.8683,140.654,1203.8,71.8863,78.6054,1181.7,73.9233,83.0845,1183.59,71.6437,44.8368,1162.08,71.3826,50.1984,1213.14,52.4011,2.062,1163.78,56.4792,17.8165,1226.72,36.7538,153.216,1227.35,19.6419,147.031,1223.01,12.4057,162.401,1224.82,28.4652,167.256,0,0,0
003935:1153.89,70.2963,155.532,1168.56,69.5087,155.084,1151.3,71.7705,157.903,1216.54,72.2091,141.745,1163.05,74.6563,150.737,1215.48,73.3529,124.725,1172.1,75.2918,131.344,1189.84,63.6675,126.723,1126.07,68.4301,134.101,1156.64,62.4605,138.818,1107.9,64.264,138.753,1208.39,72.2142,76.9211,1181.22,74.0378,82.341,1182.36,71.4459,44.8202,1167.29,71.5785,48.4206,1209.47,51.581,3.01782,1170.77,56.9093,16.1339,1228.2,36.2038,152.207,1227.51,19.2036,144.708,1224.17,11.5327,160.866,1225.79,27.0077,165.739,0,0,0
003936:1149.54,68.504,154.965,1165.96,67.9063,154.14,1148.35,69.5125,157.531,1215.07,72.03,140.387,1162.96,72.8434,150.214,1212.98,74.8286,122.77,1177.43,74.3194,129.143,1166.02,66.2129,124.112,1129.55,66.5747,129.176,1141.84,63.8855,139.666,1117.18,63.8767,137.934,1206.48,72.8869,76.205,1181.46,73.3456,81.4424,1181.39,71.417,43.7376,1176,73.9572,45.1562,1192.69,48.0675,7.55502,1183.91,57.9207,10.9494,1230.72,35.8314,151.163,1229.77,18.7987,142.84,1226.42,10.8231,159.43,1223.98,25.6336,164.674,0,0,0
003937:1146.89,67.5349,156.559,1162.29,66.8482,156.105,1146.08,68.7699,159.228,1215.45,71.9147,142.749,1160.3,72.2198,153.08,1217.57,76.2732,124.292,1164.62,72.1705,134.575,1188.1,71.5332,115.928,1116.9,66.9465,130.549,1163.94,69.7022,119.833,1105.24,65.1236,129.469,1212.96,74.3839,77.581,1174.92,71.7762,86.0304,1200.86,75.5545,41.8126,1154.33,68.9172,53.9847,1244.34,56.4402,-4.30317,1158.43,54.2013,20.6596,1232.12,35.2768,149.885,1230.37,18.6596,141.725,1228.47,10.11,157.253,1224.32,24.9027,163.407,0,0,0
003938:1159.02,71.6902,154.774,1171.76,70.3875,154.566,1163.35,72.3751,156.477,1206.81,71.0877,143.668,1181.84,73.2566,149.275,1195.79,72.5247,128.194,1189.99,73.9508,129.962,1141.83,64.8666,128.402,1134.57,66.5412,129.956,1122.5,63.2235,135.752,1104.86,62.8318,136.253,1198.42,71.1892,80.6694,1191.05,72.5561,82.5152,1190.5,73.091,43.7916,1167.44,71.4684,50.573,1227.26,53.0497,0.079177,1170.95,53.9697,16.836,1232.66,34.845,148.923,1230.24,18.6572,141.308,1230.56,9.3939,155.24,1223.2,24.7311,163.132,0,0,0
003939:1170.13,70.435,153.88,1181.75,68.8999,153.972,1172.83,71.9506,155.893,1208.05,68.679,144.424,1188.19,75.1775,148.87,1196.01,69.775,128.43,1194.84,76.9055,128.416,1152.13,63.7297,127.745,1141.78,70.8808,126.716,1137.87,62.9849,134.955,1110.48,64.8431,132.74,1189.05,68.382,83.5975,1191.36,74.1903,82.6932,1171.16,67.1921,49.326,1185.94,73.8834,45.0689,1193.61,47.3513,10.3769,1198.32,59.8942,8.06586,1230.25,34.182,148.33,1230.97,18.5237,140.549,1232.86,8.97628,153.504,1230.55,23.2627,159.912,0,0,0
003940:1154.82,67.2549,154.621,1171.56,66.3837,153.824,1155.2,68.2045,157.423,1217.73,70.2626,141.633,1168.37,71.2963,152.08,1208.63,73.6846,125.626,1179.53,72.6674,131.732,1159.24,65.3664,120.239,1129.53,65.8704,126.11,1125.56,62.797,124.435,1102.68,62.4951,127.843,1204.86,72.3076,78.306,1182.23,71.8042,83.3874,1192.24,73.3522,42.7695,1166.9,70.6109,49.8794,1227.17,53.3107,0.311712,1169.54,55.0121,16.4287,1231.73,33.628,147.314,1230.85,18.5237,140.092,1232.2,8.66621,151.709,1234.74,22.608,158.144,0,0,0
003941:1156.78,69.6437,155.526,1174.73,68.0597,154.373,1161.95,70.2353,157.347,1212.12,68.0353,142.817,1178,72.2327,150.944,1201.19,71.2351,127.322,1190.56,75.4989,130.694,1151.53,65.1728,125.328,1143.82,67.8894,128.594,1127.55,63.2686,133.344,1109.06,61.6979,135.07,1194.17,69.4961,81.6029,1188.07,73.8165,82.8891,1178.7,68.7128,46.0199,1189.43,77.199,43.164,1182.49,44.3704,13.3222,1202.44,59.6836,6.30022,1232.18,33.1954,146.048,1232.4,18.2574,138.856,1231.66,8.36067,150.29,1234.19,21.7012,157.484,0,0,0
003942:1153.86,68.8066,156.173,1170.16,67.7424,155.417,1157.32,69.1143,158.269,1213.43,70.4644,143.149,1172.09,70.4663,152.274,1207.56,73.9768,126.473,1188.08,72.3428,131.114,1175.22,68.6099,117.564,1157.5,67.3154,123.813,1137.97,65.6257,117.384,1120.9,62.9303,125.516,1201.34,72.0212,81.1787,1185.76,71.3523,84.6223,1194.5,72.7362,44.0305,1164.76,70.729,51.5989,1228.09,52.6586,1.88318,1167.91,54.1327,16.831,1232.64,32.7622,144.78,1233.65,17.9802,136.727,1232.01,8.21266,148.327,1234.55,21.261,155.96,0,0,0
003943:1151.66,67.3327,156.556,1169.74,66.1562,155.62,1154.49,67.882,158.965,1215.73,68.5274,143.747,1171.07,70.4557,153.39,1209.69,73.6949,127.685,1190.3,73.0623,131.497,1163.07,67.4018,119.266,1147.07,66.8864,121.729,1122.88,63.1441,119.513,1106.61,61.5514,123.386,1201.01,71.1732,82.0591,1186.9,71.4889,84.7598,1194.82,71.9079,43.8623,1181.9,73.9874,47.5618,1207.35,47.3846,7.09262,1175.18,57.1694,15.3671,1233.29,32.6348,143.738,1235.14,18.0058,135.01,1233.34,7.93119,146.419,1235.94,20.6914,154.689,0,0,0
003944:1171.49,70.2274,153.399,1185.98,68.3904,152.778,1171.35,70.4058,156.052,1222.83,69.4003,141.315,1171.12,70.1701,152.41,1223.19,74.2585,124.432,1176.03,71.5487,134.392,1220.92,79.351,120.073,1174.56,72.2213,129.159,1202.86,77.3281,133.915,1164.82,70.3129,136.721,1207.89,71.8979,80.6251,1173.5,70.9914,88.4669,1207.37,73.3664,42.2854,1157.86,71.1224,55.2093,1232.04,51.51,2.51854,1167.85,52.7524,19.1456,1233.78,32.5036,142.143,1234.64,17.9963,133.337,1232.92,7.92406,145.016,1237.12,20.4223,152.176,0,0,0
003945:1172.61,70.9547,152.854,1189.91,68.8547,151.721,1173.25,70.8303,155.271,1229.93,68.5433,139.138,1172.16,70.1177,151.321,1218.74,73.0612,124.552,1183.39,71.7907,131.566,1215,77.4628,118.264,1178.56,74.1998,125.183,1194.65,77.876,122.19,1161.88,74.4124,127.458,1202.12,70.8873,82.656,1178.11,71.0938,87.808,1192.32,71.1496,46.3036,1164.37,71.8458,53.2575,1214.16,47.7002,7.42408,1166.05,54.4848,18.5372,1234.47,32.376,141.251,1234.31,18.8918,131.025,1232.67,7.91818,144.202,1239.53,20.0234,150.672,0,0,0
003946:1172.59,70.8175,155.117,1186.91,68.9572,154.6,1174.9,70.7383,157.225,1226.79,69.6901,142.176,1176.71,69.4984,152.637,1231.23,73.916,123.296,1172.77,71.1432,135.161,1224.75,78.8529,115.758,1160.89,71.8291,126.494,1204.74,76.6528,131.278,1148.18,69.8606,129.058,1212.47,72.1728,80.5552,1169.38,71.0404,90.2668,1219.24,72.9167,39.2611,1155.95,69.6589,55.2201,1244.61,51.7072,-0.687703,1160.87,51.3775,20.5835,1233.51,32.8006,140.851,1235.11,19.3611,129.641,1232.94,7.77277,141.867,1242.84,20.0947,148.076,0,0,0
003947:1172.74,70.2872,154.784,1180.57,69.3253,155.508,1178.88,69.5331,156.16,1212.49,72.832,145.694,1191.04,65.6245,150.217,1221.65,77.7973,126.741,1189.12,65.0199,131.088,1219.67,81.9091,116.386,1161.72,62.249,120.393,1195,78.4604,120.176,1137.82,59.6875,117.474,1213.69,75.527,80.0038,1185.63,67.6128,85.51,1222.3,76.1541,38.7874,1153.81,66.0542,55.3901,1256.33,55.1991,-3.56806,1136.98,49.3226,26.1221,1235.3,33.4557,139.287,1236.77,19.695,127.984,1233.38,7.62747,140.14,1246.14,19.8614,145.816,0,0,0
003948:1177.81,68.3284,154.159,1191.69,66.8004,153.694,1176.58,68.4852,156.977,1222.73,68.0154,143.926,1178.74,68.2276,153.064,1215.52,74.4139,129.135,1206.2,69.0994,130.302,1210.05,80.7892,123.618,1204.6,73.5207,122.588,1207.64,82.8935,123.653,1185.4,76.81,126.329,1200.1,72.5707,83.3814,1191.07,69.9702,84.9999,1216.73,74.5577,39.2365,1181.5,70.5248,48.3837,1232.85,49.2509,2.86191,1151.31,52.4298,22.8314,1237.29,33.8125,138.749,1236.39,19.6877,126.725,1238.67,8.59978,136.075,1247.6,20.1935,143.466,0,0,0
003949:1173.66,68.4268,156.461,1187.59,65.9533,155.915,1177.12,68.6555,158.872,1215.49,64.9123,145.718,1183.34,68.9552,154.186,1212.45,71.5367,128.158,1199.65,73.0565,132.17,1220.22,78.0903,115.52,1211.09,80.1355,119.1,1203.12,79.5562,115.993,1192.3,80.5376,121.074,1197.91,70.2468,83.896,1185.99,71.8525,86.7187,1209.46,72.9784,41.9213,1179.17,71.8236,50.3221,1225,48.5113,5.41816,1163.72,51.8382,20.5285,1237.21,33.8125,138.444,1237.31,20.4618,125.313,1240.21,8.91898,134.003,1249.2,20.531,141.491,0,0,0
003950:1181.91,69.9984,154.384,1197.09,67.263,153.588,1182.6,69.5345,157.062,1230.88,66.2917,142.104,1167.37,66.3316,156.077,1233.53,72.9106,123.649,1170.7,68.8917,136.965,1255.35,81.4486,104.854,1182.78,75.2378,120.647,1210.84,80.8139,112.266,1164.12,76.1846,119.773,1218.75,72.3621,80.3667,1171.33,69.6194,91.066,1223.19,73.9118,40.0259,1150.96,66.8606,58.1512,1255.47,53.3877,-0.687693,1145.89,48.6657,26.1685,1237.08,34.4137,137.281,1249.37,24.0537,119.789,1247.06,10.5197,127.29,1251.67,20.7344,139.223,0,0,0
003951:1188.15,70.3431,154.082,1199.23,67.729,153.669,1190.43,70.274,155.853,1218.84,65.335,144.528,1189.99,68.9436,151.626,1212.22,69.237,129.171,1199.52,73.4257,132.907,1224.13,75.4261,114.447,1208.49,80.1283,121.034,1202.2,76.0711,118.175,1177.23,78.4204,127.819,1198.78,68.8881,84.9386,1188.09,72.71,87.3497,1187.16,67.6774,49.0882,1163.8,71.2386,54.3708,1215.42,47.2711,8.10326,1167.72,55.4558,19.7074,1237.97,34.5916,136.648,1246.44,24.442,119.805,1246.88,11.121,125.823,1251.45,20.7285,138.553,0,0,0
003952:1171.83,69.4334,156.39,1179.55,67.2749,156.827,1177.88,69.0989,158.037,1203.94,67.1028,147.594,1187.01,66.9061,153.028,1218.99,71.9079,127.464,1190.02,69.6978,134.951,1245.97,80.5699,111.506,1205.33,77.0329,122.404,1224.18,80.5576,117.084,1193.35,78.2777,125.397,1206.75,71.2406,83.4753,1179.18,69.7499,90.1789,1226.2,73.9581,40.2324,1147.42,65.7285,60.6462,1266.45,56.4377,-4.25459,1138.08,48.0654,28.512,1237.85,35.1934,135.483,1241.57,25.086,119.787,1244.83,11.6928,125.05,1260.18,22.2797,134.603,0,0,0
003953:1183.24,68.5145,156.548,1197.77,66.4125,156.049,1183.14,68.6764,159.142,1233.8,67.084,145.303,1169.75,66.5172,157.838,1237.33,73.2183,128.404,1168.63,67.0708,139.508,1239.2,78.1801,114.65,1134.51,65.0322,127.399,1211.98,75.852,112.525,1094.84,59.8339,121.112,1222.6,73.2293,82.7793,1170.56,69.3232,93.2603,1227.75,75.5883,41.1743,1135.82,65.3155,63.0713,1283.18,57.8834,-8.55266,1136.51,47.1597,27.8086,1239.7,35.8548,134.042,1242.71,26.4769,118.321,1245.68,12.4611,123.38,1258.95,22.4039,133.837,0,0,0
003954:1183.58,64.5676,154.747,1197.35,62.9871,154.437,1179.54,64.993,158.379,1236.43,66.7416,144.173,1161.59,64.2798,159.008,1248.53,74.0098,126.161,1154.66,65.6315,142.878,1260.78,83.6417,109.622,1140.8,67.0042,127.757,1241.79,82.931,108.626,1118.82,64.673,122.903,1231.44,74.1635,81.634,1162.06,68.6923,96.2701,1236.11,75.2941,40.9623,1133.86,64.5393,65.6534,1288.78,59.3429,-8.16415,1139.6,48.4686,28.6513,1236.06,37.5594,133.236,1245.07,28.352,116.931,1246.56,14.1412,120.463,1257.97,22.535,133.879,0,0,0
003955:1173.21,65.8446,157.831,1191.67,63.4446,156.464,1173.28,65.9215,160.688,1243.2,65.8771,143.001,1166.02,65.4856,158.711,1244.43,74.3951,127.448,1167.63,65.3854,139.966,1254.21,83.0685,114.681,1140.98,63.955,126.554,1235.04,81.7579,110.976,1095.72,59.1895,119.602,1223.74,73.8822,83.0795,1166.01,67.9509,94.8232,1238.95,75.6113,39.3308,1133.49,63.1025,65.0619,1302.08,59.8268,-11.3664,1133.66,46.0569,29.5518,1238.15,38.2255,132.67,1237.88,30.2878,117.639,1246.57,15.3521,118.814,1259.96,23.1858,132.765,0,0,0
003956:1207.72,70.2523,152.063,1218.15,68.1736,152.409,1204.84,69.9693,155.146,1242.96,68.3635,144.393,1172.89,64.0328,157.694,1250.3,74.6516,126.549,1159.94,63.9954,142.147,1264.84,84.9844,109.429,1128.07,64.5649,131.569,1252.11,84.7382,100.764,1104.17,61.2248,122.938,1229.99,75.0236,81.3503,1163.66,68.0918,94.9466,1243.47,74.7546,38.9644,1138.37,63.1281,63.3333,1295.16,58.7637,-9.36247,1132.31,47.736,30.5277,1237.1,38.6476,131.988,1236.11,31.1482,117.392,1243.6,16.3575,117.786,1259.81,23.7924,131.447,0,0,0
003957:1226.16,72.2454,150.327,1234.38,69.6561,150.778,1223.27,71.9309,153.408,1246.38,68.3633,143.557,1183.64,65.1768,156.381,1242.35,72.7858,127.283,1161.52,64.5133,142.647,1256.65,81.5107,115.875,1150.17,66.484,134.359,1241.57,82.1968,118.213,1140.94,67.3698,130.984,1223.78,72.8572,84.0196,1163.93,67.4761,97.0245,1241.44,73.8799,40.6028,1141.66,63.8707,64.478,1290.79,58.7294,-7.79618,1141.76,48.792,29.4363,1235.09,39.1903,131.35,1237.31,32.5404,116.237,1242.89,18.0089,116.568,1257.67,24.6608,130.045,0,0,0
003958:1197.88,70.0162,158.695,1200.48,66.7694,160.287,1203.69,69.4279,160.234,1207.63,63.6719,153.909,1190.98,63.5319,158.367,1220.38,69.5822,132.274,1173.06,65.6669,142.849,1267.46,82.0644,110.511,1191.75,74.7912,130.45,1249.58,80.665,110.201,1185.39,77.5368,130.084,1212.62,71.4451,85.7309,1171.84,68.4394,94.8893,1237.9,73.7184,41.4378,1142.11,63.975,63.9081,1285.92,57.6454,-5.69086,1142.49,47.7118,30.6389,1234.13,39.9137,130.669,1240.43,34.2931,114.223,1245.16,19.8714,114.726,1259.67,26.2351,127.64,0,0,0
003959:1212.77,69.2066,153.863,1213.89,67.3249,155.836,1213.2,68.9065,155.994,1215.71,66.4883,150.603,1185.07,62.0834,156.035,1227.11,70.2694,130.306,1163,63.7862,142.493,1244.25,77.4214,120.737,1159.26,69.9758,138.827,1238.2,81.0775,120.49,1160.21,73.0725,137.327,1218.18,72.4669,83.9216,1169.42,68.4684,94.4733,1242.97,74.8615,39.5418,1145.4,65.1823,62.8359,1292.12,58.7542,-8.62514,1137.24,49.1649,32.2089,1236.13,40.5812,129.815,1239.16,36.9812,113.41,1242.58,21.485,114.195,1259.52,26.8449,126.282,0,0,0
003960:1198.01,68.2189,156.317,1202.52,66.1436,157.433,1200.57,67.5663,158.174,1219.93,66.1699,149.373,1179.69,60.4518,157.415,1236.4,70.8691,128.882,1156.93,62.2418,144.212,1263.53,80.7286,116.876,1157.13,67.8279,137.717,1248.21,80.4476,119.284,1157.62,69.9179,135.219,1226.45,74.0848,82.6649,1166.93,68.7891,95.8135,1236.38,72.748,41.8753,1143.19,64.9964,64.4798,1271.03,55.5937,-2.26832,1139.31,49.9105,31.4687,1236.13,41.186,129.069,1243.23,38.0117,112.127,1240.12,23.4005,113.623,1258.69,28.5033,124.79,0,0,0
003961:1204.55,67.3468,156.994,1214.49,64.3785,157.25,1201.47,67.5539,160.282,1237.27,63.4938,148.103,1164.32,61.8216,162.508,1240.52,70.2213,129.513,1151.12,61.0716,146.057,1269.05,82.4568,113.303,1152.33,66.1561,133.419,1262.84,84.1929,110.055,1148.38,69.3825,128.992,1227.22,74.0269,83.4261,1160.07,67.758,98.0922,1242.37,72.66,41.3113,1136.87,62.4215,67.1263,1290.63,58.369,-6.40288,1131.13,49.2586,33.0651,1240.27,43.136,127.026,1245.03,40.9492,111.148,1237.61,25.3087,112.94,1261.91,29.9586,123.237,0,0,0
003962:1207.84,68.7249,156.764,1213.07,66.202,157.769,1208.7,68.3509,159.134,1223.35,64.7016,151.23,1176.25,61.0971,160.622,1236.13,69.5538,131.428,1150.83,62.1217,145.821,1259.09,79.7196,116.408,1125.08,63.3621,133.717,1257.11,82.0731,113.139,1100.37,60.8999,125.333,1220.92,71.7087,86.5528,1158.75,67.1673,99.1849,1239.32,71.464,43.9418,1148.18,64.8203,64.7699,1273.76,55.5846,-0.711387,1140.78,50.5393,31.1003,1238.05,45.9314,126.397,1241.48,42.0466,111.595,1242.07,28.1379,110.518,1262.15,31.8018,121.654,0,0,0
003963:1213.65,69.4395,156.829,1224.88,65.8743,156.85,1213.51,69.1839,159.753,1241.92,62.0035,148.019,1171.95,61.733,162.418,1244.66,68.6898,128.799,1151.02,62.3762,146.475,1266.77,80.1479,112.999,1133.47,65.9269,136.48,1262.36,84.1605,111.049,1109.87,65.6199,133.963,1222.89,71.5344,85.5107,1154.61,67.0978,100.003,1250.98,73.64,40.4823,1145.08,63.6282,65.2178,1289.86,58.7563,-4.44746,1137.6,47.593,31.8144,1239.38,47.3366,125.831,1244.87,43.8263,110.59,1238.59,30.1692,109.897,1264.58,34.0122,119.925,0,0,0
003964:1219.13,66.2362,156.898,1225.7,63.6738,157.838,1216.76,66.1725,160.097,1236.13,62.8636,151.041,1175.18,59.2631,162.846,1245.66,69.0185,131.105,1152.87,60.6169,146.698,1258.6,80.4168,116.821,1130.69,65.6038,133.323,1247.61,83.5679,116.251,1115.89,65.6602,127.875,1225.21,72.6996,85.491,1155.65,67.2584,99.7681,1247.99,72.7502,40.4649,1145.34,63.6103,64.4054,1297.05,57.83,-7.3563,1137.05,49.8745,31.4354,1243.67,49.0036,124.661,1243.41,45.596,110.462,1235.34,32.5018,109.658,1263.01,36.4213,118.537,0,0,0
003965:1204.46,69.2505,158.78,1206.03,66.8709,160.416,1208.59,67.8578,160.549,1208.58,64.2662,154.44,1193.42,59.2881,158.365,1230.63,68.8042,131.327,1160.21,59.0261,145.293,1263.47,81.3515,115.58,1138.94,63.0533,140.037,1257.89,84.0828,115.901,1129.65,65.5296,141.087,1213.4,71.7271,87.5514,1160.28,66.2228,99.5588,1235.06,70.982,43.3622,1145.38,64.3389,65.4112,1285.94,56.2332,-3.94083,1156.54,54.2303,28.2405,1240.05,49.7776,125.236,1241.91,47.3616,110.201,1235.19,35.367,108.922,1259.46,37.8442,118.815,0,0,0
003966:1204.97,65.0368,158.212,1214.25,62.2165,158.646,1203.51,65.1343,161.162,1235.03,61.602,149.411,1166.56,59.3194,162.82,1249.32,67.8913,127.427,1143.87,60.6291,147.923,1261.56,80.427,114.929,1129.79,66.2065,143.061,1252.66,83.1475,117.598,1116.98,67.9497,148.493,1236.78,71.7397,81.8129,1160.02,66.9044,98.4693,1262.34,71.6276,37.252,1148.72,64.2801,64.4049,1296.59,58.5452,-5.79936,1145.8,51.1811,30.7154,1235.65,51.273,125.666,1248.33,49.7188,108.424,1237.55,37.2528,107.641,1260.14,39.6908,118.9,0,0,0
003967:1212.58,68.6168,156.35,1223.55,65.5437,156.357,1207.23,67.8988,159.981,1241.34,62.4736,148.089,1172.46,61.7437,162.267,1251.13,68.9685,127.335,1146.92,60.5584,149.376,1287.6,81.6262,110.632,1119.87,63.384,150.64,1273.73,84.2937,114.806,1108.22,65.34,157.101,1228.04,71.405,83.7013,1157.54,66.1852,99.7702,1241.1,70.2083,42.0042,1146.79,62.852,64.7639,1281.03,56.5,-1.24891,1154.7,53.5291,29.6421,1239.8,52.335,124.843,1249.87,51.7533,107.817,1239.09,39.5715,106.547,1262.22,43.2699,118.052,0,0,0
003968:1210.12,67.8063,157.277,1219.34,64.941,157.67,1206.88,66.9233,160.483,1238.84,62.6652,149.356,1177.23,60.1836,161.849,1253.01,69.3058,127.674,1148.25,58.7953,149.479,1282.09,82.4103,113.414,1120.9,62.2887,151.633,1262.09,83.6544,118.972,1109.34,65.3004,158.32,1234.49,71.8559,80.7142,1162.15,65.2104,97.2106,1251.01,70.9646,39.104,1148.81,62.4016,63.7411,1291.14,58.4462,-4.31096,1156.98,53.8997,28.7087,1250.04,54.2438,122.972,1251.55,54.101,107.326,1254.36,42.3408,102.697,1259.07,45.9132,118.25,0,0,0
003969:1216.97,67.17,155.728,1228.56,63.5349,155.759,1214.47,66.729,159.247,1246.7,60.7206,147.836,1168.2,59.6975,163.926,1252.58,68.6404,129.485,1141.47,60.6938,150.752,1281.32,79.8417,114.913,1122.4,66.3066,147.804,1258,80.7562,116.601,1105.99,68.0754,153.14,1232.7,71.6459,84.4177,1153.8,66.1335,101.124,1265.57,73.3001,38.782,1151.72,63.7576,64.6562,1297.13,59.3854,-4.20505,1142.69,51.0147,31.5638,1252.57,55.8603,122.776,1242.6,55.8704,109.615,1255.67,46.9704,101.483,1266.63,47.8566,116.902,0,0,0
003970:1216.97,67.3138,155.177,1228.73,64.0651,154.918,1212.3,66.4295,158.603,1248.12,60.5232,146.619,1178.32,60.1699,161.092,1248.46,67.8411,128.819,1148.14,58.9373,150.867,1279.29,80.6323,114.407,1107.89,63.9023,158.627,1272.3,83.1393,113.951,1103.72,66.356,162.433,1226.45,70.4212,84.7861,1160.06,64.651,100.035,1249.17,70.7927,41.6388,1160.98,61.8209,62.2473,1278.02,58.6362,1.16117,1161.75,53.5136,29.2022,1254.79,59.4443,122.807,1239.85,61.655,111.05,1251.77,53.5465,101.512,1264.12,51.7486,117.785,0,0,0
003971:1214.29,64.7277,156.567,1227.23,61.5147,156.07,1208.72,64.3999,159.949,1249.55,59.7237,147.051,1179.97,59.9445,160.87,1241.36,69.35,131.771,1148.34,59.5499,149.346,1249.65,85.2295,128.432,1096.99,65.6722,162.028,1266.43,82.5876,119.671,1122.91,62.521,162.266,1226.19,71.2365,86.6679,1161.04,65.303,99.7867,1253.42,71.0268,42.383,1151.88,63.3671,63.9792,1289.81,57.4473,-2.44681,1146.69,55.867,33.6406,1245.86,61.4884,124.882,1244.9,62.6356,109.846,1258.98,54.8992,99.8287,1266.47,55.9773,117.262,0,0,0
003972:1223.8,65.746,156.684,1234.02,62.3696,156.525,1217.78,65.3959,160.275,1237.28,56.4132,149.351,1168.66,57.6109,164.377,1230.86,60.2746,130.826,1162.46,63.8394,150.867,1225.63,69.1483,116.224,1171.04,80.6457,156.187,1217.37,73.9933,104.338,1203.4,85.8559,158.83,1214.56,66.732,91.3686,1166.78,69.3602,103.335,1217.7,63.9168,53.7294,1180.91,70.5043,60.6068,1222.14,46.196,15.887,1170.12,59.1418,28.3532,1248.92,62.0762,124.276,1247.96,63.2265,109.213,1262.05,60.9969,99.7697,1268.63,56.6784,116.669,0,0,0
003973:1226.53,64.0713,156.608,1234.91,61.0278,156.694,1222.07,64.2155,159.286,1248.81,59.5176,147.673,1173.37,57.1001,161.937,1257.89,65.723,127.5,1128.39,59.6183,153.544,1284.42,79.8251,112.068,1089.29,67.3087,160.547,1270.73,84.379,111.629,1131.12,63.0559,156.414,1242.5,71.1173,83.6715,1153.05,66.6166,102.51,1257.06,70.7927,43.1092,1145.84,62.6381,65.5613,1291.87,59.2204,-3.05412,1133.55,52.9273,34.4055,1242.99,64.0799,126.043,1240.08,65.4472,111.132,1260.01,63.5113,100.638,1268.37,58.97,116.704,0,0,0
003974:1213.19,63.1875,157.275,1221.99,60.5413,157.522,1208.92,63.1558,160.242,1244.62,60.2261,148.345,1171.38,57.1837,162.343,1267.89,66.7653,125.636,1134.86,59.7783,152.458,1306.06,81.6649,110.358,1098.67,68.2916,161.392,1275.35,83.3529,112.273,1135.96,63.5816,158.476,1248.23,72.8074,82.4728,1158,67.7349,101.644,1261.2,71.1747,42.4469,1153.09,62.9867,65.9882,1290.98,58.6849,-0.6602,1143.49,54.1364,34.1655,1241.21,67.166,126.985,1240.06,68.3185,111.427,1249.02,65.1533,103.532,1271.35,62.1675,116.094,0,0,0
003975:1201.78,60.6621,161.609,1207.21,58.2597,162.104,1202.98,60.5669,163.226,1224.44,58.8585,152.493,1178.49,55.3342,161.355,1250.09,64.9821,128.888,1137.87,59.138,151.526,1285.15,77.94,114.77,1100.2,68.0745,161.572,1257.57,80.8327,117.828,1124.52,63.8946,160.524,1236.11,70.4505,84.5389,1159.88,66.1438,100.507,1262.05,71.7502,41.8894,1160.12,62.9124,63.205,1289.74,60.0856,-1.41761,1144.66,53.4061,33.8491,1243.85,69.0966,127.091,1240.02,71.189,111.726,1250.01,67.9363,103.905,1277.14,64.7289,115.083,0,0,0
003976:1213.8,58.3489,161.333,1219.46,55.358,161.754,1209.17,59.0509,164.388,1226.62,55.042,153.286,1169.92,55.2731,165.158,1243.97,63.8598,129.316,1139.26,60.4377,152.611,1287.87,81.3151,110.465,1136.11,74.8751,157.182,1262.99,84.026,110.928,1172.82,73.7295,159.122,1233.08,69.3133,84.5831,1159.39,66.9233,100.781,1252.06,69.1806,43.5167,1157.77,64.0299,63.8791,1277.91,55.7004,2.11903,1137.27,55.9829,35.7544,1247.29,70.6191,126.88,1243.18,74.9769,111.654,1241.07,69.634,106.359,1269.33,68.2196,116.776,0,0,0
003977:1202.87,60.6189,162.502,1213.04,57.5295,162.518,1199.65,61.1458,165.419,1243.27,57.1621,151.184,1166.9,56.3425,165.651,1258.43,65.0137,128.358,1130.38,57.5965,154.068,1275.48,79.6888,117.002,1092.26,65.0273,162.743,1246.33,80.1682,119.646,1120.47,59.9252,160.499,1239.36,70.3441,83.3983,1149.93,65.3641,102.568,1264.07,71.6746,40.6231,1147.91,63.5403,66.426,1298.23,60.5041,-3.84783,1133.78,56.1726,36.3163,1240.85,74.2237,128.757,1240.07,76.9318,112.871,1234.96,70.9972,108.214,1265,70.0084,117.772,0,0,0
003978:1210.77,58.4038,162.1,1214.31,54.3614,162.631,1211.67,59.547,164.676,1214.56,50.2322,154.379,1208.89,61.5911,160.26,1190.31,50.7652,135.091,1200.68,71.8406,146.606,1151.11,51.993,123.433,1193.35,88.3302,159.857,1139.13,56.5542,110.486,1240.19,84.4696,164.525,1197.25,62.0411,91.982,1202.14,76.2326,95.0427,1200.29,58.5078,55.6735,1205.37,74.2347,54.7242,1215.55,45.0805,16.0428,1191.43,64.281,23.2875,1245.95,75.2371,127.917,1238.1,79.3919,113.998,1237.67,73.2428,108.226,1254.13,72.5333,120.218,0,0,0
003979:1219.25,58.9627,160.926,1222.93,55.445,161.391,1215.77,59.9206,163.459,1218.52,51.5814,154.496,1192.11,58.5695,162.093,1210.78,52.8654,134.631,1179.19,68.4917,150.457,1202.22,60.4202,118.541,1183.21,87.2622,158.923,1201.53,67.0985,105.575,1246.19,84.936,159.914,1218.16,64.0111,91.3849,1193.09,73.865,99.4962,1225.52,61.4558,52.9545,1183.64,69.1268,62.0485,1251.17,51.6022,8.67895,1167.98,59.9899,29.8854,1246.42,76.1619,128.577,1234.3,81.4353,116.106,1239.54,75.9055,108.415,1258.48,74.277,119.173,0,0,0
003980:1203.43,58.8259,161.352,1207.77,55.1322,161.557,1206.34,59.37,163.296,1211.33,50.6343,153.448,1202.48,59.218,159.425,1199.33,52.3803,134.998,1188.81,69.2325,148.594,1202.25,59.904,118.493,1189.48,87.5072,159.59,1207.29,69.2646,105.367,1235.4,86.1291,165.395,1204.75,63.8281,94.8343,1197.83,74.9533,99.8492,1209.12,61.0377,57.0336,1191.47,69.7404,61.4025,1227.67,51.649,13.9867,1186.63,59.8058,27.0517,1247.27,78.3147,129.342,1227.37,81.1133,123.806,1251.67,80.3301,107.091,1264.22,77.1696,118.139,0,0,0
003981:1201.22,57.4336,162.615,1203.03,53.5385,163.622,1205.35,58.8507,164.579,1205.14,49.1582,156.192,1217.82,61.2609,158.031,1187.92,49.7394,137.723,1199.62,70.8011,147.957,1160.08,52.8149,123.223,1191.11,87.7746,160.438,1151.13,58.5691,109.167,1233.44,86.1148,168.197,1186.61,60.8791,97.2685,1204.13,74.3375,97.2169,1168.17,60.9866,65.3765,1242.95,69.4642,48.3073,1155.75,54.1199,31.9834,1276.32,58.2616,4.9718,1248.8,79.4445,129.975,1231.18,83.5667,124.202,1256.78,83.3372,107.573,1257.27,79.2427,120.4,0,0,0
003982:1215.57,59.6069,159.842,1219.16,55.9062,160.472,1215.58,60.1688,162.311,1220.21,50.5295,152.991,1206.9,59.9194,159.325,1191.08,49.8277,136.61,1195.48,69.5331,148.69,1155.72,51.4683,123.861,1190.17,87.4829,162.842,1144.99,56.7699,108.779,1243.7,85.2579,168.764,1193.18,61.7906,98.0951,1193.05,75.0128,102.214,1204.53,57.8283,59.1955,1195.5,72.622,61.5681,1213.53,46.2614,18.1536,1182.88,63.1654,29.2568,1246.64,80.6774,131.737,1234.37,85.8183,126.179,1253.56,84.3621,109.615,1251.72,79.8577,121.795,0,0,0
003983:1208.18,58.3044,160.944,1213.47,54.6315,161.183,1206.78,59.0506,163.864,1215.23,49.923,153.798,1196.95,59.6354,161.43,1198.07,48.3379,135.895,1189.09,69.3136,149.085,1166.7,49.4972,121.943,1191.54,86.1384,160.754,1148.1,55.5503,109.409,1230.79,85.8016,170.736,1199.93,61.0006,95.8843,1190.39,75.0608,101.588,1207.82,58,58.3277,1192,73.2051,62.4633,1223.2,46.8562,18.1455,1183.84,64.3277,28.4966,1244.49,81.9039,133.529,1236.39,87.5637,128.039,1253.37,86.0112,110.902,1247.14,80.3676,122.996,0,0,0
003984:1200.43,54.9237,162.956,1206.62,51.5173,162.985,1200.86,56.2002,165.438,1209.73,48.4245,155.165,1202,59.7528,160.831,1189.8,48.5468,138.019,1196.61,70.2249,147.724,1157.41,50.6987,124.004,1197.02,86.0658,158.562,1145.93,56.8868,111.016,1219.93,85.0919,172.186,1192.68,59.5141,96.7693,1193.78,74.4623,99.7241,1206.62,56.7688,57.8543,1199.82,72.5973,58.9688,1221.93,46.8914,17.7791,1190.23,65.3285,26.4391,1248.56,84.0654,135.08,1240.39,89.1167,130.028,1259.37,88.7157,115.12,1245.99,82.1071,124.336,0,0,0
003985:1201.68,53.0831,163.365,1206.09,49.5007,164.088,1203.92,55.0268,166.352,1209.06,47.393,156.933,1207.77,60.5738,162.448,1187.24,48.2844,137.806,1201.57,71.4007,148.037,1151.14,48.896,123.692,1191.33,86.2862,159.222,1144.9,56.2149,112.934,1217.24,84.7214,170.026,1187.22,58.2072,95.1282,1193.51,74.0886,97.7274,1201.08,55.8796,56.6302,1210.53,74.7963,55.2803,1207.18,45.3604,19.5575,1198.99,67.3568,22.885,1249.57,85.6077,137.048,1244.11,90.0577,131.65,1255.19,89.2036,118.016,1248.39,82.5206,125.307,0,0,0
003986:1197.02,53.5844,165.817,1204.38,49.777,165.948,1200.62,55.044,168.002,1218.73,46.5191,155.776,1211.72,59.6952,161.581,1196.16,47.4142,136.571,1208.49,71.0574,147.942,1146.96,48.9411,124.606,1196.8,87.0812,161.809,1137.15,55.0028,109.853,1224.83,84.9586,171.873,1187.41,58.488,97.7691,1191.29,74.7383,101.173,1202.43,54.9325,58.4067,1202.91,75.7435,57.7719,1211.21,44.0392,18.0197,1207.72,66.907,21.0567,1249.68,87.2507,139.313,1247.76,91.3103,132.654,1254.63,89.6128,119.21,1244.31,83.3276,128.002,0,0,0
003987:1193.48,55.5676,164.796,1200.03,51.4985,165.047,1197.5,56.6316,167.331,1212.09,47.3682,156.08,1204.91,60.198,162.585,1191.08,47.6158,137.016,1206.6,69.179,146.423,1145.03,48.8061,124.18,1209.89,82.914,150.629,1138.8,54.8381,110.839,1216.71,85.8094,162.02,1193.09,58.8315,94.7883,1198.51,73.9417,98.1992,1208.93,56.542,55.4512,1216.25,75.3378,56.978,1225.26,44.2555,16.435,1207.28,68.1179,22.592,1249.83,88.5873,142.013,1253.38,92.9975,132.933,1252.18,90.2155,120.762,1242.28,84.2419,130.574,0,0,0
003988:1193.04,55.035,165.263,1197.13,51.1576,165.81,1198.75,55.9954,167.205,1209.99,46.905,156.57,1212.71,59.0436,160.888,1191.57,47.3526,137.428,1200.31,69.7189,149.337,1145.71,48.4691,123.971,1186.24,85.3284,160.854,1134.1,54.7924,111.393,1220.39,85.9747,169.689,1188.33,59.8692,98.6781,1192.01,74.971,102.408,1210.53,56.1317,57.2894,1208.66,75.5863,57.6834,1210.01,45.8268,18.4527,1206.37,67.9995,22.8092,1242.99,89.3662,145.392,1256.97,94.2615,133.639,1254.59,90.9492,121.411,1241.94,85.2628,131.871,0,0,0
003989:1188.5,56.2243,164.762,1192.9,52.0016,165.382,1194.61,57.0579,166.79,1206.57,46.9086,156.243,1208.72,59.6508,160.864,1188.14,46.9332,137.275,1210.29,68.5401,145.947,1146.28,48.1002,123.386,1213.66,83.1919,152.067,1144.26,53.6959,109.715,1225.11,85.7942,164.456,1188.67,59.0065,95.6708,1199.39,74.11,98.0762,1204.5,56.2785,55.9642,1218.06,75.3414,55.6079,1217.73,43.855,17.215,1211.77,67.4812,20.6916,1240.61,89.6601,147.168,1263.01,96.5904,134.593,1252.96,93.0936,124.393,1243.89,87.0112,133.471,0,0,0
003990:1199.88,53.9345,163.88,1203.5,49.7745,164.559,1203.38,55.2935,166.355,1207.77,45.8359,156.758,1210.79,58.975,161.291,1189.76,46.9601,138.03,1202.25,68.616,148.568,1161.79,49.9741,122.533,1196.38,83.0865,158.656,1169.85,59.2603,110.128,1202.63,85.6039,172.446,1189.76,58.4712,97.4554,1196.82,73.7282,100.266,1207.17,55.4515,57.731,1212.43,75.7855,57.1545,1218.15,44.7241,16.5414,1209.17,68.9753,20.8772,1236.89,91.1678,153.388,1255.26,97.8481,141.817,1257.63,95.6051,127.643,1241.54,89.9627,139.864,0,0,0
003991:1197.34,53.1048,163.264,1203.02,49.0891,163.463,1203.07,54.089,165.545,1213.56,45.2503,155.115,1212.64,57.8903,161.072,1191.75,45.7082,137.37,1203.39,68.5925,148.848,1152.49,46.4248,123.671,1208.36,82.2144,155.228,1149.84,52.4601,110.603,1206.84,85.1149,168.868,1189.05,57.7496,96.9326,1192.77,73.8223,101.079,1204.25,54.1748,57.5067,1208.44,75.5067,59.011,1221.21,43.4647,16.9583,1213.05,68.67,20.7961,1236.1,91.2645,153.974,1258.11,98.8135,140.098,1259.55,96.146,130.119,1240.83,90.0602,140.763,0,0,0
003992:1200.5,52.9435,162.607,1204.96,48.9718,162.963,1205.42,54.3498,165.12,1208.35,46.1704,155.643,1213.88,58.7983,160.859,1191.94,46.1026,137.522,1201.62,69.8098,149.689,1157.17,45.2026,123.04,1200.46,84.0752,161.385,1138.02,52.1857,112.097,1211.16,85.1274,177.291,1191.06,57.2191,97.3939,1195.52,73.5313,100.972,1204.65,54.0529,58.0051,1212.45,75.7033,57.3619,1215.64,45.1256,16.8121,1212.85,70.6344,19.5706,1234.78,91.4596,156.011,1256.23,98.7925,144.1,1259.67,96.8757,133.234,1241.48,90.0766,142.797,0,0,0
003993:1204.51,51.5842,162.378,1209.03,47.9325,162.989,1206.64,53.31,165.126,1213.47,45.5695,155.512,1210.17,58.6303,161.097,1196.77,45.9915,137.28,1196.68,69.0873,149.816,1155.67,46.4523,123.616,1183.69,82.1015,161.097,1147.97,54.2399,111.48,1194.56,84.0571,173.883,1195.42,56.7412,96.1159,1192.22,72.957,100.817,1211.43,53.9525,56.6407,1211.26,75.7034,56.9266,1216.55,44.6994,16.8224,1213.9,70.0203,19.6019,1232.26,92.1571,160.144,1263.44,100.822,149.631,1266.31,98.9043,136.641,1242.46,90.0911,146.058,0,0,0
003994:1202,51.162,163.564,1207.16,47.0969,163.874,1205.45,52.7612,166.394,1215.46,44.1003,155.619,1209.28,57.8689,162.786,1204.77,45.1337,135.317,1195.84,67.5595,150.783,1155.9,47.4169,121.275,1197.83,81.8822,154.952,1139.55,52.3,110.149,1214.96,87.41,163.488,1198.82,56.9563,95.7946,1188.02,72.7541,103.234,1216.07,53.8535,54.7701,1209.26,74.8497,59.5529,1221.3,43.6836,19.4845,1209.67,69.1272,22.8363,1232.27,93.5811,165.463,1252.46,101.398,156.574,1271.1,101.858,143.245,1241.72,90.2946,150.129,0,0,0
003995:1192.08,51.404,164.222,1195.39,47.9226,165.093,1198.79,52.4228,166.251,1207.45,45.2657,156.95,1218.05,56.1256,160.12,1196.84,45.9729,136.842,1210.46,65.834,147.337,1158.96,45.8681,120.895,1201.32,80.6132,154.282,1144,52.7421,110.695,1231.09,85.6233,165.018,1194.08,58.0937,94.5934,1202.88,71.7004,97.5207,1197.22,56.716,57.3776,1230.71,72.39,52.5811,1200.04,46.6437,20.8052,1225.87,66.1906,16.9682,1232.33,93.9917,168.54,1251.98,103.535,163.28,1268.43,102.647,150.909,1242.08,90.4111,154.51,0,0,0
003996:1192.04,51.066,164.248,1196.96,47.2311,164.499,1197.04,52.2076,166.617,1204.49,44.5333,156.332,1209.69,56.6382,161.46,1189.71,45.6294,137.589,1199.75,67.8437,149.925,1155.65,46.1025,121.356,1197.87,83.3131,161.119,1139.13,52.425,108.974,1206.12,86.991,177.949,1188.86,57.6286,97.9005,1193.18,73.0398,101.679,1206.6,54.5493,57.4769,1205.11,75.5305,59.4423,1216.22,44.8987,17.608,1204.6,69.82,23.7825,1234.3,94.2152,171.631,1250.09,103.305,170.477,1267.35,102.941,157.325,1243.09,90.5413,160.949,0,0,0
003997:1197.02,49.7685,162.733,1202.32,45.9663,163.137,1200.57,50.9712,165.501,1213.04,43.2153,155.058,1211.23,55.901,161.168,1198.17,44.7415,136.23,1201.13,67.1421,149.249,1157.67,46.1731,120.396,1208.15,80.6376,152.545,1146.27,52.0126,107.95,1219.45,83.404,162.618,1195.64,57.0172,95.0454,1193.2,72.8709,100.388,1215.64,53.9102,53.92,1209.84,74.9632,57.7252,1219.79,44.4843,17.7073,1207.15,68.9958,22.7828,1235.53,94.2282,175.791,1257.62,102.808,175.706,1267.03,102.834,163.142,1246,90.9771,163.548,0,0,0
003998:1199.86,50.7904,160.949,1205.56,47.3849,161.258,1201.77,51.9918,163.481,1211.74,44.1768,153.707,1207.39,55.8666,159.191,1198.54,44.4496,135.629,1192.3,66.68,149.771,1175.48,44.3229,119.281,1189.58,80.7695,162.914,1152.81,50.8465,108.664,1207.06,81.1576,177.751,1196.1,56.431,97.0891,1190.17,71.8362,102.384,1218.55,54.2778,56.1848,1200.98,73.7011,59.6097,1225.5,45.6551,15.4693,1204.15,68.2405,23.2103,1235.59,93.4242,179.991,1264.75,101.378,180.327,1263.26,101.756,168.48,1254.52,92.4772,167.199,0,0,0
003999:1193.37,50.5012,162.319,1198.94,46.9551,162.844,1197.82,51.5316,164.463,1208.25,43.2275,155.561,1208.39,55.7654,159.92,1190.57,44.0233,137.852,1200.32,66.895,149.61,1156.44,45.5132,121.685,1201.97,82.4262,159.868,1139.86,51.1195,106.657,1194.98,83.5772,174.481,1188.45,55.7817,100.003,1191.92,72.0558,103.954,1217.68,53.1491,55.7798,1210.24,74.7587,58.3661,1230.14,44.2788,13.6905,1214.62,69.7626,19.3155,1236.21,92.5266,182.856,1270.62,99.0969,184.79,1265.65,101.376,173.409,1261.8,93.4651,170.338,0,0,0
004000:1202.91,50.6529,162.239,1206.82,46.8299,162.931,1204.25,52.2491,164.921,1211.98,42.765,155.521,1205.22,56.6035,161.223,1196.8,43.7303,136.206,1189.15,66.3784,150.675,1164.13,46.2553,120.835,1193.56,80.6667,159.956,1145.3,50.9477,107.344,1199.88,82.4147,172.328,1195.4,55.8087,96.2368,1186.75,72.0679,102.504,1222.75,52.9217,52.866,1205.32,74.0979,57.1054,1228.05,44.272,14.0459,1205.69,69.8677,20.4476,1236.85,91.3284,185.998,1266.49,96.7954,190.033,1280.6,101.284,181.908,1263.61,93.4845,176.456,0,0,0
004001:1202.11,50.8366,162.777,1208.52,46.7726,163.133,1202.85,52.3585,165.641,1217.97,42.0531,154.498,1203.98,56.1843,161.49,1203.46,42.3066,135.179,1193.83,65.5548,149.333,1170.88,45.0088,122.344,1202.41,80.2759,156.178,1154.25,50.2751,112.27,1210.13,81.6591,167.268,1197.63,55.3919,96.3414,1187.3,72.08,103.138,1223.18,52.3275,51.292,1201.86,74.9422,59.0031,1229.3,44.13,13.3399,1204.36,71.1269,22.1682,1233.42,90.6145,191.318,1270.36,95.9201,193.465,1260.36,97.8625,195.384,1222.18,96.1434,194.048,1181.74,85.546,270.121
004002:1199.79,51.3868,161.24,1206.4,47.5364,161.552,1202.26,52.5744,163.803,1216.17,42.995,153.567,1203.48,55.805,160.398,1200.28,43.1402,134.72,1189.6,65.373,149.766,1171.11,44.6916,119.475,1201.45,79.5242,157.75,1143.86,50.4721,108.441,1209.79,81.798,170.799,1198.17,55.8772,95.5705,1187.83,71.8922,102.575,1223.77,52.8847,52.7777,1205.52,75.3432,58.9596,1227.47,44.8364,16.1809,1211.78,71.9582,22.1219,1226.39,90.279,197.192,1276,95.4728,195.508,1258.19,97.0346,202.07,1216.31,96.0964,203.055,1180.96,85.5338,267.645
004003:1205.24,51.6225,158.521,1209.93,47.6928,159.015,1208.5,52.6815,160.88,1216.4,42.918,151.465,1212.26,55.589,156.952,1200.54,42.1935,133.079,1194.65,65.2103,147.602,1161.85,44.7687,118.547,1202.21,79.9193,156.511,1139.16,51.5396,107.636,1208.39,81.9827,170.833,1196.49,55.6573,95.7294,1188.51,72.1313,102.283,1222.69,52.7086,53.1543,1207.22,74.6671,57.7589,1223.72,45.7684,19.6348,1208.78,71.1797,23.2755,1212.9,90.407,206.116,1234.69,86.0352,206.016,1257.15,95.8109,209.564,1215.01,96.4859,210.994,1180.57,85.5277,266.407
004004:1209.34,52.5426,157.961,1213.69,48.3779,158.383,1210.78,53.6353,160.608,1216.29,43.0968,151.453,1208.78,56.1808,157.836,1195.12,43.0454,135.311,1190.36,64.9973,150.64,1163.03,44.8441,121.222,1184.98,80.6457,167.318,1137.24,51.8054,108.286,1184.31,83.7094,187.09,1196.99,55.9629,96.9015,1191.33,71.7303,103.181,1228.19,52.8355,53.0365,1210.74,75.1044,56.7931,1217.23,47.1531,22.3285,1217.86,71.8074,25.5049,1200.8,89.1498,213.908,1230.48,84.5339,212.625,1249.94,95.5557,218.439,1214.94,96.6892,216.812,1179.79,85.5155,263.931
004005:1200.83,51.4374,157.258,1205.78,47.5938,157.965,1203.38,52.5416,159.819,1214.19,42.8146,151.199,1210.1,55.8483,156.291,1198.85,42.4023,134.512,1199.22,64.9761,147.749,1168.69,44.133,119.792,1196.26,79.7311,159.208,1152.27,50.9358,105.558,1193.76,81.7528,171.084,1191.9,55.2086,97.8554,1190.62,71.404,103.069,1221.26,52.2148,53.5174,1207.96,75.2731,58.1972,1223.94,45.9505,24.0246,1221.62,71.5039,26.407,1195.53,88.3387,218.746,1225.73,83.438,220.24,1237.07,94.0379,228.753,1218.77,97.2294,225.967,1183.53,85.0544,262.188
004006:1198,49.1659,157.436,1201.83,45.6385,158.458,1198.62,50.7014,160.301,1209.89,41.6473,152.417,1205.51,55.059,157.122,1202.81,41.154,134.875,1199.04,64.4968,148.212,1176.82,42.5181,119.541,1191.75,79.2581,160.64,1156.3,50.1746,106.584,1188.37,80.9816,173.534,1192.92,54.5933,98.0992,1188.56,71.4396,103.694,1219.56,52.2891,54.3052,1205.61,76.5197,58.9951,1224.55,46.9834,24.144,1214.22,75.1537,28.452,1194.76,87.655,222.933,1222.85,82.1594,227.646,1234.01,92.4202,235.959,1231.54,98.3809,232.267,1182.76,85.0423,259.705
004007:1202.53,49.7871,158.661,1206.25,46.2763,159.359,1203.97,50.9991,161.179,1212.14,42.198,152.932,1209.32,54.5172,157.664,1201.52,41.3532,135.661,1199.72,63.8722,149.12,1178.18,42.7036,119.37,1190.81,79.1205,162.726,1157.54,50.3942,103.672,1182.58,81.9435,176.483,1192.13,54.8134,97.9738,1189.38,71.0029,103.476,1217.81,52.5866,56.2086,1207.34,75.6066,60.1388,1214.49,47.1759,30.5627,1207.61,74.1944,33.6381,1198.33,87.0947,226.022,1223.28,80.7922,233.354,1237.84,90.9612,240.279,1232.84,99.2946,235.787,1190.12,85.4276,256.203
004008:1203.14,49.6081,160.347,1206.75,46.144,160.958,1201.87,51.2295,163.125,1212.78,42.2497,153.033,1203.84,54.822,158.63,1202.42,41.5309,133.456,1198.1,63.5849,149.496,1171.43,43.1455,118.734,1189.34,79.5425,167.892,1151.14,49.9219,105.33,1176.31,84.1714,185.375,1192.73,55.249,96.1579,1189.64,70.9574,102.525,1216.32,53.4097,57.253,1214.22,75.9188,58.6909,1195.73,48.9226,36.5513,1213.48,74.4259,33.8417,1202.77,86.7323,228.728,1215.42,78.4202,237.714,1238.03,89.5747,245.219,1224.21,98.097,239.915,1185.53,84.5621,254.833
004009:1209.63,50.0108,156.404,1212.75,46.3424,157.5,1209.08,51.6157,159.443,1216.59,41.8973,151.383,1209.54,55.137,156.557,1196.55,42.1117,135.005,1196.12,63.39,149.15,1170.58,44.0595,120.901,1183.73,79.1623,167.096,1161.68,49.9028,104.964,1186.44,81.9619,179.162,1189.8,55.0831,97.9694,1189.65,70.5903,103.165,1221.3,52.3915,59.855,1212.61,76.4354,62.2146,1204.42,48.6616,36.4027,1216.03,76.243,35.3231,1201.77,86.3434,231.87,1208.93,76.8643,242.352,1233.65,88.0663,250.967,1209.68,95.6684,243.708,1188.95,85.4095,252.461
004010:1213.72,51.4902,156.465,1215.97,47.7542,157.702,1212.65,52.6882,159.422,1218.29,42.5454,151.51,1208.82,54.7603,156.738,1198.95,41.9487,134.091,1192.72,62.2201,149.566,1172.97,44.7233,118.431,1189.21,77.6922,166.157,1159.13,52.9021,101.384,1189.54,82.8243,180.159,1194.92,55.5385,97.7806,1189.72,70.473,104.427,1232.94,53.2196,56.5537,1214.21,76.319,61.303,1210.39,48.9772,35.9355,1210.09,75.6891,38.3525,1186.76,85.4116,233.056,1193.98,76.78,245.031,1200.75,85.857,255.37,1183.88,94.1828,247.167,1188.35,85.3987,250.587
004011:1203.32,51.1488,158.899,1203.98,47.099,160.125,1203.99,52.5111,161.479,1206.9,43.7987,154.177,1211.61,54.107,157.388,1209.58,42.5544,132.569,1207.52,63.5545,146.613,1193.96,44.9714,110.496,1193.69,79.1027,166.042,1184.05,52.2399,93.537,1170.32,83.8195,191.307,1210.36,55.7335,91.7918,1206,69.9621,97.6015,1217.82,53.3627,52.2685,1216.03,76.8996,54.8351,1226.52,46.7493,13.7249,1219.56,76.6571,17.0179,1175.1,84.4495,220.054,1197.76,79.5003,221.305,1187.29,84.9236,231.387,1168.77,90.627,229.471,1176.64,82.8513,252.742
004012:1203.15,51.1489,158.258,1203.81,47.099,159.483,1208.1,51.958,160.059,1211.02,43.2223,152.736,1211.44,54.107,156.744,1209.41,42.5548,131.921,1207.52,63.5545,146.613,1202.26,45.1845,108.044,1189.99,78.2533,168.042,1188.46,51.6843,93.2298,1166.72,82.9691,193.204,1210.19,55.7346,91.1391,1210.22,70.815,96.6773,1213.17,52.546,52.0019,1211.59,76.0254,55.2173,1222.23,47.343,15.5846,1219.56,76.6571,17.0179,1122.43,72.8942,231.587,1120.7,64.5049,235.604,1101.14,67.4579,248.945,1102.61,76.9883,245.041,1161.01,79.5031,254.746
004013:1202.94,51.1434,157.619,1203.98,47.099,160.125,1203.78,52.5056,160.84,1206.52,43.7932,152.893,1211.12,55.459,156.122,1209.41,42.5548,131.921,1207.52,63.5545,146.613,1202.26,45.1845,108.044,1185.72,77.397,168.132,1188.63,51.6832,93.8748,1170.08,82.4947,190.025,1210.36,55.7335,91.7918,1205.85,71.3267,97.6346,1213.17,52.546,52.0019,1207.34,76.5255,56.9481,1226.35,46.7515,13.0534,1215.24,77.1603,18.8713,1180.97,85.3058,226.294,1191.95,79.1327,231.256,1185.5,86.6955,241.3,1178.47,93.6622,235.779,1147,76.2376,260.968
004014:1202.94,51.1434,157.619,1203.6,47.0935,158.845,1203.6,52.5056,160.199,1206.52,43.7932,152.893,1211.12,55.459,156.122,1209.23,42.5552,131.273,1207.32,63.5488,145.97,1198.06,44.3983,108.94,1185.34,77.3918,166.867,1184.33,50.8867,94.1561,1174.21,82.0287,189.333,1214.57,55.1812,90.1655,1214.44,70.3021,95.063,1212.76,52.5324,50.6877,1206.76,76.5143,54.9803,1230.66,46.1548,11.1822,1214.87,77.1561,17.543,1156.65,81.5216,227.855,1158.9,73.7584,232.014,1153.31,79.9238,243.046,1154.43,88.4808,237.157,1140.12,73.3455,263.712
004015:1202.94,51.1434,157.619,1203.6,47.0935,158.845,1203.6,52.5056,160.199,1210.64,43.2167,151.448,1206.71,54.6448,156.251,1213.56,41.9725,130.414,1203.14,62.7214,146.763,1202.35,43.8214,108.025,1189.56,76.9071,166.108,1184.22,52.2387,94.1803,1170.25,81.1799,189.996,1214.57,55.1812,90.1655,1210.2,69.4481,95.9938,1212.96,52.5392,51.3449,1206.97,76.521,55.6369,1226.35,46.7515,13.0534,1219.6,78.0562,17.7305,1156.4,80.2154,226.595,1154.59,72.9282,231.332,1152.82,78.6151,241.176,1158.19,86.7291,235.324,1122.97,69.3944,270.816
004428:42.7735,-170.992,4.09561
