009956:1155.22,168.198,159.934,1157.21,163.828,160.458,1161.56,168.704,160.81,1159.48,156.781,152.443,1169.63,169.173,154.056,1152.97,160.479,136.391,1157.83,170.157,143.558,1139.24,173.244,165.036,1182.32,141.953,110.357,1123.05,174.395,179.712,1171.83,152.973,136.624,1158.96,157.439,93.9091,1165.31,176.591,91.0232,1158.94,160.181,45.827,1167.28,188.151,50.7936,1141.58,138.414,19.0903,1188.52,190.602,8.6625,1191.23,160.196,168.03,1187.3,150.873,179.026,1188.88,159.081,192.572,1199.79,166.948,179.363,0,0,0
009957:1155.04,168.444,158.873,1156.55,164.538,159.89,1159.5,168.757,160.396,1161.47,158.062,152.178,1165.81,168.403,154.767,1153.32,159.092,133.71,1155.37,170.092,145.35,1129.84,171.644,165.258,1191.4,144.477,109.336,1129.26,176.793,181.784,1181.3,154.514,134.611,1161.65,158.535,92.2132,1171.46,177.8,89.1488,1147.89,160.11,47.2101,1163.7,186.72,52.1635,1132.81,138.391,22.0407,1178.04,190.6,12.4896,1194.82,159.737,168.348,1185.54,150.488,178.424,1196.66,157.841,190.753,1198.42,166.237,178.95,0,0,0
009958:1156.68,168.898,160.631,1162.5,164.643,160.239,1159.14,168.681,162.538,1164.56,157.853,151.863,1158.16,167.246,157.122,1151.45,160.347,137.104,1145.19,168.256,147.774,1140.63,175.06,161.853,1182.18,143.11,110.991,1131.19,177.651,181.263,1183.12,153.991,135.263,1163.8,159.422,91.5536,1163.89,177.948,91.4119,1147.86,160.681,47.7703,1171.4,187.722,49.4247,1143.84,136.646,16.8238,1178.39,190.879,11.9729,1194.84,159.215,168.35,1185.6,150.489,178.604,1194.07,156.812,190.688,1194.96,165.292,180.022,0,0,0
009959:1156.6,169.621,159.519,1160.67,165.476,159.309,1160.25,168.864,161.017,1161.61,158.731,151.308,1151.67,164.218,157.639,1155.49,162.011,136.626,1149.76,168.199,145.629,1138.5,174.576,164.74,1186.87,143.609,110.907,1124.56,176.892,183.461,1184.94,153.588,134.147,1161.74,158.665,90.6749,1163.18,177.86,90.1027,1144.16,161.27,48.0559,1167.56,186.897,51.8095,1149.4,141.262,17.9514,1178.41,191.05,12.7858,1193.19,157.765,168.138,1189.11,150.237,177.616,1191.7,156.228,190.707,1193.17,163.215,180.697,0,0,0
009960:1153.77,169.572,158.548,1158.29,165.622,158.455,1153.86,168.485,160.637,1160.68,158.285,150.843,1150.28,164.06,155.936,1160.14,164.406,136.66,1155.06,172.226,145.172,1134.4,175.313,164.451,1191.06,144.271,111.169,1130.78,176.63,181.965,1189.09,155.379,131.81,1158.41,159.503,93.0937,1166.68,180.34,89.7667,1144.85,161.225,46.7394,1171.34,187.836,47.2662,1147.35,140.345,19.7849,1172.86,189.457,15.1618,1187.39,156.907,170.681,1186.59,148.331,179.315,1193.03,156.18,191.825,1194.45,163.142,180.67,0,0,0
009961:1144.82,167.337,159.841,1146.53,163.37,160.737,1153.83,168.276,160.778,1152.63,157.631,152.959,1169.9,169.439,153.784,1143.91,160.575,137.432,1147.77,170.596,145.701,1132.33,174.495,164.051,1186.78,145.137,110.803,1131.28,178.437,179.201,1178.76,153.381,133.135,1170.97,162.039,88.4506,1173.5,181.034,87.6303,1152.87,162.134,44.859,1167.6,187.649,50.0378,1141.04,138.839,19.9872,1181.48,191.372,9.64061,1198.86,157.696,168.976,1186.16,147.903,181.342,1196.79,155.932,191.06,1198.46,163.674,181.699,0,0,0
009962:1153.43,170.952,158.143,1153.31,166.15,159.095,1157.16,170.495,159.982,1154.71,157.867,151.808,1165.09,169.095,154.209,1151.91,161.541,134.503,1145.51,170.731,144.105,1133.95,175.924,162.767,1182.04,143.104,110.55,1129.43,178.04,177.897,1190.89,156.317,133.536,1164.64,161.435,92.1075,1164.22,179.217,92.0972,1149.76,162.903,44.7691,1173.3,190.296,46.5167,1132.38,136.651,22.063,1191.84,193.052,5.70117,1197.08,157.278,168.727,1185.81,146.898,181.434,1196.62,155.227,191.755,1192.14,161.851,182.41,0,0,0
009963:1160.57,170.779,157.242,1161.65,165.915,157.892,1163.63,170.451,159.418,1161.16,158.114,150.596,1165.6,169.114,154.69,1161.36,163.727,132.166,1153.52,173.519,142.883,1124.33,174.257,162.79,1185.92,145.486,111.758,1126.12,177.714,178.329,1183.37,154.186,133.327,1161.72,161.617,92.278,1169.83,179.43,89.7299,1148.99,162.012,45.9339,1171.16,189.379,48.3251,1137.58,137.304,21.605,1183.44,192.286,9.67054,1196.81,156.263,169.056,1190.7,146.571,181.095,1202.8,152.624,190.966,1199.21,160.695,181.738,0,0,0
009964:1154.34,171.941,158.454,1154.78,166.936,158.716,1157.5,171.203,160.157,1158.81,159.361,149.541,1162.5,169.717,153.985,1160.1,164.872,134.317,1157.8,173.31,143.325,1130.75,174.503,162.384,1188.61,145.828,111.622,1130.39,177.752,177.243,1191.47,156.259,131.971,1156.19,162.164,90.9537,1166.19,179.578,88.3842,1152.06,164.993,45.2038,1171.3,190.364,47.4514,1135.46,137.975,22.303,1186.13,192.819,6.76963,1197.29,155.996,169.983,1189.1,145.347,180.013,1194.38,152.466,192.711,1199.11,160.695,181.383,0,0,0
009965:1156.03,170.575,158.293,1156.31,166.151,159.209,1157.33,170.549,160.447,1161.68,159.73,151.109,1156.59,169.542,155.719,1161.13,164.018,132.856,1155.11,173.698,142.919,1131.68,174.535,161.277,1177.26,144.277,112.819,1121.73,176.497,178.787,1190.1,156.32,130.742,1158.47,161.79,91.3529,1170.57,182.47,88.8664,1151.05,164.094,45.6057,1166.64,190.061,49.1152,1139.22,139.289,20.5696,1179.23,192.538,10.2526,1197.61,154.916,169.063,1187.51,144.673,178.785,1192.33,150.41,193.116,1199.6,160.786,181.806,0,0,0
009966:1155.2,170.985,158.711,1160.4,166.823,158.436,1158.11,170.917,160.478,1166.72,160.524,148.868,1160.33,171.097,154.641,1156.13,163.564,134.247,1154.47,174.827,141.73,1132.46,176.54,161.35,1187.05,146.077,111.567,1125.76,178.36,176.473,1203.9,158.662,127.623,1162.41,163.094,91.2121,1166.65,181.633,89.9509,1151.02,164.066,45.8838,1161.71,191.075,48.9803,1141.52,139.551,20.2317,1175.25,191.68,10.4932,1195.6,154.014,169.765,1192.5,144.364,179.444,1186.99,148.696,194.7,1197.78,159.095,182.568,0,0,0
009967:1155.88,172.078,156.429,1158.91,167.766,157.058,1159.41,171.98,158.356,1164.42,160.35,149.365,1162.75,170.368,153.19,1165.77,165.552,133.385,1155.98,173.896,142.339,1134.08,176.316,158.13,1185.54,143.923,110.728,1128.77,178.903,176.077,1188.79,155.561,128.158,1158.22,162.045,91.1515,1163.04,181.284,89.2923,1149.48,165.62,44.551,1173.55,190.775,45.1746,1141.2,139.752,20.6475,1174.95,191.389,12.3057,1196.27,153.318,169.615,1187.85,142.866,180.686,1194.2,147.657,192.88,1195.45,157.317,184.225,0,0,0
009968:1163.32,173.693,155.365,1166.72,168.932,155.892,1165.6,173.656,157.576,1167.14,160.602,148.648,1166.51,172.774,153.005,1145.53,163.281,134.774,1155.52,174.782,141.12,1130.27,175.425,160.446,1180.4,146.555,112.963,1125.43,178.956,175.331,1184.77,155.119,129.264,1159.78,164.014,90.6182,1168.58,182.816,88.2087,1152.19,165.7,44.3711,1170.45,192.699,45.7732,1141.7,139.878,20.5117,1177.3,191.773,11.2207,1193.66,152.334,170.208,1184.94,141.738,178.437,1193.02,147.42,192.189,1205.37,156.661,181.832,0,0,0
009969:1158.68,171.995,157.816,1163.1,167.161,157.32,1163.27,172.068,159.031,1161.09,159.471,148.94,1165.92,171.151,152.446,1157.66,167.303,134.274,1158.86,176.267,141.101,1130.65,177.052,160.12,1199.1,148.485,109.149,1124.35,178.872,176.501,1197.01,157.657,126.868,1162.57,163.578,89.313,1162.83,183.091,89.2283,1151.03,166.964,44.2262,1165.08,192.174,46.8049,1138.6,139.407,21.1129,1188.63,191.978,5.45129,1198.91,151.202,169.409,1187.78,140.489,178.017,1196.67,147.164,191.591,1193.51,155.221,183.462,0,0,0
009970:1149.2,172.768,157.553,1159.38,167.829,157.903,1154,172.891,159.452,1164.53,161.63,148.594,1164.58,172.016,153.384,1171.89,166.946,130.086,1168.74,176.509,139.074,1138.17,179.854,157.682,1191.95,147.387,109.441,1125.99,179.183,174.376,1200.99,157.677,127.1,1166.94,166.114,86.4438,1173.27,184.102,85.0628,1153.46,166.713,43.3443,1164.94,192.551,46.0781,1142.11,140.352,19.4637,1178.47,191.071,8.08671,1197.44,150.521,169.668,1188.41,139.701,180.324,1200.63,144.661,190.366,1194.67,155.139,183.075,0,0,0
009971:1158.49,174.229,155.926,1163.68,170.411,155.808,1161.81,173.563,157.559,1171.1,163.128,147.451,1167.93,170.379,151.81,1161.02,166.822,132.187,1150.78,176.191,142.337,1136.23,177.927,156.405,1188.19,147.113,109.42,1124.49,178.237,173.671,1202.38,158.1,125.879,1161.71,165.436,90.388,1173.82,186.162,86.7945,1148.79,167.57,45.0317,1169.76,192.409,42.7843,1139.77,139.41,20.6583,1181.9,190.4,10.8337,1197,149.505,169.48,1190.96,139.215,177.88,1192.91,142.291,192.384,1201.82,154.432,181.819,0,0,0
009972:1159.08,174.764,154.587,1158.42,169.399,155.036,1161.67,173.898,156.573,1157.49,161.078,147.199,1166.09,171.846,151.176,1151.94,165.037,132.121,1159.81,176.682,138.9,1134.96,178.486,156.467,1185.15,146.563,111.395,1127.06,179.707,171.403,1200.81,156.655,127.728,1167.22,166.648,88.5901,1174.25,185.366,86.4288,1151.78,169.016,44.0776,1161,193.586,46.7074,1148.64,140.464,17.9953,1190.92,190.754,5.48745,1194.76,148.623,170.007,1187.91,137.365,178.436,1193.02,140.838,192.621,1198.78,152.327,183.718,0,0,0
009973:1160.2,174.288,154.78,1159.26,169.47,156.079,1164.6,174.491,156.661,1163.62,161.884,148.544,1172.31,173.9,150.899,1168.63,168.177,131.334,1161.86,178.108,139.275,1134.67,179.723,155.046,1193.9,146.978,108.601,1125.75,179.953,171.361,1202.46,157.556,125.036,1162.11,166.389,87.1051,1177.16,187.26,82.817,1151.55,168.682,43.6021,1163.23,193.987,45.2689,1147.02,140.644,18.7416,1196.53,190.338,5.09017,1190.07,146.877,169.8,1183.07,136.191,178.943,1199.06,140.355,190.429,1201.36,151.118,183.546,0,0,0
009974:1156.91,173.422,154.782,1162.11,169.604,155.176,1163.61,174.043,156.67,1168.55,163.697,147.767,1168.65,173.457,152.513,1157.17,164.085,132.016,1153.49,175.312,139.176,1134.98,178.683,153.982,1185.91,147.088,110.849,1130.14,181.606,169.258,1191.72,156.254,128.462,1163.82,165.797,88.4794,1169.76,185.043,86.8284,1156.73,170.785,41.2774,1180.48,197.211,42.4744,1154.53,145.007,16.9915,1193.16,193.699,7.7109,1198.27,147.345,168.609,1187.43,135.325,178.071,1196.79,138.292,189.856,1204.07,150.65,181.997,0,0,0
009975:1158.36,174.406,154.514,1164.22,170.692,154.939,1163.15,174.724,156.731,1171.94,163.998,147.856,1164.61,173.414,153.292,1161.79,165.547,130.95,1157.59,176.205,137.522,1134.99,180.798,153.959,1192.73,147.246,109.705,1124.25,181.326,171.566,1190.87,156.635,128.927,1161.44,166.696,89.0298,1175.25,186.324,85.4677,1156.24,171.583,41.3677,1175,195.342,43.9505,1156.66,144.327,16.2683,1180.18,190.347,13.0513,1197.45,146.074,168.898,1185.84,133.857,176.985,1199.17,137.359,188.717,1199.11,147.527,183.223,0,0,0
009976:1157.14,173.778,154.118,1162.63,169.957,154.532,1163.79,174.354,155.725,1168.6,163.749,147.612,1171.74,173.967,150.402,1169.01,167.261,128.396,1158.3,177.695,136.425,1137.75,178.827,152.945,1196.99,150.147,109.379,1127.04,181.134,167.728,1191.25,156.569,127.596,1167.9,168.884,86.9724,1173.39,186.4,85.4382,1143.72,169.219,44.8537,1169.79,195.318,44.4357,1146.65,140.624,18.0051,1166.66,189.345,15.0206,1191.18,143.939,170.52,1186.03,133.07,177.749,1191.14,135.369,190.335,1198.28,146.654,184.092,0,0,0
009977:1159.48,174.636,152.521,1162.78,170.576,153.211,1161.35,175.418,154.543,1167.06,164.083,145.66,1162.15,175.923,149.892,1168.74,167.252,127.56,1154.74,177.871,137.898,1136.86,182.212,153.914,1203.58,150.939,107.084,1122.44,181.667,168.578,1204.47,158.613,125.824,1165.44,167.965,85.4801,1172.32,187.215,84.1198,1148.42,170.286,44.5592,1163.09,194.844,45.9018,1151.52,142.067,17.1654,1176.84,191.326,8.25913,1197.86,144.239,168.577,1191.13,131.315,174.974,1191.46,132.739,189.958,1197.36,144.689,182.696,0,0,0
009978:1161.09,175.37,152.568,1165.47,171.346,153.125,1163.25,175.895,154.471,1172.66,164.969,144.992,1164.66,176.158,149.548,1155.5,165.604,129.141,1161.1,177.654,134.513,1126.45,180.002,153.994,1199.02,149.688,109.488,1120.91,181.102,166.67,1195.73,157.27,127.936,1164.55,168.289,86.4099,1172,188.25,83.7131,1147.93,170.449,44.8436,1165.05,195.706,44.582,1138.65,142.773,21.2201,1180.47,190.937,6.15437,1195.88,143.056,169.048,1195.64,131.305,173.093,1187.92,131.177,189.377,1193.05,143.551,184.315,0,0,0
009979:1148.7,173.606,152.766,1154.62,170.031,153.346,1153.76,174.471,154.838,1165.59,164.787,146.426,1162.69,176.045,150.596,1175.19,166.863,125.563,1167.39,179.666,133.754,1130.76,181.28,152.508,1200.48,149.554,107.409,1112.68,179.136,167.005,1190.04,156.324,126.048,1166.58,169.463,85.8269,1173.21,187.702,84.8898,1149.97,169.363,41.4818,1178.23,199.442,42.4734,1141.04,142.869,19.1865,1179.62,190.963,7.93771,1193.4,140.885,169.099,1186.83,128.005,174.656,1189.2,129.248,187.729,1194.4,141.694,183.371,0,0,0
009980:1152.6,175.901,152.979,1154.67,171.953,153.962,1154.55,175.283,155.192,1162.4,163.84,146.405,1164.23,172.448,149.374,1176.2,168.676,125.927,1165.2,178.383,135.018,1130.45,179.844,150.535,1200.75,150.477,108.546,1115.61,180.493,167.448,1192.34,156.685,128.913,1168.41,169.365,85.0938,1176.33,189.355,82.1796,1154.75,171.148,42.1432,1158.44,196.219,48.3886,1134.97,141.856,21.7061,1181.75,191.544,8.61104,1194.46,140.246,166.689,1185.33,127.615,175.324,1198.81,128.729,187.64,1197.35,140.146,181.771,0,0,0
009981:1153.47,175.852,152.975,1157,171.832,153.637,1158.8,176.1,154.682,1167.21,165.243,145.017,1169.31,175.889,148.716,1155.96,164.893,127.826,1151.64,177.387,137.57,1134.71,180.729,150.001,1200.85,150.818,108.484,1114.41,179.284,163.564,1190.73,154.753,128.783,1164.67,170.326,84.287,1175.32,189.123,82.2094,1154.99,170.909,42.004,1160.29,195.585,46.8529,1138.65,142.51,20.5733,1191.44,190.494,4.12399,1186.66,137.742,168.829,1180.98,126.347,173.518,1194.19,126.609,185.966,1198.21,140.055,180.305,0,0,0
009982:1155.02,176.893,151.528,1161.9,173.688,152.117,1162.52,177.413,153.174,1175.38,167.179,143.954,1171.72,175.945,147.836,1173.04,168.183,123.422,1154.77,177.243,134.222,1123.64,180.08,150.968,1201.61,151.388,107.341,1120.35,181.342,161.698,1197.69,156.199,127.872,1172.32,171.976,84.0961,1177.06,190.602,82.5487,1173.32,176.412,39.0638,1173.81,199.024,44.4416,1139.31,142.814,18.4287,1184.47,191.937,8.74443,1191.89,137.021,166.637,1196.65,126.076,170.294,1192.76,124.723,185.997,1190.44,136.349,182.447,0,0,0
009983:1152.61,176.082,153.998,1157.09,172.913,154.186,1159.74,176.048,154.613,1169.92,167.237,143.985,1171.13,174.303,146.643,1162.7,169.212,128.12,1161.66,178.526,133.026,1128.99,180.606,147.318,1191.08,150.113,111.872,1116.71,181.676,160.052,1195.02,155.754,129.398,1164.32,172.138,83.6638,1173.73,191.774,82.3994,1157.4,171.975,40.0095,1164.25,197.455,44.5255,1139.98,143.759,20.4093,1197.59,190.84,2.47896,1194.09,136.582,165.177,1196.11,123.78,170.862,1177.25,120.802,186.122,1187.85,135.134,182.418,0,0,0
009984:1145.42,174.195,149.467,1150.91,171.147,150.535,1152.25,174.581,154.675,1170.11,166.532,143.394,1167.31,175.038,147.007,1169.28,167.18,125.47,1159.47,178.539,133.897,1131.12,180.864,147.51,1199.97,152.789,108.48,1114.48,181.018,160.709,1201.2,157.284,129.022,1162.22,171.216,84.6875,1172.12,190.802,82.5036,1162.24,174.593,38.1227,1172.28,199.077,43.962,1138.48,143.621,21.6443,1179.71,191.197,8.83555,1191.59,134.41,165.376,1193.14,121.638,170.078,1189.84,120.718,183.593,1202.25,134.472,178.019,0,0,0
009985:1147.63,173.468,152.364,1154.45,170.713,152.993,1154.98,174.888,153.832,1170.92,167.12,144.126,1167.27,176.53,147.18,1173.42,169.419,124.32,1156.73,179.056,133.207,1125.66,179.931,148.332,1193.18,151.982,110.072,1113.32,180.745,160.144,1196.2,155.714,129.643,1167.9,171.92,82.1991,1186.57,194.05,77.4134,1156.11,173.131,40.9579,1170.27,199.967,45.1983,1148.13,144.972,17.7337,1180.46,192.667,10.2678,1189.82,133.487,165.19,1187.59,122.015,167.599,1189.49,118.374,182.539,1190.13,131.044,181.496,0,0,0
009986:1162.45,178.023,150.221,1163.39,173.837,151.542,1170.06,178.32,151.258,1165.33,166.286,144.762,1163.57,178.805,148.156,1153.18,170.016,130.428,1150.39,178.367,136.375,1134.77,182.757,143.55,1187.17,153.011,112.826,1122.39,183.294,155.389,1191.11,154.652,131.588,1164.28,172.47,86.7977,1173.78,192.589,83.7563,1151.01,171.588,43.5981,1159.41,198.74,47.0525,1146.12,143.152,18.3665,1185.45,191.708,5.91491,1193.47,132.132,163.583,1188.3,120.372,166.869,1183.55,117.343,183.388,1190.12,132.245,177.861,0,0,0
009987:1167.5,179.803,147.906,1167.91,175.39,149.239,1169.73,178.997,150.2,1173.31,167.231,141.726,1181.16,177.266,143.859,1165.03,170.158,126.624,1162.71,180.998,132.402,1131.06,180.922,142.661,1200.72,153.626,107.978,1116.38,182.786,152.417,1192.88,155.758,130.778,1154.52,174.151,83.9009,1160.69,191.767,82.8424,1163.96,171.476,36.8569,1168.06,199.035,41.8706,1128.96,144.262,23.0047,1182.1,193.291,9.29957,1194.15,131.717,162.952,1188.17,118.766,165.615,1183.84,114.898,180.788,1184.4,126.422,178.415,0,0,0
009988:1162.46,177.638,151.06,1162.28,173.231,152.315,1169.92,178.114,151.937,1167.39,166.07,144.146,1187.26,178.52,143.638,1160.78,168.603,127.43,1162.14,179.948,132.129,1116.24,177.968,144.772,1203.09,155.353,109.342,1102.33,178.831,153.976,1205.63,156.16,129.273,1173.14,173.408,79.64,1183.99,191.578,78.901,1135.18,172.551,47.297,1176.75,198.214,41.4698,1145.64,142.895,18.4303,1193.93,192.047,3.58866,1195.59,130.355,161.894,1192.36,116.313,164.981,1183.45,114.116,179.555,1188.93,127.513,177.632,0,0,0
009989:1175.9,181.592,145.922,1179.01,177.905,148.289,1176.38,181.734,149.812,1188.68,169.985,140.585,1157.75,179.356,148.91,1179.12,170.818,124.147,1167.66,181.043,133.422,1136.96,182.874,141.86,1201.86,155.417,108.638,1105.34,179.153,152.771,1202.62,156.885,130.762,1161.7,173.08,86.2922,1170.25,193.484,84.2238,1170.6,176.253,40.5762,1159.07,197.892,48.1378,1160.81,145.118,13.4291,1170.42,189.821,13.2717,1192.78,129.642,162.331,1188.24,114.821,164.499,1184.01,112.128,176.224,1181.97,124.384,177.335,0,0,0
009990:1166.6,179.289,148.039,1167.16,175.888,150.353,1174.54,179.9,149.289,1175.47,169.766,144.458,1162.3,179.933,149.062,1157.97,171.236,127.571,1159.8,181.457,132.428,1127.23,177.859,141.73,1195.01,154.839,111.13,1111.26,181.267,150.192,1203.38,155.791,130.763,1162.72,174.045,85.1428,1166.29,192.365,84.9898,1159.62,175.712,43.5336,1163.44,197.508,46.4763,1166.74,145.974,13.9411,1173.74,190.083,11.1653,1197.36,128.119,158.965,1185.11,113.97,162.212,1180,109.875,175.884,1190.43,124.593,174.916,0,0,0
009991:1165.6,179.256,150.347,1163.81,174.158,151.846,1171.13,179.26,152.282,1170.05,167.791,143.67,1188.22,180.078,144.894,1148.52,170.285,131.027,1166.36,184.22,131.039,1132.57,181.559,139.7,1195.12,155.389,112.54,1127.17,183.738,147.145,1202.5,156.598,130,1162.47,174.754,82.0199,1172.03,195.437,81.6234,1154.66,172.308,42.9457,1169.97,199.186,43.2692,1155.2,143.825,15.4353,1181.62,192.911,5.14636,1192.53,127.407,158.844,1189.44,114.258,158.35,1186.26,109.73,172.953,1195.6,123.897,172.519,0,0,0
009992:1166.91,179.035,149.983,1167.96,174.496,150.988,1174.1,179.731,150.812,1169.05,167.562,142.939,1187.3,180.811,142.457,1151.06,169.347,129.001,1159.86,183.1,131.211,1135.58,181.425,140.145,1198.43,156.414,110.496,1117.26,180.013,146.572,1201.42,156.944,129.164,1151.62,173.52,82.3278,1169.54,194.978,78.8938,1153.31,170.947,42.2506,1171.75,199.419,40.8422,1148.78,142.132,18.2614,1176.85,192.892,8.44835,1191.04,125.901,158.025,1188.47,113.251,156.461,1184.23,107.234,170.26,1191.94,119.961,172.357,0,0,0
009993:1172.8,179.722,150.686,1170.3,174.943,152.333,1177.27,179.535,152.253,1172.55,168.181,144.207,1192.84,179.195,144.001,1160.84,170.722,127.99,1166.65,182.618,132.84,1141.19,181.862,138.244,1195.97,156.892,111.792,1122.1,181.622,143.562,1203.56,157.371,131.568,1169.61,175.15,79.9276,1184.26,196.754,79.0381,1147.99,172.845,43.7615,1171.93,198.384,40.9386,1153.79,143.704,17.3587,1179.02,191.434,6.39067,1188.18,125.317,156.992,1192.33,112.799,152.91,1182.67,106.41,168.312,1183.01,117.553,172.65,0,0,0
009994:1171.73,181.037,147.297,1178.48,177.778,151.257,1156.05,174.898,155.298,1176.73,168.752,144.443,1184.67,179.147,143.418,1155.7,172.174,130.192,1152.59,181.983,132.643,1141.37,181.098,136.986,1192.63,155.896,114.382,1111.32,177.577,144.317,1208.63,157.805,130.053,1148.38,177.541,84.091,1167.61,197.103,79.3556,1157.47,173.332,41.8706,1186.26,201.936,40.6664,1162.34,146.765,14.0983,1188.02,194.184,9.95296,1189.92,124.877,155.793,1185.07,112.117,152.909,1184.38,105.039,167.215,1189.89,118.184,168.598,0,0,0
009995:1172.53,181.24,148.57,1166.72,174.32,153.385,1170.52,179.734,152.909,1175.73,168.292,143.653,1172.66,178.349,147.449,1157.97,171.811,130.681,1156.4,180.333,135.382,1144.12,181.408,134.597,1198.15,157.305,113.469,1115.3,180.914,142.075,1203.81,157.567,129.459,1159.08,174.932,82.1498,1177.64,196.189,77.3957,1167.39,174.444,43.0548,1185.81,200.906,40.3149,1167.93,148.135,13.7095,1184.19,193.024,9.39389,1187.09,122.465,154.909,1179.76,110.447,151.28,1178.92,102.818,164.547,1176.64,114.336,169.715,0,0,0
009996:1167.74,179.51,151.917,1168.49,174.752,153.235,1169,179.438,154.092,1170.04,166.926,145.181,1172.33,178.636,147.835,1168.48,174.189,128.298,1152.81,180.785,137.074,1136.46,180.008,134.119,1204.55,159.596,111.935,1102.83,178.563,140.272,1199.82,156.812,130.981,1159.33,175.758,86.1722,1166.21,196.433,83.1265,1153.18,170.797,43.9114,1174.65,198.727,41.1873,1154.82,144.262,15.984,1174.55,192.507,9.11049,1192,122.779,152.252,1187.26,110.471,148.028,1183.05,101.758,159.034,1190.46,114.637,165.097,0,0,0
009997:1168.5,179.624,152.591,1168.32,174.837,154.223,1169.65,179.718,154.897,1164.85,166.71,147.939,1174.62,179.525,148.802,1166.27,172.327,129.332,1161.35,180.899,137.104,1134.4,179.84,133.054,1199.7,159.848,113.756,1103.38,178.961,137.104,1204.3,158.136,132.105,1170.87,176.741,85.4282,1178.24,197.56,83.4718,1153.63,170.978,44.334,1170.71,199.38,43.1816,1141.24,143.929,20.3684,1182.2,193.477,6.04276,1192.07,121.913,149.622,1177.11,109.274,147.928,1181.96,101.569,158.288,1193.85,114.481,160.846,0,0,0
009998:1167.36,178.902,152.543,1169.56,174.043,153.301,1170.55,179.28,154.57,1170.29,166.552,145.292,1176.19,180.152,148.152,1174.91,172.492,126.865,1164.44,179.522,132.454,1128.44,179.398,133.791,1201.42,160.551,114.18,1095.31,179.119,137.275,1207.87,158.979,132.474,1150.11,177.737,86.0702,1185.77,198.228,77.1063,1158.18,172.159,43.6832,1173.64,199.368,42.4432,1153.12,144.64,16.407,1183.06,193.348,6.48348,1188.93,121.328,147.736,1177.67,109.631,144.118,1175.14,99.8221,156.663,1188.12,112.861,160.333,0,0,0
009999:1167.05,179.66,153.176,1165.76,174.207,154.469,1172.66,179.786,154.721,1167.92,166.567,145.784,1184.08,180.186,147.222,1165.23,174.468,129.294,1152.1,179.721,136.537,1130.06,180.545,132.391,1202.07,162.333,113.815,1095.52,178.563,133.81,1205.27,158.81,129.826,1168.01,177.086,84.1707,1167.19,196.665,83.5531,1164.11,171.897,42.0798,1177.1,199.112,41.7967,1156.9,145.859,14.8144,1172.09,191.974,10.0447,1190.37,120.664,146.794,1171.08,108.117,143.573,1180.1,99.6795,150.971,1180.95,111.359,159.129,0,0,0
010000:1164.26,179.084,151.837,1166.35,174.173,154.247,1170.38,179.79,154.686,1158.98,167.105,148.19,1173.3,180.772,147.752,1159.26,171.35,129.592,1163.82,182.205,132.508,1134.88,179.742,128.127,1203.46,163.315,114.33,1098.8,178.826,130.516,1209.4,159.64,130.826,1174.3,177.8,83.6002,1175.35,196.84,81.9339,1160.47,172.08,43.879,1170.67,199.721,45.7053,1156.79,146.054,15.7771,1185.29,194.055,6.93485,1190.54,120.843,144.553,1189.46,110.73,136.758,1178.51,99.4893,148.484,1188.26,111.136,155.572,0,0,0
010001:1172.71,179.459,153.273,1172.41,174.408,154.621,1179.03,179.825,154.475,1168.86,165.829,147.474,1191.13,180.116,146.586,1164.75,171.096,129.574,1154.62,180.834,134.682,1132.13,179.884,128.574,1195.13,162.015,117.519,1104.52,179.471,126.96,1211.28,158.761,131.584,1166.81,177.408,83.7925,1170.33,198.343,82.6795,1165.59,170.682,43.7476,1173.29,199.784,43.7107,1152.12,145.742,17.2517,1178.45,193.339,8.18705,1185.86,119.88,143.229,1183.57,109.872,134.792,1175.34,98.9355,146.456,1187.03,110.393,153.415,0,0,0
010002:1170.17,179.114,154.1,1171.25,174.335,155.14,1175.32,179.579,155.28,1169.44,166.499,147.654,1184.07,180.07,147.859,1155.62,171.318,132.776,1161.3,181.725,134.105,1131.21,178.899,126.391,1205.26,163.803,116.957,1099.46,178.46,126.103,1208.54,159.737,132.915,1169.02,176.298,85.5499,1168.95,197.89,83.6884,1155.04,171.36,47.0765,1171.01,199.828,45.4944,1151.55,146.949,17.6346,1191.23,192.882,6.70733,1190.58,120.756,141.34,1184.47,110.235,132.062,1179.67,97.9127,143.604,1186.81,108.497,150.811,0,0,0
010003:1176.09,178.281,153.983,1174.36,173.269,155.311,1179.86,178.883,155.428,1166.63,165.581,148.418,1185.37,180.052,148.148,1166.68,173.095,130.837,1160.99,180.614,135.552,1129.36,180.227,126.267,1201.92,163.496,118.515,1094.72,178.891,123.098,1206.62,158.26,132.757,1170.33,175.978,86.0483,1176.98,199.143,83.4123,1159.73,170.42,46.2345,1176.52,198.552,43.5474,1156.22,147.135,16.2971,1179.72,193.402,9.316,1188.24,120.36,139.345,1187.44,111.987,128.926,1178.72,99.1785,139.197,1180.13,108.253,148.974,0,0,0
010004:1166.24,178.256,152.506,1168.19,173.083,154.735,1174.39,179.549,155.501,1161.83,165.429,149.413,1170.48,181.922,151.246,1163.5,173.84,132.291,1164.63,182.495,135.549,1127.95,179.793,126.968,1201.13,165.13,119.159,1103.64,178.891,119.896,1199.13,158.778,136.035,1172.37,176.688,87.7739,1174.69,199.252,86.1597,1161.05,170.51,47.4849,1165.55,198.201,47.5152,1154.42,149.29,17.1856,1183.7,193.068,7.74868,1193.5,121.148,135.787,1179.56,111.851,127.824,1178.97,98.2457,135.478,1185.76,109.449,144.526,0,0,0
010005:1166.15,178.295,154.206,1166.02,173.756,155.885,1168.77,178.918,156.051,1170.21,166.814,148.529,1176.93,179.8,149.789,1166.17,173.176,132.577,1161.39,180.887,137.357,1127.55,179.545,124.903,1202.08,165.134,122.454,1109.1,180.044,116.401,1198.12,158.358,138.539,1174.44,178.407,88.5602,1174.92,199.252,86.9483,1159.11,172.529,49.2406,1168.45,196.927,49.7423,1158.87,150.594,16.7131,1186.51,193.836,7.84533,1190.96,121.304,134.016,1188.91,112.996,122.679,1176.69,98.8689,132.057,1177.58,108.321,143.724,0,0,0
010006:1166.49,177.769,155.664,1167.56,172.713,156.536,1168.12,178.646,157.927,1170.53,165.9,148.638,1168.31,179.621,152.94,1174.45,174.538,132.059,1162.97,182.075,136.268,1137.02,179.533,122.496,1197.09,165.197,126.102,1112.83,180.508,111.834,1194.9,159.087,138.976,1177.73,179.28,88.2296,1177.77,199.677,87.3507,1157.66,169.62,52.1712,1179.67,198.316,45.1795,1162.64,151.82,17.8949,1179.34,192.971,10.6953,1189.26,121.65,132.198,1176.8,114.572,123.047,1175.83,100.411,128.442,1185.19,109.064,138.85,0,0,0
010007:1156.54,175.459,156.618,1161.28,171.669,157.62,1160.78,176.96,158.273,1172.33,165.524,149.997,1171.23,178.575,151.699,1161.97,170.421,135.536,1161.93,181.072,136.812,1128.33,178.966,123.353,1190.26,164.845,128.993,1112.12,181.026,110.455,1197.67,157.885,139.27,1169.11,177.647,88.6369,1174.64,199.261,85.8529,1170.64,171.368,47.6759,1175.82,196.656,46.1267,1151.15,152.041,19.6614,1184.23,194.009,9.84024,1189.22,122.385,130.099,1183.14,117.087,119.876,1182.56,100.936,123.291,1185.81,107.862,135.863,0,0,0
010008:1171.1,177.539,155.044,1173.76,172.81,155.92,1172.39,178.397,157.19,1174.89,165.337,148.164,1171.95,179.409,151.877,1168.7,171.549,131.428,1162.09,179.89,138.126,1125.92,178.291,123.732,1191.79,165.551,128.83,1116.87,180.419,111.535,1190.7,158.855,140.801,1168.15,176.414,89.3894,1170.65,199.66,86.9383,1171.5,171.324,46.9747,1175.06,195.528,45.8791,1158.81,153.394,17.9444,1186.67,193.41,9.1336,1191.34,124.248,127.544,1179.87,118.069,116.914,1175.87,103.026,120.184,1181.63,108.945,133.081,0,0,0
010009:1172.37,176.974,155.841,1172.66,172.139,157.324,1173.8,177.991,158.254,1178.26,165.401,149.509,1178.75,179.781,152.409,1171.27,170.935,133.201,1178.4,183.734,134.486,1125.37,178.327,121.374,1220.14,176.059,125.002,1105.84,178.826,109.172,1195.2,160.382,139.24,1169.76,177.393,90.1469,1181.63,200.825,85.9918,1169.73,172.333,48.4052,1179.57,196.913,47.6563,1151.41,154.911,19.876,1203.3,193.962,5.17515,1188.87,124.406,125.952,1185.96,120.875,113.314,1173.91,103.391,117.172,1187.34,110.702,129.663,0,0,0
010010:1170.61,177.52,156.654,1171.79,172.784,157.813,1173.31,178.14,158.68,1172.33,165.545,150.309,1179.07,179.394,152.44,1164.99,173.038,133.461,1160.5,181.104,139.501,1132.22,178.463,119.77,1216.05,173.924,127.232,1118.59,181.375,105.174,1198.3,161.221,138.179,1161.04,175.761,90.1278,1180.25,201.646,86.7844,1173.79,172.168,47.6446,1169.43,196.534,50.1239,1162.48,154.614,15.9024,1187.87,194.39,8.54189,1190.57,125.532,123.912,1181.93,122.211,111.756,1179.27,106.679,111.908,1187.87,111.338,126.126,0,0,0
010011:1169.95,176.439,158.361,1169.99,171.317,159.507,1175.19,177.299,160.089,1169.71,164.919,151.704,1184.55,178.999,153.353,1152.19,173.392,136.453,1158.86,181.905,139.377,1130.11,178.466,120.302,1201.48,172.873,130.184,1113.34,180.528,105.613,1181.79,159.658,141.921,1163.68,176.933,91.8395,1167.19,200.604,90.7854,1156.67,172.427,52.7108,1176.23,197.197,48.7937,1156.18,156.787,17.9261,1181.89,193.937,11.0653,1186.99,126.036,122.56,1183,124.15,109.093,1179.4,107.127,109.973,1179.39,110.528,124.028,0,0,0
010012:1165.08,176.333,157.758,1167.24,171.735,159.115,1170.69,176.987,160.375,1173.06,165.413,151.038,1175.98,178.92,153.017,1161.97,172.165,135.917,1170.58,183.303,137.493,1129.4,178.105,118.604,1206.17,173.696,130.819,1119.46,180.672,101.698,1198.94,161.499,140.871,1163.91,176.414,91.3489,1167.14,199.337,90.8766,1152.12,170.964,54.1026,1174.36,196.899,50.2691,1162.24,156.684,16.0253,1197.67,195.452,5.96654,1191.42,128.765,119.573,1183.89,126.645,106.767,1181.76,111.268,105.399,1193.46,115.137,119,0,0,0
010013:1172.06,176.613,157.843,1173.35,171.584,159.824,1174.53,177.392,160.143,1165.5,164.552,153.35,1165.98,179.188,155.482,1159.69,171.953,136.295,1162.77,182.743,137.935,1136.19,178.522,116.946,1196.77,171.115,133.751,1118.45,180.097,101.706,1192.72,159.55,142.395,1166,176.851,92.735,1171.5,200.963,89.2361,1165.52,173.151,52.4978,1189.72,200.07,45.8571,1162.47,159.063,16.3325,1187.89,195.289,9.80933,1192.3,129.975,118.229,1185.63,129.618,104.861,1182.36,113.75,101.855,1187.97,115.005,116.464,0,0,0
010014:1168.62,176.644,157.735,1173.49,171.65,159.439,1175.6,177.388,159.808,1162,164.825,154.105,1166.63,179.229,157.181,1159.81,171.928,137.035,1156.87,180.658,140.814,1133.03,177.275,118.303,1207.42,175.775,132.483,1120.01,180.325,100.283,1195.23,161.47,141.512,1171.41,176.545,90.6074,1170.86,201.737,89.0892,1174.37,172.854,48.8026,1183.1,195.935,47.8847,1157.99,158.491,17.6409,1189.71,196.514,8.3616,1193.07,131.696,115.451,1182.75,132.425,103.488,1176.83,116.552,100.992,1191.79,116.964,113.22,0,0,0
010015:1167.14,176.276,157.524,1172.78,171.467,159.427,1170.23,176.825,160.935,1165.12,164.376,154.431,1168.32,177.293,156.217,1155.29,171.004,137.825,1162.62,182.323,138.912,1141.7,178.266,115.53,1206.57,176.644,134.815,1124.59,180.247,97.569,1202.09,162.352,139.798,1162.69,175.99,92.8045,1170.8,201.258,91.0312,1166.95,172.95,51.6788,1185.72,198.111,45.0882,1155.15,160.783,19.2253,1189.95,195.864,9.40518,1192.92,133.772,114.109,1187.48,134.621,100.664,1184.78,119.473,97.1427,1192.45,120.294,111.379,0,0,0
010016:1159.9,174.749,160.79,1163.24,170.647,162.05,1169.9,175.171,161.396,1163.91,164.87,155.953,1165.67,176.508,157.454,1159.41,170.858,137.708,1165.52,182.434,139.426,1141.56,177.015,115.466,1195.05,177.259,137.501,1125.32,180.816,96.6719,1203.81,164.342,139.714,1172.94,178.067,92.1687,1171.5,200.741,92.0766,1162.94,172.533,51.921,1188.43,198.039,47.1773,1163.8,160.987,15.7126,1188.83,195.83,10.1663,1195.66,136.704,112.796,1182.02,137.385,100.285,1184.76,123.073,93.4668,1195.32,122.081,107.776,0,0,0
010017:1166.98,174.886,159.171,1164.75,170.41,162.281,1168.41,175.891,162.948,1163.07,163.748,155.871,1167.72,177.955,157.549,1155.71,169.542,138.46,1164.41,183.557,141.003,1133.98,176.236,115.356,1186.3,178.767,141.337,1125.93,179.839,95.6933,1179.2,162.47,145.206,1165.77,176.095,93.7925,1180.09,201.685,89.7896,1166.62,173.245,50.6947,1188.43,198.039,47.1773,1167.44,162.473,16.2702,1187.21,196.958,10.7319,1192.29,139.022,111.835,1187.79,141.089,97.3191,1191.96,126.116,90.3749,1196.08,125.435,106.813,0,0,0
010018:1162.52,175.447,160.619,1166.92,170.674,162.147,1170.2,176.078,162.598,1144.74,166.642,159.067,1213.71,176.086,147.967,1164.74,171.673,136.972,1161.86,183.05,142.81,1135.42,176.098,114.193,1215.77,188.573,137.474,1125.05,180.936,94.1445,1208.75,169.859,140.921,1168.75,177.758,94.2592,1172.56,201.219,93.6381,1168.26,174.108,53.2107,1174.02,196.032,52.1984,1162.17,165.087,18.2185,1189.52,196.336,10.1232,1195.28,142.691,109.038,1187.99,143.983,96.3682,1187.36,129.389,90.5034,1195.91,127.972,104.477,0,0,0
010019:1165.49,175.957,160.835,1170.64,171.368,161.344,1167.07,176.57,163.397,1183.28,164.656,152.011,1174.59,178.349,157.66,1168.72,170.474,135.18,1173.22,184.949,141.211,1133.64,176.828,114.358,1227.91,189.9,136.355,1127.4,180.983,93.8162,1215.17,170.566,140.278,1165.48,177.177,94.9028,1177.74,203.09,91.768,1161.33,174.956,53.6995,1178.84,196.507,50.4153,1166,164.602,15.7255,1188.03,197.676,8.66057,1194.96,144.274,108.31,1189.8,147.557,95.6629,1189.87,133.866,87.4207,1193.46,131.135,104.248,0,0,0
010020:1158.91,174.531,160.251,1167.49,169.689,160.953,1170.21,174.593,162.019,1175.66,164.386,153.12,1162.8,177.46,159.187,1159.7,170.378,136.931,1171.99,185.548,141.257,1140.26,176.822,113.463,1228.24,191.491,137.512,1134.16,181.806,90.7166,1232.21,174.673,137.875,1167.4,177.065,94.7528,1168.67,201.361,94.2511,1166.13,174.547,52.5176,1185.02,196.249,50.5202,1164.72,165.435,13.3138,1188.27,196.936,10.4699,1193.38,147.54,108.604,1190.24,151.282,97.4579,1193.24,138.092,86.7765,1204.81,135.429,99.5061,0,0,0
010021:1166.64,173.998,161.27,1165.68,169.935,162.544,1171.45,174.655,162.536,1172.23,165.529,154.112,1188.36,176.581,154.049,1161.04,171.308,137.322,1174.98,187.275,141.153,1145.22,176.959,112.812,1239.58,193.661,135.015,1132.66,181.105,90.7014,1224.34,174.816,139.367,1159.07,175.51,99.1299,1164.84,200.549,98.8322,1165.97,175.354,53.7074,1181.6,196.516,51.6954,1167.27,167.405,16.2717,1190.66,196.566,10.2888,1198.57,149.802,107.207,1191.21,155.266,95.0683,1193.85,142.745,84.3217,1197.4,137.586,99.864,0,0,0
010022:1167.89,175.045,160.201,1174.94,170.347,161.361,1170.69,175.823,163.623,1141.04,166.638,160.236,1215.54,176.061,148.16,1159.33,170.304,136.646,1180.2,187.783,140.468,1142.3,176.438,113.6,1216.74,193.356,144.509,1128.96,180.651,91.6684,1226.84,174.444,140.046,1168.12,178.084,96.0363,1166.15,202.263,97.452,1168.21,176.25,53.5443,1181.72,196.922,50.9308,1163.04,167.501,17.9908,1188.98,197.393,11.1347,1198.56,153.745,107.149,1192.73,158.571,94.9673,1195.98,147.343,83.5838,1203.26,141.91,98.7513,0,0,0
010023:1163.21,174.869,162.583,1172.57,170.301,162.05,1171.92,175.23,163.528,1144.97,166.853,159.505,1210.28,175.676,149.064,1158.15,169.978,136.973,1176.13,187.232,141.648,1143.59,176.278,112.125,1217.84,196.729,145.608,1138.67,181.816,90.3434,1224.09,178.32,142.519,1169.29,177.297,98.2237,1166.24,199.982,99.3771,1165.03,176.923,54.4895,1179.71,197.447,53.573,1164.71,169.129,18.5821,1183.42,198.145,11.2607,1202.09,156.937,106.44,1195.58,162.62,96.15,1195.31,152.139,84.1128,1202.3,145.391,97.8754,0,0,0
010024:1162.29,174.367,161.997,1168.25,169.781,162.341,1164.21,174.984,164.516,1140.54,166.302,159.809,1211.28,174.555,148.719,1158.72,169.237,136.58,1176.7,188.682,140.887,1145.13,176.137,111.256,1215.67,198.908,146.844,1135.77,181.636,90.5837,1225.78,178.482,141.795,1167.86,175.794,96.7965,1175.64,201.387,94.1889,1163.92,176.948,54.4833,1183.91,197.79,51.3326,1163.95,168.88,19.3939,1189.18,197.7,12.0154,1203.18,160.818,106.302,1197.31,167.499,95.132,1192.06,154.454,84.4336,1207.41,149.308,98.5304,0,0,0
010025:1171.92,173.958,160.051,1170.02,169.628,162.283,1168.8,175.002,163.922,1173.42,164.393,153.68,1174.99,177.346,158.259,1162.2,169.293,135.511,1175.85,188.727,141.357,1145.63,176.299,110.856,1206.91,197.477,151.47,1135.76,181.985,89.9497,1220.73,178.249,144.812,1163.98,176.267,97.7445,1164.83,200.063,101.046,1167.51,177.928,53.7141,1182.2,198.241,51.8845,1166.29,169.978,16.603,1188.38,197.492,12.0091,1209.53,165.993,106.014,1193.38,169.294,95.7525,1190.35,158.543,86.9515,1206.97,153.585,99.0274,0,0,0
010026:1170.28,173.484,160.692,1175.02,171.3,161.161,1163.74,173.377,163.974,1151,170.472,157.682,1200.68,171.286,148.66,1163.98,170.08,135.158,1182.75,190.28,141.034,1144.32,176.278,110.619,1211.27,198.615,151.815,1139.74,180.982,88.9123,1208.56,178.898,149.48,1170.74,176.925,95.7498,1170.58,200.335,97.6971,1167.04,178.028,54.9433,1180.69,198.577,54.6266,1170.61,171.16,15.2115,1181.09,196.544,15.9162,1208.11,167.408,106.928,1193.6,172.223,99.3055,1195.72,162.994,86.0238,1206.65,158.33,97.6309,0,0,0
010027:1171.81,174.226,160.177,1171.32,169.631,162.62,1170.54,175.177,163.55,1168.18,164.819,154.792,1169.72,177.979,160.121,1164.22,170.651,132.41,1174.68,187.798,145.382,1148.61,176.669,108.206,1209.34,199.226,153.583,1140.65,181.529,88.9545,1192.93,179.477,154.794,1170.37,177.99,96.822,1182.29,202.196,94.9285,1165.5,177.941,54.9864,1175.64,197.948,53.3862,1165.66,171.78,19.8685,1184.66,196.909,15.1729,1200.68,169.441,110.506,1187.86,174.37,101.356,1200.47,168.204,85.8154,1209.69,162.144,98.5965,0,0,0
010028:1167.43,172.661,161.838,1169.01,168.394,163.083,1171.29,173.739,164.902,1171.85,164.217,154.851,1173.32,177.115,159.621,1162.96,170.173,134.503,1171.46,186.846,146.616,1153.48,176.66,108.972,1205.46,199.908,155.708,1142.91,182.555,87.3426,1199.98,179.681,155.619,1169.59,176.502,97.4893,1178.47,202.602,96.5123,1162.24,179.069,57.8403,1180.76,199.222,54.652,1162.01,172.552,17.9223,1180,196.689,18.5825,1207.6,174.336,110.238,1198.72,180.363,101.255,1193.67,171.501,89.1718,1213.72,166.149,98.4456,0,0,0
010029:1163.9,174.519,157.358,1170.99,169.726,164.304,1172.28,174.745,163.067,1180.73,166.449,151.097,1174.71,175.326,155.751,1153.87,169.841,136.39,1163.16,186.729,147.373,1156.76,176.975,108.004,1200.07,200.404,158.901,1138.52,181.802,89.3258,1183.19,180.286,159.871,1168.48,177.083,98.2905,1178.22,202.389,98.0149,1172.15,179.417,52.3411,1182.42,198.887,51.7498,1163.08,175.1,20.65,1178.17,196.957,19.2443,1190.23,172.468,118.72,1174.45,176.491,112.562,1179.26,170.883,102.141,1199.53,167.593,108.255,0,0,0
010030:1175.26,175.528,158.812,1171.46,168.4,163.212,1176.09,175.067,163.766,1177.08,166.739,151.014,1159.87,175.203,158.703,1164.19,170.629,132.625,1167.68,187.021,147.274,1150.92,177.378,106.811,1195.68,200.317,160.85,1146.77,183.084,85.7963,1190.85,181.25,161.243,1164.77,176.009,99.8398,1169.98,201.373,98.6527,1165.88,179.378,53.7015,1178.15,199.51,54.133,1170.34,174.743,16.882,1178.58,197.369,17.1761,1182.82,174.751,124.403,1171.97,178.243,117.741,1173.72,173.552,105.696,1193.82,169.03,113.059,0,0,0
010031:1171.21,173.461,160.139,1177.03,171.151,161.856,1172.24,175.009,163.484,1201.21,172.732,148.371,1152.54,172.506,161.021,1179.2,171.904,129.859,1165.54,185.462,148.139,1153.09,176.629,108.002,1197.1,201.837,162.349,1149.46,182.882,85.661,1202.83,183.519,160.059,1170.13,175.701,97.616,1169.11,201.947,99.8708,1173.66,181.311,54.79,1174.72,198.897,54.2272,1163.79,174.81,23.2768,1175.7,196.277,17.3283,1176.11,176.656,126.541,1164.57,180.723,122.704,1170.85,175.841,110.793,1190.97,170.293,116.91,0,0,0
010032:1172.49,175.405,162.094,1179.38,171.772,161.204,1156.78,170.788,166.371,1188.88,167.98,150.076,1164.56,173.792,160.182,1170.4,171.424,130.41,1168.23,186.81,147.911,1153.64,176.535,107.091,1203.28,203.179,162.629,1146.66,182.342,85.7858,1192.3,182.003,164.494,1171.32,177.215,98.0913,1172.72,201.814,98.5691,1161.6,181.482,56.3566,1183.66,199.592,51.8081,1170.5,176.362,16.1116,1181.4,196.555,16.9092,1194.82,179.905,126.838,1186.72,183.545,121.001,1175.95,178.488,113.771,1187.48,176.257,121.163,0,0,0
010033:1168.88,173.063,161.502,1166.1,168.794,164.07,1170.85,174.277,164.379,1169.96,163.738,154.859,1172.95,177.677,159.043,1163.84,169.264,133.283,1171.25,188.249,147.716,1152.58,175.856,108.381,1191.52,202.846,165.921,1149.07,181.78,87.5848,1204.29,184.562,163.695,1171.16,177.724,98.9843,1175.9,201.427,98.6083,1163.77,180.983,55.6766,1176.88,199.886,54.0157,1170.07,176.438,16.507,1181.57,196.75,16.8137,1188.55,181.916,132.501,1181.45,185.693,127.872,1178.94,181.687,118.753,1187.32,178.94,126.387,0,0,0
010034:1168.58,172.954,163.614,1166.87,168.524,164.584,1173.98,174.218,164.44,1161.38,163.728,156.462,1181.96,177.313,156.698,1156.8,169.425,133.722,1170.55,188.012,148.353,1156.78,176.208,106.995,1138.99,188.862,176.479,1148.57,182.636,87.0639,1255.86,199.645,154.474,1168.79,176.817,98.7721,1167.01,201.003,100.584,1162.29,181.266,57.6843,1179.35,200.666,55.6159,1160.65,177.247,21.7024,1177.26,196.104,20.9636,1197.46,185.345,133.457,1187.72,188.004,127.36,1191.61,184.753,117.689,1194.38,179.619,124.94,0,0,0
010035:1166.54,173.506,163.488,1167.78,168.639,164.126,1168.17,174.587,165.639,1164.88,163.141,155.743,1169.01,177.238,160.005,1162.26,169.53,132.511,1172,188.686,148.636,1159.23,176.703,105.461,1194.45,205.604,168.852,1150.54,183.382,85.5559,1201.21,186.838,168.384,1180.54,178.803,96.1474,1167.6,200.329,99.3443,1170.88,182.321,52.1831,1179.91,200.103,52.5629,1171.58,179.072,18.0888,1175.3,196.333,19.3939,1190.82,185.962,137.799,1181.31,189.777,130.916,1172.04,186.555,124.669,1177.19,181.237,131.063,0,0,0
010036:1166.84,173.732,162.987,1164.73,169.024,164.099,1173.38,174.76,163.593,1160.18,163.017,156.319,1186.32,176.928,155.667,1167.44,168.804,131.205,1170.53,189.136,149.688,1160.36,176.593,106.561,1190.77,203.938,169.243,1145.08,181.078,89.5047,1211.52,189.792,169.25,1166.39,176.97,100.862,1165.65,200.789,102.557,1173.92,182.911,54.9261,1176.77,201.88,56.5327,1172.48,179.3,18.0903,1177.14,197.135,20.51,1206.4,188.406,137.149,1197.12,192.069,131.215,1199.42,188.14,120.633,1202.33,183.761,130.546,0,0,0
010037:1170.24,173.771,160.829,1166.99,169.037,163.876,1172.58,175.059,163.994,1170.78,163.056,154.486,1172.89,178.397,157.414,1169.79,169.395,131.326,1171.31,189.06,149.391,1162.25,177.74,104.53,1192,205.183,169.608,1149.41,182.084,87.9294,1205.58,190.102,173.411,1169.09,176.557,99.1782,1165.89,200.324,101.386,1164.74,182.406,55.1276,1182.37,200.599,50.4549,1173.94,179.091,18.7418,1176.48,196.448,20.0512,1208.44,192.57,143.265,1207.55,196.658,136.175,1210.93,193.257,126.202,1210.52,188.708,134.885,0,0,0
010038:1175.22,174.03,162.947,1178.11,169.641,162.651,1175.92,174.027,164.69,1180.04,165.176,153.084,1168.8,173.899,160.398,1150.62,167.264,136.664,1158.06,184.92,151.581,1157.88,177.462,105.4,1192.92,205.407,169.752,1149.43,181.904,87.5756,1211.81,191.953,174.793,1169.78,176.769,98.7029,1169.9,200.898,100.091,1163.94,183.574,57.387,1173.09,199.732,57.8252,1172.76,181.916,17.6393,1181.38,195.5,17.5441,1215.13,196.489,140.293,1203.27,200.497,136.976,1215.8,199.113,124.467,1216.41,193.963,131.702,0,0,0
010039:1168.95,174.264,163.655,1171.54,169.321,163.99,1174.62,175.321,165.088,1178.18,164.367,154.467,1178.66,177.462,159.808,1149.07,165.508,136.979,1169.75,187.39,150.059,1156.2,175.76,105.846,1182.48,206.04,172.741,1149.19,181.627,86.2338,1209.91,193.376,178.332,1170.53,175.962,99.6744,1176.78,202.446,100.269,1159.57,182.472,56.9708,1182.15,201.024,54.8498,1171.18,181.708,17.4759,1183.7,197.256,15.2795,1222.33,199.477,146.437,1216.25,203.492,139.227,1220.86,202.897,125.851,1228.06,198.058,134.887,0,0,0
010040:1172.6,173.847,162.323,1169.5,169.3,163.728,1179.62,174.869,162.787,1160.83,163.12,156.936,1190.34,177.274,155.089,1157.81,169.104,133.78,1178.47,190.03,147.614,1149.63,175.255,106.12,1182.5,205.564,174.863,1141.93,180.656,89.2924,1207.86,196.349,181.422,1169.25,176.024,98.5726,1171.58,201.164,98.5649,1163.73,184.617,55.385,1174.84,201.421,55.4023,1164.45,180.861,19.3699,1181.51,196.68,19.0994,1228.27,200.898,149.5,1238.29,204.914,139.671,1239.41,204.753,129.553,1237.2,199.39,138.248,0,0,0
010041:1167.81,173.133,162.798,1169.36,168.304,163.111,1174.16,174.49,164.137,1169.97,162.851,153.938,1181.94,177.702,157.592,1169.07,169.07,130.937,1173.82,188.817,149.105,1160.96,178.063,103.967,1180.74,205.103,174.552,1155.18,183.646,86.3295,1199.46,196.958,184.804,1174.89,178.017,95.4655,1167,200.484,99.2396,1167.61,185.052,55.7189,1181.45,202.775,52.6723,1166.2,180.978,18.9225,1183.86,198.602,16.2769,1233.35,202.586,152.393,1240.58,205.916,142.424,1238.99,203.441,131.501,1243.54,201.039,140.826,0,0,0
010042:1176.23,174.846,161.59,1179.14,170.661,161.79,1180.6,175.549,162.81,1182.58,166.561,152.812,1181.35,176.448,157.665,1159.62,166.466,134.645,1161.26,185.941,150.544,1157.68,174.93,105.651,1181.22,206.114,175.198,1155.49,183.38,85.4499,1192.87,200.297,187.197,1165.39,175.944,98.7149,1174.56,201.461,97.1257,1167.84,185.424,54.7648,1188.06,203.552,49.9998,1170.3,181.715,20.1312,1190.51,201.834,16.9578,1233.26,204.348,158.192,1242.68,206.298,148.897,1240.4,203.259,138.751,1244.71,202.49,146.92,0,0,0
010043:1172.48,173.795,161.121,1174.91,169.764,161.802,1174.26,174.801,162.93,1183.42,165.98,152.798,1174.73,176.425,158.225,1156.48,165.72,134.634,1165.48,186.36,149.345,1155.69,176.297,105.113,1186.13,206.69,173.378,1153.32,183.001,88.1072,1193.35,201.84,188.764,1174.43,177.251,95.815,1176.44,201.912,97.9023,1165.87,184.764,55.9153,1181.43,202.122,53.4779,1181.03,185.049,16.7734,1178.37,198.329,16.3753,1239.96,204.144,159.125,1256.47,207.383,148.91,1247.48,204.545,142.242,1217.42,201.255,155.745,0,0,0
010044:1166.6,174.079,163,1171.05,169.338,162.545,1173.03,175.219,163.994,1173.21,163.518,152.655,1178.2,178.149,157.398,1163.85,168.836,130.447,1169.27,188.964,147.681,1161.33,174.904,105.359,1173.73,204.593,175.973,1148.06,182.003,88.3438,1185.47,202.639,190.262,1167.74,176.805,95.2837,1178.84,203.85,93.5352,1161.07,184.425,52.963,1176.79,203.129,52.5982,1175.41,184.978,13.7884,1181.14,197.748,17.5771,1217.39,199.78,174.603,1233.47,201.15,163.164,1225.86,197.392,156.849,1200.48,196.183,170.697,0,0,0
010045:1183.04,174.371,160.349,1187.34,170.433,160.315,1182.71,175.084,162.568,1190,167.151,151.536,1173.24,175.936,159.386,1162.49,167.41,133.398,1155.8,185.381,152.11,1164.07,175.585,102.579,1182.93,204.471,170.859,1145.13,181.627,90.8669,1184.73,205.478,191.232,1170.43,177.231,98.8991,1173.31,202.545,98.9067,1164.17,185.62,55.54,1182.25,204.304,53.6229,1167.71,184.443,20.3158,1189.23,202.375,15.7019,1237.5,204.912,178.942,1230.57,200.044,171.009,1249.52,201.729,165.042,1254.25,206.698,171.56,0,0,0
010046:1172.03,175.163,161.839,1172.56,170.198,162.611,1177.27,175.901,163.292,1176.44,163.484,153.545,1182.67,177.864,157.372,1165.47,168.011,131.798,1169.95,188.485,147.851,1166.66,174.973,105.091,1172.78,204.572,172.964,1152.24,184.147,86.8296,1182.17,206.067,190.464,1170.35,176.445,96.6929,1172.97,202.55,97.656,1167.36,185.98,55.2449,1177.62,202.806,55.2233,1171.32,185.798,15.9033,1187.82,199.695,16.533,1220.33,203.284,189.392,1223.86,198.633,181.867,1243.26,200.23,175.017,1239.66,204.404,182.789,1130.93,214.509,269.994
010047:1173.24,173.237,160.94,1174.18,168.787,161.767,1176.28,174.902,162.481,1173.61,163.512,153.721,1180.14,178.368,156.435,1163.57,167.439,132.849,1172.77,188.291,146.915,1158.17,175.134,104.619,1172.1,204.87,174.604,1153.77,184.494,87.6092,1175.93,207.323,195.449,1171.18,177.675,95.5362,1172.97,202.544,97.728,1163.76,185.932,57.666,1177.14,202.223,57.5139,1164.59,185.351,20.3816,1184.61,199.932,19.4485,1218.19,203.22,196.575,1221.7,197.221,189.891,1235.49,197.104,194.328,1232.98,205.114,200.31,1134.22,214.374,267.092
010048:1170.01,173.149,162.353,1170.99,168.699,163.11,1172.5,174.774,163.777,1173.46,163.093,154.38,1175.95,178.205,157.375,1166.89,167.049,131.877,1172.17,188.621,146.578,1155.15,174.35,104.632,1175.15,206.517,172.365,1147.9,182.759,85.9061,1173.7,208.158,196.456,1169.76,177.231,96.5596,1171.53,202.085,98.5598,1163.01,186.72,55.4138,1178.13,204.718,55.0857,1175.84,188.169,17.4435,1194.62,203.52,18.2778,1221.82,203.994,206.04,1218.65,196.027,202.8,1241.66,198.986,206.971,1228.62,206.136,212.491,1133.83,214.366,265.887
010049:1169.78,174.351,161.563,1171.42,169.665,162.329,1174.55,175.93,162.947,1176.01,163.675,153.49,1180.96,179.119,156.646,1161.58,165.709,134.152,1174.49,189.939,147.172,1155.46,174.745,104.522,1169.1,204.834,172.343,1152.73,184.008,86.2821,1177.02,210.478,194.616,1177.28,178.654,95.1767,1173.78,202.77,97.6601,1167.8,187.225,52.675,1175.87,202.931,55.7289,1171.89,187.952,15.434,1185.22,200.091,15.9434,1209.34,202.696,213.574,1223.88,197.558,213.285,1237.57,202.158,221.398,1232.12,208.347,220.564,1133.27,214.357,264.097
010050:1171.08,174.631,161.52,1171.15,169.558,162.485,1176.48,175.9,162.7,1173.15,163.257,153.412,1184.17,178.643,155.775,1160.34,167.229,132.538,1172.62,188.355,146.691,1164.9,175.291,103.002,1174.85,203.116,168.031,1155.93,183.098,85.3059,1170.23,210.546,192.323,1164.91,175.67,96.5302,1171.53,202.085,98.5598,1159.3,186.334,55.5695,1177.7,203.678,54.4373,1169.48,186.414,20.0303,1192.3,200.718,14.2429,1205.38,205.009,221.709,1218.05,197.474,226.375,1229.38,203.669,234.41,1219.86,211.374,231.469,1136.28,215.446,261.821
010051:1166.39,173.69,162.71,1168.08,169.016,163.235,1170.24,175.069,164.213,1175.16,164.638,153.927,1173.24,177.679,158.939,1164.35,166.852,134.982,1160.84,186.534,151.13,1170.55,175.765,101.667,1175.57,205.715,171.442,1156.77,183.051,85.2102,1159.37,210.206,193.862,1162.94,176.035,97.2389,1166.92,200.465,99.1917,1158.17,186.151,56.9042,1175.69,205.544,57.2077,1175.57,187.488,20.1923,1184.56,203.07,17.5519,1185.32,205.276,230.133,1202.27,198.689,234.715,1222.62,206.356,244.29,1200.59,210.98,239.199,1135.72,215.436,260.027
010052:1169.9,174.203,161.573,1170.15,169.586,162.589,1174.73,175.948,162.743,1173.32,163.394,153.995,1182.79,179.614,155.874,1161.98,166.612,132.904,1174.9,189.271,147.31,1157.44,173.116,104.421,1170.06,204.523,169.865,1145.16,183.103,88.0081,1154.41,211.03,197.935,1164.44,175.998,98.8334,1171.93,200.556,99.9295,1163.8,185.883,55.3388,1178.68,204.941,55.1397,1171.67,188.221,22.1516,1193.98,205.651,16.8307,1178.1,208.606,235.97,1192.93,199.839,243.361,1208.27,207.682,252.076,1176.3,213.212,248.043,1135.13,215.423,258.2
010053:1164.04,173.963,162.965,1165.46,169.446,163.566,1170.24,175.45,163.755,1174.14,163.562,153.598,1180.65,178.67,156.211,1166.63,166.891,131.924,1174.04,189.011,147.232,1159.31,175.024,101.8,1162.29,203.907,171.759,1141.72,180.55,89.4503,1156.9,212.107,194.04,1164.64,176.735,97.8809,1166.9,200.173,98.8718,1164.13,187.674,53.472,1176.3,206.064,54.8083,1172.38,189.225,19.6808,1186.4,204.344,19.8762,1167.23,209.62,238.041,1182.44,202.873,247.328,1185.97,210.455,257.917,1171.04,218.223,250.203,1134.57,215.414,256.405
010054:1165.38,174.645,162.438,1164.98,169.757,163.863,1168.62,175.805,164.344,1175.72,164.412,154.641,1173.39,177.621,159.102,1162.95,166.759,134.438,1163.75,185.492,149.475,1166.02,174.953,101.196,1157.16,202.36,173.166,1155.39,184.897,83.9031,1151.01,212.561,193.278,1167.27,177.329,94.8976,1175.12,202.952,96.3751,1162.2,186.984,55.8341,1180.8,204.333,54.082,1174.48,188.785,15.6008,1189.1,205.782,14.7441,1156.48,213.748,239.163,1159.74,205.307,249.229,1171.95,213.851,258.618,1151.91,221.148,250.438,1138.06,215.283,254.043
010055:1173.61,175.104,160.32,1174.05,170.454,161.71,1177.82,176.485,162.233,1176.04,163.753,154.653,1183.33,179.253,157.139,1161.16,165.427,134.598,1173.77,188.035,147.56,1164.8,173.24,103.433,1158.66,203.016,170.271,1149.05,182.933,87.6508,1149.13,211.943,192.359,1165.65,176.894,95.0932,1174.43,202.988,97.128,1175.29,189.5,51.5899,1187.29,206.981,52.4585,1181.69,190.6,16.8271,1189.2,206.324,16.3814,1151.17,216.533,234.793,1147.21,209.464,247.433,1144.33,217.652,256.496,1141.48,223.623,245.609,1141.12,216.383,251.766
010056:1171.07,173.95,160.242,1172.59,170.076,161.283,1171.45,175.252,162.826,1175.9,167.216,154.688,1174.18,177.599,159.668,1174.47,166.893,134.907,1172.77,186.383,149.943,1167.9,168.137,114.136,1163.8,202.158,168.191,1161.07,175.883,99.4372,1149.23,211.626,189.715,1171.19,183.018,95.8175,1172.98,195.825,101.522,1162.51,190.541,59.688,1176.21,204.174,60.4344,1169.5,191.043,20.5931,1175.63,202.518,23.8485,1125.81,215.279,228.247,1132.83,211.517,232.335,1124.97,216.686,240.437,1117.5,221.615,236.46,1126.61,216.684,246.163
010057:1171.28,173.956,160.881,1172.8,170.082,161.923,1171.66,175.257,163.466,1176.28,167.221,155.949,1178.69,177.38,159.513,1170.76,165.851,136.333,1172.77,186.383,149.943,1164.05,168.397,116.334,1164.01,202.164,168.83,1170.51,175.455,100.125,1149.82,211.638,191.581,1171.19,183.018,95.8175,1172.77,195.819,100.872,1166.68,190.353,57.9836,1175.83,204.172,59.1475,1165.12,191.234,21.7801,1179.77,203.667,23.4184,1120.51,217.807,228.245,1119.61,214.306,234.049,1115.11,220.505,240.935,1119.52,225.115,234.695,1099.35,217.296,238.768
010058:1174.96,175.012,159.52,1176.49,171.13,160.563,1175.34,176.316,162.112,1176.08,167.215,155.308,1182.4,178.449,158.143,1174.68,166.899,135.55,1176.66,187.475,149.198,1164.25,168.403,116.975,1159.38,202.315,168.355,1165.83,175.682,99.8134,1145.29,211.767,191.087,1171.19,183.018,95.8175,1172.77,195.819,100.872,1166.68,190.353,57.9836,1175.83,204.172,59.1475,1165.12,191.234,21.7801,1175.16,203.829,23.9729,1121.55,221.313,222.976,1112.62,218.02,229.955,1114.81,225.178,233.325,1119.89,228.604,227.592,1074.89,215.552,234.959
010059:1170.72,175.248,160.337,1172.42,171.376,161.994,1175.55,176.321,162.753,1176.11,167.222,155.33,1174.39,177.604,160.309,1174.68,166.899,135.55,1168.48,186.582,150.765,1164.05,168.397,116.334,1151.15,202.63,170.525,1166,175.679,100.437,1137.24,212.034,193.151,1171.16,183.01,95.7938,1172.77,195.819,100.872,1166.25,191.657,58.091,1171.64,204.332,60.8872,1160.93,191.419,23.5926,1184.03,203.503,21.5574,1108.28,221.606,220.702,1106.28,220.528,226.015,1104.1,227.74,228.819,1109.77,229.956,223.606,1058.82,214.808,232.504
010060:1174.79,175.012,158.902,1172.04,171.371,160.737,1175.16,176.316,161.494,1175.53,168.515,154.76,1178.08,178.67,158.945,1174.68,166.899,135.55,1168.1,186.578,149.509,1156.31,166.305,117.982,1150.53,202.613,168.622,1157.83,173.536,100.879,1140.29,213.132,190.646,1171.19,183.018,95.8175,1172.77,195.819,100.872,1166.25,191.657,58.091,1175.37,205.474,59.2625,1160.77,191.424,22.9612,1183.87,203.508,20.9185,1111.91,224.974,210.567,1100.89,225.261,215.45,1101.83,232.357,215.23,1113.09,232.131,210.958,1036.93,213.166,233.439
010214:139.38,202.236,0.387862
