003018:1276.73,-145.827,152.21,1274.69,-143.765,155.507,1279.09,-143.148,154.43,1269.51,-134.504,152.708,1281.49,-134.863,149.677,1274.94,-146.378,129.608,1260.66,-129.04,135.945,1293.25,-146.394,124.516,1230.83,-125.884,136.449,1298.62,-165.763,129.299,1234.1,-132.123,155.441,1267.24,-144.534,79.554,1275.84,-125.058,78.8395,1289.66,-152.35,45.7419,1246.38,-124.499,46.4806,1297.51,-137.404,7.69714,1228.79,-97.0585,16.1477,1301.55,-178.005,167.526,1305.53,-191.371,173.457,1313.28,-186.631,186.691,1298.17,-173.984,181.402,0,0,0
003019:1272.27,-145.461,152.71,1272.24,-143.659,155.918,1274.42,-142.77,155.259,1266.87,-134.341,153.109,1276.52,-134.515,150.871,1272.58,-146.53,130.061,1260.66,-129.04,135.945,1293.21,-146.395,124.401,1230.91,-125.882,136.692,1301.05,-165.166,130.113,1238.42,-131.805,155.051,1266.15,-144.61,80.1577,1274.65,-125.427,80.225,1288.94,-152.133,46.5538,1244.16,-124.68,47.3812,1290.15,-137.911,9.59829,1227.66,-97.1673,16.4451,1303.06,-178.174,167.154,1301.03,-190.124,174.893,1309.34,-184.899,188.177,1304.72,-174.387,180.594,0,0,0
003020:1278.38,-146.514,154.657,1279.85,-145.187,157.257,1279.38,-143.407,157.04,1281.47,-137.713,152.765,1278.21,-134.75,152.469,1270.46,-146.675,131.255,1265.3,-128.69,135.065,1289.59,-146.626,125.099,1230.94,-125.882,136.816,1297.32,-164.172,131.546,1238.42,-131.805,155.051,1268.91,-145.224,80.5448,1272.58,-125.605,81.944,1287.24,-151.707,47.0953,1241.49,-124.376,48.6094,1291.04,-138.118,9.36993,1225.56,-97.3774,17.5385,1292.4,-177.708,168.775,1299.85,-189.937,176.365,1305.7,-184.809,188.501,1298.13,-173.518,181.822,0,0,0
003021:1270.55,-146.555,156.352,1274.24,-144.914,158.521,1269.15,-143.401,158.988,1280.71,-135.816,152.361,1263.45,-134.495,154.393,1270.58,-146.672,131.719,1264.05,-128.779,134.948,1294.17,-146.582,124.896,1235.47,-125.798,137.24,1300.17,-164.507,132.239,1238.61,-131.802,155.798,1263.09,-145.608,82.1875,1272.7,-125.603,82.4575,1286.37,-151.495,47.3022,1242.68,-124.283,48.4553,1292.17,-139.115,9.26392,1224.36,-97.7647,18.6609,1296.28,-178.242,168.245,1302.84,-189.823,175.657,1293.54,-184.131,190.352,1292.87,-173.773,183.401,0,0,0
003022:1280.23,-146.637,153.997,1279.42,-145.638,157.232,1280.86,-143.282,156.663,1272.94,-138.008,154.592,1275.23,-133.596,153.43,1269.49,-146.746,132.283,1264.05,-128.779,134.948,1300.11,-147.657,124.785,1235.47,-125.798,137.24,1288.53,-165.128,135.188,1238.64,-131.802,155.923,1261.94,-145.955,83.7792,1266.94,-126.055,84.259,1286.29,-151.499,47.0478,1242.87,-124.276,49.1235,1294.28,-139.24,8.71825,1224.36,-97.7647,18.6609,1300.9,-178.28,169.182,1300.65,-189.436,176.482,1299.18,-184.134,189.714,1290.47,-173.663,185.232,0,0,0
003023:1282.42,-146.191,153.282,1281.69,-145.799,156.417,1283.68,-142.705,155.756,1271.57,-139.514,154.593,1279.47,-133.438,152.485,1278.67,-149.01,130.136,1261.98,-128.95,136.399,1301.2,-147.595,125.215,1232.94,-125.997,137.725,1301.97,-164.681,135.853,1238.64,-131.802,155.923,1261.61,-146.237,83.852,1261.1,-126.505,85.5386,1286.15,-151.508,46.6335,1242.01,-124.364,50.5886,1295.51,-139.157,8.40104,1228.02,-97.4348,18.8675,1300.07,-177.61,169.799,1301.04,-189.191,177.826,1305.1,-184.366,189.576,1296.67,-173.602,184.214,0,0,0
003024:1272.92,-145.571,156.094,1276.16,-144.699,158.496,1273.46,-142.444,158.714,1278.53,-137.433,153.568,1274.77,-134.109,153.808,1278.75,-149.008,130.478,1260.95,-129.036,137.123,1301.27,-147.594,125.475,1233.01,-125.996,137.971,1301.01,-165.216,136.803,1238.8,-131.799,156.545,1258.1,-146.466,84.6237,1260.62,-127.073,86.3139,1286.15,-151.508,46.6335,1242.1,-124.363,50.9278,1295.51,-139.157,8.40104,1228.13,-97.4295,19.2425,1296.54,-177.299,170.644,1305.52,-189.019,176.761,1305.32,-184.361,190.386,1294.83,-171.811,185.456,0,0,0
003025:1256.4,-143.179,159.697,1259.17,-142.364,161.868,1257.05,-140.252,162.134,1270.61,-137.463,155.394,1270.69,-134.943,154.72,1278.88,-149.006,130.99,1260.95,-129.036,137.123,1301.36,-147.592,125.864,1235.24,-126.365,139.885,1300.29,-165.016,137.178,1244.08,-131.415,156.378,1256.93,-146.542,84.8802,1264.92,-128.053,85.6403,1287.36,-151.434,46.3446,1242.21,-124.358,51.3013,1295.51,-139.157,8.40104,1228.13,-97.4295,19.2425,1296.76,-177.293,171.324,1307.82,-188.934,177.204,1311.76,-183.381,188.501,1294.76,-171.347,185.842,0,0,0
003026:1282.19,-146.451,156.141,1280.39,-145.375,159.083,1280.8,-142.969,158.758,1272.86,-138.544,156.235,1275.98,-133.694,154.969,1280.96,-148.364,131.442,1260.99,-129.035,137.292,1299.54,-147.707,126.213,1236.06,-126.557,139.731,1300.94,-165.218,136.574,1244.24,-131.413,157.003,1257.22,-146.537,86.072,1259,-127.725,87.3313,1287.36,-151.434,46.3446,1242.25,-124.357,51.4708,1294.28,-139.24,8.71825,1228.13,-97.4295,19.2425,1297.65,-177.492,171.535,1299.13,-188.568,180.817,1302.05,-183.796,192.737,1290.46,-172.498,186.471,0,0,0
003027:1282.67,-147,155.209,1292.95,-146.699,156.207,1276.48,-143.58,158.727,1311.45,-141.307,148.668,1257.73,-135.445,157.29,1281,-148.363,131.613,1265.81,-129.995,138.478,1304.74,-147.368,123.992,1236.06,-126.557,139.731,1297.21,-165.411,136.992,1244.52,-131.409,158.127,1257.22,-146.537,86.072,1256.83,-127.897,88.3353,1287.36,-151.434,46.3446,1242.42,-124.355,52.149,1290.6,-139.49,9.66744,1228.2,-97.4259,19.4925,1308.28,-178.681,170.867,1305.07,-189.049,180.409,1307.83,-181.905,192.633,1303.3,-172.127,186.44,0,0,0
003028:1287.47,-146.279,155.261,1292.03,-145.004,157.192,1284.79,-143.377,158.257,1295.12,-137.688,151.933,1275.7,-136.028,154.899,1275.82,-147.672,134.569,1266.01,-129.99,139.141,1304.74,-147.368,123.992,1236.21,-126.552,140.217,1299.1,-165.797,137.776,1244.52,-131.409,158.127,1254.93,-146.688,86.7526,1258.16,-127.806,88.7616,1287.36,-151.434,46.3446,1242.42,-124.355,52.149,1288.16,-139.656,10.2981,1230.46,-97.2085,18.9014,1304.73,-177.176,171.239,1305.33,-188.808,181.672,1304.71,-182.044,194.244,1294.31,-170.676,188.037,0,0,0
003029:1281.13,-146.706,156.624,1289.59,-146.602,157.916,1281.46,-143.603,159.005,1303,-141.43,151.135,1280.69,-134.877,154.526,1274.85,-147.744,135.643,1263.82,-130.161,140.082,1304.74,-147.368,123.992,1237.94,-126.419,140.018,1298.48,-165.596,138.555,1244.65,-131.407,158.627,1259.79,-148.196,86.4089,1258.16,-127.806,88.7616,1287.32,-151.434,46.1701,1237.88,-124.717,53.42,1288.16,-139.656,10.2981,1232.72,-96.9905,18.3087,1298.45,-175.818,174.524,1300.21,-188.064,182.726,1301.71,-182.88,194.671,1296.28,-170.577,187.428,0,0,0
003030:1280.5,-146.518,160.335,1285.89,-145.645,162.086,1278.77,-142.873,162.758,1292.73,-139.1,155.652,1274.27,-134.362,157.482,1274.85,-147.744,135.643,1263.82,-130.161,140.082,1304.74,-147.368,123.992,1240.97,-125.952,141.135,1298.72,-165.59,139.417,1243.82,-132.184,159.987,1264.1,-149.222,85.8646,1257,-127.895,89.0138,1289.75,-151.286,45.591,1238.7,-125.183,54.3349,1288.16,-139.656,10.2981,1234.99,-96.772,17.7145,1296.41,-175.678,175.216,1302.99,-187.487,182.98,1303.83,-182.796,195.254,1298.61,-170.936,187.32,0,0,0
003031:1283.63,-147.454,159.705,1285.37,-146.095,162.079,1282.18,-144.235,162.546,1281.16,-137.387,157.635,1278.57,-136.271,157.7,1275.02,-147.741,136.324,1263.94,-130.16,140.587,1304.74,-147.368,123.992,1241,-125.951,141.26,1298.82,-165.587,139.776,1239.73,-131.113,161.885,1264.1,-149.222,85.8646,1254.68,-128.072,89.5174,1289.75,-151.286,45.591,1243.91,-126.341,53.8859,1288.16,-139.656,10.2981,1238.64,-97.2091,16.7573,1296.67,-175.672,176.009,1307.69,-187.31,184.417,1310.75,-181.564,195.365,1299.4,-170.199,188.695,0,0,0
003032:1283.79,-146.555,160.711,1285.14,-146.164,163.192,1283.08,-142.668,163.277,1279.66,-140.132,159.497,1279.05,-133.404,158.925,1275.11,-147.739,136.664,1266.91,-130.462,140.473,1304.74,-147.368,123.992,1241,-125.951,141.26,1295.57,-164.102,142.058,1240.99,-131.277,163.47,1264.15,-149.221,86.0355,1260.69,-128.395,88.2126,1289.75,-151.286,45.591,1243.98,-126.337,54.135,1288.16,-139.656,10.2981,1240.92,-96.9901,16.159,1300.2,-175.511,175.838,1301.41,-186.853,186.183,1310.25,-180.166,195.614,1300.93,-170.128,189.016,0,0,0
003033:1281.27,-146.105,160.313,1287.96,-145.929,161.985,1278.29,-142.733,163.306,1293.58,-140.207,156.555,1268.5,-133.832,160.373,1278.01,-148.346,137.351,1266.91,-130.462,140.473,1304.74,-147.368,123.992,1239.4,-126.083,141.955,1293.11,-163.999,142.989,1239.29,-131.404,163.768,1265.1,-149.423,86.2255,1260.8,-128.391,88.5865,1289.75,-151.286,45.591,1244.85,-126.531,54.06,1286.94,-139.738,10.6127,1240.92,-96.9901,16.159,1299.64,-175.071,177.114,1301.47,-186.15,187.244,1309.79,-179.487,197.673,1300.89,-169.661,189.643,0,0,0
003034:1289.61,-145.9,158.11,1289.33,-144.712,161.285,1286.56,-142.784,161.625,1278.31,-136.732,159.457,1275.08,-134.701,159.745,1278.18,-148.342,138.033,1267.08,-130.46,141.148,1310.62,-147.26,124.739,1239.59,-126.077,142.563,1287.64,-164.29,143.851,1239.47,-131.4,164.334,1266.95,-149.833,86.4495,1258.55,-127.792,90.0058,1286.46,-150.431,47.0574,1245.16,-126.52,55.147,1286.94,-139.738,10.6127,1239.78,-97.0997,16.4583,1301.8,-174.504,177.784,1302.9,-186.093,187.223,1307.91,-179.574,198.696,1303.8,-169.053,190.494,0,0,0
003035:1287.36,-146.009,158.229,1286.5,-144.153,161.594,1286.9,-143.336,161.243,1270.34,-134.058,160.513,1280.29,-136.841,158.143,1278.18,-148.342,138.033,1267.08,-130.46,141.148,1310.73,-147.256,125.086,1237.39,-125.497,143.752,1294.48,-163.94,144.588,1236.09,-130.513,166.003,1266.95,-149.833,86.4495,1258.59,-127.79,90.1302,1291.45,-150.128,46.3784,1245.16,-126.52,55.147,1285.73,-139.821,10.9271,1243.19,-97.8294,15.7008,1303.99,-173.935,178.617,1303.95,-185.354,189.555,1309.45,-178.103,201.214,1306.76,-168.442,191.414,0,0,0
003036:1287.33,-146.715,160.43,1293.79,-146.634,162.25,1284.08,-143.317,163.633,1296.82,-140.585,157.385,1270.58,-133.761,161.729,1280.96,-148.954,138.303,1267.08,-130.46,141.148,1309.96,-147.064,125.355,1233.81,-124.791,146.368,1297.43,-163.789,144.824,1233.35,-129.807,167.22,1267.11,-149.827,86.9485,1258.26,-128.075,90.1997,1286.04,-150.491,50.6087,1247.5,-126.339,54.7218,1285.05,-140.401,11.1014,1243.84,-98.2999,15.9368,1302.27,-174.02,179.695,1302.85,-183.752,190.603,1309.43,-178.103,201.117,1301.33,-166.828,193.013,0,0,0
003037:1298.35,-145.118,158.654,1298.88,-144.774,161.631,1295.12,-141.606,161.969,1286.18,-138.409,159.904,1277.9,-132.426,161.019,1281.05,-148.952,138.645,1267.08,-130.46,141.148,1309.1,-147.121,125.791,1233.89,-124.789,146.611,1299.5,-163.685,145.34,1234.36,-129.739,167.653,1264.87,-149.971,87.881,1258.52,-128.071,91.2177,1284.04,-150.351,51.3528,1247.54,-126.339,54.8918,1288.48,-140.439,10.6315,1241.46,-97.743,17.1034,1303.56,-173.023,181.011,1308.01,-183.544,190.927,1309.47,-177.868,201.568,1305.04,-166.646,193.444,0,0,0
003038:1290.09,-144.705,162.784,1290.99,-144.224,165.568,1289.44,-141.019,165.36,1280.94,-137.944,162.839,1280.8,-132.191,161.92,1281.09,-148.951,138.815,1266.04,-130.544,141.871,1308.38,-147.174,126.719,1233.92,-124.789,146.735,1297.52,-164.028,145.532,1234.36,-129.739,167.653,1260.85,-148.931,89.4145,1256.36,-128.246,92.3964,1284.04,-150.351,51.3528,1248.33,-126.808,55.6413,1300.83,-141.492,7.4438,1241.57,-97.7378,17.4811,1305.31,-171.992,181.036,1307.6,-181.91,191.871,1302.66,-175.125,204.715,1300.98,-164.968,194.621,0,0,0
003039:1290.67,-145.042,162.222,1288.55,-144.603,165.444,1291.38,-141.628,164.807,1275.13,-138.792,163.587,1285.54,-133.496,161.483,1281.35,-148.947,139.839,1268.41,-130.37,141.607,1310.38,-147.546,127.746,1236.75,-124.583,147.379,1291.85,-163.868,148.22,1234.42,-129.738,167.901,1262.65,-149.339,89.4239,1255.2,-128.334,92.6459,1284.04,-150.351,51.3528,1248.4,-126.805,55.8908,1297.41,-141.732,9.58825,1239.89,-97.3722,17.9211,1301.28,-170.532,182.081,1299.5,-181.315,193.502,1304.99,-173.842,205.19,1308.2,-164.599,194.762,0,0,0
003040:1287.19,-145.533,163.341,1284.74,-144.53,166.724,1290.61,-142.664,165.3,1266.03,-136.221,165.452,1293.02,-135.69,160.103,1282.4,-149.148,140.35,1268.53,-130.367,141.978,1311.29,-147.734,127.941,1238.84,-124.441,148.552,1291.21,-163.668,148.816,1234.53,-129.736,168.231,1261.44,-150.458,90.2246,1255.25,-128.333,92.8152,1284.04,-150.351,51.3528,1247.5,-126.891,57.1843,1296.18,-141.814,9.905,1236.46,-97.9886,20.0782,1303.69,-170.422,183,1309.32,-180.421,192.36,1300.69,-173.337,205.639,1301.07,-162.61,196.042,0,0,0
003041:1280.39,-145.784,165.659,1278.19,-144.824,168.97,1281.4,-142.509,168.014,1263.09,-136.414,166.993,1285.02,-134.476,162.54,1284.18,-149.559,140.284,1268.3,-130.155,144.169,1310.64,-147.538,128.556,1234.43,-124.779,148.585,1293.23,-163.565,149.204,1233.16,-129.383,168.817,1258.05,-150.676,91.4941,1252.93,-128.51,93.3131,1285.93,-150.766,51.4521,1245.24,-127.069,57.9003,1296.18,-141.814,9.905,1235.74,-97.8052,20.8044,1296.91,-168.405,185.392,1314.37,-178.785,192.703,1303.83,-172.012,205.856,1296.54,-161.676,196.946,0,0,0
003042:1283.69,-145.031,163.013,1282.71,-144.18,166.041,1283.19,-141.581,165.649,1266.83,-136.399,164.309,1275.71,-132.701,162.353,1285.16,-149.763,140.593,1266.05,-130.328,144.935,1310.64,-147.538,128.556,1234.7,-124.771,149.433,1292.78,-163.12,150.051,1233.16,-129.383,168.817,1260.72,-151.291,91.4956,1258.15,-129.68,92.853,1282.41,-150.983,52.6388,1245.24,-127.069,57.9003,1296.18,-141.814,9.905,1237.88,-97.8778,20.969,1299.04,-168.299,185.295,1308.94,-177.849,195.105,1298.68,-168.743,208.033,1302.65,-160.874,196.805,0,0,0
003043:1295.68,-144.153,157.813,1297.54,-144.444,160.709,1295.16,-140.655,160.451,1283.77,-139.731,160.785,1274.96,-131.86,161.115,1282.16,-149.698,141.935,1267.26,-130.24,144.889,1310.86,-147.532,129.25,1234.7,-124.771,149.433,1293.56,-162.136,150.904,1233.08,-128.248,169.685,1263.47,-151.906,91.7921,1258.28,-129.678,93.3618,1281.2,-151.057,52.9224,1244.41,-127.151,59.4387,1296.18,-141.814,9.905,1243.15,-98.9657,20.4142,1301.53,-166.762,186.266,1302.88,-176.238,196.733,1307.23,-168.088,208.267,1306.05,-159.751,197.629,0,0,0
003044:1294.55,-144.458,161.875,1296.6,-144.071,164.388,1292.97,-141.219,164.729,1287.91,-137.658,161.105,1279.27,-133.387,162.385,1280.67,-149.279,142.915,1267.26,-130.24,144.889,1308.25,-147.702,130.421,1234.86,-124.767,149.918,1293.75,-161.889,151.125,1234.27,-128.177,170.902,1263.56,-151.904,92.1336,1258.28,-129.678,93.3618,1285.85,-151.039,52.3747,1244.49,-127.148,59.6874,1296.18,-141.814,9.905,1244.84,-99.3333,19.9765,1301.6,-165.357,188.592,1303.13,-174.576,197.053,1304.88,-165.144,209.825,1305.42,-158.854,199.361,0,0,0
003045:1276.67,-144.399,167.603,1277.12,-143.115,170.456,1275.58,-141.174,170.386,1269.02,-134.433,166.634,1271.08,-134.794,165.466,1280.67,-149.279,142.915,1265.66,-129.846,145.444,1308.25,-147.702,130.421,1235.09,-124.763,150.786,1295.05,-161.347,151.406,1234.27,-128.177,170.902,1271.87,-151.394,90.5297,1258.4,-129.675,93.78,1278.79,-148.845,55.3872,1241.04,-127.414,60.4997,1296.18,-141.814,9.905,1246.57,-99.6998,19.6639,1300.6,-163.285,189.516,1310.42,-172.831,198.678,1304.61,-163.518,211.456,1297.94,-154.805,202.58,0,0,0
003046:1286.24,-144.409,166.327,1288.65,-143.798,168.647,1283.08,-140.738,169.047,1280.73,-136.788,164.82,1265.38,-131.842,166.553,1280.67,-149.279,142.915,1264.03,-129.454,145.875,1310.23,-147.584,130.596,1236.04,-124.693,150.998,1293.99,-160.463,152.626,1233.53,-128.003,171.029,1263.76,-151.898,92.848,1258.47,-129.672,94.0285,1281.35,-148.688,55.3782,1237.61,-127.68,61.3089,1296.18,-141.814,9.905,1246.65,-99.6991,20.0048,1298.25,-161.991,189.871,1308.65,-171.038,201.389,1303.03,-161.011,212.436,1300.14,-153.259,202.796,0,0,0
003047:1313.01,-143.656,158.144,1307.96,-142.512,162.221,1303.04,-140.542,162.579,1278.83,-134.615,163.058,1260.41,-134.189,165.503,1280.75,-149.277,143.256,1261.64,-128.865,146.705,1315.05,-147.291,130.513,1235.36,-124.245,151.51,1300.89,-159.856,153.017,1231.37,-127.481,171.517,1266.49,-151.746,93.8821,1258.47,-129.672,94.0285,1282.21,-148.897,55.1762,1241.15,-128.452,61.3173,1296.18,-141.814,9.905,1246.65,-99.6991,20.0048,1305.92,-161.112,190.007,1308.36,-168.688,202.059,1304.37,-157.875,213.557,1304.56,-151.816,202.658,0,0,0
003048:1285.29,-144.782,165.058,1283.14,-143.879,169.012,1283.17,-141.305,168.413,1264.7,-136.271,169.953,1267.24,-133.247,168.17,1282.32,-148.921,143.146,1263.54,-129.248,147.138,1314.26,-147.346,131.194,1233.09,-123.672,152.44,1302.24,-159.066,153.02,1233.94,-127.284,171.333,1264.12,-151.118,94.9179,1257.35,-129.758,94.4016,1281.05,-148.972,55.631,1242.1,-128.645,61.5848,1293.72,-141.977,10.5376,1245.5,-99.8072,20.3026,1297.61,-158.976,192.395,1304.57,-166.528,204.282,1293.41,-155.202,214.987,1302.46,-150.049,203.306,0,0,0
003049:1301.57,-143.723,163.439,1302.26,-142.747,166.397,1292.02,-140.33,167.965,1271.8,-131.303,166.782,1252.99,-134.056,169.437,1280.1,-149.066,144.078,1263.54,-129.248,147.138,1315.99,-147.727,131.24,1230.79,-123.101,153.245,1299.31,-158.04,153.896,1238.9,-126.703,172.788,1264.12,-151.118,94.9179,1257.56,-129.755,95.249,1278.13,-149.688,56.9969,1243.25,-128.557,61.3148,1290.05,-142.22,11.4831,1248.89,-100.545,19.425,1303.95,-156.011,191.816,1305.37,-163.882,204.033,1297.51,-152.138,214.9,1298.53,-146.259,203.627,0,0,0
003050:1282.27,-144.156,169.506,1286.33,-144.105,171.464,1274.65,-139.408,172.928,1296.01,-140.902,164.428,1261.75,-131.827,168.906,1277.73,-149.215,144.512,1263.54,-129.248,147.138,1317.72,-148.108,131.287,1228.73,-122.526,154.773,1297.1,-157.456,154.767,1230.58,-124.612,175.832,1264.31,-151.111,95.5394,1257.64,-129.754,95.588,1278.13,-149.688,56.9969,1247.9,-128.204,60.4017,1285.17,-142.544,12.7379,1249.1,-101.6,20.4594,1309.38,-155.479,193.206,1311.46,-162.145,204.7,1297.03,-149.821,216.268,1299.82,-144.285,203.917,0,0,0
003051:1264.44,-144.046,172.746,1263.8,-144.009,175.769,1261.93,-139.107,175.437,1270.7,-140.848,170.928,1267.94,-131.722,169.066,1274.18,-148.668,145.685,1263.54,-129.248,147.138,1318.78,-148.048,131.637,1227.95,-122.338,155.043,1298.04,-157.403,154.722,1229.91,-124.438,176.176,1264.31,-151.111,95.5394,1254.28,-130.011,96.7014,1287.13,-151.779,56.1705,1250.64,-128.787,60.6957,1291.37,-144.281,12.5281,1251.96,-102.925,19.9926,1307.65,-153.433,193.068,1302.62,-158.384,207.73,1297.33,-146.495,216.118,1303.18,-142.172,203.9,0,0,0
003052:1287.47,-143.784,165.758,1293.52,-143.689,167.641,1272,-139.824,170.818,1306.17,-141.825,160.372,1227.59,-133.828,172.438,1273.04,-148.741,146.07,1263.54,-129.248,147.138,1317.1,-148.158,132.578,1230.55,-122.133,154.959,1302.96,-156.891,154.779,1229.22,-124.265,176.41,1264.31,-151.111,95.5394,1254.33,-130.01,96.8705,1282.6,-150.733,56.5449,1253.32,-129.375,60.7411,1298.83,-145.949,12.0016,1252.85,-103.111,19.9436,1298.1,-151.148,193.958,1308.76,-155.43,207.393,1293,-143.244,217.425,1297.35,-139.689,203.128,0,0,0
003053:1298.46,-141.893,166.681,1298.34,-142.489,169.762,1292.34,-137.524,170.125,1297.89,-141.219,165.46,1263.22,-130.799,169.598,1271.91,-148.815,146.454,1263.51,-129.25,147.014,1317.33,-148.154,133.493,1232.15,-122.511,154.671,1305.34,-156.043,154.998,1231.82,-124.063,176.357,1261.92,-151.258,95.9148,1256.28,-130.397,97.5637,1282.6,-150.733,56.5449,1253.32,-129.375,60.7411,1300.39,-146.401,10.5973,1252.92,-103.107,20.1967,1300.65,-147.206,194.559,1313.47,-153.264,208.027,1295.03,-140.294,218.414,1306.46,-137.422,203.181,0,0,0
003054:1312.88,-141.573,163.229,1312.73,-141.996,166.205,1301.91,-137.496,168.12,1305.12,-139.669,163.642,1246.55,-131.783,173.367,1272.03,-148.813,146.963,1263.51,-129.25,147.014,1319.15,-148.78,134.304,1232.92,-122.701,154.404,1307.47,-155.686,155.275,1231.82,-124.063,176.357,1261.92,-151.258,95.9148,1258.69,-130.222,97.4098,1278.93,-149.94,56.1701,1251,-129.55,61.2842,1293.15,-145.835,11.9395,1250.92,-104.087,20.986,1302.81,-147.083,195.441,1312.46,-150.944,208.373,1302.48,-137.175,216.883,1300.39,-134.753,204.509,0,0,0
003055:1328.19,-140.334,160.319,1325.41,-140.832,164.238,1316.73,-136.29,165.12,1307.05,-140.388,164.64,1259.2,-131.725,171.062,1272.03,-148.813,146.963,1263.51,-129.25,147.014,1318.51,-150.275,134.64,1233.01,-122.699,154.776,1306.17,-155.291,156.469,1228.74,-123.379,176.413,1262.8,-151.464,95.8606,1257.89,-130.023,97.7118,1284.47,-150.569,54.7374,1251.12,-129.546,61.7039,1301.11,-147.703,10.3421,1249.88,-104.191,21.7963,1308.31,-143.876,195.002,1307.08,-146.523,209.739,1307.85,-134.173,215.462,1298.33,-132.507,203.839,0,0,0
003056:1340.59,-140.491,156.64,1335.08,-140.853,160.979,1323.8,-137.092,162.478,1305.02,-141.014,163.581,1246.73,-132.73,172.53,1272.03,-148.813,146.963,1263.51,-129.25,147.014,1306.28,-151.742,137.355,1233.01,-122.699,154.776,1305.98,-154.596,157.755,1229.58,-123.312,176.272,1268,-152.704,95.285,1257.89,-130.023,97.7118,1279.89,-151.714,55.4181,1254.51,-129.559,61.7141,1301.2,-148.133,9.88093,1252.43,-104.752,21.1399,1316.16,-141.211,193.971,1310.98,-144.135,209.484,1297.12,-129.474,216.964,1295.31,-128.2,203.59,0,0,0
003057:1308.79,-141.197,164.79,1308.63,-142.017,167.91,1300.18,-136.981,168.704,1301.61,-142.059,165.768,1261.33,-130.954,171.075,1266.2,-147.154,150.888,1264.54,-129.439,147.478,1297.59,-153.221,138.869,1235.4,-123.268,154.214,1309.8,-154.378,157.596,1232,-123.113,175.641,1267.67,-152.984,95.3567,1257.89,-130.023,97.7118,1281.18,-152.646,56.5933,1249.11,-128.165,64.715,1302.4,-148.365,10.2681,1258.49,-106.063,19.8546,1310.59,-138.228,194.813,1311.28,-140.764,208.542,1299.17,-125.973,215.394,1299.23,-124.812,203.153,0,0,0
003058:1290.18,-143.085,165.7,1289.38,-142.842,169.125,1283.55,-138.914,169.577,1293.63,-140.111,166.019,1251.96,-131.305,171.56,1267.87,-147.561,150.587,1264.54,-129.439,147.478,1305.67,-153.468,138.141,1235.32,-123.27,153.971,1310.3,-153.633,158.022,1234.61,-122.91,175.587,1271.98,-154.027,94.7551,1256.73,-130.11,97.9579,1274.87,-151.876,57.61,1245.65,-128.43,65.5185,1295.71,-147.523,11.8049,1261.06,-106.629,19.1922,1305.98,-135.443,196.022,1310.83,-135.303,208.948,1300.44,-122.052,214.147,1301.38,-121.52,201.442,0,0,0
003059:1318.13,-139.311,162.589,1317.27,-139.064,165.22,1304.43,-135.435,167.085,1305.69,-136.207,163.575,1252.53,-130.848,171.579,1267.87,-147.561,150.587,1254.16,-128.973,151.894,1306.54,-153.659,138.224,1235.32,-123.27,153.971,1312.41,-153.274,158.159,1234.61,-122.91,175.587,1272.14,-154.023,95.441,1253.77,-130.85,98.5856,1286.64,-154.471,58.5273,1245.65,-128.43,65.5185,1296.14,-147.467,13.7079,1259.74,-107.023,20.2161,1310.65,-133.193,194.772,1302.88,-131.815,210.326,1295.17,-118.426,215.089,1294.52,-119.656,201.349,0,0,0
003060:1299.44,-141.562,165.116,1300.56,-141.558,167.88,1285.31,-137.396,169.666,1305.22,-140.43,163.878,1242.93,-131.513,172.566,1269.09,-147.486,150.545,1250.85,-129.231,153.016,1308.22,-154.043,138.161,1237.75,-123.838,153.529,1312.41,-153.274,158.159,1234.61,-122.91,175.587,1272.36,-154.02,96.2983,1253.49,-131.132,98.7774,1275.68,-151.962,58.9309,1243.35,-128.605,66.0526,1298.7,-148.101,12.7939,1256.24,-107.334,21.1156,1305.7,-130.426,194.889,1307.06,-128.887,209.608,1291.9,-113.649,212.848,1297.81,-115.793,199.707,0,0,0
003061:1270.95,-144.761,169.753,1273.63,-144.824,172.581,1265.88,-140.355,173.32,1291.77,-142.341,167.383,1250.57,-130.461,172.725,1269.09,-147.486,150.545,1250.98,-129.229,153.517,1308.22,-154.043,138.161,1238.53,-124.029,153.257,1313.82,-152.718,158.825,1234.04,-122.496,175.915,1272.56,-154.015,97.0622,1250.07,-131.389,99.6797,1273.79,-151.506,59.3687,1243.35,-128.605,66.0526,1297.06,-148.551,12.1366,1255.36,-107.824,21.8588,1310.56,-127.663,193.519,1307.16,-124.779,207.407,1293.63,-109.901,210.826,1298.27,-113.573,197.968,0,0,0
003062:1273.78,-143.939,171.972,1276.15,-143.928,174.208,1265.43,-139.577,175.591,1283.11,-141.956,168.758,1245.26,-132.4,174.104,1273.87,-147.183,150.037,1255.56,-128.882,152.691,1311.57,-154.815,138.035,1238.49,-124.03,153.136,1314.08,-152.712,159.63,1239.11,-122.089,175.188,1270.27,-154.155,97.858,1250.27,-131.385,100.433,1277.32,-152.411,58.0747,1239.36,-127.718,66.311,1293.26,-149.461,13.6107,1254.56,-107.624,22.3619,1305.09,-125.412,192.998,1306.03,-121.505,206.993,1290.75,-106.319,210.292,1303.3,-111.463,196.493,0,0,0
003063:1269.24,-141.979,171.141,1278.22,-143.036,172.74,1261.24,-137.777,175.005,1303.18,-143.172,165.243,1244.04,-130.993,174.1,1273.87,-147.183,150.037,1255.56,-128.882,152.691,1315.99,-155.287,137.716,1238.49,-124.03,153.136,1314.16,-152.71,159.86,1239.11,-122.089,175.188,1269.13,-154.225,98.2784,1254.63,-132.362,100.172,1276.4,-152.055,59.8851,1242.97,-128.613,64.9006,1296.57,-149.329,15.158,1258.14,-108.418,21.4388,1296.07,-122.467,190.971,1306.25,-119.291,204.432,1298.24,-104.658,207.008,1299.3,-107.918,194.646,0,0,0
003064:1337.69,-139.643,161.127,1338.47,-140.313,163.821,1321.37,-135.286,166.254,1329.28,-140.931,161.264,1252.95,-130.253,173.086,1273.87,-147.183,150.037,1256.7,-128.795,152.484,1321,-156.455,137.292,1241.88,-123.76,152.519,1317.04,-151.35,160.899,1239.11,-122.089,175.188,1269.97,-154.434,98.1005,1256.99,-132.191,99.852,1276.22,-152.081,59.2043,1239.11,-127.727,65.4985,1300.83,-149.336,12.7914,1256.67,-108.848,21.3737,1305.71,-120.752,189.242,1306.74,-115.159,203.524,1299.63,-99.6797,203.637,1304.32,-106.717,191.426,0,0,0
003065:1274.33,-142.932,172.737,1276.36,-142.98,175.294,1265.81,-138.237,176.407,1282.18,-141.808,170.401,1247.98,-130.352,174.666,1273.87,-147.183,150.037,1259.05,-128.62,152.236,1326.39,-157.127,137.17,1241.13,-123.055,152.657,1311.53,-150.003,162.198,1237.2,-120.853,175.511,1275.21,-155.687,97.5303,1256.99,-132.191,99.852,1278.2,-152.173,59.1093,1240.59,-127.71,65.3019,1300.14,-149.552,12.859,1257.48,-109.027,21.1694,1305.42,-119.079,188.447,1303.2,-111.09,201.556,1299.01,-97.0525,201.683,1307.98,-105.394,188.799,0,0,0
003066:1317.11,-140.101,164.013,1313.75,-140.207,167.296,1305.22,-135.747,167.963,1293.94,-139.824,166.686,1265.88,-129.435,169.659,1273.87,-147.183,150.037,1259.05,-128.62,152.236,1330.04,-157.659,137.398,1241.13,-123.055,152.657,1311.06,-149.56,163.046,1242.24,-120.203,174.309,1272.79,-155.828,97.8589,1256.99,-132.191,99.852,1284.24,-153.668,57.5188,1240.33,-127.596,66.0427,1297.52,-150.492,12.5665,1259.64,-109.82,21.2613,1300.6,-117.527,188.235,1303.95,-108.854,200.73,1303.87,-94.6118,198.09,1310.23,-102.74,186.384,0,0,0
003067:1295.95,-139.336,167.817,1295.89,-140.677,170.921,1286.87,-134.336,171.591,1292.63,-142.633,167.861,1269.47,-127.696,169.362,1283.1,-149.445,148.112,1259.05,-128.62,152.236,1330.01,-158.402,138.737,1241.13,-123.055,152.657,1311.06,-149.56,163.046,1242.24,-120.203,174.309,1269.15,-156.039,98.2648,1258.36,-132.102,100.454,1277.7,-152.513,58.0763,1239.94,-127.577,65.284,1297.81,-150.661,11.2649,1257.3,-109.487,19.3441,1299.3,-115.193,186.158,1308.9,-106.214,197.498,1302.97,-91.0015,194.62,1313.62,-102.157,183.862,0,0,0
003068:1304.7,-140.921,167.9,1302.03,-141.264,171.446,1298.26,-136.486,171.522,1291.27,-140.261,169.842,1269,-128.736,172.046,1283.1,-149.445,148.112,1262.74,-127.847,153.145,1333.98,-161.84,138.634,1241.12,-122.798,152.529,1311.06,-149.56,163.046,1242.13,-120.206,173.976,1270.33,-155.969,98.0155,1257.2,-132.187,100.699,1277.24,-152.682,59.2288,1243.46,-128.293,65.9783,1295.71,-150.061,12.9505,1261.65,-110.318,20.057,1290.5,-113.47,184.181,1306.58,-103.236,195.407,1305.67,-89.7104,191.292,1306.63,-98.6161,182.309,0,0,0
003069:1297.41,-141.195,169.664,1295.38,-141.09,172.923,1286.81,-136.867,173.81,1285.9,-139.381,171.264,1252.53,-130.819,175.35,1283.1,-149.445,148.112,1262.19,-127.378,153.551,1331.36,-161.74,139.52,1238.6,-122.232,152.731,1311.06,-149.56,163.046,1242.2,-120.205,174.225,1270.33,-155.969,98.0155,1254.88,-132.358,101.186,1270.66,-151.719,61.736,1247.14,-129.095,65.9408,1294.16,-149.622,14.1732,1259.59,-112.046,20.4088,1301.09,-112.561,181.048,1309.72,-101.216,192.525,1305.41,-88.4497,187.95,1304.01,-97.368,180.823,0,0,0
003070:1331.87,-140.831,160.261,1325.69,-139.986,164.991,1322.92,-136.887,164.938,1296.97,-135.142,168.517,1271.28,-129.603,171.551,1283.1,-149.445,148.112,1262.19,-127.378,153.551,1325.23,-162.083,142.502,1240.32,-121.838,152.417,1311.18,-149.557,163.391,1242.2,-120.205,174.225,1270.33,-155.969,98.0155,1254.88,-132.358,101.186,1278.79,-153.518,62.2594,1252.18,-129.865,65.5615,1301.62,-151.221,14.7686,1267.37,-113.982,20.6647,1304.72,-111.257,178.348,1308.06,-99.387,190.611,1309.37,-87.0231,184.37,1312.71,-97.2092,175.375,0,0,0
003071:1312.51,-142.347,166.721,1306.99,-141.478,171.255,1305.21,-138.262,171.076,1278.03,-135.281,174.171,1266.84,-130.127,175.05,1283.14,-149.445,148.282,1262.19,-127.378,153.551,1316.4,-161.837,144.587,1237.1,-120.825,153.005,1311.18,-149.557,163.391,1242.2,-120.205,174.225,1271.52,-155.9,97.7659,1254.88,-132.358,101.186,1276.64,-153,62.637,1264.56,-131.655,63.2081,1297.28,-150.557,16.0143,1275.77,-115.867,18.4413,1312.23,-110.132,176.654,1307.03,-96.9805,186.648,1306.22,-85.2757,179.789,1315.02,-96.9146,170.921,0,0,0
003072:1322.19,-139.426,164.459,1321.82,-139.309,167.573,1309.33,-135.713,169.286,1322.92,-137.401,163.92,1241.89,-131.325,176.546,1283.14,-149.445,148.282,1262.2,-127.377,153.548,1319.31,-161.928,144.964,1235.4,-120.451,153.058,1312.36,-149.496,164.273,1242.2,-120.205,174.225,1271.52,-155.9,97.7659,1256.04,-132.273,100.943,1277.62,-153.777,60.3728,1255.41,-129.624,63.8399,1293.18,-150.704,17.1107,1255.28,-112.55,21.2746,1309.36,-109.621,175.663,1315.22,-97.8625,182.365,1308.16,-85.4855,175.779,1319.32,-97.1867,167.028,0,0,0
003073:1328.46,-140.675,163.155,1324.04,-139.865,167.487,1313.73,-136.75,168.857,1302.39,-134.361,169.344,1243.87,-130.811,178.53,1280.85,-149.591,149.051,1262.2,-127.377,153.548,1318.52,-162.71,147.068,1233.74,-120.076,153.232,1312.47,-149.493,164.618,1242.2,-120.205,174.225,1271.52,-155.9,97.7659,1258.36,-132.102,100.454,1281.42,-154.603,60.8137,1263.49,-131.488,62.3699,1295.34,-151.156,17.6114,1263.6,-115.408,20.4465,1309.3,-109.308,171.414,1305.72,-95.7408,179.651,1294.28,-85.0908,174.62,1320.58,-97.2473,163.425,0,0,0
003074:1322.22,-140.776,164.613,1319.53,-140.046,168.542,1309.95,-136.887,169.495,1303.82,-135.731,169.083,1252.53,-130.073,176.082,1281.01,-149.587,149.547,1262.2,-127.377,153.548,1318.37,-163.936,148.904,1233.74,-120.076,153.232,1307.88,-149.774,165.389,1242.2,-120.205,174.225,1269.87,-155.479,98.2929,1258.36,-132.102,100.454,1283.72,-155.126,60.7869,1261.5,-130.988,63.3957,1301.02,-152.486,16.6969,1267.82,-116.364,19.2512,1307.39,-108.968,170.758,1305.58,-95.6939,176.857,1310.43,-84.1312,168.68,1322.89,-97.2399,160.998,0,0,0
003075:1290.43,-140.844,166.389,1292.68,-140.452,169.291,1277.58,-137.265,171.337,1297.2,-137.84,166.864,1232.08,-130.833,176.759,1277.45,-149.809,150.186,1263,-127.312,153.14,1310.08,-164.861,151.516,1233.74,-120.076,153.232,1307.15,-149.826,166.116,1239.16,-119.52,174.493,1267.5,-155.619,98.7906,1258.36,-132.102,100.454,1279.34,-154.461,61.2816,1247.96,-128.533,66.4817,1300.4,-153.556,15.6519,1267.55,-116.355,18.641,1308.5,-109.326,168.995,1304.74,-94.4968,173.974,1310.32,-84.5434,164.88,1320.89,-97.6136,158.646,0,0,0
003076:1275.64,-143.384,169.28,1275.24,-142.168,173.037,1272.98,-139.306,172.572,1274.98,-137.119,172.134,1260.83,-129.08,172.322,1277.49,-149.808,150.309,1263.78,-127.247,152.605,1309.93,-165.595,152.478,1233.74,-120.076,153.232,1303.53,-149.354,168.896,1236.73,-119.013,174.206,1274.62,-157.288,98.4911,1258.36,-132.102,100.454,1278.18,-154.139,61.9791,1253.85,-129.925,65.0247,1297.19,-152.713,17.3059,1272.15,-117.741,17.6458,1312.57,-109.694,167.527,1303.23,-93.5938,170.565,1320.62,-85.1115,157.508,1319.34,-97.6927,155.814,0,0,0
003077:1317.09,-140.547,163.156,1316.89,-139.721,167.227,1302.71,-136.718,168.968,1303.81,-136.527,167.278,1240.81,-129.961,176.503,1276.31,-149.881,150.522,1263.78,-127.247,152.605,1305.29,-166.078,153.697,1234.43,-120.267,152.721,1304.64,-149.294,169.504,1236.51,-119.018,173.543,1276.43,-157.706,98.5096,1253.25,-131.963,101.661,1287.83,-155.862,58.6882,1246.69,-128.695,65.5042,1304.14,-154.834,14.7992,1262.14,-116.287,19.2193,1322.83,-109.96,160.937,1306.04,-94.9671,167.315,1317.36,-86.5623,153.693,1326.11,-99.004,152.787,0,0,0
003078:1333.73,-138.054,158.981,1334.25,-138.339,162.371,1318.17,-133.875,164.284,1317.55,-138.739,162.499,1261.63,-128.043,170.127,1276.55,-149.875,151.263,1263.78,-127.247,152.605,1300.64,-166.558,154.764,1236.02,-120.387,152.171,1304.68,-149.293,169.618,1236.41,-119.02,173.199,1274.05,-157.844,99.0087,1253.25,-131.963,101.661,1278.74,-153.78,58.9256,1245.3,-128.744,65.5048,1295.93,-153.706,15.3867,1244.44,-114.494,23.1954,1324.88,-110.497,159.24,1306.87,-96.0169,162.976,1316.29,-88.5656,151.044,1340.94,-102.066,147.099,0,0,0
003079:1317.02,-137.295,162.913,1319.68,-137.459,166.282,1304.58,-132.041,167.524,1316.28,-138.269,164.945,1270.87,-126.65,169.253,1273.43,-148.949,153.818,1263.78,-127.247,152.605,1298.55,-167.383,155.492,1236.8,-120.319,151.768,1303.15,-149.643,171.414,1234.68,-118.685,172.678,1274.05,-157.844,99.0087,1254.05,-132.161,101.362,1278.78,-153.766,59.2352,1249.07,-129.743,63.2074,1293.96,-153.099,17.4867,1248.24,-115.681,22.6587,1324.96,-112.901,157.286,1315.62,-97.8278,158.464,1326.11,-90.9913,145.811,1338.58,-104.21,145.304,0,0,0
003080:1338.1,-138.722,155.765,1335.86,-137.894,160.058,1319.27,-135.623,162.533,1308.96,-135.004,162.455,1243.31,-130.553,173.176,1274.28,-150.02,152.025,1263.71,-127.248,152.353,1293.88,-168.582,157.877,1236.8,-120.319,151.768,1300.58,-149.808,172.507,1236.8,-119.199,171.928,1274.05,-157.844,99.0087,1253.97,-132.164,101.115,1276.66,-153.518,60.8579,1250.02,-129.849,64.5067,1293.15,-152.995,16.5398,1261.81,-118.8,18.6516,1321.31,-113.905,156.341,1313.92,-98.4284,156.641,1330.87,-93.4292,141.24,1330.82,-105.307,143.07,0,0,0
003081:1266.92,-143.001,168.203,1270.94,-142.084,171.107,1260.5,-139.085,172.2,1280.92,-138.191,167.31,1238.07,-130.446,172.907,1280.23,-148.881,151.849,1263.71,-127.248,152.353,1297.18,-169.609,158.265,1237.52,-120.252,151.117,1300.62,-149.807,172.621,1236.7,-119.2,171.557,1274.05,-157.844,99.0087,1253.97,-132.164,101.115,1280.7,-154.462,60.5175,1248.49,-129.474,65.0398,1292.07,-153.053,17.4577,1258.76,-118.474,19.3378,1320.64,-117.325,153.532,1317.59,-100.935,151.318,1332.6,-96.6666,137.756,1327.65,-108.257,142.115,0,0,0
003082:1252.4,-144.619,171.492,1255.05,-143.455,174.68,1247.06,-140.221,175.327,1262.91,-138.689,171.636,1239.34,-130.414,173.664,1280.23,-148.881,151.849,1268.59,-126.853,150.019,1299.38,-170.93,158.607,1238.6,-120.129,148.853,1302.31,-150.185,172.704,1236.51,-119.204,170.84,1274.05,-157.844,99.0087,1253.97,-132.164,101.115,1289.63,-156.616,58.9715,1254.29,-130.84,63.6816,1297.62,-155.014,17.7498,1254.63,-117.096,21.4127,1321.16,-117.511,152.461,1321.42,-103.971,147.97,1340.66,-100.59,133.131,1325.13,-111.379,140.591,0,0,0
003083:1276.81,-142.177,171.906,1273.82,-141.358,176.089,1273.37,-137.55,174.906,1269.08,-137.342,174.285,1265.84,-128.085,172.044,1277.69,-148.265,152.302,1268.59,-126.853,150.019,1295.64,-171.134,162.322,1241.71,-120.373,147.5,1301.4,-150.24,172.853,1237.83,-119.07,169.202,1275.91,-159.038,98.6188,1253.93,-132.164,100.946,1289.55,-157,58.5871,1257.55,-131.603,62.9976,1293.95,-154.161,18.1626,1254.63,-117.09,21.4278,1321.12,-119.216,152.22,1321.75,-105.857,145.473,1335.08,-103.012,131.375,1327.31,-115.092,138.14,0,0,0
003084:1271.89,-140.7,173.495,1276.11,-139.992,175.79,1268.34,-136.18,176.249,1286.59,-137.136,170.055,1260.58,-128.597,171.953,1277.73,-148.264,152.426,1268.59,-126.853,150.019,1300.17,-170.911,161.413,1244,-120.427,146.163,1293.48,-150.735,175.089,1237.84,-118.831,168.813,1275.91,-159.038,98.6188,1252.73,-132.25,101.02,1274.25,-154.662,58.1445,1251.51,-130.395,61.6763,1289.91,-153.439,15.9223,1249.85,-116.105,21.3301,1319.82,-121.25,151.336,1327.16,-109.785,143.054,1334.99,-107.72,131.489,1330.87,-118.228,136.379,0,0,0
003085:1253.19,-142.166,174.426,1255.19,-142.239,177.319,1252.44,-138.33,176.835,1258.41,-138.878,173.68,1250.23,-129.436,173.064,1277.73,-148.264,152.426,1268.59,-126.853,150.019,1296.55,-171.09,162.166,1240.28,-121.482,145.942,1296.8,-151.49,175.144,1235.84,-118.5,167.331,1275.87,-159.039,98.447,1250.3,-132.423,101,1279.32,-155.618,60.4087,1249.79,-129.444,64.3812,1299.32,-155.724,13.6427,1256.28,-117.578,19.5127,1322.8,-125.39,149.707,1327.51,-114.893,142.009,1340.26,-113.697,129.463,1323.3,-123.463,137.322,0,0,0
003086:1252.17,-142.098,176.399,1253.63,-141.59,179.251,1248.27,-136.964,178.679,1269.04,-139.745,172.748,1254.47,-127.917,171.2,1276.89,-148.059,152.576,1268.66,-126.852,150.272,1293.82,-171.224,162.633,1239.34,-121.809,145.856,1298.49,-151.625,174.867,1235.81,-118.501,167.207,1275.87,-159.039,98.447,1256.98,-131.914,98.5195,1278.04,-155.552,57.6604,1251.21,-129.892,62.5703,1286.65,-154.095,17.1747,1247.85,-115.672,21.5827,1323.58,-128.481,148.209,1329.86,-116.902,140.928,1352.37,-119.161,125.071,1341.65,-127.987,133.521,0,0,0
003087:1246.88,-141.492,177.16,1251.32,-141.603,179.295,1244.13,-136.582,179.459,1266.81,-140.541,172.288,1247.95,-128.39,172.31,1276.89,-148.059,152.576,1268.66,-126.852,150.272,1291.19,-171.355,163.484,1251.42,-124.483,145.225,1303.38,-152.766,174.549,1232.4,-118.78,167.543,1274.4,-159.117,97.8233,1251.2,-132.341,99.7439,1277.92,-155.94,57.0911,1247.42,-129.089,62.2224,1291.17,-155.566,16.0263,1254.09,-116.984,21.3664,1323.8,-131.863,147.281,1333,-121.803,139.56,1345.64,-123.149,126.18,1333.78,-131.019,135.389,0,0,0
003088:1266.19,-141.036,173.496,1264.2,-141.216,176.796,1264.47,-136.305,175.778,1263.36,-139.737,172.801,1257.68,-127.343,170.937,1276.89,-148.059,152.576,1265.06,-126.082,150.139,1288.51,-171.488,164.076,1239.93,-122.002,144.831,1303.38,-152.766,174.549,1231.53,-118.85,167.565,1276.71,-158.983,96.9782,1247.71,-132.597,100.306,1279.77,-157.124,56.7377,1247.86,-129.14,62.7023,1290.42,-155.496,14.8114,1252.19,-116.576,21.5434,1329.43,-134.631,145.711,1371.91,-135.846,130.423,1345.4,-127.614,125.445,1310.68,-127.353,141.05,0,0,0
003089:1262.52,-142.562,172.772,1258.96,-142.523,176.403,1259.61,-138.227,175.428,1251.26,-140.727,174.291,1243.57,-129.531,173.065,1276.89,-148.059,152.576,1263.35,-125.696,150.319,1288.58,-171.486,164.333,1239.9,-122.002,144.706,1302.36,-153.551,175.57,1230.64,-118.92,167.463,1275.51,-159.051,97.2293,1252.5,-133.019,99.2905,1275.67,-156.073,57.9822,1253.55,-130.87,60.921,1290.02,-155.388,14.8142,1253.78,-117.032,19.881,1323.42,-137.947,145.195,1368,-139.092,130.161,1341.56,-132.592,126.808,1296.86,-131.256,142.966,0,0,0
003090:1239.45,-143.316,175.873,1243.81,-143.453,177.835,1236.79,-138.93,178.288,1258.29,-141.161,171.072,1238.63,-129.97,172.208,1276.89,-148.059,152.576,1262.28,-125.248,149.596,1287.22,-171.325,165.682,1238.04,-122.142,144.402,1298.74,-154.493,177.575,1228.97,-119.059,167.754,1274.32,-159.119,97.4799,1252.37,-133.021,98.7836,1270.1,-156.317,57.1578,1247.89,-129.95,61.275,1288.44,-155.06,14.4641,1253.32,-116.899,20.3798,1312.33,-141.599,147.531,1357.28,-142.02,131.732,1336.8,-137.092,126.647,1286.5,-132.965,144.967,0,0,0
003091:1252.94,-143.84,175.691,1251.66,-143.451,178.79,1253.61,-139.29,177.418,1251.98,-140.329,174.925,1250.07,-128.955,172.145,1276.89,-148.059,152.576,1263.04,-124.662,148.802,1285.8,-171.405,167.291,1236.88,-122.217,143.454,1300.71,-156.046,177.642,1229.45,-119.235,166.855,1273.13,-159.186,97.7303,1257.9,-133.645,97.0745,1273.5,-156.39,56.7343,1247.79,-130.289,61.2698,1291.03,-156.169,12.4223,1249.14,-115.984,20.9795,1303.66,-143.626,150.308,1344.3,-143.607,135.819,1324.79,-138.415,130.807,1280.56,-136.95,145.302,0,0,0
003092:1234.19,-143.513,178.587,1231.35,-143.474,181.643,1234.21,-138.962,180.215,1235.88,-141.296,176.454,1242.78,-129.67,172.57,1276.89,-148.059,152.576,1263.04,-124.662,148.802,1288.64,-171.269,167.332,1236.84,-122.218,143.333,1299.28,-157.804,179.183,1227.61,-119.141,166.222,1271.9,-159.255,97.8558,1260.15,-133.478,96.3313,1274.4,-156.236,56.64,1250.79,-131.104,58.9528,1294.22,-156.821,13.2166,1253.9,-116.985,20.8321,1307.73,-147.465,150.873,1346.69,-150.608,136.945,1302.95,-141.582,135.94,1268.38,-140.424,149.709,0,0,0
003093:1260.1,-139.705,175.674,1263.52,-139.989,177.78,1260.73,-134.623,177.03,1277.68,-139.642,170.618,1264.33,-126.684,169.207,1276.89,-148.059,152.576,1262.94,-124.664,148.423,1290.41,-171.18,166.898,1235.92,-122.032,143.118,1301.68,-158.382,178.917,1227.61,-119.141,166.222,1271.74,-159.261,97.3104,1260.67,-133.96,96.2217,1274.91,-156.343,56.7661,1248.49,-131.559,60.3143,1290.12,-155.907,13.1468,1246.7,-116.165,21.2724,1296.89,-149.344,153.299,1344.5,-153.926,137.026,1301.34,-147.952,137.561,1273.46,-146.003,150.425,0,0,0
003094:1261.58,-141.801,175.041,1264.9,-140.976,177.259,1260.95,-136.997,176.648,1280.83,-138.285,169.673,1259.83,-127.882,169.615,1273.35,-148.283,153.207,1262.94,-124.664,148.423,1290.44,-171.18,167.027,1235.66,-122.036,142.125,1316.84,-162.083,176.718,1227.61,-119.141,166.222,1277.85,-160.201,93.9573,1258.22,-134.131,96.2078,1276.91,-156.905,55.4878,1243.75,-130.927,59.6145,1291.48,-156.209,13.1186,1246.21,-116.099,20.7949,1312.16,-152.978,151.101,1341.33,-154.363,138.673,1302.86,-151.245,139.822,1263.56,-146.187,153.283,0,0,0
003095:1270.35,-140.688,174.064,1272.17,-139.756,176.274,1268.79,-135.606,175.653,1283.93,-136.887,168.69,1266.54,-127.403,168.101,1273.35,-148.283,153.207,1262.86,-124.666,148.177,1290.44,-171.18,167.027,1233.15,-121.471,142.339,1318.41,-162.477,176.346,1227.58,-119.141,166.098,1281.53,-161.044,94.111,1257.98,-134.138,95.3722,1277.17,-156.944,55.6877,1251.25,-132.039,57.1474,1290.55,-156.375,13.1202,1252.84,-117.457,21.0826,1318.43,-156.716,150.609,1361.65,-158.654,136.445,1324.16,-154.323,135.414,1285.2,-151.431,149.558,0,0,0
003096:1273.13,-139.826,173.009,1278.81,-139.512,174.574,1270.08,-134.641,175.054,1297.39,-137.317,165.647,1262.42,-125.761,168.55,1273.35,-148.283,153.207,1263.66,-124.86,147.901,1290.55,-171.177,167.382,1232.19,-121.287,142.006,1313.7,-163.699,178.843,1226.1,-118.987,163.687,1272.19,-160.525,96.2183,1257.74,-134.144,94.4908,1274.36,-156.318,55.3969,1249.18,-131.63,56.6194,1288.35,-155.731,14.9511,1257.92,-118.749,17.9118,1321.21,-158.987,151.656,1361.67,-162.863,137.422,1324.03,-157.482,135.01,1289.66,-153.773,148.643,0,0,0
003097:1280.29,-141.218,170.289,1282.85,-139.881,172.302,1277.09,-136.151,172.438,1293.65,-135.818,164.794,1263.74,-126.711,167.234,1273.27,-148.284,152.868,1263.66,-124.86,147.901,1290.61,-171.176,167.639,1234.49,-121.084,140.658,1317.08,-164.484,178.906,1223.1,-119.202,162.185,1269.56,-160.663,95.6918,1256.57,-134.228,94.7394,1276.43,-156.23,53.0574,1247.35,-131.573,56.8318,1288.21,-157.009,12.5647,1261.85,-119.537,18.2043,1325.65,-160.454,153.085,1379.24,-166.948,135.804,1338.05,-163.061,134.218,1294.1,-156.383,149.475,0,0,0
003098:1270.26,-141.542,171.763,1276.1,-140.778,173.376,1269.64,-136.927,173.656,1293.32,-137.311,165.46,1261.14,-127.547,168.308,1273.1,-148.287,152.19,1267.82,-124.785,146.482,1293.4,-171.04,167.408,1234.4,-121.085,140.285,1317.89,-165.167,179.637,1223,-119.205,161.842,1266.99,-160.028,96.0565,1254.13,-134.399,94.7731,1276,-155.829,52.259,1250.43,-132.367,55.302,1283.91,-155.989,13.2028,1252.77,-118.37,17.9701,1326.89,-164.031,154.861,1327.84,-174.094,149.222,1337.09,-166.051,136.456,1327.27,-159.096,145.929,0,0,0
003099:1279.54,-140.421,169.666,1285.57,-139.59,171.366,1278.48,-135.845,171.43,1306.21,-136.869,162.654,1269.86,-127.484,165.746,1273.1,-148.287,152.19,1267.79,-124.786,146.355,1281.85,-171.136,168.922,1234.08,-121.093,139.18,1311.65,-166.225,182.715,1224.31,-119.312,160.794,1266.07,-159.819,95.8927,1254.09,-134.4,94.6037,1280.06,-156.731,52.529,1250.7,-132.264,57.3466,1286.44,-155.903,11.7625,1242.36,-117.135,19.8295,1326.28,-167.214,156.377,1337.92,-175.822,149.471,1334.37,-168.153,139.571,1322.02,-158.919,148.897,0,0,0
003100:1280.38,-140.165,169.58,1285.13,-140.454,171.858,1280.62,-135.742,171.305,1294.37,-137.666,165.687,1271.69,-126.591,166.844,1273.18,-148.285,152.437,1270.04,-125.373,144.885,1281.85,-171.136,168.922,1238.98,-120.684,137.727,1308.68,-167.097,183.811,1227.33,-119.517,159.878,1265.83,-159.825,95.0067,1252.81,-134.486,94.3441,1278.01,-156.01,55.5309,1255.38,-134.05,56.817,1284.52,-155.412,12.5103,1257.47,-120.645,15.1291,1316.42,-168.468,163.259,1336.39,-177.615,154.935,1335.55,-172.006,142.745,1327.08,-161.574,151.555,0,0,0
003101:1275.73,-141.236,170.487,1282.04,-140.445,172.41,1274.14,-136.746,172.844,1304.11,-137.098,163.767,1264.6,-128.181,168.074,1273.18,-148.285,152.437,1273.27,-126.155,143.765,1281.08,-170.94,169.052,1238.95,-120.684,137.602,1294.93,-168.038,186.243,1230.54,-119.242,158.785,1264.65,-159.892,95.2577,1253.56,-134.686,93.8718,1281.23,-157.213,54.271,1254.67,-133.891,56.8611,1278.25,-154.486,15.6335,1264.44,-122.29,12.6552,1316.73,-169.665,165.056,1338.95,-181.397,158.021,1339.9,-175.236,147.301,1319.86,-164.16,156.507,0,0,0
003102:1269.38,-140.769,171.826,1272.15,-140.151,173.987,1266.28,-135.298,173.531,1289.18,-138.118,165.237,1259.6,-126.075,166.354,1273.18,-148.285,152.437,1274.57,-126.48,143.204,1279.29,-171.028,169.353,1238.95,-120.684,137.602,1297.39,-170.038,185.709,1232.15,-119.104,158.238,1267.28,-160.522,95.0942,1256.74,-135.486,92.5657,1280.28,-157.536,52.1944,1253.71,-133.736,56.1636,1289.13,-156.566,10.9382,1249.03,-117.231,17.8379,1321.91,-173.033,167.365,1352.42,-184.011,157.244,1345.76,-176.207,149.723,1323.7,-166.15,158.536,0,0,0
003103:1263.1,-140.089,172.178,1271.5,-139.801,173.886,1261.14,-135.49,174.505,1301.33,-138.072,164.106,1254.84,-127.485,168.96,1275.28,-148.141,150.998,1269.42,-124.781,143.511,1277.54,-171.116,169.781,1236.28,-120.894,137.594,1296.58,-171.494,185.701,1231.96,-119.107,157.508,1267.28,-160.522,95.0942,1260.24,-135.235,91.814,1289.19,-159.6,51.5261,1252.34,-133.369,56.9634,1286.48,-155.36,13.8896,1268.36,-121.715,11.808,1321.55,-173.313,170.859,1344.2,-185.827,166.642,1340.36,-178.425,157.158,1330.06,-168.768,163.373,0,0,0
003104:1279.68,-139.319,168.05,1285.55,-139.817,170.168,1278.87,-134.86,170.066,1293.23,-137.424,164.443,1263.86,-126.144,166.935,1277.3,-147.997,149.261,1270.74,-124.984,144.56,1272.11,-171.383,170.298,1237.52,-121.538,136.054,1302.92,-173.081,184.942,1232.44,-119.285,156.601,1268.12,-160.734,94.9151,1262.57,-135.068,91.3114,1276.11,-157.838,54.5235,1244.79,-131.671,57.5731,1286.6,-155.514,12.2739,1262.01,-119.627,12.3029,1318.55,-173.483,175.83,1333.09,-187.247,173.887,1336.4,-180.564,164.119,1329.79,-171.215,166.486,0,0,0
003105:1254.86,-140.177,173.08,1267.86,-140.352,173.643,1252.79,-135.864,175.154,1303.34,-137.335,161.863,1251.54,-128.296,168.507,1277.3,-147.997,149.261,1277.45,-126.623,142.108,1274.32,-171.262,168.314,1238.96,-121.407,134.867,1295.35,-174.152,186.473,1232.19,-119.289,155.624,1268.12,-160.734,94.9151,1262.57,-135.068,91.3114,1268.99,-157.195,55.8589,1254.97,-134.397,55.8183,1280.46,-154.083,12.9009,1268.51,-121.058,11.2553,1322.73,-175.945,178.558,1335.63,-187.165,177.369,1334.71,-181.388,170.21,1323.53,-171.791,172.561,0,0,0
003106:1275.95,-138.939,167.534,1282.74,-139.235,169.726,1272.56,-134.133,170.266,1302.58,-138.413,162.319,1261.38,-126.458,166.327,1276.2,-148.07,149.814,1261.5,-122.724,144.573,1273.19,-170.837,166.572,1235.47,-120.657,134.765,1298.21,-175.433,186.024,1222.57,-117.206,155.493,1269.31,-160.668,94.6634,1260.37,-134.958,91.0765,1277.75,-159.397,53.5678,1250.54,-134.041,57.1599,1278.68,-153.501,15.1406,1263.09,-120.119,13.5775,1314.04,-175.407,182.822,1335.07,-187.928,182.128,1337.43,-182.532,180.872,1338.03,-171.397,178.906,0,0,0
003107:1272.84,-139.844,168.008,1286.35,-139.812,168.768,1267.97,-135.806,170.763,1321.2,-136.451,157.833,1253.95,-127.563,166.95,1272.71,-148.294,150.619,1260.71,-122.031,144.285,1272.19,-170.884,166.388,1236.32,-120.588,134.602,1298.21,-175.433,186.024,1231.8,-119.3,154.407,1269.31,-160.668,94.6634,1258.65,-134.561,91.3147,1275.65,-159.198,54.648,1240.96,-131.82,58.6063,1290.7,-155.413,10.9524,1262.94,-120.443,13.6942,1314.46,-175.414,187.016,1333.15,-188.026,188.62,1336.25,-179.514,191.055,1326.66,-170.08,188.062,0,0,0
003108:1285.33,-139.981,164.785,1287.87,-140.082,167.782,1284.73,-135.067,166.925,1297.02,-138.981,162.518,1279.53,-126.137,161.902,1270.11,-148.448,150.026,1266.02,-122.293,141.477,1272.05,-170.888,165.94,1236.08,-120.596,133.871,1297.39,-175.473,186.553,1233.81,-119.818,153.3,1269.35,-160.666,94.7879,1257.65,-134.366,90.9078,1284.25,-161.421,51.633,1244.68,-132.701,57.7734,1298.52,-157.254,9.82733,1253.67,-118.311,16.3307,1320.05,-177.822,192.045,1332.34,-188.564,195.59,1336.31,-179.542,196.58,1329.33,-170.459,191.531,1272.63,-174.738,260.489
003109:1284.55,-139.625,165.801,1288.29,-140.693,168.432,1285.12,-134.848,167.474,1293.63,-140.023,163.315,1278.88,-125.872,162.488,1270.78,-148.656,149.243,1265.25,-122.183,140.744,1272.05,-170.888,165.94,1234.33,-119.708,133.563,1294.67,-175.6,186.981,1231.43,-119.545,153.474,1269.35,-160.666,94.7879,1254.04,-134.62,91.1519,1277.72,-159.828,52.6839,1243.98,-132.624,56.7993,1290.06,-156.01,10.9495,1257.77,-119.287,14.7276,1303.61,-178.106,198.808,1335.92,-189.172,200.95,1340.7,-180.355,202.705,1317.01,-170.625,199.5,1272.02,-174.748,258.55
003110:1278.48,-137.546,166.163,1284.32,-138.962,168.287,1278.04,-132.759,167.929,1295.07,-139.4,162.086,1270.94,-125.212,163.019,1278.36,-149.81,147.529,1264,-121.89,141.039,1267.31,-169.957,166.456,1234.16,-119.196,132.683,1282.95,-176.145,188.819,1235.34,-119.202,151.591,1269.92,-160.889,93.7366,1254.04,-134.62,91.1519,1275.5,-159.309,52.4034,1242.24,-132.18,57.5964,1289.33,-155.86,10.769,1255.45,-118.832,14.3078,1299.09,-177.882,206.081,1334.88,-190.431,206.777,1332.88,-180.719,208.855,1322.39,-169.696,204.788,1271.46,-174.758,256.562
003111:1279.6,-138.65,164.851,1283.39,-140.079,167.673,1279.61,-133.975,166.727,1287.66,-140.026,163.542,1277.39,-125.503,161.819,1276.81,-149.453,147.556,1262.22,-121.494,141.243,1266.08,-171.168,164.414,1234.01,-119.2,132.193,1277.53,-176.395,189.405,1239.9,-119.033,149.255,1269.58,-161.167,93.8094,1256.36,-134.452,90.6499,1277.17,-159.681,52.6067,1239.37,-132.243,57.8678,1288.32,-155.532,11.8508,1256.55,-119.064,14.2842,1298.84,-179.099,210.876,1327.44,-189.539,213.523,1343.48,-181.997,214.625,1325.56,-169.85,212.563,1270.51,-174.775,253.266
003112:1274.92,-139.919,165.921,1279.55,-140.974,168.584,1275.92,-135.031,167.523,1287.43,-139.991,163.434,1275.17,-125.612,161.676,1277.34,-148.895,147.059,1263.19,-121.766,140.403,1275.67,-171.85,161.247,1233.85,-119.203,131.573,1277.23,-178.034,188.482,1240.32,-119.214,148.116,1271.96,-161.811,92.7704,1258.65,-134.285,90.0223,1277.91,-159.873,52.3348,1241.18,-132.73,56.5479,1290.22,-156.017,11.1519,1254.4,-118.581,14.7409,1301.27,-179.018,214.107,1312.91,-188.945,222.324,1330.94,-180.431,225.278,1312.71,-171.706,219.424,1269.91,-174.785,251.327
003113:1276.18,-138.741,162.499,1279.48,-139.963,165.759,1277.53,-134.092,164.357,1283.62,-139.805,162.605,1280.69,-125.555,159.153,1277.65,-148.974,146.936,1263,-121.726,140.397,1275.46,-171.856,160.573,1234.25,-119.4,129.932,1271.23,-178.762,187.933,1240.32,-119.214,148.116,1271.84,-161.814,92.2552,1258.65,-134.285,90.0223,1281.13,-159.644,50.6685,1244.4,-133.536,55.289,1288.81,-155.757,10.4521,1257.36,-119.304,13.2244,1291.69,-178.994,218.497,1310.95,-188.566,226.21,1323.48,-180.068,230.717,1311.94,-170.602,224.83,1269.31,-174.795,249.388
003114:1277.19,-139.661,162.12,1280.8,-140.759,165.3,1278.88,-134.916,163.925,1284.66,-139.96,161.996,1279.19,-125.303,159.23,1279.46,-148.377,146.007,1259.19,-121.358,141.53,1277.94,-173.133,158.835,1237.34,-119.644,128.547,1272.54,-179.398,187.475,1232.12,-117.332,149.514,1272.77,-161.753,90.9697,1258.53,-134.289,89.6038,1279.98,-159.306,51.5543,1241.8,-132.905,55.9557,1291.04,-156.294,9.85039,1258.09,-118.762,12.8026,1286.14,-179.024,221.49,1301.5,-188.481,231.365,1307.67,-177.963,237.258,1301.95,-169.466,228.626,1273.03,-175.92,246.867
003115:1276.95,-139.398,162.541,1279.23,-140.435,165.733,1276.77,-134.459,164.478,1281.39,-139.633,162.251,1273.32,-125.026,159.857,1277.79,-148.003,145.838,1261.77,-121.998,140.428,1277.87,-173.135,158.61,1237.85,-119.581,127.139,1267.69,-180.075,187.615,1232.83,-117.503,149.254,1277.55,-161.488,89.9464,1258.44,-134.29,89.264,1279.68,-158.899,51.2006,1248.46,-134.533,53.7298,1285.68,-154.997,10.9976,1259.04,-120.046,12.793,1281.1,-178.798,223.923,1294.39,-187.596,232.829,1305.19,-178.099,240.966,1286.84,-168.136,231.68,1268.15,-174.815,245.461
003116:1279.87,-139.639,164.669,1278.99,-140.397,167.965,1279.77,-134.798,166.297,1275.33,-138.634,164.068,1275.84,-125.49,160.517,1273.82,-147.053,146.399,1267.53,-123.304,139.527,1277.65,-173.141,157.92,1239.5,-119.441,126.549,1261.92,-180.789,187.657,1234.81,-118.021,148.027,1275.16,-161.621,90.4588,1260.73,-134.122,88.5881,1277.91,-158.444,51.8011,1244.94,-133.726,54.1672,1287.36,-154.992,11.1398,1257.85,-120.204,12.1865,1272.83,-178.021,225.474,1281.21,-186.276,235.595,1285.44,-174.818,243.961,1287.25,-168.361,233.019,1271.65,-175.944,242.298
003117:1276.89,-138.159,161.713,1280.75,-139.462,164.66,1274.49,-133.306,163.997,1285.55,-139.846,161.153,1271.71,-124.377,159.599,1281.05,-148.797,145.213,1260.72,-121.761,140.53,1272.59,-173.609,157.059,1242.76,-119.682,125.644,1260.75,-181.068,187.233,1229.44,-116.832,148.283,1268.73,-160.417,91.3044,1260.61,-134.124,88.0777,1278.36,-158.549,51.7704,1245.67,-133.879,54.1081,1291.93,-154.671,9.34422,1261.01,-122.017,11.1864,1261.4,-177.385,225.373,1268.77,-185.979,235.3,1280.05,-176.214,242.849,1270.62,-167.126,233.431,1271.27,-175.951,240.986
003118:1270.76,-137.794,164.67,1276.14,-138.818,167.227,1277.18,-133.307,165.651,1274.99,-138.843,163.225,1277.29,-125.044,158.623,1271.97,-151.021,147.644,1267.23,-122.774,138.685,1259.5,-174.616,165.218,1241.56,-115.139,126.798,1258.99,-180.077,187.432,1228.66,-115.219,147.957,1269.15,-157.46,90.7991,1268.99,-136.967,87.2806,1276.68,-159.479,45.7668,1254.66,-132.05,48.1799,1289.7,-152.984,9.47518,1262.44,-122.808,12.866,1287.46,-177.674,213.982,1307.86,-183.573,222.276,1307.96,-172.81,226.371,1292.7,-166.747,218.76,1258.04,-173.955,242.679
003119:1274.99,-138.843,163.225,1275.97,-138.821,166.539,1277.01,-133.31,164.963,1274.81,-138.846,162.538,1277.12,-125.046,157.935,1271.8,-151.025,146.954,1271.65,-123.787,137.856,1268.03,-175.528,161.629,1241.73,-115.136,127.476,1253.72,-180.301,186.191,1228.66,-115.219,147.957,1269.15,-157.46,90.7991,1268.82,-136.97,86.5848,1276.68,-159.479,45.7668,1259.09,-133.096,47.1111,1289.7,-152.984,9.47518,1257.65,-123.187,14.1137,1264.09,-177.42,218.053,1270.03,-182.505,228.163,1275.5,-171.726,233.569,1269.21,-166.64,222.811,1240.56,-173.527,246.9
003120:1274.81,-138.846,162.538,1275.58,-138.829,165.205,1277.01,-133.31,164.963,1274.6,-138.851,161.891,1276.9,-125.052,157.286,1271.8,-151.025,146.954,1271.48,-123.79,137.168,1263.15,-174.413,160.368,1246.13,-114.752,125.926,1253,-180.318,183.514,1228.58,-113.87,146.599,1268.78,-157.471,89.4487,1268.82,-136.97,86.5848,1276.85,-159.475,46.474,1259.09,-133.096,47.1111,1289.87,-152.981,10.1918,1257.65,-123.187,14.1137,1263.49,-177.432,216.108,1260.65,-181.589,228.074,1265.86,-170.865,232.82,1264.53,-165.551,222.094,868.91,-191.12,332.481
003121:1274.81,-138.846,162.538,1275.58,-138.829,165.205,1276.8,-133.315,164.316,1279.39,-138.521,161.062,1276.9,-125.052,157.286,1276.22,-150.737,144.74,1266.85,-122.782,137.35,1267.48,-175.542,159.609,1250.56,-114.365,124.368,1252.58,-181.655,183.54,1232.61,-114.845,145.172,1268.78,-157.471,89.4487,1268.62,-136.977,85.9298,1281.59,-159.2,44.5897,1259.09,-133.096,47.1111,1289.7,-152.984,9.47518,1262.27,-122.81,12.1631,1253.53,-177.879,215.469,1250.55,-182.015,226.7,1242.23,-170.725,233.276,1249.91,-166.312,222.121,1211.85,-171.174,255.793
003122:1279.22,-138.524,160.373,1275.41,-138.832,164.518,1276.45,-133.321,162.941,1279.22,-138.524,160.373,1276.73,-125.054,156.599,1276.22,-150.737,144.74,1266.85,-122.782,137.35,1267.11,-175.551,158.279,1250.39,-114.367,123.687,1252.03,-181.668,181.545,1232.61,-114.845,145.172,1268.78,-157.471,89.4487,1268.45,-136.98,85.2339,1276.68,-159.479,45.7668,1254.47,-132.059,47.5236,1284.72,-153.282,10.7611,1262.27,-122.81,12.1631,1244.13,-176.996,214.772,1237.22,-180.001,227.194,1233.41,-168.569,232.437,1240.55,-165.489,221.393,1203.89,-172.894,261.365
003526:103.103,-50.5653,-0.64112
