016923:955.784,90.5976,139.772,954.35,87.9417,143.718,959.948,93.4766,141.891,957.499,82.159,142.413,970.633,96.6025,137.547,961.279,72.0041,123.291,981.033,93.7341,117.079,936.545,59.1491,105.237,988.611,101.083,92.499,921.346,58.6627,83.7334,985.491,116.63,74.9379,966.225,67.2037,74.7755,977.217,80.6693,71.5212,928.912,81.6498,50.2186,982.847,93.4655,36.719,951.364,68.3485,18.6081,996.794,74.3626,5.9378,907.158,79.628,55.4514,880.299,89.1704,56.6707,871.82,86.9371,47.3117,898.027,77.2144,47.2069,0,0,0
016924:947.452,90.8786,141.939,949.971,88.0636,145.232,951.757,93.746,144.052,958.069,82.4693,142.839,969.104,96.8713,138.701,958.409,72.8762,124.653,975.226,94.9059,118.274,935.068,59.0711,105.497,981.071,101.764,95.007,923.211,60.6538,83.484,976.294,116.436,78.7131,965.858,66.6665,75.7037,977.364,80.0316,71.6554,930.987,82.7325,49.2078,980.961,93.045,36.4571,949.311,69.5114,18.6307,996.647,74.3491,5.6367,904.093,80.7495,55.1912,881.834,89.9014,55.2977,875.931,88.7323,43.4693,897.205,77.8219,46.9535,0,0,0
016925:951.377,91.3043,141.391,953.979,88.6867,144.863,956.904,94.7599,143.108,960.612,82.2131,143.031,969.92,96.8263,138.737,953.182,71.7621,126.963,981.366,95.3999,117.361,937.549,62.8107,104.643,986.414,104.647,92.2048,922.651,60.7583,84.0308,983.462,120.165,74.3046,962.566,64.0965,76.543,982.123,78.6157,70.6715,927.62,83.191,50.4751,980.519,92.9393,36.5057,955.813,72.075,13.5044,999.386,74.0283,6.975,907.102,81.0485,53.5038,886.044,91.208,51.4389,883.768,88.846,39.6969,900.251,78.5357,43.0288,0,0,0
016926:949.354,91.3549,142.069,949.968,88.8842,145.706,955.365,94.8407,143.694,954.64,82.9,143.879,967.351,97.4037,138.899,952.885,71.6437,125.892,986.678,95.6916,116.671,938.144,63.5445,103.386,989.805,105.188,92.7866,923.154,62.1916,83.7687,979.726,122.049,76.4509,955.944,65.3527,78.0574,976.931,80.2409,72.8727,926.704,84.0608,50.1473,981.221,92.8487,36.159,950.684,73.3492,13.841,995.886,73.2636,7.13964,906.89,82.0585,53.3024,887.439,92.041,51.924,877.304,89.4647,41.4873,898.283,79.8142,44.2773,0,0,0
016927:947.811,91.2287,142.746,947.952,89.0825,146.547,953.69,94.7831,144.268,952.612,83.4235,144.867,965.908,97.3787,139.198,949.994,71.6042,127.175,989.038,95.7529,115.808,940.028,63.4311,103.464,992.859,105.534,91.034,926.247,62.9721,82.2773,981.756,122.587,76.1262,958.048,65.5594,77.8601,971.334,82.1366,74.5632,923.47,84.5188,51.7767,982.047,93.0617,35.833,944.003,75.5581,15.0055,1002.52,74.8127,5.16528,903.879,82.9202,53.156,885.797,93.2005,51.7694,877.007,90.4536,41.0573,897.337,80.655,43.9078,0,0,0
016928:950.202,91.9404,142.037,950.082,89.5599,145.863,955.186,95.5201,143.738,953.396,83.6923,143.972,964.597,98.1971,138.852,951.662,72.7891,125.549,985.58,96.3632,115.295,941.213,63.4966,102.372,985.448,106.089,92.0027,922.277,63.5726,83.6282,980.309,123.583,76.3763,965.476,66.7605,75.3246,974.689,82.994,73.1211,921.461,84.7899,52.5061,982.894,93.2744,35.5828,942.815,75.248,15.7056,1002.17,74.4929,4.61955,905.001,83.7511,52.5582,891.077,95.4451,49.6452,877.477,91.8559,41.1605,903.424,83.0384,41.6434,0,0,0
016929:947.072,92.7721,142.562,948.649,89.8227,146.088,953.842,96.191,143.983,954.182,83.3492,143.84,968.238,98.4326,138.93,952.072,73.3655,126.204,979.758,97.9824,117.009,942.962,64.4318,102.028,984.095,108.004,92.6534,917.549,64.2649,84.793,973.283,126.39,77.506,979.414,66.9298,70.953,980.47,84.4228,71.3914,921.461,84.7899,52.5061,984.629,93.6996,35.2341,939.412,76.8324,16.7451,1002.24,74.5251,4.33029,900.943,84.2836,53.5119,894.815,96.4481,48.6327,873.01,92.4434,42.6928,900.73,82.8791,42.1936,0,0,0
016930:944.962,93.6271,142.583,947.318,90.7737,145.97,952.844,96.5988,143.75,951.035,84.3245,144.304,967.497,97.9359,138.876,950.175,73.6109,126.507,973.357,98.1494,118.429,939.185,65.1104,103.014,977.76,109.078,94.9164,916.255,65.9842,85.9247,973.753,127.043,77.7614,974.004,69.1322,73.2044,983.281,85.0809,71.1194,919.479,85.3488,52.9372,984.629,93.6996,35.2341,931.838,78.5251,17.7425,1006.27,75.4936,2.65306,908.072,86.34,52.2865,891.052,96.9503,50.439,878.992,95.3325,41.3283,898.249,84.2494,44.1353,0,0,0
016931:945.1,94.7163,142.431,946.277,91.9257,146.106,952.875,97.5178,143.606,950.131,85.188,144.524,968.727,98.1517,138.46,947.673,74.0942,126.991,979.037,97.5417,116.936,936.108,66.2037,103.94,981.451,109.79,93.9137,918.328,67.2132,86.264,973.05,129.347,77.6655,965.304,68.1811,74.6747,976.631,83.4842,72.3806,927.565,87.4055,50.8913,984.629,93.6996,35.2341,929.342,78.693,18.6698,998.935,73.2839,3.85227,909.951,88.1001,52.3737,889.635,97.8588,50.991,883.364,96.9822,40.8375,900.71,85.9011,43.8809,0,0,0
016932:949.27,95.453,141.197,947.827,93.4188,145.237,952.906,98.0363,143.1,948.776,87.1537,144.27,961.946,98.0927,138.761,947.986,74.6705,126.688,984.642,96.3524,115.735,926.569,67.5942,105.904,982.967,109.233,92.9441,915.573,68.362,87.0163,969.464,130.001,78.549,968.49,69.1527,74.0016,977.97,84.0505,72.5556,927.606,87.3906,51.249,984.629,93.6996,35.2341,931.372,79.7009,18.557,997.93,72.8301,7.79172,906.694,88.7888,53.8668,886.746,99.9241,51.9908,883.934,98.3951,41.3045,905.774,87.4699,42.5832,0,0,0
016933:943.539,94.2388,143.172,942.297,91.4942,147.327,948.054,97.6399,144.99,946.393,85.1923,145.26,959.624,99.7979,139.628,948.725,74.9685,126.103,984.995,97.6733,114.996,927.576,67.8645,105.242,987.053,110.33,91.901,917.275,70.0981,86.2919,971.054,132.005,79.3978,969.205,69.34,74.4161,973.646,85.4416,73.6061,928.312,87.5563,51.2767,984.629,93.6996,35.2341,927.167,81.6286,19.1669,997.93,72.8301,7.79172,902.153,90.4056,56.2643,884.361,100.254,53.5028,883.789,99.8912,41.7402,901.764,89.2621,44.4723,0,0,0
016934:945.836,93.3975,142.76,945.82,90.9282,146.717,948.353,96.9853,144.963,951.209,85.4179,144.555,955.939,99.922,140.545,953.47,74.6895,125.231,981.331,98.0072,115.916,929.553,68.3237,105.056,986.008,110.624,91.6123,915.272,70.3856,86.8391,971.582,132.913,80.1662,963.803,68.2907,75.9493,965.53,84.2762,75.3121,928.907,88.6418,53.1116,984.629,93.6996,35.2341,923.586,83.3217,21.2517,997.93,72.8301,7.79172,897.249,92.7616,57.7245,886.376,103.491,55.4608,883.561,101.886,42.2056,888.916,88.9829,48.5423,0,0,0
016935:942.698,93.4706,143.068,942.289,90.9502,147.205,946.351,97.1311,145.061,951.018,85.8025,144.51,958.574,100.653,139.762,957.852,75.4849,123.999,986.311,98.8298,114.541,928.659,68.907,105.028,984.287,112.31,92.4421,908.641,71.5912,88.7799,970.281,133.532,82.0488,961.784,68.8964,75.1885,966.033,84.4094,75.0474,927.088,89.2761,53.0573,982.621,93.2813,34.5163,920.993,84.1345,19.8597,998.656,72.9999,7.56571,893.238,93.2694,58.664,876.779,103.188,57.8506,882.796,103.955,43.3481,890.336,92.9917,48.3849,0,0,0
016936:946.111,93.6215,142.234,945.895,90.8265,146.417,948.715,97.4406,144.498,952.544,85.413,144.22,956.696,101.272,140.047,956.917,75.7593,124.249,981.68,99.7559,115.514,928.602,69.7147,104.461,985.315,112.555,92.9272,908.146,73.1999,90.2039,968.828,133.871,83.4308,962.722,71.1826,75.5274,973.256,86.2215,72.7575,921.82,88.4502,54.5107,977.983,92.4178,35.482,921.514,84.8748,18.5485,1002.3,73.8514,6.43194,880.45,91.9703,61.4646,866.917,104.449,62.125,873.301,105.384,47.222,884.707,94.9058,49.3289,0,0,0
016937:945.753,96.47,141.645,945.346,93.951,145.672,947.588,99.5077,143.984,952.628,88.001,143.518,956.026,101.334,139.862,956.776,76.9294,124.685,986.382,99.3547,115.103,925.003,70.1166,105.761,984.256,113.06,94.1174,912.639,75.5764,89.7637,967.781,135.422,84.7305,971.516,71.3314,74.3801,973.916,86.6507,72.6783,922.833,88.6742,54.7776,977.983,92.4178,35.482,922.129,85.4618,19.883,1002.3,73.8514,6.43194,879.046,94.626,62.8001,866.836,106.657,63.3005,863.905,106.794,50.9273,878.155,96.4799,51.4728,0,0,0
016938:947.181,96.4647,141.56,946.028,94.1234,145.761,949.516,99.4196,143.739,951.226,88.6263,144.167,956.356,101.333,139.978,954.436,77.066,125.646,983.077,99.8004,115.959,925.728,70.2881,105.669,981.756,112.999,95.2333,911.974,75.6693,89.9443,962.919,134.808,86.6846,963.999,71.2457,75.423,971.619,86.0858,73.2243,921.537,88.6336,54.7131,977.284,92.5085,35.8285,925.313,86.3002,18.5564,1002.96,74.2944,6.08552,874.923,95.463,65.4535,868.341,109.684,66.0123,859.82,109.701,52.7218,869.309,97.3897,54.3423,0,0,0
016939:949.028,97.4059,141.163,947.294,94.7612,145.467,950.38,100.287,143.538,949.581,88.4741,144.385,954.629,101.774,140.252,951.57,77.3546,126.217,981.178,100.115,116.52,923.273,71.759,106.49,985.342,114.493,95.3637,909.482,77.0534,91.6573,965.779,136.922,86.9227,963.163,72.5616,75.8134,973.31,87.0895,72.1469,923.926,90.941,52.6035,977.284,92.5085,35.8285,917.974,87.1922,19.1441,1002.96,74.2944,6.08552,869.715,98.8285,68.1627,867.909,111.966,68.4352,859.675,113.127,54.5693,860.499,98.5317,57.0707,0,0,0
016940:936.454,95.5066,144.508,933.955,92.9392,148.972,940.963,98.9246,146.172,940.58,87.9576,146.697,955.656,102.548,140.235,947.443,77.4552,126.571,984.895,101.497,114.806,922.282,72.3577,105.805,977.376,113.639,96.5819,903,77.9739,93.801,957.689,135.636,89.8533,960.951,72.4277,74.7755,970.356,88.586,72.0547,913.88,89.3912,55.3499,976.902,92.4039,36.0805,913.928,87.3812,21.8032,1002.96,74.2944,6.08552,865.311,100.858,70.4854,870.313,115.088,69.738,866.554,117.686,56.2357,859.575,102.778,58.776,0,0,0
016941:944.587,97.8588,142.744,941.851,95.4831,147.322,949.379,101.252,144.225,944.225,89.7605,146.477,959.78,103.465,139.483,949.091,78.4872,127.808,980.223,100.362,117.188,923.001,72.6717,107.524,982.88,115.223,96.7281,902.315,79.0666,94.3701,967.164,139.541,89.8605,947.995,70.9744,78.7083,955.756,84.8935,76.6387,919.765,91.0654,55.49,974.96,91.8742,37.2841,912.446,87.9988,23.1232,1002.96,74.2944,6.08552,856.851,102.692,74.6306,860.255,116.321,75.366,865.217,122.709,60.2076,872.179,110.894,56.4622,0,0,0
016942:939.305,98.3116,143.781,941.348,95.5865,147.17,945.693,101.406,145.307,951.725,89.1616,144.249,962.431,102.854,140.068,949.764,79.1769,126.945,975.177,100.381,119.096,923.925,74.72,107.382,974.307,116.24,99.2714,903.531,79.6367,94.0423,966.433,139.998,92.1039,939.591,71.9445,80.7502,953.125,84.1994,77.8986,927.925,93.1926,53.2011,974.999,91.8755,37.4111,912.987,88.3616,23.5864,1003,74.2958,6.21552,855.932,106.167,76.0355,862.297,119.515,77.8114,863.602,125.838,64.1311,866.528,114.021,60.2433,0,0,0
016943:952.554,99.0609,140.417,949.358,96.2167,145.165,954.21,102.069,142.813,948.537,89.802,145.009,957.809,103.302,139.848,950.124,79.3771,126.765,976.48,100.154,117.478,923.35,74.8844,106.827,959.2,115.83,101.981,903.464,81.1389,94.5716,962.48,140.157,94.0476,948.293,71.9532,78.6597,955.013,84.965,77.0104,916.106,92.3628,58.3988,974.999,91.8755,37.4111,912.768,89.6047,24.061,1003.04,74.2973,6.34549,863.198,109.401,75.6887,855.014,121.794,82.0503,856.916,129.724,69.698,865.126,117.587,62.7076,0,0,0
016944:946.399,98.5603,141.956,946.078,96.028,145.941,948.934,101.826,143.823,951.856,90.1064,144.377,956.92,103.789,139.716,951.081,79.7148,127.713,979.032,100.517,117.978,918.796,74.415,109.765,969.083,118.709,100.649,892.454,83.6521,98.3119,966.415,143.676,94.2489,946.869,71.931,81.5174,951.626,84.6048,78.647,918.73,94.0358,58.7744,974.302,91.9663,37.7559,904.325,91.0628,27.0874,1001.66,74.772,7.47949,867.21,113.812,79.0197,855.119,126.361,86.1244,857.749,131.818,72.1841,871.879,120.285,64.8403,0,0,0
016945:946.215,100.528,142.068,945.092,98.172,146.118,948.094,103.117,144.103,949.068,91.9054,144.94,955.405,103.457,140.35,948.354,80.6361,128.228,980.503,100.05,118.087,915.839,75.2231,110.697,964.91,118.301,102.905,894.84,85.7879,98.1811,955.411,143.071,98.7435,952.432,73.2196,79.4104,954.801,85.6634,77.8666,914.641,94.0576,59.3065,974.302,91.9663,37.7559,898.692,92.3346,26.8946,1001.73,74.7703,7.73816,869.388,115.311,80.5599,859.94,129.935,87.2677,862.454,135.729,75.4805,864.181,122.406,70.4178,0,0,0
016946:941.402,98.3059,143.325,940.214,95.5649,147.669,944.553,101.811,145.402,948.141,90.0388,145.511,957.265,104.807,140.286,950.68,80.519,127.247,985.372,101.463,116.348,910.319,76.5362,110.464,963.185,119.243,102.581,893.541,85.9619,98.5304,953.71,144.379,100.472,946.413,72.986,80.7766,955.25,86.0428,77.7721,911.633,95.326,60.7988,974.302,91.9663,37.7559,901.225,93.2626,26.2451,1000.89,75.8315,1.06827,872.711,118.848,83.1226,860.75,132.275,89.7772,859.906,139.354,79.1332,865.98,124.881,71.5445,0,0,0
016947:941.723,99.7182,143.294,940.266,96.8356,147.521,945.069,102.946,145.227,946.143,90.7908,145.506,954.599,105.07,140.662,947.612,81.0677,127.312,979.292,101.922,117.113,907.613,77.098,111.867,961.262,118.969,103.328,901.579,87.8162,96.3597,950.404,145.377,103.901,947.785,74.1045,79.7239,956.689,87.2795,76.3454,897.209,93.0618,64.7927,972.873,92.1461,38.3174,890.089,92.0678,30.5253,997.927,75.27,8.91981,865.898,121.56,87.3153,861.659,134.143,92.1571,864.428,142.301,81.2033,867.129,129.364,74.4984,0,0,0
016948:943.441,99.7342,142.734,941.402,96.9428,147.051,946.341,102.947,144.679,945.564,91.0869,145.313,953.828,105.239,140.302,948.699,81.6148,127.04,976.951,102.092,117.186,906.633,78.0824,113.001,962.609,120.375,103.675,901.87,88.8255,97.8295,948.667,146.413,105.35,950.137,74.321,80.5442,955.427,86.9054,77.5394,900.233,94.9521,63.3973,973.155,92.7488,38.5113,897.027,93.979,27.5997,997.927,75.27,8.91981,864.275,123.945,90.5292,862.792,137.461,96.4981,859.212,145.476,86.9828,869.387,132.815,78.1489,0,0,0
016949:938.233,100.098,144.536,939.022,97.0106,147.893,942.448,103.404,146.472,947.45,90.9327,144.725,956.156,105.546,141.655,946.894,81.8027,127.669,972.58,103.819,120.389,905.268,77.8873,114.915,966.926,121.729,104.035,892.201,90.6022,101.177,946.844,146.583,107.104,938.571,76.0438,83.341,957.33,87.3652,77.3092,903.264,95.793,62.1257,971.689,92.9264,38.9449,893.172,93.4944,28.4696,997.248,75.3725,9.41431,858.317,125.833,94.3451,863.83,139.083,99.2046,854.921,147.789,90.4614,860.612,134.247,84.0605,0,0,0
016950:938.683,100.71,143.539,939.177,97.5281,147.19,942.186,103.936,146.087,947.049,91.1869,144.687,954.682,105.963,142.283,947.011,82.2583,127.285,970.427,103.879,120.929,905.123,78.4032,114.414,959.258,119.926,105.46,886.907,92.1013,104.985,934.117,142.999,111.131,941.963,76.3638,81.8778,959.674,87.9821,76.2666,895.919,93.7995,64.5786,972.106,93.032,38.8217,893.226,93.9948,29.0014,999.614,75.8905,9.38653,860.217,129.481,97.0452,863.557,141.782,103.011,859.758,151.456,94.5747,857.902,138.581,87.7183,0,0,0
016951:934.017,101.594,144.61,934.545,98.4776,148.154,938.659,104.24,146.808,943.978,91.7264,145.275,954.173,104.856,142.259,944.303,82.2009,127.814,967.203,103.542,121.684,905.968,79.1425,114.095,960.432,120.227,105.473,885.32,93.5838,107.417,941.667,145.682,110.563,938.895,77.0548,82.939,959.366,88.1341,76.9536,894.714,93.7034,65.3883,972.106,93.032,38.8217,894.561,94.352,28.6037,1003.27,75.659,7.82544,861.934,130.799,99.4423,863.001,143.031,104.629,858.923,153.472,98.2917,854.582,140.634,91.6992,0,0,0
016952:934.825,101.206,144.102,933.595,98.1916,148.08,938.278,104.324,146.461,940.596,92.0114,145.868,952.403,106.067,142.15,945.737,82.722,127.117,967.468,104.574,120.706,912.351,80.8079,111.945,965.11,122.297,104.767,881.215,94.165,109.884,941.644,146.388,111.799,940.386,75.99,82.6965,952.116,88.4868,78.4189,897.365,94.4375,64.3074,972.106,93.032,38.8217,895.973,94.6665,29.1076,999.145,74.0914,9.80625,862.685,133.385,101.863,867.895,146.221,108.281,865.36,155.806,99.6324,860.334,144.402,94.4162,0,0,0
016953:935.937,100.747,143.292,935.316,97.711,147.193,938.545,104.084,145.943,942.686,91.7429,145.17,950.676,106.653,142.38,947.18,82.6206,126.867,963.318,105.805,122.173,908.317,81.3008,113.409,964.556,122.652,105.41,875.669,95.3874,112.332,942.326,146.464,113.23,940.774,76.09,83.4171,952.361,89.0739,78.5232,896.534,94.4862,64.3939,972.087,93.0325,38.7461,890.921,95.4081,30.6365,1004.34,75.2855,8.61461,862.937,135.315,104.303,869.982,146.594,111.102,863.735,158.586,103.813,857.176,144.995,97.8035,0,0,0
016954:935.7,101.471,144.307,935.224,98.2328,148.302,936.718,104.811,146.688,942.617,91.9041,146.311,945.596,107.281,142.606,943.003,83.1535,129.657,976.682,104.746,118.658,905.039,81.3458,116.397,970.152,124.609,105.836,874.038,96.1233,114.012,950.92,148.887,112.878,941.854,76.703,82.4822,954.224,89.5523,77.9359,898.504,96.1093,63.1139,971.354,93.1211,38.9627,885.172,96.4679,32.3654,1003.58,75.3855,8.85136,870.557,137.213,104.589,869.87,148.515,112.507,871.365,161.087,104.631,865.18,148.09,98.2319,0,0,0
016955:931.938,101.517,144.21,931.563,98.3643,148.004,934.682,104.582,146.857,938.263,92.2425,146.455,946.875,106.831,143.789,941.885,82.973,129.46,960.85,106.795,124.57,893.951,83.0948,119.335,973.464,125.753,105.635,874.281,97.1003,115.442,955.678,150.252,112.395,940.917,76.9132,82.935,954.644,89.9145,78.0211,898.26,96.3723,62.2326,970.622,93.2098,39.1791,883.956,96.1358,32.7616,1003.58,75.3855,8.85136,870.898,138.901,107.244,875.309,150.894,112.565,870.915,161.144,105.4,860.241,149.965,101.565,0,0,0
016956:931.856,101.588,144.718,932.924,98.3799,148.524,931.933,105.002,147.475,941.848,92.2991,146.411,940.89,107.811,143.546,940.787,83.5745,129.893,974.74,105.809,119.093,899.596,85.0959,117.706,974.201,126.482,105.774,876.81,98.2445,115.658,953.541,151.165,113.966,938.453,76.6507,82.5125,952.1,90.1175,78.0547,894.156,96.066,63.1585,970.622,93.2098,39.1791,883.808,97.468,31.8337,1003.58,75.3855,8.85136,868.633,140.595,110.115,873.355,152.569,116.613,871.961,162.289,107.86,864.962,150.541,102.156,0,0,0
016957:936.436,102.638,143.322,937.519,99.4671,147.118,935.449,105.827,146.399,943.055,92.7487,145.821,940.298,107.634,143.609,940.469,83.8888,129.588,968.621,104.578,121.069,894.39,86.5942,118.527,966.12,124.964,109.08,873.198,98.7287,117.227,948.191,150.592,115.986,939.473,77.1862,82.2842,947.168,89.9034,79.8135,895.533,96.9938,62.3097,969.577,93.4922,39.4885,886.613,98.3317,29.6057,999.729,75.8825,9.90161,865.707,141.612,112.499,873.574,154.721,119.523,872.199,164.679,111.168,860.225,152.168,105.919,0,0,0
016958:932.439,104.674,143.914,933.642,101.609,147.282,934.578,106.912,146.838,940.891,94.4337,145.652,945.589,106.713,144.462,938.738,84.5668,129.916,960.923,105.07,125.341,894.977,86.7577,118.256,961.336,125.472,111.125,872.74,100.028,118.718,947.659,151.156,117.235,934.566,77.2952,84.0883,940.315,89.6932,82.5233,895.841,96.9479,64.0267,969.677,93.7915,39.459,879.814,97.6014,34.1353,996.695,76.2795,10.8417,865.794,143.287,114.332,872.13,155.838,122.624,867.107,165.349,115.361,855.397,153.785,109.203,0,0,0
016959:929.646,103.707,145.332,930.532,100.691,148.719,933.144,106.467,147.783,936.607,94.4175,146.629,945.753,107.739,144.092,936.525,85.3559,129.75,958.716,107.145,124.673,893.688,86.9317,118.587,967.005,127.593,109.813,874.566,101.738,119.237,949.865,151.765,117.37,934.226,77.7154,83.3471,937.316,91.3873,82.2962,894.615,96.7992,61.8212,968.635,94.869,40.1822,878.927,99.3715,31.7524,996.695,76.2795,10.8417,865.427,145.024,116.916,873.4,156.03,124.791,867.066,167.726,117.736,854.043,155.307,110.664,0,0,0
016960:931.714,104.143,143.882,933.044,101.401,147.499,934.911,106.626,146.505,938.91,94.8101,145.595,945.857,106.614,143.175,929.279,85.3403,130.819,961.168,104.694,123.797,891.863,87.1929,119.432,958.545,126.094,111.22,882.546,104.388,118.436,944.089,150.025,118.808,936.873,77.4665,80.9501,935.855,90.9852,83.0507,892.702,95.3683,64.2761,967.216,95.0453,40.7395,882.526,100.894,30.5161,996.758,76.5472,11.2386,868.125,146.234,118.08,876.854,157.208,126.157,866.63,169.419,120.523,854.683,156.96,114.544,0,0,0
016961:923.846,103.369,146.136,923.939,100.283,149.966,929.098,106.322,148.074,930.721,94.0812,147.715,946.739,108.221,143.033,931.192,86.5065,130.948,964.267,107.515,123.554,892.545,87.1082,119.387,963.951,128.045,111.31,881.132,106.5,119.554,948.83,151.452,117.634,939.328,78.2595,80.1006,940.156,92.9143,81.6248,894.354,96.3748,63.2536,967.901,95.1442,41.6716,876.294,100.683,33.1308,996.758,76.5472,11.2386,869.606,147.557,119.799,876.114,158.932,127.703,869.493,170.195,121.799,854.163,158.664,116.767,0,0,0
016962:930.777,105.159,145.148,933.507,101.605,148.104,931.996,107.844,148.323,941.013,94.4026,145.576,940.232,108.882,145.925,932.347,86.2427,130.604,958.409,108.283,125.292,893.397,88.0157,120.434,964.589,128.189,111.62,881.733,107.401,119.902,947.536,150.375,119.752,936.511,79.2506,82.2375,939.571,93.5713,81.6547,893.701,97.2523,63.2721,972.727,95.0217,39.9736,877.56,102.14,31.8456,994.054,75.5974,12.6371,870.121,148.037,122.017,870.679,159.387,130.41,867.883,170.811,123.84,860.978,161.184,117.677,0,0,0
016963:922.734,103.766,146.411,926.424,100.799,149.221,926.563,106.99,149.143,937.096,94.5441,146.083,940.48,109.285,145.385,928.381,85.8798,131.007,956.997,108.439,124.906,895.388,88.7472,120.682,964.64,129.356,110.778,880.459,108.039,120.596,950.834,151.377,118.808,929.648,79.0353,83.8971,932.561,93.6482,82.9714,883.57,96.1345,65.0855,970.668,95.5854,40.7189,879.942,103.903,30.2992,992.547,75.7956,13.1028,866.081,148.434,124.547,867.746,159.639,132.123,862.28,171.202,125.96,859.693,162.225,118.981,0,0,0
016964:923.782,103.17,145.957,927.646,100.373,148.743,925.665,106.453,149.003,938.944,94.999,145.577,935.581,109.421,145.92,933.666,87.1738,130.534,955.335,109.763,124.987,896.651,90.5546,121.365,964.578,130.929,111.374,878.046,108.827,122.079,955.483,152.398,118.942,939.226,80.457,81.9035,938.75,95.2224,81.8888,886.374,97.1374,64.5321,969.205,95.7598,41.1497,878.447,102.8,29.4033,991.795,75.8946,13.3353,865.04,149.254,126.392,872.532,161.681,134.315,864.197,172.062,128.807,859.592,162.283,120.881,0,0,0
016965:919.804,102.691,146.79,922.528,99.8532,150.183,923.148,106.083,149.39,932.911,94.4996,147.231,938.932,109.197,144.766,921.564,88.0722,133.424,963.335,108.777,123.954,890.791,91.5583,122.838,958.542,129.178,113.481,881.109,109.669,121.669,940.695,147.933,122.864,936.252,79.9739,80.1386,935.202,95.4415,81.6747,885.479,97.9917,63.926,966.783,96.5129,41.783,881.66,103.633,29.235,990.18,76.6264,13.6913,863.449,150.141,128.539,871.005,161.838,136.072,866.909,173.296,130.312,857.714,162.012,123.223,0,0,0
016966:922.929,105.515,146.656,924.489,102.276,149.867,925.864,108.643,149.537,931.468,95.451,147.312,935.806,110.258,146.433,926.33,86.4641,131.504,948.723,109.082,126.701,890.778,92.545,123.345,961.459,130.014,112.596,877.464,110.122,123.229,953.493,151.658,121.195,930.788,79.515,82.7223,931.143,94.4046,82.3973,882.4,98.5163,63.8132,965.701,96.7908,41.964,874.93,103.349,30.9275,986.632,77.1245,15.4909,861.099,150.834,130.236,869.313,163.407,138.813,867.199,174.013,131.995,852.385,162.45,125.815,0,0,0
016967:920.411,103.457,146.761,922.706,100.221,150.154,922.979,107.367,149.569,931.383,94.0767,147.409,934.975,111.332,145.621,925.281,86.9595,131.758,950.668,110.323,125.596,889.589,92.9586,124.145,964.971,130.987,111.971,874.206,110.734,123.929,953.686,152.695,122.513,938.464,78.7226,80.6023,932.538,95.0273,82.1356,879.689,99.0373,64.9818,964.936,96.8759,42.052,874.11,104.963,30.839,986.632,77.1245,15.4909,860.004,151.659,131.752,869.561,163.402,139.712,865.842,176.457,134.678,856.347,163.099,126.505,0,0,0
016968:917.956,104.584,147.177,917.369,100.948,150.965,922.239,107.949,149.479,925.019,94.5808,148.338,938.755,110.896,144.851,924.939,88.0678,132.021,954.564,110.885,125.655,891.501,93.6945,124.165,967.806,131.683,112.658,874.887,110.901,124.123,954.704,154.585,122.912,934.186,78.0693,80.8333,926.866,94.6578,82.8334,881.051,99.2978,62.554,964.936,96.8759,42.052,871.948,105.765,30.0046,989.521,77.806,14.7376,864.838,152.885,131.383,871.992,164.87,140.355,867.451,176.845,135.997,856.684,164.937,127.289,0,0,0
016969:912.52,104.777,148.216,911.922,101.177,152.048,919.452,107.952,150.002,921.278,94.6339,149.225,941.974,110.391,144.333,927.786,88.6679,130.909,957.846,110.687,125.536,886.506,94.3583,125.923,966.75,132.465,113.065,875.539,111.069,124.203,950.779,155.198,125.122,937.866,79.9281,78.9377,931.831,96.5342,80.8955,883.577,100.087,60.5295,964.171,96.9609,42.1399,869.997,105.839,29.1815,988.062,78.0029,15.3285,862.551,153.338,133.064,873.998,165.442,140.864,866.806,177.359,136.656,857.042,165.65,129.182,0,0,0
016970:909.453,104.436,149.384,910.465,101.174,152.76,914.869,107.462,151.432,921.813,95.506,149.477,934.248,110.234,146.408,928.56,88.3165,131.199,948.551,111.93,127.754,883.382,95.016,127.084,966.959,132.544,112.75,864.555,112.873,128.595,947.899,154.863,125.868,931.712,79.6855,81.5395,928.388,95.8747,82.0915,879.324,99.1492,62.1126,965.196,97.5812,40.592,866.167,105.226,31.0378,987.314,78.1004,15.5593,863.241,153.999,133.763,873.389,167.153,142.865,862.555,177.656,138.458,854.071,166.114,130.887,0,0,0
016971:910.897,104.253,148.991,911.929,100.997,152.454,916.014,107.664,151.066,923.206,95.3305,149.135,934.146,111.04,145.98,929.497,88.4038,130.505,947.05,112.185,127.171,878.964,96.0767,128.566,964.351,133.212,112.819,862.267,113.165,129.914,949.984,155.461,125.803,927.353,79.6387,80.8349,924.806,95.8271,81.5949,884.426,100.88,59.7307,964.98,98.0721,40.6565,874.875,108.647,25.9314,986.463,79.0023,15.8224,860.199,154.503,135.141,871.541,167.533,143.814,861.424,177.741,139.232,856.461,167.106,131.033,0,0,0
016972:913.797,106.561,147.643,915.932,103.209,150.777,917.501,109.253,150.064,926.91,96.3092,147.484,932.222,110.356,146.012,923.631,88.9523,131.345,950.153,110.632,126.344,878.933,96.0773,128.451,959.296,133.339,114.929,860.438,113.382,130.499,950.958,155.751,125.637,928.172,80.3134,80.0758,925.531,95.9839,81.8913,879.179,99.9761,60.9049,966,98.5859,40.7118,872.196,107.857,27.1768,989.178,79.9569,14.5687,860.733,154.922,135.129,868.542,168.003,145.515,858.856,179.31,141.336,857.054,167.294,131.003,0,0,0
016973:916.686,107.727,147.049,917.558,104.58,150.588,920.427,110.18,149.415,925.554,97.9155,148.14,934.206,110.668,145.602,923.6,90.2052,132.026,951.497,110.121,126.271,876.995,96.5631,128.935,955.177,132.208,115.364,859.899,113.693,131.121,949.17,155.456,126.353,924.953,82.0984,80.5694,921.752,96.3208,82.6824,883.593,101.243,58.9678,963.78,98.841,41.2303,868.339,106.851,27.2133,989.139,79.9555,14.44,861.357,156.292,136.328,865.198,167.339,147.047,859.478,179.737,141.674,852.135,167.665,132.619,0,0,0
016974:910.313,107.239,148.924,909.659,103.779,152.522,917.022,110.04,150.516,916.953,96.9922,150.069,935.686,111.471,145.582,918.439,90.0868,133.157,955.865,111.237,124.687,876.013,97.1281,128.188,958.636,134.587,114.07,860.55,114.576,131.803,954.745,157.377,125.576,917.691,82.0591,83.5577,924.373,97.0177,81.9406,875.553,100.606,60.7978,959.123,99.5356,42.6786,868.517,107.449,26.7803,989.85,79.8573,14.0793,857.656,156.839,137.738,863.027,166.818,148.165,862.409,181.174,141.942,858.924,170.63,131.987,0,0,0
016975:909.965,107.125,148.784,910.706,103.675,152.18,914.507,110.114,151.2,920.74,96.6217,148.942,930.562,111.742,146.798,921.81,89.0824,131.28,947.381,111.633,127.047,873.937,97.363,128.079,958.384,134.479,114.6,859.826,115.367,132.11,952.239,157.382,126.784,915.512,80.9717,83.051,918.813,96.3752,82.853,877.039,101.047,59.9708,961.387,100.18,41.2035,870.801,109.259,24.4141,989.021,79.9512,14.0537,858.21,156.785,137.35,859.153,167.093,148.829,862.591,181.178,142.521,866.483,173.351,131.081,0,0,0
016976:908.009,108.157,149.281,906.888,104.499,153.161,915.81,111.281,150.911,914.865,96.9197,150.265,937.712,112.651,144.966,924.763,90.0138,130.247,949.821,112.252,125.862,868.842,97.9986,129.106,958.23,135.03,113.973,863.858,116.551,131.101,952.553,157.484,126.634,916.58,81.816,81.5564,922.087,97.3195,80.9058,876.925,101.004,60.1557,960.605,100.264,41.217,863.066,109.687,26.2788,988.126,80.3143,13.9113,858.805,156.969,137.323,859.837,167.513,149.385,859.512,180.946,145.434,864.231,172.817,132.002,0,0,0
016977:909.397,107.516,148.33,908.877,103.611,151.889,914.839,110.691,150.615,916.347,96.5229,148.775,931.772,112.962,145.956,918.812,90.572,130.581,946.732,113.4,126.632,868.842,97.9986,129.106,962.182,136.587,114.567,869.108,118.082,129.91,952.745,157.427,127.978,914.412,81.8699,82.4288,918.905,97.5516,81.4193,873.004,101.247,60.7206,958.4,100.515,41.7334,863.998,110.023,25.0804,985.753,80.6066,14.0952,855.236,157.275,138.929,858.095,167.655,150.298,857.611,181.065,145.891,861.698,173.232,132.901,0,0,0
016978:911.412,108.465,147.977,911.837,104.52,151.419,916.059,111.588,150.346,918.852,96.9488,148.497,929.989,113.423,146.241,916.387,90.6055,131.281,944.38,113.885,126.799,868.811,97.9991,128.992,956.097,136.51,115.521,873.035,120.002,128.92,951.629,157.11,127.98,913.702,82.5948,82.1928,920.511,98.5715,80.0624,871.929,101.816,59.7234,962.141,101.473,40.8908,857.151,109.127,26.7308,984.189,80.7983,14.3017,855.134,158.448,139.794,856.872,168.451,151.443,857.165,181.109,146.626,859.791,174.062,134.212,0,0,0
016979:913.665,108.932,147.133,913.754,105.176,150.73,916.462,112.085,150.057,919.359,97.5983,148.532,926.674,113.886,147.065,919.661,90.0434,130.352,940.208,114.059,128.246,868.539,99.2075,128.811,956.722,137.19,115.929,871.718,120.382,129.249,957.142,158.751,127.119,912.318,82.9669,82.5989,917.969,98.4191,80.7554,870.902,101.783,60.0581,956.365,100.098,40.6716,859.175,109.964,26.1163,981.956,81.0857,14.9942,854.582,158.5,140.179,856.28,168.731,151.951,856.174,182.775,147.47,862.168,174.826,134.098,0,0,0
016980:913.697,109.305,146.504,914.313,105.53,150.03,915.758,112.467,149.77,919.668,97.6249,148.033,923.77,113.982,147.53,919.671,90.6861,129.358,936.094,113.254,129.386,866.629,99.4428,129.165,953.056,136.681,116.745,868.325,120.726,129.236,958.036,159.035,126.773,913.723,84.559,81.4678,916.821,99.1812,80.8402,874.308,104.12,57.7612,961.205,101.26,40.7078,859.762,110.496,24.5414,978.249,81.5631,16.1437,852.634,158.649,140.407,855.367,169.708,152.16,856.174,182.775,147.47,858.928,175.04,134.665,0,0,0
016981:917.112,111.548,145.36,916.826,107.85,148.962,918.053,113.878,148.81,920.03,99.4191,147.742,924.741,113.762,147.336,917.899,90.8534,130.449,936.434,113.716,130.042,866.629,99.4428,129.165,956.477,137.027,117.184,868.325,120.726,129.236,955.907,158.919,127.441,915.076,85.155,81.7004,918.063,99.4591,81.2738,869.126,103.684,59.4172,958.88,101.506,40.8476,853.153,109.957,25.5105,975.529,81.9516,17.825,851.388,158.749,140.714,853.451,169.841,152.489,854.319,182.892,148.04,858.264,175.083,134.711,0,0,0
016982:905.556,109.9,148.026,904.058,106.064,151.839,910.333,112.829,150.628,910.885,98.6886,149.385,927.798,114.507,146.407,915.808,92.0692,130.767,945.761,114.394,126.875,867.797,99.7691,128.872,957.265,137.305,116.344,866.845,120.857,128.854,956.601,159.165,126.857,911.352,84.9166,82.3127,918.074,99.5377,80.2037,867.91,103.396,59.019,955.2,102.223,41.2415,856.777,111.021,24.152,969.3,82.9689,18.5136,850.765,158.799,140.866,853.451,169.841,152.489,854.206,183.123,147.942,857.644,175.129,134.88,0,0,0
016983:906.434,109.539,147.12,905.022,105.767,150.923,910.488,112.686,149.938,910.568,98.445,148.871,924.315,114.744,146.574,917.903,91.863,129.101,938.755,114.768,128.352,868.875,100.098,128.236,956.941,137.221,116.303,863.007,120.072,128.601,954.184,158.444,127.235,913.572,86.3194,81.256,920.918,100.864,78.9167,869.693,104.005,57.0382,950.009,103.294,42.8761,854.197,110.295,24.7161,967.808,83.1576,18.8408,849.522,158.899,141.172,852.201,169.931,152.784,850.494,182.892,148.478,855.785,175.257,135.468,0,0,0
016984:897.743,110.222,149.31,896.581,106.538,153.01,904.135,113.04,151.454,905.197,98.9793,150.152,924.29,114.246,146.533,916.788,91.7148,129.241,935.963,114.661,129.232,870.186,101.317,126.678,957.522,137.121,116.112,862.976,120.072,128.488,957.173,159.325,126.899,905.676,86.6586,82.9492,916.747,100.587,79.3078,868.734,103.768,56.8592,948.544,103.458,43.1752,852.463,112.504,23.4052,967.745,83.1593,18.5888,846.875,159.564,141.698,849.086,170.153,153.52,849.682,182.925,148.049,853.374,175.194,136.193,0,0,0
016985:897.569,110.495,149.084,897.123,106.831,152.613,902.536,113.105,151.628,906.724,99.1364,149.625,920.462,113.876,147.395,912.529,92.2117,129.84,938.291,114.082,128.543,870.01,101.558,126.228,957.261,136.826,115.506,861.684,120.216,128.587,954.475,158.539,127.092,907.36,86.9276,80.3903,916.107,101.306,78.0712,868.474,104.046,55.646,946.2,103.705,43.0414,856.301,112.144,21.1854,965.264,83.4337,18.2552,846.614,159.798,141.041,849.049,170.152,153.405,847.257,183.08,148.882,850.853,174.901,136.228,0,0,0
016986:901.474,110.498,147.921,900.887,106.858,151.615,904.32,113.589,150.938,909.349,99.4089,148.95,917.9,115.369,147.434,909.811,92.196,130.185,939.808,115.244,127.802,867.197,101.865,125.825,960.876,137.814,115.314,856.646,120.766,129.62,956.018,159.033,126.429,907.501,87.1,81.5257,916.132,101.774,78.9871,864.618,105.343,55.8209,944.318,104.054,43.0343,853.354,112.095,21.7003,965.098,83.4359,17.625,845.083,159.663,140.096,848.323,170.195,153.211,844.765,183.233,149.48,851.709,175.276,135.144,0,0,0
016987:907.008,112.482,147.168,904.31,108.573,151.104,908.067,115.261,150.633,907.96,100.446,148.845,917.163,116.216,148.032,914.819,92.7071,128.474,930.348,116.732,130.182,865.199,101.856,125.717,959.019,137.898,114.788,856.548,120.766,129.279,952.749,158.052,127.02,909.987,87.7893,80.5753,911.298,102.875,79.7713,862.88,106.942,55.8282,947.027,104.802,41.8502,846.141,113.068,24.1286,965.034,83.4376,17.3733,843.849,159.762,140.401,845.573,170.37,152.898,845.326,183.196,149.111,849.24,175.446,135.886,0,0,0
016988:898.52,111.414,148.868,898.352,107.401,152.516,901.539,114.488,151.751,905.633,99.8773,149.433,914.466,116.495,147.987,901.974,93.6279,131.199,935.757,116.741,128.677,863.238,101.846,125.722,959.378,138.015,114.528,854.417,120.967,128.835,949.301,157.076,126.926,909.001,88.5355,80.3414,914.825,103.761,79.846,867.781,108.336,54.4266,944.78,105.042,42.1125,847.78,113.525,23.9141,966.344,83.5131,16.5506,843.745,159.761,140.06,844.918,170.414,152.93,845.812,183.389,148.76,849.24,175.446,135.886,0,0,0
016989:898.503,111.686,148.332,897.816,107.642,151.864,901.887,114.601,151.293,906.417,99.9364,148.672,917.363,116.3,147.313,905.396,94.156,130.138,939.112,115.984,127.308,860.646,102.152,126.007,957.402,137.484,114.506,854.295,120.969,128.385,951.49,157.784,125.912,902.491,89.124,80.8017,914.006,103.025,79.9091,865.741,107.855,53.6862,947.146,105.683,41.2689,846.518,113.334,21.9564,968.533,83.2319,15.8667,841.184,159.725,140.093,844.918,170.414,152.93,846.724,183.778,147.839,848.543,175.72,136.06,0,0,0
016990:899.967,112.233,147.325,899.61,108.277,150.699,903.503,114.931,150.243,905.536,101.017,147.922,916.149,116.737,147.075,901.827,94.7091,130.014,930.329,117.406,130.083,856.845,102.373,126.485,953.711,137.25,115.172,851.01,121.308,128.488,950.078,157.312,126.752,907.372,90.4988,79.1672,918.903,104.336,78.8282,867.408,109.348,51.3838,947.146,105.683,41.2689,847.202,113.563,21.3534,969.153,83.6668,15.5343,837.091,159.613,141.257,845.512,170.372,152.678,846.687,183.777,147.723,846.764,176.27,135.067,0,0,0
016991:899.566,112.625,147.067,896.699,108.624,150.947,901.939,115.271,150.212,901.982,101.452,148.327,915.082,117.009,146.925,901.425,95.6757,130.744,931.023,118.414,129.143,853.469,102.995,126.371,955.112,138.483,114.653,850.804,121.305,127.803,945.549,156.972,128.353,896.055,90.731,82.1222,916.936,103.797,79.426,867.021,108.829,51.9857,939.038,107.606,45.5978,849.094,113.766,21.9434,967.325,84.9094,15.2773,841.806,160.56,138.632,846.886,170.939,151.298,843.471,183.964,148.133,846.26,176.075,135.415,0,0,0
016992:897.681,112.139,146.577,896.202,108.16,150.3,901.268,115.013,149.53,902.334,101.223,147.758,915.879,117.389,146.137,896.945,95.2844,130.697,937.397,118.406,127.728,854.583,103.322,125.966,954.539,138.309,114.886,850.621,121.299,127.227,944.928,156.761,128.756,898.738,90.7948,82.1191,917.72,105.045,79.5086,863.721,107.758,54.7298,948.555,106.405,39.7639,843.819,112.207,23.7931,964.333,85.2778,15.936,841.806,160.56,138.632,844.192,170.645,150.714,843.41,183.965,147.914,849.48,176.987,134.004,0,0,0
016993:898.338,113.04,146.559,896.917,108.814,150.172,900.228,115.795,149.801,901.017,101.597,147.666,910.477,117.885,147.088,899.281,96.1724,129.562,929.984,118.961,129.066,853.902,103.398,125.895,952.476,137.712,115.382,850.53,121.301,126.89,941.809,156.426,128.544,906.901,91.9489,79.8269,917.565,106.327,79.4925,857.407,107.835,55.3696,948.191,106.405,38.4459,836.575,110.684,28.1689,961.94,86.3469,16.2762,839.277,160.754,139.014,841.541,170.816,150.73,841.074,184.082,146.706,848.725,177.029,133.713,0,0,0
016994:897.019,113.094,146.218,895.451,109.197,149.883,901.51,115.581,148.858,900.036,102.186,147.673,916.568,117.041,145.41,896.663,96.4978,130.352,933.718,117.733,128.015,854.822,103.483,124.678,950.771,137.512,115.496,849.921,121.371,127.051,940.815,156.411,128.554,897.51,91.7404,81.0473,911.196,105.184,80.2491,856.202,109.508,54.2837,948.827,106.322,37.9805,842.393,113.001,21.7313,965.948,87.3843,14.4766,837.138,161.129,138.7,841.45,170.818,150.401,841.074,184.082,146.706,838.737,175.191,135.387,0,0,0
016995:896.238,114.048,146.346,894.889,110.131,150.063,897.918,116.67,149.603,898.477,102.572,148.016,907.223,117.733,147.161,897.557,96.9248,129.846,916.313,117.52,131.405,856.934,103.413,123.024,942.426,136.274,116.183,852.121,121.575,125.878,936.43,155.674,128.78,898.579,93.1612,79.9226,909.864,105.11,80.2252,862.559,110.913,49.7124,951.515,105.993,36.542,844.388,113.76,18.8457,962.966,88.0149,15.2774,833.382,160.957,138.799,842.266,171.188,149.236,841.508,184.04,145.979,832.684,175.15,136.678,0,0,0
016996:893.926,114.084,146.717,892.759,110.129,150.359,895.658,116.644,149.997,897.222,102.814,147.952,905.848,117.836,147.264,899.684,97.8164,128.936,917.137,117.905,130.181,856.837,103.413,122.682,944.982,137.002,115.751,849.066,122.553,125.068,939.961,156.778,127.684,898.07,94.1421,79.2294,909.812,105.99,78.7787,858.996,111.457,50.4236,942.063,107.036,38.7103,841.942,113.577,19.2961,960.765,88.2913,15.8368,834.252,160.855,137.364,842.266,171.188,149.236,841.397,184.036,145.633,831.817,174.962,135.701,0,0,0
016997:893.497,113.961,146.189,893.096,109.938,149.553,896.65,116.481,148.972,897.497,102.661,147.06,907.634,117.757,145.999,897.554,98.2816,128.764,919.157,117.244,129.728,855.844,103.727,121.71,943.804,136.651,116.141,853.49,122.084,124.302,938.278,156.215,128.641,898.724,93.596,80.0209,903.424,105.572,80.1419,858.625,112.855,51.0193,943.913,108.168,36.841,836.488,114.043,20.6923,955.564,88.1305,16.5052,833.594,161.547,135.851,842.229,171.187,149.121,840.944,184.039,144.077,831.75,174.962,135.477,0,0,0
016998:892.73,114.814,146.476,891.752,111.03,150.1,895.638,117.299,149.482,898.256,103.78,146.815,907.735,117.834,145.907,900.385,98.599,127.996,917.254,116.514,128.789,856.2,103.893,120.767,940.16,135.954,115.826,853.282,122.081,123.615,938.646,156.666,127.745,895.648,94.1518,79.5767,899.059,105.437,81.0165,861.615,114.563,49.2925,948.738,109.764,35.0598,842.133,117.647,17.1497,955.409,88.9169,16.4161,833.411,161.542,135.279,841.95,171.415,148.459,838.671,184.377,143.423,831.489,174.962,134.587,0,0,0
016999:896.708,114.99,144.943,895.871,111.029,148.521,896.768,117.843,148.473,898.66,103.845,146.187,902.002,119.608,146.364,895.693,98.8267,127.964,911.529,119.242,129.933,855.915,104.372,120.103,938.211,137.33,115.492,853.014,122.079,122.703,936.725,156.394,127.624,896.742,94.7167,78.8633,902.581,106.959,79.7064,856.586,113.463,52.742,944.266,110.233,35.7086,833.408,115.093,22.658,954.536,89.0016,16.1378,832.232,161.64,135.701,841.914,171.414,148.344,837.919,184.414,143.126,830.704,174.778,133.845,0,0,0
017000:892.178,114.969,144.319,890.34,111.063,148.186,894.018,117.655,147.445,892.187,103.652,146.705,902.595,119.011,145.126,896.77,99.4858,127.649,908.5,118.853,130.29,853.637,105.316,119.59,935.585,136.613,115.493,852.563,122.072,121.214,933.173,155.344,127.977,897.475,96.0302,77.4738,906.117,108.05,77.2181,851.447,113.281,53.8079,944.266,110.233,35.7086,825.134,113.321,26.201,952.229,89.5299,16.451,833.144,161.541,134.382,842.231,171.834,147.675,837.018,184.222,142.034,831.464,175.148,132.55,0,0,0
017001:890.535,116.044,145.26,889.613,112.025,149.016,892.732,118.609,148.429,893.622,104.087,146.567,901.878,118.972,145.618,893.751,98.6618,128.22,910.851,117.644,128.276,853.492,105.311,119.128,929.749,135.097,114.504,849.741,121.39,119.876,932.311,155.82,125.749,897.868,96.3277,77.2235,903.538,108.116,78.0234,857.222,115.394,49.9372,941.982,110.467,35.8327,838.315,119.095,18.1409,952.767,89.7013,15.7355,829.786,161.09,133.323,837.847,171.216,147.424,838.103,184.143,141.269,829.392,175.269,132.226,0,0,0
017002:889.364,115.885,144.863,887.089,111.978,148.61,892.572,118.406,147.633,889.137,104.354,146.442,903.653,119.269,144.297,892.479,99.2575,127.291,909.516,119.008,128.844,853.906,105.477,118.411,935.115,136.662,113.244,846.57,120.778,119.607,934.134,155.784,126.001,894.634,96.2931,77.1068,899.672,108.927,78.3846,851.956,115.018,52.9812,939.85,110.995,36.1287,830.121,117.271,22.4482,956.102,90.5667,14.4121,827.76,161.23,133.107,836.484,171.07,147.028,839.768,184.033,140.147,828.564,175.083,131.366,0,0,0
017003:889.339,116.492,144.616,886.698,112.455,148.557,892.998,118.863,147.497,890.139,104.612,146.248,904.955,119.281,144.367,893.217,99.2852,127.229,909.623,118.976,129.154,850.545,105.854,118.194,926.351,135.501,114.487,846.279,120.769,118.686,928.466,153.899,125.863,893.06,97.8353,77.7298,898.87,110.014,78.5755,853.379,116.8,51.5224,935.216,111.646,37.1874,837.711,119.839,19.5936,951.675,91.0984,15.3974,831.899,160.899,131.598,836.205,171.074,146.039,838.464,183.652,139.644,831.837,175.52,129.918,0,0,0
017004:886.902,116.66,144.571,884.81,112.64,148.396,889.779,119.213,147.547,888.962,104.978,145.822,900.856,120.087,144.409,888.352,99.4739,127.72,911,119.575,128.047,848.383,105.836,117.412,930.72,137.018,113.832,845.51,120.596,118.15,939.811,156.554,123.355,892.258,97.0433,78.1102,897.373,109.574,79.259,848.24,117.235,54.2782,934.158,112.204,36.9771,839.736,120.079,20.3343,951.675,91.0984,15.3974,830.618,160.996,131.685,837.891,170.706,144.884,837.638,183.687,139.119,834.752,175.491,126.726,0,0,0
017005:884.901,116.846,145.014,882.519,113.018,148.933,887.597,119.608,148.21,885.491,105.765,146.728,897.925,120.864,145.184,893.24,99.4713,126.66,902.099,119.968,129.382,848.287,105.836,117.072,927.209,136.126,112.922,844.638,120.664,117.407,934.477,155.061,122.928,884.825,97.4025,80.7291,891.36,108.705,80.4671,851.148,118.927,52.6509,937.465,113.187,34.9355,839.243,120.049,19.0129,956.295,92.3138,13.3922,830.207,161.221,130.573,837.142,170.286,144.098,835.508,183.109,137.838,831.307,174.138,126.564,0,0,0
017006:882.683,117.353,144.922,882.076,113.202,148.365,885.573,119.902,148.054,888.187,105.307,145.124,898.242,120.698,144.401,891.637,99.3605,125.972,909.191,119.65,126.039,845.125,105.017,116.686,927.572,136.453,113.422,840.171,119.958,116.894,935.421,155.317,123.1,888.199,98.2219,78.3734,896.106,110.035,79.1787,847.795,117.894,54.116,933.638,113.561,35.0164,837.263,119.43,19.9539,947.649,90.061,16.8013,832.851,160.979,128.45,838.16,170.194,143.118,838.592,183.803,135.879,827.488,173.698,126.221,0,0,0
017007:879.978,117.107,145.206,878.13,113.139,148.795,884.101,119.712,147.978,884.62,105.908,145.276,899.368,120.981,143.568,892.531,99.818,124.659,907.044,120.584,126.939,845.125,105.017,116.686,927.62,136.451,113.616,834.868,118.917,117.574,933.511,154.769,123.101,886.637,98.8815,78.2994,897.228,110.424,77.8761,849.666,118.598,51.6903,933.524,113.562,34.5978,841.236,120.712,17.5572,949.545,90.5811,15.6638,828.391,161.313,128.867,836.744,169.821,142.27,836.367,183.913,135.108,825.563,173.371,125.782,0,0,0
017008:881.443,118.168,144.526,879.364,113.909,148.117,884.973,120.69,147.527,884.965,106.088,144.509,899.131,121.585,143.303,890.095,100.792,123.92,913.357,119.951,124.308,844.427,104.853,116.382,928.583,136.708,113.726,833.045,118.415,117.455,932.783,153.851,121.924,882.136,99.8309,77.9092,892.494,111.014,77.923,851.365,119.397,50.7038,932.728,113.639,34.4681,841.193,120.736,17.0999,948.594,91.4603,15.4315,826.643,159.843,127.882,834.758,169.263,141.448,834.367,183.334,134.275,826.873,173.7,124.109,0,0,0
017009:881.929,117.98,144.819,880.696,113.723,148.222,884.371,120.642,147.96,887.009,106.215,144.2,896.674,122.009,143.741,890.102,100.651,123.849,912.265,121.916,123.887,844.307,104.856,115.933,931.296,137.608,111.778,831.733,118.722,115.278,935.638,154.903,119.079,887.487,101.551,76.5067,902.844,113.932,75.0627,842.03,116.788,54.6199,929.067,114.313,34.6311,831.526,117.767,21.0469,947.066,91.6381,15.5095,824.6,159.988,127.569,829.727,168.926,141.374,831.964,182.574,133.942,827.664,173.838,122.672,0,0,0
017010:883.168,118.505,143.746,883.106,114.108,146.949,886.228,121.041,146.058,887.889,106.456,143.358,896.688,122.331,141.065,881.435,102.231,125.641,912.594,120.873,119.755,841.31,105.141,114.748,932.558,137.956,111.751,843.007,121.907,111.962,937.159,154.849,118.454,882.847,100.931,77.0482,893.112,112.59,76.465,850.198,119.28,51.3858,930.314,115.228,33.8517,837.441,119.613,18.2577,944.863,91.9029,15.9372,825.564,160.117,126.706,829.987,169.569,140.824,828.168,182.341,133.932,826.228,173.463,121.728,0,0,0
017011:882.914,118.904,142.718,882.829,114.411,145.931,886.083,121.379,145.123,887.928,106.584,142.145,897.328,122.431,140.043,881.111,102.288,124.664,915.712,121.465,118.554,839.263,105.363,114.439,934.172,138.411,111.604,843.256,120.567,110.665,936.479,153.936,117.357,887.101,101.932,75.6996,892.188,114.681,76.6864,854.167,120.496,49.7652,928.879,115.378,34.1581,836.117,119.179,19.1444,943.197,92.0766,15.5145,822.855,159.849,125.849,829.817,169.567,140.263,824.701,181.432,134.104,824.797,173.32,121.032,0,0,0
017012:879.879,119.408,143.459,879.176,115.133,146.794,883.507,121.699,145.528,883.416,107.206,143.49,896.11,122.12,140.139,880.442,102.719,125.472,913.571,119.992,119.093,837.932,105.513,114.312,931.421,137.6,112.31,837.212,118.425,110.003,941.451,154.861,116.74,883.567,100.936,77.4283,885.158,113.202,78.5738,848.863,118.872,51.9208,926.271,115.784,34.182,834.748,118.799,19.1926,943.087,92.3367,15.278,821.546,159.024,124.867,827.752,168.773,138.958,823.415,181.285,133.853,816.986,173.645,122.883,0,0,0
017013:878.432,119.33,142.663,876.973,115.277,146.304,881.516,121.739,145.568,884.334,107.491,142.642,894.557,122.334,141.567,881.691,102.117,124.136,912.926,121.52,121.955,838.366,105.677,113.712,929.645,136.762,109.976,835.673,118.329,108.97,934.67,153.04,115.414,885.34,103.269,74.3824,892.309,115.807,76.0279,839.915,119.867,53.4184,924.655,115.937,33.7787,833.926,118.563,19.3245,944.277,92.9408,14.4899,815.961,157.917,126.008,831.428,168.275,137.917,819.708,179.965,134.801,819.248,173.253,121.465,772.312,149.268,150.302
017014:878.773,119.272,142.819,879.532,114.773,145.806,881.062,121.614,145.358,884.018,106.857,142.226,889.108,122.545,141.061,876.517,103.387,124.807,902.762,120.907,120.664,834.136,106.36,112.666,922.761,134.648,112.837,834.931,118.396,108.68,928.616,151.144,117.505,885.678,103.238,75.3804,888.721,115.043,77.0038,837.967,120.483,54.8909,922.136,116.342,34.073,831.884,117.932,20.2083,940.735,93.3784,15.619,813.759,157.879,127.041,827.272,167.673,138.256,819.767,179.963,135.017,812.759,171.94,123.665,774.271,150.041,148.759
017015:873.765,120.289,143.175,872.099,116.407,146.819,878.616,122.24,145.552,880.043,108.519,142.841,894.47,121.702,140.737,885.146,103.691,122.162,907.524,120.2,122.313,834.417,106.757,111.736,924.779,136.632,111.599,835.88,118.49,107.679,936.963,153.676,115.614,887.111,104.117,72.707,888.702,115.094,76.2687,841.537,122.153,52.7879,924.431,117.291,32.8669,834.861,119.692,17.9929,937.092,94.0707,16.5061,812.999,157.242,125.931,823.883,166.574,138.412,819.827,179.962,135.233,809.496,171.057,124.396,776.104,150.819,146.734
017016:874.581,120.423,143.039,874.791,116.041,146.092,877.343,122.584,145.49,879.58,108.47,142.353,885.937,123.245,141.071,873.781,104.096,125.132,903.066,122.93,119.573,837.738,107.738,110.718,927.838,137.948,108.981,836.263,118.422,106.726,932.394,152.51,113.986,881.901,104.023,75.984,891.978,116.061,74.9607,836.027,120.53,53.9454,922.819,117.914,33.3672,833.517,119.198,19.548,937.092,94.0707,16.5061,809.519,156.17,125.666,819.862,165.749,138.834,815.609,179.781,135.713,810.457,171.2,123.555,775.813,150.817,145.759
017017:878.013,121.384,140.351,877.424,117.225,143.73,878.274,123.164,143.455,879.81,109.261,141.332,881.798,122.661,141.041,876.247,104.208,124.033,900.981,121.202,120.627,843.302,108.91,108.612,923.776,136.661,111.115,834.911,118.093,106.138,933.285,153.084,113.37,883.505,104.507,76.4212,889.199,115.221,76.321,839.021,121.335,54.2645,924.143,118.355,32.0319,832.721,118.989,19.4309,937.092,94.0707,16.5061,802.286,154.547,126.642,811.63,164.57,139.263,808.232,177.17,137.357,804.14,170.084,124.153,777.785,151.595,144.203
017018:873.605,121.474,142.499,873.381,117.148,145.61,875.967,123.12,145.128,876.552,108.972,142.704,883.935,122.302,141.608,872.797,105.385,125.253,897.776,120.741,121.75,843.837,109.076,108.347,915.145,134.226,111.85,832.516,117.694,106.998,916.248,149.127,115.401,881.34,105.989,75.9443,890.074,115.517,75.465,841.95,122.265,52.8172,926.077,118.128,30.8873,833.633,119.283,18.8884,935.312,95.5393,16.4009,797.827,152.678,126.276,808.392,162.575,138.78,808.867,175.542,135.626,802.206,168.622,122.382,777.494,151.594,143.226
017019:871.653,121.327,141.859,870.197,117.009,145.412,873.705,123.444,144.625,871.669,109.122,143.073,881.397,123.804,141.153,870.584,104.973,124.652,901.2,122.724,120.018,843.807,109.076,108.234,927.912,135.894,108.139,818.715,117.138,108.333,922.76,151.112,113.893,882.376,106.351,75.306,895.292,117.345,73.0293,842.617,121.179,52.7526,916.198,119.152,33.2857,833.546,119.431,19.9326,935.312,95.5393,16.4009,800.457,152.185,124.479,800.379,160.291,138.35,798.295,171.873,137.413,802.026,168.617,121.82,779.472,152.375,141.662
017020:868.152,121.751,142.622,867.228,117.505,145.854,872.714,123.768,144.712,872.037,109.797,142.406,888.592,123.853,139.19,866.389,105.727,125.064,905.527,122.76,118.643,844.846,108.933,107.228,930.43,136.313,108.179,815.672,117.225,108.136,925.85,152.232,114.261,876.067,106.003,76.4024,889.75,116.831,74.1916,845.851,123.199,51.4698,914.611,119.091,32.1613,838.082,120.89,17.2943,937.928,96.2333,15.4322,792.679,150.202,124.842,792.451,156.517,138.312,793.599,171.086,137.198,791.255,164.34,122.059,781.457,153.158,140.093
017021:867.266,121.794,142.869,867.546,118.114,145.766,870.6,123.81,145.103,872.136,110.829,142.132,883.644,124.591,139.38,865.656,105.313,124.893,903.526,123.299,118.334,841.872,108.113,107.434,932.895,137.057,107.293,816.782,116.121,105.945,913.597,149.522,117.521,876.571,106.035,78.6653,893.671,117.819,74.889,840.08,122.174,53.8015,913.709,118.738,33.7369,832.793,119.125,21.1709,937.928,96.2333,15.4322,786.496,148.523,124.636,789.16,156.316,137.079,781.239,167.347,136.085,780.858,161.403,122.525,781.165,153.157,139.112
017022:867.991,122.687,142.827,869.222,119.037,145.5,869.383,124.606,145.445,874.057,111.481,141.622,878.87,125.102,140.249,854.798,106.76,127.868,892.95,124.323,120.312,835.712,106.752,109.898,929.821,136.222,107.219,821.599,115.559,102.087,925.529,154.293,114.169,878.964,106.243,77.0191,886.555,119.137,77.2583,855.854,125.265,49.6548,919.098,118.234,32.232,846.114,123.485,12.4934,938.736,97.1846,16.2538,784.256,147.157,123.836,786.338,150.769,134.282,777.632,163.48,135.85,778.067,162.974,124.805,783.288,153.94,138.016
017023:864.04,122.057,143.819,870.978,119.261,144.952,872.863,124.415,145.057,874.345,112.35,141.327,889.288,124.778,138.899,870.279,106.81,123.782,905.241,125.923,119.524,842.288,106.22,108.719,927.762,137.898,106.775,829.42,119.053,103.393,927.131,155.777,109.873,875.736,105.755,78.9576,903.874,116.985,75.0218,846.644,123.166,54.2931,910.082,118.708,41.1314,850.075,121.862,23.03,945.495,100.402,9.86772,788.989,147.082,123.2,781.999,152.926,132.569,771.083,161.68,131.778,778.063,155.954,122.441,778.737,151.358,138.175
017024:866.521,122.84,142.676,867.95,119.571,145.107,869.849,124.722,145.228,874.204,112.352,140.81,886.031,125.083,138.549,867.115,107.15,123.463,902.075,126.235,119.754,839.397,106.562,108.957,921.527,138.479,108.397,828.987,119.055,101.861,921.042,156.282,112.048,875.736,105.755,78.9576,900.523,117.315,74.7995,846.11,124.26,53.3131,909.537,119.853,40.1011,847.447,121.072,23.9109,945.01,101.597,8.80274,784.036,144.491,122.411,777.128,150.338,131.746,764.1,158.3,131.556,771.096,152.571,122.752,773.865,147.769,136.291
017025:863.673,123.146,143.363,867.95,119.571,145.107,869.849,124.722,145.228,873.995,113.451,140.862,886.031,125.083,138.549,867.115,107.15,123.463,902.075,126.235,119.754,841.792,107.302,107.739,924.302,138.183,106.487,825.804,119.359,101.08,920.993,155.147,110.861,875.736,105.755,78.9576,900.523,117.315,74.7995,846.245,124.256,53.8326,909.303,120.999,40.1737,847.582,121.067,24.4359,947.856,103.591,7.88543,783.967,142.437,120.293,772.024,147.772,129.974,759.238,154.731,129.223,768.675,149.768,120.792,766.795,143.444,135.04
017026:863.673,123.146,143.363,867.588,120.664,144.648,869.476,125.815,144.771,873.995,113.451,140.862,885.796,126.187,138.607,864.269,107.492,124.19,902.075,126.235,119.754,839.233,106.557,108.436,927.172,139.034,105.749,825.858,118.283,100.5,920.672,155.145,109.772,872.661,106.099,79.2552,903.335,118.118,73.9993,838.402,122.988,56.8418,909.303,120.999,40.1737,848.213,119.948,25.9363,950.742,104.397,6.32258,783.85,139.35,117.117,774.041,145.491,125.713,761.402,152.496,125.484,768.6,146.724,117.638,759.039,138.388,139.644
017027:863.137,124.231,142.381,864.572,120.971,144.803,866.447,126.111,144.928,876.355,114.219,139.169,885.654,126.189,138.087,866.916,108.249,123.515,901.759,126.233,118.681,839.037,107.639,108.49,921.207,138.477,107.307,822.689,118.588,99.7229,914.794,154.533,111.329,875.368,106.866,78.4775,906.213,117.782,72.5795,838.236,122.983,56.3122,908.58,122.138,38.5881,837.75,120.126,31.7507,950.214,105.585,5.2481,773.681,137.31,117.272,764.012,142.416,124.756,751.688,148.401,123.963,761.499,142.387,116.442,752.545,135.153,140.856
017260:197.729,-116.948,-0.725434
