008440:993.185,-10.3642,153.968,993.586,-12.7918,157.65,995.898,-7.58391,156.243,999.062,-19.325,157.548,1006.26,-6.03285,153.203,1005.73,-32.1901,141.033,1020.1,-9.17809,134.904,990.127,-39.8995,124.628,1016.05,2.32409,116.73,969.386,-29.1374,108.44,994.334,15.7986,106.314,1019.01,-39.8972,90.8147,1027.28,-25.6693,87.7062,1017.9,-34.4434,55.9858,1021.06,-27.3384,54.0445,1029.42,-37.8258,18.4108,1026.19,-37.4286,19.205,973.311,1.55463,76.118,974.78,15.7241,75.4126,987.678,18.8293,59.9104,984.565,4.68042,58.4611,0,0,0
008441:996.533,-9.64768,153.592,997.959,-12.2544,157.111,997.44,-6.81608,156.274,1002.02,-19.2497,157.287,1002.99,-5.31226,154.171,1001.68,-32.6321,141.765,1014.96,-8.36014,135.867,986.788,-40.4091,125.016,1010,3.24697,117.833,971.06,-29.7268,107.682,989.216,15.6132,107.196,1019.04,-40.0233,89.9676,1028.09,-24.7879,86.7394,1016.13,-34.7418,55.873,1029.81,-25.6245,51.254,1025.99,-38.0728,17.9048,1043.85,-34.7166,12.7157,973.311,1.55463,76.118,974.78,15.7241,75.4126,989.061,19.083,59.8948,980.969,4.17138,60.0248,0,0,0
008442:994.509,-8.45685,153.963,997.557,-11.3388,157.168,996.247,-6.04824,156.577,1003.27,-19.0231,156.847,1005.17,-5.82444,154.424,999,-32.0831,142.125,1011.22,-8.07956,136.335,994.991,-41.9567,122.925,1009.6,3.61675,117.696,977.949,-30.8646,105.495,984.181,16.7653,109.516,1019.12,-40.0651,89.2204,1030.61,-25.6645,85.2167,1014.01,-33.5594,55.6142,1032.71,-26.6427,49.3859,1022.14,-35.475,16.9902,1040.57,-33.8889,11.7797,973.428,1.55349,76.5715,974.78,15.7241,75.4126,989.061,19.083,59.8948,980.996,4.17244,60.1134,0,0,0
008443:991.613,-10.4973,154.999,993.601,-13.0934,158.425,992.51,-7.47705,157.675,1000.24,-19.7084,157.896,999.108,-5.3227,155.108,1001.91,-32.6699,141.731,1014.71,-8.03458,135.695,986.832,-40.6842,125.131,1011.66,3.20664,117.231,971.305,-30.2028,107.675,993.633,15.4087,106.189,1020.17,-39.7794,89.7125,1028.49,-24.2928,86.5167,1015.42,-34.6571,56.1183,1027.83,-25.2631,51.6277,1029.4,-37.4944,17.4102,1045.61,-34.0302,12.2673,974.064,1.6721,76.4005,974.146,15.5996,75.5835,989.061,19.083,59.8948,980.576,4.26509,60.5981,0,0,0
008444:994.19,-8.90295,154.371,995.716,-11.6805,158.091,997.776,-6.28648,156.643,1000.94,-19.0917,157.976,1011,-5.88937,153.41,1000.23,-32.1554,142.208,1016.36,-8.63574,135.142,995.483,-41.7618,123.088,1008.89,2.71275,117.559,977.806,-29.7964,105.412,982.987,16.534,108.823,1019.88,-40.3661,89.3014,1035.23,-26.3742,84.2292,1014.54,-33.3099,54.4744,1043.07,-27.208,45.5285,1017.53,-34.8448,17.2702,1045.95,-34.0704,9.10427,974.064,1.6721,76.4005,972.908,15.3505,76.0378,989.061,19.083,59.8948,980.576,4.26509,60.5981,0,0,0
008445:990.374,-9.66573,155.554,992.816,-12.5543,158.888,993.416,-7.01175,157.926,1000.43,-19.6019,157.694,1006.18,-5.90233,154.48,1001.56,-31.5533,141.172,1014.57,-7.71161,135.129,996.232,-41.3826,122.28,1011.22,3.42453,116.699,976.82,-30.4897,106.227,986.529,16.4574,107.939,1022.26,-39.6928,87.8167,1033.92,-25.3972,83.6021,1010.69,-33.2836,57.2305,1029.2,-26.4732,50.9782,1020.25,-36.6244,19.0093,1035.53,-35.8328,14.47,974.064,1.6721,76.4005,973.57,15.4745,75.9804,989.119,19.0822,60.1241,980.576,4.26509,60.5981,0,0,0
008446:993.038,-9.67197,154.447,995.252,-12.3825,157.907,995.286,-7.06,156.961,1001.24,-19.4528,157.615,1006.59,-6.26182,154.257,999.449,-32.357,142.237,1016,-8.04822,135.27,995.33,-42.4332,122.99,1011.96,3.45694,116.83,977.038,-30.8369,106.077,982.3,16.3887,109.246,1021.68,-39.9367,88.3268,1036.92,-25.3819,83.2584,1013.59,-33.9709,54.3594,1041.35,-27.0238,45.4334,1014.99,-34.8254,16.8669,1042.72,-33.026,8.48152,974.064,1.6721,76.4005,974.233,15.5986,75.9229,989.148,19.0819,60.2387,980.576,4.26509,60.5981,0,0,0
008447:991.016,-9.13012,154.754,992.776,-11.5349,158.226,994.005,-7.0299,157.114,998.833,-18.4401,158.086,1009.24,-7.40589,153.925,997.714,-31.8769,142.821,1021.72,-9.45981,134.883,992.7,-41.739,123.448,1019.23,2.6592,116.044,973.491,-30.1542,106.814,988.377,16.0976,108.32,1018.95,-39.6739,88.6408,1038.91,-26.576,82.7595,1011.48,-33.2297,53.5293,1041.68,-28.2719,44.5117,1007.96,-33.3331,17.8665,1034.44,-33.283,10.6382,974.064,1.6721,76.4005,974.867,15.7232,75.7522,989.178,19.0816,60.3533,980.576,4.26509,60.5981,0,0,0
008448:1001.31,-9.86635,153.581,1003.63,-12.6166,156.877,1000.45,-7.1593,156.675,1008.17,-19.7612,156.496,1003.96,-5.6569,154.641,1005.92,-32.7978,140.793,1015.4,-8.57584,135.954,985.813,-40.5865,125.074,1010.31,2.8078,118.28,968.574,-29.5114,107.814,990.982,15.1784,107.898,1019.89,-39.0493,89.63,1025.37,-23.8537,87.392,1024.83,-35.0029,51.7849,1030,-26.4433,49.4626,1026.89,-37.3727,16.1908,1032.03,-35.3223,14.7502,974.064,1.6721,76.4005,976.137,15.9726,75.4104,989.207,19.0812,60.4679,980.576,4.26509,60.5981,0,0,0
008449:994.932,-9.5745,153.958,995.955,-12.2239,157.644,997.124,-7.07069,156.565,1000.55,-19.4537,157.698,1007.88,-6.6435,154.081,1001.51,-32.7817,141.741,1013.73,-8.43454,136.274,996.691,-42.3738,122.307,1010.17,2.8873,117.776,977.561,-29.8941,105.502,984.262,15.867,109.447,1019.89,-39.5626,88.8908,1030.48,-24.7185,85.408,1023.71,-35.7211,50.886,1035.52,-26.7975,47.492,1019.25,-35.454,15.0377,1026.7,-31.194,14.4544,972.85,1.43457,76.969,976.721,16.0941,75.0883,989.207,19.0812,60.4679,981.22,4.38567,60.4188,0,0,0
008450:994.913,-9.33278,154.276,997.305,-11.9997,157.602,997.101,-7.0364,156.805,1004.18,-19.1968,156.906,1009.33,-6.71569,153.797,1002.76,-31.9835,141.257,1015.92,-8.59461,135.468,994.214,-41.3638,122.33,1010.5,3.23875,117.046,970.855,-28.7497,107.177,987.076,16.3837,108.491,1016.77,-39.2608,89.053,1028.81,-25.3759,85.0023,1012.29,-33.3271,53.9439,1034.04,-27.6875,47.1215,1009.61,-35.5476,18.7652,1026.36,-35.0615,14.2847,972.215,1.31623,77.1397,976.694,16.0931,75.0001,989.207,19.0812,60.4679,981.22,4.38567,60.4188,0,0,0
008451:995.673,-10.012,154.174,996.325,-12.6949,157.98,999.129,-7.4428,156.519,1000.05,-19.6742,158.085,1011.5,-6.8813,153.567,1000.49,-32.4047,142.099,1016.69,-8.86151,135.613,996.13,-42.0823,122.578,1010.92,2.71347,117.622,973.607,-30.3261,106.679,984.732,15.6656,109.646,1017.43,-39.2662,89.1896,1032.71,-25.2061,84.371,1010.01,-33.6962,54.1894,1040.09,-27.1838,45.0252,1005.93,-33.419,18.6678,1035.26,-31.4208,10.2599,972.215,1.31623,77.1397,976.667,16.0921,74.912,989.207,19.0812,60.4679,981.22,4.38567,60.4188,0,0,0
008452:1000.15,-8.8944,153.169,1001.54,-11.5309,156.718,1001.16,-6.65512,155.923,1004.53,-18.7391,157.003,1009.62,-6.54123,153.828,1002.22,-31.531,142.041,1014.44,-8.47188,136.189,993.756,-41.7262,123.659,1010.47,3.06251,117.507,969.435,-30.4948,108.905,984.954,15.8886,109.834,1020.1,-38.4795,89.207,1031.15,-24.8072,85.2282,1020.12,-33.7263,52.8487,1035.26,-28.2635,47.433,1018.89,-35.5093,16.6279,1027.15,-35.2065,14.1592,971.61,1.19777,77.4234,976.667,16.0921,74.912,989.696,18.9911,60.2357,981.22,4.38567,60.4188,0,0,0
008453:998.094,-9.16859,153.806,999.956,-11.9559,157.247,999.594,-6.77615,156.507,1004.33,-19.2744,157.057,1009.12,-6.2381,154.106,1002.29,-32.0794,141.731,1014.04,-7.87767,136.389,995.365,-41.9339,122.341,1008.8,3.64954,117.931,977.845,-29.9819,106.003,982.959,15.9761,109.934,1018.59,-39.2271,89.6978,1029.53,-24.7774,85.9151,1018.12,-34.3462,53.9663,1033.8,-27.9698,48.7512,1012.6,-35.8411,18.6213,1022.5,-35.5252,16.0287,971.61,1.19777,77.4234,976.667,16.0921,74.912,989.048,18.8637,60.4153,981.22,4.38567,60.4188,0,0,0
008454:1001.68,-9.3105,153.84,1002.68,-12.046,157.5,1002.69,-6.51705,156.549,1004.79,-19.4621,157.821,1006.7,-5.29565,154.492,1004.34,-33.1768,141.421,1016.17,-8.6195,136.164,986.944,-40.0529,124.221,1011.47,2.92208,118.094,965.69,-27.9343,107.944,990.342,14.4708,109.023,1016.77,-39.4846,89.7242,1024.38,-23.845,87.0943,1016.92,-35.4775,53.9939,1028.02,-25.15,50.2334,1021.95,-37.3141,17.7458,1037.67,-32.4408,13.3882,971.61,1.19777,77.4234,976.667,16.0921,74.912,988.4,18.7364,60.5948,981.22,4.38567,60.4188,0,0,0
008455:994.099,-8.92006,154.722,995.651,-11.4714,158.194,996.312,-6.72128,157.29,1001.56,-18.6528,157.659,1009.03,-6.79205,154.184,1001.33,-31.6913,141.922,1017.2,-8.83378,135.591,990.144,-41.6825,124.444,1011.01,2.92016,117.321,967.319,-30.6036,110.222,985.628,16.0306,109.788,1019.66,-38.8875,88.6377,1033.38,-25.3156,84.2957,1014.71,-34.035,52.4113,1036.11,-28.1369,46.3505,1012.2,-35.4212,16.4472,1026.14,-33.7984,13.9677,970.975,1.07963,77.5937,976.667,16.0921,74.912,987.106,18.482,60.9533,981.864,4.50636,60.2393,0,0,0
008456:999.305,-8.95433,154.235,1000.76,-11.6445,157.804,1000.16,-6.57471,157.083,1004.21,-19.0238,157.696,1008.65,-6.2643,154.694,1002.41,-32.21,141.864,1014.38,-8.40365,136.499,995.124,-42.2637,122.631,1009.16,3.29457,118.161,971.641,-30.1627,108.357,983.704,15.7047,111.053,1020.32,-39.4089,88.781,1032.58,-25.2677,84.8448,1013.05,-33.5433,53.0919,1040.27,-28.1621,45.1151,1006.91,-34.9209,18.068,1031.24,-34.6262,11.9342,970.975,1.07963,77.5937,976.667,16.0921,74.912,987.106,18.482,60.9533,981.864,4.50636,60.2393,0,0,0
008457:998.99,-9.83993,152.671,999.776,-12.5807,156.517,1001.04,-7.06554,155.289,1003.69,-19.9767,157.082,1010.36,-6.20271,153.29,1001.25,-32.7051,142.132,1016.07,-8.29907,135.981,994.257,-42.2903,123.543,1011.34,2.89067,117.992,976.455,-30.5967,108.107,986.969,15.6802,109.303,1015.73,-39.0207,90.2541,1028.95,-24.2479,85.9773,1013.57,-34.6205,54.3347,1035.96,-26.6997,47.5394,1010.57,-35.0408,18.2343,1029.16,-31.6595,13.3431,970.975,1.07963,77.5937,976.667,16.0921,74.912,987.106,18.482,60.9533,981.864,4.50636,60.2393,0,0,0
008458:992.661,-9.83773,154.606,991.711,-12.3949,158.814,997.537,-7.3015,156.77,995.456,-19.4504,159.143,1014.15,-7.09957,153.157,998.662,-32.1917,142.612,1022.19,-9.36937,134.854,991.07,-41.5889,124.114,1009.51,2.49884,118.187,970.738,-30.3484,108.921,981.99,15.5662,110.07,1016.82,-38.7715,89.0451,1036.73,-25.1482,83.3769,1009.97,-33.5527,53.4058,1042.7,-27.0011,44.6097,1002.82,-33.0838,18.1031,1026.06,-29.8828,13.1445,970.975,1.07963,77.5937,976.667,16.0921,74.912,987.106,18.482,60.9533,981.864,4.50636,60.2393,0,0,0
008459:998.99,-9.9824,153.487,999.644,-12.7072,157.291,1000.34,-7.27349,156.281,1002.84,-20.0093,157.648,1008.24,-6.30605,154.324,1001.38,-33.0757,142.158,1013.42,-7.78966,136.622,996.894,-43.4174,122.893,1008.62,3.78888,118.411,979.584,-31.9391,106.765,984.194,15.7443,109.993,1016.76,-39.1627,89.4189,1027.42,-23.8152,85.8834,1018.36,-34.3377,51.4414,1034.04,-26.0505,46.9881,1018.62,-35.0225,14.7587,1026.88,-31.2124,14.0196,971.002,1.08057,77.6812,976.667,16.0921,74.912,987.106,18.482,60.9533,981.864,4.50636,60.2393,0,0,0
008460:998.29,-9.19711,153.973,999.013,-11.9676,157.779,1000.99,-6.6884,156.401,1002.52,-19.5657,158.022,1012.16,-6.43847,153.634,1001.07,-32.6281,142.372,1017.28,-8.36449,135.655,994.095,-42.0702,123.517,1009.14,3.06542,117.891,976.41,-30.4438,107.72,981.47,14.8469,110.546,1017.24,-39.0397,89.5707,1032.27,-24.2908,84.7599,1012.67,-34.2713,54.2973,1040,-25.7853,46.1086,1012.51,-35.4957,17.5396,1040.36,-31.1366,9.99676,971.002,1.08057,77.6812,976.667,16.0921,74.912,987.106,18.482,60.9533,981.864,4.50636,60.2393,0,0,0
008461:996.92,-9.21959,154.434,998.483,-11.7005,157.912,998.491,-6.98392,157.071,1003.64,-18.909,157.593,1009.14,-7.04667,154.349,1000.69,-32.3116,142.332,1017.67,-8.84043,135.653,992.007,-42.5487,124.6,1011.46,3.00236,117.504,972.153,-31.4379,110.785,987.578,15.6504,109.779,1017.17,-38.6827,89.0126,1032.07,-24.6746,84.4345,1012.61,-33.1963,53.1524,1040.6,-26.4134,45.2965,1009.21,-34.2099,17.669,1034.6,-30.9159,11.7698,971.002,1.08057,77.6812,976.667,16.0921,74.912,987.106,18.482,60.9533,981.864,4.50636,60.2393,0,0,0
008462:1003.24,-10.146,152.079,1004.18,-12.6045,155.64,1002.73,-7.68514,155.174,1006.35,-19.4857,156.417,1005.63,-6.44016,154.094,1004.47,-33.1265,141.508,1017.01,-9.0657,136.447,981.345,-41.1844,126.595,1013.63,1.95606,118.355,964.122,-29.4402,111.371,991.99,14.179,109.464,1016.7,-38.4568,90.3169,1024.52,-23.3968,87.7683,1021.17,-33.7014,54.0607,1030.06,-25.0759,51.1173,1027.22,-37.1176,18.0857,1037.13,-34.8112,15.8231,971.056,1.08267,77.8564,976.667,16.0921,74.912,987.106,18.482,60.9533,981.864,4.50636,60.2393,0,0,0
008463:999.317,-8.76731,153.817,1000.28,-11.621,157.452,1000.95,-6.41816,156.463,1003.17,-19.4133,157.707,1009.52,-6.37552,154.332,1002.08,-32.8542,142.159,1014.58,-7.99164,136.491,995.347,-43.4314,123.802,1011.19,3.29204,117.966,971.392,-32.0821,110.564,983.961,15.0723,110.372,1019.4,-39.0014,88.7937,1030.64,-23.8749,85.0276,1015.89,-33.8009,53.8462,1032.41,-25.0347,48.5271,1015.99,-35.1671,17.0599,1032.79,-31.1146,12.5201,971.163,1.08665,78.2065,976.667,16.0921,74.912,987.106,18.482,60.9533,981.278,4.38506,60.6475,0,0,0
008464:1006.04,-10.5613,151.851,1005.71,-13.0984,155.764,1006.06,-7.69259,154.805,1005.59,-19.8738,157.047,1008.34,-5.90819,153.738,1005.2,-33.1565,141.615,1017.94,-8.62808,136.275,984.81,-40.4293,125.874,1013.83,2.43399,118.197,964.304,-29.2147,111.462,990.826,14.2091,110.125,1017.17,-38.7983,89.9404,1025.14,-23.142,87.2263,1022.18,-35.2697,51.5996,1032.02,-24.5266,48.1973,1024.13,-37.443,16.1309,1037.52,-31.5115,12.4161,971.163,1.08665,78.2065,976.667,16.0921,74.912,987.106,18.482,60.9533,981.278,4.38506,60.6475,0,0,0
008465:997.67,-8.99665,153.998,998.212,-11.7419,157.786,999.481,-6.63797,156.727,1001.17,-19.4552,158.097,1009.7,-6.6844,154.393,999.136,-32.9761,142.356,1017.11,-8.46397,136.278,989.8,-42.2143,123.724,1013.54,3.13976,117.977,970.81,-30.1661,108.597,984.996,14.9953,110.836,1019.4,-38.9359,88.3133,1033.86,-23.8667,84.164,1017.68,-34.895,51.9159,1036.38,-25.4646,46.8256,1014.81,-34.8141,15.9292,1027.17,-29.4058,13.9577,971.221,1.0861,78.4329,976.667,16.0921,74.912,987.106,18.482,60.9533,981.278,4.38506,60.6475,0,0,0
008466:997.006,-9.64346,153.513,997.857,-12.1401,157.084,997.977,-7.47259,156.364,1002.62,-19.2866,156.951,1008.97,-7.46027,153.905,1003.03,-32.6514,141.186,1018.31,-8.84069,135.586,993.207,-43.0739,123.582,1012.17,3.04925,117.821,972.83,-31.8409,110.399,985.547,15.2199,110.847,1020.25,-38.5377,87.4866,1032.53,-24.3531,83.8547,1023.57,-33.8693,49.3073,1036.39,-27.5229,46.1701,1010.21,-33.3158,16.4824,1013.14,-32.3111,17.982,971.25,1.08588,78.546,976.667,16.0921,74.912,987.106,18.482,60.9533,981.278,4.38506,60.6475,0,0,0
008467:999.344,-9.92317,153.48,999.289,-12.7221,157.429,1001.37,-7.20329,156.196,1001.81,-20.1214,157.648,1008.46,-6.81459,154.821,999.38,-33.5152,142.63,1017.78,-7.57728,136.444,988.798,-43.7206,124.943,1009.53,2.52136,119.246,979.353,-31.4759,108.412,976.285,13.238,113.219,1013.6,-39.3783,90.1829,1027.32,-23.4945,86.2451,1012.95,-36.3067,51.9777,1028.75,-25.3421,48.256,1013.49,-34.6971,14.6389,1022.93,-27.8346,14.6829,971.279,1.08556,78.6592,976.667,16.0921,74.912,987.106,18.482,60.9533,981.278,4.38506,60.6475,0,0,0
008468:998.654,-8.63265,154.267,998.679,-11.589,158.059,1000.46,-6.42151,157.07,1000.32,-19.6682,158.158,1006.88,-7.44685,155.826,995.458,-33.2586,143.403,1018.13,-8.18368,136.973,983.735,-43.5453,126.215,1013.2,3.25294,119.26,975.791,-31.9531,109.782,978.939,13.7123,113.452,1012.01,-38.4361,90.2508,1028.95,-23.2433,85.97,1010.92,-34.725,52.2356,1032.46,-24.886,47.968,1014.54,-35.13,14.9924,1029.37,-28.7842,14.8396,971.279,1.08556,78.6592,976.667,16.0921,74.912,987.106,18.482,60.9533,981.278,4.38506,60.6475,0,0,0
008469:989.723,-10.213,156.039,991.216,-12.7929,159.646,993.088,-7.6636,158.489,999.15,-19.5865,158.706,1009.26,-6.85111,154.636,1001.52,-32.2339,142.199,1017.21,-8.15656,136.096,985.129,-41.824,126.021,1006.66,2.79547,119.037,971.161,-30.583,110.267,985.097,15.128,110.599,1017.23,-38.3351,89.1041,1028.77,-23.6971,85.3443,1022.89,-34.1715,48.8781,1030.79,-25.7769,46.7572,1014.89,-34.1323,13.3739,1007.1,-30.1474,17.607,970.042,0.849349,79.1115,976.667,16.0921,74.912,986.431,18.3554,61.0178,981.278,4.38506,60.6475,0,0,0
008470:995.478,-9.94401,154.747,997.191,-12.6488,158.274,997.293,-7.46403,157.382,1002.03,-19.8491,158.124,1008.08,-6.93505,154.766,998.766,-33.1214,142.835,1016.58,-7.79368,136.143,990.001,-43.6147,124.845,1014.56,3.37685,117.418,976.617,-32.222,110.098,984.794,15.0306,111.557,1014.81,-38.5076,89.5578,1028.19,-23.1173,85.1941,1019.55,-34.8728,50.9321,1030.67,-25.4831,46.9257,1017.7,-34.4895,14.1811,1020.58,-30.2271,13.5131,969.438,0.731252,79.3939,976.667,16.0921,74.912,986.431,18.3554,61.0178,979.377,4.02332,61.2989,0,0,0
008471:991.926,-10.2071,155.806,992.61,-13.1487,159.551,994.581,-7.50406,158.459,997.681,-20.5155,158.766,1006.31,-6.87552,155.798,998.037,-33.7258,142.536,1019.59,-6.98162,135.678,982.861,-43.8419,126.381,1013.02,3.31767,118.366,970.167,-30.9727,112.227,975.51,13.1665,115.851,1015.34,-39.076,88.5949,1030.4,-22.5226,84.365,1015.62,-35.7262,50.2254,1030.85,-23.4141,46.9523,1012.06,-35.1891,14.4741,1021.48,-27.1234,15.2225,969.962,0.63852,79.3481,976.667,16.0921,74.912,986.431,18.3554,61.0178,978.764,3.90279,61.5917,0,0,0
008472:998.139,-9.82852,154.078,999.27,-12.9096,157.701,999.402,-7.17207,157.019,1001.39,-20.6389,157.67,1004.83,-6.83132,155.861,996.004,-33.6074,142.983,1015.65,-7.16714,136.805,987.32,-44.2854,124.973,1011.4,3.48326,118.767,977.193,-32.0044,110.51,975.294,13.2578,115.294,1012.41,-38.7665,90.3666,1027.95,-22.7398,86.136,1007.54,-34.8304,53.6649,1032.82,-25.0968,47.7661,1015.54,-35.6502,15.553,1038.41,-30.566,12.3236,970.46,0.54473,79.2147,976.667,16.0921,74.912,986.431,18.3554,61.0178,978.152,3.78226,61.8843,0,0,0
008473:993.1,-9.41325,155.88,995.79,-12.1202,159.077,993.808,-7.20254,158.777,1002.28,-19.282,158.16,1004.59,-6.78003,155.913,1000.77,-33.06,142.429,1013.4,-7.3572,136.882,991.808,-45.1606,125.177,1009.06,3.60372,118.93,975.676,-33.2867,111.007,983.193,15.4918,111.96,1019.74,-38.0317,88.9484,1030.79,-22.3485,85.3265,1018.19,-34.1538,52.7295,1035.48,-24.1448,47.5419,1009.48,-34.9543,19.2559,1023.17,-29.78,16.242,970.46,0.54473,79.2147,976.694,16.0931,75.0001,986.431,18.3554,61.0178,976.259,3.42212,62.5327,0,0,0
008474:998.003,-9.55574,154.471,998.329,-12.5593,158.253,999.868,-6.97927,157.26,1000.74,-20.1621,158.173,1006.97,-6.83126,155.752,999.09,-33.5473,142.791,1017.46,-7.3892,136.669,986.706,-44.9451,125.813,1010.59,2.92052,119.551,969.387,-32.2726,112.903,976.541,13.2889,116.293,1017.02,-38.7449,89.022,1031.18,-22.7649,85.057,1013.98,-34.6966,51.9207,1034.26,-24.3275,46.9076,1012.19,-34.1502,16.9019,1029.44,-27.9324,14.5095,970.46,0.54473,79.2147,976.802,16.0971,75.3526,986.431,18.3554,61.0178,975.063,3.18456,63.1783,0,0,0
008475:998.307,-10.2781,153.819,999.637,-13.1204,157.554,998.759,-7.56758,156.833,1005.12,-20.7844,157.508,1004.33,-7.08733,156.021,1000.46,-33.9494,142.841,1016.39,-7.36849,137.154,988.237,-44.9292,126.086,1009.45,3.43771,120.208,980.035,-32.4419,110.77,976.981,12.7325,114.625,1016.53,-38.8351,89.3708,1028.9,-22.6702,85.7096,1016.16,-34.4455,51.0058,1033.6,-24.4067,46.5408,1017.48,-34.4483,15.3873,1029.13,-28.2545,14.0281,970.46,0.54473,79.2147,976.802,16.0971,75.3526,986.431,18.3554,61.0178,975.378,2.6663,63.4036,0,0,0
008476:993.859,-11.5708,155.817,995.581,-14.3876,159.257,994.436,-8.43865,158.778,1001.4,-21.0917,158.318,999.428,-6.12273,156.85,999.981,-33.8898,142.335,1018.6,-6.96554,136.428,974.961,-42.1607,127.845,1011.49,3.53604,119.624,964.376,-30.2235,112.848,982.554,11.9563,114.548,1013.31,-38.5029,90.0039,1023.77,-21.3634,87.1154,1019.21,-35.0614,51.2321,1028.96,-22.1262,49.395,1026.43,-37.1225,15.0895,1034.92,-29.0822,15.5513,970.46,0.54473,79.2147,976.802,16.0971,75.3526,986.431,18.3554,61.0178,976.413,2.4797,63.2118,0,0,0
008477:999.935,-9.6369,154.935,1001.07,-12.4845,158.362,999.616,-7.05952,158.08,1003.48,-19.9595,157.915,999.465,-6.52243,157.223,997.581,-33.9565,143.013,1018.78,-7.35011,136.966,973.541,-42.3146,128.309,1014.54,3.75176,118.949,965.073,-29.8338,112.983,982.238,11.8437,113.467,1012.42,-38.0811,91.0367,1025.18,-21.2168,87.924,1014.61,-35.0289,54.121,1028.21,-22.0817,51.7482,1022.85,-36.5263,17.6261,1033.53,-28.6855,17.9344,970.514,0.546683,79.3897,976.802,16.0971,75.3526,986.431,18.3554,61.0178,976.442,2.47939,63.3257,0,0,0
008478:994.592,-10.2779,155.566,995.254,-13.207,159.253,997.229,-7.71176,158.173,999.939,-20.3677,158.508,1008.07,-7.29185,155.7,998.836,-33.5665,142.658,1021.77,-7.25728,135.452,986.525,-45.1016,125.762,1016.99,2.76695,117.43,970.941,-31.9152,113.708,977.041,12.4633,115.228,1014.94,-38.6237,88.9088,1032.27,-22.6844,84.0782,1011.2,-33.7145,52.26,1034.73,-23.3942,46.3326,1015.62,-35.1676,15.1423,1038.59,-29.8542,11.0352,970.541,0.547684,79.4771,976.829,16.0981,75.4408,986.431,18.3554,61.0178,976.442,2.47939,63.3257,0,0,0
008479:1001.24,-10.02,154.858,1001.65,-12.9517,158.493,1001.45,-7.35704,157.891,1003.09,-20.4877,158.388,1001.38,-6.64597,157.062,998.79,-34.1538,143.023,1017.41,-7.65175,137.257,976.323,-42.9875,128.034,1012.35,2.84705,119.875,965.876,-30.9031,113.421,984.637,11.3639,115.503,1013.17,-37.7175,90.1042,1024.42,-20.785,87.225,1015.27,-35.069,52.5698,1028.85,-21.5959,49.8332,1022.2,-37.0515,16.8716,1034.4,-28.0338,16.3528,972.143,0.26984,79.4271,977.181,16.111,76.5865,986.431,18.3554,61.0178,976.442,2.47939,63.3257,0,0,0
008480:1000.35,-9.78132,154.675,1001.81,-13.0033,158.195,1001.3,-7.18436,157.62,1003.72,-20.8692,157.906,1005,-6.97441,156.533,996.007,-33.9308,143.38,1015.97,-6.74548,136.839,985.04,-45.1548,126.406,1012.62,3.66835,118.998,971.818,-33.0541,113.69,973.694,12.1232,118.398,1012.03,-38.0557,90.0109,1027.44,-21.3145,85.631,1009.21,-34.3803,53.8839,1034.05,-22.5378,47.4382,1014.71,-35.1693,17.1202,1035.26,-28.0923,13.5302,972.143,0.26984,79.4271,977.181,16.111,76.5865,986.431,18.3554,61.0178,976.442,2.47939,63.3257,0,0,0
008481:995.319,-10.3505,155.766,996.203,-13.4763,159.464,997.246,-7.59327,158.562,1000.16,-21.0242,158.804,1005.5,-7.01574,156.538,998.062,-33.8322,142.872,1018.37,-7.04909,136.383,984.436,-43.9877,126.028,1014.31,2.77697,118.309,969.369,-31.9321,113.428,976.193,12.169,117.073,1016.28,-38.3866,89.0457,1031.08,-21.8508,84.9002,1013.76,-35.0802,51.664,1032.14,-23.1348,47.4238,1012.22,-35.0308,15.8927,1026.46,-28.308,14.9901,972.173,0.269563,79.5404,979.313,15.7581,76.3963,984.526,17.9746,61.6683,980.328,1.83412,63.4928,0,0,0
008482:991.884,-11.2842,156.521,995.407,-13.9891,159.634,991.934,-8.69963,159.49,1004.49,-20.6782,158.276,1003.35,-7.285,156.386,1000.79,-33.2067,142.786,1017.55,-7.19439,136.077,985.014,-43.9242,126.312,1017.31,3.36649,116.742,973.171,-32.6195,112.269,985.237,14.6387,113.074,1017.8,-37.4232,89.2822,1029.18,-21.4636,85.21,1022.07,-34.2471,50.5284,1027.5,-23.7582,47.7866,1016.91,-35.1308,15.501,1011.41,-30.0737,17.001,971.596,0.151288,79.9361,979.847,15.6697,76.3485,983.912,17.8477,61.9608,975.343,0.880657,65.4808,0,0,0
008483:990.869,-11.6909,156.705,994.289,-14.366,159.85,992.393,-8.99037,159.436,1003.04,-20.9415,158.246,1002.27,-7.85016,156.885,998.376,-33.7695,143.431,1019.87,-6.65925,136.022,982.147,-44.521,127.026,1016.87,3.82689,117.291,971.013,-32.8573,113.401,974.885,12.354,118.071,1017.08,-38.0579,89.6492,1032.9,-21.3712,84.8507,1012.68,-35.1841,53.3678,1035.62,-22.8189,47.3383,1010.26,-35.6724,18.1821,1032.87,-28.4578,14.3171,972.149,0.0591675,79.9778,976.89,15.0464,78.0577,981.43,17.3414,63.0148,973.515,0.524492,66.3507,0,0,0
008484:992.234,-10.629,157.075,993.371,-13.8996,160.624,994.888,-8.01577,159.638,998.585,-21.4674,159.42,1005.62,-7.41901,156.913,997.651,-33.9263,143.292,1019.32,-6.99926,136.493,984.334,-44.8468,126.56,1016.79,2.91846,118.554,968.339,-32.432,114.912,976.276,12.5567,117.366,1015.52,-37.8424,90.1562,1031.74,-21.2743,85.5458,1013.81,-33.5143,53.9657,1034.57,-21.5781,48.2275,1015.79,-35.9763,18.7474,1037.49,-29.1558,14.0457,970.356,-0.29062,80.8604,975.159,14.6718,79.2457,981.919,17.0396,63.2902,972.907,0.406041,66.6401,0,0,0
008485:994.334,-10.0343,156.327,996.928,-13.1012,159.683,996.147,-7.46917,159.083,1004.13,-20.8552,158.661,1008.03,-6.66317,155.902,1001.03,-33.9179,142.585,1018.35,-7.2711,136.105,990.146,-45.0439,125.143,1015.52,3.38065,117.668,974.267,-32.7651,113.509,982.319,13.9771,115.099,1016.97,-37.763,88.8316,1030.63,-21.1859,84.6197,1016,-34.0556,52.0848,1035.23,-21.9531,46.5211,1013.01,-35.9548,16.5339,1029.29,-27.8391,12.771,968.544,-0.641859,81.679,973.346,14.299,80.0916,982.916,16.6496,63.3992,972.907,0.406041,66.6401,0,0,0
008486:999.244,-11.1323,155.193,1000.92,-13.7127,158.526,998.345,-8.57159,158.327,1005.32,-20.4048,158.323,1002.65,-6.54859,156.378,1002.2,-33.8655,143.139,1019.98,-7.5529,136.615,981.461,-43.5346,128.407,1019.74,3.38136,118.394,969.636,-32.2075,113.559,988.159,13.3057,114.557,1014.55,-37.1725,91.5955,1025.44,-20.4446,88.0918,1016.94,-33.4139,54.8837,1025.56,-21.2458,51.8005,1019.24,-37.0854,19.2318,1021.89,-29.9143,18.7221,967.507,-0.874139,82.8406,972.689,13.5386,81.7064,982.945,16.6492,63.5133,972.965,0.405419,66.8675,0,0,0
008487:1000.06,-10.2839,154.901,1001.23,-13.3889,158.521,1000.81,-7.65951,157.938,1004.25,-21.2898,158.134,1005.58,-7.57419,156.653,996.743,-34.3598,143.541,1019.46,-7.38152,136.462,982.005,-45.1279,127.675,1017.8,3.28838,118.055,972.359,-32.9753,113.813,977.635,12.6776,117.265,1013.89,-37.2187,89.2768,1030.4,-20.4456,84.9,1014.49,-35.055,50.9983,1035.64,-22.0406,46.6719,1014.89,-35.4615,15.3624,1031.08,-26.3784,14.8999,966.996,-1.20038,83.9817,970.922,12.9562,83.2084,985.588,15.9936,63.5543,973.023,0.404796,67.0948,0,0,0
008488:997.147,-10.849,155.822,998.86,-13.9156,159.326,998.768,-8.1541,158.603,1004.02,-21.4422,158.44,1006.42,-7.54305,156.605,1000.34,-34.2476,143.152,1020.26,-7.13765,136.276,987.6,-45.2677,126.904,1019.17,3.89636,117.546,971.769,-33.8291,114.452,976.787,13.5791,115.828,1015.12,-38.1105,89.6109,1029.96,-21.4226,85.3043,1009.08,-34.0451,54.065,1029.17,-21.7972,49.1681,1014.27,-35.5078,17.6243,1034.82,-27.7227,14.5508,967.627,-1.29078,84.312,970.401,12.8359,83.7507,986.673,15.6039,63.956,971.289,0.0490316,68.3016,0,0,0
008489:994.568,-11.1859,155.7,994.665,-14.1313,159.529,996.365,-8.40603,158.527,997.779,-21.4881,159.2,1003.93,-7.59725,156.72,997.241,-34.5971,143.32,1017.46,-7.1026,136.888,989.97,-46.6452,126.042,1014.15,3.75101,119.457,975.092,-34.5327,113.677,974.622,12.3143,118.933,1013.76,-37.5392,88.8967,1029.2,-20.5356,84.8252,1007.8,-34.8089,52.0475,1030.32,-22.5022,47.443,1008.65,-34.3273,16.6093,1026.94,-25.6949,15.7149,967.023,-1.40643,84.5658,971.035,12.7511,84.0564,988.041,15.4264,64.9197,974.033,-0.414031,68.404,0,0,0
008490:998.925,-10.4424,155.54,999.277,-13.2101,159.203,1000.64,-7.97427,158.338,1001.8,-20.7721,158.955,1008.26,-8.09313,156.385,996.856,-34.4454,143.933,1024.51,-7.46965,136.028,982.243,-46.0244,128.017,1023.28,3.79304,117.308,970.854,-33.7672,114.904,981.038,13.2821,116.575,1013.85,-37.0474,88.9353,1034.25,-20.2983,84.2409,1006.94,-35.496,51.3469,1035.25,-21.6024,46.953,1011.56,-35.4655,13.5635,1029.95,-25.4387,15.7966,967.664,-1.50195,84.9986,972.17,12.5764,84.2301,990.379,15.0701,65.3483,974.534,-0.508695,68.2662,0,0,0
008491:998.069,-11.4285,155.472,1000.04,-14.1787,158.986,998.899,-8.52589,158.355,1007.34,-21.5668,158.14,1006.33,-7.36067,156.445,1001,-34.5655,143.236,1022.37,-6.24793,136.099,980.369,-45.7691,128.394,1016.53,5.12965,118.548,970.302,-33.7066,114.733,976.898,13.5204,117.524,1012.6,-37.0952,90.1771,1028.99,-19.5422,85.9537,1005.5,-34.9134,52.3867,1032.18,-20.9256,47.1685,1009.31,-36.1467,15.5361,1025.67,-25.6808,16.3815,967.797,-1.49692,85.4345,972.244,12.3617,85.0543,991.664,14.8931,65.9708,974.695,-0.502415,68.7939,0,0,0
008492:995.181,-10.7759,156.485,996.67,-13.8402,160.026,997.437,-8.02933,159.141,1004.66,-21.9474,158.786,1007.89,-7.37895,156.627,1001.26,-34.9615,142.995,1024.32,-6.53445,135.782,981.303,-46.0536,128.915,1018.61,5.16367,118.588,960.494,-34.026,118.317,978.969,13.7516,117.108,1012.84,-37.4588,89.9263,1029.78,-19.7425,85.7229,1009.25,-35.3324,51.9765,1034.67,-20.7167,47.325,1009.01,-36.2316,17.1924,1021.57,-24.8868,19.3828,968.319,-1.59026,85.3909,973.38,12.1865,85.2289,992.124,14.8945,67.6783,975.331,-0.592005,69.096,0,0,0
008493:993.333,-10.7817,156.724,994.927,-13.4809,160.193,995.2,-8.48928,159.365,1001.05,-20.3289,159.368,1009.33,-7.69741,155.678,999.013,-33.5484,143.709,1019.97,-6.83706,136.347,982.827,-45.2834,128.377,1016.42,4.54111,118.663,968.33,-33.9684,116.409,984.079,14.98,115.881,1013.88,-36.192,90.6007,1029.21,-19.7003,85.8126,1017.93,-34.5204,52.237,1031.96,-22.0969,47.8482,1011.14,-36.2754,18.4294,1015.55,-28.4598,17.8688,971.568,-2.14756,85.4781,974.437,12.0083,85.1404,992.26,14.8996,68.124,978.674,-1.14924,69.3264,0,0,0
008494:990.82,-11.7747,156.781,992.853,-14.66,160.165,993.323,-9.04365,159.34,1001.43,-22.1417,159.059,1004.8,-7.95493,156.834,999.682,-34.984,143.816,1020.42,-6.37416,136.698,983.007,-46.0515,129.592,1014.35,5.69566,119.777,965.17,-33.8527,117.991,977.36,14.1961,117.109,1014.01,-37.9739,90.3675,1030.25,-20.2294,86.0719,1007.06,-35.3327,53.299,1035.06,-21.4975,47.5795,1008.75,-36.2033,17.8781,1027.15,-26.5551,17.9202,972.508,-2.54552,85.5139,973.833,11.8853,85.4198,992.596,14.9065,69.2959,979.853,-1.3387,69.6835,0,0,0
008495:994.335,-11.3724,156.456,997.166,-14.2346,159.597,995.188,-8.67668,159.316,1002.87,-21.4027,158.62,1002.16,-7.76259,157.292,998.115,-34.4533,143.931,1018.01,-6.47547,136.8,984.198,-46.4785,128.446,1019.29,4.56669,118.022,971.007,-34.2539,116.414,980.291,12.9222,118.619,1014.08,-37.5491,89.4365,1029.62,-20.1316,85.2206,1008.72,-35.4476,52.8671,1034.14,-21.7253,47.4817,1008.54,-36.2881,17.7486,1034.09,-27.3634,15.2589,973.448,-2.94403,85.5497,977.098,11.1412,85.9426,992.173,14.7835,70.2865,982.065,-1.71296,69.7498,0,0,0
008496:995.449,-12.4224,156.202,996.281,-15.132,159.85,996.728,-9.46741,158.952,999.973,-21.6087,159.342,1004.35,-7.74214,156.668,998.182,-34.3139,143.828,1018.04,-5.85591,136.631,985.191,-46.6857,127.874,1016.8,5.3571,118.314,975.43,-35.4492,115.125,975.43,13.0177,118.696,1012.19,-36.9401,89.9348,1027.64,-19.2831,85.5954,1011.28,-35.5925,51.82,1033.5,-21.6524,46.9842,1012.38,-35.7083,15.4953,1033.21,-26.3679,13.8396,972.842,-3.06064,85.8297,981.381,10.4233,85.6776,991.187,14.5356,71.7691,983.16,-1.90095,69.7389,0,0,0
008497:1001.47,-12.2776,155.089,1002.35,-15.2334,158.809,1001.22,-9.13755,158.262,1003.79,-21.8795,158.436,1003.89,-7.16499,156.851,997.815,-34.4229,143.495,1015.14,-5.71189,136.654,986.959,-46.8998,128.272,1011.01,4.5764,119.139,974.82,-36.2879,117.621,972.344,13.5747,118.543,1012.31,-37.271,89.1863,1025.04,-19.427,85.2072,1013.37,-34.8838,50.2327,1030.77,-20.8548,46.2921,1019.83,-35.9545,13.7696,1031.05,-26.796,14.2371,971.359,-3.92425,86.984,984.488,9.45564,86.0874,989.579,14.1651,73.4859,983.667,-1.99666,69.6008,0,0,0
008498:990.045,-12.7752,157.819,992.811,-15.4087,160.954,991.521,-10.0362,160.46,1001.31,-21.445,159.535,1003.72,-7.87163,157.169,1001.79,-33.7088,143.363,1016.85,-5.99457,137.19,992.824,-45.6989,126.513,1016.14,4.94208,119.041,974.196,-35.8221,114.836,983.716,14.702,116.225,1015.36,-36.8319,90.8145,1026.11,-19.6458,86.9867,1018.29,-35.2231,52.9232,1028.1,-21.6185,49.2754,1017.9,-36.2141,17.3761,1024.54,-26.9637,15.6036,971.747,-4.43818,87.5004,987.398,7.84359,87.3245,990.138,13.6465,74.5504,978.936,-3.45429,71.6325,0,0,0
008499:992.088,-12.0311,157.399,993.054,-15.1477,161.046,994.637,-8.98278,160.013,998.288,-22.3466,159.815,1005.51,-7.25127,156.936,998.074,-34.5459,143.681,1018.25,-6.37265,136.344,989.361,-46.4482,128.052,1013.58,4.46979,119.335,973.022,-35.1168,116.662,972.594,13.2973,120.11,1009.75,-37.0659,90.7423,1024.33,-19.6226,86.4269,1011.89,-34.5889,51.8373,1030,-21.3014,47.954,1016.25,-35.5336,15.309,1028.42,-25.8082,16.0074,971.512,-5.48916,89.3325,988.008,6.16456,89.2654,991.268,11.5535,74.9115,987.338,-2.47851,73.2216,0,0,0
008500:991.627,-11.5439,157.838,993.834,-14.4987,161.138,993.055,-8.81624,160.554,1001.09,-21.4684,159.736,1003.93,-7.10494,157.293,1002.43,-33.7808,142.952,1012.6,-6.29614,138.076,997.075,-45.0279,124.972,1008.08,4.6439,121.613,979.544,-33.8392,113.678,975.801,13.6092,121.469,1015.78,-36.6587,89.973,1023.89,-19.3298,87.0019,1015.11,-34.6572,53.0095,1024.88,-20.9425,49.6295,1015.46,-37.0006,18.6673,1017.14,-26.9193,18.8394,975.631,-6.25226,88.7316,990.131,5.79578,89.0047,991.268,11.5535,74.9115,990.643,-3.25673,73.7031,0,0,0
008501:994.487,-12.4139,156.604,996.068,-15.2335,160.014,996.03,-9.69084,159.28,1001.72,-22.2843,159.202,1004.3,-8.39894,157.131,999.25,-34.9668,143.945,1015.86,-6.1173,137.857,987.022,-46.676,128.341,1012.5,5.78553,120.683,975.496,-34.4509,115.507,979.496,13.738,117.863,1010.28,-36.9803,91.1041,1023.19,-18.938,87.5363,1009.01,-35.8263,52.6569,1027.1,-20.7498,48.977,1013.87,-36.5636,16.9131,1024.2,-24.8827,18.0412,975.631,-6.25226,88.7316,992.405,5.42594,89.289,993.058,11.2881,75.3001,988.068,-3.72713,74.5145,0,0,0
008502:994.757,-12.58,156.97,996.691,-15.8106,160.406,995.448,-9.38551,160.071,1001.79,-22.9474,159.086,1001.5,-7.23045,158.021,999.768,-35.1594,143.148,1013.35,-5.59248,137.881,985.484,-46.6458,128.49,1007.52,5.20148,121.516,966.217,-35.7578,120.268,965.907,12.9469,124.752,1015.71,-37.4419,89.4109,1026.38,-19.0335,86.3561,1013.31,-35.1377,51.3841,1031.47,-21.1875,48.163,1017.8,-35.4751,15.2829,1038.25,-26.9861,14.5625,974.993,-6.36724,88.8973,992.789,4.69253,90.2768,996.551,10.7447,75.8516,981.773,-4.89679,76.9301,0,0,0
008503:987.279,-12.4846,158.569,988.82,-15.5104,162.107,990.255,-9.48178,161.182,996.418,-22.5448,160.448,1003.44,-7.58398,157.784,998.805,-35.0754,143.475,1015.64,-6.02846,137.356,985.088,-46.8171,128.464,1005.62,5.43341,121.923,973.127,-35.6647,116.063,965.353,13.3626,124.225,1013.51,-37.3198,88.3288,1025.9,-19.2326,84.784,1015.32,-35.3964,49.1246,1028.46,-21.4168,47.1676,1014.53,-34.2979,13.8884,1025.88,-24.5435,15.6819,970.3,-7.27715,91.5922,992.785,3.31704,91.4588,995.537,10.4952,77.3198,987.646,-4.4755,77.1209,0,0,0
008504:987.992,-11.8351,158.764,989.758,-14.9565,162.13,991.258,-8.97549,161.341,996.429,-22.189,160.455,1003.75,-7.46227,158.073,999.184,-35.0726,143.697,1013.8,-5.92647,138.094,990.094,-47.028,128.012,1006.29,5.19121,121.856,975.915,-35.1251,117.025,963.142,12.8312,125.61,1013.52,-37.6392,89.8883,1024.24,-19.4357,86.8516,1017.67,-35.9696,49.6938,1025.3,-21.3666,49.529,1019.38,-35.4439,13.4173,1025.54,-24.7615,17.2446,971.039,-7.36577,92.2734,991.216,2.22421,92.9431,995.224,9.95542,79.6503,987.646,-4.4755,77.1209,0,0,0
008505:985.931,-12.952,158.771,988.168,-16.1131,162.108,989.301,-9.92843,161.313,996.184,-23.1483,160.305,1002.69,-7.8159,157.958,997.936,-35.4184,143.536,1013.76,-5.74193,138.213,984.751,-46.5603,128.669,1005.31,4.89309,123.111,966.063,-35.1387,120.321,966.493,12.3728,125.274,1011.81,-37.3711,89.7994,1022.97,-18.6826,86.7522,1016,-35.7784,50.7947,1027.04,-19.9814,49.5594,1022.89,-36.0332,14.9471,1028.53,-25.3894,18.4321,972.838,-7.65116,93.0024,990.804,1.37115,93.5763,995.299,9.31394,81.5008,988.72,-4.35336,78.4837,0,0,0
008506:982.015,-12.8157,160.191,984.697,-15.7664,163.35,985.396,-9.93255,162.654,994.459,-22.4434,160.919,999.911,-8.05801,158.808,999.299,-34.9432,143.374,1012.11,-6.15844,138.672,991.466,-46.4439,127.102,1003.61,4.78383,123.757,972.685,-35.2441,117.412,962.779,11.8532,127.414,1013.09,-37.5487,89.4109,1022.32,-19.5079,86.8439,1013.73,-35.7651,50.2605,1023.54,-21.0044,49.497,1015.04,-35.53,14.3994,1020.78,-24.8294,18.3484,974.461,-8.87514,93.2686,990.751,1.1579,93.9279,995.21,8.45633,83.2969,988.774,-4.35131,78.6605,0,0,0
008507:988.674,-13.1692,158.739,991.27,-16.0849,161.974,991.234,-10.1695,161.369,999.291,-22.6271,160.097,1003.04,-7.96107,158.136,1000.75,-35.0601,143.444,1013.61,-5.91338,138.279,990.573,-47.402,127.898,1004.5,5.14556,122.98,971.142,-36.2983,118.664,967.379,12.7393,124.555,1011.82,-37.2881,89.7434,1021.52,-19.1563,86.8688,1013.81,-35.5177,50.6445,1026.46,-21.1666,48.784,1017.24,-35.7174,14.5773,1026.2,-25.4522,16.9911,973.323,-10.0381,94.2979,990.097,-0.546074,95.8521,995.996,8.14852,84.7256,991.546,-4.8282,78.7195,0,0,0
008508:989.926,-12.5943,158.944,992.307,-15.5842,162.137,992.445,-9.77803,161.429,999.947,-22.362,160.362,1003.92,-8.0095,157.953,1005.24,-34.4249,142.381,1010.06,-6.78374,139.175,1006.87,-45.5988,123.351,1002.52,3.92314,124.2,983.918,-34.9241,115.205,969.256,12.3467,125.337,1014.02,-37.04,90.9377,1019.36,-19.7467,88.9833,1016.5,-34.9842,52.7936,1024.64,-21.2025,50.4319,1018.04,-36.0622,16.4898,1025.04,-26.2271,15.7839,973.621,-10.5533,94.5029,989.428,-0.87842,96.5067,997.663,7.65836,85.2632,988.466,-5.41338,80.2659,0,0,0
008509:990.722,-12.9494,158.77,993.418,-15.9288,161.923,992.109,-9.94384,161.475,1000.88,-22.3341,160.039,1002.02,-7.36172,158.016,1003.9,-34.1216,142.546,1009.45,-5.71526,138.748,1003.59,-45.7056,123.989,1007.45,5.23185,122.241,987.865,-35.4502,112.784,976.491,13.9385,121.699,1015.49,-36.9221,91.0163,1020.74,-19.0174,88.7213,1017.27,-35.95,53.7031,1022.85,-21.0012,51.5763,1018.48,-37.8244,18.6173,1019.3,-27.3266,19.1233,974.442,-11.3733,95.1912,992.112,-1.35009,96.3049,997.774,6.49258,86.2999,988.354,-5.83776,80.9482,0,0,0
008510:994.105,-13.0858,157.711,995.283,-16.1438,161.223,995.932,-9.96327,160.617,998.781,-22.8563,160.144,1002.46,-7.71975,158.484,999.912,-35.2426,143.52,1009.18,-5.76732,139.542,996.133,-47.0994,126.386,1003.06,4.68285,123.692,979.542,-36.311,116.326,964.174,11.9475,127.05,1012.54,-37.1093,90.0712,1020.1,-18.7064,88.0286,1014.44,-35.9378,50.1134,1022.79,-21.176,50.2441,1020.87,-35.1785,11.9063,1027.78,-25.3035,16.3371,975.927,-12.0805,95.8047,991.917,-1.77546,96.6657,999.676,5.47946,86.7003,986.858,-6.70614,82.2107,0,0,0
008511:993.315,-12.9814,158.245,994.52,-16.3374,161.697,994.853,-9.86668,161.196,997.94,-23.3806,160.393,1000.86,-7.58745,159.036,998.476,-35.5543,143.886,1009.03,-5.34094,139.496,994.994,-47.6938,126.924,1003.17,5.27619,123.623,979.845,-36.9378,116.207,964.371,13.2227,125.288,1014.03,-37.2867,90.6089,1021.39,-18.2746,88.4761,1015.34,-35.5982,52.1294,1020.24,-19.422,52.6595,1025.83,-36.7148,14.641,1024.32,-25.5822,20.5271,976.19,-12.0821,96.8241,992.601,-3.02648,97.8353,1002.32,4.79962,86.7189,985.618,-7.14692,83.2827,0,0,0
008512:990.96,-12.5467,158.284,992.597,-15.65,161.621,993.367,-9.59255,161.004,997.597,-22.7954,160.419,1001.98,-7.86625,158.516,1000.94,-35.1494,143.594,1011.35,-6.07326,139.341,995.305,-47.7498,127.301,1007.32,5.0007,123.28,970.085,-37.1044,120.518,964.997,12.5043,126.85,1012.15,-37.2836,90.078,1020.88,-18.9005,88.062,1008.8,-34.6698,51.7853,1019.49,-19.007,51.87,1025.14,-37.9536,11.8147,1032.16,-25.623,17.2859,977.416,-12.2775,97.4249,992.407,-4.08503,99.8057,999.613,3.88581,88.1658,985.477,-7.78096,84.4044,0,0,0
008513:989.989,-12.137,158.842,991.191,-15.4137,162.26,993.027,-9.25016,161.533,995.857,-22.7292,160.9,1002.52,-7.63974,158.949,997.341,-35.3017,144.285,1012.22,-5.71583,139.359,990.594,-47.6687,128.314,1009.48,4.85771,122.637,967.31,-36.2553,120.671,970.955,12.4588,123.924,1012.78,-36.9182,90.043,1023.53,-18.3356,87.4216,1010.17,-35.0103,52.3313,1023.17,-19.4129,51.5614,1022.82,-36.8023,13.5841,1032.71,-25.7998,17.3424,980.249,-12.7633,97.9702,991.59,-4.83713,100.969,997.808,2.56915,89.4312,985.984,-7.87853,84.272,0,0,0
008514:991.567,-12.4574,159.06,994.143,-15.6411,162.256,993.257,-9.52087,161.82,1001.08,-22.6529,160.581,1003.29,-7.41742,158.643,1004.13,-34.2959,142.99,1011.72,-6.19064,139.231,1007.88,-45.3417,123.277,1009,4.03135,123.079,990.092,-35.2778,112.312,970.041,12.1465,124.585,1013.88,-36.6911,90.5871,1020.86,-18.8323,88.2349,1013.52,-34.9548,52.7661,1023.58,-19.7998,50.0692,1014.95,-37.455,17.0877,1024.8,-26.1175,15.9799,981.246,-13.1677,98.2159,990.32,-5.49057,102.46,995.577,1.35128,91.1426,988.232,-8.47373,85.0299,0,0,0
008515:996.039,-12.8647,157.44,996.786,-15.9,161.071,997.222,-9.83679,160.445,1000.14,-22.9098,160.312,1002.43,-7.94789,158.783,1000.66,-36.0022,144.17,1009.86,-5.44789,140.065,993.47,-48.1548,128.267,1004.25,5.3103,123.655,979.832,-38.0424,117.154,955.475,11.5622,125.613,1009.38,-37.482,91.7696,1016.14,-18.3194,89.9324,1010.62,-35.3519,52.3767,1013.73,-18.6068,54.1415,1021.03,-36.6322,14.6185,1024.16,-25.2936,20.3474,980.047,-13.3915,98.8544,989.034,-6.14709,103.937,999.917,0.598518,90.8028,987.501,-9.22452,86.5762,0,0,0
008516:992.188,-12.2677,159.381,993.989,-15.427,162.682,994.271,-9.46343,162.006,998.745,-22.3642,161.102,1004.49,-7.56354,158.403,1002.81,-34.2578,143.082,1009.32,-6.19407,139.123,1006.7,-45.7281,123.295,1005.91,4.3231,122.182,985.999,-36.022,112.598,962.848,12.3329,123.832,1010.07,-36.5887,91.3105,1016.93,-18.9812,88.8168,1009.35,-34.1491,53.5057,1014.22,-20.0506,52.1299,1016.23,-37.5603,16.4372,1017.89,-28.4211,17.6807,978.952,-14.3454,99.5861,988.648,-6.2621,105.069,1003.83,-0.280718,91.4609,989.613,-10.037,87.4268,0,0,0
008517:989.715,-12.3137,159.386,991.302,-15.4201,162.679,992.477,-9.67454,161.893,996.974,-22.3827,161.186,1004.43,-8.17024,158.343,1003.14,-34.4993,142.972,1012.09,-6.55551,139.071,1010.05,-46.1982,122.418,1007.51,3.97519,122.895,989.662,-35.8477,112.669,961.129,11.9419,125.12,1012.84,-36.4655,90.9861,1020.71,-18.7454,88.5781,1011.36,-34.4512,53.8822,1015.09,-18.8173,53.2427,1020.91,-37.4919,15.8241,1021.1,-25.5671,17.8675,978.225,-14.6665,99.9836,989.24,-6.56813,105.786,1006.03,-1.09291,92.4894,988.992,-10.3628,88.2653,0,0,0
008518:994.454,-12.1372,159.425,996.779,-15.3184,162.583,995.71,-9.36922,162.192,1003.29,-22.7595,160.615,1004.79,-7.75474,158.779,1006.31,-35.3026,142.567,1010.3,-6.60299,139.721,1005.82,-46.2029,123.637,1005.88,4.10786,124.316,984.724,-35.1464,113.363,962.373,12.2006,128.149,1013.47,-37.0811,90.7747,1018.5,-18.9405,89.173,1013.07,-35.4657,53.0601,1017.08,-20.1517,52.8283,1012.08,-37.7928,17.4154,1017.5,-27.6845,18.8843,976.36,-15.207,101.19,990.982,-6.85235,106.141,1007.63,-1.59645,92.7714,988.935,-10.786,89.175,0,0,0
008519:987.691,-12.6055,160.594,989.599,-15.3951,163.783,991.228,-10.1504,162.911,996.776,-21.9725,161.961,1006.67,-8.74808,158.564,1004.51,-34.8848,143.766,1012.46,-6.27296,139.685,1007.9,-46.8711,124.711,1004.84,3.74243,123.33,994.527,-36.8692,113.375,960.306,11.2796,123.548,1008.04,-36.6302,92.6003,1015.71,-18.6284,90.1598,1015.94,-34.5294,52.5581,1019.29,-18.4379,52.4735,1015.56,-36.4836,17.6391,1024.43,-25.9519,17.9509,973.853,-16.6985,104.866,986.266,-8.49089,108.589,1009.23,-2.41427,96.0016,990.335,-11.394,91.3124,0,0,0
008520:994.376,-12.6113,158.814,994.977,-15.7421,162.39,996.113,-9.84558,161.577,997.87,-22.7932,161.59,1004.76,-8.09034,158.722,1002.51,-35.0786,143.797,1008.05,-6.4527,140.551,1006.74,-46.7587,123.918,1001.85,3.79012,124.514,988.55,-36.7411,113.166,960.078,11.4774,124.674,1010.1,-36.6148,92.128,1016.37,-18.5648,90.1363,1013.37,-34.2932,52.6681,1017.47,-19.184,52.1551,1019.77,-37.2411,14.5686,1023.82,-26.7559,15.9683,975.596,-16.7865,104.887,992.708,-9.65677,108.403,1009.31,-2.4113,96.2692,985.201,-12.3018,92.8676,0,0,0
008521:995.405,-11.9513,159.28,996.49,-15.084,162.7,996.619,-9.37259,162.019,999.966,-22.386,161.557,1005.44,-8.02575,158.781,1003.73,-34.6873,143.97,1009.97,-6.60553,139.882,1008.84,-46.2591,124.467,1003.21,4.30757,123.803,993.659,-35.8555,112.556,960.641,12.0043,124.38,1011.38,-36.3547,91.6206,1018.39,-18.6964,89.0932,1011.59,-34.1868,53.2446,1019.3,-20.1049,51.1778,1014.07,-37.7581,16.6166,1019.9,-28.2879,16.8446,979.211,-17.4792,104.456,996.383,-10.7634,108.995,1003.81,-3.47238,99.4106,985.201,-12.3018,92.8676,0,0,0
008522:998.86,-12.2398,157.348,998.29,-15.5502,161.226,1000.86,-9.41453,160.164,997.968,-23.1476,161.02,1006.14,-8.3594,158.363,997.155,-36.0713,144.843,1012.07,-6.49021,139.7,993.346,-49.0622,128.617,1005.52,4.2546,124.373,981.693,-37.4978,117.397,957.437,11.0325,126.415,1008.48,-36.4227,90.9472,1020.29,-18.081,88.0253,1006,-33.5456,52.1064,1018.83,-19.3423,51.0171,1023.25,-36.2901,12.3201,1034.3,-27.0318,15.0403,980.014,-17.3631,104.82,996.951,-10.8611,109.073,1004.03,-3.46692,100.173,991.25,-11.2806,92.1497,0,0,0
008523:991.729,-12.7613,159.371,993.468,-15.8084,162.717,995.074,-9.95078,161.913,999.169,-22.8815,161.124,1005.69,-8.48493,158.851,999.143,-36.0217,144.586,1013.2,-6.16073,139.558,996.501,-48.2255,126.863,1004.23,4.18347,123.426,984.785,-35.8976,114.944,963.368,11.7125,123.84,1006.56,-36.6396,91.7027,1017.08,-17.9497,89.2143,1009.25,-34.4358,51.5356,1018.86,-18.1941,52.066,1024.97,-37.1007,11.4854,1029.35,-25.4693,17.6653,980.909,-17.2484,105.55,995.336,-10.7784,109.708,1004.43,-3.46135,101.6,987.613,-10.0639,93.5785,0,0,0
008524:994.445,-13.3799,159.226,996.008,-16.4925,162.59,996.429,-10.4388,162.011,1001.39,-23.3393,160.909,1007.29,-8.04059,158.405,1004.01,-35.4079,143.407,1013.54,-5.85018,139.057,996.21,-47.3769,127.883,1006.91,4.67679,123.516,978.631,-37.3935,118.616,963.538,13.0409,124.566,1010.18,-36.5189,91.6374,1018.16,-17.9563,89.0633,1007.51,-34.6769,53.7584,1014.6,-19.0132,52.3872,1014.35,-37.4242,16.0248,1020.79,-27.031,16.7677,981.051,-17.247,106.065,987.791,-9.30932,111.804,1003.21,-3.16082,103.072,988.235,-9.21237,93.6104,0,0,0
008525:1004.42,-13.2817,156.626,1004.33,-16.3648,160.413,1005.45,-10.2762,159.643,1002.94,-23.1971,160.433,1007.13,-8.36433,158.475,999.081,-36.0067,145.164,1010.64,-5.63745,140.065,993.39,-48.5238,129.241,1002.8,4.70376,124.017,984.618,-38.6625,116.833,958.556,11.8831,125.526,1009.16,-36.6943,92.3702,1017.26,-17.6544,90.0317,1010.91,-34.7879,53.1216,1014.65,-17.7674,54.3673,1026.06,-36.5859,13.292,1024.11,-25.1621,20.0833,979.057,-16.848,106.558,983.252,-7.91714,113.773,1000.26,-2.57777,104.275,988.884,-9.09774,93.4453,0,0,0
008526:998.287,-11.6336,157.452,998.7,-14.7154,161.084,999.821,-8.96172,160.457,1000.17,-22.3032,160.549,1004.14,-8.33804,158.927,999.61,-36.1922,144.619,1009.23,-6.18132,140.604,996.581,-48.8269,127.857,1000.8,3.82601,124.869,989.322,-39.3262,115.123,960.074,12.5008,126.437,1011.72,-36.2954,90.6036,1019.2,-17.4523,89.1161,1011.8,-34.7559,50.4578,1015.64,-17.4321,53.5909,1025.11,-36.2495,11.0901,1026,-25.4814,20.0939,974.121,-15.8553,107.898,985.298,-7.57432,113.761,995.977,-1.49899,106.095,989.45,-7.5083,93.5871,0,0,0
008527:999.427,-12.723,157.525,999.72,-15.938,161.22,1000.15,-9.85405,160.633,1000.12,-23.2305,160.828,1002.03,-8.50788,159.493,997.658,-36.0099,145.057,1007.58,-6.07879,140.733,997.847,-48.615,127.666,999.254,4.56088,124.645,989.004,-39.3443,116.378,953.127,11.9281,125.936,1009.48,-36.3045,90.8868,1017.23,-17.5846,88.8338,1010.43,-34.2299,51.2452,1016.39,-18.3341,52.0573,1026.1,-35.5897,12.0352,1028.47,-25.415,17.482,973.726,-14.8203,108.117,985.971,-7.45972,113.719,998.274,0.0206648,106.142,987.024,-7.0182,94.5837,0,0,0
008528:998.533,-13.3875,158.572,998.968,-16.5034,162.15,999.561,-10.4955,161.615,1000.69,-23.2212,161.373,1006.03,-8.21486,159.198,1003.38,-35.1674,143.551,1008.99,-6.11409,140.544,1003.3,-47.4489,124.711,1002.19,4.41777,124.122,985.492,-38.4314,116.474,963.534,13.4177,124.749,1011.24,-36.2946,90.6119,1016.19,-18.1098,89.1004,1013.63,-33.7394,51.5035,1014.37,-18.6218,52.308,1020.33,-36.7794,14.1118,1021.56,-26.1392,17.1906,973.824,-13.8839,108.213,980.232,-5.8813,115.103,998.738,1.82711,105.501,986.46,-6.18585,94.8221,0,0,0
008529:1002.44,-12.7697,157.228,1003.2,-16.0605,160.864,1003.48,-9.8229,160.301,1003.45,-23.458,160.495,1005.74,-8.38184,159.019,999.13,-36.1711,144.835,1009.45,-6.16442,140.231,994.046,-48.1519,128.397,1000.99,4.92005,124.373,988.367,-38.2276,115.238,959.586,14.2321,125.554,1010.76,-36.4884,89.8382,1018.34,-17.6382,87.8579,1010.39,-34.3671,50.7044,1014.08,-17.837,52.4195,1025.74,-36.2242,11.1911,1026.68,-25.211,17.7239,972.744,-12.234,108.694,984.203,-4.03388,113.853,998.707,3.20836,104.102,984.714,-4.63859,95.5506,0,0,0
008530:999.203,-14.1921,158.26,999.922,-17.0586,161.881,1000.63,-11.1924,161.105,1001.97,-23.2389,161.421,1006.88,-8.5825,158.712,1004.04,-35.0782,144.312,1008.44,-6.19652,140.441,1003.31,-46.7595,125.972,1003.93,4.32894,123.034,987.141,-38.5535,115.064,965.953,13.7869,122.871,1011,-36.0258,91.9643,1015.38,-17.8828,90.0999,1013.75,-34.1035,53.0087,1013.14,-18.1651,53.598,1020.37,-35.8499,14.4791,1022.5,-24.7764,16.5489,972.669,-11.5077,108.713,984.245,-2.14832,113.577,996.756,4.01087,103.932,982.581,-3.52219,95.9718,960.135,14.9899,115.812
008531:998.413,-13.0223,158.986,998.857,-16.3946,162.456,999.874,-10.458,161.87,1000.58,-23.7008,161.545,1006.19,-9.17635,159.543,1004.5,-35.3923,143.19,1005.56,-7.11265,141.941,1005.89,-46.2659,123.159,996.529,4.64147,127.13,985.959,-38.4494,114.035,966.069,14.906,126.909,1011.84,-35.6117,90.918,1014.14,-17.8098,90.4359,1017.31,-33.7476,51.0686,1015.9,-18.0042,52.596,1014.58,-37.0933,16.1812,1018.38,-24.6892,18.5845,973.198,-10.6688,108.463,983.648,-1.32129,113.669,997.136,4.86774,103.162,982.484,-1.84528,95.7558,956.841,14.366,116.02
008532:1000.29,-13.2504,158.479,1001.92,-16.4658,161.865,1001.82,-10.421,161.31,1005.67,-23.5147,160.681,1008.89,-8.50121,158.494,1005.93,-35.5368,143.157,1008.19,-6.32637,140.514,1000.55,-46.749,125.506,998.566,5.51521,125.654,985.703,-38.8936,113.671,965.409,15.4895,125.972,1011.07,-35.6066,91.7689,1014.77,-17.3258,90.4707,1013,-34.1123,53.088,1016.84,-17.9123,52.9587,1016.01,-36.4271,15.2977,1026.11,-24.5974,15.6443,974.769,-9.81267,107.596,985.532,-0.0257573,112.854,992.332,6.86198,103.008,978.708,-0.66295,96.5951,956.841,14.366,116.02
008533:998.451,-12.9432,158.525,999.329,-16.2653,162.122,1001.22,-10.1118,161.259,1000.67,-23.6775,161.494,1007.51,-8.85445,159.194,997.164,-36.1247,145.619,1011.24,-6.36716,140.568,990.085,-48.1399,128.955,1004.85,4.94959,124.455,979.368,-39.8466,115.992,965.691,14.4085,125.871,1006.57,-35.7286,91.5918,1017.24,-17.2348,88.9363,1005.8,-33.7756,51.8429,1017.28,-17.8205,51.3835,1023.22,-35.9526,11.3484,1033.96,-25.7005,15.0627,972.54,-8.70125,107.508,982.39,1.26848,113.494,990.294,8.38894,102.918,976.557,0.442709,96.9277,956.694,14.3672,115.458
008534:994.419,-14.1164,159.54,996.347,-17.2843,162.863,997.508,-11.1905,162.205,1000.97,-24.0207,161.423,1006.03,-9.12135,159.594,1000.36,-35.9898,144.917,1010.16,-6.08459,141.007,996.694,-47.8464,126.983,1002.56,4.8809,125.015,984.046,-39.0413,114.444,968.842,13.7699,124.723,1009.06,-35.6208,91.9612,1015.95,-17.0061,90.2406,1009.95,-34.1299,51.9857,1013.83,-17.988,53.5525,1025.74,-35.9477,11.3196,1024.43,-25.0784,18.4115,969.66,-7.9157,108.034,981.342,2.39679,113.389,986.97,9.66724,103.148,978.656,1.22019,96.0592,956.694,14.3672,115.458
008535:1000.56,-13.3734,157.67,1000.72,-16.6692,161.347,1002.77,-10.5551,160.624,1001.29,-24.0361,160.894,1007.63,-9.26534,159.051,1000.84,-36.3969,144.33,1009.45,-6.41509,141.218,996.139,-47.7515,126.91,1007.55,4.7072,123.688,983.465,-39.8552,114.778,969.963,13.3216,123.752,1007.71,-35.3028,91.7617,1013.96,-16.5925,90.6843,1012.28,-34.8395,50.6463,1013.08,-17.7235,54.5446,1023.26,-35.8886,11.1786,1027.87,-24.9847,18.6973,965.392,-6.4292,108.124,977.848,3.98655,114.116,986.109,11.2212,102.811,978.885,2.58629,95.6664,956.694,14.3672,115.458
008536:999.124,-13.0516,158.42,1001.58,-16.4894,161.576,1001.09,-10.3464,161.322,1004.67,-24.1093,160.526,1005.67,-9.27742,159.756,1000.29,-36.165,144.965,1010.18,-6.6743,141.306,991.586,-47.6721,128.904,1005.88,4.72736,125.297,968.192,-39.6169,118.483,967.525,13.171,126.664,1010.12,-35.3788,91.9899,1017.18,-17.0236,90.3855,1008.83,-34.1403,52.8657,1015.37,-18.1157,53.8938,1025.27,-35.4441,11.0925,1027.06,-24.6648,17.4452,965.961,-6.31491,107.744,973.209,5.54165,115.002,983.104,13.1324,102.578,973.173,4.33567,96.6942,956.694,14.3672,115.458
008537:997.595,-14.0488,158.389,999.326,-17.2155,161.754,999.566,-11.1913,161.294,1002.59,-23.9584,160.867,1005.03,-9.28338,159.626,1001.09,-35.7923,144.949,1010.25,-5.75392,141.318,998.063,-47.5572,127.4,1005.3,5.84024,124.739,980.331,-40.6645,116.771,971.224,14.2073,123.604,1010.74,-35.0653,92.1918,1017.48,-16.3932,90.5003,1010.74,-34.0188,52.5322,1018.75,-17.4676,52.9852,1023.33,-35.1879,12.3303,1026.03,-24.5639,18.0825,964.619,-5.61112,107.508,970.34,6.30044,115.605,977.765,14.5431,103.695,969.114,5.07041,97.4481,956.546,14.3685,114.897
008538:995.53,-13.3861,158.651,997.338,-16.7416,161.983,998.655,-10.6599,161.409,1000.76,-24.1913,161.119,1006.39,-9.36803,159.464,998.92,-36.2032,145.184,1009.72,-6.63776,141.423,992.719,-47.8576,128.521,1006.02,4.72428,124.789,979.448,-39.752,116.574,973.282,13.652,123.837,1008.46,-35.177,91.307,1016.25,-16.7056,89.6406,1011.5,-34.0056,50.5197,1017.62,-17.7955,52.0184,1022.55,-35.2864,11.2731,1028.66,-24.0886,16.7571,961.676,-4.83349,107.673,968.598,7.08614,115.909,974.034,15.8902,104.199,968.076,6.18845,97.4065,956.374,14.3626,114.344
008539:995.216,-14.855,159.348,996.599,-18.0581,162.731,997.839,-11.8721,162.061,999.65,-24.4388,161.434,1005.53,-9.45015,159.522,999.296,-35.7684,144.904,1010.49,-5.64389,140.919,995.957,-46.9571,127.658,1005.91,6.139,124.729,981.585,-40.5052,115.239,969.698,15.0763,123.25,1007.74,-35.2887,93.1504,1015.88,-16.6326,91.013,1011.3,-34.5218,52.6893,1019.1,-17.8197,52.8542,1023.06,-34.9347,12.5964,1026.31,-24.5798,17.6761,948.29,-4.70753,112.987,955.962,9.49705,118.218,970.049,21.0911,103.136,964.412,9.06626,97.4002,959.338,13.791,113.018
008540:999.992,-13.4519,160.143,1000.84,-17.0441,163.571,1000.89,-11.0364,162.969,1003.8,-23.7098,162.96,1007.26,-7.47264,160.459,1004.66,-35.9895,144.641,1008.8,-5.16784,141.344,992.091,-46.7372,128.652,998.009,6.88709,127.947,963.301,-37.705,120.962,972.956,15.7071,125.318,1011.51,-35.5096,93.311,1012.34,-17.1187,92.4996,1001.25,-30.823,55.45,1019.24,-16.9037,51.7241,1011.84,-33.9494,14.2726,1034.36,-25.5772,11.985,961.515,-2.21817,108.873,963.464,8.48378,115.598,967.542,19.2007,106.792,965.79,8.45471,99.9874,956.503,15.5428,114.911
008541:999.946,-14.6545,160.151,1000.84,-17.0441,163.571,1000.89,-11.0364,162.969,1003.8,-23.7098,162.96,1007.26,-7.47264,160.459,1004.84,-35.9838,145.202,1009.13,-5.16268,142.489,992.091,-46.7372,128.652,998.16,6.88622,128.523,963.13,-37.7111,120.412,973.106,15.706,125.883,1011.51,-35.5096,93.311,1012.34,-17.1187,92.4996,1004.75,-31.5033,55.0993,1022.81,-17.5699,51.3725,1012.16,-33.9424,15.4589,1034.36,-25.5772,11.985,958.063,-1.62228,108.535,959.997,9.0572,115.247,963.892,19.7554,105.897,962.302,9.03088,99.6693,953.697,16.1083,116.789
008542:996.697,-14.0192,160.824,1000.84,-17.0441,163.571,1001.07,-11.0312,163.529,1003.8,-23.7098,162.96,1007.26,-7.47264,160.459,1004.84,-35.9838,145.202,1009.13,-5.16268,142.489,988.925,-47.2319,129.991,998.16,6.88622,128.523,963.13,-37.7111,120.412,969.768,16.2722,126.068,1011.51,-35.5096,93.311,1012.34,-17.1187,92.4996,1001.25,-30.823,55.45,1022.81,-17.5699,51.3725,1012.16,-33.9424,15.4589,1038.11,-24.9997,11.5047,951.825,-1.60712,110.09,953.604,9.02856,116.213,954.315,20.2352,107.696,952.744,9.57875,101.506,950.585,16.6668,117.55
008543:999.946,-14.6545,160.151,1000.84,-17.0441,163.571,1000.89,-11.0364,162.969,1003.8,-23.7098,162.96,1007.26,-7.47264,160.459,1004.66,-35.9895,144.641,1009.13,-5.16268,142.489,991.917,-46.7432,128.093,998.16,6.88622,128.523,959.886,-37.037,120.588,969.768,16.2722,126.068,1011.51,-35.5096,93.311,1012.34,-17.1187,92.4996,1001.25,-30.823,55.45,1022.66,-17.5688,50.7742,1011.84,-33.9494,14.2726,1034.54,-25.5692,12.5782,948.587,-1.01016,110.301,950.352,9.60319,116.414,954.143,20.2293,107.142,952.573,9.57267,100.952,944.57,17.7825,119.612
008544:999.946,-14.6545,160.151,1000.84,-17.0441,163.571,1001.07,-11.0312,163.529,1003.8,-23.7098,162.96,1003.94,-8.05541,161.142,1004.66,-35.9895,144.641,1009.13,-5.16268,142.489,988.75,-47.2379,129.434,998.16,6.88622,128.523,956.691,-37.5503,121.369,969.768,16.2722,126.068,1011.51,-35.5096,93.311,1012.34,-17.1187,92.4996,1001.25,-30.823,55.45,1022.66,-17.5688,50.7742,1012.16,-33.9424,15.4589,1034.54,-25.5692,12.5782,948.733,-1.01123,110.862,950.352,9.60319,116.414,951.047,19.6015,107.919,952.573,9.57267,100.952,941.18,18.3296,119.26
008800:391.445,185.428,0.993298
