005029:1018.7,58.7119,147.521,1020.4,56.2041,150.612,1021.83,61.4924,150.037,1031.39,50.3792,147.778,1038.72,64.7582,145.806,1031.94,40.6204,130.456,1056.78,65.2333,124.769,1028.08,25.7631,103.581,1078.06,64.7656,96.9203,1013.54,24.3069,77.5865,1076.74,69.7456,78.8815,1037.33,34.9299,83.8223,1054.8,55.3695,79.5897,1033.8,24.533,53.1581,1049.39,75.0797,50.7323,1059.32,-2.73238,11.4859,1069.28,71.4254,14.2445,983.42,51.0353,68.4772,979.04,52.1735,56.0504,971.735,66.215,60.4437,974.992,61.893,74.2832,0,0,0
005030:1022.36,60.6774,146.059,1024.81,58.4688,148.782,1025.26,63.0962,148.707,1033,52.0002,147.328,1038.09,64.7562,146.17,1021.25,40.8544,133.382,1063.04,64.989,123.867,1022.59,24.9656,105.351,1080.41,64.7866,96.1484,1020.33,23.3945,76.9234,1084.19,70.8152,76.6162,1032.28,35.2009,84.7377,1060.05,54.561,77.7904,1005.85,27.96,60.2775,1050.97,76.2637,50.3642,1056.8,-1.02013,10.8448,1070.77,68.9971,13.7978,990.951,49.8718,65.4662,979.349,52.1111,55.5981,976.904,65.473,58.6874,995.217,60.398,64.247,0,0,0
005031:1015.75,60.4286,147.425,1020.06,58.2735,149.958,1019.68,62.8291,149.805,1033.97,51.9111,146.712,1038.25,64.5644,144.919,1027.19,40.9073,131.518,1062.88,65.3503,123.697,1027.21,25.1936,103.239,1077.57,65.1683,97.7136,1011.46,23.6792,80.4613,1070.67,72.6769,82.0503,1034.02,35.6476,83.6894,1052.66,55.8092,79.1339,1021.29,27.1931,53.5786,1059.4,75.6868,45.7178,1066.91,-1.36224,9.28692,1075.38,67.8488,8.7782,990.441,49.8555,63.7859,978.652,52.1632,54.7427,978.859,65.0668,54.707,993.705,61.8591,62.4663,0,0,0
005032:1016.81,60.7126,148.49,1018.62,58.5978,151.476,1021.07,63.3818,150.923,1026.85,52.8702,149.38,1037.62,65.7925,146.873,1021.14,42.4459,133.177,1060.38,66.023,123.844,1020.42,27.039,105.641,1078.3,65.1994,95.4412,1013.87,25.2,78.1768,1080.09,71.1499,75.7885,1034.56,36.0397,82.5745,1059.42,55.301,76.0666,1020.32,28.7269,55.3421,1054.63,77.3091,48.081,1060.26,-1.34363,11.2752,1074.21,68.6781,13.8153,984.072,50.5016,64.158,980.747,52.0757,53.2213,975.744,64.9072,53.7226,987.812,62.1936,64.1632,0,0,0
005033:1033.48,63.7839,143.894,1035.02,61.3461,146.941,1034.12,66.049,147.232,1037.99,54.1418,146.453,1039.18,66.7621,146.33,1021.17,42.9087,133.202,1062.11,66.0549,124.217,1017.96,26.9812,106.099,1081.75,65.0396,95.5093,1014.36,26.3675,78.9156,1083.55,70.9126,75.5096,1035.36,37.4837,82.3506,1060.66,56.3693,76.2144,1022.9,30.0322,53.8016,1061.78,77.3842,45.9339,1062.2,-0.67945,10.5251,1072.01,68.2449,14.8336,989.082,49.9921,61.8693,981.973,51.8367,51.2175,970.424,64.8156,53.7386,986.015,62.3487,62.668,0,0,0
005034:1031.98,64.7548,145.182,1031.17,61.7738,148.643,1034.42,67.1247,148.063,1032.58,53.8849,147.808,1042.8,67.8459,145.881,1023.23,43.5044,131.735,1056.18,66.4328,124.504,1011,27.6026,106.127,1076.01,65.8187,95.1321,1014.62,26.339,76.7882,1080.13,70.8322,75.0524,1032.28,38.2853,82.4411,1052.14,56.8645,77.7264,1029.81,31.6415,51.8357,1048.72,78.0867,49.5921,1057.29,-0.470345,10.1506,1063.75,69.5681,15.8856,987.791,50.3931,60.7948,979.844,51.2972,50.2995,970.514,64.4723,52.1634,981.716,62.865,61.4891,0,0,0
005035:1027.66,65.1011,146.162,1026.97,62.7035,149.702,1030.38,67.1766,148.66,1028.66,55.5456,149.334,1038.86,67.8009,146.151,1026.79,43.9232,132.765,1056.65,66.937,124.96,1016.84,28.6185,106.904,1075.13,67.0211,96.5118,1020.17,26.4162,75.8587,1073.3,72.7935,79.0064,1039.09,38.9873,82.4653,1057.02,57.4975,77.6676,1037.65,32.0586,52.1659,1046.48,78.2661,50.5971,1064.25,0.367613,10.3829,1050.89,70.1492,17.8437,986.94,50.5166,60.8943,976.182,50.7271,49.7056,971.517,62.8382,47.5746,978.823,63.1435,59.0462,0,0,0
005036:1026.61,66.0261,146.282,1026.85,63.9337,149.734,1028.59,67.9366,149.028,1030.49,56.8587,149.374,1037.05,67.8269,146.86,1026.86,44.0948,132.952,1058.82,67.0661,125,1019.71,29.5582,104.452,1077.81,66.9875,95.103,1022.15,28.1885,71.6532,1077.57,73.3501,76.7923,1038.25,39.2856,81.2842,1058.95,57.7316,76.0982,1030.24,31.3199,52.1614,1058.55,77.9272,46.3919,1056.13,1.00499,10.9641,1064.9,68.6055,13.8614,988.964,50.3641,57.421,979.046,50.2248,47.5215,973.379,62.2151,44.365,981.305,62.7257,57.05,0,0,0
005037:1038.54,65.5028,144.736,1042.03,62.9827,147.747,1036.62,67.9477,148.608,1045.95,55.8343,145.49,1039.03,68.6254,145.849,1031.22,45.3025,130.629,1057.48,67.6317,124.874,1020.68,30.9117,103.797,1076.94,67.357,96.2421,1008.82,31.168,79.9664,1072.39,74.0021,79.9417,1044.39,39.3662,80.232,1053.52,58.5522,78.2882,1042.72,31.7284,45.2079,1058.69,78.0748,44.3843,1062.94,0.686234,10.6552,1056.98,70.4979,13.9008,984.801,51.1859,57.2244,983.641,50.5444,45.051,979.063,61.327,41.2466,986.736,61.7884,51.1575,0,0,0
005038:1025.72,64.3944,146.525,1027.08,61.882,149.818,1028.25,66.9553,149.297,1033.55,55.7151,148.338,1037.17,69.3737,146.821,1036.47,45.3367,129.918,1055.19,69.5006,125.214,1028.4,32.196,101.81,1070.5,68.1299,96.2916,1017.06,29.9738,76.0722,1079.95,72.519,75.2365,1041.92,39.5445,79.5055,1053.87,59.1616,76.2611,1024.57,32.6786,52.9945,1057.57,78.7745,44.939,1058.7,-0.14005,11.7579,1088.54,66.314,6.73574,986.733,49.4695,54.3002,986.662,50.3339,43.5513,982.935,60.8954,36.4946,984.561,62.0158,49.7429,0,0,0
005039:1021.08,64.6685,147.977,1020.74,62.014,151.849,1023.55,67.6102,151.307,1030.68,55.2142,148.6,1042.69,69.3144,145.394,1032.75,45.6808,129.849,1062.27,69.0228,124.459,1027.35,32.4146,102.034,1080.36,66.5627,96.2055,1015.44,32.156,79.7206,1069.88,73.5592,82.576,1037.5,40.5142,80.6516,1049.51,60.5017,78.365,1040.01,29.8951,44.8966,1062.49,78.3242,44.6253,1055.53,0.928339,13.2443,1057.58,70.4818,13.0568,985.872,49.5916,54.3898,987.942,49.8668,42.9661,975.445,59.278,37.148,981.195,61.3472,48.8614,0,0,0
005040:1035.46,66.4338,144.811,1035.77,63.3996,148.721,1034.1,69.3406,149.422,1039.22,55.9038,146.274,1041.37,70.5363,145.824,1034.97,46.3668,128.95,1058.31,69.4274,125.801,1023.59,33.8411,102.366,1080.99,66.9196,96.055,1011.52,33.8365,80.029,1068.21,73.5404,83.6785,1042.28,40.7724,79.8088,1050.46,60.5584,79.0633,1040.92,31.5061,44.0532,1061.4,78.6452,46.312,1053.5,1.23926,13.8806,1062.01,69.7617,11.4456,984.517,49.7721,54.3126,989.563,48.9891,39.976,982.013,57.1374,32.1883,979.48,60.4597,47.4006,0,0,0
005041:1030.94,68.6282,145.624,1031.02,66.0643,149.536,1030.52,70.9369,149.879,1035.53,58.1561,147.479,1039.93,70.2598,146.204,1034.03,47.1197,129.568,1054.28,68.92,126.792,1022.93,34.4002,102.738,1076.39,67.0565,96.139,1009.29,34.6269,80.5833,1067.65,74.2878,83.5701,1041.27,42.5401,78.0123,1046.96,61.5598,78.0663,1039.72,31.5358,42.3884,1057.17,78.8098,46.6479,1049.67,1.3426,13.315,1062.53,70.1067,11.741,986.226,51.0153,51.7819,989.499,48.9092,38.294,982.013,57.1374,32.1883,978.713,57.5758,44.7192,0,0,0
005042:1032.94,67.9034,145.747,1032.2,65.1627,149.411,1033.47,70.551,149.226,1036.13,57.4302,147.473,1040.53,71.3036,146.039,1025.23,48.6157,131.567,1057.97,69.457,125.294,1020.64,36.1981,103.323,1073.17,68.5696,98.2847,1013.26,36.7455,79.2337,1069.51,75.4639,83.6072,1036.48,43.0231,81.151,1053.89,61.062,77.3222,1027.25,33.2089,48.3711,1063.37,78.615,43.0067,1034.81,4.31717,18.3382,1067.25,70.6485,9.42073,985.815,51.0006,50.4399,993.023,48.3399,36.5663,976.499,55.7324,31.3209,979.882,56.5491,43.0303,0,0,0
005043:1018.19,68.0151,149.193,1019.01,65.0974,152.538,1023.14,70.8984,152.146,1031.67,57.4352,148.265,1041.3,72.6541,146.569,1026.62,49.6771,130.98,1059.18,69.9799,125.718,1017.21,36.9644,103.135,1065.33,67.3465,101.177,1004.23,39.0709,79.9793,1069.62,74.5869,85.597,1038.21,43.2563,82.2611,1054.44,60.9053,79.1457,1034.64,33.8702,46.3999,1067.31,78.1377,43.1855,1037.97,4.71381,17.9513,1066.34,69.629,10.0035,989.725,50.1224,47.9137,988.266,47.403,36.2253,977.514,52.5314,27.2451,981.576,57.3067,41.2368,0,0,0
005044:1033.77,68.0993,145.753,1035.33,65.4211,149.577,1032.63,71.1682,149.782,1042.07,58.2919,146.657,1038.66,73.4904,145.621,1027.59,49.8796,130.702,1055.16,69.6163,125.002,1024.03,38.0464,102.616,1067.65,68.7399,99.7575,1003.02,38.817,81.2682,1071.64,76.7967,83.5483,1038.73,44.4619,81.2277,1053.09,61.858,77.8158,1026.81,33.2716,48.985,1065.05,77.9215,42.0106,1033.65,2.20813,22.4897,1080.16,71.7619,5.06418,991.268,51.8525,44.1117,988.182,49.2603,35.3784,977.081,54.4341,26.8876,984.879,58.4625,41.1392,0,0,0
005045:1028.04,69.4618,147.625,1028.3,66.9587,151.335,1029.3,71.9435,151.024,1036.73,59.7497,148.023,1042.23,73.1285,145.596,1028.91,51.4628,131.402,1058.79,69.8489,124.764,1031.88,39.0501,101.512,1077.55,68.4078,97.0385,1004.86,40.14,83.3706,1073.91,76.7862,83.4063,1039.93,45.5594,81.7642,1054.8,61.908,77.9668,1030.4,36.3394,48.3148,1062.84,78.194,41.8455,1028.18,6.20675,25.0161,1067.18,72.367,8.7219,991.515,53.0054,46.3748,988.304,50.8289,34.9899,987.763,55.7701,23.4207,985.426,59.4078,39.9248,0,0,0
005046:1037.88,70.8224,144.54,1040.53,68.0667,147.754,1035.9,73.3193,148.765,1044.33,60.4606,146.038,1034.61,73.8711,147.707,1029.17,51.6235,131.457,1053.54,70.5336,127.086,1020.76,38.8676,103.277,1073.78,70.7504,98.4667,1011.7,42.5295,80.7088,1069.18,78.2943,84.9778,1041.12,44.7359,82.487,1056.62,61.191,79.2829,1016.91,36.919,51.9704,1060.74,77.1093,44.1582,1027.83,6.59607,21.07,1089.71,70.0191,4.96373,987.462,53.6175,47.7673,994.704,52.7609,31.8495,975.588,58.3534,27.2057,982.9,60.1915,38.1432,0,0,0
005047:1019.54,67.8867,147.897,1021.81,65.3369,151.864,1019.9,71.1585,152.007,1032.47,59.0434,148.267,1037.61,73.7477,145.422,1032.16,50.8233,130.653,1056.15,70.9558,125.989,1027.01,40.1714,102.329,1074.66,69.0941,98.4173,1001.87,42.4667,83.8351,1068.46,77.6676,85.9909,1043.73,44.7981,81.2847,1053.61,62.6115,79.1029,1026.3,36.5748,49.6671,1062.24,79.7387,43.9247,1040.65,4.37697,23.2205,1072.43,73.006,7.09826,992.696,56.8812,46.9414,993.294,55.5782,30.9631,973.696,61.2557,27.7896,969.436,62.1193,41.8881,0,0,0
005048:1023.21,69.4734,147.892,1023.81,66.9922,151.608,1024.01,72.2892,151.319,1033.97,60.1774,148.341,1037.16,74.5007,146.087,1028.15,52.0166,131.231,1055.3,70.8522,125.677,1023.25,41.6386,102.939,1070.05,69.8469,99.8142,1001.65,44.6838,84.1387,1067.81,78.9129,86.2137,1043.06,45.4364,83.0515,1056.36,61.9918,79.9303,1030.29,37.2593,50.8133,1057.95,78.9923,46.0885,1031.37,7.16379,23.6673,1067.23,71.3813,9.69917,992.944,58.298,44.1913,990.466,56.0068,32.0522,972.751,64.8153,28.317,977.237,63.9085,39.8271,0,0,0
005049:1019.59,69.6906,149.06,1021.58,67.176,152.582,1022.96,72.2743,151.938,1031.5,60.7467,148.823,1044.03,73.8836,144.514,1031.12,52.2591,130.648,1060.34,70.9424,123.844,1029.28,41.7519,102.186,1078.73,70.7657,96.5054,1001.66,45.0527,84.7366,1071.96,80.6216,85.6281,1040.14,45.24,82.3054,1056.16,61.5281,78.136,1013.72,39.3674,55.3321,1061,78.9699,44.679,1020.13,6.60901,28.0367,1071.29,69.8992,9.30595,988.432,61.0715,45.8514,994.127,60.8662,32.6487,982.102,66.9546,26.0561,972.531,68.8144,42.2951,0,0,0
005050:1024.17,69.9644,148.131,1023.04,67.022,151.996,1029.16,72.7127,150.271,1029.48,60.9871,150.305,1042.84,75.2228,146.272,1039.85,53.4369,129.861,1055.84,72.4505,126.261,1020.98,41.7615,103.198,1073.26,70.3286,97.9156,1008.97,49.0261,82.0439,1082.68,80.1064,78.9826,1037.04,47.4066,83.0768,1045.57,63.0066,80.9839,1023.74,43.0401,52.4559,1040.96,80.0788,48.0052,1053.83,8.08602,16.3233,1083.64,68.0157,8.78784,996.572,63.4463,45.0911,1003.02,63.1228,31.0773,985.535,69.6975,25.8578,971.646,71.0879,44.1206,0,0,0
005051:1022.14,69.9052,147.916,1021.64,66.9866,152.184,1029.95,73.616,150.03,1028,60.9065,149.804,1043.6,76.8878,144.915,1036.5,53.0492,128.902,1054.02,73.041,126.155,1025.26,43.4659,101.186,1068.31,71.2192,99.7733,1015.96,51.1394,79.5474,1078.94,81.5048,79.6757,1038.15,46.8591,80.8562,1054.33,63.8175,77.599,1004.83,42.9961,55.4003,1047.2,78.8939,47.0853,1044.68,11.7156,20.7074,1108.58,67.0097,1.00804,986.692,68.8563,49.8727,984.47,69.7132,37.3583,968.042,77.7083,34.2065,969.891,76.4143,47.4174,0,0,0
005052:1027.38,70.7374,147.018,1026.94,67.5967,151.119,1031.89,74.3504,150.206,1035.35,60.8026,147.22,1045.45,76.9113,144.502,1029.18,54.6994,129.862,1060.97,72.3395,126.203,1019.72,44.4298,101.723,1067.08,71.8638,103.19,1010,52.4812,81.5589,1077.96,82.964,85.1837,1040.01,46.9805,82.2337,1059.6,62.8751,79.0643,1026.65,41.922,47.1526,1062.86,77.8269,43.6152,1044.56,12.7525,21.533,1071.99,70.0192,8.57038,988.799,72.6548,52.7736,984.513,72.9619,39.4852,964.908,82.9337,38.8509,973.202,81.0592,50.5563,0,0,0
005053:1023.89,72.4788,146.749,1024.64,69.4731,151.432,1027.58,76.0751,150.903,1032.82,61.941,147.97,1039.66,76.3547,145.424,1030.44,52.8638,131.208,1057.61,72.9268,129.064,1021.63,45.3369,101.272,1067.63,71.5536,103.48,1003.51,54.6195,83.5611,1069.22,83.7242,88.2983,1041.73,47.7377,82.2198,1059.27,65.5419,80.0917,1029.54,45.1362,45.3508,1059.56,79.1787,46.9059,1050.98,15.8803,22.3588,1070.79,70.1578,7.62957,992.059,78.9259,54.6724,987.596,78.1764,40.53,981.185,88.0181,36.6456,976.027,87.2862,51.3851,0,0,0
005054:1034.84,75.261,144.983,1034.49,71.993,149.586,1035.78,78.08,149.773,1033.9,63.3811,147.506,1037.33,76.9806,146.639,1029.82,53.7754,130.884,1055.8,73.6594,129.112,1022.18,44.8216,100.639,1071.73,72.54,102.546,1007.47,55.3253,83.4398,1070.12,84.3289,88.3546,1050.13,46.906,80.0096,1067.99,64.5366,77.815,1026.47,45.3529,47.3538,1057.53,78.9113,48.1794,1048.61,16.5022,22.5997,1075.96,70.4385,6.48769,982.022,82.9285,59.9203,989.502,81.7141,42.3936,974.362,96.8581,43.7695,967.409,93.4187,57.393,0,0,0
005055:1021.43,73.8892,148.139,1021.1,70.7648,152.246,1030.88,77.2044,150.365,1027.34,63.9771,149.164,1048.29,77.902,144.277,1024.85,55.7993,132.369,1062.41,74.1461,126.825,1029.96,47.0283,100.172,1067.49,72.2531,103.628,1005.03,56.4081,85.0267,1073.69,85.3077,88.027,1038.33,48.3515,82.3992,1068.41,63.9374,76.2593,1006.34,50.2103,54.5492,1066.09,78.1084,43.6412,1027.32,21.74,27.4044,1093.36,66.3985,1.81926,989.922,86.5508,62.5017,978.662,89.9579,47.629,972.379,103.981,49.249,979.855,98.8996,60.5944,0,0,0
005056:1018.58,72.7821,148.471,1017.24,69.616,153.032,1024.6,75.9843,151.322,1025.71,63.071,150.181,1047.22,77.6479,144.756,1037.59,56.0747,129.843,1059.96,75.0962,126.884,1020.15,47.3522,101.92,1071.84,74.0299,102.457,1004.71,58.4928,84.8825,1077.71,86.2665,88.0364,1046.34,48.3165,80.775,1056.21,64.1529,78.9711,1032.35,47.0635,46.8684,1055.53,79.0547,42.9406,1035.49,17.4662,27.6,1077.27,70.8582,7.56811,989.017,90.436,65.7062,968.056,95.7696,53.8504,968.041,107.554,57.7268,979.689,102.193,65.757,0,0,0
005057:1019.26,72.5863,148.331,1019.86,69.4825,152.852,1024.48,76.837,151.762,1029.64,63.2409,148.812,1040.93,78.8377,145.019,1027.91,54.9306,130.761,1066.73,74.6533,125.628,1018.87,48.4416,102.559,1076.44,72.8477,101.332,1003.73,60.1245,85.6086,1070.14,86.6543,90.4283,1041.54,48.2096,79.1427,1067.01,65.3601,74.9223,1014.95,47.9313,48.7814,1051.22,80.1553,47.4826,1046.81,19.1194,19.6222,1064.62,70.8213,9.2969,988.641,95.979,66.4116,972.368,101.338,56.6535,981.03,113.478,58.1218,1000.21,109.491,67.3064,0,0,0
005058:1025.57,74.8502,146.928,1025.84,71.6746,151.203,1028.27,78.4309,150.724,1032.53,64.0609,148.371,1041.01,79.2484,145.552,1032.66,56.9094,130.285,1062.64,74.2806,127.164,1021.87,50.2021,102.143,1078.59,74.5857,101.947,1007.87,62.5561,84.9807,1076.97,88.7597,88.6216,1046.65,49.7948,78.9447,1067.21,65.5646,75.8143,1021.34,48.5367,47.1025,1061.16,81.4283,43.1226,1039.29,19.3341,23.3828,1074.38,71.8618,7.55573,1001.98,99.1293,68.5914,981.876,103.073,60.3648,982.79,119.198,64.2637,1002.51,114.145,71.1958,0,0,0
005059:1016.23,75.0343,149.602,1016.71,71.8593,153.815,1025.45,78.1949,151.698,1023.81,65.0779,151.263,1040.12,79.3161,146.872,1019.32,57.3401,133.239,1060.4,75.1062,126.055,1020.49,49.996,101.787,1078.87,75.0304,99.7057,1004.73,62.9967,86.6193,1085.25,89.0804,85.9229,1038.1,48.5265,81.1083,1069.15,63.4619,74.4493,1014.85,51.4631,52.2417,1059.2,79.9281,43.0822,1049.16,20.4166,17.9297,1060.33,70.8673,10.8461,991.094,103.256,72.2972,976.532,108.182,65.4636,987.378,124.036,66.8821,997.103,116.585,75.1152,0,0,0
005060:1026.46,79.0906,147.683,1024.89,76.4628,151.681,1033.53,80.7194,149.436,1025.61,68.0616,150.899,1045.39,78.0457,145.478,1027.65,58.2117,132.325,1066.54,74.0529,125.096,1018.62,50.3428,103.641,1076.39,75.8522,100.991,1002.74,63.9502,89.1273,1080.58,90.7312,89.3238,1042.56,49.5309,80.6985,1075.28,63.5259,73.5515,1007.56,51.9533,56.7156,1066.5,82.4081,42.2287,1034.12,20.5679,20.2624,1069.75,72.3063,8.99472,989.493,104.49,80.3946,980.725,114.613,69.5509,978.116,128.225,76.6681,992.643,119.412,85.3623,0,0,0
005061:1023.43,77.1838,148.036,1021.75,74.0811,152.219,1028.77,79.6583,150.508,1024.5,66.3224,150.795,1035.4,79.388,147.591,1024.62,57.0236,132.543,1053.37,75.6713,128.012,1016.33,51.082,102.922,1070.56,76.2925,102.213,1003.54,67.6084,88.0918,1078.24,90.5173,88.9678,1039.2,49.435,81.3046,1061.08,64.8717,77.0462,1020.16,52.4551,51.9023,1054.96,79.8362,45.2736,1050.28,23.4066,16.0597,1059.34,70.8952,10.7016,988.117,107.049,83.0788,970.721,119.381,77.2259,984.749,130.531,79.1049,989.12,120.134,90.9972,0,0,0
005062:1023.56,75.8595,148.126,1024.69,72.2875,151.934,1028.42,79.4009,151.208,1032.92,65.492,148.444,1040.96,81.5267,146.323,1032.21,58.8417,129.97,1055.28,76.3205,127.924,1016.62,53.4814,102.851,1077.23,76.3548,101.1,1001.52,69.6684,90.4085,1081.47,92.545,88.6275,1042.01,50.1026,81.1726,1057.37,65.3471,79.1352,1024.85,52.8625,49.0823,1060.7,81.6398,44.2421,1034.36,23.9385,21.6528,1079.56,70.8042,6.67658,1003.18,112.578,82.8886,985.795,123.702,78.8902,996.548,134.808,83.6093,991.339,121.059,94.5198,0,0,0
005063:1019.37,75.2958,148.469,1020.87,71.8205,152.284,1024.66,78.8048,151.456,1030.7,65.2656,148.548,1039.98,81.2487,146.084,1029.03,58.8158,130.194,1055.13,76.5159,127.955,1017.66,54.3813,102.797,1071.96,77.9225,103.715,1003.69,70.4792,90.7147,1082.2,91.7663,91.2735,1035.76,50.2773,82.3449,1051.41,65.5908,80.5219,1014.46,51.5563,50.7591,1057.48,80.5791,45.31,1033.32,24.2119,20.611,1072.31,71.9237,8.22144,993.14,112.728,89.962,988.336,125.369,81.9016,995.479,138.64,89.0911,1006.52,127.259,96.13,0,0,0
005064:1014.19,77.5291,149.513,1010.93,74.3885,154.031,1023.82,80.2473,151.478,1021.37,67.2924,150.828,1050.28,80.4353,144.488,1029.06,59.4189,130.385,1059.02,75.9846,127.02,1017.88,54.7684,103.181,1065.62,78.6628,104.182,1001.81,73.0016,92.2108,1073.48,93.8428,91.6571,1035.98,50.051,81.1248,1055.18,64.4119,78.324,1030.78,54.6378,46.6592,1064.63,81.5667,43.117,1037.95,26.7159,17.8635,1078.77,70.0919,5.09192,998.357,115.686,92.5847,991.862,128.335,87.6426,1002.26,140.092,95.6209,1008.36,127.834,103.339,0,0,0
005065:1021.09,77.3662,149.281,1019.98,73.8499,153.257,1025.58,80.445,152.078,1026.86,66.7189,150.219,1039.65,81.9289,147.125,1029.67,59.6133,130.151,1053,77.4363,128.188,1019.47,56.3523,101.895,1072.85,79.1224,103.506,1004.81,75.8605,91.6672,1073.93,93.9448,92.8911,1036.32,51.3528,82.4853,1052.2,66.0602,80.4192,1025.02,53.9903,48.9747,1061.28,80.5267,44.4153,1031.35,29.0688,17.9532,1081.72,70.1663,5.05818,996.623,117.273,96.9146,994.228,131.357,92.8011,1008.29,141.818,99.9991,1011.37,129.524,107.858,0,0,0
005066:1030.73,80.8386,147.273,1028.03,77.8003,151.259,1032.11,82.5237,150.475,1028.38,68.7843,149.632,1038.55,79.6505,146.95,1030.62,60.4733,130.203,1054.97,75.1403,128.246,1014.86,57.0166,104.461,1077.2,78.4087,101.666,1013.38,75.8038,92.729,1077.97,94.6219,91.3387,1042.17,51.9506,80.3512,1056.6,65.639,79.1566,1027.21,56.4891,47.5381,1060.27,82.7646,44.6757,1031.34,28.2873,19.6481,1078.63,71.0248,6.10809,1004.8,118.943,99.8661,1000.9,133.195,95.4884,1011.18,142.73,104.253,1010.67,129.141,110.678,0,0,0
005067:1018.74,77.3724,148.75,1019.94,74.0897,152.561,1023.62,80.8744,151.264,1029.02,67.2985,150.185,1037.51,82.6422,146.88,1024.2,60.0015,131.936,1054.15,76.9274,128.05,1009.95,58.8311,105.524,1082.49,78.3001,101.862,995.18,77.9168,97.8115,1080.01,95.0652,93.0141,1031.52,52.79,83.7149,1052.14,66.9871,80.4495,1016.54,56.3182,51.4161,1053.32,82.1649,45.8917,1028.35,31.5482,19.5413,1078.12,70.733,7.68861,1005.29,118.994,103.123,997.56,135.181,101.12,1015.06,144.864,108.281,1017.81,130.167,112.981,0,0,0
005068:1012.05,78.4074,149.987,1010.73,75.6903,154.029,1021.37,81.1782,151.624,1021.5,68.4418,151.104,1046.82,80.7857,144.902,1018.72,60.6746,132.688,1068.73,74.8891,124.946,1017.19,59.1557,103.631,1062.94,77.2847,104.543,1006.42,79.113,95.8886,1057.68,94.7981,97.3682,1033.5,52.2377,81.9995,1066.38,64.8968,76.0664,1005.29,56.8135,53.2363,1058.72,79.9727,45.0957,1035.44,31.0141,16.9936,1069.53,69.8208,8.75004,1001.7,120.743,107.372,1005.07,136.445,104.114,1007.8,143.781,115.844,1019.45,130.685,118.081,0,0,0
005069:1019.28,78.8357,149.091,1021.3,76.5151,152.44,1023.43,81.4673,151.424,1032.73,69.9241,149.933,1041.4,82.8372,146.124,1021.15,61.0028,133.542,1055.93,76.3887,126.447,1001.24,58.2538,110.103,1075.01,81.1605,101.471,969.91,73.9029,104.738,1082.45,98.7714,90.4708,1031.36,52.371,84.4861,1049.7,64.4665,80.6556,1026.4,60.1363,51.0236,1054,79.6504,46.282,1046.27,37.4057,12.9568,1062.9,68.0051,9.14419,1008.34,123.604,110.213,1002.98,136.992,108.343,1018.91,144.581,119.263,1014.94,129.87,122.1,0,0,0
005070:1010.52,77.4377,151.001,1014.46,75.0986,153.844,1016.61,80.5266,153.21,1031.02,69.0097,150.059,1036.63,82.8319,147.997,1026.34,61.8335,132.331,1056.63,78.3542,127.171,994.586,59.2525,111.074,1080.59,83.9984,100.99,986.105,78.4134,102.648,1072.13,98.3042,93.7486,1024.87,51.1209,85.6977,1041.26,64.4832,82.8209,1022.29,57.6573,50.2959,1050.01,80.3688,47.7171,1029.88,34.582,14.102,1062.99,68.331,9.47158,1007.81,123.695,111.417,1008.92,138.932,111.533,1017.17,144.799,122.758,1017.19,129.771,124.922,0,0,0
005071:1019.49,79.4215,148.818,1018.49,76.2385,152.68,1023.71,82.718,151.199,1025.03,68.9364,150.681,1034.47,84.2217,147.519,1023.5,61.3892,131.602,1054.71,78.5334,128.044,1001.82,62.3258,108.806,1065.2,81.6801,107.575,985.069,82.1883,104.781,1063.54,98.5764,97.7415,1038.25,52.9453,83.3404,1058.57,66.8387,80.5968,1020.91,57.7546,50.0267,1051.56,80.0875,47.2096,1031.93,36.9688,14.3617,1073.24,70.6401,6.97191,1008.13,124.291,115.111,1007.54,138.298,113.085,1016.86,144.635,125.911,1012.94,129.979,128.624,0,0,0
005072:1006.8,78.7327,151.165,1010.31,76.4526,154.07,1013.94,81.6446,153.103,1025.38,70.4638,150.903,1037.66,83.0639,147.53,1025.2,63.4533,132.866,1056.19,77.879,127.688,1000.68,61.1836,109.673,1079.5,81.8283,100.957,978.13,80.338,107.725,1069.59,98.0488,94.8136,1020.47,53.1023,87.0532,1039.75,64.6019,83.5193,1014.25,60.7937,52.7402,1050.17,80.614,47.0952,1023.93,38.117,14.5447,1058.07,67.5306,10.9204,1009.86,125.496,117.364,1004.81,138.636,117.782,1027.24,144.934,126.962,1013.72,129.989,131.199,0,0,0
005073:1021.34,80.6312,148.721,1022.13,77.0832,151.949,1025.98,83.3565,151.005,1027.01,69.1599,149.244,1038.92,83.5155,146.254,1017.2,62.2026,132.203,1059.31,77.8026,126.076,1004.51,64.6609,107.466,1071.88,81.5172,105.144,993.781,85.2889,106.011,1069.94,98.1123,97.2085,1024.23,54.0465,85.1795,1054.07,66.5973,79.78,1004.67,60.6534,54.6987,1060.7,80.3226,44.1186,1023.87,40.1038,16.0544,1075.81,70.9609,7.4331,1014.14,125.143,117.82,1011.22,139.721,119.471,1028.66,144.9,130.276,1024.35,131.703,132.085,0,0,0
005074:1007.94,78.3183,150.722,1007.59,76.1041,154.306,1019.2,80.7497,151.436,1016.59,70.8253,152.225,1047.8,82.793,144.978,1023.65,63.4866,132.389,1059.36,77.6704,125.917,993.424,64.8646,112.011,1066.07,82.7211,103.294,982.762,84.7094,108.745,1063.41,99.3657,99.6384,1024.52,53.5699,85.2086,1046.59,64.1307,81.2752,1021.32,64.724,52.6225,1047.72,78.5494,48.9149,1026.61,42.4639,15.0075,1054.26,68.3525,12.6665,1016.69,126.001,119.164,1013.55,140.356,121.243,1028.99,144.942,132.936,1026,131.365,133.891,0,0,0
005075:1012.79,82.2122,149.687,1009.32,79.2429,153.944,1020,84.4161,151.397,1014.39,71.2287,152.636,1044.78,83.414,145.31,1021.4,62.8874,132.008,1054.14,77.7825,127.366,1007.08,66.7815,107.689,1058.76,80.7595,107.955,992.199,89.3867,106.936,1052.86,99.1575,101.773,1025.95,54.2799,84.895,1049.8,66.7198,80.8031,1013.35,60.0041,51.4826,1043.61,80.194,47.9486,1016.77,42.956,16.6111,1062.55,70.2845,9.67765,1014.11,126.829,122.443,1017.71,141.355,122.446,1025.95,144.716,135.793,1026.36,131.365,135.135,0,0,0
005076:1014.8,81.507,148.916,1018.08,79.2357,151.981,1020.48,84.0333,151.002,1026.53,72.4893,150.772,1032.26,84.2295,148.394,1024.42,64.4269,133.439,1048.88,77.83,128.728,990.954,66.3084,114.22,1071.86,83.9093,101.176,987.505,83.1977,108.993,1076.49,100.562,95.585,1026,53.4056,84.6848,1041.83,63.963,82.1952,1011.19,63.3972,54.0421,1043.01,80.7014,50.2407,1026.84,43.4645,12.5983,1051.65,68.5479,14.0662,1014.25,126.885,124.329,1017.33,141.426,124.333,1030.39,143.854,135.527,1023.97,131.137,138.514,0,0,0
005077:1013.72,82.2867,149.286,1012.31,79.191,153.026,1019.97,84.561,151.142,1019.01,71.5481,151.308,1042.16,84.2104,145.673,1018.11,64.23,132.51,1058.58,78.8335,125.416,994.161,69.6551,111.558,1077.69,83.1265,101.075,991.22,92.4998,110.048,1060.3,102.827,99.4521,1024.84,54.7084,84.9098,1053.13,66.7366,79.3528,1005.49,61.5468,54.1142,1043.81,80.3299,47.8007,1010.25,45.5525,18.1972,1063.91,70.6704,9.25353,1008.65,127.44,127.079,1020.53,142.466,123.755,1031.31,143.832,136.948,1025.16,131.334,139.994,0,0,0
005078:1015.77,81.1462,148.854,1015.6,78.2356,152.231,1022.04,83.7785,150.297,1020.19,71.7927,151.204,1036.92,85.1305,146.411,1016.9,64.8691,133.39,1053.58,79.3881,126.634,990.729,70.2241,114.342,1057.76,84.557,106.644,991.558,89.627,111.491,1056.65,101.768,102.881,1028.42,55.5677,84.2789,1054.64,67.0297,79.4577,1004.34,63.2742,56.0141,1048.9,79.3015,48.9576,1022.19,46.9673,14.1033,1056.64,71.1897,12.991,1008.85,127.446,127.72,1017.29,141.739,126.279,1033.89,145.27,139.41,1031.09,132.397,139.685,0,0,0
005079:1019.72,83.5538,147.842,1021.66,80.3717,150.72,1020.92,85.3613,150.81,1026.41,72.8129,149.167,1029.33,84.9902,148.54,1018.98,65.2795,132.233,1044.57,78.506,128.793,997.018,69.8889,111.375,1061.6,83.1321,104.704,995.921,92.4412,108.28,1043.56,100.541,105.016,1034.82,55.2351,81.9214,1053.07,65.8811,79.5645,1014.73,64.6439,51.5935,1053.85,80.4255,46.7631,1004.24,47.8367,17.7121,1074.44,73.467,6.93668,1012.31,129.274,129.679,1013.09,142.148,129.075,1033.04,145.376,141.339,1033.76,132.163,139.242,0,0,0
005080:1015.75,84.0594,148.961,1016.5,80.9805,152.169,1022.73,86.2837,150.58,1021.44,73.0382,150.581,1035.34,85.6957,147.034,1024.6,65.4781,130.611,1051.64,78.4435,127.573,1024.38,73.2296,104.242,1062.55,85.9824,105.214,986.719,98.1239,113.093,1053.17,104.485,103.863,1036.02,56.5343,81.4442,1058.69,66.8066,78.8459,1007.81,66.2261,52.7099,1056.03,81.2368,47.3989,1007.59,50.5565,14.8756,1072.83,73.0625,8.00585,1013.78,130.208,130.531,1019.76,143.95,128.501,1033.09,145.378,141.483,1036.34,132.758,140.089,0,0,0
005081:1011.02,82.9351,149.527,1010.35,79.6263,153.002,1019.45,85.3392,150.959,1017.58,72.0357,150.999,1037.1,85.6058,146.501,1020.27,65.3756,131.786,1051.87,79.3587,126.587,1000.43,75.0134,112.621,1053.03,85.8944,105.603,1001.81,95.4084,111.761,1046.14,103.395,104.92,1027.46,55.7512,82.6071,1052.16,67.1107,78.669,1007.58,65.5504,52.8859,1053.74,80.9851,46.304,1011.8,51.6674,14.1412,1061.16,73.0802,10.4237,1019.33,130.751,129.682,1017.67,144.175,130.666,1033.18,145.38,141.772,1030.77,133.265,141.75,0,0,0
005082:1014.66,83.6082,147.967,1018.15,80.6274,151.108,1018.69,86.3029,150.66,1029,72.704,148.846,1031.22,85.9704,147.598,1019.34,64.9938,132.548,1045.86,79.8856,127.063,1015.66,74.2573,107.95,1045.47,85.3786,105.98,987.135,100.855,114.709,1028.1,105.215,108.039,1030.47,55.7408,82.435,1051.29,66.9837,78.6544,1009.21,65.9015,52.0693,1054.18,81.4809,44.9688,1011.78,54.4485,13.3264,1055.74,71.8786,10.358,1014,131.542,132.257,1016.89,144.283,132.73,1029.69,145.97,144.762,1027.68,133.069,144.349,0,0,0
005083:1016.87,83.3906,146.999,1015.99,80.9128,151.201,1018.64,86.1836,150.174,1017.63,74.1408,151.582,1026.79,86.0814,148.469,1027.99,64.656,132.143,1047.16,79.5526,129.075,1002.64,78.5881,111.389,1045.85,87.0164,108.586,989.999,102.321,114.452,1028.41,105.68,110.347,1037.69,55.7225,81.481,1056.18,66.608,78.6466,1003.41,66.8072,56.0072,1053.41,80.1328,46.6463,1012.6,55.7692,13.6925,1071.48,70.3052,4.5033,1013.03,132.394,132.094,1013.2,144.603,134.169,1029.49,146.553,146.72,1031.67,135.354,144.228,0,0,0
005084:1013.23,84.7632,148.225,1012.95,81.9887,151.864,1021.12,86.9688,150.155,1020.09,73.8997,150.235,1042.37,85.4709,145.454,1020.04,65.2815,132.056,1046.59,79.8687,127.129,988.596,78.382,115.51,1039.77,87.7926,108.352,975.303,102.677,119.463,1027.67,106.954,108.902,1029.04,55.7455,82.3154,1051.08,66.3904,78.6349,1011.71,67.7475,52.3607,1049.49,81.8153,48.9829,1008.76,57.6421,14.3101,1057.32,73.1219,11.2747,1012.59,132.472,133.716,1006.18,145.201,136.573,1030.34,146.756,147.017,1032.25,135.078,145.731,0,0,0
005085:1017.44,83.207,147.128,1014.96,80.5362,151.753,1020.97,86.4762,149.86,1017.05,73.622,151.921,1033.38,87.5414,146.905,1027.77,64.7557,132.17,1056.2,80.5581,126.179,997.996,79.7395,112.978,1055.23,87.5036,104.909,982.169,104.625,117.645,1037.23,107.091,109.168,1034.09,55.6986,82.3179,1057.96,67.0635,77.7818,1004.32,67.9605,54.1798,1055.45,80.2889,43.9127,1009.53,58.1397,14.0058,1063.05,70.7215,5.81506,1014.75,134.112,133.826,1005.84,146.05,138.527,1030,146.792,147.452,1029.88,134.486,145.509,0,0,0
005086:1012.79,84.229,148.627,1008.65,81.1618,153.149,1015.77,87.2101,151.122,1011.42,73.9519,152.817,1031.97,88.3334,147.067,1027.02,65.7471,131.012,1049.18,80.1065,127.669,999.802,80.2815,110.799,1026.67,84.6064,115.103,982.708,104.757,117.619,1010.75,102.718,116.7,1032.92,54.9991,83.8697,1056.27,65.9575,79.643,999.112,66.5512,55.8957,1062.48,79.2923,41.7826,1000.66,58.86,17.8832,1067.71,70.3638,4.84722,1014.85,134.115,134.112,1013.98,147.985,137.67,1032.99,147.605,147.145,1029.19,134.568,146.269,0,0,0
005087:1016.75,84.9842,147.328,1014.78,82.4623,151.605,1019.86,87.893,150.034,1015.65,74.9055,151.563,1030.47,87.5231,147.087,1026.69,65.4971,132.427,1054.54,79.7982,127.028,1003.71,81.131,111.21,1052.67,88.9388,106.219,988.156,107.781,117.328,1037.99,109.371,109.975,1032.7,54.4217,83.9316,1057.59,65.0679,79.3002,1006.65,68.9254,56.62,1069.87,81.4535,43.6387,1014.41,62.1282,14.6359,1072.58,71.5595,5.94075,1017.74,134.9,133.6,1014.06,147.985,137.938,1027.16,149.102,148.532,1024.39,134.982,147.251,0,0,0
005088:1019.28,85.2668,146.308,1015.35,82.427,150.693,1020.73,87.9474,149.115,1014.84,74.6485,151.142,1032.46,87.8756,146.188,1025.57,65.2116,130.535,1049.86,79.9722,127.26,1007.34,81.9578,110.987,1036.09,86.3298,110.598,989.036,107.951,117.974,1028.19,105.122,112.212,1036.14,56.4694,82.0404,1060.39,67.4267,78.2591,1005.17,67.8237,52.5301,1066.82,80.6028,41.485,1006.12,61.4842,13.994,1061.32,71.5055,5.61471,1006.87,135.884,136.86,1017.22,150.074,138.077,1029.61,149.953,148.015,1024.46,135.252,148.09,0,0,0
005089:1014.49,84.0668,147.07,1012.41,81.3023,151.36,1018.92,87.4693,149.186,1015.28,74.4654,151.557,1035.63,88.9762,145.004,1024.81,65.8197,131.796,1052.49,79.9435,126.045,1012.38,83.8874,110.452,1032.81,84.422,111.414,979.473,108.915,120.693,1023.25,100.888,115.742,1036.14,56.1833,82.7405,1061.49,66.9937,78.0458,1004.68,67.9956,53.4824,1067.55,80.2692,41.4408,1012.8,63.0856,12.0919,1066.62,70.5344,4.08798,1007.85,136.079,137.664,1017.68,151.053,137.139,1029.13,149.985,147.964,1031.11,137.544,146.663,0,0,0
005090:1012.97,85.294,148.034,1008.5,82.2724,152.716,1016.68,88.3761,150.308,1006.61,74.9824,153.47,1032.1,89.3289,146.179,1019.01,66.2497,132.362,1047.91,81.3084,126.279,995.537,81.3174,112.975,1038.89,87.2161,110.621,969.818,106.428,122.198,1036.78,104.122,112.41,1029.47,57.1749,83.2179,1056.78,68.2061,77.6331,1006.45,68.3227,53.3024,1069.6,80.059,39.0974,1004.35,64.0926,14.5969,1067.1,71.9882,3.16545,1007.87,136.08,137.735,1016.06,151.189,137.878,1021.32,149.811,149.635,1025.7,138.538,148.193,0,0,0
005091:1009.96,84.4609,148.168,1006.79,81.4279,152.532,1014.36,87.8207,150.214,1010.94,74.6793,152.097,1033.86,89.6208,145.419,1021.85,66.128,131.335,1055.76,81.5298,124.755,993.234,83.6047,114.223,1038.27,85.8621,112.019,977.227,108.316,121.335,1032.26,102.701,113.155,1032.6,56.2742,83.0254,1062.27,67.5562,77.2377,1001.32,67.8441,54.4005,1068.91,78.9753,39.9991,1010.46,65.8814,12.9127,1066.19,70.2368,5.81336,1008.79,138.556,136.906,1007.77,151.854,140.696,1028.81,152.599,147.692,1028.36,139.883,147.861,0,0,0
005092:1008.89,85.1472,148.17,1006.35,82.2432,152.393,1013.66,88.4466,149.912,1009.3,75.4697,152.056,1032.61,89.8165,144.972,1017.17,67.3667,132.019,1051.31,81.8586,125.522,988.583,85.2417,114.737,1025.74,86.1397,114.805,972.108,106.963,122.614,1023.85,100.528,116.267,1031.69,58.1012,84.5461,1058.99,68.7641,79.4379,1010.77,69.2419,52.1842,1064.77,80.1255,41.5282,1019.11,66.6324,10.6265,1060.93,72.6796,9.54562,1007.48,138.666,137.065,1010.2,153.975,140.011,1026.21,153.071,148.856,1022.97,141.647,149.46,0,0,0
005093:1012.87,85.9695,147.716,1009.63,82.7965,151.894,1017.09,89.139,149.797,1010.78,75.6786,151.377,1035.98,89.9798,144.8,1018.53,68.1856,131.039,1054.24,82.5957,124.88,992.059,88.3048,114.953,1028.66,88.8111,113.315,981.974,109.557,120.344,1033.62,102.746,112.559,1031.23,58.525,82.3129,1060.9,68.7968,76.8144,1008.76,70.8442,50.9322,1075.68,79.5445,37.4258,1006.02,69.9757,12.534,1065.67,71.3362,5.76339,1011.23,139.886,136.005,1004.57,154.117,140.486,1026.43,154.596,148.239,1020.98,142.335,149.979,0,0,0
005094:1010.55,85.374,147.709,1006.48,82.4663,152.179,1014.1,88.445,149.908,1010.54,75.9365,151.12,1033.92,89.3045,144.875,1022.07,67.456,129.59,1054.89,82.2175,125.005,988.917,87.5466,115.472,1041.71,87.2422,111.013,968.517,109.389,122.645,1035.18,104.387,112.217,1027.02,58.9178,83.6316,1056.89,68.7648,78.5078,1000.13,73.5301,53.9009,1073.85,80.8161,38.2015,998.733,72.2369,16.201,1069.36,71.7478,5.71323,1011.93,140.085,135.847,1004.57,154.117,140.486,1027.45,156.327,147.793,1018.1,143.822,149.18,0,0,0
005095:1018.48,87.4906,146.355,1015.99,84.7256,150.251,1016.06,89.6475,149.985,1016.97,77.4639,149.568,1023.5,88.5755,147.585,1022.36,67.9282,129.204,1046.65,82.6755,125.852,985.538,84.0109,115.968,1028.01,89.8587,111.896,964.681,108.384,123.355,1043.02,106.395,109.663,1031.43,58.2501,83.3961,1056.6,68.3344,79.135,1003.87,71.7952,53.2411,1073.73,79.5759,38.8139,1006.81,71.5012,14.3674,1075.91,71.806,4.05052,1002.33,140.917,138.588,1009.46,155.519,137.697,1026.6,156.391,148.051,1018.98,143.752,149.069,0,0,0
005096:1007.85,86.5956,147.252,1005.8,83.3117,151.162,1014.23,89.0183,149.64,1010.76,75.8824,149.955,1034.03,88.9105,145.83,1024.35,68.7374,127.823,1037.39,81.9172,128.649,992.558,88.5715,114.965,1007.24,87.0809,117.395,976.805,112.781,121.039,1035,104.371,111.801,1025.35,61.1953,80.8309,1048.21,69.6715,78.6837,992.516,75.7696,52.3194,1068.43,80.8236,41.5484,990.43,75.4093,14.3451,1085.85,71.7834,6.15341,1006.18,142.644,137.473,1010.78,155.424,137.483,1030,157.429,146.589,1021.38,145.095,147.99,0,0,0
005097:1005.93,86.2583,147.945,1003.89,83.6139,152.384,1007.04,88.9186,151.058,1008.02,76.7082,151.995,1023.04,88.4618,147.187,1017.86,67.8927,131.864,1041.33,81.2517,128.391,963.825,83.8822,121.788,1039.09,92.2887,110.397,959.522,108.211,124.585,1054.89,109.363,106.879,1029.45,60.9161,82.2906,1053.73,69.2763,77.6989,1002.08,76.2576,54.0314,1070.06,77.9823,36.2893,973.268,75.0166,26.7343,1070.43,73.119,0.216581,999.397,143.433,138.013,1001.49,156.077,138.473,1024.81,160.104,146.759,1023.5,145.7,147.408,0,0,0
005098:1005.19,87.782,148.729,1004.68,84.7993,152.549,1011.89,90.0141,151.018,1009.88,77.3343,150.608,1031.14,89.0227,145.986,1020.63,68.8264,129.062,1029.4,81.5765,129.306,968.838,85.1023,120.943,1020.17,90.8463,112.513,969.158,110.796,122.081,1044.36,108.038,108.66,1033.53,62.7697,78.9046,1053.12,70.5566,76.4716,1001.83,77.4722,50.9581,1059.44,78.1476,41.9346,978.934,76.1176,20.37,1081.92,69.6877,2.16613,1004.11,144.822,136.322,1002.21,158.05,137.727,1021.06,160.34,146.712,1013.89,146.456,149.071,0,0,0
005099:1007.25,87.9341,147.07,1003.98,84.5706,151.061,1012.34,89.8943,150.095,1005.59,76.4979,149.982,1031.78,89.0111,146.159,1024.43,69.6069,126.613,1029.97,82.113,128.458,983.99,88.8774,117.068,1009.95,89.2066,115.616,976.377,112.869,120.42,1031.66,104.782,112.664,1017.14,60.7622,82.4463,1035.47,68.7902,81.0994,993.382,75.8939,51.9502,1065.09,80.177,42.8238,975.389,78.7189,17.2588,1089.33,72.6593,3.45054,1004.06,144.821,136.18,999.866,158.468,138.02,1021.48,161.323,145.711,1019.82,148.306,147.677,0,0,0
005100:1006.65,88.5146,147.23,1003.33,85.0584,151.19,1011.34,90.4466,150.35,1005.78,77.0079,149.774,1030.84,89.7575,146.373,1020.03,68.7267,127.162,1035.74,83.7597,126.778,981.168,88.4467,118.234,1016.81,90.2951,113.184,973.06,112.118,121.457,1034.85,105.588,111.831,1016.11,60.4235,82.131,1041.11,69.8472,79.2272,988.288,75.7783,52.7612,1069.42,81.3441,41.6413,978.43,80.8075,16.0927,1080.63,71.915,5.77563,1003.88,144.821,135.541,1000.66,158.406,137.637,1016.44,161.647,145.893,1020.34,148.78,147.379,0,0,0
005101:1004.06,88.2832,147.726,1001.04,85.16,151.612,1010.45,90.4155,150.175,1004.3,77.9653,150.212,1034.28,90.2171,145.131,1017.77,69.211,128.202,1038.7,84.3763,125.723,974.002,88.9599,119.336,1026.66,90.0983,110.262,971.046,114.763,121.835,1049.26,109.25,107.775,1016.79,60.5236,82.4262,1043.78,69.9651,78.4836,991.329,76.0683,52.6273,1069.1,81.5983,41.1316,980.929,80.9816,16.0259,1082.07,70.6705,4.50528,994.485,145.576,137.263,1005.63,161.353,135.624,1001.44,162.683,149.115,1019.88,148.813,147.4,0,0,0
005102:1012.5,89.2752,145.562,1010.03,85.8519,149.36,1015.38,91.0139,148.902,1012.54,77.8937,147.402,1030.07,89.954,145.327,1027.95,70.4648,125.913,1021.65,81.9512,130.482,978.891,89.445,117.932,1014,89.9841,110.176,967.476,113.823,122.377,1036.93,106.314,108.317,1024.24,64.0958,78.5042,1035.44,71.1956,79.6448,1001.23,78.2274,47.971,1074.64,81.7829,41.1823,981.71,84.0899,13.6328,1096.56,72.6208,2.01427,992.211,146.508,137.244,996.599,160.686,135.918,1004.85,163.714,148.209,1016.75,151.073,145.814,0,0,0
005103:1009.55,88.4544,146.001,1007.62,85.2979,149.874,1016.09,91.024,148.138,1008.08,77.8729,149.259,1033.23,90.7173,144.243,1018.52,70.8097,128.887,1036.56,84.3892,126.199,980.339,90.1069,117.602,1034.78,90.9912,109.159,964.486,113.197,122.701,1040.09,106.963,109.699,1029.98,63.1013,78.5764,1049.84,71.3703,75.809,1003.05,81.9717,50.429,1056.07,82.4335,42.8352,1001.31,81.9344,11.7648,1084.02,71.2754,2.795,992.189,146.507,137.173,993.021,160.918,136.038,1012.19,166.005,145.332,1014.72,151.469,145.718,0,0,0
005104:1008.02,89.0648,146.362,1003.83,85.9761,150.517,1015.19,90.9115,148.58,1003.08,78.769,149.444,1038.76,89.762,143.069,1019.21,71.897,128.69,1038.87,82.6115,127.113,985.236,91.9812,115.729,1034.18,90.9186,108.403,969.978,114.654,121.693,1040.46,107.072,109.384,1025.29,64.565,78.365,1052.07,71.1724,74.892,988.895,79.7967,51.2512,1071.05,81.9838,39.3124,978.645,83.9543,15.841,1087.72,70.9985,0.380138,995.508,147.504,135.906,990.895,161.565,136.029,1008.49,166.227,145.237,1013.67,152.307,145.374,0,0,0
005105:1002.46,89.0631,147.861,996.198,85.6918,152.355,1012.23,90.9678,149.588,996.145,78.8478,150.471,1042.91,89.864,142.133,1024.43,72.7773,127.615,1038.38,82.7213,126.677,988.01,89.922,115.354,1021.06,89.8782,110.424,966.208,113.646,122.49,1036.17,106.243,109.022,1020.97,64.0692,79.9555,1043.74,69.9477,77.0588,991.06,81.2786,52.5618,1062.95,81.8072,42.2786,975.93,83.4571,18.5475,1083.5,70.5799,1.22072,992.138,148.774,135.672,989.149,161.681,136.195,1002.58,167.861,145.068,1009.05,154.442,145.956,0,0,0
005106:1007.02,90.433,146.417,1001.62,87.1101,150.629,1013.58,91.8027,148.942,998.53,79.2371,150.13,1038.2,89.734,143.758,1014.12,71.0715,128.161,1039.21,83.4128,125.437,974.647,90.2346,118.281,1033.39,88.3138,108.99,966.021,113.683,121.327,1044.91,106.319,107.946,1015.06,63.2194,80.3076,1042.4,70.5511,76.5095,989.609,81.1252,49.5314,1057.74,82.0191,40.8043,984.215,84.9219,12.9708,1079.07,68.0434,2.62623,990.217,148.9,135.273,992.939,162.678,135.136,1005.55,167.665,144.347,1007.64,154.535,145.824,0,0,0
005107:1002.82,90.2782,146.796,999.484,87.0897,150.971,1005.6,92.7275,149.228,1001.41,79.3265,149.525,1023.69,92.0506,143.655,1012.06,72.4134,130.236,1027.77,84.0792,126.135,991.103,89.7881,114.452,1021.09,90.2086,108.259,968.852,114.407,121.184,1045.24,106.339,106.439,1026.14,65.1636,79.9931,1045.76,72.8627,75.9903,982.761,81.4005,56.2351,1061.46,82.2205,37.4147,985.571,85.3256,18.513,1070.64,72.1837,-0.895924,991.456,149.564,135.049,991.572,163.26,134.707,1001.44,168.408,143.969,1005.47,154.693,146.142,0,0,0
005108:1004.32,89.3782,145.92,1000.19,86.3198,150.032,1011.68,91.4471,147.884,1001.39,78.7963,148.964,1034.44,89.982,142.794,1018.32,71.326,126.096,1031.19,83.8187,126.081,978.81,92.5216,116.741,1021.35,88.8798,108.511,968.832,114.427,120.836,1045.41,105.951,105.759,1022.2,65.411,75.6009,1043.11,72.6415,74.3471,996.553,84.267,45.3304,1056.99,85.1283,42.0534,972.389,86.7014,12.6142,1073.59,70.662,7.8692,990.471,149.896,135.272,986.94,164.529,133.528,998.64,168.567,143.745,1004.13,156.056,145.922,0,0,0
005109:1004.55,89.4129,146.337,999.169,85.9506,150.899,1012.27,91.5401,148.426,1000.75,78.6287,148.563,1036.13,90.423,141.874,1023.76,71.7641,126.067,1019.83,82.5852,128.291,955.55,86.8454,121.889,1011.58,88.8983,110.188,950.728,109.662,123.572,1040.85,104.792,107.152,1023.72,65.4148,76.0618,1030.91,71.3093,77.6227,1006.92,85.2352,45.2239,1035.69,83.4957,48.6915,972.468,85.5497,14.6798,1056.61,67.8528,9.29053,986.236,150.222,136.002,983.319,164.79,134.805,993.166,168.925,145.018,1006.25,156.904,144.577,0,0,0
005110:1004.12,90.1565,146.28,1002.03,86.8816,150.335,1011.69,92.5008,148.353,1006.51,79.3194,148.05,1034.5,91.5874,142.437,1020.28,72.3932,126.979,1019.77,83.5466,128.313,969.148,90.315,117.925,1012.66,90.1257,112.724,964.305,113.029,120.187,1045.94,106.237,105.676,1025.91,66.9511,75.5408,1037.02,73.4346,76.0262,995.114,84.5393,47.5047,1041.92,84.3538,45.9915,975.985,88.5533,12.5872,1068.6,70.4464,4.89672,980.466,149.624,135.221,980.582,165.459,134.11,993.35,169.4,143.678,1004.86,156.994,144.499,0,0,0
005111:1002.08,89.9744,146.473,997.479,86.6714,150.928,1011.19,91.9331,148.309,999.215,79.5886,148.805,1038.23,90.5432,141.381,1017.56,72.4077,126.76,1024.83,83.1853,126.699,973.031,91.3038,116.823,1006.65,90.0924,113.332,972.152,113.675,117.61,1046.11,106.302,105.299,1024.33,66.911,74.5033,1041.19,73.0731,73.6363,996.805,86.2193,47.2805,1043.99,86.7781,45.5285,978.068,88.5664,11.693,1060.67,68.7017,6.51465,982.97,150.418,133.885,975.072,165.821,134.917,985.967,169.854,144.47,997.173,157.55,145.964,0,0,0
005112:1001.42,90.0537,145.782,996.584,86.3858,150.081,1008.22,92.2314,147.816,999.726,78.779,148.531,1031.08,91.6703,142.779,1014.65,72.4833,126.187,1027.64,85.9041,124.96,971.302,90.8596,117.375,1020.78,90.5831,110.397,968.734,112.87,116.877,1051.64,107.966,104.499,1017.89,66.6601,76.6794,1035.92,73.7697,75.1228,994.341,87.0372,47.8293,1030.36,82.5159,47.3863,973.372,90.0375,13.1551,1049.46,66.8368,10.3655,980.854,150.806,133.28,971.694,166.046,135.356,989.182,170.898,143.06,991.444,158.21,146.833,0,0,0
005113:1003.36,90.5897,145.979,1000.13,87.3838,150.265,1008.57,93.0099,147.932,1005,79.7606,148.12,1028.48,91.768,141.646,1013.89,73.1549,127.836,1032.08,80.3562,124.069,975.642,92.1198,116.081,1011.38,88.7749,112.428,968.152,112.696,117.267,1042.23,105.99,105.844,1024.91,68.8309,74.8043,1044.14,72.989,72.2199,993.464,89.0125,49.1791,1065.66,84.1437,35.3729,979.327,89.137,14.4749,1044.36,68.7023,6.34139,981.362,151.269,133.089,970.874,166.102,135.544,992.707,172.178,141.742,995.587,159.932,145.596,0,0,0
005114:1002.23,91.5575,145.248,998.68,87.8492,149.157,1007.47,93.4552,147.175,1004.27,79.5733,145.918,1029.78,91.5342,140.199,1012.53,73.6348,125.776,1028.8,80.5511,124.046,979.196,91.3853,114.711,1004.64,87.2672,114.364,965.342,111.943,117.938,1030.45,102.721,108.818,1020.2,69.0375,75.5239,1039.48,72.8386,73.7633,989.169,89.2515,50.2173,1066.76,83.9454,36.4992,983.545,89.0671,12.5977,1050.85,66.2871,6.42614,978.863,151.462,133.586,970.573,166.106,134.454,989.692,172.361,142.182,985.718,158.838,145.999,0,0,0
005115:1005.67,91.7715,143.258,1002.71,88.5626,147.209,1008.21,93.8562,145.734,1003.27,80.5317,146.035,1022.11,92.0816,141.277,1004.95,73.4224,127.857,1021.77,84.3857,124.889,970.997,90.968,116.92,1020.99,90.8282,109.722,961.283,110.997,119.011,1036.58,104.281,106.915,1018.42,67.8958,76.515,1033.09,74.5328,74.9223,994.756,90.3212,49.3322,1030,85.583,45.8023,1023.99,88.1285,3.6953,1042.51,69.3237,10.166,978.04,151.527,133.774,975.102,167.8,133.47,988.818,172.414,142.245,985.261,159.102,144.967,0,0,0
005116:1006.84,91.5266,143.351,1004.61,88.4757,147.099,1012.55,92.8517,145.586,1004.64,80.7717,145.821,1032.6,90.3062,140.414,1006.55,72.394,128.075,1024.5,83.1021,125.173,975.151,91.5236,116.484,1017.36,90.2958,109.979,968.458,113.079,117.201,1038.93,105.029,106.298,1015.21,68.4406,75.3314,1036.4,74.4506,73.4052,994.456,89.6012,46.3407,1037.03,87.3061,46.4774,991.109,89.6204,7.03601,1042.96,65.908,13.1074,969.626,150.663,134.591,971.243,168.042,133.831,979.571,172.988,144.066,985.239,159.101,144.897,0,0,0
005117:1008.26,92.0978,142.723,1004.78,88.7863,146.834,1011.37,93.858,145.138,1007.8,80.5811,144.673,1028.51,92.1185,139.324,1011.25,73.1723,125.927,1040.24,83.3613,119.499,972.574,91.3701,116.43,1023.12,91.5467,108.5,970.069,113.545,116.358,1046.5,107.252,104.251,1012.54,68.108,76.7498,1037.42,73.7908,72.5652,991.116,92.0021,50.4482,1050.52,83.9767,39.8276,986.923,92.888,12.8688,1037.31,69.0186,9.08537,973.649,152.085,132.688,967.368,167.533,133.865,973.698,173.351,145.036,981.696,159.336,144.926,0,0,0
005118:1005.61,92.3057,141.903,1003.79,88.9343,145.748,1013.79,93.9122,143.969,1005.55,80.6332,144.445,1036.77,91.6736,138.718,1006.27,73.65,126.879,1027.22,82.981,124.04,998.875,86.5963,110.099,1013.78,89.4521,110.406,961.782,112,117.268,1038.18,105.262,104.883,1020.3,70.3555,72.5577,1044.48,75.1754,70.4809,979.103,92.1757,50.3983,1033.69,87.0428,48.8743,980.422,93.0176,9.44938,1051.06,69.4955,12.0293,965.915,152.647,133.126,959.945,168.022,135.203,969.791,173.578,145.176,981.282,159.366,145.017,0,0,0
005119:1007.2,91.9617,142.477,1004.17,88.8132,146.465,1011.8,93.8295,144.402,1006.08,80.906,144.947,1030.59,92.3332,138.385,1004.5,73.4817,128.188,1041.6,84.2284,119.555,963.793,89.6675,117.633,1021.79,91.2067,109.097,962.85,112.422,115.107,1045.02,106.977,103.182,1012.97,69.0258,76.693,1041.65,75.2328,71.2407,994.844,91.3763,49.6042,1047.92,84.1337,40.5374,999.716,91.1687,8.8937,1035.24,68.458,9.24185,959.864,151.102,133.199,958.793,168.077,134.202,963.536,171.981,145.959,977.78,159.599,145.116,900.869,140.234,148.638
005120:1008.28,92.6805,141.44,1006.83,89.5874,145.085,1013.34,94.202,143.855,1006.53,81.3474,144.182,1030.45,91.8035,139.545,1003.61,72.6861,127.464,1025.07,84.3928,124.26,1022.48,84.5637,104.36,1022.79,91.4064,109.538,962.521,112.227,114.568,1044.09,106.707,103.947,1009.95,69.5192,74.9147,1034.08,75.6674,72.4651,981.829,93.4929,51.1288,1028.82,87.3042,50.2274,979.661,94.4463,10.1946,1042.42,67.337,12.8487,959.82,151.101,133.061,955.817,168.262,134.37,961.287,172.104,145.716,974.016,159.865,145.724,903.472,141.07,147.481
005121:1006.42,92.8195,142.259,1004.32,89.4195,145.939,1011.31,94.0409,144.806,1004.47,81.4138,144.156,1027.44,91.4519,140.168,1008.55,74.6681,125.861,1018.07,84.3555,124.791,969.69,92.6723,115.972,1017.55,90.2232,109.353,971.456,112.684,112.039,1035.5,105.029,103.638,1010.4,70.567,75.1504,1026.54,75.4636,74.5497,987.247,94.6978,48.69,1024.5,87.5216,50.3554,989.874,93.2589,7.10739,1050.41,69.0298,10.321,953.716,150.083,133.905,947.974,165.835,135.965,959.248,171.236,145.28,959.514,157.428,147.527,903.029,142.174,147.002
005122:1008.99,92.6515,141.421,1006.98,89.3638,145.023,1013.23,93.909,143.752,1005.98,81.1976,143.757,1025.17,91.4674,140.026,1006.59,74.9981,125.901,1015.66,83.1176,126.105,966.496,92.2246,115.823,1017.76,89.7655,110.01,960.184,109.761,113.494,1034.28,104.703,104.217,1012.85,72.0704,73.7174,1030.43,75.5228,72.912,978.333,94.9915,50.9533,1027.68,86.163,48.2625,979.837,95.1831,10.0682,1048.05,68.2784,8.64071,953.65,150.081,133.698,944.581,166.025,134.526,951.315,170.728,145.24,958.266,157.517,147.656,902.885,142.177,146.478
005123:1003.24,92.2166,142.599,999.901,88.8157,146.687,1009.71,93.8268,144.756,1002.24,81.0294,144.495,1031.01,91.9375,138.804,1010.08,74.4273,125.12,1027.29,85.1764,122.41,967.045,91.7035,116.627,1024.63,91.3393,107.42,962.689,110.308,112.487,1036.45,105.255,103.564,1005.11,70.702,76.2873,1026.47,75.9304,74.4292,980.688,94.743,50.1779,1024.85,86.1845,50.5213,978.543,95.6777,8.69407,1048.33,68.7068,9.91391,945.578,147.981,133.573,939.367,164.424,135.396,936.828,168.501,147.609,956.422,157.63,147.254,905.466,143.01,145.296
005124:1003.77,92.0244,141.915,1001.28,88.4942,145.816,1010.1,93.6709,144.253,1004.29,80.7847,143.496,1029.43,91.9044,138.967,1010.67,75.3899,124.135,1020.88,84.2104,123.617,967.655,92.9429,115.958,1013.66,89.7487,107.711,961.063,109.973,111.452,1029.32,103.565,103.861,1012.86,71.6893,73.8738,1029.01,75.9483,73.6556,980.588,95.3302,49.5105,1026.74,87.7064,49.7976,978.806,95.5285,8.56983,1045.43,69.0347,11.4697,943.445,147.402,133.343,937.418,164.046,134.896,940.827,167.469,145.365,946.298,153.677,147.381,908.232,143.852,144.654
005125:1010.31,93.077,140.988,1008.76,89.9858,144.475,1008.8,94.1505,144.26,1008.85,81.9203,143.017,1012.31,91.2425,141.479,1003.11,73.822,126.93,1024.54,84.1742,121.641,959.156,90.6903,117.189,1020.33,91.8751,105.512,958.25,109.413,111.542,1034.49,104.96,101.112,1008.63,71.007,76.2373,1028.9,76.5159,72.8634,988.499,96.7337,49.979,1053.08,87.3075,37.0993,980.016,94.6387,13.7572,1047.05,68.9448,3.41533,933.633,145.45,132.719,933.045,160.172,133.623,930.025,164.57,147.206,940.802,151.857,146.832,911.008,144.698,144.01
005126:1007.18,92.9543,141.808,1003.78,89.4691,145.689,1010.27,94.4992,144.059,1003.44,81.075,143.395,1024.34,92.2048,138.133,1007.32,75.715,124.732,1029.46,83.0406,119.961,977.256,91.9894,112.371,1012.9,90.2314,107.093,962.108,110.465,110.331,1027.51,103.371,102.71,1012.73,71.9167,75.3905,1033.69,75.5992,72.0054,986.359,95.5417,50.8404,1046.79,84.8208,39.6006,987.517,94.9257,11.1628,1048.45,69.3939,3.51705,942.14,144.671,129.158,933.036,159.402,132.041,925.964,164.366,147.764,928.987,148.146,147.472,913.475,145.544,142.288
005127:1004.89,92.7304,141.14,1003.7,89.357,144.733,1009.42,94.4184,143.7,1007.07,81.1638,142.937,1025.28,92.2006,139.678,1013,75.2472,124.257,1020.44,84.7875,124.189,971.545,89.8129,113.582,1014.99,90.9836,107.602,956.018,108.853,111.569,1024.99,102.891,103.377,1008.86,72.268,75.567,1022.41,76.9554,75.5196,984.978,96.1149,48.6428,1018.03,87.5722,50.3252,979.14,94.5031,10.0603,1050.27,69.7178,8.20973,932.143,141.588,131.041,927.939,158.062,132.151,919.947,161.578,145.625,928.938,148.102,146.032,913.329,145.546,141.76
005128:1003.81,94.5523,140.796,1002.31,91.8311,144.465,1010.28,94.8649,142.683,1004.95,83.6306,142.921,1028.29,88.6915,138.056,1012.48,77.8765,122.458,1023.83,82.9085,121.044,976.688,90.9229,110.512,1008.84,89.529,108.364,963.438,110.536,109.776,1025.68,103.724,102.689,1021.5,73.0524,71.7434,1038.51,74.9,69.7705,977.429,98.0465,50.856,1026.28,90.3164,43.5255,973.203,92.6938,12.5844,1059.96,72.8092,0.0507988,927.914,141.229,130.109,915.087,154.423,132.764,924.499,158.618,145.464,933.331,145.759,144.392,919.08,147.251,140.982
005129:1002.55,94.0039,143.407,1007.14,91.2063,145.435,1010.02,95.6186,145.433,1010.89,83.5545,142.179,1016.95,91.1887,142.103,1002.91,79.1025,125.053,1023.13,86.2383,123.495,975.911,89.9437,110.219,1013.75,89.0394,105.285,965.226,109.586,109.236,996.335,106.316,105.241,1011.54,72.6443,77.1708,1032.55,77.3257,74.8519,988.973,96.9762,48.9648,1036.32,89.1778,40.6313,982.408,96.5036,12.5709,1057.04,72.0762,8.5313,924.558,139.941,131.001,923.844,143.626,142.774,915.067,154.217,144.815,915.826,150.592,133.103,913.97,145.551,143.91
005130:1002.18,95.1967,142.875,1003.74,91.6128,146.171,1006.41,96.0104,145.597,1007.64,82.7751,142.887,1013.68,90.3906,142.812,1003.06,79.1008,125.623,1023.3,85.0183,123.456,972.443,90.3429,110.459,1017.22,88.6212,104.443,965.077,109.588,108.68,1002.97,106.771,103.614,1011.54,72.6443,77.1708,1029.16,76.5391,75.7332,988.778,98.1854,49.0211,1029.3,88.7867,42.607,985.621,97.3186,11.5696,1049.64,71.7597,10.0914,924.625,137.681,129.249,920.82,141.652,141.751,911.936,152.235,143.241,916.082,148.352,131.883,909.046,140.512,144.462
005131:1002.21,94.0002,142.268,1003.58,91.6142,145.605,1006.26,96.0118,145.03,1010.74,83.5559,141.609,1019.9,91.9863,140.239,1005.97,79.869,123.729,1029.82,86.6127,121.352,966.225,88.7806,111.972,1020.35,89.4175,103.056,949.615,105.549,111.325,996.72,103.909,105.127,1018.35,74.1844,76.0124,1036.12,78.1132,74.5563,988.825,96.9796,48.3902,1029.48,87.5438,42.5556,979.207,95.692,13.5679,1052.85,72.5521,7.81702,921.72,135.707,128.785,917.802,139.684,140.732,909.273,149.152,142.151,913.069,146.369,130.861,903.574,136.619,144.03
005132:998.826,94.3994,143.01,1003.25,91.6104,144.465,1002.89,95.2111,145.161,1007.32,83.981,142.354,1016.61,91.1848,140.953,1002.57,80.3029,124.515,1029.82,86.6127,121.352,966.225,88.7806,111.972,1027.56,88.5831,101.937,952.44,106.344,110.017,1003.72,103.145,104.019,1018.05,75.4166,75.4684,1039.39,78.9092,73.0775,988.63,98.1889,48.4466,1025.91,87.9725,43.5623,979.207,95.692,13.5679,1052.85,72.5521,7.81702,918.792,133.732,128.307,914.442,137.712,138.624,903.366,146.329,141.22,907.281,143.547,130.518,892.385,132.221,144.929
005133:1002.18,95.1967,142.875,1006.62,92.4041,144.332,1006.26,96.0118,145.03,1010.57,84.7628,141.645,1016.77,91.1834,141.525,1002.57,80.3029,124.515,1026.63,85.8129,122.695,971.937,90.3341,108.766,1027.89,87.3531,102.475,961.404,107.59,106.58,1010.42,103.588,102.378,1014.72,74.6411,76.3407,1032.55,77.3257,74.8519,991.994,99.0014,48.1044,1026.06,87.9693,44.152,982.747,95.2858,13.0887,1045.79,70.9644,9.93577,909.986,130.126,128.154,906.014,134.098,139.462,897.698,143.538,140.858,904.59,140.475,129.458,890.356,126.996,144.29
005367:269.161,-186.034,-0.0432187
