017692:1120.37,-118.496,161.162,1119.86,-122.513,162.279,1125.78,-117.253,162.521,1126.21,-128.126,155.286,1140.22,-116.947,155.161,1113.86,-126.262,144.405,1157.23,-118.239,131.44,1084.81,-127.124,164.658,1149.1,-109.893,132.648,1084.7,-129.322,176.696,1176.39,-116.397,142.963,1123.3,-124.444,90.782,1150.08,-119.245,83.8239,1112.23,-117.858,50.7896,1136.62,-117.65,44.2226,1123.28,-134.052,11.9202,1133.61,-131.441,11.3054,1162.56,-121.507,175.397,1160.83,-134.446,184.971,1152.35,-130.012,200.459,1154.28,-116.54,191.996,0,0,0
017693:1128.36,-120.767,160.868,1123.84,-124.381,162.404,1133.95,-119.665,162.051,1123.64,-128.372,155.685,1148.27,-118.946,153.946,1118.19,-125.797,142.617,1153.13,-119.704,132.041,1085.96,-127.039,165.205,1131.77,-111.45,133.23,1081.23,-129.629,178.171,1176.39,-116.397,142.963,1124.84,-124.977,89.924,1145.34,-120.749,84.4514,1107.22,-118.515,51.9798,1137.1,-117.845,44.8884,1116.29,-135.176,13.0442,1120.14,-133.341,17.4695,1165.79,-125.003,174.856,1171.58,-138.887,182.065,1155.59,-129.744,199.43,1152.22,-117.532,193.119,0,0,0
017694:1146.9,-125.644,151.971,1115.6,-121.912,162.331,1129.84,-118.563,160.404,1115.36,-126.571,157.862,1161.06,-122.596,147.76,1103.85,-122.618,143.653,1162.14,-122.738,131.148,1096.85,-128.618,160.108,1131.2,-111.529,134.657,1080.07,-129.713,177.58,1186.68,-118.802,141.51,1123.29,-124.285,89.2646,1160.53,-124.186,80.8139,1110.27,-117.32,50.3495,1143.27,-119.322,43.5308,1116.03,-137.275,16.7758,1122.41,-133.926,16.8356,1167.3,-123.882,172.862,1163.38,-138.439,183.474,1161.2,-133.124,199.471,1153.55,-119.341,193.884,0,0,0
017695:1116.9,-119.248,160.186,1118.22,-123.087,160.754,1127.11,-118.864,160.475,1128.92,-128.947,152.729,1151.78,-120.582,151.18,1117.89,-127.207,142.668,1163.68,-120.434,131.812,1096.58,-129.535,162.503,1135.99,-112.688,133.671,1082.58,-130.481,174.58,1194.55,-120.117,146.916,1122.05,-126.182,92.8967,1151.29,-121.137,86.2479,1104.69,-118.399,53.2309,1140.63,-116.839,45.7577,1126.27,-136.25,24.5438,1130.58,-135.94,15.6346,1154.66,-125.944,178.007,1161.72,-138.562,183.758,1144.24,-134.418,200.802,1154.31,-120.191,191.783,0,0,0
017696:1122.54,-120.093,158.219,1121.26,-123.955,159.637,1129.06,-119.264,159.42,1121.41,-129.282,153.787,1142.88,-119.433,152.541,1117.61,-126.372,140.135,1150.32,-120.347,134.696,1098.94,-129.307,160.221,1135.35,-112.766,134.824,1078.3,-130.856,176.398,1186.68,-118.802,141.51,1103.37,-120.22,94.5026,1147.54,-120.827,85.1826,1104.33,-119.757,54.1126,1145.45,-119.447,44.2857,1146.05,-136.407,15.2654,1131.88,-136.275,15.2627,1156.3,-124.827,176.489,1156.79,-138.928,184.606,1162.06,-136.853,198.564,1156.12,-121.993,194.188,0,0,0
017697:1129.13,-121.335,158.648,1123.97,-124.727,160.347,1136.55,-120.33,159.321,1119.71,-128.441,154.234,1152.9,-119.951,150.271,1111.95,-124.441,142.421,1161.12,-122.082,128.366,1098.38,-129.35,160.103,1142.41,-112.053,130.169,1079.94,-130.696,174.726,1189.83,-119.198,145.306,1123.17,-125.493,88.2261,1155.4,-123.798,80.0765,1105.53,-118.371,51.6565,1143.79,-121.567,43.1277,1114.1,-140.706,17.5899,1135.69,-137.3,13.6763,1169.16,-128.586,173.725,1154.43,-141.166,183.162,1168.02,-138.324,198.074,1161.16,-124.402,191.625,0,0,0
017698:1118.3,-119.493,157.353,1120.93,-124.577,159.934,1127.13,-118.778,159.47,1117.61,-128.337,152.755,1169.62,-124.445,144.244,1111.22,-125.092,140.424,1178.16,-125.889,126.856,1098.8,-130.166,159.712,1135.39,-112.766,134.963,1084.2,-131.853,172.495,1174.87,-119.807,143.489,1106.72,-120.989,95.1022,1154.13,-123.12,83.169,1105.33,-116.176,51.2957,1133.61,-119.935,44.2489,1097.62,-135.512,26.4415,1147.23,-130.455,16.2998,1155.75,-127.903,176.867,1154.43,-141.166,183.162,1163.82,-138.635,198.756,1154.85,-125.898,193.634,0,0,0
017699:1135.02,-123.683,155.368,1131.86,-127.276,156.308,1139.93,-121.976,156.445,1130.71,-130.683,149.636,1150.71,-119.581,148.67,1119.92,-126.696,139.839,1151.27,-119.406,128.259,1101.38,-131.233,158.94,1135.39,-112.766,134.963,1078.78,-132.307,173.948,1172.3,-119.422,140.517,1107.11,-121.793,94.9835,1152.36,-123.008,81.3466,1104.23,-119.57,50.6458,1149.41,-120.328,42.4002,1130.66,-140.177,20.8696,1136.51,-137.454,14.1375,1157.16,-130.503,175.585,1152.68,-142.337,183.465,1164.13,-141.469,198.704,1163.09,-128.06,190.82,0,0,0
017700:1133.18,-122.12,156.647,1126.1,-125.501,158.766,1137.26,-121.032,158.257,1122.79,-129.48,153.318,1149.54,-120.37,151.325,1121.24,-126.201,140.071,1159.4,-121.654,130.036,1105.03,-132.203,157.03,1136.99,-113.154,134.634,1079.82,-132.726,173.395,1172.3,-119.422,140.517,1131.55,-126.585,88.0537,1154.81,-123.499,82.0739,1107.83,-118.149,50.9015,1140.96,-121.632,41.8386,1122.95,-140.862,18.7817,1141.65,-138.788,12.5677,1157.52,-130.495,176.754,1162.21,-145.852,182.348,1152.58,-144.162,198.295,1161.41,-129.164,191.868,0,0,0
017701:1145.52,-125.506,154.004,1138.05,-127.688,156.335,1149.5,-123.651,155.042,1125.92,-129.064,152.391,1153.84,-121.165,148.181,1111.45,-124.793,142.049,1163.32,-122.9,127.254,1099.36,-130.104,158.648,1136.11,-113.235,134.816,1077.81,-132.889,173.654,1168.31,-119.78,142.148,1109.05,-122.545,92.6606,1159.74,-125.615,78.9311,1101.44,-117.588,52.6525,1142.77,-123.245,39.9106,1111.82,-141.746,23.7933,1141.78,-138.947,11.0742,1153.81,-131.743,177.144,1157.32,-147.247,183.985,1158.47,-145.648,197.809,1151.91,-129.927,193.452,0,0,0
017702:1125.79,-121.8,156.279,1125.91,-126.107,157.643,1131.54,-121.039,157.898,1132.46,-132.242,150.644,1144.55,-120.925,151.276,1122.7,-128.333,136.119,1160.79,-124.5,128.83,1093.31,-129.755,159.935,1147.29,-114.288,128.61,1051.22,-128.844,155.534,1168.31,-119.78,142.148,1128.11,-127.935,86.0206,1150.89,-125.08,80.9746,1107.32,-119.704,50.9562,1139.29,-123.362,42.6099,1110.4,-144.276,23.1543,1139.92,-138.32,13.3287,1150.09,-132.988,177.583,1153.78,-148.526,184.066,1150.16,-146.228,199.166,1145.17,-131.401,193.817,0,0,0
017703:1125.12,-122.412,155.961,1120.33,-125.349,158.021,1129.26,-121.719,157.518,1120.25,-129.463,152.664,1142.65,-122.148,150.47,1110.17,-125.201,142.548,1158.76,-124.914,128.993,1098.81,-131.844,157.752,1136.33,-115.428,138.609,1084.68,-134.876,171.861,1167.23,-121.622,117.872,1127.66,-126.917,88.2113,1157.71,-126.486,80.3659,1110.43,-118.686,48.8546,1139.18,-123.056,41.2846,1123.81,-142.984,19.5593,1146.88,-140.153,10.9124,1157.2,-136.286,177.774,1159.07,-150.211,179.45,1163.49,-149.089,196.172,1159.87,-135.017,192.571,0,0,0
017704:1114.04,-120.387,157.676,1123.75,-126.946,157.929,1123.21,-120.708,160.235,1130.01,-132.461,147.275,1151.55,-125.3,146.039,1111.25,-125.879,139.092,1147.37,-123.944,129.745,1099.49,-132.222,157.942,1136.33,-115.428,138.609,1080.61,-135.735,173.958,1163.13,-122.432,145.754,1130.21,-127.885,87.3086,1155.16,-126.821,80.9933,1095,-116.792,52.0465,1143.53,-123.24,40.5991,1116.68,-143.269,28.2304,1148.41,-140.515,10.8638,1162.81,-137.771,176.035,1154.45,-150.535,181.581,1161.88,-150.134,195.48,1160.75,-136.848,191.911,0,0,0
017705:1121.03,-120.768,153.257,1129.91,-127.461,155.088,1133.88,-121.326,156.147,1119.96,-130.805,150.263,1163.08,-125.645,143.529,1101.19,-124.168,141.215,1167.56,-126.451,125.121,1099.34,-132.642,156.746,1147.29,-114.288,128.61,1078.38,-135.879,172.262,1166.43,-123.237,145.11,1122.23,-126.342,88.4747,1164.67,-127.476,78.1389,1111.03,-120.817,47.7218,1148.09,-123.22,39.9042,1132.45,-146.842,19.3083,1135.01,-139.259,12.9851,1163.46,-139.634,175.217,1161.96,-155.264,180.008,1160.65,-151.168,196.018,1161.86,-137.706,190.957,0,0,0
017706:1140.99,-125.773,150.79,1130.55,-128.033,153.691,1142.69,-124.219,152.649,1112.62,-128.514,151.066,1145.39,-121.962,147.027,1114.79,-124.652,137.293,1155.34,-124.751,126.313,1116.98,-132.461,150.246,1122.36,-116.628,138.11,1091.42,-136.804,164.187,1166.35,-123.241,144.915,1125.86,-127.411,85.6027,1152.1,-127.228,79.0786,1113.44,-120.07,46.0693,1145.96,-123.476,39.6891,1112.89,-145.515,25.2976,1137.04,-139.657,13.9361,1162.5,-141.613,174.54,1161.64,-155.27,178.734,1163.46,-154.766,194.211,1161.07,-140.629,191.633,0,0,0
017707:1154.5,-129.239,147.203,1147.45,-132.075,150.32,1149.51,-125.905,150.917,1134.56,-134.164,147.59,1139.06,-120.405,148.406,1126.11,-130.587,132.58,1146.88,-123.573,129.404,1103.62,-133.547,153.615,1119.58,-116.866,137.956,1083.6,-137.468,168.726,1187.22,-128.087,143.848,1131.72,-128.856,83.182,1144.6,-123.79,80.6414,1130.11,-124.737,44.8022,1107.99,-115.374,49.1209,1115.27,-147.742,23.1834,1145.8,-141.912,11.6447,1151.94,-143.316,175.45,1164.83,-156.115,178.176,1152.91,-155.434,195.618,1161.94,-142.464,190.975,0,0,0
017708:1156.76,-128.293,148.036,1149.54,-131.259,150.478,1151.2,-125.532,151.245,1136.61,-133.951,146.603,1139.21,-121.519,147.794,1129.94,-130.216,133.844,1150.21,-123.985,126.586,1103.94,-132.638,151.987,1119.58,-116.866,137.956,1081.84,-137.6,168.695,1176.78,-121.897,115.145,1137.13,-129.358,81.9291,1149.03,-124.723,78.6743,1113.13,-121.984,45.2266,1134.1,-123.127,41.1694,1120.45,-147.843,26.1679,1140.72,-140.559,13.5009,1161.14,-143.602,172.796,1171.6,-160.952,177.362,1152.36,-157.354,195.708,1167.44,-144.935,190.053,0,0,0
017709:1120.61,-121.321,152.693,1134.28,-129.208,153.56,1134.73,-122.827,154.901,1119.33,-131.096,149.581,1155.74,-125.971,144.068,1119.33,-127.473,135.858,1146.68,-125.291,128.499,1102.96,-132.715,152.076,1124.29,-118.03,136.989,1077.21,-137.932,167.296,1169.58,-124.052,144.009,1131.57,-128.626,86.3482,1149.07,-126.616,81.7315,1118.41,-119.994,45.1068,1138.08,-123.429,39.8279,1122.56,-148.594,24.2476,1140.95,-140.684,12.662,1156.41,-144.923,175.932,1163.77,-161.401,177.026,1158.29,-161.709,194.726,1156.18,-145.719,191.683,0,0,0
017710:1159.65,-131.259,146.107,1146.73,-132.712,150.428,1156.99,-128.804,149.222,1119.94,-131.598,149.933,1142.27,-122.87,146.781,1119.12,-129.797,135.447,1140.24,-122.338,127.97,1103.02,-133.581,152.857,1125.79,-118.423,136.413,1078.12,-137.842,165.941,1163.27,-124.574,145.073,1135.16,-130.113,82.4768,1145.25,-123.549,78.8145,1119.79,-124.608,46.8311,1121.09,-119.755,44.4184,1112.17,-147.696,24.5867,1130.61,-138.047,15.0682,1165.78,-148.077,171.965,1162.12,-162.117,176.533,1155.51,-161.848,192.754,1163.64,-149.387,188.624,0,0,0
017711:1153.62,-130.616,147.494,1140.42,-131.758,151.731,1152.05,-128.25,150.232,1114.86,-130.177,150.801,1141,-122.7,146.668,1116.51,-129.774,135.961,1140.91,-122.972,127.206,1096.13,-134.538,152.486,1125.71,-118.425,136.16,1076.5,-137.975,166.6,1157.95,-125.007,145.606,1132.92,-129.918,81.7938,1144.78,-123.75,77.5723,1122.74,-124.479,45.7663,1121.93,-119.619,43.3383,1104.86,-148.371,27.5228,1129.27,-137.684,15.6322,1157.42,-148.642,173.192,1161.83,-162.557,176.834,1170.46,-165.736,192.233,1161.06,-149.166,189.837,0,0,0
017712:1152.97,-128.152,146.712,1143.26,-130.986,150.544,1149.2,-125.982,150.309,1127.3,-133.901,147.986,1141.53,-122.798,146.846,1133.37,-132.991,131.818,1150.33,-124.818,125.129,1098.24,-134.784,151.267,1131.73,-120.001,133.818,1074.95,-138.576,164.86,1166.17,-127.032,143.997,1139.49,-131.295,81.0449,1144.48,-124.239,79.1097,1125.71,-124.849,43.7687,1122.19,-119.879,44.6352,1111.26,-148.083,25.8977,1127.94,-137.328,16.1421,1162.83,-151.15,172.225,1159.3,-164.771,175.151,1152.84,-166.704,192.135,1154.03,-150.571,189.775,0,0,0
017713:1142.94,-127.56,146.406,1136.69,-130.414,148.937,1147.73,-126.417,147.655,1129.5,-134.183,144.702,1156.54,-125.903,140.829,1119.9,-129.498,133.401,1158.93,-128.081,122.168,1094.01,-134.687,151.647,1131.42,-120.005,132.57,1072.06,-138.788,164.481,1167.82,-127.439,143.673,1132.16,-129.925,81.1612,1153.48,-127.882,75.5536,1118.68,-122.468,43.4022,1136.99,-125.057,39.0655,1128.85,-151.68,26.6262,1144.71,-141.741,10.6425,1163.61,-153.012,171.818,1165.5,-167.554,174.051,1157.02,-169.292,191.211,1157.87,-154.12,190.371,0,0,0
017714:1150.88,-130.293,147.39,1143.95,-133.199,149.964,1148.42,-128.028,150.597,1134.09,-135.282,145.624,1144.59,-124.05,146.471,1122.82,-129.768,130.25,1145.4,-126.046,127.645,1098.56,-134.747,150.492,1131.28,-120.007,132.015,1076.08,-140.008,164.248,1189.1,-133.683,139.999,1135.63,-130.121,79.5679,1148.6,-126.68,77.1,1118.35,-122.329,44.1613,1137.8,-124.548,38.6838,1123.4,-152.892,28.1604,1142.71,-141.235,11.0494,1167.51,-155.644,171.655,1172.05,-171.181,170.604,1162.28,-173.712,187.825,1152.65,-154.438,189.821,0,0,0
017715:1156.98,-133.022,145.834,1148.74,-134.772,149.125,1156.99,-130.617,148.408,1131.64,-134.828,147.53,1150.91,-125.905,144.902,1117.6,-130.412,135.406,1153.05,-126.569,125.157,1096.02,-136.146,145.353,1131.28,-120.007,132.015,1077.3,-140.907,162.311,1165.16,-128.189,143.75,1135.97,-131.117,81.0413,1156.48,-127.545,75.3302,1117.3,-123.338,43.7512,1140.47,-125.216,36.8662,1122.45,-153.02,28.2352,1165.92,-140.522,7.24642,1164.77,-156.76,169.799,1169.39,-172.57,172.298,1154.03,-174.141,189.44,1167.62,-161.09,186.995,0,0,0
017716:1140.33,-128.531,149.444,1132.16,-131.147,151.969,1146.55,-127.696,150.3,1117.86,-133.19,147.817,1159.02,-127.205,141.765,1114.36,-128.255,132.867,1157.71,-128.676,122.062,1095.69,-134.514,148.837,1154.56,-117.918,124.714,1075.08,-140.589,163.735,1186.74,-133.587,138.811,1118.79,-126.073,84.9864,1163.03,-129.115,72.65,1103.38,-123.3,46.6405,1138.84,-125.965,36.4473,1127.7,-155.649,25.3033,1156.11,-144.541,9.25054,1166.47,-160.524,169.224,1165.79,-173.406,170.702,1158.93,-178.578,185.611,1161.12,-162.434,189.05,0,0,0
017717:1119.41,-124.499,152.542,1137.02,-132.675,150.866,1141.01,-127.562,152.503,1135.31,-135.821,147.77,1152.35,-126.573,146.968,1112.72,-129.229,133.879,1156.34,-126.236,122.103,1094.53,-135.473,149.912,1131.14,-120.008,131.461,1076.04,-141.47,159.316,1188.48,-133.982,138.898,1131.39,-131.007,81.0966,1161.26,-128.764,73.1987,1112.38,-124.099,42.9748,1150.03,-127.272,33.8591,1118.73,-153.757,28.7549,1160.01,-145.314,10.9628,1169.32,-162.291,169.84,1156.48,-175.297,171.406,1161.29,-181.295,185.483,1160.23,-164.372,188.464,0,0,0
017718:1129.36,-126.32,150.902,1136.88,-132.649,152.899,1140.69,-126.511,153.196,1121.88,-133.762,150.903,1153.94,-125.854,144.834,1111.6,-129.074,132.994,1158.07,-128.133,121.74,1087.7,-134.27,148.046,1130.42,-120.033,129.175,1082.24,-144.581,158.81,1206.32,-132.214,106.918,1132.05,-130.393,79.6332,1160.44,-128.353,72.5401,1119.53,-125.433,41.6973,1142.98,-124.971,35.8837,1126.26,-156.377,30.7771,1143.64,-141.476,10.7892,1159.38,-162.577,169.06,1169.17,-178.839,169.121,1159.3,-182.316,183.517,1163.04,-166.061,183.349,0,0,0
017719:1152.16,-132.271,144.466,1142.77,-134.574,148.032,1155.2,-130.357,146.887,1127.29,-135.934,145.733,1159.16,-127.098,141.601,1121.4,-131.765,132.044,1154.48,-127.554,123.568,1094.63,-136.272,144.792,1125.78,-120.421,129.126,1081.18,-144.133,157.833,1152.92,-136.696,147.106,1113.58,-125.578,85.6023,1154.96,-127.258,74.2716,1118.16,-126.142,42.3953,1143.21,-126.929,34.4892,1132.83,-158.594,29.6193,1171.63,-148.367,7.20061,1161.32,-164.279,167.71,1171.89,-179.746,167.036,1162.63,-184.044,182.187,1165.05,-169.747,183.444,0,0,0
017720:1155.84,-133.96,143.945,1142.72,-135.762,147.878,1158.1,-132.007,146.228,1120.17,-135.441,146.676,1158.44,-127.988,141.18,1128.68,-132.938,131.306,1149.14,-125.991,122.695,1098.3,-135.983,144.182,1125.75,-120.422,128.988,1079.86,-144.214,156.813,1150.08,-135.307,147.621,1140.54,-132.872,76.2036,1154.25,-127.597,71.3808,1138.01,-130.349,38.0987,1144.74,-126.482,32.3055,1132.37,-159.39,31.0951,1150.67,-143.191,10.0701,1164.73,-166.826,167.212,1165.18,-182.904,167.215,1153.82,-184.433,182.158,1161.23,-170.893,183.4,0,0,0
017721:1133.76,-128.056,150.443,1127.94,-131.649,152.795,1138.84,-127.324,152.362,1127.53,-136.747,145.814,1151.3,-126.885,144.611,1133.47,-134.755,128.84,1147.61,-126.478,125.111,1096.44,-137.155,143.825,1125.75,-120.422,128.988,1078.75,-144.281,155.85,1150.16,-135.306,147.94,1144.68,-133.691,76.3926,1153.96,-126.961,73.8189,1135.93,-132.367,37.9018,1139.88,-125.513,36.3959,1127.23,-158.864,36.5186,1137.35,-139.493,16.7228,1160.53,-167.965,167.124,1171.61,-184.977,163.338,1167.26,-190.445,179.003,1160.96,-170.9,182.452,0,0,0
017722:1139.11,-129.628,148.256,1136.02,-133.847,150.442,1143.14,-128.412,150.694,1134.38,-139.393,144.679,1151.62,-126.826,144.656,1123.5,-133.412,130.862,1155.25,-128.004,123.686,1100.24,-137.363,142.111,1124.87,-120.499,129.172,1078.28,-144.802,154.118,1134.15,-136.554,152.226,1147.48,-135.231,75.9914,1153.1,-126.693,72.6218,1136.97,-133.016,41.2198,1143.84,-127.021,32.2317,1128.09,-159.655,27.7843,1158.54,-145.308,6.93538,1169.82,-171.81,162.95,1171.42,-184.982,162.562,1165.4,-191.459,177.688,1157.11,-175.808,181.351,0,0,0
017723:1151.75,-134.064,145.152,1146.87,-137.019,147.818,1153.04,-131.678,147.999,1137,-139.503,144.39,1153.26,-127.885,143.957,1123,-134.536,130.425,1160.33,-128.157,124.278,1099.07,-137.46,142.729,1148.95,-118.314,120.22,1070.44,-145.377,155.279,1133.34,-136.629,153.212,1130.89,-132.621,78.4362,1156.34,-126.607,72.4853,1116.45,-128.825,43.9994,1151.35,-125.92,32.8652,1136.88,-158.395,31.0078,1155.76,-144.637,7.14722,1163.6,-172.854,164.194,1183.57,-191.822,159.502,1166.22,-196.137,174.676,1165.17,-178.23,177.993,0,0,0
017724:1156.34,-134.907,144.54,1146.21,-137.084,148.521,1158.77,-133.086,147.247,1130.64,-138.198,146.675,1162.13,-129.989,142.449,1123.7,-135.522,132.265,1158.87,-128.692,123.751,1090.53,-138.103,142.924,1124.87,-120.499,129.172,1075.6,-145.476,152.196,1150.64,-141.418,146.11,1137.87,-132.775,77.411,1156.11,-126.979,72.3152,1118.98,-129.704,40.4482,1151.39,-125.987,31.2878,1131.62,-160.287,32.1737,1163.33,-146.571,5.34753,1173.43,-176.641,162.603,1184.34,-193.892,157.187,1162.69,-198.145,172.636,1154.44,-180.625,178.541,0,0,0
017725:1134.26,-129.706,149.599,1135.14,-134.158,150.838,1139.22,-128.858,151.548,1139.95,-140.319,143.182,1148.72,-127.885,144.874,1120.42,-134.09,129.893,1149.23,-130.32,126.826,1088.99,-141.303,142.269,1124,-120.575,129.355,1069.99,-145.882,152.668,1137.93,-137.859,151.784,1137.89,-132.23,75.879,1158.29,-127.307,71.3859,1140.63,-134.233,35.7958,1147.56,-126.396,30.6553,1118.47,-159.39,35.1995,1140.77,-143.239,11.1745,1183.18,-177.905,157.84,1181.41,-193.995,153.705,1171.13,-200.68,170.51,1154.77,-183.428,178.044,0,0,0
017726:1130.92,-129.671,150.869,1133.57,-134.991,151.629,1138.24,-129.458,152.899,1139.78,-141.822,143.316,1149.36,-128.82,146.406,1126.48,-135.523,129.045,1144.89,-129.043,128.09,1100.27,-140.971,140.341,1123.13,-120.652,129.539,1079.55,-148.727,148.79,1152.34,-141.58,148.983,1134.15,-131.913,77.5457,1142.96,-124.881,75.8807,1114.06,-128.903,44.2637,1136.32,-124.589,34.6969,1123.93,-161.605,36.5252,1168.3,-144.321,9.00449,1168.68,-179.477,160.081,1174.54,-194.258,154.997,1162,-200.989,170.365,1163.86,-186.781,173.707,0,0,0
017727:1133.58,-129.703,151.129,1131.96,-134.256,152.851,1141.11,-129.663,152.578,1133.4,-141.065,145.283,1156.48,-130.586,144.552,1121.24,-134.455,130.027,1163.71,-134.674,125.677,1098.05,-141.117,139.269,1201.94,-141.249,116.33,1079.1,-148.746,147.814,1158.67,-143.259,147.21,1139.37,-133.488,74.613,1151.08,-126.617,71.9773,1130.02,-133.765,38.8423,1146.41,-127.528,30.9278,1125.82,-162.064,36.0826,1175.78,-144.057,6.57469,1165.69,-181.016,158.515,1165.24,-193.56,152.987,1164.59,-202.78,166.065,1159.37,-188.853,172.771,0,0,0
017728:1127.76,-131.347,150.844,1132.15,-135.793,151.541,1133.78,-130.633,152.342,1141.96,-142.37,143.08,1144.15,-130.029,145.418,1125.66,-135.819,128.671,1156.73,-133.358,125.946,1082.12,-142.3,140.954,1117,-121.728,131.405,1071.01,-149.304,147.779,1158.67,-143.259,147.21,1131.51,-131.746,77.6187,1149.89,-126.584,73.6244,1118.06,-131.343,41.8661,1141.61,-126.663,33.0589,1128.87,-161.947,33.6161,1153.83,-143.533,4.87127,1178.73,-184.18,155.472,1178.24,-198.499,149.772,1181.77,-208.882,159.464,1172.11,-192.109,168.662,0,0,0
017729:1129.37,-131.824,150.399,1133.78,-136.165,151.159,1136,-131.054,151.619,1146.09,-143.245,142.363,1149.93,-131.176,143.867,1134.43,-136.674,126.635,1159.45,-133.637,124.442,1109.95,-140.691,133.274,1117,-121.728,131.405,1080.32,-149.621,142.521,1127.08,-160.959,144.56,1133.72,-132.691,76.5291,1148.91,-126.961,73.3461,1114,-131.395,43.2822,1140.17,-126.442,34.8961,1137.25,-162.174,32.2909,1156.39,-142.412,5.27588,1175.45,-185.807,152.379,1174.69,-200.526,147.402,1171.76,-208.224,159.312,1163.48,-191.495,167.211,0,0,0
017730:1128.68,-130.978,152.63,1130.89,-135.596,153.527,1133.02,-130.689,153.985,1142.14,-143.239,143.343,1143.22,-131.035,145.672,1124.52,-137.917,128.007,1155.05,-131.399,125.114,1085.02,-141.015,137.534,1121.32,-123.459,129.837,1078.81,-149.723,142.513,1151.45,-143.776,148.783,1131.15,-132.816,78.6854,1147.05,-125.758,75.1475,1115.28,-132.052,43.1152,1147.46,-126.196,31.0097,1139.41,-162.691,33.0107,1177.82,-141.968,2.49265,1177.7,-187.039,151.409,1168.09,-198.662,147.858,1174.78,-210.985,153.979,1167.26,-193.233,165.299,0,0,0
017731:1135.05,-133.075,150.351,1137.32,-137.089,151.438,1139.2,-132.533,151.772,1144.13,-144.066,143.594,1146.49,-133.065,144.808,1140.37,-139.925,127.605,1145.83,-130.598,125.826,1104.08,-141.614,131.218,1129.2,-125.44,128.181,1080.84,-149.542,138.875,1159.23,-145.891,146.181,1138.18,-134.974,75.4858,1141.06,-125.594,73.9088,1125.16,-133.47,41.5888,1137.67,-125.203,34.4206,1137.81,-163.259,34.2943,1140.45,-142.367,14.4251,1171.26,-185.975,150.056,1170.46,-199.621,144.447,1173.81,-211.016,150.701,1167.04,-196.076,162.848,0,0,0
017732:1137.25,-133.596,150.615,1137.24,-138.648,152.052,1141.1,-132.736,152.902,1138.44,-145.296,144.366,1146.99,-131.586,146.66,1124.85,-136.464,129.092,1153.93,-133.902,127.19,1109.7,-140.144,129.816,1128.02,-125.028,129.78,1085.46,-148.669,135.109,1159.34,-146.441,148.064,1132.86,-132.25,74.9155,1148.46,-126.89,71.853,1125.51,-133.496,39.2565,1142.95,-125.993,34.8701,1162.97,-163.986,28.4515,1150.3,-142.225,10.0366,1165.5,-186.101,149.979,1170.74,-199.605,138.991,1160.16,-211.392,150.555,1177.59,-200.442,158.398,0,0,0
017733:1127.75,-132.698,151.287,1125.89,-136.879,153.161,1134.94,-132.357,153.045,1130.98,-143.334,145.919,1153.79,-132.862,145.375,1131.15,-136.531,127.374,1150.66,-132.2,126.963,1114.42,-139.779,128.265,1124.96,-124.772,131.375,1078.08,-147.638,134.763,1159.18,-146.446,147.551,1136.31,-133.454,75.8879,1149.28,-127.142,73.1664,1119.61,-132.529,44.1978,1142.25,-126.843,35.4234,1136.39,-162.917,35.4468,1144.55,-142.175,10.881,1170.89,-189.481,147.096,1160.4,-199.964,140.497,1164.21,-212.229,146.121,1169.67,-201.656,156.579,0,0,0
017734:1133.33,-135.538,151.785,1136.75,-140.319,152.436,1139.14,-134.572,153.52,1143.58,-146.871,144.564,1148.42,-132.967,147.006,1134.68,-140.556,129.345,1139.75,-130.958,128.031,1098.3,-140.994,131.338,1125.27,-124.763,132.41,1071.6,-148.092,135.079,1159.18,-146.446,147.551,1135.52,-135.456,78.7637,1140.4,-126.537,76.7989,1121.49,-134.556,43.7856,1136.87,-126.456,37.1361,1144.62,-164.099,32.7123,1146.75,-142.599,10.7233,1179.44,-192.756,142.021,1175.65,-204.685,134.761,1175.23,-215.74,142.032,1182.82,-204.081,151.857,0,0,0
017735:1137.27,-136.383,150.676,1139.21,-141.062,151.851,1138.55,-134.987,153.45,1143.09,-147.355,144.646,1141.68,-132.867,148.437,1131.26,-137.978,129.251,1147.49,-132.533,129.183,1111.89,-139.932,125.664,1124.49,-124.836,133.007,1075.71,-146.723,129.84,1159.18,-146.446,147.551,1136.04,-133.93,79.6732,1147.65,-127.543,77.0993,1120.58,-133.732,45.7908,1141.94,-126.981,38.0594,1137.06,-162.359,34.5276,1156.27,-141.34,11.1066,1173.6,-190.566,142.817,1156.73,-199.045,132.906,1170.36,-213.971,138.06,1187.38,-206.81,147.4,0,0,0
017736:1137.46,-137.007,151.671,1139.18,-141.918,153,1143.16,-136.248,153.973,1142.72,-148.448,145.541,1150.56,-134.546,148.358,1135.4,-139.531,127.793,1140.6,-132.434,132.026,1109.94,-140.084,126.425,1124.49,-124.836,133.007,1085.39,-146.018,127.865,1093.12,-150.777,141.132,1138.57,-133.637,76.4396,1140.9,-125.593,76.4706,1126.8,-134.402,42.2202,1137.87,-127.354,35.5642,1136.29,-163.294,37.7821,1138.34,-142.411,16.4764,1178.21,-191.644,138.157,1180.7,-203.473,125.85,1169.91,-213.986,136.483,1181.78,-206.978,146.433,0,0,0
017737:1145.66,-138.925,149.307,1146.88,-143.393,151.61,1148.33,-137.183,152.356,1192.49,-145.866,135.552,1102.67,-138.104,154.502,1177.14,-137.8,124.247,1120.47,-134.618,131.909,1107.32,-140.27,126.105,1127.96,-124.54,132.163,1079.37,-145.904,125.943,1186.01,-154.398,143.167,1166.03,-131.88,74.9444,1116.88,-128.129,85.0576,1172.31,-132.419,30.6645,1099.11,-129.121,50.6584,1240.57,-161.814,1.90007,1088.66,-145.991,36.4622,1175.19,-193.188,136.788,1179.88,-203.499,122.732,1175.08,-213.866,130.292,1165.59,-204.623,146.476,0,0,0
017738:1110.43,-141.203,155.124,1123.49,-144.567,154.682,1109.35,-140.44,158.211,1178.19,-146.478,140.36,1116.74,-139.309,153.665,1160.76,-138.887,125.561,1128.03,-134.766,132.779,1114.32,-138.676,123.234,1134.21,-124.012,131.135,1089.38,-148.252,122.308,1186.88,-155.421,141.892,1161.43,-132.987,78.385,1125.98,-128.242,87.0208,1162.31,-134.558,38.7333,1104.64,-129.793,56.305,1218.28,-152.622,8.05961,1073.7,-141.967,46.7022,1161.59,-191.132,137.208,1179.59,-203.509,121.698,1173.31,-213.923,123.669,1158.6,-203.902,144.855,0,0,0
017739:1129.21,-138.151,153.618,1138.74,-142.495,153.98,1127.76,-136.563,157.001,1170.58,-150.249,143.715,1128.53,-135.461,153.924,1152.63,-136.445,126.753,1112.08,-132.275,136.445,1109.38,-140.086,123.056,1137.79,-124.257,131.271,1079.92,-146.828,120.18,1199.23,-154.667,141.046,1171.99,-136.859,72.4559,1107.72,-127.171,88.6934,1157.88,-131.723,37.2778,1103.95,-130.309,52.8765,1208.56,-156.352,12.4787,1078.98,-146.455,42.2188,1167.05,-189.605,133,1163.9,-198.025,122.616,1179.84,-213.756,121.966,1170.5,-205.418,140.759,0,0,0
017740:1133.03,-140.075,153.127,1135.37,-144.362,154.266,1137.79,-138.277,155.329,1141.71,-149.986,147.244,1146.08,-135.789,149.972,1133.49,-143.746,131.755,1162.11,-133.329,130.564,1096.39,-141.072,126.045,1137.83,-124.257,131.41,1074.4,-145.178,121.605,1199.27,-154.666,141.211,1125.35,-135.438,85.9917,1138.63,-125.207,83.9652,1126.31,-138.846,47.0595,1141.96,-127.069,42.4706,1157.48,-165.756,31.5068,1157.3,-138.642,13.9711,1167.55,-189.373,130.887,1160.73,-194.709,120.596,1172.01,-212.065,119.399,1171.67,-206.335,133.941,0,0,0
017741:1137.48,-142.472,152.987,1138.65,-146.515,154.381,1138.81,-140.65,155.889,1143.05,-151.111,147.873,1144.97,-137.27,151.194,1131.86,-144.238,130.02,1148.69,-131.01,133.665,1092.58,-141.296,122.184,1140.39,-124.58,131.173,1078.85,-147.373,117.064,1205.83,-154.255,139.768,1134.45,-136.958,83.8617,1143.49,-125.587,82.7517,1121.09,-138.511,49.302,1143.31,-127.559,42.3116,1137.45,-166.126,38.0828,1159.33,-140.694,9.04742,1172.32,-190.375,127.587,1179.41,-195.054,114.639,1183.78,-209.827,113.684,1177.87,-202.318,130.875,0,0,0
017742:1155.15,-147.731,148.413,1151.25,-150.553,150.941,1152.52,-144.84,152.308,1143.19,-151.755,148.106,1147.96,-138.499,150.696,1127.89,-143.66,132.147,1153.94,-132.718,133.885,1092.04,-141.339,122.418,1160.42,-125.101,129.728,1082.01,-147.117,113.871,1207.71,-154.123,138.014,1131.1,-135.863,86.538,1144.89,-125.919,84.585,1116.03,-137.408,52.9955,1144.02,-128.167,44.2537,1139.12,-165.626,37.2309,1155.29,-139.468,11.5706,1173.72,-190.313,125.93,1185.51,-194.821,110.044,1183.99,-208.869,108.908,1181.34,-206.043,124.017,0,0,0
017743:1130.24,-142.589,153.786,1134.73,-146.535,154.981,1133.45,-140.579,156.197,1144.02,-151.247,148.567,1140.16,-137.361,151.771,1129.29,-144.416,130.682,1142.17,-130.101,135.321,1096.32,-141.001,120.199,1162.59,-124.928,129.623,1076.33,-145.456,113.393,1206.15,-153.675,138.876,1134.53,-137.023,83.6763,1142.29,-125.253,83.2358,1125.03,-140.758,49.3315,1135,-126.396,47.9623,1139.36,-164.003,38.3856,1148.04,-138.872,21.3954,1178.08,-188.371,123.117,1185.73,-191.612,108.333,1171.84,-206.355,109.226,1182.02,-204.102,123.386,0,0,0
017744:1151.77,-148.3,148.349,1143.02,-148.981,156.68,1136.29,-141.888,158.257,1139.34,-151.858,148.354,1145.07,-140.633,149.984,1124.29,-144.671,132.817,1141.08,-131.71,136.928,1093.6,-141.193,119.867,1167.64,-126.145,128.865,1081.96,-145.533,110.266,1210.34,-153.401,137.02,1136.82,-136.404,83.2977,1143.53,-124.828,82.5087,1127.79,-141.332,49.099,1145.54,-130.006,40.9598,1144.06,-165.473,38.2613,1157.72,-141.107,12.6341,1178.05,-187.267,122.588,1185.87,-190.54,108.027,1177.28,-203.304,104.605,1171.96,-201.559,120.927,0,0,0
017745:1139.21,-144.654,153.116,1140.11,-148.437,154.458,1141.02,-143.544,155.684,1143.99,-153,148.559,1147.83,-141.828,151.43,1125.29,-145.626,133.377,1163.15,-136.513,133.915,1095.5,-142.074,118.379,1164.74,-128.634,135.157,1082.54,-145.459,107.507,1210.34,-153.401,137.02,1126.86,-135.345,87.7063,1149.42,-126.333,84.0371,1123.59,-140.711,50.8751,1148.73,-130.902,41.757,1151.82,-166.48,35.7371,1161.82,-142.07,10.0842,1181.14,-186.024,120.281,1178.59,-186.584,105.778,1187.3,-199.104,98.5622,1178.09,-201.349,117.239,0,0,0
017746:1125.98,-143.633,157.324,1132.57,-148.598,157.315,1130.24,-142.512,159.717,1141.96,-154.109,149.128,1136.33,-139.3,155.152,1119.76,-145.515,134.358,1153.81,-133.283,136.889,1096.79,-141.982,118.395,1175.13,-128.387,135.893,1079.72,-143.079,107.127,1210.34,-153.401,137.02,1125.97,-135.622,87.3335,1147.11,-124.652,84.2255,1120.59,-140.841,51.3428,1143.66,-129.075,43.6849,1153.28,-165.977,34.3353,1158.73,-139.638,7.46354,1179.76,-184.626,119.369,1187.15,-186.213,103.36,1190.72,-198.018,97.0166,1187.81,-200.057,112.136,0,0,0
017747:1131.64,-145.233,154.198,1137.05,-149.636,155.054,1135.79,-143.94,156.557,1150.13,-155.634,147.423,1147.81,-141.757,151.28,1128.81,-147.017,132.093,1171.51,-137.432,131.841,1096.43,-141.998,117.728,1173.38,-127.972,135.646,1076.32,-141.251,106.11,1210.34,-153.401,137.02,1122.48,-136.637,88.2887,1148.01,-127.236,83.9524,1117.36,-141.558,53.1594,1152.87,-130.993,41.7608,1150.05,-166.866,33.6936,1155.99,-139.161,7.47202,1187.4,-183.021,115.377,1176.96,-182.388,103.37,1182.76,-195.399,94.3737,1181.68,-194.481,113.171,0,0,0
017748:1132.57,-146.042,156.69,1135.11,-150.667,157.682,1137.64,-145.059,158.944,1142.25,-156.211,150.064,1147.15,-142.899,153.757,1128.76,-147.825,132.4,1161.3,-135.718,135.425,1098.74,-141.829,117.54,1177.38,-128.779,137.316,1082.46,-142.312,103.053,1210.34,-153.401,137.02,1125.56,-136.301,87.7924,1151.38,-126.665,83.9756,1113.43,-141.746,54.8461,1153.73,-130.488,43.3798,1135.21,-162.832,39.2906,1148.96,-135.757,15.3365,1195.55,-182.076,111.38,1174.23,-178.262,103.97,1173.88,-192.831,94.8113,1183.47,-193.448,111.8,0,0,0
017749:1129.3,-146.526,158.595,1133.97,-151.12,158.926,1132.03,-146.091,160.9,1144.53,-156.667,150.08,1138.71,-145.008,155.531,1120.12,-146.785,134.898,1164.56,-137.238,134.995,1093.13,-142.243,118.246,1177.55,-128.774,137.837,1085.14,-142.107,102.275,1199.43,-154.092,139.772,1123.08,-135.966,90.6657,1153.53,-127.389,85.3938,1115.51,-141.989,55.3036,1158.56,-131.223,43.634,1142.61,-167.069,34.9711,1153.95,-137.271,15.6176,1183.33,-178.741,113.582,1178.85,-175.893,99.662,1198.46,-191.869,91.0941,1180.22,-190.668,108.329,0,0,0
017750:1126.38,-145.765,155.368,1131.52,-150.725,155.922,1133.54,-145.194,157.59,1144.01,-157.257,148.308,1146.92,-143.63,153.11,1122.5,-147.536,132.596,1160.46,-135.896,136.036,1093.97,-141.623,114.929,1177.55,-128.774,137.837,1088.81,-141.814,100.341,1212.68,-152.158,137.543,1126.77,-136.5,89.2013,1151.73,-126.436,85.9722,1115.6,-141.506,56.4585,1154.39,-130.559,46.1318,1138.2,-164.85,35.3497,1165.29,-140.244,10.6256,1179.77,-176.821,111.848,1183.3,-174.413,97.4676,1193.21,-186.484,87.3374,1186.63,-187.886,103.416,0,0,0
017751:1134.94,-148.179,156.751,1136.8,-152.579,157.498,1139.92,-147.24,158.719,1137.51,-156.885,150.108,1146.63,-144.325,153.249,1117.54,-149.216,132.59,1155.14,-135.772,138.666,1099.04,-141.275,116.167,1174.53,-127.941,139.538,1097.58,-141.154,98.5128,1212.79,-151.055,138.498,1126.08,-136.861,89.5313,1147.64,-125.417,87.9453,1126.54,-144.471,53.2204,1149.34,-130.464,46.2759,1145.3,-166.025,35.0436,1156.02,-138.134,14.655,1198.39,-174.076,107.375,1181.43,-169.34,98.5413,1189.16,-182.477,88.2491,1188.33,-184.5,102.935,0,0,0
017752:1124.04,-146.716,157.138,1124.56,-150.553,158.181,1130.52,-146.686,158.79,1133.77,-156.145,150.578,1149.41,-147.018,152.176,1125.27,-149.189,132.938,1170.09,-139.494,134.574,1095.64,-141.511,115.51,1174.53,-127.941,139.538,1097.45,-141.169,98.8679,1207.85,-149.726,140.295,1130.9,-136.249,89.5967,1160.57,-127.317,85.885,1120.21,-142.863,55.8103,1163.67,-132.288,45.3391,1139.73,-163.471,35.4726,1172.82,-140.487,11.7843,1174.72,-168.799,112.165,1194.29,-167.586,97.9258,1184.35,-176.847,89.3401,1189.89,-181.519,104.483,0,0,0
017753:1145.09,-152.004,154.293,1146.11,-156.251,155.083,1145.52,-150.262,157.306,1142.97,-158.829,148.771,1149.66,-146.069,152.551,1103.91,-144.311,137.347,1179.94,-142.371,131.956,1100.07,-141.169,113.831,1166.8,-127.591,148.121,1103.81,-140.683,97.0589,1206.2,-149.285,140.892,1108.67,-132.386,94.4482,1171.64,-131.969,82.845,1093.91,-135.826,63.0852,1194.32,-140.544,38.4792,1068.72,-145.837,50.7417,1233.97,-157.33,-1.14589,1190.22,-168.951,110.428,1190.83,-165.61,97.5742,1185.75,-171.891,88.5321,1192.19,-178.472,101.828,0,0,0
017754:1136.17,-151.48,154.991,1138.57,-155.454,156.428,1137.66,-149.869,158.007,1146.29,-159.999,150.437,1144.14,-146.704,154.624,1133.06,-151.424,131.607,1159.96,-137.367,138.399,1097.56,-141.855,112.624,1173.86,-127.501,142.98,1101.25,-140.858,96.3807,1206.58,-149.278,142.379,1127.76,-137.933,91.5449,1143.76,-125.888,90.7869,1132.92,-146.343,53.2428,1146.36,-129.144,50.1005,1152.86,-166.956,32.2722,1153.11,-135.827,14.9757,1193.58,-164.438,106.664,1183.04,-160.68,99.8477,1187.55,-166.915,89.6826,1200.88,-173.148,100.249,0,0,0
017755:1129.41,-150.328,157.657,1132.65,-154.849,158.095,1131.73,-149.702,160.14,1144.76,-160.698,148.77,1141.62,-147.825,154.474,1131.79,-152.746,130.341,1156.81,-137.213,138.294,1115.97,-146.282,110.073,1169.16,-128.002,151.508,1092.39,-138.891,95.7322,1204.54,-149.42,143.463,1133.72,-138.532,89.792,1148.15,-125.43,89.5141,1131.85,-146.157,53.9798,1152.21,-129.246,47.99,1149.27,-166.969,31.1945,1158.14,-136.735,15.0502,1205.22,-160.547,106.959,1212.53,-154.678,95.7509,1224.68,-162.883,83.3053,1227.12,-169.817,92.8354,0,0,0
017756:1123.64,-150.491,159.238,1128.62,-154.958,159.559,1131.15,-149.642,160.552,1141.96,-160.539,149.993,1144.63,-147.264,153.96,1132.67,-153.126,129.521,1160.43,-137.694,139.452,1092.91,-142.207,113.862,1170.25,-127.923,151.849,1089.1,-137.844,94.376,1202.11,-148.515,147.272,1133.4,-138.502,89.0885,1146.64,-124.951,89.7887,1127.42,-147.094,54.8101,1152.22,-129.778,47.1882,1147.92,-166.472,30.2261,1152.35,-135.019,10.1548,1204.66,-156.868,109.32,1202.28,-151.951,99.7088,1223.45,-161.183,85.4583,1219.34,-166.265,99.5149,0,0,0
017757:1129.1,-151.269,157.67,1131.26,-155.615,158.297,1135.46,-150.901,159.576,1141.58,-160.834,149.783,1148.36,-149.04,154.229,1135.46,-153.724,129.139,1157.3,-138.36,141.115,1094.3,-142.104,113.622,1164.41,-127.244,143.803,1093.19,-138.373,93.6371,1199.15,-148.727,149.209,1132.1,-137.763,91.0416,1143.97,-124.363,92.4816,1130.09,-146.72,54.7513,1153.62,-129.385,48.4512,1157.19,-167.494,31.5601,1153.18,-134.861,10.4753,1197.79,-154.533,110.771,1197.13,-148.419,100.804,1207.06,-156.023,89.6402,1204.14,-163.478,101.999,0,0,0
017758:1123.95,-150.815,159.001,1126.28,-155.132,159.531,1131.28,-150.425,160.586,1136.55,-160.257,150.645,1146.17,-148.553,154.477,1131.98,-153.89,129.199,1158.31,-138.047,141.489,1102.59,-142.512,110.654,1170.83,-127.906,153.657,1093.99,-136.512,91.6736,1194.47,-147.412,151.479,1131.88,-138.205,90.8697,1146.42,-124.64,92.2509,1130.03,-147.303,55.9329,1155.7,-130.104,48.7937,1152.61,-166.861,28.9086,1148.96,-134.435,13.0891,1181.55,-151.256,116.4,1182.44,-144.483,106.246,1202.05,-151.302,89.7983,1209.6,-159.861,101.618,0,0,0
017759:1136.75,-153.974,157.841,1139.04,-158.235,158.088,1141.56,-153.03,159.722,1144.97,-162.255,149.069,1151.56,-149.5,153.561,1138.36,-155.024,127.691,1156.53,-139.019,140.601,1105.14,-142.838,109.482,1164.98,-127.271,145.063,1102.27,-137.942,90.2288,1194.47,-147.412,151.479,1134.22,-138.347,91.3904,1144.42,-124.782,93.5777,1127.43,-146.081,58.2792,1153.5,-128.495,52.7298,1147.58,-165.435,32.8101,1151.36,-134.115,14.625,1177.76,-149.41,121.573,1189.18,-145.314,109.283,1192.05,-149.794,95.5314,1182.38,-153.685,110.165,0,0,0
017760:1126.33,-153.748,158.754,1130.33,-158.026,158.783,1132.31,-152.747,160.579,1141.32,-161.98,149.249,1145.46,-149.167,154.435,1129.91,-153.619,129.387,1157.59,-138.974,141.746,1104.2,-142.916,110.34,1172.9,-128.303,154.635,1096.43,-135.396,90.9699,1181.81,-148.276,155.047,1134.42,-138.551,90.766,1148.64,-125.114,92.4435,1135.71,-148.732,54.4935,1149.47,-128.009,51.0513,1151.56,-166.409,28.7625,1151.28,-132.841,13.6268,1173.02,-146.549,124.654,1190.06,-142.029,111.026,1187.2,-144.493,103.236,1182.38,-149.795,111.728,0,0,0
017761:1135.37,-154.178,157.776,1137.36,-158.66,157.816,1138.6,-153.317,160.251,1142.49,-162.328,148.899,1143.52,-149.209,155.742,1130.59,-153.102,129.466,1155.06,-138.231,143.406,1106.09,-142.78,110.177,1172.9,-128.303,154.635,1097.47,-137.148,92.2513,1174.35,-148.776,156.442,1136.16,-138.45,92.1517,1149.36,-125.258,94.1376,1133.85,-147.214,58.4268,1149.5,-127.446,54.4369,1157.89,-166.515,28.4166,1155.12,-133.636,13.5941,1188.87,-146.534,121.183,1190.06,-142.029,111.026,1191.85,-144.185,103.279,1189.43,-149.338,111.459,0,0,0
017762:1136.88,-155.118,156.78,1137.74,-159.299,157.181,1141.24,-154.365,158.928,1143.21,-163.161,148.427,1150.21,-151.177,153.666,1137.95,-156.107,127.124,1158.98,-139.677,142.884,1106.1,-143.282,108.642,1168.18,-127.072,156.345,1103.93,-135.597,88.3084,1186.21,-149.63,155.902,1135.07,-138.883,90.8882,1144.92,-124.443,94.3183,1133.63,-148.715,56.5062,1149.74,-127.819,52.3967,1150.4,-166.319,29.7325,1147.93,-131.271,14.908,1187.01,-143.414,119.923,1195.99,-139.461,111.701,1202.14,-139.523,102.761,1211.86,-145.855,105.641,0,0,0
017763:1138.82,-154.824,158.343,1141.49,-159.459,158.384,1141.17,-153.967,160.24,1149.21,-164.317,148.265,1144.39,-150.972,154.759,1136.38,-155.609,127.902,1158.17,-140.05,142.193,1107.51,-143.182,108.585,1168.29,-127.071,156.768,1105.57,-135.721,88.8969,1182.95,-148.764,156.784,1137.07,-138.478,90.6808,1147.45,-124.532,93.3499,1137.72,-148.982,54.9515,1151.62,-127.48,50.2579,1155.68,-167.117,24.9072,1147.49,-132.253,13.0556,1194.02,-142.939,119.295,1198.92,-140.326,109.694,1200.63,-142.622,104.501,1195.96,-145.982,112.517,0,0,0
017764:1136.49,-157.288,158.032,1138.36,-161.659,158.248,1140.75,-156.015,159.959,1142.04,-165.24,149.32,1146.29,-151.728,154.656,1130.34,-156.468,129.132,1155.3,-139.115,144.406,1103.25,-143.51,110.557,1167.35,-126.647,159.468,1105.54,-136.409,90.0022,1178.53,-147.462,159.655,1136.65,-139.617,90.682,1148.2,-124.279,93.8106,1138.43,-149.592,54.7164,1153.54,-126.784,50.4348,1156.5,-167.742,24.9262,1148.19,-131.272,14.1075,1196.51,-142.802,121.814,1195.04,-137.399,114.661,1198.59,-139.825,107.204,1203.3,-144.507,112.043,0,0,0
017765:1140.56,-156.827,157.924,1142,-161.364,157.764,1144.19,-156.303,159.988,1141.07,-164.651,148.725,1148.08,-152.628,154.569,1130.24,-155.356,129.511,1151.11,-139.954,144.249,1103.45,-144.011,109.849,1169.29,-127.046,160.075,1100.88,-136.121,89.8043,1122.6,-131.831,169.117,1132.51,-138.771,92.761,1141.7,-124.698,95.9495,1133.21,-149.29,57.1129,1147.51,-127.318,53.6149,1153.95,-167.048,25.2519,1149.44,-131.614,14.8725,1189.34,-141.121,121.363,1205.02,-135.541,110.064,1241.47,-137.701,92.9701,1226.67,-142.855,103.476,0,0,0
017766:1134.5,-156.66,158.32,1137.42,-161.097,157.764,1136.09,-155.996,160.888,1144.07,-164.659,147.796,1140.98,-151.788,155.979,1130.67,-155.977,129.02,1151.85,-139.625,145.763,1107.89,-145.258,108.736,1164.65,-128.07,167.624,1106.83,-135.868,87.8628,1179.04,-145.859,163.992,1135.42,-140.547,93.9869,1144.57,-126.146,97.9073,1135.67,-150.004,59.2414,1153.92,-126.498,56.1459,1154.48,-166.311,27.0336,1153.68,-131.586,19.0144,1200.44,-139.27,121.28,1213.14,-132.786,111.697,1233.3,-133.278,99.0077,1236.52,-140.182,103.302,0,0,0
017767:1131.62,-156.147,158.59,1134.09,-160.795,158.505,1134.86,-155.648,160.787,1140.51,-165.568,148.929,1141.88,-152.887,155.401,1136.13,-158.056,127.432,1145.78,-140.595,144.209,1118.25,-145.563,106.284,1165.71,-125.803,165.884,1114.6,-133.897,89.3106,1178.44,-145.413,168.304,1138.97,-140.475,91.559,1142.01,-125.234,96.9699,1136.2,-149.755,59.2651,1153.98,-126.245,57.446,1155.01,-166.341,27.4462,1153.75,-129.69,18.5851,1203.27,-131.45,121.807,1207.12,-124.481,113.801,1217.83,-126.433,105.35,1218.82,-134.462,111.224,0,0,0
017768:1130.82,-157.75,157.378,1133.99,-162.254,157.4,1136.44,-156.795,159.195,1140.78,-166.447,148.763,1144.12,-153.037,154.335,1130.28,-156.972,129.604,1150.76,-140.562,144.053,1101.59,-148.972,115.409,1165.74,-125.803,166.024,1080.49,-137.281,104.755,1168.08,-145.581,169.3,1134.81,-140.546,94.0383,1143.58,-126.089,97.4872,1130.01,-150.137,60.4577,1150.15,-125.634,55.8845,1149.25,-166.255,27.5569,1150.29,-129.816,18.9325,1186.14,-128.524,130.787,1186.24,-120.83,122.83,1193.6,-120.476,113.26,1198.66,-128.104,120.27,0,0,0
017769:1134.21,-158.058,157.531,1136.96,-162.644,157.764,1139.45,-156.896,159.297,1142.37,-166.966,149.027,1145.33,-153.068,154.332,1134.2,-157.591,127.812,1151.24,-141.286,144.307,1118.01,-147.764,107.066,1180.82,-129.989,161.494,1104.69,-135.302,89.4263,1165.81,-143.104,173.193,1137.2,-140.715,92.9861,1144.28,-126.39,97.3513,1133.3,-150.057,60.8472,1156.47,-126.377,54.2224,1149.76,-165.824,29.9812,1157.46,-128.711,20.4939,1195.35,-127.831,131.404,1197.92,-118.837,125.386,1180.01,-112.83,119.36,1187.36,-123.12,124.161,0,0,0
017770:1147.11,-161.484,157.114,1146.6,-165.817,156.986,1150.15,-160.225,158.983,1139.78,-167.501,148.623,1149.71,-155.125,153.957,1126.65,-156.966,128.867,1146.15,-139.974,146.52,1125.24,-147.143,104.592,1159.04,-126.419,171.186,1113.67,-134.33,87.7083,1166.97,-143.613,177.034,1137.4,-140.47,92.4653,1147.56,-125.585,96.9314,1134.88,-150.286,59.0837,1147.89,-124.327,53.962,1154.33,-165.512,25.1384,1150.85,-129.652,19.7225,1186.74,-125.357,138.314,1202.3,-118.519,127.813,1193.13,-115.675,120.022,1185.17,-123.365,128.689,0,0,0
017771:1137.4,-160.461,157.869,1139.3,-164.957,157.589,1141.02,-159.214,159.684,1143.89,-168.504,147.685,1145.8,-154.845,154.037,1131.71,-158.703,128.123,1149.71,-141.245,145.215,1125.64,-148.796,105.505,1150.44,-127.128,172.891,1110.73,-135.755,89.3693,1165.56,-143.726,178.345,1140.58,-141.88,91.6756,1149.82,-126.521,96.1753,1140.03,-151.325,57.254,1151.41,-124.955,54.5482,1151.63,-166.593,24.3748,1145.68,-128.41,20.9324,1177.05,-124.023,141.573,1189.93,-117.478,134.957,1191.29,-114.921,124.804,1185.59,-120.364,127.373,0,0,0
017772:1135.28,-159.462,159.153,1137.28,-164.142,158.35,1140.48,-159.039,160.693,1141.68,-168.162,147.873,1145.76,-154.874,154.869,1130.73,-159.675,129.227,1145.31,-141.102,147.406,1125.62,-149.71,105.289,1149.36,-127.223,173.453,1112.88,-137.279,88.3754,1167.48,-143.604,179.076,1139.96,-143.91,95.2539,1146.5,-128.059,100.695,1138.63,-151.572,59.0218,1144.24,-123.701,61.3171,1152.76,-164.573,28.3246,1145.26,-125.379,28.4829,1178.5,-125.062,146.712,1194.01,-117.169,136.613,1196.4,-114.529,126.893,1177.84,-120.148,135.515,0,0,0
017773:1128.74,-159.88,158.872,1134.84,-164.444,158.147,1137.25,-159.061,159.8,1147.06,-169.076,148.022,1146.18,-154.925,153.81,1132.8,-161.031,130.062,1144.98,-141.633,145.733,1118.48,-152.899,110.818,1159.42,-129.617,171.818,1108.43,-143.685,101.111,1171.15,-143.363,179.773,1138.15,-145.22,95.8903,1142.34,-129.114,101.3,1146.53,-153.485,58.5021,1148.71,-124.247,61.7047,1161.46,-166.894,29.5393,1153.87,-123.55,26.4445,1193.23,-122.835,147.698,1200.03,-115.614,138.449,1191.91,-113.981,130.498,1184.19,-122.589,136.587,0,0,0
017774:1126.83,-158.114,158.761,1129.69,-163.015,158.713,1134.93,-157.77,160.176,1139.88,-168.698,148.66,1151.22,-155.579,153.378,1133.9,-161.178,127.916,1148.27,-142.383,145.843,1122.46,-149.638,105.919,1146.86,-126.387,175.289,1113.27,-135.796,89.0321,1159.27,-141.066,186.105,1137.78,-143.712,94.9219,1144.15,-127.639,100.576,1140.8,-152.418,63.5998,1146.76,-123.219,63.6174,1174.98,-164.921,33.0736,1160.96,-123.744,30.8619,1188.08,-125.519,155.198,1200.76,-116.797,147.365,1190.41,-113.229,136.564,1181.22,-121.864,137.469,0,0,0
017775:1135.91,-159.892,157.873,1136.46,-164.37,158.068,1140.32,-158.863,159.614,1141.71,-169.455,149.288,1147.97,-155.38,154.231,1137.07,-161.228,128.831,1146.33,-141.778,146.732,1133.19,-152.661,105.53,1163,-131.257,165.866,1144.84,-140.534,84.381,1162.91,-140.819,186.813,1144.97,-145.13,94.5249,1148.02,-129.171,100.655,1147.46,-153.657,61.5121,1148.77,-124.072,63.2735,1161.83,-162.406,29.6584,1155.52,-124.753,29.7132,1184.23,-125.906,160.511,1197.58,-117.09,149.058,1184.07,-113.797,138.121,1188.52,-123.291,140.622,0,0,0
017776:1148.7,-159.176,156.014,1164.9,-162.818,153.288,1140.7,-159.951,157.691,1173.06,-165.644,144.374,1108.68,-159.704,156.782,1180.29,-157.047,130.565,1089.15,-146.275,147.053,1187.66,-146.294,127.941,1141.38,-126.832,175.689,1148.79,-135.705,131.48,1155.83,-140.558,131.572,1174.13,-140.569,91.7196,1093,-131.843,109.39,1240.46,-147.38,33.8057,1059.42,-130.205,79.7655,1284.72,-155.477,-6.03249,1038.85,-132.498,61.0754,1190.07,-128.715,162.963,1199.1,-117.055,154.239,1194.57,-115.922,141.358,1169.54,-123.913,145.886,0,0,0
017777:1123.14,-159.358,160.267,1135.93,-163.225,158.604,1125.19,-159.487,160.692,1164.45,-167.178,146.21,1117.36,-159.011,156.118,1188.54,-158.268,129.551,1092.26,-146.672,148.376,1182.23,-146.886,130.488,1140.38,-126.906,175.433,1128.1,-134.896,141.318,1151.16,-137.247,139.016,1190.76,-141.498,88.6039,1104.84,-132.228,107.436,1236.35,-145.825,43.2788,1062.92,-129.517,86.724,1303.83,-157.512,-7.78481,1043.92,-132.569,63.4384,1190.6,-127.721,170.445,1215.3,-121.297,160.593,1198.44,-119.694,149.756,1174.22,-125.587,152.332,0,0,0
017778:1122.84,-158.647,158.77,1128.51,-163.164,158.1,1130.81,-158.814,159.572,1143.02,-168.804,147.813,1139.19,-157.772,154.039,1141,-161.216,127.09,1153.27,-142.673,145.58,1149.53,-149.586,100.21,1147.5,-130.557,173.061,1124.44,-136.315,87.0354,1151.31,-133.673,187.426,1140.44,-143.869,95.2346,1136.28,-128.35,101.245,1139.7,-151.97,58.0197,1150.46,-122.949,56.3132,1159.48,-167.453,19.5937,1166.05,-123.874,14.6481,1199.78,-131.361,172.348,1261.48,-135.118,159.138,1266.01,-138.802,153.219,1210.35,-133.838,166.082,0,0,0
017779:1138.28,-162.582,156.831,1141.26,-167.348,156.479,1143.3,-161.594,158.665,1143.22,-171.157,148.056,1147.89,-157.348,153.968,1133.8,-162.632,129.668,1146.05,-143.964,147.206,1120.79,-153.262,108.948,1140.33,-131.128,174.205,1103.54,-139.089,96.8045,1144,-134.277,190.173,1138.34,-145.622,97.9288,1142.51,-129.402,104.547,1145.23,-154.032,64.6262,1144.8,-122.98,67.2714,1148.1,-165.971,26.9526,1150.82,-123.048,24.6656,1190.21,-131.063,176.446,1248.47,-133.229,168.31,1236.56,-133.971,167.573,1185.02,-129.981,175.11,0,0,0
017780:1141.79,-164.316,157.68,1141.96,-168.241,157.342,1145.56,-163.045,159.184,1140,-170.111,148.469,1144.33,-157.624,154.462,1141.41,-163.127,126.899,1137.67,-143.609,150.142,1132.67,-153.451,104.734,1132.01,-131.763,173.734,1120.4,-138.916,88.244,1141.27,-133.106,191.147,1144.29,-145.144,94.6778,1140.09,-128.404,103.527,1144.79,-153.368,58.7383,1159.55,-124.06,58.0812,1153.51,-166.853,26.0268,1161.77,-122.281,14.8892,1182.28,-131.806,185.855,1230.74,-133.549,179.074,1228.29,-135.694,177.249,1180.52,-131.437,184.13,0,0,0
017781:1142.65,-164.249,156.127,1144.64,-168.666,155.995,1144.44,-162.562,158.326,1147.02,-172.162,146.96,1144.51,-157.597,153.879,1143.29,-164.359,126.433,1140.03,-144.1,147.644,1127.25,-155.566,108.006,1131.21,-131.811,172.914,1104.55,-141.329,99.9157,1143.51,-132.661,190.593,1146.49,-145.223,92.2678,1143.03,-127.827,100.163,1144.75,-153.312,57.5388,1153.84,-121.744,56.0373,1154.87,-167.464,22.9509,1151.61,-122.445,20.3492,1196.11,-136.139,186.489,1236.23,-137.651,186.424,1208.07,-134.364,189.775,1165.4,-131.704,189.766,0,0,0
017782:1136.88,-162.314,157.529,1140.36,-167.138,156.843,1141.16,-161.35,159.258,1144.07,-171.772,147.64,1141.98,-156.928,155.035,1135.74,-163.636,129.099,1135.03,-144.269,150.784,1118.25,-154.104,111.346,1126.45,-132.191,173.725,1097.32,-141.856,104.108,1144.91,-133.801,193.804,1145.35,-147.426,95.9871,1144.95,-130.434,104.617,1142.7,-154.403,59.8077,1151.04,-121.816,66.3788,1157.05,-166.193,24.7916,1159.76,-120.181,23.3829,1184.04,-136.053,194.115,1225.57,-139.934,184.303,1223.24,-141.112,186.183,1187.42,-138.811,193.785,1087.52,-139.717,265.726
017783:1142.57,-162.694,151.456,1150.99,-167.226,150.211,1143.3,-161.78,154.217,1159.27,-171.11,142.305,1140.55,-157.135,152.472,1142.03,-163.503,126.731,1143.34,-143.724,146.811,1139.57,-153.048,103.757,1140.04,-134.015,171.876,1128.16,-138.797,85.477,1137.32,-133.118,195.814,1146.6,-147.36,92.8587,1148.62,-130.024,99.2855,1133.46,-155.12,59.9085,1148.26,-122.228,59.259,1148.02,-166.547,18.3997,1159.22,-119.633,15.876,1173.24,-138.062,205.409,1184.64,-147.766,200.686,1199.26,-147.883,208.12,1170.1,-139.308,209.278,1087.33,-139.72,265.159
017784:1139.46,-163.198,156.517,1143.54,-167.808,155.339,1141.13,-162.547,158.868,1150.24,-171.392,145.127,1143.1,-157.817,154.532,1137.9,-164.006,127.866,1138.97,-144.399,148.911,1148.06,-154.205,101.506,1134.41,-134.582,171.324,1131.27,-140.045,84.6961,1128.8,-132.904,194.467,1142.31,-147.168,94.4714,1144.57,-129.858,101.092,1139.23,-154.472,57.6018,1148.01,-122.081,57.9785,1152.31,-165.886,22.9008,1153.29,-119.425,21.3459,1166.77,-139.692,212.997,1176.82,-148.401,210.14,1197.52,-148.124,217.653,1187.51,-139.165,217.847,1086.63,-139.731,262.814
017785:1139.78,-163.539,155.647,1143.5,-168.207,155.75,1142.45,-162.075,158.28,1150.35,-172.879,147.017,1146.12,-157.454,154.278,1135.38,-164.758,128.439,1144.67,-145.956,147.418,1128,-152.874,106.232,1143.27,-136.642,170.346,1107.08,-138.893,92.1421,1125.89,-131.794,196.101,1135.84,-147.595,95.0267,1141.68,-130.905,100.696,1138,-155.09,58.8597,1150.13,-122.604,58.3478,1155.86,-165.608,20.7338,1160.67,-118.41,20.0326,1162.62,-142.14,217.829,1176.54,-152.708,217.047,1177.03,-148.624,227.419,1170.11,-138.607,225.962,1089.57,-140.664,260.585
017786:1142.87,-163.589,156.535,1147.35,-168.048,155.624,1144.52,-162.539,158.506,1152.02,-171.481,145.688,1144.02,-158.334,153.589,1141.12,-164.743,126.762,1141.32,-145.92,147.033,1132.23,-152.513,104.311,1136.83,-135.982,172.231,1135.17,-137.891,83.9474,1131.72,-132.483,195.542,1145.95,-147.418,92.5805,1146.65,-130.702,100.346,1146.6,-155.999,57.1862,1148.66,-120.8,59.2495,1148.73,-166.782,25.7953,1152.7,-117.378,25.1192,1162.76,-143.272,224.339,1175.13,-158.143,226.731,1173.92,-154.654,237.614,1176.59,-142.102,235.103,1089.18,-140.67,259.45
017787:1138.27,-163.562,157.362,1140.45,-167.901,157.108,1142.02,-162.533,159.358,1147.25,-172.054,147.218,1146.98,-158.078,154.162,1138.96,-165.821,127.95,1144.48,-146.603,147.703,1135.64,-155.088,105.535,1133.39,-135.83,171.53,1125.3,-142.85,87.1304,1124.33,-131.384,195.019,1136.2,-148.598,95.6094,1139.69,-131.699,102.135,1139.09,-156.047,57.8025,1152.55,-122.6,58.9917,1151.56,-165.29,29.0094,1156.11,-119.254,25.031,1150.74,-144.182,229.726,1164.28,-157.87,236.1,1161.73,-152.738,248.746,1164.5,-141.169,242.573,1088.68,-140.678,257.666
017788:1134.82,-163.741,159.184,1138.89,-167.99,158.615,1141.3,-163.23,160.406,1145.98,-171.855,148.608,1148.87,-159.254,154.245,1135.67,-165.34,129.383,1141,-147.014,148.115,1131.84,-153.325,105.346,1137.51,-136.093,170.258,1121.08,-139.343,88.1976,1124.07,-131.49,195.851,1141.66,-147.807,93.1985,1144.73,-131.083,99.3283,1139.21,-155.214,56.9299,1152.66,-122.277,56.4155,1153.44,-165.9,20.8723,1157.37,-117.984,21.0198,1140.28,-146,234.578,1154.84,-158.47,238.968,1139.61,-153.314,255.919,1147.89,-141.46,246.599,1091.63,-141.616,255.421
017789:1135.23,-163.634,157.154,1139.69,-168.275,157.052,1138.5,-162.264,159.351,1148.78,-173.254,147.861,1146.81,-158.148,154.162,1139.38,-166.129,128.58,1148.02,-148.002,146.483,1132.34,-154.779,106.445,1139.58,-137.772,168.552,1121.97,-140.119,87.9956,1121.47,-131.942,194.299,1142.5,-148.155,92.7713,1149.63,-131.55,98.5194,1133.29,-154.842,58.7935,1147.89,-121.786,59.7771,1149.81,-166.731,17.3375,1161.03,-115.953,16.5126,1132.35,-142.543,239.277,1137.12,-156.568,245.505,1142.04,-153.173,257.231,1143.52,-139.987,251.182,1091.09,-141.625,253.674
017790:1134.7,-164.409,157.284,1139.34,-168.598,157.269,1139.72,-162.796,158.973,1147.17,-172.932,148.305,1144.78,-157.933,153.905,1139.36,-166.781,128.43,1143.48,-147.72,146.839,1138.14,-155.96,104.369,1135.75,-136.637,168.299,1137.02,-142.24,83.8463,1121.32,-131.913,191.271,1142.16,-149.249,93.5932,1145.1,-132.464,99.8127,1142.32,-155.293,57.7849,1150.77,-122.388,58.6841,1153.91,-165.971,19.4781,1163.3,-116.684,17.9314,1117.01,-141.561,236.37,1116.78,-153.826,246.495,1110.69,-148.861,259.975,1122.73,-137.818,252.059,1094.55,-141.342,251.979
017791:1153.92,-164.129,154.276,1163.23,-168.246,153.445,1146.02,-163.285,156.805,1171.17,-172.286,144.953,1114.48,-161.119,157.227,1178.2,-163.741,129.305,1094.87,-152.061,147.68,1176.88,-151.648,129.948,1085.5,-141.42,147.474,1135.06,-140.98,138.317,1115.02,-132.592,142.539,1181.03,-145.46,87.1461,1103.71,-135.644,105.901,1253.34,-148.231,30.227,1058.97,-129.899,79.6082,1327.29,-156.752,-24.1967,1023.43,-127.818,58.7577,1109.16,-139.047,236.576,1100.33,-150.163,245.075,1098.73,-144.02,258.421,1106.58,-132.869,247.094,1093.85,-141.353,249.617
017792:1140.87,-165.202,155.104,1144.17,-168.768,155.779,1141.97,-163.914,157.51,1141.77,-171.35,150.368,1142.78,-160.107,156.05,1146.04,-167.218,129.804,1147.75,-149.669,147.259,1138.36,-154.866,103.647,1128.17,-138.837,171.85,1129.29,-142.705,89.123,1118.3,-137.418,193.436,1150.43,-148.922,93.5462,1148.34,-132.572,101.387,1143,-155.459,56.876,1156.63,-119.694,56.1925,1164.59,-166.835,15.3954,1161.18,-114.859,19.1996,1097.83,-138.388,233.608,1089.53,-146.287,239.75,1090.57,-140.419,250.662,1095.08,-131.573,244.528,1081.88,-137.388,244.559
017793:1140.87,-165.202,155.104,1144.01,-168.771,155.135,1141.97,-163.914,157.51,1145.93,-171.126,149.558,1142.59,-160.113,155.452,1146.04,-167.218,129.804,1143.61,-149.95,148.07,1138.36,-154.866,103.647,1128.2,-138.834,171.81,1125.02,-143.011,89.4784,1114.18,-137.725,193.485,1150.43,-148.922,93.5462,1148.15,-132.58,100.777,1142.82,-155.468,56.2623,1152.51,-118.747,56.5597,1164.59,-166.835,15.3954,1161.61,-113.52,19.7918,1089.55,-135.334,229.325,1074.35,-141.37,235.906,1070.92,-135.865,244.963,1086.12,-129.787,239.121,1066.33,-131.37,237.648
017794:1140.87,-165.202,155.104,1139.84,-169.004,155.974,1141.97,-163.914,157.51,1141.77,-171.35,150.368,1142.43,-160.116,154.809,1141.71,-167.456,130.02,1143.26,-149.958,146.827,1141.83,-155.891,101.497,1124.53,-139.131,173.767,1128.79,-142.717,87.2278,1107,-137.077,195.975,1154.1,-149.945,92.05,1151.98,-133.561,99.9482,1146.87,-155.201,54.5386,1152.07,-120.069,55.974,1164.18,-168.164,15.5458,1165.6,-114.484,18.7326,1070.46,-132.016,226.719,1059.48,-135.332,230.802,1052.09,-129.014,237.991,1062.9,-125.665,233.993,1051.71,-123.041,231.404
017795:1140.68,-165.208,154.507,1139.84,-169.004,155.974,1141.78,-163.92,156.912,1141.58,-171.356,149.77,1146.16,-161.142,154.131,1146.04,-167.218,129.804,1143.26,-149.958,146.827,1138.39,-154.862,103.603,1123.96,-139.146,171.994,1124.7,-143.016,88.1911,1101.89,-138.643,193.712,1149.89,-150.228,93.0158,1151.66,-134.865,100.02,1146.87,-155.201,54.5386,1152.07,-120.069,55.974,1168.57,-167.915,14.3027,1169.92,-114.092,17.5263,1061.85,-130.245,221.3,1048.18,-131.465,226.433,1040.35,-125.214,231.909,1050.7,-123.059,227.939,1027.53,-115.844,229.768
017796:1140.13,-166.48,153.94,1143.42,-170.047,154.614,1141.22,-165.193,156.344,1145.34,-172.404,149.038,1146,-161.145,153.487,1149.49,-168.273,127.765,1147.04,-150.961,146.082,1142.18,-155.881,102.753,1124.37,-139.133,173.136,1120.48,-143.315,88.5076,1094.88,-137.992,196.103,1146.05,-149.215,93.8962,1147.64,-133.889,100.237,1146.87,-155.201,54.5386,1152.07,-120.069,55.974,1160.28,-165.782,15.2314,1165.71,-113.144,17.9945,1066.88,-130.87,213.157,1056.15,-130.594,214.908,1050.38,-126.399,217.096,1057.81,-125.755,216.516,1004.38,-108.841,229.275
017932:246.764,170.952,1.87724
