017053:935.398,110.863,149.904,934.248,107.522,153.985,941.028,113.084,152.261,940.305,99.6048,152.505,960.051,112.278,148.303,952.101,90.3234,131.304,964.599,109.073,131.215,923.031,87.4043,109.227,988.49,121.127,106.684,914.015,92.4963,88.9706,988.747,138.415,101.56,958.388,85.96,79.6814,961.637,100.198,81.6684,920.587,106.496,53.8313,959.361,100.728,44.1764,922.209,105.722,18.8001,988.428,83.6802,12.2987,903.42,118.828,51.29,899.258,133.87,48.6417,891.227,135.288,37.9495,894.279,122.119,38.6759,0,0,0
017054:933.533,110.36,149.643,933.319,107.386,153.445,938.723,112.675,151.995,941.823,100.465,151.792,957.357,112.445,148.333,950.634,91.3099,132.189,965.173,109.19,131.595,922.968,87.4053,108.99,984.115,121.755,108.445,913.548,93.3696,88.9293,988.772,138.591,102.078,958.388,85.96,79.6814,960.559,100.324,81.9574,920.587,106.496,53.8313,957.51,100.263,44.4708,914.97,107.674,19.6261,988.147,84.0574,11.9438,895.909,119.467,53.3549,900.669,134.87,48.4827,899.133,137.733,34.6622,888.067,123.089,40.5579,0,0,0
017055:939.21,111.514,148.728,936.964,108.211,153.015,944.01,113.703,151.315,942.759,100.558,151.891,963.513,112.948,147.605,949.736,91.4492,132.846,965.617,109.308,131.492,926.173,88.2854,107.41,983.913,122.113,108.494,912.188,95.1754,89.3005,988.794,138.591,102.16,960.651,86.5211,79.159,957.794,100.998,83.0897,917.482,106.853,54.664,956.05,100.281,45.0773,914.97,107.674,19.6261,988.528,84.359,11.8254,896.789,121.309,53.0753,899.279,137.432,49.2064,892.841,138.982,37.297,888.83,123.672,40.8181,0,0,0
017056:933.975,111.163,149.912,931.741,107.853,154.212,940.372,113.851,151.838,937.676,100.362,153.121,960.572,114.215,147.533,950.653,91.8586,133.004,966.951,109.663,131.183,922.212,89.4455,108.172,980.61,122.444,109.407,909.447,96.0115,90.1446,983.173,139.08,103.559,963.149,87.7384,78.7493,957.609,101.356,83.1395,916.345,107.147,54.9147,956.861,100.697,44.8536,917.879,109.142,17.804,988.91,84.6607,11.7069,896.667,124.233,53.3666,898.884,139.257,50.05,888.179,140.082,39.6989,892.34,126.057,40.1769,0,0,0
017057:930.945,111.661,150.712,928.419,108.381,155.119,937.89,114.22,152.813,934.611,101.074,153.759,961.974,114.228,147.775,948.611,92.9337,133.423,968.732,110.138,130.769,917.089,90.2711,109.513,981.427,123.052,109.6,910.778,96.9815,89.4603,982.613,139.128,103.698,959.4,87.1968,79.8466,956.482,101.84,83.9193,914.455,107.85,55.1316,956.768,100.877,44.8811,916.971,109.906,18.0098,990.331,85.0073,11.2654,893.929,126.329,55.2708,897.938,140.663,51.6977,885.213,141.954,40.7128,893.457,128.715,40.6301,0,0,0
017058:930.967,112.012,151.102,930.407,108.825,154.856,936.729,114.508,153.222,938.839,101.753,152.819,956.972,114.754,148.869,940.589,94.019,135.606,966.498,110.55,131.374,918.285,90.6017,108.955,982.336,123.3,109.378,912.306,97.9507,89.4959,984.881,139.774,103.134,959.432,88.0322,79.5767,952.738,102.275,84.9199,920.209,109.654,53.1707,957.237,100.993,44.8315,915.151,110.61,18.6118,990.331,85.0073,11.2654,893.787,126.324,54.8165,897.824,141.806,52.017,884.942,142.63,41.2654,895.456,129.486,40.2624,0,0,0
017059:927.384,111.602,151.105,926.12,108.467,155.211,936.178,114.294,152.743,934.989,102.084,153.465,965.699,115.3,146.831,941.5,94.8602,135.27,964.428,111.612,131.942,918.095,90.778,108.583,981.643,123.711,109.809,912.971,98.6962,89.6678,986.333,140.16,103.122,957.348,88.3036,80.3413,949.072,102.709,86.1016,918.339,110.353,53.5387,957.237,100.993,44.8315,910.024,111.832,19.7866,990.361,85.0083,11.3624,894.79,127.54,55.4644,898.897,143.321,51.8777,884.635,143.646,42.4122,898.865,130.449,39.7972,0,0,0
017060:932.459,113.999,151.02,931.944,111.312,155.008,939.859,116.166,152.935,935.69,103.871,154.684,963.95,115.302,147.827,936.84,94.0115,136.794,962.815,111.787,132.316,914.666,91.6831,108.906,981.008,123.944,110.051,913.537,99.4414,89.5007,987.073,140.775,103.114,956.279,88.4382,80.6294,948.52,102.771,86.1627,919.04,110.591,52.7299,957.237,100.993,44.8315,910.304,112.941,19.3197,985.698,83.8537,13.0844,894.956,128.973,55.4996,896.695,144.181,53.3797,890.242,145.717,41.4536,897.928,131.815,39.5018,0,0,0
017061:924.487,113.291,151.504,921.749,110.493,155.905,934.794,115.748,152.833,924.837,104.017,155.602,965.842,115.654,146.753,940.274,94.9832,134.897,959.522,112.67,133.779,913.99,92.9017,108.746,981.484,124.068,110.022,914.986,101.222,89.0103,981.324,141.431,104.439,954.679,88.6396,81.0609,949.724,103.298,85.7553,917.969,110.708,52.8761,957.706,101.11,44.7817,905.318,114.438,19.6726,985.719,83.8531,13.169,891.499,130.925,56.5382,899.405,146.361,53.2543,895.972,148.599,40.8538,895.03,134.525,40.6892,0,0,0
017062:921.27,113.841,153.052,920.388,110.992,157.097,930.763,116.54,154.472,927.138,104.129,155.841,959.822,116.804,148.47,940.965,95.5583,134.767,958.512,113.609,134.014,911.985,93.1555,109.262,979.821,124.231,110.429,911.753,101.756,89.495,975.552,143.093,105.859,954.154,88.708,81.2164,949.101,103.537,85.9221,915.269,111.173,53.507,958.154,101.228,44.6498,900.48,115.113,20.6329,985.786,83.8568,13.3745,892.306,131.165,56.2959,901.178,148.47,53.2755,901.985,151.637,39.4955,893.348,135.986,41.598,0,0,0
017063:926.792,113.966,152.04,925.564,110.824,156.104,934.721,116.749,153.773,931.505,103.888,154.588,960.456,117.229,148.139,940.123,95.9316,134.996,962.824,115.332,133.743,913.712,94.3995,108.792,979.64,124.587,110.56,908.734,102.119,90.3158,974.933,143.496,106.524,949.464,89.312,82.7829,949.297,104.007,85.6685,915.157,111.348,53.4548,957.52,101.471,44.8369,899.281,116.211,20.4759,988.571,84.5527,12.2656,890.935,132.911,57.0593,901.968,148.892,53.3234,894.327,151.811,42.4908,889.402,136.708,43.8293,0,0,0
017064:920.676,114.14,152.478,918.407,111.248,156.882,930.024,117.259,154.047,923.613,104.547,156.238,959.434,118.317,148.123,938.881,96.6101,135.124,959.511,115.849,134.51,913.753,96.3558,109.035,979.538,124.766,110.585,905.573,102.824,91.2593,977.731,144.272,106.263,947.388,89.5803,83.457,942.949,104.737,87.3661,912.998,111.752,54.0112,955.81,101.656,45.0315,900.202,117.086,20.0046,988.63,84.5548,12.4594,894.188,134.56,57.6374,900.268,149.532,54.3194,890.219,152.482,44.3005,889.887,138.598,44.3008,0,0,0
017065:922.34,115.789,152.862,921.943,113.432,156.867,929.72,117.971,154.757,925.484,106.567,156.607,953.783,116.766,149.619,935.939,97.137,137.055,957.907,116.018,134.88,913.855,96.9858,108.814,979.538,124.766,110.585,901.866,103.588,92.1,977.205,144.32,106.496,947.807,89.693,83.2577,943.777,104.971,86.9729,913.836,111.986,53.7621,956.912,101.53,44.795,896.774,119.728,20.7446,988.066,84.6258,12.6346,895.269,135.263,57.5672,900.165,149.701,54.3501,894.684,154.847,43.4898,887.411,140.138,46.254,0,0,0
017066:934.57,119.046,149.313,934.238,116.67,153.232,936.696,120.19,152.409,937.194,109.244,153.171,950.064,116.439,150.271,939.314,98.6999,135.147,957.789,116.194,134.823,914.315,97.9019,108.599,977.326,124.981,111.127,900.56,105.196,92.3727,977.205,144.32,106.496,945.698,89.9581,83.8257,943.664,105.148,86.9174,913.836,111.986,53.7621,955.815,101.653,45.0888,895.973,120.13,20.5611,988.066,84.6258,12.6346,891.66,136.904,59.3469,903.36,153.467,53.98,891.33,155.763,44.8952,886.993,141.78,46.6511,0,0,0
017067:925.814,118.128,150.86,924.169,115.537,154.995,931.187,119.781,153.292,927.139,108.251,154.597,951.703,117.447,149.386,936.441,98.1692,135.415,955.509,116.415,134.854,915.869,98.5219,108.102,980.555,125.852,110.598,903.867,107.533,90.8323,971.576,144.958,107.977,943.596,90.2225,84.3922,942.61,105.269,87.1994,913.184,112.217,53.7704,956.629,102.066,44.9228,892.925,120.453,21.4525,985.662,85.0928,13.1692,889.431,139.193,60.1795,906.407,155.799,53.4915,890.153,157.143,45.8792,889.115,143.198,46.3963,0,0,0
017068:929.446,119.884,150.428,927.638,117.464,154.573,934.391,121.311,153.089,928.021,110.004,154.64,952.552,118.152,149.704,935.527,98.7183,135.658,949.2,114.741,135.598,911.609,99.3605,108.949,979.447,125.959,110.869,902.851,108.279,90.4949,970.461,145.225,108.614,938.113,91.2337,85.5838,945.186,106.143,86.7553,910.952,112.618,54.0632,956.004,102.13,44.7539,892.729,121.433,20.9727,983.298,85.3705,13.4806,890.67,139.732,60.291,903.343,156.847,54.5087,889.642,159.578,46.17,886.92,144.344,46.7058,0,0,0
017069:925.029,118.906,151.255,925.114,116.34,155.211,933.752,121.001,152.965,929.457,108.504,154.635,958.691,119.379,147.385,932.472,98.613,137.622,955.924,116.534,134.673,910.612,100.287,108.956,978.893,126.012,111.005,903.672,108.508,90.2711,968.838,145.364,109.117,938.462,91.3475,85.1456,941.784,106.675,87.1634,909.262,113.136,54.652,952.61,102.502,45.1674,893.507,121.672,20.548,982.737,85.4409,13.6549,896.292,142.254,58.5194,906.442,158.38,54.19,887.211,159.775,47.2194,889.865,146.805,46.3867,0,0,0
017070:927.07,119.524,149.906,927.21,116.645,153.713,932.109,121.529,152.693,930.458,108.288,153.478,947.215,119.527,150.171,934.092,99.913,136.133,955.564,117.061,134.488,908.111,100.59,109.601,972.901,126.599,112.743,897.627,110.166,91.8101,968.838,145.364,109.117,935.147,91.7338,85.3556,943.522,107.142,86.6988,905.638,114.513,55.6316,952.589,102.503,45.0856,893.507,121.672,20.548,982.737,85.4409,13.6549,893.417,143.155,59.5431,906.375,159.52,54.8343,888.128,162.248,47.2725,890.527,147.39,46.4352,0,0,0
017071:921.632,119.997,152.03,920.248,117.168,156.048,930.271,122.088,153.899,923.69,109.483,155.072,954.224,120.533,148.867,933.258,100.266,136.593,952.7,117.513,134.77,909.061,101.443,109.26,972.382,126.653,112.972,898.429,111.366,91.6898,969.997,146.102,109.003,935.147,91.7338,85.3556,943.843,107.437,86.5271,906.73,114.866,54.6961,953.013,102.621,44.8724,895.145,122.148,20.0138,982.177,85.5112,13.829,890.637,144.055,60.8355,902.055,160.17,56.1222,891.63,163.739,46.6986,892.523,148.526,46.8746,0,0,0
017072:921.212,119.769,151.961,921.066,117.085,155.597,929.603,122.062,153.924,924.694,109.209,154.72,950.435,120.485,149.769,930.338,100.498,136.969,952.604,117.688,134.792,906.365,101.913,109.567,970.767,126.813,113.467,897.478,112.447,92.2836,968.358,147.068,109.409,933.994,91.8603,85.2681,943.251,107.498,86.4275,908.138,115.332,53.3353,952.992,102.621,44.7905,895.716,122.733,19.5702,982.177,85.5112,13.829,886.232,144.458,62.4417,901.949,160.338,56.1538,896.428,165.933,44.8031,889.437,150.215,47.2027,0,0,0
017073:917.905,120.555,152.322,920.536,118.678,155.643,924.98,122.655,154.953,927.946,112.276,153.956,945.503,120.757,151.049,936.866,102.249,135.32,952.412,118.038,134.837,907.135,103.11,109.272,970.061,127.219,113.812,896.025,112.613,92.8319,967.808,147.113,109.545,932.93,91.9892,85.4565,941.136,107.734,86.9798,907.479,115.391,52.921,955.159,103.211,43.8864,892.4,123.393,20.2642,980.755,86.2065,14.1658,889.683,146.537,61.2505,894.139,160.913,57.8826,893.553,165.024,45.4354,892.235,151.098,46.2745,0,0,0
017074:919.11,120.789,151.777,920.121,118.316,155.39,928.583,123.521,153.808,926.181,110.852,153.673,951.012,122.634,149.03,935.99,102.459,134.87,949.285,119.188,135.564,907.02,103.282,109.205,968.968,127.324,114.079,897.178,112.954,92.3082,969.093,147.677,109.486,938.03,93.5143,84.0782,940.51,107.793,86.7753,906.491,116.14,52.7766,956.499,103.564,43.4903,893.079,126.057,19.1409,981.223,86.3218,14.0204,887.284,147.383,61.9635,893.041,160.988,57.9109,889.812,165.446,46.2864,889.423,151.984,47.5395,0,0,0
017075:918.818,121.564,151.617,919.755,119.14,155.236,929.512,124.2,153.344,924.467,111.658,154.006,953.205,123.067,148.512,934.237,103.18,135.28,951.744,120.083,134.826,907.993,104.137,108.954,966.482,128.064,114.686,895.501,114.259,92.5711,970.17,148.773,109.832,935.802,93.7677,84.1814,943.404,108.789,85.8135,906.702,116.432,52.2726,961.521,104.864,42.3613,893.335,126.347,18.8549,980.664,86.3917,14.1943,885.64,147.68,62.2697,887.414,161.407,59.2935,896.217,167.695,44.7342,885.826,152.733,47.6116,0,0,0
017076:915.363,121.997,151.607,918.172,119.646,155.035,923.801,124.832,154.038,924.31,112.318,153.707,944.567,123.83,150.087,936.071,104.06,134.973,945.801,121.036,136.364,908.551,105.683,108.561,965.635,128.646,114.893,894.738,115.453,92.2668,971.422,149.341,109.625,937.642,95.0371,83.8281,943.538,109.437,85.6923,906.54,116.606,52.051,960.726,105.465,42.7587,885.291,127.63,20.5609,981.111,86.5076,13.9646,881.671,148.024,63.4497,889.675,164.1,59.0994,890.615,167.921,46.0567,883.449,153.059,47.3636,0,0,0
017077:916.722,122.264,150.902,918.594,119.821,154.497,924.166,125.194,153.604,924.245,112.572,153.328,943.344,124.656,150.117,933.462,104.178,135.236,948.32,121.758,135.527,903.562,106.268,109.852,966.288,129.246,114.633,891.809,116.576,93.053,971.801,149.473,109.274,937.436,95.3905,83.7839,943.402,109.615,85.5568,903.793,117.682,51.9768,963.063,106.058,42.4238,885.291,127.63,20.5609,977.206,86.9954,15.179,886.365,149.518,61.8051,890.311,166.113,58.9095,887.631,168.135,47.1598,878.726,154.609,50.427,0,0,0
017078:918.483,124.116,150.737,921.692,121.862,153.849,925.728,126.277,153.285,928.149,114.543,152.065,944.666,124.198,149.567,932.319,105.079,135.241,947.821,121.812,135.742,904.142,106.839,109.453,964.453,129.754,115.081,890.648,118.447,92.7088,971.801,149.473,109.274,939.652,96.6028,82.7258,941.705,109.968,85.9271,906.093,118.732,51.3411,959.609,106.602,43.1329,884.267,127.731,20.7965,976.529,87.2485,15.2844,885.954,150.981,61.9279,892.381,167.39,58.2911,884.215,169.806,48.4282,878.691,155.229,50.0247,0,0,0
017079:925.13,126.415,148.521,926.199,124.001,152.126,928.599,127.616,151.815,928.404,116.284,152.055,941.269,123.726,150.231,934.26,105.985,134.976,945.122,122.082,136.117,903.378,109.01,109.224,962.817,130.913,115.683,889.699,119.175,92.6623,971.801,149.473,109.274,939.492,96.78,82.4969,942.829,110.499,85.282,905.292,118.953,50.8813,959.745,107.082,42.6207,882.67,127.882,20.9344,975.874,87.5008,15.4736,883.925,151.94,62.4327,894.739,168.174,57.4197,879.767,170.122,49.9967,877.525,156.264,50.1854,0,0,0
017080:930.037,126.964,147.525,931.015,124.95,151.024,934.617,128.109,150.494,934.292,117.062,150.74,945.301,123.58,149.115,932.4,105.694,135.233,945.057,122.083,135.879,903.001,109.696,109.239,962.817,130.913,115.683,886.802,119.944,92.8731,971.801,149.473,109.274,938.22,97.0807,82.3554,938.962,111.081,86.021,903.023,119.513,51.3652,958.658,107.203,42.9422,883.157,128.465,20.2493,975.844,87.4998,15.3775,884.017,152.565,62.4058,893.319,168.747,57.5097,876.165,171.155,50.7735,878.095,158.263,49.7285,0,0,0
017081:922.722,126.586,148.999,924.372,124.505,152.427,925.482,128.188,152.346,929.69,116.979,151.782,935.649,124.841,150.972,927.319,106.291,136.497,945.036,122.083,135.8,901.74,110.323,109.566,963.258,131.038,115.575,884.481,120.831,93.5104,973.559,149.997,108.754,938.444,97.3713,81.8362,937.587,111.721,86.2621,904.384,120.335,50.5299,960.201,107.863,41.852,883.117,128.467,20.0924,975.844,87.4998,15.3775,883.933,154.151,62.182,888.491,170.188,58.8539,877.95,172.596,49.7097,874.501,159.488,50.8205,0,0,0
017082:921.347,127.103,148.12,924.883,125.488,151.339,926.302,128.913,151.277,928.848,117.804,151.131,937.785,124.844,149.847,927.612,107.445,135.258,943.985,122.191,136.045,905.905,112.098,108.24,965.402,131.664,114.796,887.746,122.389,92.3969,972.881,150.218,108.851,936.877,97.5606,82.2626,936.962,111.953,86.416,904.482,121.612,49.8202,958.568,108.045,42.3354,882.676,128.98,19.6121,976.394,87.6128,15.5691,879.572,154.972,63.1842,888.867,171.737,58.5418,879.454,173.746,48.7312,875.263,160.368,50.1708,0,0,0
017083:924,129.097,147.741,924.773,126.831,151.477,926.933,130.278,151.268,928.115,118.907,151.272,937.531,126.044,150.054,924.535,108.222,135.465,945.385,123.019,135.27,904.53,112.722,108.222,965.402,131.664,114.796,886.453,123.171,92.9468,973.283,150.35,108.58,935.313,97.7497,82.6882,937.164,112.602,86.5065,904.204,121.958,49.5491,958.202,108.583,42.149,879.159,129.958,20.1847,976.394,87.6128,15.5691,878.029,156.668,63.5458,887.784,172.264,57.9345,877.527,174.956,48.7285,875.4,161.281,49.2844,0,0,0
017084:920.751,129.025,147.766,922.84,126.82,151.223,924.151,130.526,151.366,926.27,118.499,150.968,935.094,126.582,150.101,920.081,107.858,135.591,944.28,123.941,135.178,902.085,113.63,108.511,964.517,131.414,115.012,886.27,123.508,92.9975,973.261,150.35,108.499,932.917,98.5299,83.155,934.491,113.067,87.3408,903.48,122.355,49.6681,957.483,108.822,42.0669,881.632,131.145,18.7747,976.394,87.6128,15.5691,879.998,157.921,62.679,886.69,172.33,57.9635,876.706,175.316,48.6006,873.591,161.729,49.3464,0,0,0
017085:925.257,130.307,146.898,924.258,128.447,151.22,928.617,131.477,150.315,921.185,120.422,152.472,937.71,126.683,149.125,917.993,108.362,134.793,944.471,124.409,134.966,899.488,113.904,108.798,967.151,130.978,113.691,887.945,124.601,92.3733,973.261,150.35,108.499,928.748,99.028,84.1906,931.172,114.294,89.1628,903.337,122.527,49.5265,952.466,109.356,43.0391,881.632,131.145,18.7747,976.394,87.6128,15.5691,876.31,158.188,62.9899,884.15,173.583,57.7131,872.703,176.029,49.1432,873.136,162.391,49.3216,0,0,0
017086:920.5,129.985,147.86,922.592,128.043,151.305,923.908,131.585,151.447,926.534,120.052,150.744,934.243,127.742,150.01,919.201,110.139,133.611,944.471,124.409,134.966,899.283,114.871,108.244,967.668,130.926,113.463,889.664,125.696,91.9022,973.239,150.351,108.418,927.296,99.6811,83.9747,932.413,114.653,88.6186,899.133,122.946,50.215,952.495,109.357,43.1334,881.898,131.437,18.5172,975.538,88.0468,15.4144,878.846,159.242,61.8188,882.714,174.308,58.1451,876.48,177.344,47.5416,870.305,162.904,49.621,0,0,0
017087:914.351,129.452,148.774,913.241,127.367,153.059,920.845,131.492,151.574,914.765,119.313,153.089,938.703,128.61,148.324,911.645,109.733,133.858,944.374,124.583,134.989,897.012,116.229,108.244,968.17,130.876,113.168,888.021,126.186,92.4362,974.532,150.745,107.927,928.492,100.024,83.307,934.959,115.365,87.8507,896.481,123.211,50.4812,952.94,109.477,43.0017,881.305,131.656,18.7131,976.424,88.2789,14.9575,873.166,160.619,63.0073,886.793,176.551,56.0694,878.704,178.136,46.4028,870.56,163.195,49.4428,0,0,0
017088:912.52,130.1,148.777,911.77,127.813,152.957,919.082,131.928,151.715,913.867,119.699,152.707,937.954,128.572,148.282,908.868,111.393,133.411,944.309,124.584,134.751,899.259,117.891,107.149,969.84,131.379,112.329,880.345,127.274,94.0441,973.954,150.79,107.983,908.252,102.574,87.7391,935.698,115.606,87.1547,896.497,123.845,50.0384,955.089,109.24,42.2908,881.666,131.778,18.4239,976.424,88.2789,14.9575,870.016,161.01,63.5736,882.18,176.84,57.1612,874.043,178.416,47.2525,873.644,165.967,48.8832,0,0,0
017089:918.735,131.419,146.413,918.425,129.509,150.52,920.499,132.434,150.096,921.614,121.662,150.373,929.851,127.7,148.947,909.112,113.023,133.435,944.814,124.532,134.549,898.809,118.569,106.976,970.937,131.276,112.061,882.224,128.315,92.3849,971.617,150.962,108.153,905.054,103.109,88.1949,948.139,114.959,84.2715,895.729,124.239,49.9877,955.026,109.241,42.045,881.126,132.461,17.9772,976.889,88.3945,14.813,870.382,161.137,63.3816,881.58,178.122,56.4638,878.536,180.009,45.1078,869.223,166.119,49.99,0,0,0
017090:918.266,132.168,146.104,919.205,130.702,149.904,920.705,133.305,149.788,924.019,123.241,149.393,930.693,128.553,148.469,908.04,112.919,133.678,948.222,124.336,133.048,894.673,119.165,107.767,967.392,131.577,112.033,883.309,130.703,90.7629,971.617,150.962,108.153,899.735,103.878,88.6907,946.368,115.125,84.142,893.584,124.443,50.1422,955.876,109.482,41.6163,879.598,132.609,18.3135,978.687,88.8593,13.9813,872.147,161.934,62.5895,881.487,178.743,55.9276,876.897,180.265,45.5186,871.722,167.478,47.7098,0,0,0
017091:913.255,131.926,146.406,914.042,130.325,150.375,916.987,133.486,149.742,918.467,122.392,150.235,928.135,129.152,148.2,908.693,113.991,132.12,957.117,124.077,129.887,895.431,120.02,106.934,963.884,131.875,112.086,881.668,131.805,90.8585,970.451,151.047,108.238,896.528,106.005,88.544,946.347,115.125,84.0616,890.946,124.699,50.4482,954.185,109.841,42.2218,878.291,133.045,18.276,978.687,88.8593,13.9813,870.674,162.499,62.3751,879.909,179.462,55.8754,876.919,181.975,44.4655,874.25,168.379,46.1937,0,0,0
017092:913.486,131.709,146.004,913.614,129.501,150.09,916.975,133.9,149.463,918.169,121.404,149.497,928.489,131.276,147.601,904.763,114.147,131.894,957.489,124.2,129.545,891.894,120.388,107.571,964.805,131.951,111.602,880.839,133.148,90.7751,971.287,151.309,107.843,896.528,106.005,88.544,943.856,115.347,83.3948,887.845,125.01,50.9426,953.768,110.561,42.1848,879.069,133.288,17.9332,978.687,88.8593,13.9813,872.519,163.759,61.1457,878.352,179.554,56.1485,876.518,182.465,44.3247,870.098,168.656,46.7938,0,0,0
017093:916.487,134.423,145.988,915.218,132.84,150.164,919.331,135.262,149.447,916.097,124.868,150.255,929.608,129.706,147.74,905.748,114.776,132.193,958.016,124.618,128.512,891.663,120.726,107.453,964.805,131.951,111.602,877.032,133.981,91.443,971.287,151.309,107.843,893.425,106.351,88.9117,947.611,116.425,81.7491,889.189,126.287,49.3774,954.752,111.46,41.6286,877.441,133.603,18.2883,975.631,89.5689,14.6176,867.276,165.233,62.3472,877.734,180.995,55.8232,871.313,183.383,44.9241,864.326,169.079,48.9916,0,0,0
017094:919.12,134.7,144.312,919.532,132.975,148.174,920.345,135.826,148.254,920.982,124.654,148.095,924.855,130.66,147.866,905.653,115.998,131.246,959.704,125.108,127.859,890.947,121.739,107.023,968.177,132.958,110.083,875.011,134.952,91.6987,973.348,151.969,106.713,890.911,106.64,89.4111,947.51,116.425,81.4015,892.001,127.753,47.9809,954.656,111.64,41.6574,876.918,133.651,18.3613,975.588,89.5701,14.4496,862.625,166.333,62.8994,875.468,181.607,56.71,867.735,184.209,45.4172,864.755,170.284,48.0836,0,0,0
017095:913.143,134.376,145.743,910.67,131.905,150.198,917.455,136.171,148.909,910.989,123.417,150.011,930.95,133.012,146.213,901.481,115.677,131.184,959.553,125.283,127.71,891.21,122.815,106.679,969.649,132.802,109.126,874.423,136.567,91.4087,959.578,153.044,110.048,889.513,107.095,88.8958,948.434,117.138,80.417,896.152,129.415,46.2407,952.376,111.871,41.9229,873.697,134.566,18.0232,975.503,89.5724,14.1137,863.694,166.714,62.2985,877.002,182.597,55.5331,866.427,184.426,45.0671,866.692,171.226,46.439,0,0,0
017096:908.976,135.928,146.247,907.939,133.628,150.2,913.176,137.266,149.519,909.533,124.597,149.69,924.053,132.385,147.775,902.817,116.245,130.958,954.367,125.929,127.997,892.291,123.96,105.804,971.237,132.648,108.53,873.129,137.159,91.6054,959.426,153.219,109.915,889.988,107.489,87.8622,948.32,117.139,80.0013,896.124,129.414,46.1495,951.268,111.988,42.1497,874.31,135.896,15.9029,973.971,89.4088,14.3961,865.677,166.865,60.749,875.304,183.3,55.1548,868.67,185.226,44.1142,864.588,171.812,45.9607,0,0,0
017097:908.487,135.951,146.492,907.456,133.722,150.343,913.474,137.557,149.672,908.616,124.647,149.605,925.616,133.18,147.419,897.674,115.256,131.098,953.091,126.207,127.916,886.009,125.25,107.38,971.713,132.597,108.138,870.067,137.603,92.1974,959.396,153.218,109.821,889.947,107.49,87.7073,948.665,117.08,79.2282,897.347,129.776,45.7744,950.044,112.284,42.3232,876.778,136.92,14.199,972.321,89.4285,14.6106,862.27,168.35,61.2083,872.598,183.444,55.2025,869.218,186.894,43.1304,864.531,171.811,45.7805,0,0,0
017098:907.702,136.069,145.683,906.017,133.976,149.714,913.376,137.325,148.752,904.657,125.447,149.606,926.231,132.338,146.456,896.253,116.461,130.77,953.091,126.207,127.916,885.218,125.636,107.15,976.096,132.188,106.95,868.824,138.362,92.8634,959.631,153.344,109.069,888.265,107.832,87.7165,948.636,117.079,79.1348,892.785,130.685,46.2373,949.925,113.121,41.6409,876.665,136.917,13.8348,969.922,89.6978,14.6549,863.732,169.31,59.9137,874.549,184.409,53.5831,871.437,188.158,41.4523,863.361,172.039,45.8514,0,0,0
017099:908.559,136.674,145.251,907.459,134.61,149.176,913.627,138.227,148.449,907.768,125.954,149.068,926.01,133.83,146.464,895.739,117.227,131.682,954.18,126.749,127.219,884.646,125.685,107.012,979.119,132.058,105.461,873.215,140.299,91.7406,960.388,153.606,108.438,889.894,108.739,86.4733,949.49,117.32,78.8163,890.734,130.884,46.6837,947.184,113.233,41.887,875.921,137.131,13.5131,968.693,89.8377,14.4981,867.027,170.628,58.7319,871.904,184.718,54.2107,871.437,188.158,41.4523,865.901,173.56,44.2926,0,0,0
017100:908.616,137.634,144.386,908.642,135.135,148.176,911.694,139.054,148.199,911.132,125.869,147.616,919.489,134.312,147.46,897.392,117.685,131.487,951.83,127.129,127.379,882.387,126.221,107.157,979.089,132.057,105.366,873.003,140.631,91.7182,960.329,153.605,108.25,891.002,109.082,85.749,947.733,117.663,79.0926,889.814,130.935,45.3417,946.723,113.113,41.937,876.406,137.714,12.8951,967.534,89.9717,14.6517,862.388,171.094,59.6514,872.778,185.901,53.0682,870.219,188.213,41.0073,867.812,174.668,42.9794,0,0,0
017101:911.499,138.58,143.426,913.338,136.387,146.734,914.311,139.967,147.17,917.165,127.261,145.542,921.041,134.954,146.432,899.494,119.933,129.915,953.329,127.795,126.5,882.571,128.079,106.494,978.957,132.059,104.877,872.013,141.341,91.5046,964.127,153.781,106.419,888.845,109.479,85.9753,948.085,117.786,78.6513,885.137,131.383,45.9987,945.622,113.229,42.1632,873.075,138.332,13.3589,965.024,90.9667,15.7398,864.86,171.993,58.1608,874.681,186.569,52.3842,867.668,188.806,40.9692,858.916,175.254,45.4911,0,0,0
017102:908.332,138.431,143.033,906.879,135.883,147.184,913.403,140.071,146.601,904.744,126.621,147.857,924.218,135.641,145.481,896.506,119.464,130.627,952.891,128.315,126.121,886.404,130.214,105.301,976.06,132.315,105.133,878.492,144.028,88.719,965.49,154.003,105.821,890.143,110.109,84.6985,948.896,118.029,78.1714,884.603,132.229,45.9655,942.413,113.398,42.7423,873.808,138.578,12.8586,967.15,91.7286,14.7894,863.299,172.706,58.063,874.893,187.482,51.9204,868.299,189.076,40.2392,856.689,175.875,46.2611,0,0,0
017103:910.052,139.936,142.253,909.479,137.974,146.287,912.558,140.598,145.74,908.771,129.199,147.012,918.716,134.128,145.061,900.852,120.695,129.846,952.741,128.489,125.973,884.56,130.696,105.091,970.908,132.589,105.413,876.97,144.158,88.9497,965.49,154.003,105.821,889.514,110.336,84.6938,953.491,119.367,75.9664,885.324,133.437,45.7425,941.517,113.159,42.9226,872.245,138.716,13.0839,967.15,91.7286,14.7894,859.393,173.59,58.9289,874.176,189.539,51.1162,867.793,189.401,39.323,858.399,176.689,45.393,0,0,0
017104:906.33,139.452,142.424,907.367,137.442,146.158,908.786,140.439,145.879,911.141,128.867,146.322,916.951,135.117,145.118,899.929,120.831,129.93,951.443,128.765,125.814,880.168,131.583,105.517,969.172,132.738,105.542,876.715,144.151,88.1454,965.468,154.003,105.74,890.662,110.679,84.1232,952.298,119.475,75.8859,883.148,133.969,46.4162,935.601,113.615,44.0232,872.088,138.887,12.883,967.129,91.7292,14.7059,857.189,173.88,59.0309,873.854,189.862,50.8513,863.084,190.429,40.0468,857.299,177.813,44.4909,0,0,0
017105:906.669,140.482,142.335,906.039,138.096,146.185,911.079,141.676,145.795,907.951,129.181,145.911,922.45,136.57,144.488,894.747,120.86,129.125,951.445,129.238,124.937,877.575,132.444,105.171,969.12,132.738,105.367,873.765,144.414,88.8746,965.381,154.005,105.419,892.195,111.138,83.361,952.453,120.423,74.6124,881.795,134.74,46.9192,935.518,113.617,43.7,869.499,140.083,13.587,967.108,91.7299,14.6224,856.097,174.108,59.2835,872.569,190.697,50.4197,859.909,190.747,40.6623,854.788,177.968,44.9909,0,0,0
017106:909.407,141.738,141.599,907.812,139.749,145.685,912.548,142.287,145.277,905.288,131.236,146.36,919.707,135.587,144.742,894.339,122.334,128.815,949.781,129.857,124.285,878.337,132.681,104.886,966.737,132.582,104.531,869.348,144.805,89.9182,962.934,154.345,105.54,891.008,111.418,83.3032,950.648,120.588,74.3703,882.645,135.777,46.8241,930.814,114.069,43.2819,868.911,140.297,13.7852,966.923,91.9139,14.3051,854.914,174.332,59.2542,872.569,190.697,50.4197,864.638,192.502,38.2461,854.313,178.454,44.5354,0,0,0
017107:908.196,141.893,141.917,907.661,139.935,145.917,911.077,142.665,145.183,908.328,131.58,146.394,920.446,137.089,143.629,896.699,123.37,128.773,948.659,129.957,124.355,874.934,133.462,105.042,966.618,132.579,104.154,861.522,145.494,91.6301,962.248,154.389,105.182,892.583,111.876,82.6952,953.241,121.321,73.4845,880.008,136.352,47.7388,930.855,114.068,43.443,869.109,140.755,13.7185,965.017,92.2939,14.2899,860.196,176.598,56.9003,866.038,191.042,52.1396,862.445,192.766,38.5665,851.306,178.648,45.0176,0,0,0
017108:905.902,142.521,141.916,903.988,140.061,146.14,909.677,143.166,145.121,905.685,131.956,145.755,921.118,137.549,143.34,898.701,124.38,127.834,946.711,130.277,123.942,875.133,133.745,104.634,966.249,132.574,102.917,857.078,146.489,91.9786,962.248,154.389,105.182,893.748,112.22,82.1871,954.435,121.864,73.055,881.22,136.715,47.4478,933.484,113.782,42.6514,868.157,140.847,14.1395,968.66,93.2243,13.0552,854.26,176.979,58.2656,862.564,191.227,53.1146,860.239,193.029,38.8102,851.461,178.776,44.1493,0,0,0
017109:900.917,141.882,141.78,899.239,139.616,146.02,907.558,143.373,144.674,899.103,131.284,146.28,923.007,138.894,142.086,893.153,123.436,128.071,945.902,130.674,123.854,874.856,134.078,104.368,966.198,132.574,102.742,854.067,146.739,92.2504,962.227,154.389,105.102,894.092,112.336,81.8401,954.854,121.987,72.8527,881.578,137.007,47.5359,934.041,113.725,42.586,868.157,140.847,14.1395,967.269,93.5356,12.7726,854.136,176.978,57.8474,861.583,191.28,53.418,857.021,193.345,39.2162,853.338,179.884,42.88,0,0,0
017110:900.744,142.236,141.286,898.447,139.88,145.748,904.404,144.111,144.951,898.708,131.457,145.928,915.328,140.346,143.069,891.757,123.865,127.693,946.426,131.268,123.207,877.073,134.794,103.285,964.023,132.777,103.306,855.493,148.44,90.886,961.142,154.12,104.663,891.364,112.782,82.0207,952.042,122.256,73.2201,881.19,137.681,47.6559,935.71,114.204,41.8226,867.668,140.893,14.3046,966.689,93.6012,12.8502,849.693,177.425,59.1496,861.391,191.9,52.544,857.545,194.232,37.9944,854.815,181.017,42.1124,0,0,0
017111:902.932,144.425,140.291,903.221,142.522,143.957,905.668,145.363,143.8,904.193,133.948,144.244,911.987,139.361,143.406,894.095,124.541,127.22,948.738,132.186,121.973,877.065,135.578,103.206,961.885,132.809,103.547,854.296,148.848,91.0324,959.328,153.597,104.862,892.576,113.126,81.68,948.042,122.636,73.398,882.185,139.18,47.2806,936.081,114.326,41.4495,868.825,141.261,13.8301,966.139,93.6679,13.0233,850.679,178.26,57.756,857.351,192.564,52.7323,859.881,195.493,36.9436,853.933,182.592,41.3581,0,0,0
017112:903.026,145.328,140.62,903.509,143.228,144.311,905.139,146.26,144.416,905.639,134.494,143.86,909.776,140.096,144.017,897.757,125.594,126.556,941.094,132.877,123.028,878.836,136.342,102.39,961.379,132.862,103.791,853.141,149.091,90.9752,959.239,153.595,104.58,894.195,113.586,81.2249,944.136,123.191,74.2044,880.611,139.489,47.7827,936.018,114.327,41.2068,868.825,141.261,13.8301,966.118,93.6685,12.9399,849.199,179.409,57.2852,855.457,193.57,52.4036,861.55,197.107,36.2412,851.733,183.032,41.8823,0,0,0
017113:905.624,146.144,139.054,906.66,144.565,142.435,907.473,146.69,142.764,907.779,136.473,142.34,911.275,139.866,142.799,895.177,125.691,126.309,939.94,132.976,122.941,878.958,137.58,102.017,958.773,133.119,104.783,853.867,150.717,90.3677,958.721,153.462,104.422,897.773,114.794,80.2885,943.666,124.069,74.422,879.793,140.042,47.8842,934.862,114.441,41.177,868.825,141.261,13.8301,964.47,93.8679,13.4587,849.826,180.277,56.4563,854.248,193.779,52.3219,859.447,197.365,36.8367,848.113,184.172,42.7158,0,0,0
017114:902.96,146.332,138.549,901.699,144.284,142.597,906.962,147.274,141.991,900.232,135.726,142.976,916.426,141.32,140.674,896.604,126.973,124.943,936.763,133.272,123.614,879.433,138.319,101.808,956.641,133.32,105.422,852.629,151.286,90.7186,956.652,152.941,103.701,898.18,114.91,80.174,941.355,124.456,74.7581,876.247,140.531,48.9807,928.379,115.12,42.5237,867.873,141.353,14.2512,964.449,93.8685,13.3754,847.886,181.904,55.6098,855.629,194.319,51.4026,854.934,198.035,37.3678,849.107,184.569,41.8908,0,0,0
017115:901.567,147.445,138.644,901.998,145.669,141.995,902.092,148.045,142.96,903.954,137.265,141.344,904.238,141.331,143.341,897.906,127.29,125.438,934.651,133.469,124.043,877.612,138.784,101.719,952.903,133.671,106.465,852.629,151.286,90.7186,957.629,152.854,103.063,898.843,115.315,79.7365,941.787,124.578,74.6386,871.35,140.986,50.495,928.379,115.12,42.5237,865.917,141.534,14.9106,961.009,94.4505,14.1896,846.264,182.156,55.7899,850.443,195.208,53.4142,851.487,198.814,38.2183,849.82,185.129,40.4681,0,0,0
017116:901.926,147.387,139.218,901.857,145.516,142.654,902.086,148.081,142.996,904.158,138.031,141.488,900.48,141.097,142.951,901.969,130.301,123.866,931.424,133.763,124.462,875.768,140.034,101.491,949.191,134.022,107.516,851.667,151.979,90.5892,957.518,152.852,102.701,896.268,115.588,80.1672,943.668,125.538,73.8157,870.863,141.031,50.6458,930.832,115.84,41.2617,864.369,141.668,15.133,959.876,94.5837,14.3674,842.732,182.366,56.1283,849.598,196.29,51.6703,850.001,198.884,38.5997,848.665,185.183,40.1665,0,0,0
017117:898.253,148.265,139.553,898.442,146.289,143.231,902.596,149.198,142.255,900.698,138.165,142.516,911.706,143.077,139.851,897.396,129.292,125.62,929.488,134.251,124.288,875.72,141.432,100.956,948.528,134.074,107.172,853.053,153.24,89.7946,957.488,152.851,102.607,898.142,117.943,79.0408,943.037,125.766,73.9907,871.234,141.154,50.4481,931.672,116.08,40.9207,864.369,141.668,15.133,957.697,94.8472,15.0543,843.451,182.626,55.8234,851.182,197.119,50.5534,848.94,199.992,37.9408,846.684,185.295,40.6085,0,0,0
017118:902.829,150.003,137.84,903.452,148.11,141.218,903.021,150.062,141.805,904.021,139.222,140.219,903.218,142.205,141.894,897.033,129.389,123.146,929.24,134.593,124.167,875.615,142.832,100.207,947.352,134.171,107.083,852.344,154.216,89.5135,957.88,152.983,102.336,901.407,118.879,78.1206,943.016,125.767,73.9103,873.484,141.888,49.3367,929.98,116.245,41.0253,864.369,141.668,15.133,957.697,94.8472,15.0543,842.53,183.586,55.0105,849.051,197.822,50.3884,849.826,200.4,36.768,845.42,185.673,40.6735,0,0,0
017119:895.149,149.274,139.934,896.616,146.675,142.778,899.945,150.325,142.294,898.198,137.243,141.236,918.923,144.141,137.674,896.994,129.442,122.35,934.272,135.028,120.77,873.562,143.006,100.378,943.587,134.517,107.864,851.537,154.743,89.5826,957.88,152.983,102.336,905.406,120.058,76.5725,941.953,125.873,74.2051,883.753,140.974,47.0213,923.81,117.044,42.0976,872.587,140.85,10.8043,971.087,93.267,11.735,842.384,183.746,54.8946,847.552,197.897,50.6341,847.315,200.512,37.2864,840.819,186.857,41.6548,0,0,0
017120:898.221,148.892,137.853,900.515,146.64,140.458,897.705,150.343,141.458,905.856,138.822,137.79,892.069,145.282,141.675,899.83,131.218,122.222,934.272,135.028,120.77,869.581,143.524,101.378,942.846,134.563,107.297,852.563,155.273,89.2912,960.809,153.903,101.079,907.702,120.941,75.5875,939.809,126.084,74.713,872.8,142.099,49.1847,930.368,116.366,40.734,864.369,141.668,15.133,956.622,95.1666,15.7357,844.191,184.399,54.1676,847.012,197.924,50.5615,846.109,200.715,37.2185,842.542,187.512,40.641,0,0,0
017121:893.204,150.266,138.363,895.722,148.151,140.949,894.647,151.507,141.497,901.217,139.958,138.088,893.766,145.522,140.523,897.056,131.223,122.38,930.625,135.368,121.665,871.714,144.254,100.069,942.702,134.563,106.793,853.126,156.292,88.4723,960.121,153.942,100.761,906.661,121.047,75.7827,938.175,126.246,74.9387,872.772,142.098,49.0947,929.929,116.897,40.2446,864.369,141.668,15.133,956.622,95.1666,15.7357,845.841,185.054,52.8723,848.806,198.598,49.7532,844.204,201.101,36.9555,842.485,187.51,40.4628,0,0,0
017122:897.215,151.705,137.485,899.839,149.574,140.168,897.946,152.008,141.296,903.641,140.595,138.147,899.612,145.023,141.051,893.885,131.752,121.924,930.625,135.368,121.665,871.367,144.582,99.6152,941.072,134.712,107.038,855.652,157.156,87.3349,958.899,154.029,100.559,903.873,121.48,75.9784,936.62,126.405,75.471,872.772,142.098,49.0947,927.761,117.122,40.6275,864.369,141.668,15.133,957.052,95.2834,15.5106,846.192,185.185,52.6812,852.371,199.949,48.0258,844.437,201.242,36.3105,843.274,188.069,39.3602,0,0,0
017123:895.307,151.526,137.072,897.085,149.223,139.969,898.411,152.719,139.917,902.795,141.105,137.434,901.141,146.472,138.669,897.433,132.985,121.309,928.03,135.61,122.302,871.962,144.991,99.1285,939.466,134.859,107.361,856.039,157.89,86.9675,957.075,154.157,100.308,903.341,121.532,76.0302,936.17,126.283,75.5098,877.729,141.741,45.7869,927.209,117.177,40.6936,865.521,142.035,14.6605,958.366,95.6337,14.9176,847.306,185.578,52.332,855.918,201.305,46.184,845.06,201.518,35.6191,841.12,188.335,39.5847,0,0,0
017124:895.253,152.309,137.486,894.786,149.847,140.946,902.218,153.601,139.394,895.546,141.49,139.251,915.623,148.235,135.123,892.1,132.943,122.855,926.51,137.199,122.259,870.084,145.616,99.1241,939.344,135.033,107.307,853.811,158.2,86.8333,956.988,154.159,99.9874,902.388,121.635,76.5374,934.502,125.799,76.1024,870.587,142.442,49.2943,926.459,117.231,40.066,866.302,142.28,14.3967,956.734,95.83,15.432,849.118,186.233,51.5845,857.978,202.122,44.809,840.297,201.881,35.9526,839.575,188.414,39.6935,0,0,0
017125:895.261,153.607,137.086,896.424,151.009,140.141,896.31,154.552,140.702,898.941,141.296,138.22,900.695,148.974,139.289,888.572,132.79,122.224,924.673,137.509,122.052,867.623,146.444,99.2655,942.295,135.904,106.389,851.171,158.548,87.0115,956.967,154.16,99.9073,899.729,122.069,77.0936,933.184,125.606,76.7238,870.587,142.442,49.2943,926.418,117.232,39.9052,867.477,142.647,14.0004,957.164,95.9469,15.2069,842.589,186.591,52.5742,856.527,202.48,44.4108,839.648,202.059,35.9682,837.879,188.651,39.6736,0,0,0
017126:891.092,153.751,137.241,891.263,151.304,140.54,894.074,154.232,140.674,891.424,141.682,139.195,901.728,147.531,139.079,888.475,133.787,121.646,926.277,138.003,121.408,866.887,146.817,99.2243,939.006,136.192,106.825,849.166,159.303,86.9294,955.923,154.072,99.9177,899.729,122.069,77.0936,930.14,125.747,77.567,870.442,142.609,49.1578,926.409,117.231,39.8927,868.261,142.892,13.7358,957.595,96.064,14.9817,842.499,187.199,52.0837,855.939,202.506,44.1895,841.445,202.736,35.2165,835.883,188.763,39.9186,0,0,0
017127:892.39,154.169,136.088,893.858,152.123,139.108,898.091,155.5,138.263,899.417,143.989,136.516,908.296,149.531,134.959,889.081,134.326,121.915,922.942,138.454,121.752,865.151,147.275,99.2957,944.219,135.704,105.213,846.998,160.384,86.9589,954.547,153.68,99.9975,900.158,122.187,77.0562,927.531,126.009,78.2897,871.946,143.099,48.4419,926.409,117.231,39.8927,868.261,142.892,13.7358,957.595,96.064,14.9817,842.874,187.935,51.8505,853.505,202.619,44.9801,839.41,202.82,35.4893,836.121,189.054,39.7599,0,0,0
017128:885.344,152.747,137.288,884.678,150.213,140.976,893.334,154.678,139.067,889.426,142.032,138.847,910.947,150.505,134.244,882.388,133.76,122.496,925.395,139.196,120.982,865.084,148.054,99.0725,939.499,136.082,104.745,847.27,160.668,86.8809,953.322,153.761,99.8206,893.783,120.303,79.3607,927.502,126.008,78.1975,873.669,144.046,47.7408,926.492,117.228,40.2141,868.261,142.892,13.7358,958.047,96.1806,14.8392,844.256,188.46,51.0577,849.145,203.106,45.5109,838.423,202.863,35.7147,834.049,188.714,40.3371,0,0,0
017129:886.717,153.984,135.708,885.447,151.604,139.479,895.471,155.574,137.192,887.281,143.412,138.125,913.76,150.673,132.131,883.981,134.264,121.832,927.116,140.329,120.308,865.573,148.627,98.6154,937.332,136.274,105.1,844.761,161.013,87.41,952.895,153.926,98.8312,893.783,120.303,79.3607,930.82,125.637,76.0463,876.046,144.782,47.0858,927.015,117.172,40.0549,868.653,143.015,13.6035,957.955,96.3625,14.8683,840.411,188.676,52.1716,848.022,203.309,45.7057,837.784,203.042,35.745,833.989,189.162,39.5614,0,0,0
017130:886.48,155.132,135.975,885.526,152.865,139.535,894.927,156.254,137.78,887.159,144.675,137.909,908.231,148.934,134.233,888.808,135.988,119.782,926.396,140.545,120.122,863.336,149.733,98.4429,933.014,136.657,105.806,843.973,161.533,87.5568,951.723,154.008,98.8288,892.268,120.462,79.6916,932.683,125.419,74.7224,876.046,144.782,47.0858,927.036,117.172,40.1353,868.653,143.015,13.6035,959.291,96.7133,14.3575,838.753,188.915,52.2402,845.094,203.439,46.5391,836.785,203.536,35.373,833.904,189.159,39.2954,0,0,0
017131:883.013,155.816,136.728,884.148,153.23,139.912,888.429,157.339,139.031,889.786,144.517,137.045,894.99,151.257,136.285,890.644,136.027,118.425,924.692,141.49,119.93,863.618,150.632,98.0278,932.433,136.703,105.755,843.135,162.816,87.6383,950.649,153.919,98.7324,892.268,120.462,79.6916,932.662,125.42,74.6427,874.08,144.959,47.6966,927.027,117.17,40.1227,868.653,143.015,13.6035,959.291,96.7133,14.3575,839.08,189.048,51.9756,841.95,203.885,47.3959,833.928,204.114,35.7933,834.607,190.638,38.5976,0,0,0
017132:888.302,156.253,134.584,888.333,154.01,137.951,892.533,157.15,137.335,890.967,145.642,136.2,894.779,148.878,136.393,892.877,136.775,116.962,923.609,141.581,120.016,866.998,151.735,96.8557,935.715,137.7,104.492,842.666,162.853,87.7731,950.541,153.921,98.3336,891.864,120.345,79.8056,935.075,125.327,73.5667,871.085,145.22,48.4298,927.027,117.17,40.1227,868.653,143.015,13.6035,959.681,96.8321,13.9656,838.441,189.079,51.5158,845.921,204.012,45.5646,833.711,204.269,35.4892,831.789,190.799,39.5536,0,0,0
017133:884.303,156.634,135.79,884.63,154.189,139.05,890.559,157.746,138.012,888.131,145.421,136.805,898.971,150.496,135.308,886.61,136.862,118.232,923.229,142.095,119.793,866.695,152.061,96.569,935.584,137.872,104.426,840.06,163.189,87.9496,948.774,153.401,98.6192,890.324,120.503,80.0454,935.504,125.449,73.4474,868.949,145.559,48.7978,927.476,117.289,40.073,868.653,143.015,13.6035,959.681,96.8321,13.9656,837.021,189.766,51.8038,844.623,204.368,45.6021,834.035,204.406,35.2206,832.87,191.196,39.1366,0,0,0
017134:882.164,156.7,135.467,880.445,154.141,139.359,889.094,157.858,137.706,880.606,145.327,138.191,900.82,150.975,134.429,884.399,137.984,118.37,924.038,142.344,119.51,866.411,152.55,96.7135,936.412,138.121,104.129,839.921,163.185,87.512,947.44,153.011,98.7932,890.324,120.503,80.0454,933.955,125.608,73.9804,868.462,145.603,48.9494,927.925,117.408,40.0232,868.163,143.06,13.769,959.71,96.8331,14.0609,835.397,190.003,51.9616,842.554,204.609,46.1638,832.419,204.625,35.4763,832.038,191.251,39.7998,0,0,0
017135:885.13,158.545,135.651,883.279,155.595,139.386,892.033,159.973,137.703,883.251,145.983,137.171,903.584,154.186,133.142,880.43,137.99,118.792,920.163,142.829,119.896,866.411,152.55,96.7135,936.391,138.122,104.05,840.209,163.915,86.8549,947.44,153.011,98.7932,890.324,120.503,80.0454,933.955,125.608,73.9804,868.851,145.725,48.8284,930.508,118.301,39.6726,868.163,143.06,13.769,959.71,96.8331,14.0609,833.981,190.083,52.4101,842.517,204.766,46.4531,830.835,204.844,35.8204,834.702,193.229,38.6232,0,0,0
017136:882.043,157.759,135.611,883.46,154.763,138.732,888.013,159.46,137.803,888.411,145.43,135.393,896.718,154.181,133.892,878.216,137.501,119.427,920.555,142.954,119.716,866.451,152.548,96.8643,935.721,138.17,103.684,839.742,163.951,86.9898,946.247,153.093,98.6974,889.337,120.609,80.325,933.429,125.661,74.1269,867.391,145.856,49.2827,932.119,119.133,39.5312,868.163,143.06,13.769,959.71,96.8331,14.0609,833.038,190.136,52.7085,838.683,204.931,47.7217,836.847,207.301,33.6553,834.39,193.851,39.2735,0,0,0
017137:886.598,158.689,133.959,884.743,155.497,137.689,890.668,159.93,136.722,885.857,145.844,135.455,897.897,153.78,133.642,880.993,139.598,117.817,919.574,143.508,119.348,865.97,152.589,96.9971,932.019,138.502,104.536,837.837,164.096,87.3808,946.247,153.093,98.6974,889.337,120.609,80.325,934.305,125.904,73.9688,865.933,145.986,49.736,935.203,119.978,38.8568,868.163,143.06,13.769,956.987,97.158,14.9204,830.921,190.556,53.2984,838.942,205.818,47.6488,839.62,209.156,32.4956,833.685,194.795,39.3253,0,0,0
017138:887.248,160.288,134.014,887.298,157.237,137.24,889.818,161.549,136.889,890.503,147.371,134.096,892.482,155.417,134.107,879.708,139.603,118.022,916.224,143.773,119.231,864.838,153.608,97.1175,926.63,138.97,105.326,832.76,164.489,88.9426,945.71,153.135,98.8363,888.844,120.662,80.4646,936.02,126.392,73.492,865.933,145.986,49.736,935.106,120.154,38.8863,868.163,143.06,13.769,956.987,97.158,14.9204,832.172,192.31,53.6282,840.465,205.758,47.4578,839.139,209.176,32.6546,831.179,194.915,39.6551,0,0,0
017139:883.868,159.71,135.166,883.945,156.92,138.206,888.504,160.812,137.674,887.081,147.908,135.242,895.209,154.335,134.669,879.815,141.732,118.602,917.763,144.272,118.433,863.27,153.891,97.454,926.14,139.018,105.552,831.498,165.038,89.1487,944.103,153.262,99.2523,887.831,120.767,80.6537,933.815,126.776,74.1068,868.182,146.725,48.7055,935.538,120.275,38.7552,868.948,143.306,13.5041,956.35,97.4044,15.1212,833.187,193.463,53.3072,838.523,206.155,48.8083,836.146,209.289,33.2489,827.948,195.532,40.4362,0,0,0
017140:883.63,160.699,134.274,883.447,157.468,137.513,889.453,161.969,136.439,885.952,147.582,134.231,900.422,156.247,131.654,864.17,141.109,120.643,918.125,144.396,118.161,860.764,154.087,97.7613,925.528,139.237,105.725,832.527,165.41,88.6139,936.238,154.48,99.5132,891.384,121.821,79.3985,932.547,127.229,74.3753,868.182,146.725,48.7055,937.705,120.883,38.098,868.457,143.35,13.6697,953.693,96.7036,16.1381,832.782,193.937,53.1144,833.815,206.361,50.5017,832.888,209.427,34.6218,828.201,196.87,39.6757,0,0,0
017141:879.094,160.149,134.678,879.373,157.689,137.81,884.542,161.521,137.447,879.533,148.209,135.784,895.978,156.617,133.803,860.11,140.491,120.815,918.125,144.396,118.161,858.233,155.22,98.3654,925.554,139.708,104.963,832.581,165.528,87.5041,936.346,154.951,99.1155,889.494,122.489,79.4207,937.56,128.704,72.4653,868.57,146.848,48.5845,937.726,120.882,38.179,868.457,143.35,13.6697,952.795,96.471,16.4212,823.824,194.408,55.7547,830.607,207.101,51.8591,833.728,210.76,36.0635,828.305,198.058,39.9394,0,0,0
017142:881.475,160.517,133.551,879.973,157.232,137.219,885.601,162.182,136.097,881.622,147.536,134.821,894.014,157.443,132.352,862.157,141.365,119.819,917.997,145.2,117.681,853.803,155.734,99.3983,924.454,139.803,104.995,828.517,166.283,88.4138,936.811,156.363,98.4241,892.105,123.317,77.8467,942.398,129.889,71.0618,868.57,146.848,48.5845,936.663,120.992,38.5013,868.457,143.35,13.6697,952.346,96.3548,16.5625,823.772,195.003,55.481,826.262,207.874,52.833,832.639,211.859,37.1818,830.141,199.921,39.2849,0,0,0
017143:876.081,159.509,134.342,874.514,156.098,137.937,883.529,161.568,136.142,875.982,146.604,135.538,899.333,158.301,130.739,861.34,141.064,120.547,918.388,145.325,117.5,854.003,156.786,99.1526,921.791,140.039,105.364,828.64,167.478,88.3785,935.595,157.253,98.239,886.51,123.885,78.8661,942.849,131.015,71.2426,868.57,146.848,48.5845,937.394,120.938,39.0388,871.378,143.08,12.5837,952.346,96.3548,16.5625,817.639,195.475,57.4234,831.137,210.676,51.4935,825.791,212.571,39.9917,829.984,200.536,40.4965,785.198,207.343,86.0575
017144:882.167,161.602,132.835,880.965,158.713,136.152,884.725,162.347,135.85,883.264,149.32,133.477,886.539,154.579,134.228,870.689,144.26,117.297,918.185,145.663,117.551,851.026,157.014,99.4985,921.333,140.087,105.68,830.083,167.974,87.9599,934.007,157.375,98.6536,885.819,124.394,77.4798,941.783,131.117,71.54,868.959,146.971,48.4635,937.477,120.936,39.3625,871.378,143.08,12.5837,953.128,95.9293,16.5239,818.355,196.48,57.5753,829.526,211.358,52.9004,830.056,214.508,39.3936,820.221,201.01,43.9769,787.187,208.233,84.367
017145:879.033,161.959,133.095,879.372,159.17,136.259,884.73,163.319,135.337,883.502,149.61,133.558,893.299,156.995,132.08,865.009,143,119.462,921.219,147.006,116.544,851.753,157.26,99.2174,919.874,140.229,106.354,829.164,168.202,88.5907,934.007,157.375,98.6536,894.808,127.451,74.7005,937.302,131.874,72.6349,870.538,147.462,48.0555,937.477,120.936,39.3625,871.378,143.08,12.5837,953.128,95.9293,16.5239,819.324,197.773,57.6642,827.417,213.558,55.0899,823.934,215.389,44.7004,806.626,201.252,49.5762,789.182,209.126,82.6702
017146:876.399,162.234,133.502,876.637,159.57,136.777,882.848,163.718,135.548,880.255,150.424,134.609,894.723,158.235,131.686,858.442,143.299,120.552,919.672,147.137,116.932,851.713,157.261,99.0685,922.344,140.975,105.633,828.742,168.235,88.8709,938.169,158.68,97.3142,891.212,127.802,75.3363,936.789,131.927,72.8088,870.128,147.502,48.5148,938.129,120.881,39.632,871.378,143.08,12.5837,952.106,96.0616,17.0541,817.965,198.908,59.2315,824.912,214.258,57.0197,813.156,215.804,49.6555,813.88,204.643,48.4528,788.886,209.126,81.6677
017147:877.494,163.38,132.399,878.072,160.943,135.383,884.16,164.436,134.378,881.765,152.068,132.865,895.789,158.13,130.614,857.611,143.471,120.197,915.975,147.612,117.859,851.653,157.263,98.845,922.344,140.975,105.633,825.4,168.517,90.9754,939.202,159.415,96.9599,888.677,128.053,75.8659,936.26,131.978,72.9564,870.128,147.502,48.5148,937.221,120.988,40.5321,871.378,143.08,12.5837,951.259,96.1996,18.1517,815.947,200.366,61.1264,817.146,214.694,60.6065,820.275,222.086,49.4401,815.97,207.812,47.4661,790.888,210.022,79.9628
017148:877.274,162.782,132.013,877.868,160.356,135.101,884.556,163.954,134.477,878.168,150.429,133.79,899.952,158.462,130.837,851.11,141.477,121.158,912.384,149.179,117.919,848.618,157.656,99.2721,922.344,140.975,105.633,825.616,168.518,91.7012,933.811,159.983,98.469,888.677,128.053,75.8659,936.26,131.978,72.9564,870.128,147.502,48.5148,935.1,121.207,41.1721,871.871,143.035,12.4174,952.154,96.4318,17.8702,807.721,200.801,65.3342,817.127,215.303,62.2064,815.234,222.219,49.8045,810.509,207.607,50.0207,792.767,210.927,77.7638
017149:876.922,163.461,131.893,879.285,161.215,134.358,881.698,164.567,134.933,880.963,151.519,132.435,890.268,158.967,132.747,852.44,143.117,120.017,913.714,149.553,117.999,849.302,157.903,98.8428,923.096,141.394,105.523,825.323,168.549,92.4314,933.262,160.195,98.9138,888.277,127.934,75.9805,936.177,131.98,72.6367,869.152,147.588,48.8183,935.1,121.207,41.1721,871.871,143.035,12.4174,952.695,96.3669,17.7003,810.597,201.844,64.8263,816.75,216.205,63.5394,816.853,224.092,50.599,808.733,208.887,52.3821,794.783,211.83,76.0454
017150:877.21,164.132,131.334,876.731,162.033,134.439,883.06,164.925,134.203,875.752,152.319,133.275,895.277,158.443,131.384,853.605,144.478,119.356,913.714,149.553,117.999,846.016,158.167,99.8041,928.872,143.18,105.8,824.408,168.616,92.6947,931.149,160.352,99.4651,883.101,126.562,77.8769,936.135,131.981,72.4769,867.183,147.76,49.3479,934.334,121.615,41.2292,870.45,143.172,13.0975,952.636,96.3649,17.5107,809.508,202.645,66.5848,814.758,217.922,66.544,815.709,224.14,51.8404,804.352,209.069,54.581,794.318,211.826,74.5173
017151:879.922,165.279,130.711,880.606,163.045,133.385,883.458,165.602,134.087,877.85,153.091,131.665,889.043,158.276,132.164,854.307,145.197,117.894,915.35,150.057,117.59,841.874,158.504,101.241,926.788,143.363,106.335,824.593,169.055,92.7361,931.149,160.352,99.4651,883.101,126.562,77.8769,937.292,132.352,71.679,866.183,147.845,49.5606,933.372,121.729,41.8416,870.45,143.172,13.0975,953.085,96.4811,17.3697,807.904,203.313,67.8837,810.119,218.079,67.888,803.759,224.505,57.5564,801.925,209.178,56.5281,796.9,211.723,73.1889
017152:877.834,165.088,132.01,879.024,162.608,134.672,882.252,166.442,134.577,875.738,152.366,133.294,904.285,160.098,128.5,842.217,142.948,122.387,916.906,150.563,116.868,841.237,159.62,101.641,926.788,143.363,106.335,827.721,170.173,91.4423,931.149,160.352,99.4651,880.098,125.772,77.4682,937.292,132.352,71.679,863.246,148.1,50.3761,929.168,121.179,42.7831,869.552,143.264,13.7013,954.004,96.7131,17.1699,799.036,204.307,71.3322,807.57,219.768,70.7162,802.507,225.717,58.735,797.471,210.371,59.503,796.21,212.737,72.2997
017153:876.448,165.277,132.419,875.375,162.255,136.061,880.199,166.155,135.465,879.788,154.413,132.714,893.245,160.904,131.718,868.337,147.508,118.653,907.636,149.701,115.472,834.913,156.126,105.178,910.788,149.17,103.624,821.391,169.227,92.9068,913.536,159.886,101.174,889.102,127.264,76.2771,920.318,126.436,71.5265,864.803,147.257,53.2989,923.045,124.31,44.3973,865.276,144.242,19.2031,948.236,99.2294,18.9024,800.754,208.552,71.9548,803.384,222.471,71.1368,800.659,227.479,59.2823,798.155,213.558,60.0856,794.093,212.842,75.1578
017154:873.507,165.494,133.146,872.304,162.481,136.266,877.244,166.371,136.187,876.847,154.654,133.439,893.245,160.904,131.718,865.44,147.763,119.403,907.811,149.706,116.021,834.913,156.126,105.178,913.595,150.034,102.89,818.475,169.425,93.1778,916.346,160.772,100.436,889.102,127.264,76.2771,920.318,126.436,71.5265,864.803,147.257,53.2989,923.045,124.31,44.3973,865.276,144.242,19.2031,948.093,99.2337,18.3377,801.569,207.527,73.342,804.228,221.452,72.5174,806.762,227.317,59.5226,801.622,213.445,61.7394,789.982,212.043,79.7135
017155:873.507,165.494,133.146,874.755,163.335,135.088,879.569,167.238,134.491,876.676,154.65,132.903,890.068,161.128,131.912,862.386,148.013,119.618,904.574,149.958,116.25,831.966,156.354,105.422,916.736,149.783,102.095,815.737,169.627,93.9684,919.337,160.54,99.0759,891.858,128.08,75.489,923.204,127.268,70.7099,864.803,147.257,53.2989,923.22,124.316,44.9589,865.276,144.242,19.2031,948.411,99.2355,19.4746,796.462,207.771,76.0585,799.072,221.635,75.2549,793.877,226.684,65.2989,791.289,212.856,65.5916,787.892,212.149,82.5375
017156:870.438,165.713,133.358,871.825,163.556,135.808,876.615,167.45,135.215,873.605,154.893,133.112,890.068,161.128,131.912,862.386,148.013,119.618,904.431,149.961,115.721,834.622,157.189,105.259,916.736,149.783,102.095,818.327,170.477,93.7905,919.513,160.545,99.6318,888.858,128.384,76.3473,920.318,126.436,71.5265,864.803,147.257,53.2989,923.22,124.316,44.9589,865.276,144.242,19.2031,948.093,99.2337,18.3377,796.629,207.776,76.5783,797.217,220.717,77.4994,791.91,225.766,67.0705,791.753,212.86,67.1203,780.792,212.465,87.9523
017157:873.052,166.577,132.712,871.825,163.556,135.808,876.615,167.45,135.215,873.605,154.893,133.112,892.621,161.999,130.731,864.992,148.843,118.943,907.203,150.82,115.017,831.966,156.354,105.422,919.391,150.647,100.8,818.46,170.473,94.289,928.013,162.088,96.1848,888.858,128.384,76.3473,923.204,127.268,70.7099,864.521,148.357,53.386,923.22,124.316,44.9589,865.276,144.242,19.2031,948.093,99.2337,18.3377,789.058,207.111,79.4283,791.954,220.898,79.6804,786.793,225.918,69.7837,783.693,213.175,69.664,776.364,212.664,92.4833
017537:138.904,166.562,-0.926461
