013101:1214.68,-155.519,151.566,1217.3,-158.858,152.849,1225.16,-156.094,152.247,1223.81,-166.015,146.932,1245.48,-160.676,145.062,1216.35,-165.25,131.609,1242.94,-151.112,129.218,1186.97,-155.995,128.777,1244.26,-153.408,111.262,1197.01,-150.62,145.815,1262.37,-142.188,127.505,1220.73,-156.613,84.8415,1232.48,-145.724,84.4037,1193.65,-140.868,49.5277,1253.19,-146.563,36.5771,1185.6,-140.544,7.63275,1267.55,-172.788,5.83997,1247.38,-152.695,161.23,1235.96,-160.49,169.072,1236.61,-158.087,183.151,1245.37,-148.932,175.797,0,0,0
013102:1220.22,-157.582,151.063,1221.65,-161.03,152.153,1226.95,-158.419,152.311,1225.25,-167.233,145.911,1237.81,-161.879,146.011,1220.37,-165.02,129.906,1227.34,-152.084,131.374,1189.22,-155.856,128.323,1244.34,-153.405,111.507,1197.01,-150.62,145.815,1259.04,-141.385,128.152,1232.55,-157.922,80.7448,1230.55,-147.365,83.4081,1184.25,-138.531,51.6163,1245.94,-148.034,34.7014,1187.22,-141.451,10.0741,1250.21,-173.639,10.8003,1247.38,-152.695,161.23,1235.96,-160.49,169.072,1235.35,-159.171,184.436,1241.31,-150.192,175.757,0,0,0
013103:1224,-157.191,153.026,1223.52,-160.5,154.581,1229.93,-157.726,154.055,1219.86,-166.415,149.03,1242.1,-162.269,146.749,1214.28,-165.359,131.405,1233.19,-151.732,131.759,1189.22,-155.856,128.323,1249.41,-153.105,111.576,1197.01,-150.62,145.815,1269.24,-142.253,127.22,1232.54,-157.953,83.9557,1239.26,-147.343,84.7038,1184.25,-138.531,51.6163,1244.5,-149.168,35.4396,1188.44,-141.865,8.42662,1250.21,-173.639,10.8003,1247.38,-152.695,161.23,1226.57,-161.029,170.695,1235.35,-159.171,184.436,1239.11,-150.338,176.635,0,0,0
013104:1235.14,-159.348,148.364,1233.39,-161.319,151.152,1234.91,-158.255,150.741,1231.56,-166.527,147.616,1243.74,-161.782,145.062,1217.27,-165.191,130.436,1238.68,-151.373,129.334,1189.22,-155.856,128.323,1249.47,-151.573,112.304,1197.08,-150.618,146.051,1269.4,-142.248,127.715,1226.25,-158.301,82.8879,1233.5,-147.692,83.7432,1187.35,-139.308,50.8423,1247.75,-149.997,34.3567,1188.44,-141.865,8.42662,1250.21,-173.639,10.8003,1252.27,-153.917,160.368,1226.57,-161.029,170.695,1234.82,-161.207,185.026,1245.56,-151.948,175.551,0,0,0
013105:1229.66,-158.235,148.62,1230.73,-160.649,150.854,1227.74,-156.969,151.58,1235.65,-166.96,145.575,1229.86,-160.322,146.798,1218.3,-165.14,130.929,1227.33,-152.089,131.786,1189.22,-155.856,128.323,1249.47,-151.573,112.304,1204.72,-152.6,144.341,1269.4,-142.248,127.715,1232.88,-157.926,83.1783,1233.21,-148.239,85.3946,1191.59,-141.02,50.8189,1247.75,-149.997,34.3567,1188.52,-141.864,8.77502,1247.66,-173.761,11.0884,1252.27,-153.917,160.368,1231.49,-162.253,170.458,1234.82,-161.207,185.026,1247.33,-152.348,175.762,0,0,0
013106:1230.85,-158.912,150.089,1231.42,-162.306,151.578,1239.87,-159.462,150.541,1226.87,-167.781,146.644,1256.18,-163.037,142.856,1214.26,-164.857,131.057,1242.93,-151.104,128.357,1195.49,-157.449,127.556,1254.39,-151.27,111.668,1204.72,-152.6,144.341,1269.4,-142.248,127.715,1225.88,-158.32,82.6164,1239.19,-148.346,82.7766,1184.17,-142.053,53.0292,1244.59,-149.167,35.7967,1187.81,-142.421,8.97089,1255.33,-173.394,10.2215,1252.27,-153.917,160.368,1231.49,-162.253,170.458,1231.95,-161.351,183.342,1247.33,-152.348,175.762,0,0,0
013107:1222.67,-157.887,149.615,1223.52,-161.442,151.115,1231.82,-158.483,150.498,1227.74,-168.268,144.885,1251.47,-163.06,143.055,1216.92,-165.705,130.093,1239.03,-151.356,129.703,1195.49,-157.449,127.556,1254.39,-151.27,111.668,1204.72,-152.6,144.341,1260.72,-143.869,130.131,1233.81,-158.872,81.0134,1242.41,-148.139,82.1654,1188.75,-143.233,51.6317,1236.45,-148.655,37.8297,1186.1,-142.034,8.91448,1255.33,-173.394,10.2215,1252.27,-153.917,160.368,1235.74,-164.025,170.592,1231.95,-161.351,183.342,1245.81,-153.452,176.017,0,0,0
013108:1243.16,-159.501,148.404,1246.01,-162.33,149.742,1243.1,-158.7,150.836,1248.01,-168.271,144.105,1244.58,-162.143,146.325,1220.18,-165.534,130.282,1237.35,-151.468,130.71,1195.49,-157.449,127.556,1259.3,-152.507,110.404,1200.17,-152.888,145.21,1260.72,-143.869,130.131,1238.54,-160.145,81.9798,1238.99,-148.381,84.7178,1190.3,-143.626,51.2446,1248.05,-151.541,34.93,1185.47,-142.588,9.45792,1259.41,-173.714,8.76004,1257.18,-155.146,159.501,1235.74,-164.025,170.592,1230.5,-162.432,183.724,1245.72,-153.454,175.67,0,0,0
013109:1239.32,-157.864,149.953,1244.36,-161.401,150.178,1245.51,-158.957,151.277,1243.74,-167.158,142.762,1246.78,-163.037,145.456,1222.68,-165.892,129.102,1237.92,-151.426,129.986,1205.67,-158.321,125.362,1258.33,-151.536,110.34,1198.72,-153.969,145.487,1263.14,-143.707,129.555,1239.5,-159.573,81.4053,1241.94,-148.176,82.7725,1195.06,-144.807,50.3205,1243.27,-151.843,36.5008,1185.47,-142.588,9.45792,1259.41,-173.714,8.76004,1257.18,-155.146,159.501,1239.1,-164.847,170.522,1225.92,-162.694,184.837,1257.61,-154.78,175.899,0,0,0
013110:1229.7,-158.425,148.72,1234.99,-161.368,149.462,1236.34,-159.153,149.797,1250.75,-167.387,141.003,1251.49,-163.948,142.6,1230.25,-165.479,127.62,1241.44,-151.197,128.536,1200.34,-158.648,127.333,1260.77,-151.384,109.841,1194.2,-154.253,146.35,1263.22,-143.704,129.801,1239.94,-159.532,78.8382,1238.82,-148.365,82.3701,1188.4,-145.273,52.7082,1243.2,-151.846,36.2519,1185.47,-142.588,9.45792,1259.41,-173.714,8.76004,1257.18,-155.146,159.501,1239.1,-164.847,170.522,1227.57,-163.101,184.816,1259.41,-155.186,176.111,0,0,0
013111:1239.36,-158.322,147.42,1242.44,-161.246,148.511,1245.2,-159.737,149.21,1248.91,-167.837,141.502,1248.97,-164.508,144.677,1227.24,-166.162,130.458,1232.15,-151.8,132.254,1195.96,-158.917,128.933,1260.77,-151.384,109.841,1197.34,-155.045,146.001,1264.89,-144.109,129.479,1238.52,-159.632,81.1755,1235.61,-148.598,85.3685,1186.7,-144.886,52.6124,1237.68,-152.707,37.8968,1185.47,-142.588,9.45792,1259.32,-173.715,8.39664,1257.18,-155.146,159.501,1236.73,-164.977,170.928,1227.66,-163.099,185.16,1259.33,-155.188,175.868,0,0,0
013112:1237.24,-157.857,149.333,1241.46,-161.078,149.972,1242.66,-158.685,150.773,1245.92,-167.229,142.96,1248.54,-163.348,144.963,1227.09,-166.668,130.039,1244.65,-153.038,128.611,1199.04,-159.723,128.314,1260.77,-151.384,109.841,1192.99,-155.323,147.541,1260.11,-144.43,130.77,1240.22,-160.036,80.1001,1240.76,-148.244,82.3717,1186.7,-144.886,52.6124,1242.57,-152.402,36.832,1185.47,-142.588,9.45792,1259.32,-173.715,8.39664,1254.86,-155.289,160.277,1238.33,-165.391,170.654,1230.17,-162.964,185.465,1254.51,-155.476,176.671,0,0,0
013113:1235.76,-159.206,148.296,1237.46,-162.421,149.397,1241.73,-159.991,149.807,1242.53,-168.639,142.946,1252.83,-163.798,143.788,1231.57,-168.433,128.206,1243.93,-154.602,128.133,1200.74,-161.608,128.33,1268,-153.02,110.204,1194.67,-155.716,147.721,1261.94,-144.83,131.048,1226.8,-159.284,83.1026,1229.31,-148.981,84.5792,1186.63,-144.889,52.372,1242.49,-152.403,36.4752,1180.3,-143.457,11.1416,1259.32,-173.715,8.39664,1250.7,-157.077,162.911,1238.42,-165.389,171.001,1230.17,-162.964,185.465,1253.82,-156.026,177.041,0,0,0
013114:1220.47,-157.324,149.603,1225.9,-160.946,150.04,1226.44,-157.725,151.027,1241.85,-168.217,141.733,1240.13,-160.816,144.566,1230.41,-168.49,127.841,1250.13,-154.224,126.783,1196.27,-161.87,129.587,1264.93,-153.728,111.466,1192.49,-155.853,148.385,1261.94,-144.83,131.048,1227.56,-159.242,83.0881,1235.33,-149.11,83.969,1189.59,-145.686,51.1179,1245.66,-151.685,35.5703,1183.61,-144.235,11.0157,1259.24,-173.717,8.03314,1252.41,-157.486,162.868,1236.05,-165.518,171.406,1231.75,-163.374,185.205,1260.28,-157.672,175.601,0,0,0
013115:1239.84,-158.652,149.588,1245.68,-162.4,149.517,1245.05,-159.559,151.149,1249.68,-168.299,141.657,1249.44,-163.108,145.544,1232.82,-167.864,127.922,1250.6,-155.739,127.86,1196.27,-161.87,129.587,1265.1,-153.724,112.069,1190.33,-155.991,149.151,1262.49,-144.813,132.771,1229.83,-159.11,82.9779,1231.67,-149.348,85.0284,1192.7,-146.478,50.3421,1245.74,-151.681,35.8196,1185.17,-144.631,10.5882,1259.24,-173.717,8.03314,1254.12,-157.896,162.825,1236.05,-165.518,171.406,1233.34,-163.785,184.945,1260.12,-157.675,175.115,0,0,0
013116:1241.86,-160.518,146.915,1246.05,-163.249,147.861,1249.95,-161.434,147.798,1248.5,-168.652,142.243,1259.29,-166.321,141.919,1225.11,-167.273,129.805,1258.59,-155.251,125.213,1193.93,-162.004,129.806,1265.17,-153.722,112.316,1191.85,-156.388,148.862,1260.83,-144.409,133.089,1228.8,-159.183,84.6213,1242.85,-149.149,83.1289,1195.83,-147.273,49.5633,1250.58,-152.934,33.9609,1185.17,-144.631,10.5882,1259.24,-173.717,8.03314,1251.8,-158.035,163.595,1242.53,-167.178,170.548,1230.23,-164.455,185.454,1255.81,-157.946,177.803,0,0,0
013117:1234.03,-159.555,150.82,1238.62,-162.915,151.201,1240.33,-160.251,151.703,1250.01,-168.805,142.12,1254.82,-164.601,143.19,1230.81,-166.964,128.303,1247.89,-155.883,126.519,1176.16,-158.658,134.9,1265.17,-153.722,112.316,1187.45,-156.662,150.051,1269.26,-146.436,131.738,1236.34,-159.745,80.8147,1234.24,-149.68,83.159,1191.27,-147.58,50.7002,1248.22,-153.082,34.9292,1185.17,-144.631,10.5882,1260.78,-174.166,7.082,1251.8,-158.035,163.595,1241.07,-168.262,171.161,1241.6,-167.342,184.349,1253.4,-158.086,178.201,0,0,0
013118:1227.68,-159.743,153.28,1231.66,-163.552,154.104,1237.24,-159.711,153.48,1233.14,-169.727,147.094,1249.83,-162.577,145.221,1212.16,-167.981,134.112,1261.44,-155.096,126.236,1192.81,-163.069,131.57,1266.77,-154.139,111.729,1188.97,-157.06,149.763,1274.18,-146.118,130.798,1230.5,-161.628,84.4981,1248.51,-149.31,82.8106,1191.27,-147.58,50.7002,1245.79,-153.232,35.5371,1185.17,-144.631,10.5882,1260.78,-174.166,7.082,1251.8,-158.035,163.595,1241.16,-168.26,171.508,1237.12,-167.588,186.052,1249.54,-159.323,179.096,0,0,0
013119:1233.8,-158.892,149.556,1239.92,-162.163,150.391,1231.33,-157.526,152.188,1251.3,-168.826,142.277,1229.13,-159.504,146.98,1229.78,-167.024,129.09,1248.18,-155.878,127.926,1192.81,-163.069,131.57,1266.7,-154.142,111.481,1186.9,-157.193,150.864,1276.74,-145.957,130.683,1241.84,-162.501,79.0805,1235.25,-150.149,85.3545,1192.75,-147.981,50.0708,1245.02,-153.797,35.7288,1188.3,-145.426,9.73089,1260.78,-174.166,7.082,1256.1,-159.822,163.468,1242.76,-168.678,171.234,1234.16,-168.248,187.145,1249.54,-159.323,179.096,0,0,0
013120:1235.73,-159.076,150.756,1240.78,-162.489,151.696,1235.74,-157.584,152.563,1251.42,-170.2,143.185,1242.48,-160.638,144.699,1222.31,-167.434,131.842,1259.68,-155.195,125.992,1192.81,-163.069,131.57,1259.55,-154.583,113.897,1186.9,-157.193,150.864,1278.51,-146.364,130.607,1230.63,-161.609,82.4781,1242.27,-150.218,84.3872,1190.67,-149.629,50.9553,1240.04,-155.639,35.838,1188.3,-145.426,9.73089,1260.78,-174.166,7.082,1256.26,-159.818,163.954,1249.37,-170.354,170.614,1231.81,-168.372,187.526,1256.48,-160.43,176.597,0,0,0
013121:1237.92,-159.081,150.55,1243.45,-162.37,151.408,1242.93,-159.201,151.863,1253.73,-169.873,143.591,1246.31,-162.445,145.961,1229.37,-168.572,131.66,1253.96,-155.554,128.998,1192.96,-163.064,132.042,1267.01,-155.685,112.495,1188.9,-157.58,152.297,1278.76,-146.357,131.46,1233.27,-161.47,83.2253,1243.86,-151.16,85.6635,1190.89,-149.618,51.6781,1240.04,-155.639,35.838,1182.87,-146.296,10.5852,1260.78,-174.166,7.082,1254.7,-159.402,164.481,1243.89,-171.138,171.912,1224.88,-168.74,189.008,1258.9,-160.293,176.196,0,0,0
013122:1245.44,-160.422,148.824,1249.1,-163.341,150.462,1243.98,-159.075,151.557,1253.96,-169.971,144.319,1244.48,-162.019,146.582,1231.95,-168.922,128.811,1250.96,-155.711,127.293,1191.43,-162.659,132.347,1264.52,-154.147,123.99,1191.71,-158.383,151.021,1271.71,-146.828,134.286,1234.8,-161.372,82.3853,1242.26,-151.238,83.8875,1190.89,-149.618,51.6781,1237.42,-154.246,36.1177,1189.11,-147.893,8.87017,1260.71,-174.17,6.82961,1258.05,-160.229,164.155,1248.72,-172.404,171.088,1227.3,-168.616,188.974,1258.9,-160.293,176.196,0,0,0
013123:1246.55,-163.121,148.106,1248.24,-165.09,150.439,1245.42,-161.48,150.82,1253.65,-169.773,146.147,1248.77,-163.52,146.629,1227.64,-169.155,130.603,1255.57,-155.448,127.653,1191.51,-162.657,132.583,1267.01,-155.685,112.495,1193.23,-158.783,150.734,1268.59,-146.006,135.77,1230.44,-162.135,84.2182,1242.22,-151.248,84.6193,1198.8,-150.109,50.4908,1243.45,-154.919,35.7863,1190.68,-148.293,8.43941,1260.64,-174.174,6.57714,1259.62,-160.646,163.627,1246.41,-172.521,171.845,1227.3,-168.616,188.974,1259.32,-160.284,177.732,0,0,0
013124:1245.34,-162.539,152.901,1240.49,-165.035,155.517,1245.99,-161.976,154.811,1233.79,-169.684,150.08,1257.78,-165.415,146.547,1232.82,-168.888,130.178,1241.44,-155.784,130.408,1193.03,-163.061,132.278,1267.1,-155.683,112.851,1192.67,-159.314,151.445,1267,-145.597,136.333,1236.13,-161.822,84.6485,1234.27,-151.747,86.2805,1200.37,-150.511,50.1008,1243.45,-154.919,35.7863,1193.83,-149.097,7.57562,1257.19,-173.299,7.21909,1252.55,-161.052,165.584,1248.11,-172.942,171.92,1227.3,-168.616,188.974,1252.44,-160.687,180.216,0,0,0
013125:1235.94,-161.026,153.989,1237.15,-164.883,155.025,1238.2,-160.443,155.535,1242.57,-171.558,146.422,1249.16,-162.865,147.332,1233.15,-168.867,129.701,1240.48,-155.843,130.625,1196.1,-163.873,131.667,1265.81,-155.253,114.426,1192.74,-159.312,151.681,1268.76,-146.002,136.371,1236.47,-161.802,84.5876,1235.07,-151.696,86.0327,1209.64,-152.947,47.0154,1249.81,-155.598,36.8544,1195.33,-149.505,6.89808,1253.82,-172.422,8.10989,1259.01,-162.718,164.207,1250.52,-172.823,171.511,1236.88,-171.107,187.89,1254.46,-161.091,181.158,0,0,0
013126:1223.44,-157.752,149.92,1221.67,-160.534,152.33,1232.78,-158.999,150.418,1233.4,-168.756,145.087,1252.29,-164.119,142.193,1231.75,-168.934,129.078,1240.58,-155.831,130.135,1197.63,-164.28,131.36,1264.53,-154.824,115.997,1195.52,-160.635,152.761,1263.28,-146.88,138.141,1241.21,-163.064,83.1376,1234.85,-151.703,85.457,1209.64,-152.947,47.0154,1249.81,-155.598,36.8544,1191.66,-150.762,8.27824,1253.82,-172.422,8.10989,1254.18,-162.985,165.045,1247.58,-176.492,172.629,1246.54,-173.626,186.579,1255.31,-162.054,181.018,0,0,0
013127:1223.85,-157.795,152.291,1224.11,-161.371,153.98,1229.7,-158.596,153.54,1238.24,-170.294,145.247,1244.09,-162.699,145.812,1231.45,-168.952,129.569,1247.16,-155.448,130.162,1202.63,-165.492,131.624,1272.29,-155.924,115.562,1198.58,-161.441,152.189,1263.46,-146.877,138.847,1239.35,-163.166,83.4066,1238.18,-151.492,84.5779,1202.02,-150.91,49.9527,1254.62,-155.306,35.2781,1188,-152.013,9.65338,1260.64,-174.174,6.57714,1251.86,-163.116,165.812,1247.58,-176.492,172.629,1246.78,-173.62,187.299,1259.27,-163.855,179.857,0,0,0
013128:1240.08,-160.717,153.092,1240.44,-164.897,154.388,1239.36,-160.483,155.166,1241.65,-172.089,146.901,1242.53,-162.667,148.58,1223.26,-167.393,133.04,1247.18,-156.979,130.728,1196.53,-165.337,132.837,1272.29,-155.924,115.562,1200.04,-161.846,151.666,1266.96,-147.688,138.821,1239.76,-163.152,84.3784,1237.36,-151.555,85.7812,1200.44,-150.507,50.3432,1257.98,-156.147,34.4407,1185.72,-152.16,10.2798,1262.4,-174.611,6.38158,1253.49,-163.533,165.53,1245.18,-176.605,173.036,1244.48,-173.735,188.031,1254.27,-164.123,179.951,0,0,0
013129:1242.73,-161.911,154.787,1235.96,-164.385,157.322,1244.27,-162.053,156.501,1226.03,-168.55,151.929,1257.31,-166.068,148.004,1220.2,-167.56,133.989,1257.38,-157.921,129.769,1205.35,-166.819,129.844,1274.77,-155.778,115.067,1197.86,-161.976,152.431,1270.47,-148.5,138.687,1237.11,-163.299,84.8947,1238.28,-151.497,85.6704,1210.71,-153.897,47.5348,1260.45,-156.001,33.8267,1184.36,-153.259,11.0237,1262.4,-174.611,6.38158,1255.04,-163.952,165.004,1240.39,-176.831,173.738,1237.38,-175.578,189.064,1252.13,-164.248,181.394,0,0,0
013130:1241.36,-161.333,153.856,1236.04,-164.382,156.174,1244.31,-161.398,155.278,1229.68,-169.457,150.029,1259.32,-165.304,146.264,1224.57,-167.324,132.884,1258.56,-157.852,129.561,1205.56,-167.804,130.283,1270.49,-153.961,115.922,1208.48,-161.328,146.777,1270.47,-148.5,138.687,1237.95,-163.25,84.3827,1241.75,-152.303,84.8547,1208.47,-154.041,48.4622,1249.33,-157.158,34.3142,1185.84,-153.667,10.3542,1264.91,-174.491,5.71942,1258.47,-164.785,164.923,1248.66,-178.958,173.098,1237.38,-175.578,189.064,1264.4,-168.679,181.721,0,0,0
013131:1240.63,-161.499,152.597,1238.7,-164.688,155.338,1239.35,-159.797,155.397,1243.84,-171.782,148.623,1250.75,-162.154,147.672,1223.04,-167.404,133.099,1261.56,-158.179,127.685,1205.56,-167.804,130.283,1263.46,-154.397,118.708,1198,-163.447,152.761,1274.61,-148.755,137.912,1238.55,-163.216,84.2313,1245.3,-152.593,83.9455,1201.51,-154.475,50.1848,1258.21,-157.151,31.4416,1190.53,-154.885,9.06874,1270.02,-175.822,4.36626,1255.21,-164.477,168.158,1246.17,-179.07,173.155,1238.97,-176,188.808,1263.77,-168.694,179.777,0,0,0
013132:1240.22,-162.325,154.434,1240.08,-165.964,156.147,1242.12,-161.559,156.561,1245.85,-172.469,148.606,1252.24,-163.51,149.395,1234.53,-170.322,131.796,1264.21,-158.037,128.449,1205.64,-167.802,130.627,1263.55,-154.395,119.062,1198,-163.447,152.761,1278.32,-149.569,138.379,1236.95,-163.306,84.7754,1246.3,-152.535,84.0122,1207.24,-156.65,49.3949,1258.3,-157.15,31.8019,1190.81,-154.868,10.0426,1270.02,-175.822,4.36626,1254.51,-166.541,168.387,1247.78,-179.498,172.882,1243.78,-178.768,188.032,1259.7,-168.397,180.444,0,0,0
013133:1253.64,-162.712,145.963,1253.65,-166.096,147.975,1260.15,-161.938,147.531,1257.73,-172.091,141.759,1276.54,-164.547,140.182,1238.49,-170.093,127.515,1273.35,-157.489,124.613,1203.43,-167.924,131.427,1265.69,-154.794,120.211,1198,-163.447,152.761,1278.64,-149.56,139.37,1239.89,-164.66,82.5286,1247.15,-152.468,82.4425,1202.69,-156.931,50.8908,1254.2,-158.983,36.0972,1190.99,-156.375,10.3624,1260.71,-174.17,6.82961,1256.83,-167.934,167.476,1242.19,-180.252,173.719,1241.51,-180.371,188.759,1256.65,-169.065,181.453,0,0,0
013134:1239.96,-162.673,151.59,1239,-166.345,153.74,1240.1,-161.387,154.324,1241.33,-172.686,148.233,1249.39,-162.62,148.813,1237.91,-171.158,131.276,1261.28,-158.233,131.947,1210.31,-167.536,127.906,1268.23,-154.646,120.08,1196.53,-165.988,153.001,1278.81,-149.556,140.082,1241.99,-164.568,84.9553,1244.16,-152.686,86.329,1202.69,-156.931,50.8908,1252.6,-158.557,36.763,1195.7,-157.603,9.07386,1252.36,-171.972,9.30791,1253.72,-168.605,168.376,1250.3,-182.401,172.597,1233.61,-181.224,190.027,1259.91,-169.909,180.919,0,0,0
013135:1238.1,-162.444,151.724,1237.66,-166.432,153.825,1236.53,-160.711,154.838,1242.02,-173.466,148.187,1240.71,-161.033,150.507,1235.05,-171.31,132.859,1258.49,-157.88,132.154,1191.56,-169.064,134.861,1268.39,-154.641,120.575,1203.19,-167.605,153.51,1282.29,-150.38,139.701,1241.06,-164.622,85.5661,1244.47,-152.667,86.2646,1207.28,-158.166,49.2335,1252.6,-158.557,36.763,1194.97,-158.153,9.27495,1252.36,-171.972,9.30791,1248.99,-168.852,169.55,1244.7,-183.146,173.546,1233.61,-181.224,190.027,1250.49,-171.903,183.187,0,0,0
013136:1242.32,-162.841,155.518,1241.57,-166.829,156.98,1249.06,-163.391,156.089,1241.35,-173.776,150.344,1264.73,-166.883,147.411,1231.56,-171.494,134.664,1256.37,-158.005,132.724,1216.18,-170.21,126.303,1272.06,-155.464,120.901,1195.7,-168.503,155.149,1284.24,-150.788,140.24,1238.06,-164.788,86.541,1242.07,-152.817,86.9421,1207.28,-158.166,49.2335,1247.67,-157.29,38.2549,1195.19,-158.144,10.1131,1252.45,-171.971,9.66985,1248.28,-170.905,169.782,1243.91,-183.681,173.68,1250.36,-187.986,187.333,1257.06,-173.595,182.37,0,0,0
013137:1239.82,-162.482,156.049,1235.43,-165.89,158.297,1243.92,-162.337,157.203,1234.18,-172.602,151.812,1258.61,-165.672,148.576,1230.97,-171.522,134.412,1252.03,-157.747,133.654,1200.74,-171.535,133.041,1270.54,-155.042,121.727,1188.93,-168.867,156.405,1287.99,-151.61,140.823,1240.07,-164.682,86.549,1244.12,-152.694,86.8676,1207.28,-158.166,49.2335,1246.38,-156.852,39.9116,1193.8,-159.242,10.8645,1252.45,-171.971,9.66985,1255.08,-172.591,169.639,1239.58,-186.867,176.224,1247.15,-188.615,187.849,1261,-175.422,181.216,0,0,0
013138:1246.55,-165.106,154.63,1245.99,-168.698,156.294,1247.69,-164.059,156.539,1242.81,-173.927,150.11,1253.56,-164.964,149.679,1230.3,-171.555,134.407,1258.84,-157.364,133.936,1200.74,-171.535,133.041,1276.01,-154.187,119.529,1193.7,-170.085,156.265,1285.04,-152.323,142.747,1237.49,-164.827,87.5417,1244.59,-152.673,87.5535,1207.28,-158.166,49.2335,1246.38,-156.852,39.9116,1197.13,-161.577,10.3309,1252.45,-171.971,9.66985,1256.84,-174.529,169.595,1250.8,-189.918,174.337,1251,-190.46,186.613,1262.83,-177.362,181.427,0,0,0
013139:1239.05,-163.217,157.507,1235.6,-166.617,159.598,1241.5,-163.017,159.014,1231.92,-172.252,153.156,1254.11,-165.804,150.612,1230.29,-171.558,134.786,1255.75,-157.537,133.747,1200.74,-171.535,133.041,1281.93,-153.869,122.158,1193.7,-170.085,156.265,1288.69,-153.149,142.868,1236.52,-163.852,86.3524,1243.46,-152.221,87.1733,1207.28,-158.166,49.2335,1246.38,-156.852,39.9116,1199.54,-162.956,9.67337,1250.07,-172.092,10.6827,1262.51,-176.789,168.371,1246.43,-192.584,173.724,1247.29,-191.096,185.364,1255.66,-179.207,182.96,0,0,0
013140:1242.46,-163.912,153.711,1240.92,-165.878,155.717,1245.86,-164.741,155.114,1238.74,-168.151,151.093,1257.73,-169.475,148.612,1239.91,-171.069,132.98,1250.75,-157.322,134.981,1211.57,-173.442,128.809,1274.56,-154.313,123.969,1196.09,-169.96,156.106,1286.45,-153.293,144.288,1244.4,-164.45,86.5559,1238.76,-152.009,88.9526,1207.43,-158.159,49.7195,1246.38,-156.852,39.9116,1199.54,-162.956,9.67337,1256.85,-173.839,9.1638,1261.79,-177.332,168.86,1252.63,-194.356,171.802,1249.6,-194.005,184.735,1254.81,-181.256,182.735,0,0,0
013141:1238.47,-164.586,156.308,1237.84,-168.154,158.074,1243.97,-164.591,157.549,1238.97,-173.959,152.201,1258.83,-167.195,150.28,1225.97,-171.785,136.944,1254.79,-157.102,136.063,1213.45,-174.86,131.536,1264.68,-153.362,126.158,1197.69,-170.367,156.059,1288.41,-153.705,144.832,1236.67,-164.87,87.9422,1241.17,-151.353,89.304,1210.6,-158.982,48.935,1236.48,-154.352,42.3629,1199.54,-162.956,9.67337,1256.92,-173.835,9.41551,1262.72,-178.305,169.069,1252.36,-194.362,170.748,1237.89,-195.419,184.686,1254.56,-182.77,181.681,0,0,0
013142:1241.02,-164.901,154.333,1234.92,-167.701,157.333,1250.66,-164.745,154.997,1230.57,-173.185,152.891,1274.58,-168.314,146.027,1222.95,-172.438,137.629,1258.18,-156.89,134.124,1201.74,-175.433,133.13,1264.68,-153.362,126.158,1197.69,-170.367,156.059,1280.92,-154.151,146.19,1238.5,-165.792,87.963,1245.29,-151.093,88.2774,1210.6,-158.982,48.935,1230.82,-153.674,43.8724,1202.77,-163.786,9.05573,1256.92,-173.835,9.41551,1246.9,-181.025,169.685,1251.23,-194.902,169.812,1249.04,-198.513,182.862,1255.96,-184.717,180.578,0,0,0
013143:1240.36,-165.352,157.18,1233.56,-167.411,160.51,1247.46,-165.001,158.001,1226.08,-171.374,156.471,1270.17,-168.652,148.518,1227.59,-172.707,137.197,1257.19,-157.974,134.718,1201.88,-175.428,133.604,1268.22,-152.64,126.516,1199.22,-170.778,155.776,1289.59,-156.238,145.142,1237.85,-165.832,89.346,1238.03,-151.55,89.9356,1223.41,-162.303,45.7681,1237.46,-155.331,42.7163,1206.03,-164.621,8.54344,1256.58,-173.842,7.96387,1246.2,-181.56,170.278,1250.87,-197.918,168.631,1248.48,-201.522,180.878,1266.32,-188.325,177.997,0,0,0
013144:1243.45,-165.799,158.825,1243.11,-169.335,160.361,1256.02,-165.821,158.491,1242.5,-174.249,153.349,1279.55,-168.401,147.816,1233.13,-173.432,135.887,1265.84,-157.473,133.281,1206.59,-176.681,132.925,1280.05,-152.448,125.232,1200.75,-171.19,155.494,1288.05,-155.814,146.058,1235.72,-165.951,90.2496,1239.08,-151.489,90.173,1229.36,-163,45.7964,1235.82,-154.916,43.1219,1204.53,-165.72,8.95189,1256.58,-173.842,7.96387,1252.5,-183.293,168.69,1245.29,-199.602,166.972,1248.48,-201.522,180.878,1256.46,-188.714,179.255,0,0,0
013145:1246.68,-165.64,158.009,1247.2,-170.1,159.271,1254.12,-165.522,158.422,1245.52,-176.876,152.504,1264.47,-166.113,150.346,1232.35,-173.978,136.828,1257.74,-157.947,135.164,1206.59,-176.681,132.925,1288.15,-153.535,125.254,1202.29,-171.602,155.21,1285.64,-155.958,146.867,1239.08,-165.776,90.3295,1241.4,-151.362,91.8771,1229.36,-163,45.7964,1235.99,-154.913,43.8323,1201.74,-166.383,10.8766,1256.58,-173.842,7.96387,1260.48,-185.475,166.809,1246.66,-200.055,165.973,1254.48,-204.829,178.621,1256.47,-190.222,179.254,0,0,0
013146:1244.91,-165.43,158.905,1246.34,-169.57,160.629,1254.11,-165.629,159.604,1249.87,-176.284,153.912,1267.62,-167.287,151.866,1232.67,-173.97,138.006,1263.17,-157.645,135.705,1208.14,-177.101,132.619,1277.85,-153.137,129.632,1203.82,-172.015,154.926,1286.95,-156.932,148.053,1238.78,-165.792,90.4727,1244.41,-151.175,91.4179,1224.68,-163.266,47.3236,1237.65,-155.33,43.5353,1206.57,-167.641,9.83002,1256.58,-173.842,7.96387,1259.16,-186.026,164.943,1249.56,-200.959,164.452,1252.66,-205.882,178.301,1258.09,-192.171,178.986,0,0,0
013147:1249.89,-165.326,157.235,1250.02,-168.802,158.977,1259.88,-165.384,157.487,1249.49,-174.026,152.901,1275.42,-167.193,149.113,1236.75,-173.763,136.479,1265.84,-157.991,133.842,1208.14,-177.101,132.619,1276.24,-152.719,130.204,1203.82,-172.015,154.926,1283.12,-158.197,149.748,1239.27,-165.756,89.0098,1242.83,-151.256,90.0247,1234.32,-164.253,43.7015,1240.4,-155.178,44.3653,1206.64,-169.16,9.80774,1256.8,-173.829,8.71926,1245.36,-187.596,167.074,1250.66,-201.422,162.171,1253.31,-209.359,175.179,1271.6,-196.726,175.475,0,0,0
013148:1249.9,-166.529,157.415,1247.81,-169.725,159.47,1258.18,-166.668,158.241,1243.74,-174.508,154.425,1271.83,-168.41,150.979,1239.7,-175.648,138.356,1265.19,-158.044,135.681,1215.7,-179.22,130.256,1281.21,-152.417,129.255,1205.36,-172.428,154.642,1286.59,-159.037,149.387,1237.94,-165.854,92.704,1243.37,-151.258,93.3077,1232.87,-165.368,45.574,1242.05,-155.594,43.9601,1199.87,-169.524,12.6566,1254.82,-173.407,8.15728,1254.81,-190.231,164.672,1251.74,-203.391,160,1264.24,-212.581,171.957,1262.31,-198.052,176.248,0,0,0
013149:1249.8,-167.972,159.701,1250.02,-171.607,160.876,1257.46,-168.207,160.228,1252.59,-177.145,153.995,1269.12,-169.763,152.851,1238.14,-175.728,139.423,1263.73,-158.138,137.014,1215.7,-179.22,130.256,1278.77,-151.016,130.359,1205.36,-172.428,154.642,1284.09,-159.178,149.835,1237.28,-165.884,92.1512,1242.24,-151.322,92.9189,1227.34,-164.658,47.5315,1242.35,-155.58,44.9526,1199.87,-169.524,12.6566,1254.82,-173.407,8.15728,1252.39,-190.325,165.093,1251.5,-203.397,159.165,1264.95,-213.069,168.229,1245.52,-198.117,176.711,0,0,0
013150:1251.76,-168.793,155.101,1247.09,-171.706,157.631,1255.65,-167.883,156.888,1237.54,-174.555,153.932,1267.19,-168.653,150.461,1239.2,-175.666,137.586,1264.16,-158.099,135.402,1210.86,-177.956,130.707,1281.51,-150.857,130.847,1206.83,-172.845,154.12,1271.61,-158.886,155.289,1238.16,-165.819,89.7594,1242.42,-151.287,90.5783,1227.34,-164.658,47.5315,1248.98,-157.253,43.3279,1199.94,-169.52,12.9006,1255.34,-173.396,10.3325,1257.25,-191.649,164.249,1257.59,-205.222,156.807,1254.46,-214.832,167.668,1250.78,-200.436,174.479,0,0,0
013151:1260.58,-169.401,153.51,1260.14,-171.621,155.79,1254.57,-168.754,156.948,1253.98,-173.224,153.022,1241.87,-169.285,155.754,1230.87,-175.572,140.253,1248.53,-159.003,138.305,1210.86,-177.956,130.707,1273.67,-150.325,134.242,1209.92,-173.676,153.549,1270.02,-158.466,155.83,1239.88,-164.719,91.0785,1231.45,-151.984,93.7672,1227.34,-164.658,47.5315,1248.98,-157.253,43.3279,1199.94,-169.52,12.9006,1250.31,-172.084,11.6564,1259.35,-191.565,162.413,1254.98,-205.299,156.648,1241.89,-215.134,168.225,1260.33,-203.14,172.363,0,0,0
013152:1256.94,-166.629,153.145,1266.46,-170.191,153.516,1254.77,-166.662,156.051,1283.85,-175.232,146.247,1241.22,-168.296,155.054,1240.47,-175.111,138.792,1260.09,-158.33,135.74,1210.86,-177.956,130.707,1278.8,-150.014,134.019,1216.13,-175.347,152.292,1270.02,-158.466,155.83,1229.49,-165.301,95.0156,1237.05,-152.17,95.1203,1223.57,-164.36,49.3556,1242.35,-155.58,44.9526,1212.79,-172.911,9.95486,1245.31,-170.78,12.9726,1259.19,-193.084,161.927,1237.3,-205.823,157.183,1241.08,-215.157,165.276,1265.8,-203.979,170.559,0,0,0
013153:1260.02,-167.283,155.108,1261.86,-171.361,156.415,1265.13,-166.876,156.769,1253.94,-175.835,152.632,1265.07,-166.487,153.012,1236.65,-175.291,138.76,1263.69,-158.139,136.952,1206.24,-178.175,131.625,1281.28,-149.86,133.55,1211.07,-175.583,151.43,1266,-158.19,156.911,1235.05,-164.973,90.8572,1246.79,-151.527,89.6432,1232.44,-165.916,47.1832,1251.19,-157.117,41.8728,1214.32,-173.343,9.27603,1245.31,-170.78,12.9726,1260.74,-194.533,158.384,1238.91,-205.774,154.021,1245.06,-216.558,161.82,1253,-205.866,170.748,0,0,0
013154:1254.41,-169.001,156.91,1253.14,-172.704,158.56,1259.26,-168.076,158.394,1245.53,-176.884,153.799,1266.11,-167.335,152.441,1234.21,-175.406,138.811,1260.2,-156.808,137.81,1208.57,-179.55,131.161,1278.92,-148.461,134.895,1211.07,-175.583,151.43,1264.23,-158.315,159.73,1231.39,-165.176,92.0824,1249.71,-153.802,89.2726,1232.44,-165.916,47.1832,1253.46,-156.976,40.5541,1214.32,-173.343,9.27603,1245.31,-170.78,12.9726,1258.21,-194.624,158.464,1248.5,-208.495,152.281,1256.14,-219.811,159.244,1257.21,-207.246,167.767,0,0,0
013155:1252.52,-168.476,156.856,1253.68,-172.231,158.36,1256.13,-167.433,159.008,1250.23,-176.421,153.423,1260.3,-166.797,154.275,1243.28,-177.997,137.523,1270.53,-159.26,136.934,1211.61,-180.399,130.306,1277.22,-148.049,135.214,1214.18,-176.421,150.851,1269.36,-159.56,159.346,1229.96,-165.25,91.8637,1245.36,-152.53,89.3741,1235.7,-166.764,46.3837,1253.5,-158.531,40.2752,1214.32,-173.343,9.27603,1245.31,-170.78,12.9726,1262.79,-195.973,156.513,1247.76,-208.516,149.553,1253.42,-219.87,158.616,1256.82,-207.257,166.56,0,0,0
013156:1253.88,-169.465,158.314,1254.45,-173.54,160.218,1257.51,-168.071,160.615,1249.18,-178.261,155.722,1260.6,-166.398,155.943,1236.64,-178.311,139.822,1263.8,-157.933,139.173,1211.61,-180.399,130.306,1272.43,-146.816,137.231,1214.18,-176.421,150.851,1276.84,-160.677,158.036,1230.93,-165.208,93.0539,1246.77,-151.315,90.32,1235.7,-166.764,46.3837,1251.83,-158.109,40.6867,1219.07,-174.638,7.72522,1245.31,-170.78,12.9726,1260.71,-197.053,155.034,1247.89,-209.515,147.033,1254.11,-221.372,152.221,1259.3,-208.191,163.04,0,0,0
013157:1255.05,-169.066,159.097,1256,-172.859,160.428,1262.29,-168.964,159.951,1254.53,-177.932,154.383,1268.95,-168.985,153.615,1240.85,-178.113,138.552,1265.19,-158.721,139.505,1203.65,-181.252,130.803,1269.62,-145.984,139.588,1215.74,-176.842,150.561,1278.84,-161.09,158.727,1233.38,-165.065,91.4223,1250.98,-152.83,89.2889,1238.9,-167.619,45.3341,1240.55,-156.708,44.26,1219.21,-174.629,8.21872,1245.31,-170.78,12.9726,1265.55,-198.405,153.912,1247.55,-209.525,145.621,1256.73,-222.33,149.701,1273.66,-211.849,155.985,0,0,0
013158:1251.14,-169.224,161.172,1251.06,-173.264,162.193,1257.39,-169.268,162.065,1245.62,-178.914,156.49,1265.74,-169.451,155.502,1232.15,-178.522,141.147,1266.53,-159.859,141.58,1206.81,-182.097,130.425,1272.4,-145.817,140.226,1217.29,-177.262,150.164,1278.84,-161.09,158.727,1222.38,-164.177,95.3967,1247.38,-152.779,93.01,1238.9,-167.619,45.3341,1230.72,-154.218,46.6757,1227.59,-176.8,10.3182,1245.31,-170.78,12.9726,1266.79,-198.868,152.287,1253.8,-209.858,143.466,1252.9,-221.409,147.921,1272.25,-211.378,157.008,0,0,0
013159:1262.64,-169.921,157.228,1264.64,-173.742,158.747,1269.02,-169.898,158.813,1258.29,-177.588,154.637,1273.58,-170.206,154,1242.95,-178.023,139.526,1269.96,-160.044,138.425,1219.39,-181.546,130.705,1280.39,-145.323,141.018,1217.29,-177.262,150.164,1278.84,-161.09,158.727,1226.64,-163.04,93.5388,1248.94,-152.343,90.1546,1233.3,-168.427,46.7068,1236.07,-155.438,46.954,1229.63,-177.202,8.26339,1245.31,-170.78,12.9726,1272.25,-198.176,150.045,1251.9,-208.908,139.887,1252.56,-221.42,146.502,1271.41,-209.882,154.092,0,0,0
013160:1246.05,-169.199,160.316,1245.5,-173.26,161.544,1251.3,-169.026,161.8,1237.71,-177.781,156.003,1259.91,-169.129,155.153,1238.05,-178.245,139.494,1261.4,-159.545,139.665,1206.89,-182.095,130.662,1280.63,-145.316,141.762,1212.03,-178.01,151.643,1273.99,-161.363,159.944,1227.92,-163.917,92.3992,1250.39,-152.513,89.811,1232,-169.524,48.0427,1236.15,-155.436,47.309,1229.7,-177.198,8.51148,1245.31,-170.78,12.9726,1266.8,-196.834,149.139,1261.46,-210.163,137.085,1261.74,-222.754,142.753,1282.51,-211.629,150.068,0,0,0
013161:1247.42,-168.452,161.47,1249.96,-173.274,162.8,1255.47,-168.55,162.413,1253.07,-181.069,155.911,1265.67,-168.946,155.527,1236.66,-177.793,139.493,1260.58,-158.912,141.464,1206.89,-182.095,130.662,1280.81,-145.313,142.474,1223.04,-180.971,149.85,1271.52,-161.5,160.374,1229.18,-164.319,93.8844,1244.14,-151.476,92.9262,1230.45,-169.094,48.6859,1239.44,-156.268,46.5058,1227.51,-177.3,9.90111,1242,-169.914,13.846,1276.58,-196.495,146.62,1263.18,-208.602,133.946,1255.09,-220.877,143.475,1286.54,-212.039,148.593,0,0,0
013162:1257.16,-170.742,160.021,1254.19,-175.019,162,1257.34,-170.113,162.619,1241.9,-180.279,157.813,1256.21,-169.229,158.114,1243.25,-177.654,140.071,1248.57,-159.388,143.764,1211.54,-183.372,129.736,1282.83,-145.713,143.154,1223.04,-180.971,149.85,1269.32,-161.63,161.753,1236.11,-164.271,92.6615,1238.53,-151.238,93.9127,1222.45,-168.496,50.6413,1239.44,-156.268,46.5058,1227.23,-178.356,15.4848,1242,-169.914,13.846,1280.44,-196.872,144.876,1272.48,-207.326,132.58,1271.68,-220.55,137.34,1286.05,-212.053,146.887,0,0,0
013163:1256.65,-170.21,160.059,1255.03,-174.205,161.527,1260.68,-170.743,161.476,1247.76,-180.551,156.619,1264.97,-171.581,156.219,1231.62,-179.381,141.403,1261.39,-159.739,143.789,1213.1,-183.8,129.426,1281.21,-145.302,143.714,1220.7,-181.077,150.284,1267.74,-161.21,162.286,1225.67,-165.545,95.2343,1240.92,-152.055,94.7483,1219.31,-167.648,51.6698,1241.94,-156.122,46.2719,1227.45,-178.344,16.2266,1249.1,-167.988,11.3249,1275.64,-194.991,143.674,1270.59,-206.871,132.16,1274.98,-219.476,132.82,1296.65,-214.362,143.546,0,0,0
013164:1260.51,-170.873,158.887,1261.02,-175.047,160.294,1261.37,-171.087,160.805,1255.05,-181.875,155.439,1257.92,-171.527,156.75,1237.02,-178.626,140.581,1259.98,-161.759,143.021,1215.03,-184.215,130.308,1286.92,-143.41,146.181,1214.04,-181.386,152.96,1267.74,-161.21,162.286,1231.51,-164.72,94.0162,1247.07,-152.915,92.9997,1219.31,-167.648,51.6698,1242.95,-155.553,47.0453,1225.05,-178.456,16.861,1249.02,-167.993,11.0741,1273.81,-194.544,143.377,1275.17,-206.741,129.409,1284.33,-219.291,128.315,1298.78,-212.769,141.352,0,0,0
013165:1283.65,-170.209,156.333,1284.41,-174.438,157.639,1292.92,-169.806,156.572,1277.23,-180.467,152.437,1299.84,-169.547,149.83,1238.91,-177.181,140.692,1284.35,-160.479,139.035,1215.03,-184.215,130.308,1282.12,-142.181,148.098,1215.47,-181.815,152.412,1267.74,-161.21,162.286,1223.65,-164.616,96.4939,1252.24,-154.351,92.6461,1221.83,-169.037,51.3177,1242.95,-155.553,47.0453,1224.97,-178.46,16.614,1249.02,-167.993,11.0741,1275.87,-194.466,141.241,1278.41,-204.603,128.495,1278.01,-216.878,127.727,1281.17,-209.631,141.791,0,0,0
013166:1264.24,-170.555,159.174,1263.69,-174.905,160.506,1264.74,-170.551,161.141,1253.65,-181.552,155.747,1258.53,-170.652,157.237,1244.15,-177.461,140.217,1256.8,-160.279,143.941,1210.46,-184.415,131.576,1282.12,-142.181,148.098,1207.34,-179.713,152.664,1266.01,-160.794,162.33,1234.54,-165.077,94.5066,1249.19,-153.791,93.1846,1223.73,-169.446,51.9044,1236.82,-155.421,49.9326,1228.87,-180.319,14.7091,1249.02,-167.993,11.0741,1274.95,-193.476,141.038,1266.46,-201.399,129.75,1286.33,-216.181,125.487,1277.4,-208.712,140.724,0,0,0
013167:1252.49,-170.547,160.574,1253.02,-174.567,161.871,1256.58,-170.675,161.862,1251.75,-181.257,156.099,1258.64,-171.607,156.795,1231.48,-178.364,141.552,1263.85,-162.249,143.292,1210.39,-184.418,131.338,1282.12,-142.181,148.098,1207.34,-179.713,152.664,1269.88,-161.616,163.468,1229.91,-164.646,95.6564,1250.46,-154.216,93.5248,1226.95,-170.296,51.1193,1239.43,-156.812,49.7842,1230.5,-180.758,14.2781,1249.02,-167.993,11.0741,1278.94,-192.304,139.551,1268.56,-198.274,127.817,1284.1,-215.725,124.081,1270.1,-206.88,139.544,0,0,0
013168:1256.29,-170.551,159.993,1255.94,-174.605,161.396,1252.46,-169.934,162.225,1253.12,-181.431,155.516,1247.02,-169.343,157.695,1239.03,-179.919,140.209,1258.8,-160.604,143.4,1214.9,-184.221,130.048,1285.2,-142.003,149.82,1205.04,-179.819,153.091,1273.47,-160.915,164.214,1234.68,-166.061,94.2283,1249.57,-152.977,93.2754,1228.78,-170.711,51.462,1237.96,-156.393,50.8928,1237.26,-182.507,13.2917,1249.02,-167.993,11.0741,1276.11,-190.872,139.035,1270.22,-195.665,127.496,1301.95,-214.806,116.501,1276.02,-204.674,139.016,0,0,0
013169:1255.02,-170.953,160.436,1261.89,-175.236,160.429,1247.3,-171.556,163.309,1274.15,-182.547,151.445,1228.45,-173.248,160.738,1247.01,-180.508,138.673,1271.83,-161.48,141.109,1408.14,-176.462,108.74,1281.98,-141.189,151.14,1205.04,-179.819,153.091,1272.83,-159.934,165.101,1232.93,-166.619,99.3911,1249,-153.354,97.3834,1229.08,-170.697,52.4436,1237.96,-156.393,50.8928,1238.33,-183.488,13.9243,1249.02,-167.993,11.0741,1277.51,-188.254,137.992,1278.64,-194.856,126.13,1302.77,-212.712,115.959,1306.74,-203.763,133.795,0,0,0
013170:1247.76,-171.31,159.467,1262.67,-175.453,158.622,1236.47,-171.401,163.545,1291.62,-181.981,148.592,1204.7,-171.866,164.98,1249.37,-180.302,139.311,1269.39,-159.292,142.474,1217.96,-185.082,129.188,1281.1,-140.765,154.134,1205.04,-179.819,153.091,1271.48,-159.508,166.367,1236.07,-166.893,95.4423,1253.73,-152.227,96.9231,1232.32,-171.551,51.6574,1242.53,-156.109,48.6565,1241.77,-184.368,13.554,1249.02,-167.993,11.0741,1288.26,-188.86,135.233,1271.95,-193.047,127.423,1295.25,-208.242,117.968,1292.19,-202.135,136.731,0,0,0
013171:1259.92,-173.483,159.733,1267.34,-177.702,158.957,1254.83,-174.082,162.25,1267.41,-182.706,151.587,1232.26,-174.199,160.491,1242.39,-179.268,139.805,1269.69,-159.401,142.108,1217.96,-185.082,129.188,1281.19,-140.764,154.488,1207.34,-179.713,152.664,1276.5,-159.227,165.881,1226.01,-167.256,97.5472,1251.25,-152.426,96.4428,1235.28,-172.424,49.883,1247.49,-157.363,47.4509,1241.77,-184.368,13.554,1249.02,-167.993,11.0741,1280.21,-186.608,138.047,1255.64,-191.621,131.318,1292.7,-206.762,118.469,1291.42,-202.674,137.251,0,0,0
013172:1245.56,-172.669,160.516,1257.89,-176.43,159.79,1241.16,-173.506,163.541,1278.31,-182.602,151.039,1219.44,-175.543,163.466,1236.04,-181.246,141.987,1276.78,-161.134,141.306,1216.48,-184.651,129.846,1283.21,-141.159,155.179,1207.34,-179.713,152.664,1277.01,-159.216,167.789,1225.22,-166.391,96.6187,1251.78,-152.601,95.8027,1243.08,-173.055,46.7,1243.41,-157.088,48.4421,1243.49,-184.809,13.3684,1249.02,-167.993,11.0741,1280.21,-186.608,138.047,1273.12,-190.961,128.698,1277.73,-202.572,122.192,1285.79,-198.741,139.54,0,0,0
013173:1260.75,-171.99,160.027,1263.64,-176.613,160.343,1256,-172.504,162.93,1260.24,-183.904,154.052,1239.57,-173.135,160.935,1240.57,-180.169,141.574,1282.95,-161.101,140.917,1214.23,-184.749,130.655,1279.47,-140.913,157.471,1211.88,-179.5,151.462,1283.9,-159.348,167.512,1224.32,-166.752,98.8898,1252,-152.615,96.2479,1244.72,-173.488,46.2984,1242.71,-157.645,48.8767,1245.22,-185.251,13.1824,1249.02,-167.993,11.0741,1290.69,-184.641,137.865,1268.74,-186.015,129.019,1275.29,-200.601,120.053,1289.2,-196.046,135.398,0,0,0
013174:1254.79,-173.409,161.413,1262.15,-177.46,161.169,1251.13,-173.554,163.995,1273.71,-183.103,152.577,1237.32,-173.756,161.417,1246.77,-181.227,138.976,1254.53,-162.174,144.021,1214.15,-184.752,130.417,1277.86,-140.508,158.014,1211.88,-179.5,151.462,1283.9,-159.348,167.512,1244.64,-167.129,91.7516,1245.12,-153.165,93.2605,1244.8,-173.485,46.5461,1253.75,-160.621,44.059,1242.85,-185.352,14.1888,1248.94,-167.994,10.7131,1288.07,-181.65,138.239,1269.5,-182.401,128.985,1281.64,-196.283,117.719,1268.76,-190.635,138.065,0,0,0
013175:1256.27,-173.53,159.687,1267.21,-178.11,159.255,1251.88,-173.486,162.85,1283.94,-184.673,150.843,1228.28,-173.184,163.023,1251.21,-181.654,137.591,1260.57,-160.767,145.181,1214.08,-184.755,130.179,1277.86,-140.508,158.014,1211.88,-179.5,151.462,1288.07,-158.082,167.068,1228.35,-167.768,98.8426,1242.12,-152.441,97.8632,1244.8,-173.485,46.5461,1253.75,-160.621,44.059,1246.15,-186.246,13.3188,1256.34,-167.606,8.75841,1272.68,-176.689,143.065,1276.29,-179.539,128.35,1295,-192.712,117.775,1261.33,-189.395,139.346,0,0,0
013176:1251.26,-173.043,162.044,1248.77,-176.499,163.841,1257.07,-173.211,163.105,1248.66,-183.092,157.277,1265.87,-174.388,156.412,1247.59,-183.681,137.857,1267.94,-163.33,143.405,1215.64,-185.184,129.869,1272.95,-140.842,158.874,1214.72,-178.868,150.069,1291.63,-157.37,167.472,1236.69,-167.013,93.6396,1248.26,-152.509,93.6344,1243.47,-174.582,47.8924,1252.08,-160.198,44.4663,1243.69,-186.348,13.9651,1256.34,-167.606,8.75841,1272.59,-176.691,142.709,1265.46,-176.455,133.296,1258.37,-182.369,131.677,1259.08,-186.442,140.655,0,0,0
013177:1244.18,-172.122,163.524,1255.18,-176.619,162.937,1243.41,-172.807,165.558,1285.67,-183.501,151.429,1231.43,-173.811,162.654,1245.2,-180.785,138.841,1262.8,-162.048,145.291,1220.41,-186.473,129.176,1263.29,-141.502,160.93,1214.72,-178.868,150.069,1290.01,-156.949,168.007,1226.94,-168.156,98.6487,1241.58,-154.417,99.7895,1245.11,-175.016,47.4921,1250.41,-159.775,44.8728,1243.69,-186.348,13.9651,1256.34,-167.606,8.75841,1285.09,-174.563,140.67,1260.81,-175.148,135.221,1256.81,-181.93,132.237,1256.78,-182.493,144.552,0,0,0
013178:1248.32,-174.203,162.396,1243.1,-177.232,164.733,1254.37,-174.419,163.482,1240.43,-182.992,158.881,1266.06,-175.421,156.485,1246.51,-183.745,137.65,1257.48,-163.035,145.021,1223.56,-187.338,128.552,1263.45,-141.498,161.42,1216.13,-179.295,149.303,1287.4,-156.096,171.562,1239.79,-167.945,91.8766,1245.13,-153.905,93.2506,1246.76,-175.451,47.0911,1247.88,-159.917,45.1104,1242.12,-185.897,14.6482,1253.78,-167.738,9.04975,1282.14,-172.136,143.011,1268.99,-174.245,133.668,1248.87,-179.75,134.536,1257.7,-180.426,144.898,0,0,0
013179:1246.41,-174.022,163.848,1247.22,-177.919,164.536,1255.54,-173.978,164.528,1251.05,-184.276,156.323,1266.15,-174.013,157.177,1241.81,-183.296,138.361,1268.48,-162.268,143.602,1223.56,-187.338,128.552,1263.61,-141.493,161.909,1219.33,-180.14,148.958,1280.88,-154.426,173.426,1238.1,-168.453,93.8955,1251.8,-153.656,93.4462,1246.76,-175.451,47.0911,1241.18,-158.237,46.3693,1248.6,-188.204,15.5922,1253.78,-167.738,9.04975,1280.63,-170.155,144.186,1270.47,-172.138,136.072,1264.53,-180.066,132.168,1263.11,-181.719,145.563,0,0,0
013180:1244.75,-175.679,160.256,1259.51,-179.096,159.563,1237.8,-175.194,163.724,1299.86,-184.488,147.95,1208.34,-175.551,164.758,1250.48,-184.415,138.856,1258.14,-162.46,144.915,1223.56,-187.338,128.552,1263.61,-141.493,161.909,1226.22,-181.315,146.946,1286.38,-154.12,174.734,1231.02,-169.318,96.3596,1243.77,-153.544,98.1425,1250.07,-176.324,46.2867,1241.18,-158.237,46.3693,1245.42,-188.849,16.8072,1253.78,-167.738,9.04975,1274.72,-168.417,148.095,1277.12,-170.782,135.082,1263.26,-179.618,133.71,1253.28,-179.113,147.371,0,0,0
013181:1254.7,-175.017,161.466,1256.34,-180.258,162.28,1258.47,-174.71,162.935,1255.76,-187.718,155.222,1256.58,-173.278,157.947,1243.46,-182.536,139.08,1250.88,-163.068,146.517,1218.43,-187.543,127.747,1266.05,-141.329,161.593,1227.8,-181.743,146.65,1285.09,-153.696,176.246,1242.89,-168.407,93.1867,1244.4,-154.218,95.6761,1250.15,-177.868,46.3815,1238.84,-158.395,49.165,1250.39,-190.202,15.5086,1253.78,-167.738,9.04975,1285.19,-167.894,148.218,1277.11,-169.77,137.964,1254.02,-176.998,137.54,1249.63,-175.753,149.804,0,0,0
013182:1262.36,-174.673,160.389,1263.19,-179.072,160.911,1259.5,-174.673,163.029,1263.46,-186.33,152.892,1251.32,-174.552,158.593,1254.67,-184.496,138.017,1249.71,-161.784,146.046,1223.56,-187.338,128.552,1266.05,-141.329,161.593,1233.96,-181.965,144.77,1285.09,-153.696,176.246,1242.09,-168.558,93.1261,1241.61,-152.972,95.4524,1247.7,-177.982,46.9772,1240.6,-158.253,44.0929,1252.8,-190.11,14.6114,1253.78,-167.738,9.04975,1280.28,-166.605,149.625,1276.46,-168.778,138.76,1251.12,-174.609,139.604,1249.69,-173.243,152.874,0,0,0
013183:1260.9,-175.319,158.556,1273.29,-179.286,157.713,1249.5,-174.857,162.673,1299.54,-184.546,146.802,1215.72,-174.374,163.386,1258.97,-183.911,133.769,1252.51,-161.724,146.781,1223.64,-187.336,128.792,1264.52,-141.479,165.631,1235.55,-182.396,144.471,1285.09,-153.696,176.246,1235.66,-169.018,95.7322,1240.12,-153.192,101.865,1245.41,-178.09,48.1769,1240.52,-158.254,43.7366,1260.46,-189.817,13.5004,1253.78,-167.738,9.04975,1279.79,-164.067,151.282,1278.39,-166.111,139.714,1244.49,-171.393,140.6,1237.02,-169.857,155.824,0,0,0
013184:1255.54,-175.559,160.616,1265.14,-179.478,160.061,1249.63,-175.222,163.691,1290.3,-185.792,148.593,1224.61,-175.565,162.25,1261.26,-184.541,133.118,1256.75,-162.826,145.743,1220.41,-186.473,129.176,1264.52,-141.479,165.631,1235.55,-182.396,144.471,1275.54,-149.676,180.096,1235.31,-168.922,95.8698,1241.95,-153.644,101.578,1245.41,-178.09,48.1769,1240.44,-158.258,43.4889,1263.76,-190.732,12.3693,1253.93,-167.729,9.55293,1274.91,-162.793,152.676,1263.72,-164.359,146.47,1254.39,-170.9,139.73,1245.76,-168.924,157.243,0,0,0
013185:1246.14,-174.574,162.156,1246.64,-178.851,163.149,1247.64,-173.739,164.493,1251.51,-185.443,155.442,1254.16,-173.287,158.853,1246.32,-185.242,135.835,1258.39,-161.427,144.573,1220.41,-186.473,129.176,1264.52,-141.479,165.631,1235.55,-182.396,144.471,1280.51,-149.914,182.204,1239.08,-169.324,91.6756,1247.97,-153.482,92.8845,1245.41,-178.09,48.1769,1241.72,-157.67,44.9269,1265.67,-191.176,12.6849,1253.93,-167.729,9.55293,1279.75,-163.065,154.453,1271.59,-163.949,147.033,1262.81,-171.502,139.038,1255.46,-167.432,158.998,0,0,0
013186:1249.48,-176.7,162.943,1248.45,-180.966,163.765,1252.08,-176.071,164.514,1248.96,-187.066,155.364,1256.47,-174.589,157.588,1245.83,-186.11,137.712,1262.41,-163.529,143.754,1220.41,-186.473,129.176,1264.52,-141.479,165.631,1238.75,-183.259,143.871,1282.98,-149.76,181.806,1237.69,-169.673,93.2119,1243.94,-153.236,94.5488,1240.92,-176.76,50.8543,1246.57,-157.384,43.7386,1265.67,-191.176,12.6849,1253.93,-167.729,9.55293,1287.61,-161.644,157.879,1300.92,-162.423,149.23,1266.51,-171.349,143.131,1288.48,-166.269,160.219,0,0,0
013187:1242.39,-174.284,161.234,1251.37,-178.136,160.746,1242.87,-174.828,163.599,1275.45,-184.448,150.385,1242.45,-175.736,159.574,1253.45,-184.838,136.655,1250.77,-162.483,145.633,1220.41,-186.473,129.176,1264.52,-141.479,165.631,1240.09,-183.697,142.52,1282.08,-148.786,181.952,1243.73,-168.776,92.66,1244.69,-153.601,95.122,1242.56,-177.195,50.4578,1241.46,-156.137,44.4594,1260.61,-189.809,14.0034,1253.93,-167.729,9.55293,1291.91,-160.921,160.499,1310.53,-162.983,151.381,1291.32,-170.172,147.414,1303.4,-163.454,163.728,0,0,0
013188:1238.73,-176.128,159.46,1238.55,-180.187,161.147,1245.34,-175.496,161.578,1248.01,-186.595,154.686,1260.84,-174.635,156.569,1248.6,-185.727,135.907,1269.36,-163.959,142.621,1221.84,-186.911,128.385,1264.52,-141.479,165.631,1239.94,-183.702,142.037,1272.41,-144.807,185.486,1234.75,-169.863,92.4223,1243.92,-154.425,93.2484,1245.85,-178.068,49.6625,1241.46,-156.137,44.4594,1260.61,-189.809,14.0034,1253.93,-167.729,9.55293,1304.07,-158.761,167.292,1316.46,-163.238,156.179,1319.62,-168.836,152.979,1295.22,-162.864,166.16,0,0,0
013189:1244.72,-176.826,161.291,1245.03,-180.93,162.514,1252.6,-176.168,162.748,1250.61,-187.041,155.083,1264.42,-174.74,156.531,1246.21,-186.074,136.763,1268.12,-162.94,143.188,1221.84,-186.911,128.385,1264.36,-141.483,165.141,1239.78,-183.707,141.446,1266.96,-142.631,187.965,1238.37,-169.597,93.2888,1248.69,-152.969,93.7417,1249.15,-178.944,48.8644,1238.55,-155.289,46.6133,1254.34,-187.973,17.2528,1253.93,-167.729,9.55293,1309.53,-159.567,173.89,1325.7,-162.79,159.913,1308.34,-167.877,161.234,1298.98,-163.788,175.765,0,0,0
013190:1245.51,-177.268,160.673,1247.01,-181.548,161.372,1254.07,-176.535,162.104,1252.27,-187.29,153.491,1265.02,-174.838,156.152,1255.9,-186.439,133.708,1263.44,-162.302,145.319,1226.5,-188.215,127.206,1261.94,-141.647,165.559,1235,-183.913,142.347,1266.96,-142.631,187.965,1244.08,-170.652,90.3915,1244.5,-153.434,93.7949,1249.15,-178.944,48.8644,1238.55,-155.289,46.6133,1256.08,-188.42,17.0695,1253.93,-167.729,9.55293,1316.18,-158.233,181.35,1345.96,-167.112,165.232,1315.03,-170.239,172.09,1317.99,-163.36,179.638,0,0,0
013191:1237.46,-176.264,161.013,1238.91,-180.395,162.204,1245.18,-175.475,162.704,1251.03,-187.143,154.175,1261.1,-174.515,156.484,1256.37,-186.749,134.556,1265.88,-163.591,144.383,1226.5,-188.215,127.206,1261.94,-141.647,165.559,1234.92,-183.915,142.106,1270.41,-141.9,188.403,1237.15,-169.702,93.2655,1239.46,-153.164,95.8072,1249.15,-178.944,48.8644,1243.46,-155.542,49.0743,1260.83,-189.796,14.7578,1253.93,-167.729,9.55293,1307.97,-158.215,186.982,1336.84,-168.161,175.188,1335.73,-169.838,181.097,1322.5,-162.164,190.056,1257.95,-145.285,258.871
013192:1235.92,-176.482,161.138,1240.47,-181.399,161.527,1243.73,-175.998,163.007,1250.91,-187.341,154.366,1255.76,-173.8,158.699,1240.54,-184.368,138.113,1262.24,-162.49,144.955,1226.35,-188.22,126.726,1261.94,-141.647,165.559,1230,-182.627,142.528,1267.33,-141.097,189.661,1237.33,-170.103,93.4109,1247.64,-153.865,94.5693,1249.15,-178.944,48.8644,1245.88,-155.397,48.487,1258.32,-189.893,15.4073,1253.93,-167.729,9.55293,1313.16,-159.027,192.42,1307.89,-169.116,184.452,1336.78,-169.336,190.827,1326.12,-162.556,195.752,1262.2,-144.985,257.02
013193:1240.13,-176.86,162.041,1242.73,-181.167,162.696,1248.12,-176.195,163.481,1250.79,-187.055,154.66,1261,-174.481,157.208,1244,-186.956,136.787,1258.44,-161.967,145.775,1226.35,-188.22,126.726,1261.94,-141.647,165.559,1228.41,-182.198,142.828,1267.33,-141.097,189.661,1236.87,-170.703,94.5901,1244.4,-153.365,96.2478,1247.5,-178.505,49.2639,1243.46,-155.542,49.0743,1260.15,-190.339,15.4733,1254.07,-167.721,10.056,1296.01,-156.913,197.915,1313.53,-168.922,194.679,1334.4,-167.96,201.639,1305.66,-156.986,206.634,1261.42,-144.998,254.417
013194:1238.82,-176.003,163.228,1241.02,-180.279,163.824,1248.55,-175.514,163.98,1250.25,-187.03,154.952,1265.08,-174.852,156.053,1239.38,-187.311,136.966,1262.77,-162.867,144.174,1226.35,-188.22,126.726,1261.94,-141.647,165.559,1223.75,-180.912,143.964,1267.33,-141.097,189.661,1235.3,-170.86,93.4509,1246.9,-153.418,94.4692,1247.5,-178.505,49.2639,1244.25,-154.984,49.4253,1258.76,-189.868,16.9135,1254.07,-167.721,10.056,1293.13,-155.618,206.167,1313.61,-168.452,201.16,1332.23,-167.612,209.359,1307.86,-155.394,214.212,1261.03,-145.004,253.115
013195:1241.06,-176.369,162.303,1242.15,-180.538,163.052,1248.83,-175.619,163.218,1250.15,-187.245,154.586,1264.7,-175.141,155.449,1242.93,-187.768,136.323,1264.12,-163.184,143.75,1227.7,-188.664,125.69,1254.72,-142.138,166.804,1230.61,-182.608,144.447,1263.94,-140.304,189.941,1235.69,-170.949,93.7254,1245.88,-153.577,95.0096,1247.5,-178.505,49.2639,1235.58,-154.995,51.8875,1260.51,-190.318,16.7296,1254.07,-167.721,10.056,1289.31,-154.35,211.023,1307.56,-166.248,211.176,1322.34,-166.643,222.155,1296,-152.039,222.377,1260.26,-145.016,250.512
013196:1235.53,-177.502,158.864,1239.92,-181.989,159.777,1239.17,-175.926,161.154,1254.45,-188.288,152.309,1250.55,-172.972,156.394,1245.79,-187.604,135.83,1256.29,-161.837,144.781,1232.4,-189.977,124.498,1251.83,-141.333,168.583,1230.61,-182.608,144.447,1276.32,-138.913,185.897,1241.34,-171.792,92.055,1243.45,-153.239,94.9024,1247.5,-178.505,49.2639,1235.58,-154.995,51.8875,1260.3,-190.331,15.9757,1254.07,-167.721,10.056,1277.11,-152.569,216.745,1304.39,-166.472,218.531,1312.31,-163.605,231.042,1299.25,-152.424,227.438,1263.92,-146.066,248.049
013197:1239.36,-177.133,161.644,1244.61,-181.883,162.108,1245.99,-175.612,163.012,1256.91,-188.719,153.774,1257.27,-173.1,156.836,1246.88,-188.588,136.405,1259.16,-162.26,145.484,1232.32,-189.98,124.257,1260.91,-140.684,164.833,1230.61,-182.608,144.447,1274.64,-138.515,186.164,1241.87,-172.339,91.1868,1246.23,-153.71,94.1241,1245.06,-178.618,49.8545,1235.58,-154.995,51.8875,1261.69,-190.802,14.5333,1254.07,-167.721,10.056,1273.39,-151.324,221.626,1301.62,-164.609,224.104,1302.87,-161.053,234.953,1287.8,-148.563,233.449,1267.65,-147.121,245.532
013198:1239.87,-177.629,161.205,1243.9,-182.086,161.677,1245.6,-175.967,162.687,1253.86,-187.866,153.518,1255.88,-172.932,156.768,1246.44,-187.582,135.486,1260.98,-162.493,146.404,1233.84,-190.421,123.698,1260.82,-140.686,164.483,1228.01,-182.719,144.173,1274.64,-138.515,186.164,1240.44,-171.939,92.7892,1245.61,-154.015,96.3507,1246.7,-179.056,49.4562,1245.26,-154.412,50.0459,1261.69,-190.802,14.5333,1251.95,-167.844,12.1522,1264.96,-148.333,225.25,1288.69,-159.698,228.226,1280.3,-155.765,243.727,1278.33,-144.609,236.937,1262.76,-146.085,244.135
013199:1256.55,-179.648,157.762,1258.6,-184.008,158.421,1258.02,-177.807,159.997,1259.11,-188.96,151.962,1255.48,-174.181,156.513,1249.05,-188.615,134.82,1256.26,-162.25,146.641,1233.84,-190.421,123.698,1254.94,-140.06,164.772,1225.65,-182.823,144.618,1268.13,-136.926,187.716,1244.23,-172.547,90.8359,1245.92,-153.927,94.8667,1250.08,-179.93,48.9056,1237.98,-154.849,51.3068,1264.99,-191.72,13.4036,1254.42,-167.714,11.5037,1258.6,-144.68,224.614,1287,-158.295,231.548,1271.01,-153.306,247.194,1275.25,-142.286,238.777,1261.98,-146.098,241.525
013200:1249,-178.956,158.266,1252.57,-183.436,158.999,1254.81,-176.891,159.874,1254.16,-188.874,152.878,1257.73,-173.16,155.632,1245.98,-188.222,135.488,1252.52,-162.184,147.37,1233.46,-190.435,122.491,1268.88,-143.478,161.671,1225.5,-182.828,144.139,1268.13,-136.926,187.716,1245.46,-172.789,90.8282,1246.08,-154.287,95.1392,1250.21,-180.965,51.3225,1237.98,-154.849,51.3068,1266.61,-192.181,12.7111,1269.29,-166.932,7.20953,1262.13,-142.965,226.646,1251.72,-152.302,236.205,1266.35,-148.559,249.042,1265.31,-137.379,239.533,1261.59,-146.104,240.22
013201:1252.14,-176.242,158.099,1256.05,-180.051,159.508,1257.99,-175.99,161.23,1256.97,-186.617,153.783,1262.43,-174.43,157.665,1246.82,-186.961,135.495,1263.05,-162.279,145.746,1228.47,-188.98,124.521,1263.62,-143.624,162.4,1225.05,-185.247,141.703,1261.73,-137.319,183.555,1244.77,-173.587,93.2069,1247.28,-153.366,96.9081,1246.51,-178.728,50.8562,1245.53,-151.766,52.538,1273.4,-191.177,14.3385,1252,-164.787,16.269,1243.75,-140.419,221.576,1242.7,-151.082,228.379,1238.82,-144.958,240.263,1235.75,-133.314,234.752,1248.87,-144.329,243.208
013202:1252.14,-176.242,158.099,1260.34,-181.188,158.752,1257.78,-175.996,160.593,1256.97,-186.617,153.783,1262.23,-174.436,157.026,1246.82,-186.961,135.495,1263.05,-162.279,145.746,1228.47,-188.98,124.521,1263.41,-143.629,161.758,1224.68,-185.257,140.398,1261.34,-137.326,182.236,1244.77,-173.587,93.2069,1247.45,-153.363,97.5964,1246.51,-178.728,50.8562,1241.2,-150.684,53.5789,1277.89,-192.384,13.1791,1247.61,-163.663,17.4107,1239.36,-138.07,220.16,1238.78,-147.385,226.85,1225.85,-140.591,238.625,1222.62,-130.347,233.826,1235.73,-141.268,242.911
013203:1256.86,-176.019,157.26,1260.34,-181.188,158.752,1257.78,-175.996,160.593,1256.97,-186.617,153.783,1262.23,-174.436,157.026,1246.82,-186.961,135.495,1267.82,-162.014,144.87,1223.85,-189.165,125.445,1263.41,-143.629,161.758,1228.99,-186.386,140.285,1261.73,-137.319,183.555,1244.77,-173.587,93.2069,1251.61,-154.448,95.9825,1246.51,-178.728,50.8562,1245.53,-151.766,52.538,1273.21,-191.188,13.6744,1252,-164.787,16.269,1227.18,-135.04,223.305,1226.62,-144.296,229.985,1213.89,-137.577,241.643,1218.74,-128.042,234.456,1219.31,-138.551,246.361
013204:1256.86,-176.019,157.26,1260.17,-181.191,158.064,1262.36,-175.775,159.071,1261.73,-186.422,152.926,1262.23,-174.436,157.026,1251.55,-186.767,134.591,1262.88,-162.282,145.058,1228.47,-188.98,124.521,1263.45,-143.627,161.716,1228.8,-186.393,139.656,1261.38,-137.324,182.195,1244.77,-173.587,93.2069,1251.61,-154.448,95.9825,1246.51,-178.728,50.8562,1245.53,-151.766,52.538,1277.53,-192.399,11.797,1247.78,-163.66,18.1121,1240.83,-131.373,219.368,1231.96,-138.684,227.3,1227.76,-131.318,237.227,1232.29,-123.005,229.977,1203.79,-135.879,251.613
013205:1256.86,-176.019,157.26,1260.17,-181.191,158.064,1262.36,-175.775,159.071,1265.88,-187.583,151.46,1262.06,-174.44,156.338,1251.55,-186.767,134.591,1262.88,-162.282,145.058,1228.47,-188.98,124.521,1258.56,-143.944,161.855,1228.63,-186.397,138.977,1256.56,-137.655,182.237,1244.77,-173.587,93.2069,1251.41,-154.456,95.3364,1251.28,-178.508,49.7061,1241.2,-150.684,53.5789,1272.76,-192.571,13.7453,1247.97,-163.65,18.7685,1236.34,-127.71,216.662,1232.23,-134.701,224.62,1223.26,-126.372,233.228,1231.54,-120.354,225.444,1192.13,-134.235,255.023
013570:134.031,54.6358,-1.28086
