002110:1154.87,-97.3022,154.276,1145.09,-99.393,157.669,1164.65,-98.0152,154.973,1131.82,-100.293,154.107,1202.88,-102.041,143.034,1146.12,-101.266,137.644,1211.21,-98.2809,124.828,1122.97,-112.226,151.184,1259.42,-100.446,115.78,1113.62,-113.649,169.864,1235.47,-98.2866,127.098,1151.86,-101.549,84.6933,1195.06,-101.709,76.4315,1135.79,-92.9112,49.5116,1185.45,-102.711,41.1765,1109.15,-82.8337,14.6788,1205.31,-126.685,11.9105,1213.22,-107.584,155.357,1193.53,-121.128,163.914,1201.74,-116.243,179.041,1215.81,-104.012,170.302,0,0,0
002111:1158.09,-97.3229,150.487,1145.38,-98.6658,154.34,1164.52,-97.2837,151.681,1122.09,-97.3834,152.815,1189.1,-98.9909,142.09,1132.55,-98.3937,139.229,1193.6,-95.3167,125.478,1129.42,-112.262,153.386,1264.45,-102.363,117.933,1119.22,-115.253,172.723,1276.99,-104.324,131.635,1151.17,-100.879,86.0615,1193.15,-101.434,76.7779,1118.35,-92.0222,55.2812,1195.89,-104.136,37.2262,1112.41,-82.2128,13.1608,1197.33,-127.377,13.9716,1213.22,-108.494,155.362,1196.17,-121.796,162.984,1198.85,-119.135,176.968,1191.37,-105.36,173.005,0,0,0
002112:1160.77,-97.8363,150.13,1150.16,-99.3097,153.899,1170.72,-98.5706,151.245,1136.09,-99.6248,151.947,1216.75,-104.658,139.456,1145.73,-99.9289,134.396,1213.46,-98.8628,124.498,1100.29,-106.867,138.977,1240.9,-102.146,123.142,1066.55,-103.761,145.912,1268.64,-104.574,132.298,1155,-102.16,85.1605,1195.99,-103.523,77.8179,1129.94,-91.5688,51.97,1188.24,-106.106,41.0059,1116.84,-84.3243,13.6981,1190.45,-128.509,14.8518,1210.36,-108.753,155.891,1199.1,-122.458,162.908,1209.94,-121.796,174.606,1199.02,-108.244,171.664,0,0,0
002113:1197.53,-108.623,144.38,1187.39,-110.407,148.36,1202.15,-107.361,146.597,1160.38,-107.632,148.581,1196.73,-100.541,143.993,1152.3,-102.619,134.49,1194.6,-97.0029,126.752,1103.59,-107.245,140.133,1244.23,-103.368,120.824,1068.11,-104.78,147.721,1276.55,-104.117,129.279,1158.43,-104.002,84.2768,1184.55,-101.88,78.66,1127.86,-96.3366,54.4926,1178.87,-101.626,42.0591,1115.55,-84.5546,13.3315,1187.84,-128.682,17.6859,1206.99,-108.116,154.687,1204.85,-123.793,162.324,1206.37,-122.09,175.22,1204.64,-109.535,170.679,0,0,0
002114:1158.86,-98.0576,151.708,1159.49,-101.522,153.236,1167.7,-98.9231,152.375,1165.05,-106.17,146.49,1192.67,-101.699,142.846,1153.5,-104.351,137.206,1204.56,-100.132,121.427,1120.46,-110.684,157.606,1230.33,-101.352,108.783,1132.84,-118.352,171.785,1239.09,-98.0959,113.508,1154.67,-104.196,85.7224,1190.07,-103.479,77.0733,1123.29,-95.0722,54.2561,1192.42,-104.005,36.9579,1117.51,-85.3117,13.0253,1189.71,-127.525,15.8187,1198.67,-111.604,157.576,1194.22,-124.656,164.132,1211.12,-124.397,173.948,1191.16,-109.846,172.385,0,0,0
002115:1150.21,-102.501,152.172,1161.41,-105.228,152.728,1152.21,-101.944,154.873,1199.06,-107.449,141.694,1157.21,-101.472,151.296,1175.37,-105.465,133.24,1217.32,-96.814,122.159,1143.58,-114.149,151.553,1250.36,-103.507,124.019,1128.57,-117.26,170.457,1283.78,-104.603,122.774,1139.11,-106.761,90.0506,1191.4,-100.756,77.9353,1136.04,-94.4966,49.5721,1162.59,-106.924,43.6597,1131.09,-86.1092,11.2723,1191.88,-127.462,12.616,1210.11,-111.49,155.478,1209.74,-126.102,161.335,1209.6,-126.32,174.209,1195.72,-112.106,170.68,0,0,0
002116:1168.79,-109.287,148.054,1173.81,-109.343,149.949,1212.86,-104.605,143.91,1149.34,-105.786,149.575,1201.19,-103.148,142.397,1145.61,-104.199,135.352,1211.5,-99.1787,124.101,1122.96,-110.31,141.727,1243.13,-104.99,120.463,1079.17,-107.167,154.855,1290.62,-108.604,127.084,1131.19,-108.589,89.7694,1198.94,-104.475,73.3276,1127.06,-94.1523,51.6992,1167.52,-108.138,40.8034,1120.9,-87.8814,14.2206,1178.66,-128.1,13.7895,1209.8,-114.222,154.633,1208.22,-128.028,161.715,1192.57,-127.715,179.494,1203.99,-114.066,168.875,0,0,0
002117:1124.5,-105.436,158.98,1133.94,-105.724,160.026,1130.66,-105.883,161.028,1147.28,-104.242,152.556,1211.23,-103.461,142.007,1160.83,-105.98,132.237,1221.43,-100.461,121.585,1118.05,-110.824,143.203,1258.07,-100.842,116.184,1096.6,-112.586,158.587,1251.08,-100.942,122.035,1160.01,-108.251,83.3589,1210.47,-106.196,69.9506,1140.79,-93.693,50.195,1175.47,-109.953,39.4765,1121.12,-90.3098,12.8619,1175.11,-131.085,12.9883,1198.26,-116.127,156.753,1207.69,-132.563,161.22,1197.83,-129.068,177.694,1206.3,-116.636,172.063,0,0,0
002118:1148.4,-106.065,153.373,1165.55,-108.818,152.564,1151.55,-105.827,155.853,1213.91,-109.674,138.568,1157.46,-104.578,151.553,1170.65,-108.64,138.05,1209.23,-100.481,125.243,1133,-115.027,154.371,1246.69,-101.439,115.632,1133.19,-121.919,169.711,1221.2,-103.374,133.413,1144.09,-108.746,89.8477,1202.18,-102.205,75.8646,1140.4,-97.5546,50.5263,1176.51,-106.306,41.903,1120.71,-93.6862,13.344,1194.07,-130.826,11.6299,1204.1,-116.533,156.138,1207.83,-132.56,161.65,1206.07,-131.106,175.828,1205.56,-117.6,172.192,0,0,0
002119:1163.57,-110.014,151.635,1169.81,-110.293,152.945,1200.59,-106.29,147.657,1155.86,-107.101,151.743,1209.61,-103.142,141.604,1162.73,-103.545,134.657,1212.87,-101.352,123.044,1117.53,-113.333,142.823,1274.45,-105.895,118.925,1103.7,-116.468,163.421,1278.65,-111.664,131.009,1153.45,-107.367,88.1954,1215.38,-105.123,74.1834,1155.72,-97.0953,45.9937,1173.2,-106.533,43.2667,1114.21,-94.0877,14.9875,1192.42,-129.549,11.0262,1212.56,-117.62,154.569,1210.79,-133.245,161.679,1232.75,-131.795,171.457,1213.03,-116.026,169.102,0,0,0
002120:1132.55,-103.623,156.488,1140.22,-104.037,157.365,1168.65,-101.826,151.863,1143.19,-103.386,151.926,1203.47,-104.525,142.778,1159.71,-104.769,132.895,1214.07,-102.643,121.491,1131.43,-116.886,149.322,1257.07,-107.287,115.605,1139.58,-122.257,162.059,1270.51,-106.283,116.009,1158.39,-107.749,85.3635,1224.15,-105.445,68.6067,1140.8,-98.2615,50.1084,1169.88,-107.638,44.1333,1120.92,-95.5974,12.6544,1189.37,-131.562,12.6029,1201.25,-118.588,157.112,1188.91,-134.859,163.391,1207.62,-133.694,176.464,1207.09,-119.231,169.478,0,0,0
002121:1151.84,-106.144,154.434,1163.88,-107.448,154.66,1181.63,-103.707,152.312,1169.82,-108.671,147.298,1202.26,-104.199,143.354,1162.39,-106.178,134.358,1202.62,-103.727,123.632,1102.08,-112.478,142.191,1243.54,-107.589,125.648,1075.6,-111.718,151.904,1286.94,-110.714,127.619,1143.26,-109.515,89.2646,1203.47,-106.169,76.4556,1142.51,-98.3083,50.9936,1164.57,-106.961,46.6556,1122.37,-97.4894,13.5585,1187.02,-130.194,11.4747,1200.7,-119.504,155.401,1199.16,-135.007,163.214,1210.01,-134.392,174.696,1218.17,-121.912,166.617,0,0,0
002122:1142.13,-105.884,156.719,1156.16,-107.808,156.274,1177.19,-103.578,153.4,1167.19,-110.831,146.834,1201.32,-105.012,141.99,1175.36,-109.286,130.108,1210.8,-104.518,124.597,1126.74,-118.369,150.568,1266.82,-107.244,118.187,1126.91,-120.96,163.795,1289.25,-111.649,121.689,1155.97,-110.73,86.7086,1202.8,-107.071,74.4243,1138.01,-98.4738,50.7951,1170.15,-108.586,43.8507,1124.6,-98.2952,11.827,1182.15,-130.007,11.3588,1195.41,-119.076,157.731,1200.13,-137.603,161.809,1224.5,-137.856,173.114,1233,-125.295,165.385,0,0,0
002123:1181.38,-104.702,149.99,1162.15,-109.377,154.744,1174.75,-104.75,154.847,1171.98,-110.987,146.823,1191.79,-102.657,146.693,1167.76,-109.045,135.57,1206.53,-102.657,125.161,1126.39,-117.322,151.276,1251.02,-104.38,112.943,1122.86,-120.312,160.075,1230.41,-105.228,121.456,1154.6,-112.114,87.9847,1201.35,-107.483,77.5205,1146.71,-100.009,49.7443,1174.04,-107.106,43.1423,1127.3,-100.473,11.4376,1178.52,-128.053,14.5137,1204.03,-123.777,157.504,1210.17,-141.35,158.41,1231.11,-141.906,170.494,1241.19,-129.29,167.292,0,0,0
002124:1173.08,-106.42,151.152,1162.8,-111.828,154.147,1179.82,-105.884,154.356,1177.52,-115.927,145.711,1198.8,-105.194,144.761,1172.35,-111.916,134.943,1215.63,-103.939,121.233,1142.62,-118.224,153.074,1252.21,-104.071,108.323,1134.02,-124.572,171.89,1229.17,-102.862,112.351,1155.37,-113.465,83.911,1208.95,-107.576,72.7342,1143.24,-99.2214,49.9468,1179.57,-108.887,40.2709,1133.16,-102.238,11.2256,1186.74,-130.112,11.6961,1203.92,-125.588,157.525,1221.39,-144.179,155.909,1232.63,-143.593,168.176,1240.33,-129.312,164.668,0,0,0
002125:1179.49,-105.302,148.473,1163.39,-109.568,152.696,1184.79,-104.397,152.48,1163.31,-111.812,146.008,1197.86,-103.3,142.794,1162.31,-109.743,134.295,1198.13,-105.272,128.131,1144.23,-119.107,146.846,1273.22,-111.446,118.317,1138.03,-124.679,160.431,1278.45,-115.99,123.782,1147.12,-113.129,88.5301,1216.54,-107.424,70.8641,1142.28,-99.6063,51.1429,1179.99,-108.694,40.87,1127.51,-104.301,13.1206,1183.21,-130.349,9.91093,1206.38,-125.369,155.707,1217.47,-144.432,155.491,1250.15,-147.913,165.132,1216.51,-129.335,169.748,0,0,0
002126:1178.88,-107.777,150.035,1174.9,-111.292,151.714,1192.14,-106.995,150.837,1177.52,-114.061,146.483,1204.47,-107.469,142.692,1174.71,-110.747,133.06,1206.8,-107.432,123.418,1141,-119.79,151.28,1267.69,-109.823,111.787,1139.81,-127.346,165.432,1279.18,-114.774,116.776,1151.53,-114.155,87.8325,1212.96,-109.371,72.3268,1144.53,-99.5272,50.6551,1168.41,-106.677,44.2154,1135.39,-105.433,10.7757,1188.22,-128.612,11.0923,1203.19,-129.217,155.844,1212.37,-146.587,157.096,1244.44,-150.099,165.2,1232.41,-134.461,164.915,0,0,0
002127:1198.65,-112.48,144.764,1173.13,-114.869,150.539,1201.1,-112.838,147.659,1149.59,-109.424,149.312,1232.44,-112.084,136.378,1149.05,-108.773,132.16,1233.72,-109.638,120.635,1100.26,-113.587,133.856,1272.2,-111.688,124.845,1059.48,-111.425,140.227,1285.68,-116.622,135.423,1142,-113.024,86.6492,1219.78,-111.84,71.4371,1150.41,-97.5888,49.1371,1174.9,-108.251,43.8084,1124.44,-106.767,15.9087,1160.12,-127.346,17.0705,1209.35,-128.758,156.076,1208.21,-146.843,155.929,1224.48,-148.649,168.111,1225.47,-134.995,167.941,0,0,0
002128:1181.07,-107.368,149.676,1171.36,-111.911,153.071,1182.99,-107.575,152.968,1170.47,-116.1,146.294,1203.87,-107.244,144.284,1162.12,-113.148,135.964,1205.21,-105.318,122.7,1149.46,-119.963,150.537,1229.21,-103.996,108.743,1147.01,-129.704,167.913,1208.88,-105.303,110.35,1153.21,-116.374,87.1917,1206.92,-109.982,71.5024,1147.52,-100.278,50.6793,1177.68,-108.521,41.9863,1138.63,-109.393,12.1139,1177.94,-127.982,13.3897,1214.46,-131.047,153.312,1209.02,-149.464,154.085,1236.82,-150.576,165.956,1233.19,-138.066,166.023,0,0,0
002129:1153.34,-107.897,151.864,1162.68,-110.079,152.709,1158.36,-109.004,153.888,1195.19,-111.671,141.541,1171.76,-114.713,148.15,1163.36,-110.068,133.01,1230.47,-110.894,119.361,1130.7,-119.644,145.507,1263.43,-119.566,122.979,1102.37,-122.632,158.085,1283.26,-116.57,116.217,1154.44,-114.026,85.8637,1227.15,-112.583,69.1275,1147.36,-100.846,50.8546,1176.53,-109.098,43.1598,1138.43,-110.633,13.8157,1187.3,-128.352,12.1997,1214.39,-134.685,154.233,1208.63,-150.401,155.408,1254.11,-154.984,162.007,1215.07,-134.841,168.524,0,0,0
002130:1171.89,-114.498,148.069,1174.82,-114.858,149.982,1169.77,-113.739,151.331,1190.39,-111.531,141.855,1164.27,-115.072,148.138,1160.52,-114.709,134.689,1225.32,-111.559,121.148,1155.9,-126.831,150.597,1287.97,-119.937,106.73,1181.72,-138.492,160.357,1346.29,-128.421,119.914,1148.7,-117.446,83.3227,1224.7,-113.049,69.3328,1153.01,-101.696,47.8427,1172.18,-108.164,45.3415,1162.42,-116.118,8.07768,1170.55,-129.837,15.9703,1219.77,-136.994,152.327,1212.24,-153.751,153.488,1242.5,-155.67,162.781,1228.74,-141.957,162.234,0,0,0
002131:1185.55,-111.288,149.647,1194.9,-115.145,149.171,1184.4,-111.008,151.684,1207.49,-118.365,140.22,1168.76,-112.22,149.535,1174.51,-115.582,128.482,1214.9,-109.208,122.594,1131.36,-119.117,132.11,1234.6,-109.651,107.637,1078.95,-116.829,140.049,1226.52,-108.195,120.778,1169.45,-116.681,83.5004,1200.97,-112.071,77.1459,1165.6,-100.768,45.5336,1184.35,-105.712,43.0781,1133.4,-115.496,14.6178,1173.55,-125.717,18.3874,1216.51,-138.123,152.014,1205.28,-154.196,155.791,1224.3,-159.438,162.682,1231.51,-143.618,164.369,0,0,0
002132:1177.06,-114.616,146.853,1182.79,-116.485,148.679,1173.2,-113.397,150.77,1204.3,-116.351,140.726,1163.87,-113.674,149.877,1174.7,-117.07,133.522,1218.11,-111.701,123.62,1158.33,-130.04,151.468,1267.41,-118.155,111.553,1180.27,-140.972,159.244,1323.87,-126.32,125.966,1163.27,-118.123,81.7964,1214.12,-112.569,70.3147,1154.27,-102.112,49.4754,1172.7,-106.335,44.6347,1159.52,-119.808,13.666,1163.59,-127.305,16.3947,1224.88,-141.153,150.004,1202.74,-152.542,154.004,1226.46,-161.124,162.98,1224.19,-145.058,168.62,0,0,0
002133:1181.38,-118.974,144.859,1184.72,-119.324,147.241,1177.6,-117.332,148.623,1204.1,-115.47,139.746,1168.46,-115.241,147.08,1169.43,-116.763,133.658,1223.47,-112.269,118.212,1172.78,-131.937,146.897,1271.21,-116.448,106.92,1176.53,-141.779,161.046,1287.79,-121.583,127.009,1159.74,-118.101,83.815,1217.46,-114.304,69.0249,1150,-101.752,49.8775,1184.3,-109.962,41.437,1151.76,-118.935,13.1295,1170.56,-129.194,12.1246,1221.97,-142.268,151,1211.93,-157.342,151.267,1237.97,-164.099,160.935,1237.36,-149.622,165.054,0,0,0
002134:1181.17,-116.565,148.119,1186.37,-118.148,150.106,1178.37,-115.467,151.637,1209.74,-117.993,141.361,1170.8,-115.8,149.597,1190.96,-120.854,131.028,1243.13,-110.017,116.606,1213.49,-140.958,140.769,1225.39,-118.908,122.317,1218.39,-154.989,155.868,1281.76,-118.713,122.789,1165.88,-119.48,83.8128,1207.6,-112.867,72.791,1154.49,-102.765,51.4444,1168.42,-107.077,46.1105,1168.16,-123.016,12.5677,1175.56,-129.458,11.4014,1221.36,-143.194,149.278,1206.81,-159.445,152.673,1243.08,-165.621,157.721,1243.59,-149.169,159.02,0,0,0
002135:1184.86,-118.886,147.783,1192.5,-119.618,148.773,1182.8,-117.225,150.453,1206.67,-117.474,142.098,1176.75,-115.803,147.674,1186.66,-119.02,130.584,1213.98,-112.817,120.843,1182.63,-135.209,146.04,1262.99,-116.803,118.903,1188.1,-145.654,158.293,1291.11,-122.936,130.834,1167.87,-120.049,82.1146,1213.13,-114.266,69.5428,1163.95,-103.946,47.5905,1171.01,-109.374,45.541,1154.79,-123.283,15.2182,1175.99,-129.499,12.6176,1230.23,-146.247,149.009,1208.53,-161.123,151.109,1227.85,-166.433,159.188,1212.72,-149.378,167.004,0,0,0
002136:1202.82,-123.082,145.641,1203.15,-122.646,147.758,1198.22,-121.1,148.611,1201.88,-117.081,143.328,1180.27,-117.734,147.139,1178.68,-119.647,135.557,1216.62,-113.35,121.608,1188.07,-142.864,146.807,1274.64,-121.64,111.131,1236.71,-154.316,148.467,1308.78,-127.774,129.175,1172.98,-119.47,80.6226,1214.05,-115.234,72.414,1165.47,-104.295,47.1613,1177.98,-110.546,44.3171,1152.84,-123.64,15.8239,1198.3,-128.333,5.76964,1229.79,-146.254,147.247,1222.81,-164.813,148.903,1247.7,-171.744,154.234,1232,-154.449,160.857,0,0,0
002137:1189.4,-123.452,146.126,1188.41,-122.285,148.94,1187.66,-122.276,149.361,1192.37,-114.047,143.02,1186.45,-120.456,145.236,1166.48,-115.966,135.826,1236.99,-117.978,118.17,1181.04,-137.748,143.836,1366.75,-138.099,99.1905,1201.82,-154.686,155.795,1398.21,-149.798,116.268,1160.04,-119.88,85.5549,1237.51,-118.023,63.4123,1167.35,-106.581,47.0245,1183.97,-108.448,43.3208,1157.07,-125.315,15.1195,1184.92,-129.111,9.98894,1220.58,-147.761,148.046,1220.31,-166.728,146.168,1239.86,-172.129,154.496,1232.25,-157.122,157.371,0,0,0
002138:1180.45,-121.665,146.653,1184.82,-121.765,148.921,1178.47,-120.626,150.175,1207.65,-117.68,141.072,1181.25,-120.264,146.81,1175.66,-120.705,136.228,1243.72,-118.553,117.34,1195.33,-143.815,144.545,1347.33,-136.939,100.335,1210.86,-156.929,155.193,1374.98,-145.872,115.653,1165.32,-120.202,84.7159,1224.37,-116.679,69.8397,1164.86,-107.043,48.6142,1177.82,-107.868,43.8663,1158.85,-127.247,15.7356,1172.94,-128.567,11.6145,1208.85,-148.533,150.238,1212.98,-167.125,147.547,1245.4,-173.668,152.568,1233.74,-159.767,158.133,0,0,0
002139:1189.78,-121.642,144.38,1192.51,-122.107,146.741,1191.56,-121.9,147.126,1198.54,-117.012,141.41,1189.05,-123.777,144.259,1157.97,-117.727,134.892,1230.13,-116.46,119.244,1133.86,-125.81,143.734,1263.74,-114.81,108.428,1116.47,-132.849,158.915,1285.05,-126.098,123.208,1161.97,-119.382,85.8425,1224.12,-117.499,70.936,1163.86,-105.745,49.8134,1189.97,-109.968,42.5801,1166.9,-127.573,14.4631,1170.34,-128.721,13.096,1219.4,-152.33,145.509,1223.36,-170.153,142.382,1237.86,-177.66,152.901,1236.92,-159.564,155.494,0,0,0
002140:1171.76,-119.689,151.945,1183.11,-121.878,152.411,1174.1,-120.299,154.446,1214.63,-122.408,141.646,1179.23,-123.781,149.866,1150.91,-121.061,140.784,1233.61,-116.354,117.43,1143.95,-128.823,146.487,1276.42,-116.569,108.285,1145.03,-139.222,154.273,1293.69,-129.877,123.852,1170.01,-119.511,83.3928,1213.59,-117.731,75.3038,1160.56,-104.703,50.6253,1181.39,-109.515,45.6381,1168.06,-129.779,14.5161,1174.03,-130.058,12.7129,1227.74,-153.614,143.017,1232.24,-172.419,141.617,1240.47,-178.441,151.502,1245.75,-165.442,152.97,0,0,0
002141:1187.91,-128.416,144.827,1193.24,-127.686,147.256,1187.31,-127.49,148.339,1210.59,-120.307,141.468,1191.52,-125.386,145.535,1173.41,-121.098,136.335,1242.87,-120.226,117.833,1186.49,-141.039,141.955,1354.68,-135.785,97.1359,1223.49,-159.992,143.884,1404.21,-152.051,103.932,1158.79,-121.242,87.5722,1225.43,-117.797,70.4476,1170.9,-107.988,50.0015,1175.2,-107.658,48.3546,1173.07,-130.787,16.2022,1176.46,-129.931,16.7499,1224.05,-154.726,141.411,1226.56,-173.581,138.439,1244.59,-180.963,147.392,1239.71,-167.572,151.875,0,0,0
002142:1160.57,-121.92,154.552,1176.62,-124.272,153.917,1166.48,-122.957,156.287,1220.52,-125.1,140.964,1180.57,-126.103,150.25,1160.33,-123.405,138.038,1236.05,-118.662,118.953,1154.5,-129.845,142.501,1248.43,-112,103.778,1126.76,-141.101,152.971,1209.33,-114.58,111.28,1160.1,-122.349,88.7378,1213.42,-119.386,77.684,1164.54,-106.021,50.9556,1187.82,-110.886,44.555,1176.56,-131.717,15.0349,1175.39,-130.311,14.611,1232.51,-157.847,139.334,1236.1,-174.003,133.829,1255.77,-184.12,143.345,1252.45,-168.714,147.106,0,0,0
002143:1185.6,-128.872,148.756,1186.33,-128.54,151.685,1187.69,-128.4,151.447,1199.67,-122.411,145.752,1188.83,-126.582,148.009,1163.62,-122.482,136.352,1233.63,-120.952,119.017,1156.5,-133.288,139.157,1300.73,-127.019,101.72,1124.08,-138.535,154.989,1269.95,-129.071,130.738,1163.95,-121.544,86.7025,1227.05,-118.122,70.35,1165.64,-110.039,50.7148,1175.78,-109.066,46.7842,1174.18,-134.15,17.2144,1151.51,-127.683,22.021,1229.73,-158.02,140.79,1232.79,-173.247,132.85,1258.31,-184.925,141.473,1255.6,-173.138,145.943,0,0,0
002144:1213.29,-136.484,139.272,1213.42,-135.197,142.725,1211.64,-135.381,143.112,1214.75,-125.071,140.566,1188.75,-128.087,145.602,1161.09,-122.877,135.406,1221.51,-119.133,120.963,1145.45,-132.63,136.999,1292.37,-121.566,99.8075,1129.19,-136.741,148.463,1254.32,-126.096,125.491,1156.61,-122.514,88.0455,1226.74,-117.057,71.8542,1172.44,-113.314,48.279,1182.66,-111.301,46.5175,1147.26,-134.931,24.0799,1181.18,-124.016,14.9476,1223.54,-158.377,141.044,1248.7,-175.201,128.354,1248.06,-186.241,136.869,1237.51,-172.191,146.28,0,0,0
002145:1205.37,-127.803,143.988,1207.15,-128.332,146.525,1202.59,-127.727,147.798,1214.03,-124.296,143.848,1182.61,-127.938,150.083,1168.58,-122.773,135.396,1223.07,-120.22,123.317,1135.96,-127.323,131.183,1275.97,-118.405,96.159,1092.63,-129.852,137.252,1236.43,-119.501,111.622,1157.27,-121.825,86.9636,1227.51,-117.224,71.7103,1165.89,-110.797,50.6959,1187.36,-109.41,45.8606,1142.67,-135.23,25.1029,1181.66,-126.625,12.2338,1230.76,-162.457,135.031,1232.68,-176.877,131.369,1250.29,-187.056,134.114,1252.64,-174.151,138.453,0,0,0
002146:1221.25,-132.108,141.138,1219.06,-131.488,144.151,1219.75,-132.244,144.224,1213.83,-124.592,142.877,1199.79,-132.66,144.906,1170.22,-124.077,135.307,1229.16,-125.461,121.419,1143.9,-128.475,128.589,1285.78,-122.569,93.8201,1074.19,-127.259,138.894,1100.03,-129.972,135.368,1149.65,-123.399,91.2131,1218.73,-121.576,76.506,1182.75,-113.823,47.1188,1201,-112.14,42.387,1149.68,-137.065,25.2119,1181.11,-128.027,13.1718,1239.84,-161.945,133.229,1238.3,-176.575,123.064,1250.29,-187.056,134.114,1247.16,-172.6,141.348,0,0,0
002147:1237,-134.725,139.81,1228.15,-134.189,143.901,1236.21,-134.834,142.733,1194.96,-126.995,147.362,1213.28,-133.011,143.875,1161.61,-122.132,138.581,1230.37,-126.14,123.595,1150.44,-128.219,131.623,1301.74,-127.727,96.5726,1101.79,-133.84,140.857,1271.8,-129.687,111.833,1165.34,-120.623,88.583,1210.03,-122.458,77.1838,1163.99,-112.363,52.5628,1185.63,-110.939,45.7209,1153.24,-139.88,26.9742,1181.05,-128.291,14.2392,1233.63,-162.292,134.012,1234.39,-176.757,123.264,1248.98,-188.017,132.732,1247.38,-175.311,137.585,0,0,0
002148:1246.67,-137.586,137.765,1238.21,-136.833,142.011,1245.32,-137.386,140.914,1197.78,-129.6,147.456,1211.34,-132.822,144.762,1173.79,-123.48,136.256,1210.31,-124.534,128.41,1162.31,-131.734,130.166,1288.25,-125.52,99.1085,1115.4,-139.493,138.451,1264.12,-131.14,112.172,1176.35,-121.249,86.3996,1202.59,-120.986,79.4273,1167.25,-112.914,51.8873,1179.01,-109.88,47.5381,1162.79,-139.572,25.391,1185.85,-126.899,14.0154,1230.12,-162.475,132.837,1234.84,-175.819,121.778,1263.3,-191.115,124.912,1254.02,-175.907,135.739,0,0,0
002149:1249.66,-137.808,136.506,1242.16,-136.974,140.498,1244.06,-137.321,140.49,1202.24,-130.154,145.895,1202.5,-131.757,145.785,1177.99,-126.043,134.925,1212.9,-123.287,127.646,1165.07,-136.801,131.412,1300.38,-127.026,99.7372,1144.69,-139.548,137.383,1279.55,-131.572,114.875,1173.25,-121.973,87.1632,1200.56,-118.96,80.3333,1175.12,-116.024,50.9962,1190.76,-110.637,46.5323,1159.03,-140.349,25.8936,1177.09,-127.25,17.54,1229.12,-163.415,129.786,1230.68,-176.009,120.876,1263.17,-191.12,124.468,1264.67,-179.076,129.122,0,0,0
002150:1227.45,-139.554,140.176,1221.62,-138.589,143.848,1225.6,-139.195,143.365,1209.47,-129.978,144.71,1195.6,-133.983,147.207,1182.05,-126.662,135.528,1216.88,-124.693,128.443,1187.78,-136.596,129.73,1300.87,-128.785,106.157,1141.73,-141,144.029,1281.74,-132.079,124.966,1178.34,-121.54,86.5019,1201.12,-119.309,80.5478,1163.52,-117.647,53.1334,1183.12,-112.878,47.2572,1161.69,-140.696,26.2836,1195.43,-127.755,10.8824,1238.07,-162.911,127.56,1238.42,-178.363,115.931,1252.47,-188.759,119.527,1241.19,-176.489,133.076,0,0,0
002151:1211.37,-136.074,146.589,1210.39,-136.871,149.451,1209.81,-135.711,150.137,1209.31,-133.325,147.595,1194.63,-133.493,151.247,1185.46,-129.788,136.39,1216.65,-125.612,130.874,1173.32,-137.042,126.98,1285.8,-126.507,103.947,1130.84,-142.004,138.779,1264.15,-133.27,118.623,1183.32,-124.447,86.0899,1204.85,-121.152,80.784,1162.31,-116.188,53.7529,1188.7,-112.908,46.5115,1145.1,-139.719,30.9166,1198.67,-130.141,11.9811,1249.42,-164.102,122.976,1239.9,-176.456,114.228,1248.56,-187.992,116.795,1272.17,-181.499,121.993,0,0,0
002152:1194.5,-139.312,149.275,1198.48,-139.191,151.284,1198.11,-139.175,151.437,1215.55,-133.067,146.844,1202.59,-136.747,149.197,1167.92,-129.65,138.065,1248.7,-125.834,123.713,1147.18,-135.783,135.751,1314.82,-125.311,99.6339,1130.7,-141.996,141.819,1266.88,-135.438,126.691,1169.75,-125.143,93.5338,1236.14,-120.546,78.3583,1176.45,-115.401,54.1692,1157.87,-116.72,57.3481,1201.08,-137.235,17.0686,1190.33,-131.237,17.4059,1231.4,-161.443,126.093,1239.49,-176.47,112.91,1246.56,-188.971,112.622,1257.25,-180.29,120.69,0,0,0
002153:1178.77,-137.178,152.308,1190.83,-139.089,152.831,1180.29,-136.444,155.086,1232.79,-139.129,144.069,1181.02,-133.305,154.158,1211.23,-138.288,133.153,1220.74,-121.215,128.568,1197.45,-149.764,122.752,1236.97,-114.819,111.102,1185.1,-159.614,124.052,1187.59,-116.533,120.418,1196.73,-130.917,85.8196,1226.57,-118.553,76.6098,1158.38,-117.88,56.3022,1181.91,-113.657,46.3063,1141.29,-140.972,34.6658,1205.72,-133.782,14.0147,1227.62,-162.544,124.053,1242.74,-176.312,110.484,1244.11,-187.242,111.957,1266.71,-181.713,117.152,0,0,0
002154:1187.57,-133.855,156.807,1197.21,-137.244,156.216,1188.04,-133.838,158.974,1221.31,-140.677,146.826,1184.2,-133.741,155.958,1176.59,-132.36,139.288,1211.62,-124.616,134.784,1137.05,-133.106,136.764,1245.17,-114.436,110.15,1110.19,-138.119,145.902,1195.56,-112.768,115.573,1180.7,-125.561,88.9751,1200.73,-118.749,84.8797,1164.7,-119.217,54.6782,1198.72,-115.963,45.005,1165.89,-147.302,29.6076,1188.81,-129.91,12.5329,1230.12,-163.303,122.156,1238.35,-172.854,110.222,1254.84,-186.799,106.806,1250.91,-178.729,120.31,0,0,0
002155:1194.71,-135.743,153.86,1207.01,-139.152,153.12,1192.51,-135.453,157.036,1231.93,-141.592,144.312,1180.96,-135.054,156.169,1187.33,-134.299,135.874,1211.15,-125.387,135.103,1142.65,-136.79,133.543,1244.87,-115.54,114.559,1116.63,-138.626,140.382,1199.7,-118.445,121.136,1183.67,-125.131,86.8465,1197.79,-117.926,84.5665,1175.91,-121.702,51.4309,1202.74,-117.811,44.1039,1172.4,-149.073,27.9736,1197.35,-130.296,10.3108,1224,-160.905,121.531,1242.01,-172.668,108.879,1249.13,-184.271,105.399,1242.01,-175.463,118.473,0,0,0
002156:1191.59,-134.758,155.306,1205.09,-137.7,153.866,1190,-135.499,157.785,1228.85,-141.489,144.948,1186.55,-138.12,154.85,1188.37,-135.515,137.292,1227.9,-128.645,133.331,1181.24,-141.093,124.731,1283.82,-123.73,108.774,1125.02,-138.085,138.007,1228.82,-120.104,128.806,1183.09,-126.566,89.2782,1209.22,-120.153,84.3356,1167.58,-122.633,54.4902,1203.84,-117.925,44.7186,1181.42,-150.517,27.497,1193.31,-129.034,12.1168,1232.4,-162.238,118.434,1234.75,-172.106,108.4,1249.75,-183.321,104.209,1247.47,-177.028,115.728,0,0,0
002157:1183.72,-139.075,157.216,1196.51,-141.985,155.983,1182.33,-138.887,159.815,1234.18,-143.021,145.04,1183.96,-137.344,156.704,1197.95,-134.065,136.099,1245.58,-125.635,129.928,1158.42,-138.965,129.234,1285.3,-121.152,112.737,1118.65,-138.937,132.365,1211.86,-121.916,132.282,1186.4,-127.224,91.8395,1220.34,-119.476,84.6968,1154.67,-122.334,58.3956,1189,-116.962,47.9138,1165.05,-149.535,32.8361,1192.36,-128.414,14.1383,1228.89,-162.422,117.283,1228.18,-169.671,103.602,1246.6,-181.606,100.632,1250.2,-176.883,111.179,0,0,0
002158:1207.27,-141.968,153.885,1214.53,-143.071,153.953,1201.29,-141.53,157.35,1225.5,-142.468,147.222,1185.05,-141.543,156.039,1180.38,-134.352,137.257,1206.22,-126.427,136.757,1157.95,-131.3,132.114,1249.97,-114.91,123.146,1144.46,-139.391,140.973,1262.18,-130.947,132.11,1183.52,-128.359,89.3025,1197.8,-120.586,86.2182,1175.45,-126.091,54.3701,1198.03,-119.216,46.039,1179.6,-150.523,31.0758,1197.35,-130.13,10.201,1237.24,-163.769,113.706,1234.21,-166.601,101.151,1246.53,-180.673,96.7571,1227.77,-177.015,113.459,0,0,0
002159:1192.88,-138.841,156.458,1202.04,-141.137,155.96,1190.76,-139.555,159.178,1223.45,-144.271,146.756,1182.82,-142.116,156.421,1180.07,-138.018,137.205,1221.67,-128.901,135.468,1137.72,-137.312,130.388,1248.75,-116.433,123.478,1120.95,-139.946,136.92,1209.6,-126.072,138.728,1178.44,-128.76,90.2439,1201.55,-120.349,86.3407,1162.22,-125.403,57.2777,1193.61,-118.825,48.0719,1187.52,-151.837,27.8366,1197.17,-130.182,12.9951,1231.17,-161.354,113.552,1239.7,-164.467,99.984,1244.34,-174.323,94.6347,1254.58,-174.805,105.328,0,0,0
002160:1204.17,-141.776,156.887,1209.62,-144.584,157.133,1203.06,-141.776,159.439,1215.62,-146.983,150.198,1198.27,-142.685,155.435,1192.2,-137.521,136.863,1214,-131.585,136.188,1133.8,-133.416,136.217,1274.99,-116.24,124.304,1125.29,-137.783,132.698,1226.27,-129.005,142.317,1182.61,-128.744,90.3589,1199.06,-121.755,87.2108,1165.77,-128.09,56.7039,1199.84,-118.945,47.3761,1189.09,-153.727,27.7779,1197.93,-128.273,14.2233,1225.54,-158.034,114.715,1249.02,-162.108,98.1134,1256.91,-172.79,92.6378,1249.19,-173.239,108.919,0,0,0
002161:1191.96,-140.771,158.33,1199.79,-142.72,157.864,1194.92,-141.824,159.698,1220.16,-145.46,148.761,1201.78,-145.792,153.795,1182.22,-137.221,139.521,1234.35,-133.521,134.203,1126.71,-129.912,141.307,1255.68,-122.768,122.803,1101.4,-130.555,141.759,1226.98,-124.8,138.829,1188.26,-130.14,92.3404,1217.92,-124.102,86.9229,1164.86,-127.663,57.815,1194.08,-119.47,51.3401,1186.68,-152.936,32.6695,1202.95,-128.806,13.8812,1247.39,-157.685,113.04,1253.3,-160.928,95.5468,1244.6,-169.7,93.6375,1246.42,-171.525,107.023,0,0,0
002162:1201.21,-141.682,157.084,1200.38,-142.6,158.647,1201.83,-142.152,158.809,1195.75,-141.959,155.052,1222.12,-148.134,150.222,1163.68,-135.265,144.027,1251.28,-138.765,129.697,1120.99,-128.825,143.351,1295.6,-128.826,110.675,1100.43,-131.963,142.655,1255.5,-127.079,121.278,1181.21,-128.973,93.9725,1232.99,-128.012,83.1964,1161.76,-127.417,59.752,1199.78,-121.221,51.3867,1183.62,-153.659,32.0762,1201.44,-129.029,16.1849,1241.45,-154.346,113.318,1252.59,-157.247,94.634,1261.07,-166.972,87.3397,1237.55,-164.623,106.533,0,0,0
002163:1209.45,-143.709,157.713,1215.74,-146.869,157.287,1210.44,-143.754,159.777,1222.67,-150.396,149.74,1207.83,-143.662,156.082,1188.41,-142.245,138.589,1217.99,-131.328,140.638,1149.15,-137.426,132.208,1255.47,-118.747,127.032,1125.63,-137.724,123.892,1243.83,-125.321,124.55,1186.3,-131.548,92.8932,1200.45,-121.529,91.8662,1171.71,-130.506,57.3607,1191.69,-120.165,53.0137,1185.46,-155.679,32.5228,1203.23,-128.149,15.5969,1237.97,-152.699,111.688,1242.96,-155.968,97.1724,1253.78,-162.714,89.0429,1245,-164.209,104.387,0,0,0
002164:1207.15,-145.979,156.066,1200.57,-146.805,158.763,1209.82,-146.201,157.954,1177.1,-142.206,159.684,1236.44,-150.343,149.872,1174.68,-140.516,144.113,1236.39,-133.441,136.642,1141.63,-135.788,138.561,1260.07,-122.409,125.887,1125.37,-135.759,128.41,1248.2,-126.205,125.248,1180.93,-130.962,94.8686,1214.6,-122.893,88.0712,1178.19,-133.061,56.3738,1194.32,-120.475,51.8221,1189.52,-156.728,32.8414,1198.47,-128.05,16.0251,1246.64,-152.142,108.012,1243.25,-155.003,94.7634,1242.33,-162.399,88.1218,1244.86,-164.217,104.06,0,0,0
002165:1198.76,-146.205,161.099,1197.45,-148.917,161.938,1204.45,-146.003,162.561,1199.42,-151.889,155.031,1218.88,-146.022,155.878,1181.93,-143.778,140.465,1222.38,-132.514,140.742,1153.47,-139.029,132.006,1247.16,-122.229,126.815,1134.23,-140.088,120.378,1246.85,-128.351,121.164,1185.93,-133.152,94.6771,1206.93,-122.508,92.2019,1179.15,-132.923,57.4045,1202.07,-120.998,52.0755,1192.01,-156.074,34.9768,1205.36,-127.615,15.9355,1230.24,-151.397,117.947,1242.91,-153.253,102.456,1240.33,-157.951,94.4343,1230.06,-161.406,110.417,0,0,0
002166:1204.32,-148.517,160.827,1182.44,-150.284,164.454,1210.02,-148.848,162.535,1175.56,-147.093,160.214,1240.99,-151.404,152.099,1194.4,-141.056,142.22,1221.57,-135.644,138.292,1141.64,-133.055,140.598,1269.68,-128.165,121.981,1115.8,-131.677,138.329,1257.65,-132.011,118.717,1190.39,-133.235,94.3441,1212.01,-124.409,89.5245,1178.79,-133.909,57.5838,1190.81,-120.58,54.9093,1193.48,-158.469,33.6067,1210.54,-129.625,16.4414,1224.36,-149.032,118.681,1231.71,-149.34,103.657,1215.56,-153.958,100.366,1230.06,-161.404,110.303,0,0,0
002167:1215.32,-152.438,154.71,1214.41,-152.051,156.731,1210.91,-152.357,157.02,1205.92,-143.393,156.405,1203.57,-156.613,152.884,1172.71,-136.407,147.888,1263.16,-140.077,129.985,1135.66,-130.103,148.802,1309.1,-130.097,114.894,1126.09,-131.844,141.519,1233.13,-133.944,123.897,1174.14,-130.275,99.4196,1241.7,-127.924,85.2761,1177.22,-132.071,58.5414,1213.66,-123.051,52.4363,1210.12,-157.871,29.978,1192.14,-130.241,21.5388,1245.69,-146.727,114.799,1237.51,-147.138,103.953,1203.62,-148.404,105.696,1228.41,-156.047,113.894,0,0,0
002168:1204.72,-149.627,159.591,1225.7,-151.938,159.086,1187.2,-150.525,164.514,1205.47,-156.757,153.831,1226.1,-145.705,155.696,1190.62,-147.602,141.761,1245.76,-131.668,135.834,1154.56,-138.668,131.673,1259.32,-119.857,135.047,1120.56,-135.082,129.145,1208.4,-123.958,144.75,1195.12,-134.763,93.8856,1205.6,-122.316,93.5136,1177.65,-134.888,58.9531,1196.69,-120.806,55.401,1194.25,-160.624,35.3801,1210.35,-128.301,15.9362,1210.41,-142.69,121.527,1211.53,-145.205,110.159,1190.98,-150.082,103.744,1202.99,-152.137,115.031,0,0,0
002169:1184.08,-146.744,162.784,1177.95,-148.033,164.777,1193.09,-147.014,162.787,1167.52,-146.525,162.02,1237.47,-152.578,150.149,1169.57,-142.466,147.277,1235.2,-138.408,138.3,1139.73,-134.928,146.585,1255.53,-129.905,128.356,1117.6,-132.297,136.018,1237.29,-129.552,124.964,1179.88,-133.027,97.9086,1218.25,-126.284,90.1978,1172,-135.643,60.0993,1198.16,-122.438,54.6399,1193.48,-160.929,35.8671,1213.66,-127.798,15.9065,1204.85,-142.176,123.121,1215.2,-145.9,112.502,1209.44,-151.68,109.908,1195.28,-151.807,124.848,0,0,0
002170:1219.06,-151.704,157.023,1216.22,-152.655,158.513,1223.94,-152.59,158.037,1201.36,-151.851,156.466,1227.95,-155.096,152.796,1177.24,-145.917,145.763,1225.21,-137.94,141.036,1144.25,-136.933,146.647,1264.12,-129.681,130.027,1118.32,-131.26,138.101,1254.16,-130.282,129.764,1183.73,-135.048,97.8858,1210.93,-125.326,93.323,1178.84,-138.073,59.1404,1196.09,-121.445,58.3402,1186.87,-159.711,40.1531,1209.66,-127.154,18.4619,1222.44,-141.857,119.542,1234.1,-144.646,110.077,1238.67,-150.75,105.269,1217.15,-149.466,117.748,0,0,0
002171:1196.26,-150.09,159.938,1193.52,-152.599,160.978,1204.31,-150.668,160.98,1195.05,-155.307,155.036,1224.59,-150.966,154.376,1187.66,-148.841,140.563,1215.39,-135.181,144.575,1158.07,-139.257,137.827,1222.92,-123.832,141.799,1125.86,-132.033,136.75,1200.85,-127.232,152.432,1193.27,-136.862,95.7486,1206.65,-123.828,96.013,1182.13,-140.342,58.0211,1196.65,-121.568,58.3923,1195.83,-162.587,35.5823,1206.93,-126.217,18.4533,1250.18,-149.262,119.543,1253.65,-148.022,109.782,1261.33,-154.947,104.068,1250.86,-152.882,115.526,0,0,0
002172:1207.76,-153.208,156.794,1205.22,-155.074,158.166,1213.49,-153.787,158.246,1202.83,-156.726,153.922,1228.12,-154.656,153.227,1188.06,-151.208,139.151,1221.23,-135.504,145.586,1160.22,-142.021,127.884,1245.56,-123.519,144.2,1141.06,-137.27,116.241,1217.98,-131.175,151.231,1192.91,-138.34,95.7174,1208.51,-123.426,95.9275,1180.58,-139.77,59.7556,1196.92,-120.987,58.4484,1196.71,-162.939,38.3994,1212.07,-127.412,16.7898,1228.76,-137.76,118.719,1211.13,-138.939,115.536,1193.47,-143.791,118.737,1225.55,-145.339,122.254,0,0,0
002173:1214.88,-154.108,156.087,1214.32,-156.803,156.865,1212.67,-153.061,159.206,1211.53,-159.332,152.292,1210.91,-150.665,157.275,1191,-152.888,138.479,1218.49,-137.99,144.926,1178.2,-145.505,124.84,1268.72,-123.109,145.725,1168.81,-137.375,114.333,1200.62,-126.563,160.098,1189.71,-137.575,96.1665,1203.83,-123.759,96.9861,1176.94,-140.681,59.3782,1202.98,-122.578,56.6704,1198.32,-163.741,38.3967,1210.7,-126.766,17.618,1191.7,-135.06,128.075,1185.22,-138.134,122.49,1154.8,-141.295,133.458,1191.42,-144.933,128.009,0,0,0
002174:1206.1,-153.859,160.905,1210.43,-156.703,160.609,1206.12,-152.985,163.159,1215.94,-160.392,153.201,1204.95,-151.635,159.442,1196.65,-153.734,138.955,1217.02,-138.929,146.35,1185.57,-145.218,119.805,1247.3,-124.838,148.498,1156.22,-137.294,107.335,1196.5,-128.149,162.814,1186.39,-138.283,98.4847,1196.36,-124.322,100.06,1181.69,-141.788,58.437,1197.92,-122.488,59.9669,1200.41,-164.366,38.3997,1195,-124.013,19.7832,1210.15,-137.365,129.404,1196.67,-137.334,123.202,1195.12,-144.669,127.059,1207.51,-143.898,131.162,0,0,0
002175:1207.9,-154.256,161.393,1207.49,-157.17,161.382,1210.4,-154.159,163.435,1210.64,-161.576,153.215,1217.23,-153.717,158.155,1198.1,-154.518,137.669,1223.48,-139.386,145.29,1170.32,-144.828,125.439,1250.18,-125.51,148.302,1146.29,-136.039,116.64,1201.73,-127.436,164.241,1190.78,-139.149,96.9897,1202.26,-124.451,98.6047,1181.05,-142.144,58.4805,1201.15,-122.85,58.4526,1198.94,-166.009,38.8859,1204.85,-125.448,12.644,1241.71,-131.384,123.551,1263.58,-127.735,109.408,1290.52,-133.215,96.8289,1274.39,-137.3,108.29,0,0,0
002176:1207.13,-156.785,159.923,1204.19,-159.85,160.801,1210.84,-156.184,162.526,1199.87,-162.821,155.445,1222.31,-154.269,158.297,1192.16,-154.809,139.559,1216.1,-141.196,147.513,1177.61,-146.912,121.076,1251.41,-126.405,152.772,1157.29,-136.738,106.506,1209.63,-128.22,165.064,1191.32,-139.958,97.7508,1203.82,-126.563,99.5663,1175.98,-143.951,61.4174,1199.74,-123.278,61.0332,1189.85,-165.951,40.5288,1197.02,-124.211,19.1861,1268.24,-131.305,120.681,1273.24,-126.112,111.603,1292.65,-132.161,100.874,1296,-138.675,105.794,0,0,0
002177:1220.76,-155.467,157.962,1228.21,-159.383,156.768,1219.64,-155.097,161.051,1229.55,-163.826,150.238,1204.51,-152.596,161.121,1194.36,-154.669,140.228,1205.78,-138.726,149.639,1174.52,-145.029,124.041,1255.21,-131.971,152.746,1158.22,-136.824,108.08,1232.71,-136.679,159.884,1200.67,-141.528,94.6852,1204.47,-126.01,97.7559,1182.38,-144.713,59.0067,1208.54,-123.477,56.1219,1197.46,-168.012,40.4305,1211.99,-127.141,13.5777,1234.15,-126.416,124.143,1265.93,-121.99,114.258,1291.31,-124.631,101.499,1276.28,-131.55,111.351,0,0,0
002178:1208.91,-157.884,164.067,1209.86,-160.758,163.812,1209.8,-157.12,166.484,1210.17,-163.486,155.967,1210.81,-155.486,162.008,1196.83,-156.45,138.884,1216.91,-141.47,148.469,1186.75,-147.329,120.298,1268.95,-127.474,152.235,1155.79,-138.972,108.422,1205.99,-132.881,165.919,1191.9,-140.305,97.8382,1201.28,-125.816,100.388,1177.57,-144.903,61.5168,1203.13,-123.646,61.5831,1204.89,-166.854,41.0793,1207.53,-124.867,17.7268,1262.82,-127.988,123.649,1268.45,-118.967,114.12,1284.65,-124.218,104.654,1282.26,-129.237,111.702,0,0,0
002179:1228.73,-160.949,157.218,1232.87,-164.511,156.687,1224.68,-159.789,160.742,1226.78,-166.999,151.277,1206.81,-155.61,161.051,1197.62,-157.951,138.91,1219.76,-141.972,147.527,1171.79,-146.323,122.353,1226.57,-129.486,147.533,1161.87,-138.762,106.19,1224.25,-127.092,162.053,1186.99,-140.302,99.3349,1200.03,-125.377,100.882,1180.29,-146.339,61.4648,1206.43,-122.901,60.1167,1204.08,-168.628,39.3724,1210.4,-125.601,17.5398,1260.35,-125.399,126.015,1274.16,-118.611,119.86,1276.79,-120.087,106.008,1258.97,-122.579,118.145,0,0,0
002180:1212.4,-160.867,161.108,1210.32,-164.066,161.517,1211.54,-159.952,164.348,1211.31,-166.918,154.259,1217.21,-157.412,160.659,1204.55,-157.904,136.461,1221.39,-144.275,148.515,1180.72,-149.094,121.724,1232.33,-133.691,150.369,1153.53,-138.986,109.165,1256.37,-133.367,158.606,1204.02,-140.886,95.6904,1210.34,-126.961,99.3439,1202.54,-146.824,58.615,1211.92,-124.046,59.9712,1203.6,-170.768,38.5956,1204,-124.781,19.4561,1249.81,-125.379,134.166,1264.24,-118.532,125.216,1241.64,-111.836,118.108,1253,-122.171,122.615,0,0,0
002181:1216.83,-160.064,159.786,1211.52,-162.096,160.59,1219.32,-160.477,161.585,1204.17,-164.16,154.488,1231.09,-161.388,155.291,1207.33,-158.804,136.978,1217.45,-143.132,148.014,1181.31,-147.865,120.512,1230.01,-132.128,148.587,1163,-136.986,109.939,1242.78,-132.351,160.805,1202.57,-143.086,97.9219,1201.91,-126.962,102.265,1189.72,-147.062,63.6603,1203.47,-122.381,62.4244,1207.64,-173.137,40.072,1206.68,-125.644,19.0488,1250.6,-125.359,136.827,1264.26,-114.812,127.591,1258.33,-113.206,114.994,1264.43,-121.257,120.349,0,0,0
002182:1212.59,-161.361,161.892,1209.68,-164.121,162.354,1213.3,-160.933,164.449,1208.17,-167.045,154.853,1222,-160.253,159.11,1204.07,-160.247,136.133,1219.46,-145.251,149.699,1176.09,-149.322,120.941,1215.4,-132.22,158.481,1161.75,-138.632,106.289,1235.5,-131.944,165.399,1199.6,-142.599,97.7352,1206.34,-127.275,101.634,1189.29,-148.909,61.5282,1208.87,-123.175,60.978,1201.32,-172.293,40.7605,1204.75,-124.749,18.9558,1257.32,-124.869,137.895,1264.82,-114.8,129.599,1253.89,-110.834,119.278,1253.98,-122.153,126.275,0,0,0
002183:1210.85,-163.715,159.49,1210.5,-167.504,159.867,1207.37,-161.705,163.446,1212.85,-171.031,152.712,1206.03,-156.464,161.837,1205.68,-161.848,134.993,1209.31,-143.109,152.538,1180.5,-149.028,119.386,1230.18,-135.715,161.075,1166.2,-140.38,103.735,1294.73,-146.268,160.455,1205.93,-144.12,97.4145,1201.99,-125.899,103.693,1199.5,-151.448,61.0863,1202.45,-121.312,61.4922,1204.51,-174.729,38.6214,1214.79,-126.972,18.3957,1257.32,-124.002,142.122,1260.94,-112.41,135.84,1259.23,-110.468,123.869,1249.54,-120.731,132.542,0,0,0
002184:1207.57,-162.483,161.722,1205.49,-165.817,161.819,1210.64,-162.227,163.915,1208.33,-169.814,153.564,1219.61,-160.012,159.212,1207.05,-161.928,135.462,1221.48,-145.172,148.952,1184.36,-150.284,119.619,1230.51,-136.971,153.827,1160.3,-139.309,105.108,1244.87,-135.982,166.826,1201.79,-144.888,98.9349,1205.75,-127.824,103.135,1190.29,-151.096,63.7427,1202.69,-122.6,62.3251,1207.88,-174.845,39.19,1208.22,-125.187,19.795,1262.34,-123.602,140.885,1267.3,-113.766,135.799,1256.28,-110.787,127.936,1267.54,-121.183,131.189,0,0,0
002185:1194.23,-158.983,164.135,1186.63,-160.328,165.882,1201.18,-159.995,165.402,1181.49,-162.013,160.812,1228.09,-163.536,157.407,1195.45,-159.655,139.924,1216.6,-145.735,151.147,1187.45,-150.803,118.974,1219.12,-135.172,159.798,1166.87,-140.24,102.535,1234.32,-133.045,170.136,1203.9,-144.619,98.4568,1213.27,-129.546,101.282,1194.79,-151.641,65.1448,1199.89,-121.831,65.5597,1216.05,-174.033,37.4866,1210.42,-124.771,22.5097,1251.08,-123.669,149.934,1266.24,-113.041,143.279,1249.59,-111.417,132.174,1253.01,-122.386,136.653,0,0,0
002186:1221.86,-165.364,159.428,1211.07,-164.842,163.384,1225.07,-165.671,161.701,1186.82,-160.415,163.516,1242.79,-168.502,154.871,1177.55,-154.631,151.456,1274.21,-160.283,137.165,1146,-140.42,151.539,1288.2,-152.863,137.921,1176.17,-139.908,137.554,1277.15,-144.834,156.654,1162.69,-135.222,112.625,1253.78,-139.646,95.6943,1100.14,-129.443,87.7333,1274.47,-137.91,53.5562,1059.46,-135.799,65.5595,1371.46,-162.314,-10.3795,1261.54,-125.714,153.026,1263.14,-113.351,146.536,1273.85,-113.141,130.311,1262.74,-124.455,137.495,0,0,0
002187:1214.6,-163.73,160.412,1213.99,-166.397,160.51,1214.81,-163.667,162.756,1217.48,-169.647,152.796,1217.81,-162.942,158.747,1209.3,-163.611,135.34,1218.58,-147.567,150.607,1182.96,-152.068,119.007,1225.06,-137.427,161.373,1162.86,-139.887,104.673,1251.08,-137.621,171.176,1206.82,-145.75,98.1924,1207.16,-128.832,103.682,1196.46,-154.421,62.1581,1207.78,-122.491,63.1521,1212.61,-177.312,37.517,1210.88,-124.248,21.5168,1263.87,-124.621,153.981,1267.24,-113.018,146.623,1263.69,-113.09,134.045,1253.63,-123.35,141.889,0,0,0
002188:1209.9,-165.654,161.419,1207.04,-168.585,162.375,1211.51,-164.803,164.187,1208.56,-170.92,155.788,1222.52,-162.373,159.884,1204.42,-163.941,136.996,1224,-149.208,150.763,1188.68,-153.52,117.82,1221.24,-140.031,162.551,1159.54,-139.53,109.215,1245.27,-140.086,174.301,1204.12,-145.972,98.1061,1213.18,-130.235,102.092,1191.05,-155.187,62.3003,1211.36,-123.266,61.1511,1207.6,-176.08,37.0568,1208.58,-123.383,23.2754,1265.97,-126.387,157.803,1275.21,-114.342,151.984,1272.29,-113.409,138.662,1261.92,-122.738,143.243,0,0,0
002189:1216.75,-168.142,161.552,1215.56,-172.055,161.576,1219.25,-167.973,164.071,1215.68,-173.808,154.148,1225.86,-163.912,160.401,1205.6,-163.335,137.785,1216.87,-148.569,153.625,1161.24,-152.543,124.225,1215.96,-138.98,164.965,1160.14,-142.556,107.797,1233.09,-137.323,176.854,1221.05,-143.904,97.9406,1203.78,-130.016,108.527,1312.49,-146.842,39.8885,1151.34,-126.882,84.079,1387.09,-170.031,-13.8093,1100.27,-134.084,59.8711,1271.24,-128.855,161.547,1281.87,-116.696,155.505,1279.72,-114.756,142.218,1281.38,-126.916,143.67,0,0,0
002190:1208.25,-165.893,161.584,1204.86,-168.224,162.6,1211.48,-165.533,163.786,1200.12,-169.697,156.936,1226.1,-165.001,158.289,1201.98,-164.712,136.97,1221.29,-150.473,151.182,1183.98,-153.558,118.504,1218.99,-141.222,167.038,1158.6,-140.076,106.612,1243.05,-142.508,179.242,1202.7,-147.081,99.8833,1210.33,-130.939,103.901,1203.36,-157.818,63.0298,1206.55,-122.514,63.9865,1216.26,-178.533,37.3577,1209.37,-122.933,22.3147,1279.45,-132.044,163.897,1289.15,-119.05,160.851,1283.09,-117.427,148.452,1272.04,-127.742,153.382,0,0,0
002191:1227.31,-166.278,160.027,1233.44,-168.697,159.446,1222.69,-166.67,163.135,1234.05,-170.09,153.054,1203.88,-166.844,162.303,1220.81,-163.795,138.339,1203.14,-152.154,153.564,1190.05,-154.802,126.006,1204.5,-142.972,160.391,1174.7,-141.344,108.894,1236.03,-141.016,170.92,1210.58,-146.879,99.8859,1195.34,-133.244,107.654,1211.88,-156.293,61.227,1197.8,-122.463,68.4469,1229.23,-178.336,29.2356,1201.18,-123.037,28.1371,1286.04,-134.474,169.368,1292.33,-120.74,163.489,1283.82,-117.409,150.812,1283.2,-128.84,155.522,0,0,0
002192:1227.89,-168.827,160.423,1228.18,-172.663,160.021,1224.11,-168.405,164.002,1222.96,-174.37,152.589,1216.77,-164.197,162.12,1210.78,-164.521,135.229,1216.17,-150.314,154.2,1185.16,-153.629,116.696,1218.92,-142.238,169.429,1162.41,-142.182,105.952,1234.19,-141.305,184.41,1200.59,-147.553,101.68,1200.18,-132.09,108.518,1198.94,-158.339,66.5573,1193.22,-121.712,70.1166,1208.12,-180.981,34.0985,1207.82,-122.945,26.5264,1286.92,-139.159,173.556,1290.03,-126.731,173.515,1285.39,-124.08,162.554,1284.7,-133.521,161.722,0,0,0
002193:1238.53,-168.898,156.953,1243,-172.609,156.316,1230.36,-168.033,160.972,1244.73,-176.46,148.626,1210.88,-164.582,160.83,1218.8,-167.142,133.61,1221.5,-153.29,151.212,1185.8,-154.744,116.854,1229.69,-145.119,168.392,1167.28,-140.626,104.856,1247.38,-144.455,190.176,1207.15,-148.651,98.7766,1203.77,-132.933,105.51,1210.02,-161.287,60.9754,1200.75,-121.626,64.5237,1215.28,-181.1,32.3368,1218.97,-125.551,22.4018,1273.1,-140.183,181.781,1289.55,-128.713,177.818,1302.74,-127.586,165.758,1297.9,-138.363,167.99,0,0,0
002194:1231.93,-169.883,158.197,1235.53,-173.931,156.999,1230.36,-170.122,161.19,1231.75,-176.651,149.113,1219.54,-166.8,159.882,1210.76,-166.529,133.788,1220.83,-151.987,153.26,1178.03,-153.304,118.091,1222.14,-145.298,174.625,1174.19,-143.186,101.44,1244.26,-146.566,188.274,1199.65,-148.992,100.002,1203.98,-132.653,106.337,1203.72,-161.293,63.3481,1199.93,-120.997,67.4199,1214.29,-183.289,32.7316,1215,-123.494,25.0277,1273.85,-141.137,187.461,1292.59,-131.395,182.965,1320.59,-135.941,170.648,1259.7,-133.678,180.622,0,0,0
002195:1223.39,-170.935,159.365,1220.88,-174.367,159.344,1226.11,-170.631,161.692,1215.02,-176.319,151.696,1228.62,-166.847,157.829,1214.55,-167.494,131.026,1220.67,-151.384,152.325,1191.53,-155.197,114.457,1216.97,-145.231,177.088,1167.45,-141.722,103.367,1240.92,-147.012,190.111,1212.54,-150.262,95.3896,1212.91,-132.315,102.737,1204.17,-161.613,61.5756,1204.49,-120.248,65.4732,1214.43,-184.602,32.306,1218.75,-123.704,21.1494,1270.05,-145.076,187.004,1344.86,-147.965,180.891,1343.89,-144.15,178.434,1280.61,-140.629,182.218,0,0,0
002196:1223.15,-170.733,159.886,1222.21,-174.259,159.908,1224.63,-170.589,162.663,1217.19,-175.941,152.982,1229.34,-167.632,159.001,1212.78,-168.256,133.249,1223.07,-152.92,152.448,1202.56,-157.027,112.556,1214,-145.613,173.704,1166.22,-142.496,105.573,1229.73,-147.155,190.766,1208.39,-150.335,98.7515,1213.06,-133.294,104.967,1198.74,-162.658,64.848,1206.69,-121.227,65.906,1207.54,-183.005,35.0395,1212.66,-121.399,24.4289,1269.51,-147.011,191.479,1333.75,-148.697,187.298,1298.76,-144.232,189.177,1254.41,-144.345,194.906,0,0,0
002197:1221.49,-172.669,158.229,1223.64,-176.762,157.747,1220.94,-171.773,161.536,1225.04,-179.398,150.229,1218.42,-166.447,160.127,1203.12,-169.228,135.282,1220.95,-153.345,153.855,1187.93,-157.504,116.861,1230.54,-148.509,175.466,1165.44,-143.572,105.732,1241.69,-149.77,194.169,1205.31,-151.046,99.368,1211.67,-133.125,105.475,1205.36,-164.511,63.3493,1202.29,-119.754,66.9375,1227.34,-187.38,29.3928,1217.78,-122.17,23.1275,1266.72,-151.855,196.883,1321.48,-155.188,194.278,1309.51,-152.138,197.053,1273.16,-149.647,198.11,0,0,0
002198:1227.36,-167.916,158.995,1224.09,-169.558,160.165,1227.93,-168.961,161.098,1215.63,-170.839,154.953,1235.32,-172.096,155.408,1219.94,-169.463,134.111,1227.42,-155.352,149.562,1205.78,-161.069,113.126,1222.69,-149.099,168.141,1172.81,-143.979,102.55,1225.98,-149.32,189.309,1210.82,-153.197,97.9613,1212.28,-136.287,103.416,1206.75,-165.777,63.4452,1204.82,-121.955,67.1716,1218.18,-186,31.6766,1217.97,-122.74,25.4331,1260.12,-154.201,207.076,1297.33,-159.476,207.152,1320.11,-156.348,206.102,1281.53,-152.038,207.849,0,0,0
002199:1240,-173.013,155.716,1242.64,-176.909,155.158,1235.65,-172.84,159.588,1234.64,-178.618,149.04,1221.1,-169.065,159.54,1212.87,-170.362,132.853,1212.64,-154.152,153.567,1193.29,-158.15,113.167,1215.27,-148.254,171.827,1171.55,-143.78,106.807,1236.55,-150.909,193.4,1209.13,-151.847,97.7871,1206.57,-133.993,105.794,1203.95,-165.412,62.6243,1204.17,-119.829,66.1145,1210.99,-185.742,32.288,1213.52,-120.831,25.4998,1262.24,-157.799,212.6,1270.48,-165.595,214.273,1299.09,-161.37,218.561,1274.52,-154.408,217.726,0,0,0
002200:1210.02,-171.943,161.734,1203.53,-174.221,163.352,1217.87,-172.488,163.263,1202.03,-174.851,156.681,1245.84,-173.185,155.252,1216.32,-170.751,132.918,1232.54,-156.282,150.889,1208.89,-159.982,111.216,1210.31,-149.783,179.325,1177.34,-143.794,104.226,1216.82,-150.43,202.677,1216.14,-153.404,95.8972,1221.37,-135.826,101.679,1213.66,-167.61,61.8491,1210.33,-121.579,65.5472,1226.63,-186.862,30.5928,1215.53,-120.768,24.7937,1269.4,-163.859,217.753,1268.25,-170.351,221.804,1296.31,-168.129,231.578,1286.12,-160.27,224.166,1177.8,-180.499,271.502
002201:1207.04,-172.905,163.213,1202.52,-175.945,164.234,1213.85,-173.214,164.739,1200.37,-177.846,156.972,1237.76,-172.02,157.072,1209.38,-172.855,134.46,1226.46,-156.81,151.703,1199.36,-162.348,112.621,1220.06,-150.704,175.754,1164.21,-144.951,106.527,1227.49,-152.044,200.966,1210.16,-155.53,96.5213,1216.84,-137.314,102.104,1205.56,-168.657,62.5408,1207.28,-122.212,64.5919,1214.44,-188.41,29.4365,1223.85,-122.909,24.4052,1263.93,-167.862,225.028,1265.24,-175.092,227.238,1276.58,-170.074,236.341,1268.07,-162.271,234.267,1181.25,-181.569,269.816
002202:1227.64,-173.891,159.627,1229.6,-177.866,159.215,1224.36,-173.061,162.969,1231.49,-181.683,150.894,1217.85,-168.61,160.839,1218.93,-173.205,132.524,1221.11,-156.775,152.144,1205.93,-162.703,110.992,1224.55,-151.072,172.295,1173.46,-144.984,102.177,1224.34,-150.71,201.336,1214.07,-155.975,95.4833,1213.21,-137.8,102.578,1218.29,-171.471,59.6643,1206.57,-121.742,64.7392,1216.61,-189.364,29.977,1230.45,-122.863,22.3596,1253.67,-168.433,230.516,1258.67,-179.969,234.257,1272.31,-176.715,244.416,1253.47,-164.036,240.932,1180.52,-181.582,267.335
002203:1225.33,-175.547,158.336,1227.05,-179.931,158.242,1225.62,-174.758,161.677,1230.82,-183.088,150.324,1226.03,-169.787,159.607,1217.87,-173.861,131.681,1225.52,-157.714,151.801,1200.78,-160.81,110.959,1217.16,-151.701,176.739,1185.51,-147.723,99.9556,1224.47,-152.902,200.758,1214.39,-154.495,95.8688,1217.57,-136.387,102.802,1206.8,-169.006,62.4544,1208.64,-120.732,65.0258,1216.66,-191.703,28.2014,1216.68,-120.668,24.8808,1246.56,-173.329,234.854,1247.75,-184.963,239.989,1275.73,-182.976,250.926,1258.4,-169.283,249.208,1179.95,-181.59,265.499
002204:1211.93,-172.849,162.08,1207.24,-175.754,163.245,1218.73,-173.568,163.635,1205.24,-178.533,156.106,1241.49,-174.054,156.194,1222.24,-173.601,131.484,1227.72,-158.738,151.016,1209.34,-162.027,111.183,1212.68,-151.79,177.071,1169.58,-145.532,105.006,1219.7,-154.279,200.009,1217.83,-156.263,94.7208,1218.18,-138.294,101.73,1206.08,-170.441,61.9487,1210.13,-122.369,64.1256,1215.63,-190.858,30.0033,1225.28,-120.379,23.3903,1242.08,-174.449,236.013,1234.12,-184.66,243.213,1250.83,-185.821,253.516,1250.97,-173.249,249.793,1179.22,-181.603,263.018
002205:1216.58,-175.782,160.15,1213.8,-179.596,160.641,1225.23,-176.347,161.699,1210.66,-182.63,153.99,1241.43,-173.767,156.712,1211.24,-174.22,133.632,1223.11,-159.588,152.069,1204.67,-162.988,111.038,1212.85,-153.106,175.478,1173.54,-150.103,104.963,1222.55,-156.947,202.136,1211.08,-155.691,97.6254,1215.81,-138.204,104.045,1204.99,-169.274,62.4228,1204.54,-121.305,63.9768,1225.22,-193.339,24.5177,1228.39,-118.97,22.3504,1223.88,-176.254,242.315,1229.94,-190.173,247.293,1234.65,-188.274,257.608,1237.54,-177.503,256.14,1186.98,-182.484,260.781
002206:1228.34,-178.234,156.932,1229.45,-182.681,156.605,1229.4,-177.607,160.152,1229.34,-185.364,149.056,1229.23,-171.747,158.48,1221.69,-175.038,131.027,1220.07,-158.585,152.691,1194.95,-161.307,114.267,1209.17,-153.715,177.826,1180.57,-149.078,100.389,1212.65,-156.536,203.634,1214.27,-156.772,95.1666,1211.71,-138.261,103.216,1209.3,-172.099,61.2681,1212.47,-122.842,61.8319,1221.03,-195.08,25.3475,1230.62,-120.694,21.8569,1225.67,-177.933,241.638,1219.07,-190.604,249.231,1223.4,-190.525,263.904,1240.38,-178.26,255.795,1182.31,-182.685,260.064
002207:1218.63,-177.111,158.477,1220.92,-181.212,158.781,1221.97,-176.312,161.559,1229.83,-184.19,150.778,1230.95,-172.012,158.472,1217.54,-176.143,131.817,1228.92,-160.419,150.945,1200.02,-164.436,112.664,1207.45,-153.414,176.371,1166.94,-146.643,109.717,1196.22,-151.793,199.78,1218.62,-157.396,93.2127,1224.05,-139.293,99.8741,1223.87,-174.633,56.6661,1209.49,-121.022,64.2833,1220.24,-191.57,27.5976,1222.96,-117.997,24.651,1212.32,-181.199,243.712,1208.09,-190.143,247.341,1220.05,-193.269,261.769,1218.51,-178.377,256.036,1185.88,-182.503,257.04
002208:1214.68,-177.599,159.156,1216.16,-182.055,159.499,1219.54,-176.979,162.121,1219.9,-185.367,152.027,1230.41,-172.67,158.847,1220.11,-176.647,130.658,1225.76,-160.517,151.344,1215.26,-166.432,109.651,1211.96,-156.394,176.206,1174.3,-147.785,105.101,1210.21,-157.842,200.539,1212.37,-157.845,95.3587,1215.46,-139.49,102.612,1210.66,-173.105,60.2144,1207.54,-121.277,65.341,1212.29,-193.062,27.892,1231.08,-116.013,21.9768,1206,-179.714,241.688,1200.09,-190.446,245.422,1198.47,-193.201,261.528,1214.89,-178.547,256.482,1185.14,-182.517,254.547
002209:1233.95,-180.724,154.418,1222.53,-181.621,158.37,1238.14,-180.586,156.558,1201.36,-178.244,157.623,1267.66,-182.635,147.568,1194.43,-170.006,145.877,1288.14,-176.614,128.157,1179.31,-155.075,150.015,1284.49,-175.157,134.548,1234.94,-158.176,141.306,1238.83,-167.755,158.16,1179.37,-148.852,104.039,1283.52,-155.462,81.5568,1092.97,-140.387,93.4563,1380.98,-162.555,23.7122,1009.06,-134.695,82.2928,1520.82,-185.094,-51.5513,1203.95,-178.49,238.172,1195.12,-190.429,240.688,1186.71,-189.986,258.312,1198.62,-177.979,254.716,1188.44,-183.603,252.208
002210:1218.46,-177.807,159.341,1222.03,-181.549,160.059,1223.94,-177.568,161.742,1224.22,-184.03,154.199,1228.66,-174.713,158.164,1221.51,-177.538,136.222,1225.61,-164.347,151.917,1210.87,-163.55,114.977,1221.42,-156.985,178.576,1192.17,-151.471,101.153,1212.27,-161.617,199.449,1222.57,-158.842,100.801,1219.4,-143.208,107.039,1213.79,-171.002,65.0419,1203.98,-125.266,68.1089,1239.62,-193.799,25.9826,1210.39,-116.245,32.1405,1264.42,-174.759,214.181,1294.34,-185.418,211.204,1302.54,-182.45,217.566,1272.34,-171.801,220.457,1180,-181.468,250.703
002211:1222.56,-178.915,158.6,1226.15,-182.668,159.319,1223.74,-177.573,161.117,1223.76,-185.352,154.282,1228.02,-176.047,157.616,1216.78,-177.758,136.431,1221.06,-164.599,152.755,1201.73,-164.06,116.172,1220.69,-158.319,177.307,1187.61,-151.759,101.448,1212.36,-161.616,200.202,1222.01,-160.191,100.205,1214.88,-143.518,107.995,1221.98,-173.23,62.3733,1199.86,-124.268,69.0528,1234.23,-195.336,26.6226,1214.74,-115.859,30.2958,1185.06,-177.336,232.446,1181.2,-188.793,233.56,1176.49,-186.567,244.524,1176.19,-175.367,244.662,1172.08,-178.089,249.155
002212:1222.56,-178.915,158.6,1226.15,-182.668,159.319,1227.87,-178.684,160.379,1223.76,-185.352,154.282,1228.02,-176.047,157.616,1220.9,-178.87,135.631,1220.64,-165.928,152.831,1200.97,-165.394,114.96,1215.98,-158.591,177.448,1187.24,-153.081,101.528,1216.26,-162.679,198.901,1222.01,-160.191,100.205,1219.04,-144.556,107.114,1221.79,-173.239,61.734,1199.56,-125.618,69.124,1234.05,-195.346,25.9748,1215.1,-115.848,31.6244,1175.7,-177.768,231.204,1172.16,-187.904,231.61,1163.09,-185.882,242.508,1166.78,-175.809,242.724,1164.09,-173.486,245.739
002213:1222.56,-178.915,158.6,1221.58,-182.87,160.141,1223.3,-178.896,161.197,1227.72,-186.485,152.85,1223.45,-176.268,158.441,1220.9,-178.87,135.631,1224.41,-167.022,150.768,1200.8,-165.397,114.29,1219.91,-159.653,176.084,1191.1,-154.129,99.9789,1207.17,-163.188,199.641,1217.28,-160.459,100.509,1218.87,-144.559,106.438,1226.19,-174.35,61.3731,1199.56,-125.618,69.124,1229.34,-195.51,27.1395,1214.94,-115.85,30.9423,1174.61,-177.79,227.467,1166.62,-188.11,227.897,1157.41,-186.093,238.204,1164.86,-177.098,237.886,1153.32,-167.873,245.904
002214:1226.52,-180.032,157.18,1225.52,-183.995,158.726,1227.26,-180.013,159.783,1227.52,-186.491,152.223,1227.41,-177.379,157.02,1220.29,-180.2,135.041,1224.41,-167.022,150.768,1200.4,-166.721,114.374,1224.03,-160.718,175.382,1190.56,-155.457,99.3929,1215.3,-164.006,197.019,1221.44,-161.539,99.6107,1218.52,-145.907,106.513,1225.83,-174.363,60.0441,1199.56,-125.618,69.124,1233.59,-196.695,26.0448,1211.05,-114.856,33.3586,1173.45,-179.075,225.039,1165.54,-188.132,224.176,1151.99,-186.302,234.461,1159.77,-177.323,235.36,1138.59,-162.57,246.62
002454:406.047,218.664,0.276507
