014488:1035.89,-16.613,133.11,1037.46,-20.1725,135.826,1036.9,-14.2642,136.152,1044.67,-23.0401,132.368,1042.19,-8.44441,134.201,1047.94,-25.6767,115.426,1047.41,1.26106,116.641,1046.97,-31.1974,92.0356,1048.75,14.7443,99.4317,1044.97,-30.9541,75.4558,1036.32,28.6719,90.6918,1055.34,-20.9912,72.9077,1052.67,1.36257,73.1365,1058.29,-37.3391,45.1794,1041.69,19.026,45.1967,1078.23,-51.704,8.21091,1050.48,29.1172,8.51723,1001.45,56.6192,102.519,1006.58,63.6455,114.208,996.899,78.0585,114.943,991.122,71.7152,102.305,0,0,0
014489:1031.34,-14.6875,134.642,1032.77,-18.2653,137.334,1032.71,-12.3748,137.534,1040.28,-21.8471,133.757,1039.13,-7.17634,135.209,1045.47,-25.4715,116.263,1043.96,2.16499,117.951,1042.95,-31.0793,93.7586,1047.84,15.0446,100.405,1041.32,-30.8193,76.4137,1029.35,27.1221,91.3648,1053.15,-20.5968,72.9494,1049.12,2.20881,73.8166,1061.45,-36.837,44.596,1038.84,19.8006,47.14,1077.48,-51.1684,8.82144,1046.48,28.4299,11.3712,1010.5,59.5696,100.912,996.813,65.0563,117.59,1003.84,80.4577,113.859,992.51,74.8639,103.502,0,0,0
014490:1033.13,-13.6487,134.405,1034.96,-17.5322,137.002,1035.05,-11.3696,137.287,1043.05,-21.6995,133.169,1042.11,-6.54453,134.87,1046.83,-24.7108,115.467,1046.48,2.31644,117.474,1045.24,-29.9404,92.0857,1047.16,15.951,100.657,1042.07,-31.0462,75.1534,1037.18,28.5569,90.7867,1053.36,-19.3768,73.3232,1050.37,2.86454,74.22,1059.02,-35.6814,45.7162,1041.72,19.9258,47.4085,1077.14,-51.1133,7.43495,1046.41,28.4499,10.7749,1002.7,61.9749,105.286,993.833,66.6808,118.572,999.014,81.0681,114.912,985.342,74.0824,106.183,0,0,0
014491:1047.81,-14.3266,131.123,1045.84,-17.8191,134.64,1048.37,-12.0242,134.265,1044.26,-20.9305,133.107,1047.53,-6.62099,133.59,1048.43,-23.8047,115.532,1045.31,3.16363,118.164,1046.61,-28.7525,91.6108,1045.51,16.7978,101.591,1040.19,-29.5135,77.0247,1031.97,28.8705,92.566,1058.58,-18.6032,72.2065,1053.76,3.7361,73.3144,1061.09,-35.0981,44.4994,1039.49,20.6658,46.4586,1076.68,-50.9,8.86762,1050,28.8372,9.37294,1001.33,62.8057,106.172,995.422,67.0526,118.1,994.145,82.405,119.548,991.425,77.4695,104.656,0,0,0
014492:1044.21,-13.0563,132.287,1043.45,-16.7636,135.592,1043.43,-10.5021,135.817,1045.66,-20.4137,133.455,1042.14,-4.75143,135.438,1051.03,-23.7141,115.688,1043.46,4.64533,118.556,1047.72,-28.853,92.3232,1045.05,17.9244,100.467,1037.95,-29.2099,78.1847,1034.91,30.4541,90.7832,1058.66,-19.0118,72.8762,1052.2,3.94533,74.2189,1056.9,-34.8459,45.6802,1039.71,20.7703,46.9706,1070.36,-49.4977,9.72957,1051.16,28.373,9.78889,1001.52,63.6466,105.728,1001.99,67.621,116.061,1004.65,84.3548,117.073,986.655,78.1627,107.579,0,0,0
014493:1032.66,-12.275,136.435,1033.76,-15.915,139.254,1033.62,-9.94563,139.405,1040.62,-19.2948,135.666,1039.65,-4.68319,136.939,1049.31,-22.8214,116.88,1040.73,4.99169,119.672,1047.35,-28.3544,93.3469,1035.02,18.7696,103.621,1044.21,-29.5145,77.8817,1020.47,32.2554,95.1585,1053.86,-18.125,74.5226,1047.22,4.39446,75.6909,1055.93,-33.7761,45.739,1036.14,21.6912,46.9017,1069.81,-48.6543,11.2724,1048.03,28.9826,10.7064,1002.26,65.107,106.812,1004.02,71.636,118.18,995.121,85.5501,119.514,997.539,80.773,104.912,0,0,0
014494:1035.68,-10.3645,135.763,1034.14,-14.2839,139.124,1037.03,-8.17712,138.757,1038.34,-18.4917,135.952,1042.56,-3.64423,136.463,1051.18,-22.2296,116.158,1041.38,5.75919,119.579,1050.74,-27.0153,91.6006,1031.33,19.4054,104.221,1047.7,-28.9926,76.2445,1011.51,32.6597,98.9633,1055.05,-17.3318,74.1808,1048.17,5.4425,75.5219,1055.23,-34.177,46.5397,1036,22.3783,47.5001,1065.76,-48.2325,12.8212,1048.5,30.2409,10.6992,1007,66.5639,105.873,1010.3,73.229,117.682,999.887,86.7311,118.088,1000.01,81.3578,104.421,0,0,0
014495:1033.69,-9.24079,136.36,1033.67,-13.1246,139.469,1034.04,-6.9178,139.629,1039.76,-17.4618,136.158,1039.34,-2.26471,137.582,1051.06,-20.9851,116.495,1043.08,6.54806,119.868,1050.48,-26.5951,92.4402,1040.45,20.0535,103.464,1046.56,-29.3025,77.1366,1012.63,31.7975,100.036,1056.34,-16.1246,74.0535,1050.54,6.27609,75.357,1058.01,-33.6688,46.4171,1038.9,21.9538,48.3288,1063.74,-48.3539,12.5493,1052.03,30.0346,10.4291,998.974,67.6573,107.726,1004.93,74.8615,119.746,995.492,89.0236,118.383,995.584,82.8224,105.702,0,0,0
014496:1030.15,-9.72133,137.902,1029.95,-13.5476,141.049,1030.4,-7.33051,141.083,1036.92,-17.3395,137.39,1036.39,-2.14701,138.656,1047.35,-20.0624,118.21,1044.28,7.10594,120.273,1051.68,-26.4613,94.086,1042.29,20.035,104.557,1047.02,-29.2997,78.5481,1012.78,30.9889,100.09,1053.94,-14.6893,74.9426,1051.02,7.61171,75.3212,1049.27,-30.8596,48.9155,1037.86,23.8428,47.6701,1063.82,-47.4474,13.9605,1049.93,30.677,10.3618,1002.77,68.337,106.803,1006.73,77.0286,119.576,1004.67,91.478,116.216,997.533,84.6134,105.994,0,0,0
014497:1032.37,-8.87705,137.822,1033.06,-12.8202,140.763,1033.01,-6.52062,140.95,1039.98,-16.9229,137.122,1038.14,-1.57587,138.752,1049.03,-19.8297,117.947,1043.07,7.58739,120.801,1056.36,-25.7424,92.7511,1042.68,20.7294,104.35,1047.61,-28.0731,79.3173,1022.42,32.7558,96.8301,1051.4,-13.8593,75.8456,1046.98,8.36745,76.7393,1049.61,-30.5894,48.1851,1038.73,23.7709,47.1928,1064.37,-46.0934,13.6307,1049,30.7812,11.2208,1004.41,70.2397,107.007,1003.08,78.1077,120.625,1000.89,91.9252,117.013,989.666,85.8199,107.902,0,0,0
014498:1030.2,-8.96329,138.588,1031.15,-12.7423,141.423,1031.47,-6.42582,141.518,1037.96,-16.4174,137.594,1038.09,-0.864365,138.697,1045.38,-19.6984,118.452,1044.35,8.93361,120.141,1053,-25.4422,92.6215,1046.03,22.0987,102.783,1043.78,-27.6892,80.2146,1038.35,36.1343,93.117,1052.05,-13.6004,76.5675,1048.89,9.12548,77.1677,1048.36,-30.6788,48.22,1036.83,24.0468,47.8911,1068.71,-44.6406,11.8007,1043.16,29.8613,13.5752,1003.44,71.9108,108.231,1001.03,78.3853,121.394,992.652,93.204,118.961,994.549,87.0005,106.937,0,0,0
014499:1029.16,-6.31712,139.338,1029.85,-10.3063,142.371,1030.56,-3.95998,142.347,1037.5,-14.9712,138.705,1038.04,0.49332,139.603,1048.7,-19.0102,118.844,1042.71,9.6361,121.345,1051.35,-25.0149,93.3046,1047.44,22.4869,102.413,1044.68,-27.4837,77.1893,1037.08,37.4492,92.8945,1052.55,-12.4215,75.8908,1047.22,10.6475,77.1901,1052.68,-30.4294,46.5945,1036.05,26.3783,48.4272,1064.34,-47.1501,11.1421,1049.59,30.5212,10.9931,1007.54,72.8652,107.239,999.971,78.5226,121.642,994.576,94.4556,118.659,995.789,87.2966,106.749,0,0,0
014500:1024.86,-4.95565,140.223,1025.73,-9.13519,143.171,1026.85,-2.67586,143.133,1034.64,-14.5091,139.273,1035.83,1.34475,140.228,1048.97,-18.808,119.187,1040.41,9.91561,122.247,1055.61,-25.2569,94.0132,1043.56,21.8816,104.146,1042.92,-26.6505,80.1842,1034.95,35.5324,94.335,1055.98,-12.0455,75.6331,1049.06,11.171,77.3832,1054.69,-30.6358,46.5747,1039.22,25.7755,48.2166,1066.79,-46.7287,10.9109,1051.81,30.7144,10.9153,1010.65,74.5647,106.585,1002.51,80.8817,121.093,996.562,96.8897,118.495,1002.52,88.9358,105.222,0,0,0
014501:1028.05,-4.87874,139.384,1029.12,-9.13588,142.156,1030.79,-2.24377,142.444,1034.98,-14.5764,138.229,1039.36,2.52063,139.309,1046.75,-18.5316,117.371,1040.29,11.1145,122.229,1050.55,-25.6898,92.4079,1044.18,24.9233,103.948,1036.17,-26.891,82.3813,1034.52,38.6861,93.3404,1058.02,-10.8875,73.8043,1049.9,12.2958,77.1093,1056.85,-27.6787,45.4373,1035.84,26.7185,50.8928,1073.58,-45.5371,8.02043,1053.45,30.417,12.7087,1013.53,76.6036,106.046,1009.22,84.2303,119.878,993.914,97.7875,119.121,1002.71,90.9337,105.406,0,0,0
014502:1031.3,-4.80528,139.577,1032.41,-8.94972,142.418,1032.93,-2.03165,142.773,1036.29,-13.9605,138.803,1038.83,3.1153,139.891,1044.63,-17.5229,118.35,1039.52,11.5012,122.479,1045.3,-24.5485,94.1974,1046.69,24.4747,103.595,1033.73,-27.3653,82.4198,1031.66,39.1489,94.6592,1056.45,-10.7515,73.7626,1047.37,12.3235,77.1181,1061.03,-26.5926,44.4303,1029.39,28.9293,52.0962,1074.1,-45.2262,7.47848,1044.88,32.1466,13.675,1009.15,77.1604,106.91,1007.4,84.763,120.497,1000.72,100.587,118.989,998.025,92.8643,107.381,0,0,0
014503:1025.96,-3.97161,140.811,1026.92,-7.83899,143.411,1027.43,-1.59137,144.039,1033.35,-12.7538,139.379,1036.44,3.08848,140.89,1041.37,-16.1871,119.458,1041.39,11.965,122.975,1042.44,-23.788,95.1928,1047.63,24.8682,104.085,1031.37,-26.6474,82.7756,1025.93,38.486,96.1735,1050.42,-8.91264,76.1961,1045.3,13.4474,78.4004,1054.05,-24.8155,46.4268,1029.72,29.6256,52.3381,1062.75,-44.2518,10.7742,1049.1,31.1044,13.1344,998.251,79.4667,109.646,1004.87,87.4683,121.338,999.113,102.543,119.261,994.731,94.5908,108.185,0,0,0
014504:1032.61,-2.01818,139.532,1034.38,-6.29856,142.136,1033.98,0.425497,142.784,1037.69,-11.6586,138.779,1038.76,5.04808,140.463,1040.62,-15.3139,120.241,1040.22,13.0913,123.265,1044.3,-24.2309,95.8871,1049.32,25.2497,104.482,1034.99,-27.5437,83.3934,1030.81,39.6976,96.1491,1051.1,-8.36709,76.3527,1045.46,14.1523,78.7536,1052.27,-22.7726,48.2724,1029.77,30.8911,52.7685,1068.92,-43.6964,11.2828,1045.67,32.6712,14.5697,1000.75,80.0489,109.291,1010.63,88.8602,120.151,995.326,104.137,119.959,1002.59,96.564,106.175,0,0,0
014505:1024.34,-0.387199,141.718,1025.67,-4.52612,144.195,1027.76,1.60696,144.505,1033.17,-10.5326,139.883,1039.12,5.01689,140.891,1039,-14.5382,120.408,1040.44,12.8909,123.569,1042.06,-22.9619,96.4108,1045.05,25.8829,105.245,1033.73,-26.5678,84.1071,1031.13,40.2143,95.4163,1045.32,-6.77453,77.4591,1041.49,14.9765,79.4439,1051.9,-22.3748,46.7824,1030.39,31.0567,51.9849,1063.67,-42.3628,11.504,1048.24,33.2008,14.4867,1005.65,81.2183,108.108,1008.61,89.7188,121.013,997.73,104.755,119.393,1004.61,97.665,105.619,0,0,0
014506:1025.02,0.983146,141.655,1028.71,-3.37589,143.709,1028.07,3.05382,144.519,1038.69,-9.69925,139.264,1037.98,6.67638,141.565,1046.42,-14.7294,119.977,1036.18,14.8317,125.357,1044.84,-23.0913,96.9791,1044.28,26.6924,106.711,1032.67,-25.8804,85.7232,1029.59,41.1861,96.7115,1047.96,-6.91685,77.52,1037.06,16.0284,81.3969,1056.9,-22.7411,45.7808,1027.69,31.7422,52.9776,1067.74,-42.0729,10.415,1056.19,32.4777,11.9826,1001.33,83.2829,109.738,1003.29,90.3673,122.444,1000.56,105.908,118.273,1006.02,98.6176,105.178,0,0,0
014507:1026.29,1.4329,141.698,1026.96,-2.57881,144.277,1029.06,3.38121,144.592,1033.51,-8.62744,140.332,1038.97,6.61133,141.401,1038.64,-13.0851,121.221,1040.08,14.0511,124.589,1041.74,-22.1955,97.7964,1044.38,26.8537,107.147,1030.9,-26.0366,86.3023,1029.56,41.5955,96.5963,1045.33,-5.5956,78.2461,1041.53,15.8959,80.3603,1056.03,-21.3547,46.7935,1034.71,31.759,52.3238,1066.58,-41.7899,10.634,1050.6,34.0037,14.278,1003.52,84.2024,109.211,1006.82,91.4312,121.624,1002.69,106.855,117.675,1005,99.1706,105.116,0,0,0
014508:1030.48,2.10701,141.06,1030.66,-2.02564,143.794,1032.26,4.10594,144.176,1034.22,-8.07794,140.382,1039.02,7.37285,141.498,1037.95,-12.4914,121.484,1036,14.5191,125.104,1042.75,-22.1444,97.5803,1038.78,26.6361,107.77,1030.76,-26.1172,85.9425,1017.78,41.5924,100.18,1043.8,-4.59988,78.5558,1038.64,16.7647,80.813,1055.47,-19.919,46.4928,1032.51,33.0428,51.9159,1067.81,-40.6236,9.47335,1053.76,34.9328,11.8832,1003.8,84.4661,109.143,995.363,92.5077,124.386,1006.35,109.406,116.423,1012.71,101.18,102.168,0,0,0
014509:1032.81,2.11964,139.986,1033.66,-2.16507,142.651,1035.39,4.28644,142.981,1037.1,-7.98158,139.678,1041.11,8.17951,141.052,1041.95,-12.2516,121.184,1035.38,16.0756,125.631,1045.7,-21.9393,98.3559,1039.45,29.4354,108.001,1028.38,-26.2543,87.6155,1035.18,44.3905,95.5004,1043.11,-4.13629,79.4175,1036.74,17.5323,81.8828,1041.53,-17.2104,52.9122,1032.13,33.5145,53.8247,1042.31,-34.7729,19.4059,1049.41,36.4777,14.0368,1010.61,86.3127,107.404,990.078,94.3119,125.519,1007.39,109.885,116.025,1010.94,102.506,102.815,0,0,0
014510:1024.72,2.69251,142.268,1026.68,-1.50278,144.648,1028.1,4.82948,144.912,1032.96,-7.06965,140.863,1037.25,8.73047,141.944,1036.77,-10.5957,121.979,1034.55,17.052,125.612,1041.74,-20.7237,97.6891,1039.68,30.0018,107.958,1029.74,-26.4816,87.4133,1026.2,45.2426,97.8894,1038.95,-2.20883,80.3186,1034.68,19.0108,81.9004,1043.69,-16.0473,51.6475,1028.85,34.6477,52.3591,1051.63,-34.2363,17.8719,1049.43,37.1098,12.4625,1008.72,89.2238,107.569,995.693,96.5693,123.214,1007.07,110.804,115.948,1013.53,104.21,101.359,0,0,0
014511:1033.92,3.46922,140.208,1034.92,-0.488424,142.811,1036.18,5.61503,143.053,1037.82,-5.72236,139.828,1041.43,9.49382,140.77,1038.73,-10.0951,121.62,1034.42,17.8402,125.536,1039.36,-20.572,98.7107,1039.16,30.7411,108.326,1029.93,-26.1345,87.9998,1022.29,45.6046,98.9294,1038.9,-2.21946,81.0288,1033.17,19.2393,82.9834,1045.21,-16.3375,51.4463,1026.73,35.5014,53.7023,1049.79,-35.126,18.2602,1048.22,36.9405,13.6826,1004.34,90.3359,108.335,999.032,97.9663,122.892,1009.41,114.68,114.029,1008.32,106.607,103.392,0,0,0
014512:1029.87,4.28992,141.051,1030.57,0.315229,144.035,1031.58,6.14941,143.817,1035.28,-4.88717,141.372,1035.51,9.02627,142.109,1037.4,-8.80846,124.654,1036.95,18.1347,125.181,1044.95,-18.1467,101.361,1040.82,30.8471,107.374,1036.76,-25.7267,89.0425,1024.26,47.5975,97.2176,1043.51,-0.234048,81.2413,1042.01,21.1184,80.9005,1041.19,-17.6615,53.9117,1032.46,34.8206,51.8512,1051.14,-35.0249,18.1865,1041.32,35.0056,13.5666,1006.79,90.9371,107.743,998.357,100.387,122.404,999.94,115.618,115.396,1009.43,107.343,102.268,0,0,0
014513:1025.12,4.74952,141.962,1025.58,0.9082,144.867,1027.14,6.71794,144.59,1033.15,-4.11478,141.605,1033.79,10.0828,142.295,1039.1,-8.58671,123.931,1036.62,19.4026,125.248,1044.58,-18.427,100.895,1038.14,31.3316,108.301,1032.35,-25.1122,89.699,1029.31,46.6557,97.0225,1043.54,-0.603261,81.3573,1040.73,21.4188,81.501,1041.9,-18.3964,53.9091,1029.7,35.5265,52.9751,1054.88,-35.241,17.7162,1036.96,36.1698,15.8172,1004.31,91.5239,108.093,1002.27,101.411,121.037,996.836,116.211,115.647,1013.58,108.662,100.428,0,0,0
014514:1024.66,6.73203,142,1024.38,2.78879,145.227,1025.74,8.81409,145.064,1030.71,-2.87227,142.106,1028.31,12.1627,143.049,1039.06,-7.78359,123.405,1042.06,18.6249,123.605,1044.68,-17.8121,101.69,1042,31.3762,107.716,1027.42,-24.4008,91.2003,1027.95,46.1241,98.6516,1046.16,-0.416807,80.1127,1049.66,20.1551,79.7331,1024.07,-13.8185,59.214,1028.49,35.6464,57.1759,1048.77,-33.0389,17.4864,1034.51,37.756,19.9607,1007.03,92.3925,107.434,1002.43,104.628,120.572,998.369,117.224,115.088,1008.5,109.401,100.822,0,0,0
014515:1028.74,5.6142,140.972,1028.99,1.61987,144.172,1030.67,7.76024,143.683,1033.99,-3.27334,141.597,1035.97,11.4539,141.726,1036.33,-7.02626,124.937,1039.36,20.2451,124.356,1040.68,-16.8352,102.234,1042.41,32.9175,107.062,1032.01,-25.2068,89.625,1033.07,50.7143,94.9381,1044.72,0.279779,82.2722,1045.26,21.7767,81.108,1035.09,-15.3103,57.905,1030.83,36.7127,53.3458,1054.34,-32.0853,19.2817,1040.36,38.0149,13.8326,1005.91,93.1135,107.511,996.803,104.365,121.887,998.369,117.224,115.088,1011.64,110.411,100.049,0,0,0
014516:1021.65,8.68083,142.05,1023.03,4.70831,144.952,1023.79,10.4548,144.684,1031.24,-1.03733,141.954,1030.1,12.8314,142.837,1034.3,-6.01862,125.559,1037.26,21.1414,125.184,1042.21,-16.6579,102.559,1039.13,33.8075,108.374,1033.71,-25.3228,89.6913,1024.9,50.5198,97.4895,1045.81,1.2496,81.5385,1046.54,22.6705,80.6071,1036.46,-14.5205,56.8005,1030.29,37.416,53.631,1063.22,-31.4807,15.7105,1038.95,38.6783,14.6177,1010.64,95.8474,106.631,1009.16,103.846,118.018,992.929,118.024,115.217,1013.55,112.192,98.2596,0,0,0
014517:1021.37,8.70735,142.807,1020.72,4.88931,146.194,1023.2,10.805,145.515,1028.3,-0.499905,142.969,1027.71,14.1587,142.946,1036.44,-5.9705,124.582,1043.51,21.0357,123.077,1044.51,-16.5373,102.755,1041.34,33.8245,108.157,1030.64,-24.1537,91.5365,1033.95,50.3029,97.6092,1042.43,1.51524,80.951,1049.37,22.3562,79.2206,1024.19,-11.3955,59.2612,1036.98,38.3693,53.4366,1050.52,-28.8718,17.6525,1036.62,40.1499,17.6443,1008.44,97.2881,106.969,1015.86,106.05,114.929,1014.72,124.386,108.097,1012.03,113.227,98.1411,0,0,0
014518:1021.88,10.4699,141.853,1021.99,6.55611,144.906,1025.87,12.2109,144.148,1029.74,0.434038,141.885,1035.63,14.3303,141.598,1034.46,-5.0444,125.187,1040.53,22.1315,124.923,1043.03,-16.0843,102.473,1039.91,35.0288,108.609,1034.06,-25.9379,89.5435,1026.2,51.1714,96.9155,1039.55,2.51765,84.3571,1042.71,23.5656,83.6462,1028.16,-12.1869,60.5756,1026.44,38.0623,58.7263,1061.14,-27.706,17.2939,1039.9,40.0656,19.3599,1007.86,97.3509,106.957,1010.43,106.642,116.306,1014.34,124.707,107.89,1010.97,113.556,98.304,0,0,0
014519:1023.39,10.6119,142.426,1024.76,6.66314,144.872,1025.59,12.3761,144.979,1031.4,0.623112,141.646,1031.46,14.9689,143.047,1035.3,-5.35538,124.51,1035.76,23.7887,125.542,1042.62,-16.062,102.752,1037.12,37.9213,108.279,1032.85,-24.8036,90.2182,1023.4,54.2946,98.3416,1043.95,2.39465,82.167,1043.49,24.8422,82.1744,1036.15,-11.9483,58.1577,1025.72,40.7168,58.1563,1068.43,-27.3507,15.3328,1036.95,42.9346,19.4995,1007.25,98.0093,106.798,995.144,108.27,119.175,1010.27,125.067,108.082,1012.92,114.472,97.7061,0,0,0
014520:1026.79,12.4239,141.585,1026.88,8.45461,144.402,1027.8,14.063,144.548,1032.48,2.08365,141.252,1030.17,16.5223,142.812,1035.7,-4.22658,123.795,1044.94,23.4378,123.131,1039.45,-16.0847,103.505,1044.42,36.5964,107.502,1027.61,-24.046,91.3331,1028.54,51.3305,98.5379,1040.29,3.49808,81.8763,1048.04,24.6476,80.3933,1021.04,-8.54711,60.6502,1032.07,40.5487,56.0122,1059.68,-25.5593,15.4873,1045.64,43.6737,16.7269,1003.47,98.4424,107.715,991.838,108.612,119.568,1007.94,125.275,108.14,1018.99,116.093,95.6908,0,0,0
014521:1024.79,10.7534,142.233,1025.25,7.04991,144.907,1026.49,12.6903,144.81,1032,1.84115,141.501,1033.14,15.7635,142.342,1038.99,-4.39148,123.12,1034.57,25.25,125.198,1038,-15.5237,102.8,1032.22,38.5628,109.027,1030.86,-24.6884,91.0431,1017.23,53.8779,99.8959,1044.81,3.07686,81.4295,1041.04,25.7062,82.1621,1039.42,-10.8893,56.0107,1022.38,41.8032,57.5108,1065.64,-24.636,15.9736,1044.77,43.1379,17.0017,1013.46,101.449,103.815,996.363,108.416,118.499,1005.54,126.074,107.969,1013.92,117.025,96.122,0,0,0
014522:1024.57,12.2778,141.759,1025.04,8.43265,144.381,1026.88,14.0944,144.304,1030.78,2.7829,141.484,1032.98,16.9616,142.503,1036.22,-3.35162,124.142,1035.98,25.8435,125.547,1041.8,-15.0355,102.924,1033.17,39.5059,109.587,1032.16,-24.1989,89.9326,1016.25,54.1108,100.162,1041.21,4.12782,82.7482,1040.94,26.4178,82.8318,1027.33,-9.40046,60.9181,1019.66,41.7878,60.2093,1064.96,-23.809,17.3365,1039.77,44.985,19.561,1018.1,103.896,101.465,1007.46,112.211,114.173,1005.64,128.393,106.585,1015.32,118.657,94.8828,0,0,0
014523:1026.54,13.7723,141.03,1026.68,9.98376,143.87,1028.35,15.5249,143.829,1031.67,3.91995,141.194,1034.42,17.6429,142.065,1032.1,-2.03097,124.518,1037.67,25.8832,125.047,1041.1,-14.7095,102.1,1037.05,39.1763,108.236,1040.53,-26.0079,86.4807,1016.5,54.5108,100.126,1033.35,6.10943,83.6172,1033.7,27.7996,83.4578,1036.84,-9.91239,56.6829,1016.73,42.3245,59.0099,1069.82,-22.1486,14.3703,1046.1,45.3176,16.5502,1011.35,104.611,102.523,1003.9,113.137,113.933,1006.37,128.614,106.103,1013.15,118.877,95.5242,0,0,0
014524:1029.69,13.7043,139.833,1029.26,9.96086,142.986,1029.69,15.8882,143.051,1032.28,4.29992,141.057,1032.8,18.8892,141.962,1032.65,-1.70851,124.521,1036.21,27.2933,124.979,1039.55,-14.3057,102.761,1034.71,40.7009,108.429,1036.11,-25.2321,87.6341,1012.3,55.3232,100.811,1032.6,6.03548,83.9324,1031.62,28.4721,83.8955,1038.97,-9.48988,56.233,1016.54,43.3768,58.9903,1065.36,-20.4951,16.1425,1041.97,46.7963,18.0399,1011.8,105.745,102.009,1006.4,112.849,112.65,1010.28,128.528,104.453,1013.41,119.03,94.2498,0,0,0
014525:1027.48,15.2352,141.012,1028.95,11.146,143.449,1028.64,17.0694,143.818,1032.83,4.84706,140.726,1032.03,19.3636,142.47,1035.48,-2.22408,123.133,1031.67,28.2374,126.002,1037.69,-13.6751,102.56,1036.99,41.0184,108.67,1031.38,-24.4538,90.5433,1026.46,55.5003,98.2819,1042.79,5.45242,80.7182,1038.8,28.5255,82.168,1033.79,-8.31702,57.727,1014.29,44.5903,60.8543,1062.78,-18.3539,16.7471,1041.61,47.7412,19.1089,1014.19,106.375,101.118,1008.71,113.485,111.6,1010.06,129.711,103.914,1011.85,120.063,93.9809,0,0,0
014526:1023.14,16.8609,141.751,1026.03,12.5907,144.071,1024.84,18.521,144.316,1031.52,6.20085,141.021,1029.62,20.5405,142.532,1031.92,-0.402344,124.451,1032.07,29.0773,124.705,1037.93,-13.2058,103.421,1037.71,42.0553,107.137,1030.25,-23.9397,90.8391,1017.49,57.4218,98.8199,1040.6,6.5451,81.6716,1037.98,28.9458,81.4655,1033.41,-6.41894,58.937,1015.18,44.4982,57.764,1068.78,-17.9127,17.0737,1038.44,48.3951,15.74,1011.45,107.532,100.793,1007.54,114.191,111.627,1014.75,131.046,102.004,1024.9,124.606,89.682,0,0,0
014527:1021.95,15.1989,140.885,1022.57,11.7352,143.656,1024.8,17.2233,143.355,1030.18,6.54358,140.67,1029.86,20.8928,141.364,1036.65,-0.658862,123.204,1041.42,28.6132,123.051,1041.72,-13.5841,103.456,1043.08,41.8489,106.58,1019.53,-21.1487,95.8745,1034.56,55.9678,96.4028,1039.81,7.02944,81.2493,1043.92,28.7553,80.7198,1015.62,-2.76908,63.0339,1023.48,44.2901,59.7513,1060.63,-14.5451,14.697,1045.44,49.6756,17.1823,1007.45,107.938,101.13,1009.18,116.661,110.451,1018.6,132.756,100.259,1018.56,122.952,90.8093,0,0,0
014528:1013.98,15.6006,141.866,1015.94,12.0983,144.43,1017.04,17.7406,144.39,1027.04,6.95528,140.814,1025.34,21.7021,141.797,1035.25,0.183181,122.913,1039.23,29.1926,122.81,1038.5,-12.8783,104.033,1040.12,42.2995,106.598,1014.48,-20.5628,97.0186,1030.7,55.3972,96.9134,1040.19,7.40201,80.4874,1042.59,28.9781,80.2699,1025.61,-2.56521,60.0211,1021.34,44.3775,59.786,1070.79,-14.4397,10.2199,1038.69,50.0255,17.3547,1008.13,108.743,100.46,1014.39,119.683,108.45,1013.33,133.197,100.549,1016.76,123.547,90.283,0,0,0
014529:1010.92,17.4678,143.873,1013.5,13.6421,146.191,1015.08,19.5231,145.876,1025.58,7.6574,141.896,1028.58,22.4378,142.124,1034.43,0.0115819,122.8,1035.1,31.947,123.994,1033.49,-12.9675,102.746,1043,45.064,105.598,1026.26,-23.351,92.9083,1045.49,56.867,93.294,1041.08,7.41628,80.8675,1038.47,30.9012,81.6573,1038.36,-4.83605,56.0434,1021.33,46.6628,58.0142,1064.15,-14.064,15.2398,1038.4,48.9665,18.7295,1003.52,109.2,100.71,1017.36,119.68,107.54,1018.49,135.092,98.2164,1017.97,123.878,89.8626,0,0,0
014530:1011.21,19.4375,142.935,1015.18,15.4604,144.928,1015.31,21.3458,145.052,1027.74,9.12408,140.677,1027.1,24.0371,142.058,1033.47,1.54964,123.475,1029.88,32.4591,124.506,1033.43,-12.386,104.909,1028.22,46.5368,107.667,1027.01,-22.9011,91.8069,1009.4,61.5679,100.503,1040.68,8.49123,80.3676,1035.49,31.4658,81.508,1045.27,-4.1401,54.4127,1015.71,46.3181,59.1259,1077.02,-13.0184,10.7644,1027.63,53.7279,19.6971,1007,110.58,98.6381,1021.52,120.768,106.695,1016.7,135.772,96.4018,1019.33,125.304,88.7248,0,0,0
014531:1018.52,20.6471,141.514,1021.82,16.6143,143.645,1021.74,22.5461,143.79,1030,10.0167,140.09,1028.86,24.9692,141.566,1032.96,2.0506,123.3,1027.64,33.2299,124.872,1035.21,-11.7896,103.959,1030.66,46.9058,106.994,1029.29,-22.7557,91.7039,1021.47,62.1638,97.5912,1042.02,8.72894,79.4776,1035.15,31.9772,80.9832,1048.89,-4.02438,52.1341,1017.42,47.2652,56.7407,1077.13,-12.4635,10.1893,1027.74,54.9302,17.8964,1011.82,111.853,97.1351,1014.36,121.469,108.513,1016.67,135.773,96.2578,1016.87,125.506,88.5469,0,0,0
014532:1014.82,20.8328,141.963,1018.09,16.881,144.117,1018.91,22.8583,144.082,1028.97,10.4545,140.09,1029.59,25.5827,141.152,1033.87,2.63878,122.688,1031.34,33.7458,123.832,1034.68,-11.3797,104.006,1030.92,47.824,106.814,1027.34,-22.5198,92.2622,1019.73,62.2212,97.605,1041.84,9.73048,79.2471,1037.21,32.695,80.4844,1045.21,-2.31784,53.4186,1018.12,47.2395,57.8468,1075.03,-9.85718,9.68557,1026.71,55.5136,18.7244,1013.97,113.687,95.4386,1013.67,121.782,107.295,1019.35,137.006,94.3628,1014.49,125.932,88.2891,0,0,0
014533:1017.45,22.9509,140.993,1020.12,18.8551,143.344,1020.1,24.8888,143.491,1029.64,11.8325,139.792,1028.11,27.0229,141.342,1032.94,3.39077,123.009,1030.84,34.5724,123.515,1031.57,-11.2253,105.254,1032.23,48.5962,105.419,1025.12,-22.4583,93.3612,1022.86,64.315,96.2877,1041,9.94271,78.9055,1036.58,32.9059,80.0398,1044.47,-1.321,52.5267,1019.21,48.3393,56.6117,1071.22,-8.50237,9.42311,1029.03,56.9608,17.1712,1009.32,114.131,95.7059,1014.27,124.056,105.54,1027.98,139.523,90.3589,1020.36,127.591,85.6507,0,0,0
014534:1023.46,22.7277,140.078,1025.31,18.7378,142.691,1024.8,24.8982,142.763,1030.15,12.3334,140.041,1029.73,27.4405,140.879,1033.15,3.9525,122.452,1030.36,35.1966,123.585,1030.08,-10.4264,104.026,1035.15,48.5904,105.494,1023.05,-21.3499,94.6057,1020.99,62.3323,97.9992,1042.67,11.015,78.3684,1038.35,34.103,79.5514,1040.23,-0.287181,52.1983,1014.44,49.3373,56.1896,1062.89,-7.20792,12.5858,1039.45,56.6311,14.4334,1009.32,114.131,95.7059,1019.83,125.597,103.428,1026.85,139.618,90.6415,1022.85,128.26,85.0175,0,0,0
014535:1019.66,23.2954,139.339,1020.48,19.3597,142.182,1020.48,25.6108,142.3,1026.52,13.004,139.739,1025.35,28.6527,141.009,1031.58,4.78105,122.616,1030.09,36.3162,123.212,1032.31,-10.2298,104.56,1031.96,50.7095,105.328,1027.08,-21.7763,93.268,1011.4,65.814,98.1967,1044.19,11.3445,77.3269,1040.27,34.5516,78.5838,1044.92,0.6138,51.0075,1018.03,49.9719,56.4296,1070.22,-6.21429,8.65409,1025.89,58.913,18.319,1010.88,114.56,95.0101,1018.66,126.3,103.558,1023.74,139.846,90.4157,1022.53,128.267,83.8177,0,0,0
014536:1025.93,23.3709,138.16,1026.11,19.5728,141.215,1026.87,25.643,140.908,1030.26,13.5121,139.092,1031.11,28.5611,139.424,1035.37,4.90033,121.581,1031.52,36.5047,122.638,1030.6,-9.92102,103.969,1033.24,50.1994,105.623,1024.27,-21.5128,94.1532,1032.25,63.7994,95.2503,1044.1,11.1901,77.6056,1039.12,34.4769,78.7772,1041.84,0.693068,52.1478,1018.86,50.5825,55.0426,1062.34,-5.14442,12.7029,1039.27,58.9355,14.1639,1014.08,115.419,93.9027,1020.28,127.879,101.203,1020.67,140.073,90.2836,1020.12,128.466,83.8484,0,0,0
014537:1020.38,23.7409,139.066,1022.45,20.3321,141.679,1021.39,26.0363,141.789,1030.03,14.9965,138.789,1027.28,29.2518,139.79,1031.61,5.96282,122.1,1032.61,37.5265,121.481,1026.59,-9.37651,105.171,1037.35,52.02,102.981,1021.74,-21.3109,94.9477,1037.54,66.6775,92.1897,1039.67,11.6446,77.2235,1037.36,34.751,77.7243,1041.64,1.85801,51.0884,1020.6,51.5995,54.3705,1063.52,-4.05609,10.2968,1035.24,59.7616,15.1619,1018.82,117.583,90.9412,1025.02,129.217,99.1763,1022.84,140.765,88.556,1019.13,129.006,84.1021,0,0,0
014538:1029.76,24.5163,136.623,1028.55,20.9011,140,1030.17,26.9089,139.521,1028.84,15.2202,138.693,1030.95,30.1256,138.593,1029.36,6.8094,122.397,1032.04,37.6897,121.142,1025.71,-8.58066,105.232,1032.93,51.7874,103.189,1020.8,-21.3265,94.9449,1025.75,68.1701,94.1689,1038.47,13.0323,77.6447,1037.58,35.7962,77.7807,1040.12,2.84642,50.7431,1020.74,52.7669,53.5699,1066.58,-4.06809,8.88578,1037.89,61.5037,13.9207,1021.58,118.779,89.2299,1016.83,130.523,99.8699,1017.33,141.769,88.4455,1024.69,129.587,81.3916,0,0,0
014539:1010.95,26.3812,140.904,1013.39,22.8778,143.401,1013.68,28.6146,143.181,1025.26,16.9528,139.602,1024.6,31.4559,140.109,1030.03,8.00249,122.689,1032.69,39.0003,121.343,1025.42,-7.02224,106.011,1032.28,53.8208,103.468,1022.73,-19.4812,95.2784,1024.33,71.3526,93.2203,1041.84,13.0151,76.6046,1039.34,35.9519,77.0385,1047.78,2.92246,49.1279,1017.65,53.4,54.6281,1081.44,-4.52381,5.4406,1025.55,62.6689,17.4152,1018.1,119.104,89.6082,1018.43,131.237,98.3741,1016.09,141.858,88.3572,1026.96,130.262,79.9222,0,0,0
014540:1018.24,28.0468,138.767,1018.94,24.2172,141.635,1020.01,30.2633,141.342,1025.37,17.7055,139.016,1027.14,32.9228,139.273,1029.65,8.9181,122.519,1029.89,40.0236,121.486,1021.65,-7.08769,107.307,1023.63,54.1938,104.781,1017.39,-20.0084,96.8547,1001.79,70.6322,97.9256,1041.81,13.9179,76.6628,1036.94,37.1309,77.608,1052.09,3.10402,48.6448,1011.26,54.7972,56.6811,1083.74,-4.55593,5.19186,1017.32,65.662,19.673,1021.29,119.979,88.3384,1022.22,131.753,96.178,1017.35,142.324,86.4997,1027.35,130.433,78.9172,0,0,0
014541:1013.62,28.7648,138.822,1014.26,25.2524,141.718,1016.26,30.863,141.206,1023.67,18.8511,138.958,1026.9,33.2306,138.765,1029.93,9.46455,122.602,1032.03,40.2752,120.868,1023.59,-6.96804,107.923,1021.98,54.5314,105.029,1018.47,-19.779,96.9545,1005.02,70.0664,96.9042,1037.77,14.2106,77.0208,1035.39,37.1835,77.3861,1047.93,2.62578,48.8441,1017.59,54.1291,54.9841,1075.82,-3.9982,5.41776,1019.06,66.2059,18.8883,1020.15,120.087,88.5272,1023.8,133.679,94.6626,1018.87,142.786,85.649,1027.62,131.254,76.8354,0,0,0
014542:1017.83,30.6409,138.397,1016.86,26.7381,141.531,1019.83,32.5581,140.953,1023.89,19.5204,138.797,1028.58,34.3198,138.747,1030.31,10.211,121.871,1033.28,40.9479,120.838,1022.7,-6.48213,107.401,1022.46,54.5762,105.813,1019.91,-19.9256,96.2203,1010.35,67.7684,96.0617,1038.28,14.8948,76.8024,1036.49,37.9159,77.263,1049.22,3.68723,47.9333,1020.47,55.1867,53.3518,1078.06,-4.58448,5.9699,1021.97,66.6998,18.2557,1019.36,120.134,87.9273,1027.65,133.335,93.3446,1023.54,143.852,82.2526,1020.28,132.136,78.3395,0,0,0
014543:1023.32,31.5593,136.531,1021.93,27.6633,139.812,1022.79,33.3957,139.556,1025.62,20.4181,137.937,1025.72,34.9387,138.616,1027.81,10.821,122.237,1031.7,41.8714,120.374,1021,-6.13409,107.841,1025.46,56.4569,104.127,1020.04,-20.005,96.1047,1018.12,71.3679,92.5372,1037.1,15.2896,76.681,1035.89,38.5171,76.6347,1045.11,4.00926,49.5327,1020.73,56.2503,52.8553,1072.89,-3.76557,8.77771,1019.1,67.9622,18.9908,1015.57,120.446,87.2923,1044.58,131.824,88.5796,1023.62,143.526,81.4189,1012.78,133.002,79.0901,0,0,0
014544:1021.08,31.1788,137.08,1020.18,27.3603,140.471,1022.68,33.2906,139.682,1024.14,20.8489,138.428,1030.89,35.3684,137.194,1028.36,11.5095,122.028,1035.58,41.9332,118.746,1025,-6.1031,107.068,1027.08,55.9094,103.395,1020.21,-19.39,97.167,1002.53,72.4891,97.1194,1035.69,15.2122,75.0658,1032.74,38.8934,75.4916,1048.66,3.24195,47.5943,1010.46,58.6567,54.6552,1070.95,-4.6554,8.67315,1016.76,69.4758,18.4505,1015.57,120.446,87.2923,1034.5,132.076,89.7004,1036.08,142.571,80.0456,1018.2,132.287,77.3304,0,0,0
014545:1018.44,32.3175,137.141,1017.66,28.6041,140.462,1020.42,34.2273,139.65,1021.79,22.0146,138.444,1029.36,35.8495,137.086,1026.76,12.4824,122.369,1034.67,42.5536,118.586,1024.74,-5.15716,107.567,1026.7,56.9994,102.516,1022.14,-18.9417,97.2129,1005.8,73.744,95.5041,1038.11,16.2514,74.6093,1035.9,39.6002,74.7439,1045.75,4.30979,49.3816,1008.23,58.9326,56.4754,1067.83,-2.6767,10.0892,1016.69,69.8735,19.4105,1015.57,120.446,87.2923,1030.94,131.777,89.8674,1032.76,142.734,77.2308,1024.22,131.73,75.257,0,0,0
014546:1013.19,33.4303,137.867,1013.84,29.5676,140.693,1015.31,35.4467,140.405,1022.07,22.3169,137.804,1023.97,37.4349,138.228,1026.8,12.9677,121.567,1029.53,43.6813,120.02,1021.66,-4.74994,107.096,1023.5,58.5918,103.937,1016.33,-18.4326,97.5766,1015.96,74.7925,93.2528,1039.21,16.6102,74.7358,1036.79,39.9213,75.1428,1046.79,5.2016,48.2834,1018.26,58.3589,53.2143,1075.61,-4.4335,6.96001,1016.45,71.3594,19.4261,1015.54,120.717,86.1833,1030.25,131.826,89.5833,1033.61,142.637,75.9861,1023.84,131.72,74.0283,0,0,0
014547:1012.32,34.1277,138.756,1012.37,30.3727,141.69,1015.03,36.1641,141.005,1018.13,23.7104,138.688,1023.81,38.2886,137.941,1023.59,14.5529,121.925,1029.81,44.1755,118.822,1022.94,-4.18575,106.207,1022.98,58.6124,102.531,1015.83,-17.7461,97.5386,1011.79,75.0457,93.654,1036.57,17.9672,75.9764,1036.29,40.6654,75.5199,1045.37,6.52844,48.7305,1019.41,59.7259,52.2789,1071.05,-4.40199,7.85667,1017,72.5199,18.471,1013.83,121.149,85.4059,1027.26,132.625,87.729,1032.74,142.071,75.0394,1023.84,131.72,74.0283,0,0,0
014548:1003.06,35.7111,140.111,1003.15,31.8288,143.059,1007.63,37.4412,142.049,1013.2,24.5909,139.445,1024.95,38.5439,137.631,1023.1,15.0123,122.176,1036.5,44.2967,117.852,1026.79,-4.40938,106.276,1031.02,59.136,101.833,1023.54,-18.6707,96.0093,1018.5,75.4662,92.321,1039.32,17.7481,73.4578,1040.18,40.9332,73.2159,1051.46,6.51982,45.3028,1017.5,61.8364,52.045,1073.87,-4.72177,6.91747,1018.33,73.4232,18.1226,1017.64,122.249,83.1938,1025.51,132.773,87.9686,1030.43,142.256,75.5373,1023.66,131.504,73.5908,0,0,0
014549:1007.52,37.7225,138.944,1006.53,33.707,142.249,1011.2,39.3588,140.992,1013.13,25.73,139.556,1025.3,39.6202,137.313,1022.86,15.5201,122.156,1034.44,44.6382,118.25,1024.82,-3.44051,106.695,1029.43,58.2251,102.754,1022.06,-18.2388,96.827,1023.56,73.7896,93.031,1042.19,17.8875,72.021,1041.75,41.301,72.0393,1052.37,5.6746,44.873,1016.15,62.961,51.5988,1070.34,-4.89429,7.55817,1019.36,74.6501,16.4008,1015.79,123.274,82.1047,1022.17,131.872,88.7113,1024.09,142.186,76.4308,1014.03,131.211,74.7309,0,0,0
014550:1009.34,38.3227,137.642,1008.48,34.3574,140.883,1013.9,39.7608,139.535,1014.87,26.3808,138.327,1029.41,39.7467,135.675,1026.06,16.3417,120.749,1034.72,45.2166,117.421,1026.84,-2.90824,105.553,1023.38,60.1665,102.596,1022.53,-18.0764,97.0502,998.892,77.0379,95.8225,1044.57,19.5809,71.1947,1042.19,42.6659,71.7552,1055.37,7.12875,44.2894,1013.85,63.843,52.9099,1069.39,-4.62197,7.90429,1019.48,75.035,16.7533,1015.79,123.274,82.1047,1024.43,131.07,88.1391,1024.75,142.079,74.6414,1017.31,130.906,73.6663,0,0,0
014551:1004.28,37.3082,138.363,1005.07,33.6441,141.217,1007.4,39.2064,140.491,1015.62,26.7099,137.783,1019.92,40.9108,137.135,1025.08,17.7751,120.743,1032.09,46.4968,117.742,1033,-1.53932,103.783,1027.98,60.2816,102.125,1028.5,-17.094,95.4689,1005.04,74.8129,96.1086,1036.57,21.1831,74.996,1037.02,43.5624,74.3747,1047.74,8.70059,47.5803,1022.55,62.9586,50.8007,1069.73,-4.31541,7.20514,1017.88,75.3615,16.7262,1015.79,123.274,82.1047,1024.46,131.071,88.2321,1030.34,141.609,72.8782,1018.79,130.762,72.4294,0,0,0
014552:1012.7,40.5132,136.554,1011.62,36.4642,139.759,1014.63,42.1244,138.953,1015.17,28.3017,137.458,1021.54,42.7153,136.591,1022.95,18.3414,120.501,1028.21,47.6941,117.846,1028.25,-2.09952,103.92,1026.04,62.1195,101.322,1023.81,-17.1089,95.5592,1011.48,78.7071,92.9315,1038.88,21.4999,73.0463,1038.56,44.4582,72.7156,1050.46,9.23882,46.1007,1026.46,65.0139,48.978,1061.78,-5.12625,9.90335,1021.62,76.9465,15.7015,1018.33,122.735,81.5509,1024.35,131.073,87.7967,1029.96,140.729,72.407,1021.86,130.449,70.6104,0,0,0
014553:1010.34,42.2765,136.702,1008.78,38.217,140.095,1012.06,43.5577,139.148,1012.97,29.4195,137.821,1022.31,42.8145,136.172,1022.29,18.9385,120.548,1033.53,47.1544,116.851,1030.07,-1.22561,104.101,1032.16,61.4817,100.609,1025.99,-16.5089,96.2548,1027.74,77.035,89.9523,1043.51,21.2387,70.3874,1043.18,44.3012,70.5536,1049.06,8.43474,45.3675,1017.74,66.3838,51.2892,1062.93,-6.10498,9.41205,1021.1,77.9493,16.0403,1017.37,122.515,81.2885,1029.38,130.617,86.3713,1030.93,140.03,71.38,1016.88,129.102,71.9249,0,0,0
014554:1004.2,42.144,137.284,1003.35,38.2404,140.542,1008.17,43.8074,139.117,1010.99,30.2213,137.591,1024.32,44.0012,134.712,1023.89,20.066,119.874,1034.04,48.4793,115.712,1026.48,0.109693,105.578,1029.46,62.6814,100.512,1016.97,-14.9333,99.0615,1018.96,78.4758,91.4079,1042.89,21.3023,69.8847,1040.86,44.549,70.0378,1056.72,8.01704,43.2757,1014.97,66.7325,51.3972,1068.21,-5.85059,7.69625,1018.02,78.5013,15.9561,1016.51,122.295,81.4086,1028.3,129.781,85.7368,1029.23,139.844,70.748,1017.47,129.052,71.8704,0,0,0
014555:1009.58,43.0317,135.583,1008.46,39.1474,138.814,1012.16,44.6999,137.852,1012.63,30.97,136.493,1020.32,45.2491,135.139,1021.34,21.0505,119.847,1026.19,49.84,116.67,1028.6,1.13127,103.888,1016.39,64.382,101.276,1019.78,-13.6176,97.6695,998.017,81.4916,93.2332,1035.92,23.7354,71.8639,1035.38,46.6972,71.5082,1046.98,9.00709,45.1447,1024.69,66.5426,48.555,1065.76,-6.15511,6.69448,1020.14,79.5802,15.7712,1015.09,121.528,81.575,1020.68,130.111,85.4349,1029.56,139.192,69.63,1024.09,129.091,69.0444,0,0,0
014556:1012.67,42.5686,134.309,1011.35,38.8581,137.595,1013.98,44.9491,136.775,1016.18,31.0995,135.353,1019.16,46.9951,134.593,1021.47,21.8111,119.198,1027.05,50.8009,115.357,1029.42,0.969458,104.515,1014.04,65.0376,101.402,1021.53,-14.3528,97.2538,999.716,81.2788,93.0536,1036.96,22.9496,71.3277,1039.12,45.7735,69.7002,1036.69,10.909,47.9796,1022.52,66.984,48.1817,1063.19,-5.19583,8.23641,1021.62,80.0625,15.6912,1013.44,121.091,81.9995,1026.41,133.43,81.9458,1027.09,138.501,70.4364,1029.84,128.798,67.6073,0,0,0
014557:1010.71,44.3634,133.201,1008.82,40.7262,136.488,1012.68,46.3304,135.436,1013.41,32.7083,134.834,1018.25,47.5766,133.782,1021.17,22.9858,119.278,1024.13,51.8236,115.926,1029.32,2.56816,105.324,1014.75,65.9752,101.463,1016.29,-12.9798,99.0537,997.685,81.1516,93.7081,1034.09,24.2192,71.8309,1034.13,47.1258,70.6031,1036.77,10.4388,47.8801,1016.03,67.9508,49.5748,1062.67,-5.89566,8.87988,1019.82,80.8429,16.0991,1010.64,120.168,82.4148,1016.22,130.395,82.5883,1025.19,135.898,68.6922,1026.8,126.362,68.3772,0,0,0
014558:1011.15,46.3351,134.374,1010.46,42.2506,137.625,1013.74,48.2286,136.483,1013.14,33.4428,135.425,1020.23,48.7054,133.68,1018.45,23.2152,119.273,1024.61,52.3933,115.057,1029.9,2.1966,103.218,1016.58,67.332,99.9879,1023.19,-13.7966,96.3748,1007.32,84.2121,90.0293,1030.61,24.2055,71.7941,1031.52,47.5816,70.5015,1042.05,9.47939,46.8341,1025.56,68.2868,47.3078,1061.32,-6.55261,8.46545,1018.93,81.9647,14.6156,1010.99,120.113,81.5625,1015.29,130.452,81.3378,1022.34,135.871,70.3092,1022.59,127.387,67.7489,0,0,0
014559:1010.63,46.882,133.901,1008.56,43.0716,137.281,1012.71,48.8812,136.066,1011.91,34.3255,135.14,1018.38,49.6059,133.587,1022,23.8844,118.252,1021.92,53.4169,115.167,1026.43,3.89572,105.219,1013.47,68.1356,100.376,1017.92,-11.742,97.9749,995.422,86.1541,91.5466,1041.02,25.1325,68.8778,1038.54,48.778,68.211,1046.78,9.99453,44.2372,1016.1,70.0731,49.6287,1072.68,-7.406,3.31125,1013.79,83.272,16.744,1012.29,119.939,80.0264,1015.25,130.453,81.1932,1023.63,136.327,68.5289,1023.97,126.566,66.9769,0,0,0
014560:1009.34,46.3497,134.156,1008.15,42.9615,137.383,1011.85,48.2193,136.085,1012.9,35.2009,134.959,1019.11,49.0713,133.048,1019.7,25.0329,118.913,1025.83,53.4613,113.757,1028.78,4.30496,104.205,1013.13,68.8778,99.4192,1021.79,-12.0879,96.8513,995.899,87.1561,90.3082,1037.52,25.9037,69.8115,1038.53,48.9997,67.6195,1045.99,9.96314,45.3283,1023.32,70.284,46.489,1071.26,-7.13903,3.98036,1010.62,85.0951,14.8335,1012.26,119.94,79.8818,1016.89,130.3,80.6692,1024.7,136.228,68.0422,1023.97,126.566,66.9769,0,0,0
014561:1013.48,48.472,131.211,1012.16,44.8262,134.381,1015.82,50.2084,133.431,1017.42,36.2688,132.607,1021.33,50.649,132.009,1025.76,26.1509,117.526,1026.27,54.5288,114.658,1033.17,5.84604,103.816,1018.74,68.6621,99.4944,1025.87,-10.7552,95.9892,1003.49,86.6009,88.8431,1041.39,26.9822,68.3558,1038.73,50.216,67.7553,1049.53,9.90834,42.2168,1019.71,71.2446,47.2753,1075.43,-8.38935,1.72376,1010.24,85.1813,16.6361,1012.22,119.941,79.7372,1019.27,130.101,80.557,1024.58,136.225,67.6681,1023.85,126.569,66.5381,0,0,0
014562:1016.12,49.4781,130.348,1016.09,45.5015,133.411,1017.15,51.1003,132.837,1018.58,36.7634,131.804,1019.03,51.2473,131.65,1021.02,26.8522,117.704,1024.7,55.2444,113.677,1031.49,5.21672,103.048,1017.57,70.0892,98.6589,1030.7,-11.0483,95.1436,1009.65,87.5147,87.2383,1038.43,28.3097,68.4812,1037.5,51.5702,67.4776,1046.03,11.7647,43.1408,1026.6,71.3986,44.1844,1066.31,-6.05749,6.49261,1017.14,84.9245,14.0975,1013.1,119.829,78.6987,1017.88,130.196,79.9579,1019.34,134.858,68.0891,1016,124.395,69.6808,0,0,0
014563:1013.57,50.0828,131.22,1013.04,46.4928,134.231,1014.5,51.9922,133.565,1017.71,38.0968,132.097,1016.35,52.6043,132.158,1024.3,27.6961,116.768,1022.83,56.7331,113.749,1033.32,6.64997,103.403,1019.7,70.6868,98.1425,1022.97,-10.2788,97.1217,1004.58,88.4755,88.1154,1044.49,28.7326,66.3006,1041.45,52.5412,65.5131,1044.63,11.1069,42.6016,1020.73,73.7634,45.5802,1070.02,-8.15806,3.84365,1012.97,86.5632,15.7198,1012.12,119.614,78.334,1019.13,130.636,78.2189,1018.73,134.866,65.8267,1013.6,125.259,68.9352,0,0,0
014564:1013.24,51.3522,130.362,1012.84,47.2373,133.621,1015.26,53.2106,132.878,1014.54,38.4838,132.088,1019.2,53.7942,131.225,1018.93,28.8486,117.117,1025.08,57.1896,112.209,1039.78,5.48437,100.258,1016.36,71.222,96.7263,1043.96,-12.7132,91.343,1008.59,88.6967,85.9692,1035.71,29.2525,67.1694,1037.84,52.6741,65.2997,1042.91,11.6906,43.1417,1031.17,72.7975,42.6206,1066.22,-7.24673,4.0248,1019.63,86.5602,12.1174,1002.94,120.477,79.2227,1015.49,131.472,76.1854,1018.58,134.861,65.3606,1011.27,125.468,69.1242,0,0,0
014565:1008.06,52.3373,130.824,1007.51,48.3934,133.842,1011.28,53.8812,132.851,1012.17,39.7223,131.957,1018.4,54.0902,130.88,1014.69,30.894,118.152,1025.69,57.3328,112.268,1023.38,9.42527,105.247,1018.97,71.6341,97.212,1014.56,-6.35671,100.983,1013.63,87.6435,86.5952,1030.35,30.9775,70.4097,1035.58,52.9194,67.1715,1034.67,15.0893,47.0076,1025.08,73.5279,44.1906,1062.37,-5.97216,7.44141,1014.07,87.7724,13.5421,1002.82,120.48,78.7915,1012.24,132.042,76.4326,1018.27,134.856,64.324,1013.53,126.136,67.7181,0,0,0
014566:1012.02,52.2434,128.299,1012.83,48.5448,130.958,1012.99,53.8463,131.002,1016.31,40.2295,129.293,1015.77,54.5135,130.228,1019.19,31.3875,115.508,1019.93,57.8156,111.977,1031.69,8.79627,101.419,1020.36,72.4596,94.5242,1026.4,-7.99962,95.6082,1013.6,91.2738,84.1481,1035.75,31.3765,68.0106,1034.6,53.564,66.0411,1040.85,14.5567,43.9023,1028.3,75.5947,41.8127,1054.79,-7.60958,6.97733,1018.69,89.8067,10.4416,1004.84,121.455,77.7551,1015.58,133.821,74.7756,1016.82,134.952,63.4855,1015.44,127.514,66.4066,0,0,0
014567:1010.5,53.6429,129.301,1008.8,49.5679,132.747,1010.97,55.2036,132.046,1012.99,41.5127,130.641,1013.2,55.7764,130.905,1016.43,32.8204,116.281,1022.84,59.3389,111.319,1030.78,8.8174,101.607,1013.69,73.4322,96.6128,1030.79,-9.35325,95.5877,1013.9,92.1642,84.598,1035.68,32.6445,68.7852,1038.47,54.4819,65.8956,1030.92,15.5738,48.7131,1027.24,74.2924,42.9259,1065.16,-4.65526,6.70528,1009.19,87.7172,13.2629,1013.45,125.062,74.1138,1009.16,134.353,75.3618,1017.11,135.775,61.5187,1014.07,127.613,65.8373,0,0,0
014568:1013.72,53.8751,128.48,1013.8,50.3678,131.216,1013.83,55.6015,131.101,1014.24,42.4949,129.594,1014.13,56.4744,129.98,1016.39,33.267,115.581,1016.11,59.6672,111.846,1027.54,9.83939,102.785,1011.07,73.7703,96.8647,1023.6,-7.50782,97.0634,1008.73,91.5735,85.8061,1033.97,32.1365,69.1686,1032.41,54.1905,66.9291,1036.37,15.1265,47.0589,1024.89,75.7158,43.8476,1055.97,-7.00737,7.96521,1015.81,90.5588,11.3986,1006.2,126.004,74.8279,1007.39,134.496,75.4285,1007.41,136.924,64.3517,1012.3,129.957,63.5418,0,0,0
014569:1007.61,56.2952,129.242,1006.55,52.325,132.467,1009.35,57.6363,131.548,1011.7,44.0735,129.595,1014.3,57.501,129.282,1017.16,34.1318,114.38,1019.68,61.4007,110.046,1026.72,10.2037,101.833,1011.53,74.0029,95.8294,1023.46,-8.0995,97.1293,1008.02,90.4808,85.6017,1033.28,33.3303,67.8793,1033.12,55.8664,65.6072,1034.29,14.9543,47.2362,1021.09,76.4112,44.1436,1062.41,-4.49335,5.67376,1005.87,89.0872,12.6793,1005.78,126.328,74.4308,1014.17,137.137,71.4735,1007.62,138.065,63.2819,1005.63,128.329,65.527,0,0,0
014570:999.424,55.9747,131.068,1000.6,52.5797,133.469,1002.96,57.711,132.699,1008.74,44.7969,130.024,1012.58,58.6116,129.099,1014.05,35.1714,115.631,1019.7,61.9367,109.831,1028.81,11.5852,103.165,1014.95,76.0342,94.9096,1030.69,-4.25699,97.1705,1015.95,91.1633,84.7388,1027.87,33.8536,69.2861,1030.26,56.1783,65.9167,1031.97,16.938,46.3277,1026.52,77.842,41.8255,1049.01,-6.87578,7.53213,1014.04,91.799,10.291,1006.53,126.547,74.0311,1012.66,139.357,71.7594,1012.91,139.653,60.2685,1003.66,129.625,65.6993,0,0,0
014571:1004.8,57.9248,128.304,1006.71,54.2513,130.709,1006.82,59.3758,130.273,1012.01,45.7135,128.405,1011.6,59.5302,128.301,1014.48,35.7007,114.918,1014.94,62.901,109.862,1031.11,11.8634,101.839,1002.07,77.6741,97.0116,1029.48,-5.07023,96.1894,989.542,94.2667,88.4496,1027.88,33.8114,68.2363,1027.86,56.4556,64.8461,1027.91,16.0529,49.0616,1023,77.9665,41.9194,1048.7,-6.5734,10.3757,1016.03,92.767,8.09887,998.941,129.271,73.4604,1013.21,140.449,69.841,1015.49,141.486,58.2393,999.348,130.839,64.2284,0,0,0
014572:1008.29,59.617,127.557,1008.88,55.8018,130.216,1008.14,60.9201,130.085,1012.26,46.7206,128.015,1010.21,60.6031,128.553,1018.78,37.1026,113.049,1014.86,63.5474,110.072,1041.07,14.0859,98.3492,1006.48,77.6056,96.3656,1048.61,-4.09542,91.2256,999.91,93.4803,86.3885,1035.74,35.7547,65.6909,1031.61,58.081,64.0316,1042.61,17.3183,43.5003,1023.54,79.7099,42.2021,1060.75,-7.27651,4.82959,1012.44,92.8924,10.2012,999.901,130.631,71.8853,1021.14,142.209,68.4225,1010.49,143.375,58.9971,998.05,133.379,63.328,0,0,0
014573:1003.58,59.7972,128.225,1004.3,56.0647,130.812,1005.3,61.4236,130.257,1006.83,47.524,128.575,1009.08,61.9006,128.014,1010.99,37.6597,114.321,1009.27,65.1479,109.968,1022.43,13.5447,102.678,995.515,79.3045,97.0286,1020.09,-5.54197,98.0564,981.784,95.1419,89.3604,1026.47,35.1235,67.3688,1023.12,58.1261,64.9654,1036.9,16.7215,45.3464,1016.56,80.2304,43.2518,1053.36,-7.15356,7.47758,1007.28,94.4231,10.5441,993.504,131.501,73.0927,1003.22,144.209,71.0367,1012.73,146.137,57.0538,1005.84,135.517,58.7261,0,0,0
014574:1000.18,59.6137,128.875,1000.84,56.1902,131.54,1002.12,61.3995,130.759,1005.61,48.4475,128.949,1008.06,62.3926,127.908,1014.82,38.6301,113.538,1011.38,66.0834,109.222,1035.23,14.0602,99.0286,1002.47,80.6288,94.6572,1037.56,-6.51078,93.0303,993.134,98.0953,84.9883,1031.87,35.8758,66.0892,1027.15,58.7152,63.7798,1042.87,17.9727,44.4037,1019.09,81.2246,42.7798,1056.68,-6.73414,7.11236,1007.08,93.7404,10.5981,993.466,131.501,72.9498,1003.12,144.208,70.7085,1015.34,147.994,55.0427,1002.57,137.114,58.4295,0,0,0
014575:998.087,61.3171,128.281,999.052,57.7993,130.867,1002.16,63.0295,129.675,1005.34,49.3218,128.092,1011.39,63.5643,126.23,1013.69,38.7204,113.135,1010.47,67.0559,108.673,1027.62,14.231,100.713,997.056,82.2555,95.094,1030.48,-5.09514,94.9712,983.155,98.9333,86.4762,1025.23,36.1486,67.3225,1020.09,59.4795,65.3649,1043.09,18.37,43.8535,1015.09,82.2548,44.3248,1054.86,-5.92542,6.83859,1004.35,95.4494,12.0228,991.086,134.056,73.2464,999.897,144.755,70.8581,1014.21,148.963,54.4748,996.31,138.284,58.6957,0,0,0
014576:1003.56,63.0233,126.998,1003.99,59.454,129.737,1003.67,64.5957,129.187,1008.1,50.5096,127.645,1005.82,64.6302,127.232,1014.46,39.3624,112.709,1003.56,68.4267,109.751,1026.67,15.7276,101.052,991.927,83.7162,95.5934,1027.37,-2.32706,96.0588,982.355,100.877,85.5343,1022.19,37.5486,66.8438,1013.32,61.1558,65.6184,1038.27,19.6848,44.1909,1010.91,84.0137,43.7373,1042.53,-3.60134,10.5281,1016.76,94.5186,7.45207,992.245,134.507,71.2089,1013.74,147.221,67.9469,999.053,152.778,57.8609,980.214,141.124,60.3514,0,0,0
014577:1004.6,64.3865,127.311,1004.03,60.9085,130.211,1004.33,66.0329,129.475,1007.31,52.2476,128.001,1005.73,66.1957,127.286,1014.69,40.8708,112.651,1002.08,69.9879,109.822,1026.52,17.1201,100.672,989.102,84.7665,95.2504,1030.88,-1.07312,95.8649,984.516,102.997,83.7046,1020.19,38.1821,67.2042,1008.82,61.8684,66.47,1048.33,19.5682,41.7378,1009.63,85.1292,44.2861,1054.4,-4.32731,6.23375,1009.23,95.0767,8.7924,983.846,137.521,70.8352,1006.09,149.256,67.8135,996.719,155.275,56.6234,981.979,144.041,59.6304,0,0,0
014578:999.442,64.3115,126.898,1001.16,60.7667,129.472,1000.75,66.061,128.882,1007.59,51.9293,127.12,1005.1,66.3118,126.619,1014.26,40.5838,112.152,1001.79,70.1401,109.15,1030.55,16.7097,100.073,982.644,84.8907,96.6005,1036.7,-2.90321,93.8694,968.007,102.455,87.7302,1018.93,38.3195,66.1621,1011.18,62.354,64.4801,1030.29,19.0795,45.4484,1012.01,85.3757,42.5713,1031.79,-3.5308,11.6098,1016.77,95.8385,5.77302,977.802,139.474,71.1796,997.622,149.897,69.3934,989.872,156.937,57.9308,979.975,144.18,58.6487,932.168,153.613,78.9619
014579:1001.84,64.8191,124.656,1003.94,61.4669,127.189,1002.44,66.7787,126.873,1008.16,52.7575,125.815,1004.22,67.4214,125.5,1012.65,41.1306,112.094,998.282,71.3161,109.411,1028.31,16.768,100.958,984.02,86.3568,95.7877,1037.11,-2.71681,93.8164,966.512,102.634,87.1997,1015.53,39.1121,67.0141,1005.61,63.46,66.0717,1035.05,19.8573,43.6415,1005.98,86.1142,45.0513,1035.48,-3.73044,9.27101,1013.96,95.9183,7.5055,971.858,139.978,72.4045,985.996,151.913,70.1807,990.241,158.346,56.6678,986.707,147.746,53.8938,932.024,153.617,78.4182
014580:1003.73,66.1656,123.887,1002.76,62.4908,127.258,1003.36,67.8768,126.385,1004.18,53.9576,126.437,1003.4,68.2658,125.453,1012.66,43.4836,111.525,997.112,72.0266,109.119,1025.91,18.9168,100.186,981.772,86.0074,95.6768,1029.68,0.0178474,96.0027,969.123,103.449,85.9463,1016.12,41.0199,66.845,1004.95,64.3951,65.7363,1041.53,22.0236,43.9478,1006.5,86.6778,44.2202,1050.7,-2.40166,8.35487,1011.66,95.1412,6.93765,972.843,141.324,71.1854,990.293,153.623,68.4005,990.981,160.63,55.8969,980.786,148.647,55.2969,940.723,155.137,74.7881
014581:1002.05,66.0852,123.827,1002.39,62.4013,127.01,1002.34,68.1257,126.192,1006.66,54.1897,125.462,1003.81,69.1701,124.743,1015.47,44.0134,109.958,996.433,72.9985,108.564,1027.54,19.485,98.7755,979.385,86.5565,96.0602,1034.13,-0.697451,94.5193,962.755,102.881,87.5652,1017.56,41.3529,65.6427,1004.65,65.061,64.9722,1041.72,22.6028,44.2131,1006.59,87.7722,44.2415,1045.38,-2.28298,10.2525,1012.95,95.4622,6.37859,969.524,141.858,70.6579,988.395,154.332,68.1143,988.582,164.229,53.0355,986.552,151.667,51.9487,940.936,155.152,75.3736
014582:1005.62,67.3702,123.323,1005.79,63.6592,126.284,1004.76,69.1574,125.801,1004.96,55.8825,125.294,1001.47,70.1171,124.766,1006.96,46.0039,112.466,997.247,74.4798,107.481,983.92,26.9154,110.904,983.129,86.9905,94.8429,907.14,21.5047,127.79,967.119,102.142,87.4693,1015.94,42.6581,66.4833,1004.99,66.6567,64.8962,1040.25,22.5051,44.0181,1003.83,89.0755,44.5483,1050.76,-2.5027,8.51497,1008.58,96.141,7.36839,963.845,141.725,70.4844,985.438,155.423,69.4389,976.18,164.185,55.4396,975.446,153.147,53.2768,943.374,156.043,72.8778
014583:1003.05,68.8758,123.139,1001.53,65.0367,126.488,1002.47,70.4218,125.631,1002.92,56.2938,125.005,1002.15,70.5489,124.251,1010.17,45.4891,109.972,1000.62,75.014,106.424,1018.37,22.4238,100.332,984.622,88.5317,93.9158,1008.8,6.37553,100.282,971.266,104.515,84.9953,1016.26,43.1728,64.5617,1009.38,67.3294,62.6478,1031.68,24.2635,46.1112,1009.89,90.2724,43.9021,1039.15,-0.374322,11.2274,1007.99,96.177,9.27751,964.737,143.896,68.4225,979.888,157.816,67.9373,967.55,164.781,57.5317,956.687,151.758,58.2795,942.885,157.188,72.397
014584:994.93,69.9172,124.035,996.462,65.7969,126.846,997.048,71.3994,126.037,1000.46,57.0016,124.726,1001.57,71.3212,123.864,1008.15,46.361,110.662,998.035,75.4136,106.659,1016.19,23.2025,102.617,973.637,89.04,96.894,988.145,8.73364,106.408,958.394,105.738,87.7227,1017.09,43.1623,64.4142,1006.62,67.5585,63.6354,1033.23,23.8785,44.9448,1005.91,91.0648,44.5961,1050.64,-2.47894,7.86562,1011.93,96.055,7.77984,963.251,144.623,69.1609,973.619,159.133,69.6131,966.671,166.859,58.3328,954.803,152.192,58.6671,945.835,158.092,71.5774
014585:993.688,69.6469,124.886,995.416,65.8611,127.434,997.015,71.2678,126.409,1001.6,58.0826,124.546,1005.24,71.7594,123.055,1006.62,47.5813,110.984,1006.62,76.5905,104.379,971.949,31.662,113.137,982.032,90.1442,94.3862,889.495,26.9871,130.05,964.936,107.425,85.2478,1019.17,43.5448,64.2856,1012.09,68.3763,62.5116,1026.31,24.8373,44.773,1009.18,92.4065,41.1991,1047.93,-1.6208,8.00856,1011.53,96.2308,6.522,958.654,145.28,69.943,970.336,160.219,69.4651,965.261,168.359,57.0377,955.818,153.222,56.6923,945.678,156.943,69.8217
014586:997.155,71.4433,123.044,998.527,67.4246,125.782,998.72,72.8475,125.074,1002.45,59.1455,123.357,1002.79,72.8716,122.696,1006.63,48.5013,110.217,1003.81,77.4598,104,1007.12,25.4961,105.213,984.186,90.6419,93.8188,981.785,10.9497,108.262,970.409,107.271,84.7521,1017.02,44.5951,64.1223,1010.83,68.93,61.8848,1027.96,24.9436,45.9176,1006.96,92.4644,43.1757,1048.42,-1.55131,9.12176,1014.82,96.6704,6.63214,957.402,144.74,67.4308,954.278,160.241,74.3774,970.504,170.859,54.6046,959.012,154.403,55.4772,948.316,157.847,67.8736
014587:988.727,72.6388,125.29,991.153,69.0702,127.776,993.281,74.1062,126.51,996.508,60.5858,125.079,1002.52,73.7037,122.585,1004.85,49.8337,110.516,1004.94,77.7459,104.217,1024.13,24.673,100.482,985.533,90.4046,93.3756,1020.38,6.10932,99.6802,968.746,105.861,84.8687,1021.66,46.7517,61.7129,1019.85,70.7927,58.4536,1016.96,24.8897,47.8088,1006.45,93.4027,43.0721,1040.81,-3.11853,10.9126,1004.81,94.1565,10.9136,951.206,146.442,70.8827,953.473,162.899,74.9769,950.594,170.164,59.7365,953.686,155.076,56.3996,950.82,158.759,65.3652
014588:995.877,72.7506,122.415,997.099,69.1473,125.167,1002.83,74.2678,122.623,1004.26,60.9732,122.285,1002.49,74.2639,121.478,1012.12,49.7341,108.735,1007.14,78.9399,102.547,1018.5,26.5797,100.964,986.724,93.845,89.2194,1011.24,6.85227,99.6207,964.592,109.998,83.4339,1025.36,47.2355,64.6847,1022.33,70.7707,62.3454,1038.39,29.4431,39.9981,1013.56,91.6886,41.9491,1047.07,5.43881,13.4244,1004.19,97.7816,12.2108,954.401,149.484,68.5982,951.776,161.067,71.1404,949.692,168.906,60.2013,952.63,157.342,58.1388,951.299,159.913,68.2535
014589:995.696,72.7451,121.843,996.814,70.3523,124.63,999.294,74.7152,122.839,1000.71,61.4438,122.497,1005.59,75.0279,120.148,1012.02,50.9553,108.759,1003.72,79.378,103.386,1015.26,27.1453,102.376,986.544,93.8394,88.6443,1008.05,8.68222,101.025,960.985,110.355,83.1811,1025.27,48.4773,64.7101,1022.19,72.0071,62.3843,1038.39,29.4431,39.9981,1013.38,92.9189,42.003,1047.07,6.71149,13.4276,1004.19,97.7816,12.2108,953.896,149.477,66.9011,951.124,161.064,68.895,949.185,168.9,58.5041,951.98,157.34,55.8843,948.008,160.155,69.1727
014590:995.405,73.9494,121.309,993.285,70.7997,124.837,995.748,75.1535,123.051,1000.59,62.6518,122.525,1002.02,75.4674,120.367,1008.44,51.4518,109.002,1006.81,80.1485,102.007,1015.04,28.3665,101.811,986.209,95.0409,88.1254,1011.41,9.30965,100.199,964.049,111.175,82.3643,1025.27,48.4773,64.7101,1021.85,72.0037,61.2077,1034.69,30.0118,40.3992,1013.23,92.9224,41.418,1043.34,6.06845,13.8823,1004.19,97.7816,12.2108,947.362,150.019,68.7561,948.013,161.309,70.3828,946.067,169.126,60.0211,942.617,156.937,59.1998,941.615,160.632,71.5463
014591:995.082,75.1461,120.771,996.499,71.5499,124.091,995.603,76.3554,123.086,1000.41,62.6461,121.952,1001.87,76.6744,120.402,1008.34,52.6701,109.026,1003.24,80.5859,102.275,1011.64,28.9209,102.642,982.674,95.4327,88.4202,1011.41,9.30965,100.199,954.143,111.065,83.8003,1025.18,49.7187,64.7363,1021.71,73.2398,61.2475,1038.19,30.7043,39.4139,1016.56,93.7411,40.4665,1046.91,6.71355,12.8168,1000.69,98.1828,13.284,947.038,150.018,67.6359,944.591,161.552,70.7466,942.638,169.351,60.4121,941.981,158.088,58.1709,938.869,160.878,74.1309
014592:994.937,76.3479,120.806,992.86,73.2018,124.335,995.456,77.5569,123.121,996.783,64.3242,122.195,1001.57,77.8829,119.868,1004.95,53.1673,109.842,1003.08,81.797,102.315,1011.59,30.1453,102.656,985.691,96.2364,87.0323,1008.04,11.128,101.031,960.443,111.529,82.1143,1025.03,49.721,64.1461,1021.71,73.2398,61.2475,1034.45,31.2611,39.8228,1013.04,94.1524,41.4727,1043.33,7.33827,13.886,1003.98,99.0106,12.2731,947.038,150.018,67.6359,944.411,161.546,70.1777,942.313,169.35,59.293,941.981,158.088,58.1709,928.389,162.718,75.2349
014860:353.561,219.336,0.15647
