012990:1247.44,87.5164,148.9,1252.68,85.4509,150.689,1242.3,89.0521,152.4,1253.52,82.1093,146.514,1222.14,87.6371,151.504,1241.56,79.4276,131.952,1215.13,84.1348,135.412,1229.62,74.9941,136.638,1207.81,80.0256,136.274,1219.24,79.5297,159.897,1204.02,82.4555,155.043,1231.73,78.0408,85.1226,1217.61,82.029,87.7259,1207.1,81.4571,49.9307,1208.64,82.5313,48.7535,1194.39,71.8881,16.0865,1205.61,74.7377,12.554,1247.75,73.2145,171.392,1247.77,58.8797,179.946,1249.42,61.2497,193.68,1253.97,75.3841,186.227,0,0,0
012991:1261.62,89.2387,146.086,1264.82,87.4053,148.297,1253.82,90.5022,150.043,1257.63,83.696,145.514,1217.88,87.5682,151.978,1246.49,80.1167,131.001,1203.69,83.5889,138.057,1239.2,75.8725,137.725,1200.91,80.5981,143.015,1238.58,81.4122,158.502,1231.26,83.4115,159.687,1233.13,77.4819,84.0672,1206.27,80.6653,89.644,1220.81,82.7524,46.3556,1205.19,82.4996,49.4942,1201.5,71.9795,13.91,1196.79,73.0674,14.682,1242.95,71.7536,172.21,1247.5,56.8609,179.061,1252.57,60.8589,192.935,1247.06,73.2751,186.788,0,0,0
012992:1250.97,88.7029,147.236,1253.35,86.7764,149.585,1245.47,89.9243,150.882,1246.25,83.3097,147.346,1219.75,87.1505,151.459,1235.62,80.5703,133.146,1204.38,83.3864,137.072,1228.07,75.7504,135.031,1197.14,80.06,134.263,1218.54,81.361,154.136,1199.32,85.5251,143.672,1230.47,77.9041,85.5852,1213.33,80.315,88.6087,1216.51,83.5674,47.1765,1202.42,81.4343,49.7555,1203.46,72.0022,11.9133,1193.76,70.9468,14.1658,1247.29,70.101,171.159,1247.04,56.039,178.724,1250.88,59.0381,192.953,1252.81,72.6347,186.104,0,0,0
012993:1232.58,88.1685,151.363,1236.41,86.6462,153.154,1229.62,88.8685,154.262,1241.02,84.3612,148.112,1215.15,83.6788,152.324,1235.01,81.6901,132.834,1206.82,79.6182,137.773,1218.82,75.8508,139.688,1187.25,74.5306,144.974,1206.02,78.8261,161.264,1188.64,79.3462,161.42,1233.66,80.0676,84.2646,1218.61,79.3773,87.6145,1213.01,82.984,47.8542,1203.15,80.0144,50.1112,1200.44,72.2023,12.6671,1192.4,71.4528,15.5735,1245.27,69.4643,171.216,1247.07,54.5709,177.996,1251.35,56.6484,192.075,1257.05,72.1772,185.917,0,0,0
012994:1233.53,89.901,150.027,1235.26,88.3886,152.493,1234.52,90.3292,152.671,1234.82,85.5496,149.226,1247.44,83.2426,146.824,1222.47,83.0259,134.192,1245.69,79.1535,129.879,1189.82,78.9919,133.236,1219.1,75.5882,128.013,1182.18,82.3674,139.398,1196.55,81.2023,134.858,1222.45,80.7281,84.8271,1241.1,78.5221,80.8557,1213.35,83.6301,47.7627,1215.17,80.0873,47.3748,1208.95,71.6061,11.49,1197.44,70.5952,15.7212,1251.76,68.7143,170.105,1247.3,53.6485,177.111,1249.53,54.8308,191.702,1256.65,71.0765,186.105,0,0,0
012995:1216.77,81.6037,154.839,1221.89,80.5568,156.765,1213.75,83.5331,158.117,1236,81.8497,150.769,1205.97,85.4132,155.461,1241.88,81.253,132.16,1205.02,83.5517,137.692,1251.43,76.012,128.057,1208.27,78.5264,132.836,1257.22,81.2653,146.743,1232.09,81.145,146.107,1234.47,77.9537,83.6633,1209.73,79.8102,88.4063,1222.09,83.5611,45.5749,1207.95,82.0954,48.1168,1209.1,73.1245,12.1088,1205.16,73.3735,12.3273,1256.63,68.1473,169.148,1249.57,53.0711,176.608,1252.14,53.3329,190.752,1245,67.5347,187.816,0,0,0
012996:1214.75,84.3141,154.799,1217.11,83.0278,156.853,1218.73,85.9102,156.552,1223.71,82.2568,150.929,1241.89,85.43,147.287,1214.42,80.3641,135.598,1239.84,82.8164,129.991,1185.5,74.0709,144.009,1212.84,76.3502,136.577,1182.93,78.7154,157.103,1191.9,78.2087,150.531,1221.13,78.9382,85.9588,1241.99,81.4299,81.0263,1213.8,82.7362,48.1224,1216.73,81.3237,46.9195,1212.54,71.5726,11.2143,1197.12,70.4023,15.0391,1259.01,67.8611,168.49,1253.31,52.2876,175.297,1249.86,52.1677,190.826,1248.04,66.8821,187.078,0,0,0
012997:1235,85.2471,152.693,1234.31,83.0207,155.529,1233.51,87.1553,155.501,1228.21,79.972,152.134,1228.11,88.1218,151.06,1220.7,77.7891,137.121,1222.24,85.3515,133.153,1208.86,71.9813,146.732,1215.95,82.4675,133.987,1207.02,76.6718,163.408,1213.28,84.7783,143.52,1227.75,76.5119,86.0288,1230.73,82.2972,83.8271,1215.63,82.1771,48.353,1206.95,81.296,48.922,1210.82,70.8332,12.1466,1190.11,69.2893,15.8303,1256.95,65.194,168.424,1254.62,51.5345,174.787,1249.95,50.6988,190.397,1248.85,66.7876,186.947,0,0,0
012998:1220.38,83.327,154.496,1224.2,81.4632,156.551,1221.37,85.3779,156.891,1231.53,79.1504,151.061,1229.81,88.5864,150.191,1223.46,76.1744,136.513,1233.6,88.5102,129.579,1202.15,70.3998,143.697,1232.53,88.8571,121.172,1198.06,77.1969,160.005,1239.9,93.1339,121.939,1219.88,74.2934,88.3265,1228.24,83.2839,84.3846,1198.32,79.593,52.9434,1213.97,85.1325,47.0583,1198.67,67.1559,15.7121,1216.29,73.889,8.52798,1259.22,64.6282,167.764,1251.75,51.0177,174.978,1249.48,49.8782,190.06,1250.9,65.9519,186.099,0,0,0
012999:1225.28,84.1983,152.92,1226.96,82.0725,155.562,1225.29,86.1558,155.861,1226.43,79.6042,152.04,1228.49,87.9202,150.998,1222.38,77.5208,134.005,1227.49,87.2421,130.36,1205.25,74.2755,128.188,1225.61,87.5785,115.143,1197.5,80.5651,130.901,1220.91,92.0779,108.647,1222.36,75.6114,84.2194,1229.77,82.4744,81.4369,1210.71,80.3619,48.1106,1216.29,83.4297,45.6085,1198.53,67.7472,14.1606,1206.86,71.6057,10.9487,1259.7,63.7026,167.681,1258.21,50.196,173.766,1245.6,48.9241,190.391,1246.77,64.1421,186.765,0,0,0
013000:1239.75,82.7936,149.072,1235.01,80.4098,152.816,1242.43,85.0337,151.561,1218.35,77.7631,152.168,1246.04,88.509,146.553,1204.63,76.1674,138.069,1238.13,88.8789,127.481,1194.88,71.1811,135.866,1238.63,88.671,111.585,1194.84,77.8541,147.905,1224.91,92.596,110.677,1211.82,74.2177,88.5569,1240.1,83.5934,80.3847,1192.5,79.2719,53.2697,1231.08,88.5257,41.919,1185.19,64.5729,19.2574,1231.5,77.2555,4.85877,1257.48,62.5163,168.059,1258.43,48.9903,173.333,1249.75,47.2114,189.068,1249.82,63.4827,186.025,0,0,0
013001:1243.9,81.2866,148.369,1236.93,79.695,152.453,1249.54,83.429,150.276,1211.8,79.5745,153.53,1264.32,86.3822,143.457,1193.03,78.6251,140.51,1261.52,85.5542,124.71,1168.83,74.323,141.312,1252.03,83.7729,116.024,1178.99,80.6082,144.312,1226.58,87.9183,117.415,1206.32,76.5487,89.0388,1257.21,82.2393,76.4482,1191.93,79.5111,53.3835,1229.28,85.0693,42.9833,1189.6,65.1366,17.7649,1210.05,73.8499,10.8034,1261.4,61.4758,167.533,1262,47.6422,172.189,1254.76,45.3858,187.748,1250.64,61.6424,185.519,0,0,0
013002:1241.36,82.2938,149.592,1233.79,79.6316,154.016,1244.59,84.7472,152.114,1214.39,76.4009,153.43,1246.38,88.6148,147.026,1198.15,75.3067,138.958,1233.42,88.0534,128.27,1169.14,71.3643,140.055,1219.9,87.063,116.021,1164.29,78.9285,149.348,1213.95,91.0051,111.675,1216.64,73.2449,87.1317,1243.83,82.9503,79.2392,1202.43,80.0735,51.0052,1236.37,88.6872,40.9203,1187.76,62.9858,19.4324,1222.34,74.6769,8.15879,1257.65,60.4879,168.61,1260.62,46.6439,172.151,1259.19,44.2036,186.374,1250.11,60.2717,185.768,0,0,0
013003:1210.35,81.2506,153.698,1217.62,79.9549,155.125,1212.83,83.4378,155.932,1232.37,79.1634,148.341,1228.54,86.8905,148.44,1224.43,76.7827,130.62,1229.89,86.3941,128.65,1182.76,71.1183,134.088,1192.87,79.5413,131.035,1178.19,80.0656,139.826,1168.89,79.9146,142.12,1221.22,74.9088,81.8799,1231.93,82.6731,78.9637,1198.45,79.2351,50.3552,1221.68,86.8313,43.7374,1186.08,63.3559,18.1419,1214.35,73.2144,9.78866,1259.21,60.0152,168.488,1262.55,45.5001,171.282,1260.21,42.8921,185.816,1254.7,59.1339,184.899,0,0,0
013004:1202.31,83.9871,155.34,1208.38,82.1243,156.895,1204.86,85.8085,157.512,1225.79,79.4892,149.774,1215.25,85.552,151.271,1230.26,77.4519,131.813,1221.39,83.9776,131.965,1215.8,76.7246,128.898,1215.19,83.2774,124.028,1178.91,80.8145,137.171,1182.91,84.1406,131.577,1229.33,76.4099,80.3556,1227.96,81.5785,80.6197,1201.81,79.8966,48.3069,1225.79,87.2711,44.0114,1182.39,62.4214,15.8371,1225.25,74.5277,9.00529,1260.5,58.9893,168.266,1265.27,44.2472,170.131,1259.68,42.0667,185.361,1251.96,56.8619,185.073,0,0,0
013005:1214.66,82.8134,153.165,1219.1,81.2463,155.226,1216.9,84.7547,155.447,1226.83,79.847,149.959,1232.18,87.0187,147.806,1219.39,77.5095,132.351,1236.28,86.4078,126.224,1187.18,72.4798,131.897,1221.57,83.6092,117.748,1182.52,79.8813,136.99,1212.09,87.768,119.018,1225.96,75.5244,80.9458,1240.33,81.8084,76.4459,1217.11,81.9765,45.5684,1222.19,83.8479,42.9869,1210.77,65.5667,11.1339,1207.35,67.3738,10.9569,1264.27,57.938,167.204,1269.56,42.7752,168.438,1259.64,40.5858,184.537,1256.6,55.7146,184.32,0,0,0
013006:1197.34,80.0996,150.904,1201.7,78.1828,153.635,1198.54,81.8263,154.497,1217.77,77.0133,149.746,1216.94,84.8432,150.267,1229,77.3047,128.697,1233.34,87.2253,128.013,1219.53,76.878,106.029,1226.76,87.5383,105.054,1212.26,83.7753,102.379,1211.02,89.9491,101.975,1226.31,74.9019,79.2671,1233.4,82.1229,77.5139,1210.57,81.0211,46.7765,1243.56,91.1994,38.411,1188.03,61.9174,16.8646,1244.95,77.942,2.11075,1263.76,57.1068,166.727,1272.26,41.5115,167.16,1267.37,38.9538,182.62,1259.39,54.4875,183.431,0,0,0
013007:1224.28,83.057,152.464,1227.83,80.9843,154.836,1225.61,85.1967,155.048,1232.97,78.4701,150.024,1230.58,87.0321,149.242,1225.55,76.1183,131.556,1226.59,85.7739,128.394,1197.74,71.7474,127.695,1216.08,84.3861,115.854,1196.82,79.3146,130.225,1222.22,90.5452,109.443,1229.55,74.6268,80.8284,1230.74,80.9772,79.3548,1222.78,83.2633,44.9094,1203.2,82.563,48.5937,1220.13,67.6248,9.55483,1183.96,65.3169,18.4673,1259.77,56.1264,166.973,1272.52,40.5693,166.444,1271.11,37.8559,181.617,1261.8,52.7049,182.022,0,0,0
013008:1220.34,82.2092,150.643,1221.42,79.9854,153.786,1219.68,84.1059,154.217,1223.75,77.3821,150.759,1220.01,86.37,151.281,1225.23,77.1293,131.573,1226.96,86.877,129.603,1229.97,76.2068,113.166,1232.39,86.4942,107.278,1225.99,84.1236,115.304,1224.21,90.4161,103.506,1226.11,73.91,82.7022,1228.14,81.1684,81.3401,1221.87,81.7069,45.2674,1242.85,89.8237,39.2268,1209.91,61.9196,12.9413,1244.67,75.2864,3.24279,1260.08,55.1958,166.377,1272.4,39.0725,165.35,1271.23,36.6396,180.929,1264.88,52.0205,181.228,0,0,0
013009:1216.21,83.7436,153.774,1224.3,81.5815,155.366,1219.6,85.9568,156.059,1239.47,77.9779,149.144,1226.84,86.8349,150.614,1231.63,75.1014,134.31,1225.33,85.4478,130.003,1173.71,64.7932,141.654,1216.49,85.2018,111.313,1128.3,63.3202,154.161,1219.78,90.6421,96.2475,1230.37,75.0431,81.7102,1224.42,81.7441,81.6463,1210.54,80.9638,46.6829,1214.77,86.6137,45.9285,1193.86,60.4699,15.5916,1209.78,70.6573,13.9827,1265.91,53.273,164.45,1266.57,37.6726,163.481,1249.75,33.2901,181.305,1259.8,48.5752,181.66,0,0,0
013010:1199.96,83.2129,153.794,1205.62,80.9444,156.093,1204.09,84.6234,156.615,1229.32,78.3215,149.604,1225.35,84.6052,150.596,1236.19,79.019,129.741,1232.6,84.3174,130.066,1231.41,79.6231,110.769,1223.35,85.2546,111.067,1230.68,86.7483,108.746,1216.8,91.1049,105.55,1231.14,75.9857,82.4738,1226.62,79.6227,83.164,1227.19,85.34,44.6398,1224.69,86.3813,45.0092,1238.07,66.3742,5.20326,1232.22,70.4759,7.53249,1260.14,52.2279,165.008,1264.52,37.3394,163.249,1252.24,32.9611,181.142,1261.35,48.3658,181.157,0,0,0
013011:1208.21,81.3616,152.301,1212.86,79.1411,154.868,1208.17,82.9141,156.011,1227.52,76.9586,150.552,1215.52,84.6285,153.065,1238.32,77.1583,129.268,1225.93,85.7704,131.547,1247.36,78.0575,101.995,1226.7,86.3219,106.26,1250.77,87.2577,93.473,1222.86,90.934,97.5444,1233.2,75.251,81.2324,1227.81,81.7973,82.2247,1215.86,80.9125,47.4304,1236.86,90.371,41.9839,1201.39,60.6516,15.2256,1244.38,76.6294,4.20335,1260.21,51.0185,164.034,1266.51,36.7293,161.688,1250.19,30.8891,180.629,1261.33,46.8819,180.371,0,0,0
013012:1209,82.4114,151.317,1210.32,80.0979,154.558,1211.22,83.5567,154.697,1218.09,77.1493,151.684,1228.63,82.9951,150.099,1227.86,77.6012,129.739,1238.94,83.263,128.051,1230.94,80.3251,100.657,1238.75,84.5593,100.959,1228.45,89.1884,89.1264,1226.33,90.169,91.4142,1226.73,75.6449,80.3502,1238.08,79.9572,77.9277,1220.63,82.4774,45.5772,1248.15,88.7964,38.7957,1203.23,61.9093,14.3005,1249.18,73.9237,3.11929,1262.28,50.1541,163.153,1270.47,36.1745,160.493,1250.79,29.0283,179.7,1258.69,45.439,179.848,0,0,0
013013:1216.79,81.466,151.168,1217.66,78.9717,154.467,1218.56,83.1527,154.593,1221.59,76.1212,151.837,1228.42,84.8962,150.97,1225.82,76.0616,131.121,1233.26,85.7471,129.893,1222,76.086,104.363,1230.22,85.9236,103.765,1221.7,84.1692,93.1402,1224.49,89.9804,92.3006,1224.68,74.5966,82.9408,1230.78,81.4432,81.5415,1220.78,82.8999,46.243,1232.3,89.685,43.3638,1216.65,63.2523,11.6029,1234.72,74.2624,7.62334,1264.19,49.0108,162.15,1274.25,35.3398,159.033,1255.86,27.4186,178.177,1255.21,44.1053,179.322,0,0,0
013014:1208.03,83.2818,151.736,1207.85,80.6782,155.111,1212.72,84.8619,154.441,1213.99,77.1478,151.796,1235.85,85.4226,147.941,1219.34,76.3731,131.238,1245.3,85.3189,126.066,1213.58,75.358,106.818,1243.71,85.8381,100.74,1208.18,82.4791,98.507,1228.16,91.2928,92.2406,1223.29,74.8292,82.6171,1239.85,80.6723,78.8036,1219.57,83.3647,46.1875,1226.81,86.196,44.2968,1231.26,65.6907,7.59236,1229.76,70.3083,8.96789,1267.12,48.0381,161.239,1277.21,34.6139,157.691,1262.72,26.1142,176.021,1250.65,42.3329,178.898,0,0,0
013015:1222.55,81.9254,148.385,1217.1,80.0728,152.566,1227.88,83.1346,150.788,1204.81,78.3134,152.199,1248.72,83.0445,144.295,1201.65,77.9868,134.204,1247.11,83.3346,125.179,1200.41,78.7,108.035,1238.32,84.2575,100.477,1219.32,87.4956,91.491,1233.1,90.718,85.6982,1222.63,75.3896,84.5145,1255.18,79.4649,76.9471,1215.38,82.0067,47.7722,1236.13,86.764,42.4799,1220.88,60.1192,12.3986,1236.46,69.4154,8.98131,1265.74,47.3104,160.789,1282.56,33.2701,155.926,1263.18,24.5064,174.194,1251.17,40.4738,177.631,0,0,0
013016:1230.1,81.3609,145.62,1227.57,79.4547,149.227,1232.59,82.8271,148.335,1217.68,77.3889,148.556,1244.06,84.5585,143.289,1212.69,77.2803,133.003,1241.63,85.3224,124.772,1198.03,75.6076,119.966,1239.85,87.2644,103.232,1206.57,82.1055,111.557,1246.52,93.7667,84.4846,1225.41,74.742,84.1734,1241.61,79.7113,79.1771,1244.49,86.9578,41.312,1208.49,82.7137,49.1116,1262.93,68.4464,3.21077,1189.34,62.287,22.082,1264.4,45.095,159.764,1282.69,32.3185,154.779,1264.6,23.0552,172.204,1254.45,38.8369,176.174,0,0,0
013017:1197.96,84.922,148.398,1199.26,83.4504,151.088,1205.48,85.5653,149.908,1213.12,80.7891,146.934,1244.1,83.4945,140.607,1219.37,78.3586,131.102,1250.81,83.5172,122.429,1194.7,74.0192,122.75,1241.75,85.3997,104.997,1194.99,81.1047,117.757,1244.21,95.8962,87.7982,1226.9,76.3345,83.2486,1243.17,79.0345,78.4923,1241.14,87.5595,42.3318,1205.95,82.2721,50.1895,1277.17,68.6591,-1.53732,1200.74,61.6479,19.1089,1264.62,44.1576,158.886,1283.53,30.9734,153.528,1265.31,21.7212,170.682,1259.08,36.7006,173.902,0,0,0
013018:1219.43,83.7683,149.48,1218.24,82.5269,152.543,1223.99,84.3106,151.515,1215.31,80.7526,150.175,1248.54,82.3995,143.686,1211.98,78.6397,134.011,1246.64,82.4763,125.621,1192.81,73.8497,121.778,1230.61,80.9743,109.914,1205.79,81.2335,115.495,1233.68,88.7267,99.3669,1222.46,75.8815,85.0555,1245.56,78.4865,79.06,1237.37,86.2534,43.2465,1227.53,85.8489,44.9965,1247.5,63.0031,7.23974,1218.05,64.5892,15.504,1262.29,43.2638,158.605,1283.52,29.74,152.447,1266.02,20.3838,169.203,1258.43,35.8759,173.011,0,0,0
013019:1236.14,81.6323,145.774,1235.6,80.8702,148.444,1239.25,82.3051,147.754,1228.1,80.9034,146.153,1246.15,81.5225,142.503,1217.3,79.49,131.185,1232.37,81.357,127.605,1188.18,74.0093,126.541,1197.25,76.322,125.066,1191.75,78.4521,123.504,1183.13,78.8694,125.859,1226.73,77.5364,82.5935,1237.37,79.0925,79.6737,1238.07,85.748,42.6101,1211.26,82.7531,48.7123,1260.33,65.3992,3.68171,1203.81,63.0374,18.8321,1262.63,42.6018,157.727,1280.31,27.7359,151.388,1264.02,19.1217,167.787,1261.13,34.8836,171.452,0,0,0
013020:1231.75,77.8621,147.718,1232.26,77.9561,150.344,1236.11,78.5829,149.687,1229.56,81.0383,148.141,1252.6,79.6151,143.82,1220.9,81.2034,133.54,1245.2,81.1564,128.436,1182.92,74.4952,129.536,1203.42,74.8689,126.301,1183.42,76.7864,125.352,1179.93,75.1675,127.777,1227.61,78.1997,83.8966,1242.07,78.123,79.9963,1238.21,87.6648,43.8986,1202,81.5585,52.1959,1272.38,68.7147,1.84231,1191,61.9129,23.2068,1263.01,41.9403,156.968,1282.78,26.4303,149.356,1265.27,17.6602,165.272,1260.1,33.5059,170.249,0,0,0
013021:1237.04,80.6472,146.692,1237.21,80.577,149.417,1238.24,80.613,149.312,1234.96,82.5069,147.45,1241.78,77.7265,146.081,1227.71,81.2501,132.931,1231.64,77.8055,131.806,1195.76,74.1605,128.516,1199.87,72.1694,128.843,1186.43,77.3491,128.036,1185.07,76.4929,130.507,1236.1,79.4689,81.7343,1238.64,77.4525,80.733,1232.41,86.5968,44.4795,1204.96,82.7072,50.834,1254.52,65.5529,4.09185,1200.73,64.4246,18.7481,1265.21,41.6145,155.613,1282.67,25.4715,147.444,1264.32,16.8278,163.576,1258.18,32.2403,168.907,0,0,0
013022:1224.36,81.1392,149.074,1224.43,80.299,151.997,1225.73,81.342,151.895,1226.01,80.8526,148.448,1232.78,78.3689,147.566,1227.86,81.0713,132.827,1228.05,78.6207,132.582,1210.8,78.4439,126.787,1210.42,77.8645,127.206,1174.89,76.8475,134.183,1175.2,78.9547,134.518,1236.38,78.6413,79.7351,1239.84,77.9935,78.6463,1215.06,82.554,46.2558,1228.53,88.2,43.4314,1201.18,54.4307,16.7795,1218.89,68.0893,14.5576,1265.8,41.5027,154.71,1282.24,25.465,146.013,1266.74,15.7915,161.169,1264.73,30.6733,165.95,0,0,0
013023:1223.44,82.0101,149.992,1226.61,80.897,152.122,1225.47,82.4076,152.578,1231.98,79.7158,148.122,1238,80.6303,147.453,1227.95,78.2771,132.023,1231.42,80.5536,131.67,1195.69,71.8006,128.312,1189.41,74.0121,131.232,1177.8,74.9124,129.846,1159.63,75.3195,136.078,1234.36,78.1612,81.3882,1238.74,80.2406,80.3116,1228.78,85.7243,45.454,1206.81,84.001,50.7039,1244.45,64.0622,6.83798,1201.49,63.8149,18.9353,1265.48,41.2221,154.116,1280.07,25.688,144.671,1264.19,15.1997,159.854,1272.17,29.2569,162.36,0,0,0
013024:1229.35,83.5954,149.832,1230.22,81.2482,152.195,1232.62,83.9474,152.097,1231.83,76.7582,147.928,1247.95,81.7602,145.652,1225.82,75.2122,132.076,1235.82,80.7406,130.961,1195.79,72.9626,132.605,1199.16,78.4256,134.566,1184.85,77.8579,139.031,1177.48,80.4622,144.377,1226.13,76.3441,83.8014,1237.21,81.5762,81.6637,1217.97,82.5623,47.8327,1221.34,87.6015,47.363,1224.95,57.1455,12.5321,1223.2,67.1091,14.4535,1263.12,40.6038,153.323,1279,25.801,144.039,1269.63,14.9016,156.839,1273.63,29.0253,161.456,0,0,0
013025:1225.88,84.0529,148.607,1225.06,82.1454,150.975,1230.55,84.1923,150.27,1226.63,78.6926,146.113,1256.39,81.2843,141.117,1222.02,77.0976,129.542,1254.21,81.4821,124.054,1201.89,75.3998,127.241,1233.28,80.7858,123.992,1192.08,81.0969,124.19,1206.04,83.3141,126.847,1226.17,77.4647,82.6887,1255.89,82.3587,76.2386,1217.39,77.9645,48.5264,1251.12,87.7555,40.3513,1207.8,53.0895,18.3667,1247.51,69.6471,8.94618,1263.38,39.9379,152.206,1278.46,25.7914,142.251,1273.52,14.8432,154.381,1276.44,28.5632,159.153,0,0,0
013026:1224.63,80.2676,150.305,1231.21,79.0398,151.51,1225.72,80.3089,152.751,1248.13,78.3445,144.156,1236.4,77.6748,146.668,1247,78.633,126.646,1231.77,78.9216,129.91,1218.08,77.5435,124.467,1203.16,78.2391,129.614,1197.01,82.7055,129.252,1180.82,82.3433,134.616,1235.65,78.2001,80.7289,1228.53,79.4333,82.242,1227.46,82.4852,45.2325,1212.02,84.1055,48.9247,1233.82,58.4697,9.88519,1211.22,64.8457,16.7056,1265.99,38.9419,150.284,1277.96,25.7869,140.494,1273.66,14.7091,151.979,1277.89,28.6073,157.654,0,0,0
013027:1191.7,75.8047,154.79,1204.16,75.3329,154.908,1194.93,75.9485,156.923,1246.99,77.5353,143.256,1224.54,76.1451,147.746,1254.2,79.3217,124.311,1235.28,78.7144,128.153,1211.83,75.5402,124.975,1197.25,75.1039,129.496,1184.96,81.5047,131.628,1176.31,79.3175,135.227,1244.31,79.827,78.4415,1236.9,80.8972,79.9734,1218.28,82.0456,47.8601,1236.5,87.9791,43.1499,1209.8,56.2348,18.8901,1248.49,70.0206,9.23254,1265.56,38.661,149.269,1279.56,26.1047,138.989,1272.97,14.6974,149.679,1279.69,28.2501,154.953,0,0,0
013028:1216.57,78.291,153.61,1228.98,77.1725,153.725,1214.51,78.4354,156.627,1262.05,77.7219,143.417,1209.11,76.7898,153.357,1265.77,78.8455,124.258,1205.73,77.6618,136.238,1234.27,78.2422,122.908,1179.48,76.6179,135.876,1210.58,85.959,128.879,1180.04,82.5608,136.451,1249.53,79.5101,79.7514,1213.8,79.8352,87.8369,1238.64,82.8372,44.383,1232.19,85.0238,46.0843,1228.02,59.3795,13.8053,1247.14,67.0139,9.82246,1266.04,38.5456,147.983,1280.75,26.1393,136.621,1271.35,14.5351,147.582,1280.06,28.1279,153.259,0,0,0
013029:1202.97,74.3015,157.088,1218.29,73.433,156.787,1203.62,75.1167,159.911,1259.33,75.4191,145.198,1218.14,77.6182,153.496,1260.98,77.429,125.745,1225.57,80.2951,133.683,1208.65,74.4816,127.095,1181.18,76.831,135.886,1177.45,80.6384,134.892,1161.94,79.7981,141.924,1240.31,78.0712,81.5286,1222.15,81.5293,85.8252,1216.79,79.0637,49.368,1240.75,87.6319,43.6103,1207.72,55.1604,19.333,1266.7,71.6066,4.39676,1271.5,38.8741,144.034,1270.07,28.0628,135.26,1278.16,15.6357,140.001,1277.17,27.2382,151.279,0,0,0
013030:1207.98,77.0466,155.893,1216.64,74.9799,157.063,1211.44,78.0559,158.093,1242.38,73.5378,147.964,1220.97,77.6329,151.985,1253.86,76.7444,127.538,1221.27,78.4278,134.219,1260.38,82.9081,116.306,1225.81,83.4337,126.217,1211.15,86.256,127.212,1198.75,86.188,132.932,1241.83,78.3233,82.7299,1225.25,80.7504,86.4822,1214.51,80.7764,50.5113,1238.01,88.599,44.8689,1200.1,55.2138,20.1372,1261.22,72.1437,5.45403,1275.07,39.5452,142.403,1268.24,29.1155,133.532,1277.67,15.6311,138.241,1276.78,27.2309,150.018,0,0,0
013031:1209.58,77.0514,157.477,1221.17,75.4617,157.594,1210.7,77.7833,159.905,1251.32,74.8723,146.903,1221.82,78.3448,153.044,1254.97,75.549,127.325,1229.15,80.015,133.768,1223.7,76.4566,129.689,1203.79,81.0863,138.287,1197.2,84.3211,144.779,1185.8,85.5986,152.785,1235.68,76.3634,83.58,1222.13,81.0791,87.1959,1206.8,78.2982,52.2657,1217.12,87.066,50.2342,1218.35,53.9884,16.1173,1243.64,70.3468,10.7704,1275.06,40.0979,141.452,1269.01,29.829,131.689,1277.01,15.6193,136.072,1276.24,27.2233,148.19,0,0,0
013032:1227.61,79.9049,153.418,1235.28,77.6329,154.43,1228.08,80.3111,156.161,1251.32,74.2625,147.089,1224.81,78.507,152.619,1249.93,74.3739,128.108,1223.1,79.0686,134.678,1230.3,76.1058,122.026,1210.17,80.8854,130.535,1214.17,86.0205,125.583,1204.5,87.2963,133.129,1236.67,77.0197,82.8593,1223.56,81.5004,86.4831,1223.5,80.0263,48.0106,1238.81,86.4127,44.8334,1217.97,56.3751,16.1953,1257.61,68.4041,7.44915,1273.12,40.3109,140.88,1269.05,30.3817,130.834,1276.72,16.1623,134.135,1276.71,27.3802,146.283,0,0,0
013033:1220.35,78.8076,153.911,1227.28,77.3701,154.754,1221.82,78.8315,155.978,1246.93,75.863,146.013,1225.14,75.9716,150.273,1246.02,75.9614,127.426,1225.75,77.7207,132.014,1228.89,78.3327,124.462,1215.03,80.2997,130.275,1215.89,87.4565,126.609,1207.45,86.5213,131.744,1236.46,77.6743,82.2989,1226.54,80.1957,84.7656,1222.71,78.8291,48.9799,1223.06,83.6166,49.0209,1225.95,56.2187,15.4044,1230.45,66.246,15.2473,1274.96,41.4811,138.842,1271,31.8126,128.7,1281.4,17.7756,131.012,1277.5,27.8154,145.06,0,0,0
013034:1210.61,78.2713,158.265,1215.48,76.4795,159.572,1213.99,78.3664,160.129,1234.41,74.1796,151.069,1226.5,75.3179,152.95,1245.47,75.7278,129.861,1233.69,77.4173,132.964,1244.06,81.0278,121.541,1231.19,82.1158,127.093,1215.08,89.5411,131.314,1209.46,87.5728,135.374,1236.08,77.0785,84.4832,1231.53,79.5085,85.7872,1219.31,78.2347,50.815,1225.15,83.1746,49.4467,1227.13,56.233,14.8803,1240.89,67.1263,12.335,1276.88,42.3785,137.465,1275.89,33.75,126.053,1283.46,19.7489,128.107,1280.94,28.7381,142.373,0,0,0
013035:1215.41,76.6847,157.393,1220.1,75.3579,158.695,1220.9,77.0465,158.858,1235.41,74.0174,150.985,1239.12,75.646,150.952,1234.66,74.1333,132.539,1239.86,78.7632,133.114,1210.9,75.4121,128.8,1225.9,81.8105,131.297,1197.94,83.6481,138.839,1214.59,86.3826,143.463,1222.16,75.8594,88.0414,1227.3,80.0526,87.4367,1215.4,77.3114,52.0948,1216.52,83.3623,52.0613,1234.66,56.5648,13.3077,1228.41,67.3587,16.0879,1279.67,43.168,136.114,1276.98,34.7494,124.883,1283.61,21.1322,126.222,1283.57,29.5046,140.335,0,0,0
013036:1230,82.5829,153.729,1234.19,81.344,155.137,1231.86,81.7308,155.662,1249.22,79.2877,147.225,1232.41,72.8378,150.167,1250.95,79.1869,128.737,1223.12,72.3816,134.096,1245.36,81.7868,123.1,1204.75,74.2766,132.496,1229.5,90.4032,129.896,1192.5,82.221,137.719,1239.23,80.0398,84.5123,1222.61,76.3873,88.285,1228.81,81.1033,49.8251,1205.7,80.2539,55.2425,1248.04,61.0613,10.1715,1215.93,65.0617,19.7128,1279.66,43.722,135.181,1274.47,35.6365,124.459,1284.54,22.1229,124.395,1290.01,30.9344,137.156,0,0,0
013037:1209.73,76.1679,159.681,1221.52,75.0253,159.785,1212.25,76.2537,161.818,1259.36,76.1318,147.676,1224.53,73.9614,154.338,1262.83,78.1192,127.186,1222.08,74.828,135.634,1251.81,81.4118,120.508,1206.52,77.3173,132.024,1236.96,91.8326,128.992,1202.64,86.6301,137.405,1240.06,78.6943,84.1917,1214.29,77.1522,90.2024,1226.06,80.7657,49.2819,1203.76,80.065,54.7518,1240.81,61.1071,11.4371,1218.46,64.8306,18.2952,1276.07,44.1464,135.093,1268.55,36.9625,124.446,1286.61,24.1135,121.359,1290.66,31.3722,135.411,0,0,0
013038:1214.6,74.3503,157.445,1224.14,73.0948,158.28,1216.69,74.7779,159.96,1260.88,74.2795,148.478,1230.11,73.9933,154.393,1278.88,78.1728,126.691,1232.95,75.7075,135.782,1290.74,86.7778,111.839,1229.29,80.5321,124.486,1257.03,95.2267,122.649,1207.26,86.9049,129.88,1248.81,77.3304,83.9633,1219.14,76.4064,90.6113,1231.31,80.0505,49.1155,1203.03,79.6489,55.9049,1240.78,62.3052,11.3715,1211.09,66.9079,20.0182,1278.23,45.6029,133.75,1271.26,40.074,122.176,1291.56,26.3216,118.024,1294.44,33.1522,132.218,0,0,0
013039:1210.48,74.5897,158.591,1215.49,73.5601,159.869,1215.45,74.9271,160.16,1244.32,75.8818,150.542,1232.51,73.5174,153.129,1273.14,79.6662,127.437,1223.11,75.32,138.361,1295.07,87.688,114.536,1214.26,81.5376,135.434,1270.47,93.4082,121.739,1201.02,86.7573,141.652,1248.41,79.5168,85.125,1214,76.5575,93.1549,1257.43,84.0235,44.7538,1198.96,75.4087,59.2423,1281.37,69.3434,2.38307,1209.27,60.0469,22.4228,1279.42,46.6119,132.994,1279.35,42.8329,119.603,1290.03,27.6726,116.951,1291.59,33.7633,131.321,0,0,0
013040:1194.25,72.9134,163.392,1201.29,72.073,164.67,1203.26,73.4428,164.591,1243.69,74.8769,153.588,1244.55,73.4206,153.661,1269.67,79.5719,130.227,1245.69,75.5595,135.386,1289,88.0573,113.926,1249.8,82.8965,124.106,1262.61,94.8597,122.02,1235.28,90.3402,129.039,1240.62,77.8269,87.1766,1222.62,75.2697,91.2131,1247.11,81.9352,46.5997,1201.56,76.5686,57.5832,1280.23,65.1674,2.02956,1213.25,62.0725,20.4091,1279.99,48.5677,131.78,1276.39,44.6612,119.376,1287.49,28.577,116.508,1294.37,34.544,129.68,0,0,0
013041:1220.99,77.0659,157.954,1225.02,75.6261,159.581,1226.22,76.9438,159.533,1253.64,75.8869,150.746,1236.26,71.5594,153.685,1273.07,79.3567,129.847,1224.62,71.0624,138.361,1291.93,87.1876,118.608,1210.44,73.7408,132.495,1265.84,94.1347,129.132,1187.35,79.7228,137.172,1254.4,80.4969,84.9562,1222.12,75.5244,91.8725,1246.93,82.2283,47.3689,1193.56,75.8333,60.1032,1276.73,65.079,3.00174,1202.46,61.7271,23.3627,1278.61,49.8955,131.361,1275.24,46.5505,118.795,1281.83,30.7767,116.13,1295.35,35.8329,127.516,0,0,0
013042:1187.24,73.6389,163.273,1191.95,72.8591,165.041,1199.61,74.4735,163.941,1226.69,74.2397,155.499,1259.95,75.2192,149.951,1243.26,76.4622,134.448,1281.27,79.2348,128.679,1243.85,78.7992,123.111,1290.38,85.3585,119.299,1222.57,85.921,127.135,1256.64,91.15,128.131,1225.98,75.4077,90.2811,1252.02,77.9651,84.8846,1218.81,75.7345,54.0481,1236.73,81.062,49.6239,1231.36,58.6503,15.0943,1241.45,68.771,13.0962,1273.55,50.7995,131.795,1277.84,48.5784,118.002,1276.51,33.8022,115.393,1292.08,37.4016,126.767,0,0,0
013043:1212.07,75.5597,159.276,1214.85,73.9618,161.269,1217.3,75.43,161.008,1242.91,74.3883,152.635,1239.79,69.0523,153.304,1266.26,79.4916,130.977,1237.24,69.9857,136.98,1310.38,91.5831,114.756,1267.27,79.8851,125.594,1274.53,95.2547,125.151,1258.07,88.305,128.721,1245.86,80.9225,86.5591,1223.68,74.5353,91.5821,1249.9,82.958,47.2567,1205,73.9618,58.116,1272.25,68.8372,3.61912,1213.8,61.751,20.0108,1277.65,52.3391,130.61,1282.23,50.9637,116.275,1278.17,35.9252,114.205,1293.53,39.5395,124.771,0,0,0
013044:1227.3,75.9822,159.131,1228.95,74.5089,161.487,1232.66,76.0928,160.981,1249.54,75.3211,154.314,1241.93,68.9648,155.197,1265.69,79.8311,132.973,1228.09,66.8341,138.059,1286.18,88.6639,117.48,1204.32,67.5237,126.067,1251.22,92.9419,133.588,1161.46,71.7337,135.054,1256.26,81.423,84.9718,1228.28,72.54,90.4874,1271.58,84.8856,42.1887,1195.2,72.6897,59.8154,1302.59,74.8115,-3.51371,1185.37,63.4734,27.2289,1280.16,54.3727,129.577,1284.05,53.6705,114.95,1283.02,39.4019,111.968,1287.55,40.5894,125.41,0,0,0
013045:1241.04,78.7029,156.141,1242.47,75.9807,158.356,1243.87,78.3854,158.325,1250.9,71.5015,153.027,1229.07,68.91,157.137,1269.06,76.2276,132.147,1215.53,68.0935,141.94,1295.67,88.2867,118.445,1191.64,72.7731,137.122,1269.65,94.184,126.969,1160.04,76.7221,144.095,1261.77,80.0454,85.6018,1224.35,74.517,93.6636,1264.04,83.5982,45.5453,1204.72,72.5995,59.2233,1298,71.5038,-1.89044,1216.3,59.9032,19.9161,1282.59,56.13,128.729,1290.9,55.2045,113.135,1277.88,42.4093,112.062,1292.31,43.5267,123.806,0,0,0
013046:1237.99,79.475,154.472,1239.87,77.7374,156.865,1238.89,78.8986,156.948,1252.62,75.7452,152.125,1222.9,68.0383,156.522,1268.88,79.0265,133.902,1210.91,66.3087,141.91,1292.75,88.6743,122.023,1188.9,67.585,133.335,1263.37,96.5794,132.321,1149.42,73.054,136.77,1260,80.9831,86.8452,1220.83,72.9192,94.3558,1269.12,83.1458,44.7052,1195.56,73.9015,61.0698,1290.87,71.9051,0.4867,1182.16,64.1586,28.5453,1278.89,58.0405,129.183,1289.44,56.5379,112.607,1284.21,45.1284,109.775,1292.49,46.7331,122.377,0,0,0
013047:1255.04,79.0807,153.597,1257.47,76.5237,155.914,1256.57,78.4045,156.083,1269.76,73.3388,150.605,1233.77,67.1623,156.374,1281.56,78.2558,132.071,1209.94,65.5017,142.622,1304.65,90.4466,120.347,1180.6,69.8346,135.393,1278,95.2426,125.623,1152.26,74.636,133.074,1265.96,80.9011,85.6906,1216.69,72.2406,95.2883,1273.7,84.6008,43.9587,1205.3,71.6179,59.008,1308.81,73.3422,-4.22727,1217.39,59.7105,19.1943,1277.41,58.8035,129.319,1290.71,57.5661,112.074,1286.83,47.4469,108.408,1292.93,48.1406,121.625,0,0,0
013048:1254.37,80.4898,152.518,1255.07,78.3236,155.021,1256.47,79.2586,154.648,1264.01,74.3961,150.013,1243.84,65.9197,153.048,1274.76,78.2008,132.245,1222.46,64.9755,141.331,1291.66,91.0737,126.39,1189.86,72.8672,146.034,1279.31,97.9263,130.53,1168.42,80.608,152.448,1263.24,80.5212,85.2846,1228.3,71.7452,92.593,1264.61,83.9461,45.7304,1209.01,71.3185,58.2428,1293.59,73.1327,-0.208327,1217.09,59.9367,20.1485,1281.7,60.6494,128.326,1288.64,59.5652,111.671,1288.71,50.1599,107.208,1297.53,50.8257,119.87,0,0,0
013049:1225.79,81.1259,156.123,1223.59,79.1581,159.567,1232.43,79.6791,157.79,1239.43,75.6516,154.775,1243.4,64.7933,153.101,1259.62,80.3353,136.594,1237.57,62.1671,138.108,1317.48,91.3035,119.065,1260.65,64.7642,123.462,1299.93,96.0218,122.13,1251.81,70.6457,119.849,1261.42,82.1704,86.7432,1243.42,70.1913,89.6064,1256.34,84.689,49.1577,1204.64,70.7741,60.0342,1291.74,74.1968,1.4816,1212.58,61.0389,21.8253,1275.33,64.3539,129.597,1271.94,63.9199,115.496,1304.4,59.6026,103.005,1299.37,56.2102,117.527,0,0,0
013050:1233.28,75.493,156.648,1231.73,73.7562,159.935,1238.12,74.5529,158.499,1244.55,73.4102,155.241,1248.56,63.0837,152.913,1269.37,80.9655,135.323,1240.08,62.6134,136.439,1315.45,91.9571,120.081,1240.8,66.6919,123.891,1270.34,91.8603,128.375,1197.89,68.8691,125.061,1259.46,82.6071,87.8379,1239.66,70.475,90.1184,1266.65,84.8563,47.7928,1212.79,71.2764,58.4781,1284.28,73.1656,5.82881,1212.43,61.0409,22.9025,1276.79,65.6599,129.445,1270.5,64.6767,115.787,1311.32,60.8919,101.291,1299.66,57.0625,117.168,0,0,0
013051:1251.18,77.9133,154.294,1248.94,75.8978,157.771,1257.12,76.8503,156.033,1257.61,73.856,153.647,1259.31,63.1024,151.649,1270.86,79.4757,135.584,1237.09,61.0227,137.059,1316.04,91.4716,119.554,1220.91,64.1884,124.89,1288.93,96.9377,124.033,1184.21,70.2189,121.656,1257.87,81.9928,88.148,1235.22,69.6927,91.1372,1267.89,84.5631,46.9839,1210.86,70.4661,58.3594,1298.02,74.1071,0.525091,1216.43,60.2285,20.2355,1275.38,66.4164,129.845,1257.4,66.7865,118.414,1298.09,64.2192,103.991,1293.76,58.0638,118.329,0,0,0
013052:1239.84,74.7164,157.17,1238.2,72.2861,160.413,1243.65,73.7918,159.415,1249.17,70.0403,155.177,1252.74,62.5849,154.066,1267.51,77.7525,134.286,1250.64,64.0125,136.655,1319.24,93.8228,116.413,1293.36,79.4764,122.135,1279.21,93.9414,120.671,1287.88,89.2556,120.617,1255.6,80.4147,86.954,1241.44,70.8365,89.473,1260.29,82.9554,47.9635,1217.02,71.0658,57.3052,1278.31,72.375,5.67672,1222.42,62.4307,20.0854,1274.19,67.4552,130.584,1248.9,69.2234,120.119,1293.97,65.2847,104.682,1292.57,59.6836,118.261,0,0,0
013053:1253.82,76.5335,152.887,1254.84,74.7382,155.653,1255.22,75.1751,155.326,1270.66,73.611,150.658,1248.26,62.9743,153.205,1290.41,80.3217,132.128,1228.72,61.9249,139.211,1316.84,92.4287,122.153,1194.32,65.2769,133.904,1277.56,93.4943,128.935,1143.74,67.5528,135.072,1272.55,81.6833,85.5827,1231.92,69.6535,92.4142,1275.74,84.1905,46.012,1209.94,71.2036,59.5469,1299.03,73.0408,1.81,1211.52,61.9451,23.1132,1274.42,69.7982,131.054,1248.89,71.2585,120.25,1287.75,67.4929,106.189,1289.99,62.0675,118.771,0,0,0
013054:1220.77,71.3988,161.444,1224.02,69.9304,163.559,1225.7,71.1457,163.426,1252.95,71.4899,156.4,1250.18,66.4118,156.557,1282.28,78.802,134.559,1247.23,66.6937,139.764,1316.23,90.8993,118.275,1236.24,72.3127,130.074,1268.55,93.4516,127.036,1186.23,77.7215,135.24,1259.81,80.3348,88.0717,1236.06,72.2142,92.6705,1270.61,83.6282,45.8231,1210.24,71.5126,59.4432,1280.43,73.9613,5.32791,1199.54,63.7134,26.1995,1272.78,71.7698,132.011,1250.52,72.83,120.493,1287.37,68.725,106.249,1278.35,64.0202,121.209,0,0,0
013055:1220.13,70.3983,164.531,1223.49,67.809,165.763,1227.65,71.2509,166.056,1238.67,64.97,157.381,1258.32,72.3692,157.091,1234.53,64.7709,137.61,1273.51,80.2277,139.559,1194.9,65.2818,134.769,1260.3,93.9817,151.396,1173.58,71.3194,130.283,1233.77,97.1183,168.51,1233.81,71.8277,93.1065,1255.3,81.8717,92.1106,1228.84,74.3526,55.9241,1239.56,80.0392,56.1369,1256.2,65.1101,10.7933,1249.7,67.748,16.6515,1273.4,74.951,132.703,1250.75,75.1444,121.143,1278.29,70.3512,108.359,1272.5,66.4879,123.063,0,0,0
013056:1228.31,69.3812,160.903,1227.28,67.1608,163.585,1234.14,70.6731,163.275,1228.76,66.2016,159.977,1261.53,73.3396,156.479,1215.83,65.829,142.238,1284.45,80.4291,135.533,1175.46,64.4774,129.47,1298.97,90.6765,123.915,1154.44,72.0798,122.792,1260.88,95.2441,131.504,1223.58,72.4574,93.6219,1265.93,81.7684,86.936,1226.76,74.187,54.9862,1244.24,80.7257,52.6183,1242.73,67.103,13.6257,1225.57,71.4182,20.8507,1273.53,77.0095,133.361,1248.38,77.1778,122.566,1279.58,73.4579,108.208,1273.5,68.7338,123.126,0,0,0
013057:1227.13,69.9198,162.556,1221.45,66.9712,165.394,1235.9,70.5839,163.911,1221.28,63.8242,159.825,1280.07,70.133,152.565,1213.13,63.2144,141.492,1288.88,77.6747,136.371,1169.52,65.9654,139.679,1281.2,93.9449,146.959,1150.16,72.1917,135.567,1252.64,98.5317,164.913,1224.51,71.2493,94.6953,1273.87,81.4535,87.7191,1214.57,72.6153,59.4738,1260.89,83.9958,51.257,1232.65,61.094,18.0784,1270.27,72.9335,12.5957,1281.11,80.3081,132.351,1245.96,79.205,123.847,1274.36,75.8067,109.384,1268.72,71.6444,124.745,0,0,0
013058:1228.23,72.0624,162.242,1226.61,69.0627,164.463,1233.59,72.5001,164.219,1228.57,64.7875,159.033,1251.2,72.7222,157.941,1223.62,61.8973,139.613,1262.15,80.0221,141.536,1206.44,61.0743,129.735,1265.02,94.2213,148.914,1196.48,68.6343,117.74,1236.71,97.6276,163.106,1232.87,71.0894,92.4593,1257.83,83.4672,91.0236,1229.2,73.5147,55.4835,1255.54,84.565,52.5959,1250.22,61.3243,11.9592,1270.97,71.478,11.7472,1280.11,81.899,133.097,1249.74,81.7153,124.027,1265.14,78.8798,111.629,1271.02,74.6368,125.108,0,0,0
013059:1232.33,68.8243,161.296,1234.37,65.6319,162.907,1235.79,69.923,163.971,1240.69,62.2758,156.82,1249.11,73.0655,159.16,1229.59,60.2241,137.818,1260.65,81.4511,142.639,1197.41,59.0123,128.914,1259.37,95.7871,149.941,1182.54,66.218,117.678,1241.12,98.537,163.145,1236.13,69.9487,91.2383,1255.68,84.3679,91.4798,1228.54,70.8136,54.5695,1258.02,84.6059,51.2868,1247.28,60.8,11.4648,1277.73,73.7808,8.77529,1279.85,83.1172,133.701,1254.71,84.7061,124.524,1257.13,80.3453,113.644,1275.57,77.0759,124.499,0,0,0
013060:1239.72,69.6143,159.441,1246.16,66.9106,160.213,1237.17,69.7182,162.785,1250.89,62.9209,153.929,1219.58,66.7171,162.606,1237.66,62.2971,136.199,1227.61,74.2579,147.581,1202.78,65.33,130.259,1229.92,91.2598,156.238,1184.48,72.8505,123.586,1236.72,98.138,168.557,1250.15,72.2096,89.5117,1239.54,80.2881,95.7449,1234.64,71.8877,54.3262,1241.3,80.6585,55.6867,1255.65,62.2039,10.0625,1268.38,71.5098,11.164,1276.45,85.2515,135.027,1264.29,88.3972,124.165,1259.03,82.7717,113.665,1276.61,79.3285,124.854,0,0,0
013061:1231.81,67.4517,161.962,1234.43,64.178,163.153,1233.59,68.4391,164.739,1243.8,60.9974,155.717,1247.49,71.4969,159.212,1227.16,60.4379,138.621,1259.06,79.6539,143.066,1160.13,64.0822,142.928,1247.47,95.7273,156.315,1127.73,72.7316,146.015,1240.2,99.2808,175.087,1235.98,70.0363,93.0419,1252.15,83.451,93.9534,1225.19,72.4604,56.883,1249.57,84.8613,54.6345,1238.39,62.0597,15.962,1258.34,74.1039,15.7293,1269.41,86.8839,137.162,1272.86,91.6465,123.89,1263.5,86.7132,114.106,1271.66,83.4282,127.588,0,0,0
013062:1235.9,67.874,162.174,1237.51,64.0504,163.637,1236.89,69.2011,165.444,1239.65,60.1978,157.133,1240.08,72.6595,161.897,1227.15,58.8289,137.471,1244.38,80.8461,146.543,1198.76,59.1508,130.614,1244.98,96.1418,157.206,1179.93,68.6125,124.647,1242.11,97.8931,170.799,1238.42,69.2431,91.6838,1248.23,84.3572,94.8116,1226.02,70.9167,56.2556,1255.57,85.2565,53.759,1239.23,61.483,14.0405,1283.44,74.0486,8.72213,1268.94,87.5315,137.822,1275.73,93.7355,124.569,1272.46,90.8048,113.984,1278.68,87.124,127.491,0,0,0
013063:1235.78,67.0109,162.863,1238.01,63.0994,164.132,1237.29,68.432,166.086,1241.34,59.6738,157.051,1243.07,72.5707,161.915,1224.64,59.9985,138.784,1250.57,80.2506,145.725,1183.38,61.9796,138.554,1255.26,95.004,156.466,1155.57,70.8262,141.326,1254.47,97.6141,171.291,1231.16,69.801,93.6311,1245.11,83.9338,95.6075,1220.33,72.2965,58.091,1256.25,85.2316,53.8546,1228.09,62.2147,18.6213,1278.55,73.4621,11.228,1268.64,89.6687,140.264,1276.73,95.433,125.741,1286.14,95.3662,113.084,1281.79,89.7774,128.133,0,0,0
013064:1229.09,67.7343,163.742,1230.99,64.0381,165.135,1233.71,68.9857,166.161,1238.81,60.0375,157.218,1251.95,71.7319,159.314,1230.37,58.8193,136.322,1260.51,79.2952,142.278,1193.14,60.7138,130.764,1254.96,95.3728,152.312,1169.68,69.4668,132.267,1245.37,98.2933,170.674,1235.02,68.0108,91.484,1253.44,82.0852,92.5333,1226.03,70.7125,55.1911,1260.04,84.0911,51.4901,1234.76,61.1216,15.3713,1277.39,73.3438,10.5554,1270.61,90.9862,142.194,1286.96,98.9347,127.536,1295.29,98.6894,114.164,1285.93,92.0732,129.567,0,0,0
013065:1229.47,67.1966,162.374,1229.99,63.3244,164.08,1232.15,68.408,165.47,1233.42,59.3565,157.865,1239.27,71.9569,161.937,1234.03,57.988,135.57,1239,79.7602,147.881,1223.14,59.1833,118.958,1236.39,95.6522,155.083,1212.22,69.6353,106.953,1233.79,99.2227,166.135,1236.59,68.7492,91.2093,1240.08,83.7481,96.1815,1233.58,71.33,53.1474,1246.31,86.2849,55.153,1241.05,61.2591,13.1587,1260.82,75.2309,14.9374,1275.2,93.8268,144.727,1286.95,101.373,130.808,1297.61,100.897,115.994,1290.18,94.6602,131.007,0,0,0
013066:1219.04,67.48,162.523,1216.07,63.8015,165.045,1223.9,68.8207,165.183,1221.45,60.0711,159.064,1241.68,72.1377,159.854,1233.98,58.2027,135.281,1250.43,79.2513,144.276,1213.08,59.0128,119.441,1254.54,94.9784,148.179,1176.03,69.0252,112.134,1245.46,99.4295,161.185,1237.33,68.1374,90.8131,1247.61,82.6001,93.8185,1232.63,70.9159,53.867,1255.19,85.5911,52.8717,1230.21,61.8187,17.6357,1259.04,75.5129,16.1079,1273.78,95.7677,146.765,1291.96,103.039,133.096,1303.43,102.782,117.199,1289.94,95.6001,132.147,0,0,0
013067:1227.55,65.5401,163.111,1226.58,61.9006,165.216,1231.4,67.0751,165.914,1231.82,58.5844,158.591,1244.55,71.1751,160.787,1238.18,57.2327,135.102,1247.9,78.8976,145.582,1212.83,58.3074,120.697,1243.94,95.2456,152.081,1180.79,68.7719,112.754,1242.29,100.008,164.258,1237.78,67.3544,91.4559,1243.47,82.1439,95.5074,1229.13,71.416,54.7278,1250.37,85.5102,54.0712,1232.61,62.6002,16.4997,1263.91,75.0628,14.292,1274.79,97.1771,148.378,1293.24,104.466,135.718,1300.12,104.333,120.305,1285.42,96.6766,134.44,0,0,0
013068:1241.71,68.3012,159.247,1244.58,64.2921,160.322,1241.08,69.2183,162.763,1246.51,59.6165,153.518,1241.82,71.9318,159.554,1239.15,58.1317,133.372,1239.31,79.0471,145.883,1220.58,61.4036,124.705,1235.76,94.6752,155.922,1207.89,74.68,124.994,1250.01,98.5327,168.073,1244.08,68.8111,89.4557,1243.16,83.3753,95.2666,1241.18,73.0716,51.5359,1249.82,85.5262,54.6541,1238.26,62.1652,14.4442,1260.51,72.0607,15.8862,1276.65,98.5058,149.839,1294.72,105.241,136.596,1299.55,105.64,123.3,1287.69,98.8682,136.071,0,0,0
013069:1235.83,65.8742,157.531,1237.22,62.1249,159.182,1239.1,67.1598,160.563,1241.7,58.4104,153.493,1246.71,70.9439,157.523,1235.8,57.0892,134.268,1245.34,78.946,144.62,1206.71,58.5361,125.849,1242.22,94.6533,152.749,1186.97,69.8427,127.397,1257.34,98.7913,166.182,1239.92,67.9411,89.8911,1244.31,82.9558,94.2567,1236.92,71.0417,52.4027,1249.51,85.4715,54.192,1235.98,62.1507,14.8397,1257.33,75.0639,15.8719,1277.48,99.6267,151.367,1298.71,107.94,140.472,1301.32,108.015,129.792,1280.35,99.9747,141.516,0,0,0
013070:1231.89,65.3026,160.696,1230.73,61.5022,162.705,1235.7,66.6306,163.436,1234.93,57.7861,156.364,1247.89,70.0693,158.649,1239.58,56.4946,134.242,1247.93,78.1716,145.015,1206.1,59.5892,124.827,1242.75,95.9292,154.163,1173.17,72.0205,126.805,1254.78,101.028,171.032,1240.56,68.205,91.0298,1243.52,83.0716,95.8332,1235.94,71.5279,53.5186,1247.61,86.196,55.3805,1241.12,64.2738,14.2823,1258.82,77.5385,16.0206,1271.79,100.197,153.15,1297.6,108.672,142.197,1303.07,108.519,131.815,1279.93,100.056,143.2,0,0,0
013071:1244.08,67.9679,157.163,1244.8,63.9965,158.778,1244.73,68.7504,160.53,1246.08,59.1616,152.893,1246.55,71.0082,157.834,1241.58,56.3928,132.036,1240.84,78.0234,145.543,1216.43,57.7914,120.657,1245,95.4305,153.896,1184.92,69.1397,119.484,1266.57,101.316,165.408,1242.81,68.1158,88.6525,1239.74,82.886,95.3902,1242.39,72.3563,51.005,1241.66,85.9873,56.7457,1238.23,62.9325,14.239,1247.18,74.9509,19.7239,1272.59,101.414,157.388,1295.31,110.13,145.357,1301.2,109.707,136.862,1278.78,100.787,144.623,0,0,0
013072:1238.99,64.0946,158.951,1238.92,60.3665,160.997,1242.39,65.6569,161.34,1240.87,57.0478,155.531,1243.92,69.2813,158.135,1232.36,55.79,137.369,1252.54,78.6307,143.773,1200.45,57.9723,130.688,1261.82,94.485,151.133,1167.75,70.4473,135.858,1262.34,97.4579,165.199,1243.38,68.6202,90.3931,1252.38,84.2786,92.5418,1235.96,72.1026,54.3785,1256.37,87.7239,51.7376,1239.13,64.5777,15.7968,1270.07,79.4463,9.39723,1277.71,102.518,160.814,1291.66,111.464,150.296,1302.11,110.379,142.224,1281.72,102.047,146.678,0,0,0
013073:1245.3,63.2294,158.011,1242.08,59.4298,160.325,1248.37,64.8355,161.109,1239.88,56.5809,154.798,1249.64,70.066,158.418,1243.38,56.0664,133.333,1237.18,78.7282,147.311,1213.33,58.5461,127.454,1230.43,95.1078,159.252,1170.42,71.4054,134.034,1254.93,98.9395,173.795,1244.33,67.5325,89.8748,1238,83.2898,96.735,1240.76,71.2114,52.2216,1243.51,86.5735,56.2354,1231.52,63.8987,16.6902,1244.95,77.0642,19.1521,1279.99,102.739,165.058,1290.17,112.273,153.676,1305.07,110.627,148.435,1281.23,102.224,150.99,0,0,0
013074:1212.11,61.2824,162.653,1213.27,58.1182,164.283,1220.08,62.9473,164.008,1228.12,56.5171,156.313,1241.5,67.8075,156.935,1239.11,55.3282,134.409,1256.46,78.9357,141.567,1203.47,57.9619,129.281,1254.11,95.3735,154.894,1159.27,71.8619,138.938,1259.93,98.5897,171.44,1241.74,68.3498,89.2029,1246.48,84.193,92.0951,1239.52,70.8016,52.411,1247.65,87.2695,52.9827,1254.4,67.1807,10.3507,1255.84,80.6839,12.8591,1279.57,102.639,169.852,1289.16,112.523,159.315,1306.38,111.215,152.069,1284.27,102.647,154.375,0,0,0
013075:1223.92,62.3863,162.54,1222.76,58.8092,164.375,1228.8,63.9164,165.116,1229.29,56.5597,156.283,1243.3,68.6386,158.817,1237.18,56.4779,132.802,1243.54,76.1266,144.121,1199.79,59.5334,131.355,1238.31,92.4406,158.457,1157.79,72.2031,139.472,1255.03,99.5187,175.24,1237.91,67.6436,88.9886,1237.37,81.4168,94.6268,1238.37,72.1921,51.8605,1239.31,85.7676,56.3464,1245.09,64.7268,13.8216,1246.44,77.0346,19.505,1277.27,102.698,174.199,1288.91,112.133,165.086,1306.22,111.399,157.495,1285.6,102.664,158.841,0,0,0
013076:1237.67,67.2888,158.666,1237.03,63.3717,160.355,1238.52,67.9239,161.82,1238.84,58.586,153.635,1244.53,69.5588,157.528,1242.99,55.6784,131.391,1237.81,75.9043,145.562,1213.45,57.5044,125.555,1233,93.2141,160.158,1173.62,69.7608,129.985,1260.24,100.086,175.888,1241.81,68.035,88.356,1236.08,82.1274,95.6806,1241.89,72.5889,50.4088,1237.3,86.1203,56.9886,1236.52,63.6472,14.2478,1240,76.3201,20.9353,1276.19,102.587,176.792,1292.18,112.011,169.777,1304.97,110.794,163.544,1286.71,102.68,162.464,0,0,0
013077:1238.31,64.9586,160.325,1237.24,61.1292,162.158,1238.45,65.7578,163.611,1237.9,56.8701,155.501,1240.45,67.8697,159.715,1245.77,54.9413,131.777,1230.24,74.8981,147.125,1221.06,56.189,122.067,1222.94,90.8834,157.579,1181.14,67.8712,128.403,1255.95,97.2373,171.652,1248.77,68.7105,87.5599,1234.96,82.2193,96.3091,1249.9,73.439,48.5699,1226.93,84.6847,59.1808,1239.48,65.8847,13.1169,1219.89,75.3026,25.1981,1276.17,102.678,179.643,1298.6,111.017,173.555,1298.88,109.152,170.435,1290.44,102.173,166.267,0,0,0
013078:1222.58,64.8946,163.183,1218.1,61.0662,165.609,1225.87,66.0368,166.053,1220.29,57.3392,158.548,1236.48,69.1117,160.844,1243.2,55.5539,131.493,1226.36,76.2097,148.498,1243.85,55.2678,115.831,1220.58,91.4186,160.56,1219.72,66.5448,113.761,1241.46,97.7725,176.385,1248.22,68.6348,86.8266,1237.35,82.6191,95.3784,1251.15,73.5811,47.9436,1233.36,85.1708,57.5059,1243.3,66.3234,12.1497,1226.54,75.0705,23.5128,1273.45,102.165,183.42,1302.11,110.519,176.439,1296.25,108.341,175.188,1288.04,100.544,172.693,0,0,0
013079:1235.03,63.0828,161.079,1233.76,58.9535,162.907,1236.38,64.4951,164.467,1236.17,55.1684,155.74,1241.11,68.5751,160.551,1246.65,54.3984,131.162,1231.57,75.8656,147.858,1238.51,55.2975,119.046,1228.05,90.991,158.367,1212.18,67.1434,122.618,1247.97,95.3879,173.002,1245,67.1243,88.9686,1235.04,81.9763,97.3384,1249.01,72.1677,49.7023,1237.63,86.3659,57.9122,1235.94,65.563,15.2208,1233.02,77.917,23.1472,1268.31,101.897,187.743,1287.37,111.701,184.756,1294.06,107.264,181.531,1280.5,98.57,180.764,0,0,0
013080:1238.91,62.9507,159.811,1236.7,59.0622,161.922,1239.01,64.3964,163.271,1236.92,55.5006,155.631,1240.3,68.7237,160.005,1247.11,54.1967,131.521,1229.17,76.2735,148.034,1235.86,54.1458,116.772,1215.21,91.5995,158.951,1216.01,64.3679,115.505,1236.03,95.502,175.581,1247.76,67.0951,89.9107,1237.22,82.3352,98.0362,1246.72,72.4479,51.8577,1241.93,87.6729,58.0335,1230.49,65.1431,18.5506,1235.39,79.6596,23.8254,1264.43,101.563,193.095,1318.22,108.555,185.107,1291.51,105.164,190.72,1234,101.734,199.812,1200.37,92.4708,264.688
013081:1240.26,64.654,158.788,1240,60.4297,160.447,1240.26,65.7755,162.478,1241.63,56.0746,153.387,1242.07,68.8611,159.282,1247.89,54.3105,128.647,1233.06,75.5484,146.795,1237.69,53.4403,112.331,1225.35,91.129,157.519,1217.44,62.4828,110.621,1239.41,96.6847,174.356,1247.44,67.7115,86.7451,1238.38,82.021,95.6554,1249.23,73.018,48.5178,1242.21,85.7361,56.369,1234.11,66.3085,15.1899,1237.95,76.925,22.3824,1260.58,101.229,198.433,1319.03,106.292,190.527,1285.82,102.736,199.178,1239.2,100.374,206.843,1199.98,92.4645,263.435
013082:1248.71,65.8784,155.881,1248.52,61.9614,157.428,1247.08,66.7344,159.539,1245.21,57.4024,150.814,1241.53,68.7236,156.716,1254.5,55.5249,126.157,1222.01,74.4874,146.04,1263.7,56.2451,112.584,1205.96,88.2698,161.567,1255.86,68.1544,114.94,1224.28,93.9119,179.294,1250.76,68.7931,85.0189,1232.99,82.1184,95.2666,1255.69,73.4537,47.2189,1235.09,86.3896,57.8742,1238.36,65.7925,15.1273,1230.38,77.9684,24.8517,1252.4,100.189,204.843,1273.15,94.4999,203.786,1279.75,100.687,208.856,1256.82,104.91,213.708,1199.19,92.452,260.929
013083:1237.68,64.0026,158.583,1235.1,59.7871,160.798,1237.65,65.4216,162.157,1234.95,55.3808,154.461,1240.21,68.9106,158.651,1242.61,53.7928,130.466,1234.95,74.8121,145.921,1226.46,54.0254,115.652,1226.2,90.9306,156.609,1207.35,63.6697,112.862,1234,97.5238,176.211,1240.37,66.9965,90.8289,1236.81,81.4784,97.9869,1245.57,72.3104,51.855,1249.2,87.1548,56.4307,1233.67,66.3953,17.377,1245.35,80.9375,21.4306,1246.46,99.4659,209.254,1274.92,92.785,208.439,1273.25,99.4836,215.714,1264.85,106.88,217.337,1198.61,92.4442,259.054
013084:1233.97,63.846,158.425,1232.69,59.8389,160.293,1235.79,65.3278,161.562,1235.68,55.6998,153.294,1243.13,68.7219,157.19,1245.08,53.792,129.464,1233.81,74.8984,145.678,1232.97,53.4162,117.02,1225.2,90.5076,158.767,1215.24,62.5155,117.902,1244.34,96.2627,178.57,1235.88,67.2368,90.5421,1228.64,81.7943,98.513,1249.13,72.1051,49.8582,1246.15,87.5174,56.1177,1242.11,67.3139,14.3357,1248.22,82.5718,19.9336,1244.85,98.6278,213.548,1271.89,91.2899,215.105,1269.07,98.1416,224.151,1266.13,107.26,224.027,1202.24,91.9905,256.645
013085:1232.26,64.4175,158.351,1230.66,60.6632,160.472,1235.01,65.8344,161.225,1234.42,56.581,153.772,1243.6,69.0439,156.443,1245.03,53.8343,129.567,1238.29,75.047,143.146,1228.08,53.3279,116.998,1232.18,89.6489,152.704,1197.38,63.3043,122.259,1243.16,94.9057,174.573,1238.87,66.5422,88.3493,1235.47,81.3087,94.7811,1242.43,70.2703,50.0459,1247.8,87.2839,53.6289,1237.52,65.1685,14.2808,1252.98,83.4219,16.711,1242.24,97.0509,218.331,1264.48,89.3915,222.624,1263.75,96.8832,231.535,1257.14,105.719,231.082,1201.67,91.9828,254.764
013086:1234.6,63.2301,158.078,1235.15,59.3998,159.878,1236.75,64.7865,161.267,1239.42,55.5455,153.642,1241.54,68.6283,157.955,1246.59,53.4679,130.638,1227.96,75.0566,146.395,1238.73,51.6504,116.287,1220.53,88.9745,154.123,1217.05,60.9321,120.384,1241.82,94.2793,170.477,1237.45,66.3469,90.2224,1226.94,81.2193,98.1326,1243.68,70.9325,51.3256,1237.29,87.7624,57.7421,1238.61,66.843,15.4258,1245.47,84.5403,20.0804,1236.16,95.7972,222.673,1251.67,88.8288,227.704,1252.57,95.6559,239.513,1244.47,105.31,235.694,1201.06,91.9718,252.877
013087:1234.91,62.0262,157.819,1234.77,58.3189,159.885,1236.05,63.7628,161.294,1239.55,54.989,153.727,1240.72,68.2116,158.156,1246.91,52.7976,130.222,1233.24,75.0617,145.613,1230.25,51.1177,116.538,1228.37,89.9191,153.99,1196.48,61.1623,120.676,1242.69,95.6903,172.547,1241.76,65.1615,88.5199,1234.02,80.5967,96.0017,1243.39,69.2054,50.8005,1243.56,87.7916,55.7085,1236.16,65.087,15.5328,1251.19,84.8755,18.0204,1231.27,94.6544,225.027,1241.22,87.7486,231.944,1239.38,95.1382,245.022,1235.14,104.512,237.096,1204.74,91.5193,250.453
013088:1236.32,61.9204,156.931,1238.28,58.6113,158.414,1235.62,63.3165,160.393,1243.15,55.442,151.958,1235.95,66.9361,157.504,1247.1,53.1864,129.904,1227.37,73.5405,145.426,1237.01,53.3887,119.543,1224.26,88.1188,155.358,1206.22,65.0083,127.664,1242.49,94.5878,172.776,1242.61,65.8865,87.8986,1230.86,80.2886,95.9697,1241.25,69.6656,51.3404,1239.7,87.2372,56.5057,1232.33,65.5855,17.3771,1252.36,85.1247,18.432,1220.56,94.0767,226.987,1227.43,86.4782,236.138,1226.87,94.81,249.023,1220.88,102.562,240.054,1203.95,91.5069,247.935
013089:1250.47,65.1858,154.601,1256.26,62.9737,155.777,1243.22,65.6065,158.257,1261.93,59.9464,150.401,1206.34,61.9565,160.549,1289.48,60.9673,127.137,1177.21,63.095,150.91,1335.99,67.3275,113.579,1139.08,70.4826,160.626,1337.96,77.1292,121.257,1146.04,76.1468,172.505,1268.15,71.3709,85.8366,1194.55,72.8303,103.501,1290.51,80.1961,41.9665,1194.44,78.2243,65.9516,1293.18,78.6228,3.36247,1194.72,76.6907,30.8374,1206.77,94.5344,225.24,1217.04,84.5307,237.846,1222.5,92.1726,248.937,1205.86,101.788,240.84,1207.61,91.0487,245.486
013090:1237.87,63.1633,156.043,1238.62,59.0392,157.279,1238.52,64.5503,158.679,1241.58,55.708,150.536,1237.47,67.29,156.118,1244.72,54.5074,129.122,1233.25,75.4849,145.191,1233.55,56.3604,107.67,1217.83,89.7359,161.71,1214.79,63.4426,93.5991,1196.87,95.2017,184.211,1245.89,68.0315,88.8736,1241.04,82.4848,94.8705,1239.81,70.1653,51.9067,1242.9,87.8655,54.0301,1244.04,65.6234,13.4259,1251.74,87.2282,15.7751,1212.3,96.294,219.825,1227.97,89.6123,223.573,1225.84,95.4958,233.917,1206.05,102.533,231.348,1202.96,90.1635,244.131
013091:1233.54,62.3241,156.823,1238.62,59.0392,157.279,1238.52,64.5503,158.679,1241.58,55.708,150.536,1237.26,67.2844,155.465,1244.72,54.5074,129.122,1233.25,75.4849,145.191,1238.03,55.8033,106.73,1213.64,88.8437,162.461,1219.38,62.9067,93.2827,1193.18,94.3163,186.16,1245.89,68.0315,88.8736,1241.04,82.4848,94.8705,1239.64,70.1671,51.2388,1247.32,88.7861,52.9709,1244.08,65.633,13.4249,1251.56,87.2311,15.099,1200.31,93.6119,222.847,1203,85.6678,227.73,1200.97,91.4771,237.894,1193.96,99.815,233.62,1190.62,86.2319,244.448
013092:1233.36,62.3241,156.172,1238.45,59.0392,156.626,1238.34,64.5503,158.026,1241.58,55.708,150.536,1237.29,67.2901,155.466,1244.72,54.5074,129.122,1233.25,75.4849,145.191,1238.24,55.8094,107.389,1213.64,88.8437,162.461,1228.3,61.8365,91.3278,1192.98,94.3109,185.523,1250.46,67.4997,87.8711,1245.61,81.9928,93.8838,1244.01,69.6324,49.4612,1246.94,88.7817,51.63,1243.87,65.6258,12.75,1247.11,87.7241,16.996,1195.83,92.7186,222.167,1198.5,84.7923,227.04,1188.45,90.167,238.922,1189.7,98.9135,233.537,1170.4,81.973,245.834
013093:1233.15,62.3185,155.521,1238.23,59.0336,155.973,1233.8,63.7023,158.15,1241.37,55.7024,149.882,1241.55,66.759,154,1244.72,54.5074,129.122,1237.34,74.9755,143.043,1237.86,55.8041,106.07,1213.26,88.8383,161.174,1223.46,62.3716,90.9946,1192.59,94.3054,184.257,1245.68,68.0251,88.2087,1245.4,81.9865,93.2183,1244.01,69.6324,49.4612,1242.52,87.8611,52.6926,1243.87,65.6258,12.75,1247.07,87.7143,16.9927,1178.62,91.8354,222.051,1181.05,83.9793,226.251,1179.08,89.7211,236.285,1180.52,98.4297,231.546,1155.39,77.3553,249.101
013094:1232.97,62.3186,154.869,1238.23,59.0336,155.973,1233.8,63.7023,158.15,1245.68,55.1454,148.399,1241.16,66.7535,152.691,1244.44,53.1131,127.782,1237.34,74.9755,143.043,1237.76,54.4092,105.386,1208.91,87.9506,161.286,1223.46,62.3716,90.9946,1188.19,93.4183,183.682,1241.09,67.1625,88.5122,1245.22,81.9878,92.5557,1244.01,69.6324,49.4612,1242.52,87.8611,52.6926,1243.87,65.6258,12.75,1251.74,87.2282,15.7751,1177.65,91.8189,218.931,1167.68,84.0267,224.29,1169.63,89.2786,233.058,1175.21,97.5243,227.748,1140.7,74.1049,252.939
013429:133.76,-196.666,-2.41453
