005886:1023.46,-44.2118,147.896,1027.93,-45.565,150.559,1023.25,-40.8597,150.982,1040.54,-44.9123,146.366,1028.89,-33.2034,147.655,1048.98,-44.4127,125.707,1025.53,-27.237,129.68,1053.2,-55.0425,104.11,1003.35,-21.3347,102.412,1041.11,-74.5698,104.287,1000.88,-35.2746,90.6641,1037.47,-47.3308,78.0512,1036.38,-20.2013,81.1995,1020.54,-55.6536,54.2745,1029.4,-22.4806,48.7385,1038.16,-63.647,13.6167,1035.37,-2.58724,8.88654,977.013,-75.7564,89.9326,958.348,-86.361,84.557,968.807,-100.69,90.0995,967.393,-87.1935,98.3658,0,0,0
005887:1025.35,-44.7813,147.648,1027.68,-46.4306,150.45,1025.53,-41.3191,150.782,1033.07,-46.9806,147.363,1026.33,-34.2717,148.714,1044.92,-47.5506,126.432,1016.72,-27.996,131.253,1056.93,-55.8782,102.627,1001.16,-22.5175,103.711,1043.79,-75.6788,102.69,979.577,-38.8037,94.0357,1025.53,-48.8739,83.7128,1033.65,-20.6269,81.42,1049.08,-61.3953,45.701,1035.95,-19.4831,45.9575,1051.53,-61.0626,9.74635,1052.55,0.425913,3.6504,976.09,-78.6209,90.9416,969.907,-89.2068,82.4396,971.418,-102.311,88.6629,972.183,-89.737,98.6271,0,0,0
005888:1025.26,-45.3565,147.239,1028.55,-46.9068,150.042,1025.69,-41.9548,150.191,1039.68,-46.7919,145.834,1031.63,-34.4639,146.607,1040.6,-49.0067,125.804,1018.46,-28.7827,130.63,1053.93,-56.152,102.549,1008.09,-24.2909,102.543,1037.38,-75.9366,104.034,986.484,-39.7604,93.9135,1024.8,-48.7148,83.9006,1012.25,-24.3277,85.5768,1039.2,-62.8324,48.5317,1016.76,-22.63,51.5181,1027.68,-63.1627,16.803,1036.06,-2.50932,9.76883,971.297,-81.5937,93.7071,973.628,-91.1431,83.7739,966.874,-102.893,93.1582,984.112,-92.6351,97.5816,0,0,0
005889:1024.82,-46.8938,146.966,1027.98,-48.5215,149.928,1025.22,-43.2141,150.016,1039.61,-48.0588,145.909,1029.3,-35.0887,146.989,1037.68,-48.8104,126.496,1020.43,-29.6039,130.144,1055.52,-57.349,102.367,1009.63,-26.3564,100.654,1032.78,-78.0077,102.812,991.97,-41.7741,92.5157,1024.8,-48.7148,83.9006,1032.1,-21.1914,82.9696,1027.68,-63.0863,51.4411,1039,-18.4069,44.2802,1026.25,-64.285,21.3172,1035.79,-3.2341,13.092,974.082,-82.453,94.7296,975.945,-94.7868,84.7998,972.616,-105.078,97.8623,980.233,-93.153,101.403,0,0,0
005890:1028.92,-48.549,146.471,1031.76,-49.796,149.494,1027.55,-44.8859,149.843,1040.87,-48.689,145.966,1028.59,-36.153,147.448,1040.26,-49.7466,126.627,1019.69,-30.2784,130.475,1051.92,-59.1192,103.984,999.699,-28.4905,103.226,1033.22,-78.9285,103.44,983.891,-43.2975,95.4059,1035.66,-51.4531,82.2208,1027.99,-22.6843,84.5225,1039.75,-62.7334,47.7746,1017.33,-21.9709,50.6144,1032.06,-64.4558,15.453,1036.34,-3.07028,11.3823,973.707,-84.4919,96.9579,967.073,-95.9044,91.1816,979.398,-107.487,99.2313,980.623,-95.5218,105.365,0,0,0
005891:1027.07,-48.2643,147.233,1028.97,-49.8299,150.38,1026.89,-44.4834,150.245,1036,-49.5336,146.956,1030.42,-36.1915,146.926,1043.28,-50.8102,126.1,1017.5,-30.689,130.623,1049.67,-59.8866,105.129,1002.56,-29.0781,102.522,1034.54,-79.2612,102.839,985.459,-44.874,95.1384,1033.6,-51.4784,82.7449,1048.95,-28.3704,76.6181,1041.15,-64.2499,47.695,1012.17,-22.5552,52.2043,1037.62,-64.2687,14.179,1034.41,-3.40667,11.9504,980.402,-86.039,96.9642,970.391,-98.6394,92.022,974.858,-108.408,102.829,992.187,-97.0192,106.802,0,0,0
005892:1028.27,-49.2691,146.396,1030,-50.8377,149.544,1028.23,-45.6183,149.448,1036.11,-50.505,146.397,1029.91,-37.4047,146.797,1044.32,-51.0454,125.707,1016.99,-31.4261,130.54,1050.79,-60.1395,104.755,998.499,-28.0121,106.861,1037.01,-79.8418,102.271,982.695,-46.3286,95.9702,1028.35,-52.2214,84.0774,1025.26,-23.6058,83.8021,1044.91,-64.4842,46.816,1010.16,-22.8755,52.5308,1040.34,-64.1802,13.3705,1036.99,-2.9461,10.9463,982.828,-87.717,97.4647,985.484,-102.84,92.1545,988.154,-111.338,103.669,990.656,-97.6336,109.356,0,0,0
005893:1028.2,-50.3466,146.157,1030.18,-52.1187,149.298,1027.46,-46.6324,149.533,1037.14,-51.7108,145.968,1028.47,-38.0743,147.244,1044.83,-52.451,125.458,1017.32,-31.5117,130.207,1046.02,-62.5807,105.241,1008.41,-31.552,100.815,1041.01,-80.8051,101.047,985.246,-47.258,95.9796,1027.32,-53.4244,84.1682,1029.05,-24.3407,83.1061,1044.54,-65.09,46.8624,1013.97,-23.0577,51.613,1043.41,-63.783,12.7848,1037.4,-3.15938,11.0457,989.906,-90.8135,97.4288,985.698,-105.225,95.8579,985.278,-112.865,108.245,998.406,-99.5182,108.668,0,0,0
005894:1026.11,-49.965,146.068,1028.48,-51.7594,149.193,1025.6,-46.2428,149.322,1037.06,-52.0125,145.908,1027.93,-38.4024,146.855,1045.09,-52.9492,125.092,1021.96,-32.4538,129.364,1043.39,-62.4369,105.664,1007.48,-32.2152,100.776,1039.34,-80.4609,100.82,977.14,-48.7452,98.5246,1067.02,-49.1623,72.9993,1027.88,-25.0518,83.0692,1050.17,-65.3478,45.7516,1006.01,-26.5019,54.2706,1049.64,-62.9666,11.1038,1033.47,-4.94594,12.4112,985.298,-92.5977,101.705,987.209,-106.291,98.3844,989.357,-114.844,111.03,991.696,-98.7645,112.835,0,0,0
005895:1027.48,-51.0148,146.022,1030.06,-52.3692,149.08,1026.59,-47.3118,149.354,1039.01,-51.9731,145.555,1029.28,-39.3936,146.654,1045.57,-53.0629,124.83,1026.13,-33.2943,128.629,1047.86,-64.7437,104.344,1009.31,-32.9925,100.67,1059.22,-85.0207,97.6936,996.41,-47.46,94.5739,1033.66,-55.7314,82.7576,1024,-25.6748,84.057,1041.53,-65.6799,46.6266,1017.8,-26.7012,50.1696,1047,-63.2975,11.3186,1048.84,-5.36967,9.0422,992.607,-93.3767,102.814,979.045,-107.988,103.002,995.706,-117.749,112.594,984.384,-97.3128,116.671,0,0,0
005896:1026.29,-51.2893,146.038,1030.19,-52.6171,148.779,1025.49,-47.7055,149.32,1043.63,-52.5659,144.34,1029.44,-39.6843,146.549,1045.46,-54.3189,124.645,1024.26,-32.9235,128.866,1048.94,-65.3078,105.239,1005.53,-33.8609,101.942,1042.88,-82.9424,101.093,997.912,-47.5149,94.6837,1027.89,-56.7995,84.3902,1033.13,-27.4545,82.4103,1046.54,-66.0778,44.8485,1020.28,-28.1983,49.9808,1045.64,-63.7488,11.791,1071.25,-1.83261,2.98637,997.929,-94.7895,104.545,985.382,-110.066,103.725,987.671,-116.644,116.052,987.417,-98.5496,117.417,0,0,0
005897:1023.9,-51.8963,146.004,1029.7,-53.4387,148.466,1023.5,-48.67,149.201,1046.59,-52.8029,143.443,1028.04,-41.1885,146.44,1035.69,-56.1258,125.637,1031.34,-34.8032,127.18,1043.72,-67.3953,103.119,1009.89,-34.7602,101.003,1049.98,-84.614,99.6833,995.111,-50.3067,96.608,1034.2,-58.6126,83.57,1033.11,-28.8225,83.0243,1025.24,-67.4045,49.2749,1040.19,-25.0303,44.4781,1055.87,-62.7103,9.92263,1071.25,-1.83261,2.98637,992.943,-95.4055,107.773,991.319,-111.44,104.946,991.403,-117.473,117.407,999.817,-101.511,117.372,0,0,0
005898:1024.71,-52.8807,146.602,1031.75,-54.329,148.872,1022.81,-49.51,150.041,1049.31,-53.4756,143.477,1025.27,-41.4022,147.425,1039.46,-56.9317,125.081,1026.66,-35.0911,128.448,1049.34,-68.6975,101.274,999.506,-37.1661,103.685,1052.96,-87.0817,98.8351,1008.15,-49.976,93.4365,1035.09,-59.29,83.3106,1054.11,-33.0837,77.0081,1044.64,-65.3552,45.3863,1040.19,-25.0303,44.4781,1046.43,-63.9267,11.9075,1071.45,-1.82396,3.6499,994.924,-96.3839,108.753,995.067,-112.26,106.194,998.3,-119.162,118.061,1008.01,-103.487,121.224,0,0,0
005899:1019.36,-53.6751,147.591,1025.16,-55.0761,149.949,1018.44,-50.0539,150.933,1044.19,-55.1577,144.131,1025.16,-42.0134,147.409,1043.14,-58.1106,125.086,1024.59,-35.1201,128.369,1048.89,-68.3664,104.414,1003.21,-37.9197,103.327,1042.74,-84.1766,101.545,1013.88,-52.3105,92.3233,1028.85,-58.0073,83.54,1032.5,-29.1782,82.9431,1050.05,-68.0588,43.0631,1020.05,-29.8453,50.1521,1046.41,-63.9255,11.7801,1067.43,-1.11187,4.85337,995.525,-97.5326,110.721,1000.13,-113.734,107.116,1006.31,-121.152,118.383,988.575,-103.655,126.234,0,0,0
005900:1024.73,-55.1784,146.122,1030.73,-56.4171,148.518,1024.31,-51.6557,149.172,1045.18,-55.4679,143.982,1029.25,-42.9677,145.99,1040.44,-57.9723,125.391,1025.2,-37.7477,128.755,1046.54,-68.4455,102.699,1002.54,-39.3759,104.73,1050.79,-86.4856,100.472,1009.62,-55.0501,94.4307,1031.13,-59.828,84.3125,1060.36,-35.3757,74.0711,1046.84,-66.5557,42.6168,1015.59,-32.4352,51.8404,1047.05,-63.8222,10.9906,1063.5,-1.7836,5.9608,995.911,-98.3254,113.065,998.105,-113.969,109.111,1010.58,-121.192,120.38,1002.07,-104.966,125.36,0,0,0
005901:1022.48,-55.0365,146.77,1029.52,-56.5488,148.893,1022.67,-51.6097,149.622,1046.64,-56.4755,143.871,1030.16,-43.8623,146.059,1044.68,-59.3008,124.998,1028.41,-38.4218,127.82,1049.65,-69.5286,102.739,995.706,-39.0417,108.292,1046.28,-86.3203,100.861,1021.93,-54.9165,92.043,1026.11,-58.8522,83.6793,1029.05,-29.9419,82.6358,1058.04,-65.842,40.1492,1001.49,-35.4491,56.1196,1065.6,-61.4135,6.54564,1058.14,0.352306,4.63674,998.03,-99.3009,114.473,998.744,-113.95,111.363,1008.79,-121.032,124.183,1009.11,-106.614,126.182,0,0,0
005902:1021.5,-55.7344,146.766,1027.35,-57.3083,149.14,1021.77,-52.1653,149.637,1042.24,-57.4455,144.268,1029.41,-44.2567,145.76,1046.13,-59.6656,124.065,1029.02,-39.0439,126.482,1053.99,-71.004,100.93,997.564,-41.2002,106.495,1045.86,-89.7045,100.906,1019.56,-57.0968,92.786,1044.4,-63.8675,79.1718,1031.99,-32.4196,81.6473,1047.75,-67.7483,44.2855,1017.25,-33.781,51.5416,1047.44,-64.0453,10.9801,1069.19,-2.30057,6.91772,994.263,-99.7367,116.09,1002.05,-115.224,113.07,1014.48,-120.556,126.202,1024.79,-104.613,124.608,0,0,0
005903:1021.51,-56.4155,146.868,1026.75,-58.2252,149.403,1022.45,-52.7675,149.642,1041.51,-58.527,144.532,1030.79,-44.7649,145.616,1050.12,-60.5305,123.361,1029.14,-39.4835,126.562,1064.51,-73.3609,98.893,996.044,-41.6964,106.998,1055,-92.2553,99.8582,1000.01,-60.6151,98.363,1045.11,-64.0374,78.8531,1043.3,-34.7188,78.8623,1062.88,-66.2356,38.5898,1004.38,-38.1322,54.1834,1074.88,-60.4635,3.57254,1071.88,-3.2002,4.81967,995.966,-100.354,117.019,1002.88,-115.941,114.048,1016.46,-120.39,127.039,1006.63,-104.161,127.581,0,0,0
005904:1023.51,-56.9208,146.645,1027.96,-58.699,149.249,1024.39,-53.3802,149.498,1039.54,-59.271,144.998,1031.67,-45.6301,145.819,1050.5,-60.6214,123.049,1026.61,-40.698,128.181,1058.73,-72.4467,100.842,994.449,-41.7271,107.957,1041.84,-90.7936,103.634,980.148,-63.601,102.737,1042.85,-63.533,79.4282,1041.77,-34.4137,79.2186,1045.81,-68.4653,43.5716,1016.37,-35.7507,50.6355,1045.51,-64.311,11.9503,1060.66,-2.28955,7.16512,993.476,-102.211,118.975,1008.68,-117.359,114.524,1015.22,-120.535,128.791,1002.29,-102.325,130.245,0,0,0
005905:1028.12,-57.6324,145.857,1030.82,-59.336,148.783,1030.22,-53.9088,148.533,1034.88,-60.4744,146.175,1033.16,-46.5082,146.116,1052.21,-61.0049,122.542,1031.57,-40.955,127.634,1061.11,-74.6641,101.388,993.498,-43.641,107.617,1054.94,-93.9509,100.735,983.852,-65.9744,104.006,1041.53,-63.7112,79.8673,1041.56,-35.28,79.9864,1039.58,-70.1468,44.8297,1034.25,-32.125,44.0013,1053.45,-63.2663,9.5556,1060.69,-2.28782,7.2968,995.562,-102.025,120.391,1011.11,-117.92,114.948,1015.65,-120.527,130.402,1007.88,-102.891,128.976,0,0,0
005906:1026.23,-59.4515,146.049,1029.21,-60.8194,148.964,1027.12,-55.8108,148.795,1038.86,-60.6983,145.034,1033.03,-47.5681,145.037,1044.39,-63.1184,124.733,1027.41,-42.5076,127.117,1059.74,-75.2417,101.438,996.174,-45.0551,106.963,1050.38,-93.2896,101.849,975.174,-67.6652,106.156,1039.08,-63.2101,79.6386,1047.82,-37.0318,78.3911,1042.22,-68.8996,43.6301,1011.95,-35.3117,50.1485,1044.36,-64.4589,12.0929,1062.18,-2.87908,7.13839,1001.74,-102.937,120.223,1013.47,-119.289,116.175,1021.25,-121.595,130.871,1012.39,-104.793,129.673,0,0,0
005907:1025.36,-59.6574,146.459,1029.87,-61.1711,148.956,1025.77,-56.0901,149.299,1041.81,-61.3543,144.213,1031.71,-48.2709,145.356,1041.78,-64.2725,125.168,1028.65,-43.1498,126.846,1062.49,-75.9076,100.316,994.14,-45.8712,107.249,1049.1,-94.7528,101.829,975.832,-69.8747,106.25,1034,-63.9106,81.8183,1043.48,-37.6309,78.0607,1044.91,-70.2489,43.7098,1011.41,-35.9426,50.75,1042.5,-64.4409,12.8992,1065.39,-3.75229,6.89897,1003.14,-103.208,121.251,1010.96,-119.586,119.693,1026.08,-121.563,131.392,1017.09,-107.072,129.989,0,0,0
005908:1028.46,-61.6364,145.613,1030.9,-62.4997,148.508,1029.42,-58.2144,148.413,1038.84,-61.5328,144.95,1034.13,-50.1847,145.155,1036.32,-64.297,126.9,1029.71,-44.1994,127.611,1050.92,-76.2826,103.483,984.526,-44.5305,110.488,1050.72,-95.561,101.817,988.82,-72.5153,103.632,1032.62,-64.0862,81.9306,1035.84,-38.4795,79.0549,1044.84,-71.6889,42.9356,1021.52,-36.767,47.2477,1052.44,-63.1528,10.493,1065.39,-3.75229,6.89897,1015.15,-106.253,119.145,1012.71,-119.858,121.888,1026.93,-121.112,132.336,1017.81,-105.449,130.737,0,0,0
005909:1026.71,-61.837,146.264,1030.25,-62.7364,148.961,1026.49,-58.2915,149.353,1040.24,-61.7518,145.093,1029.25,-49.9321,146.606,1034.55,-64.7215,127.72,1025.04,-44.6992,128.759,1049.26,-77.5363,105.196,1003.47,-49.9733,105.524,1051.42,-95.6438,102.715,988.871,-72.5152,103.83,1025.13,-62.4104,83.6859,1028.34,-39.6631,82.4958,1044.14,-71.5331,43.3619,1023.23,-38.3805,46.7573,1052.82,-65.2749,10.0865,1051.31,-6.37834,9.80051,1016.23,-106.166,120.058,1011.73,-120.737,122.511,1025.94,-120.82,132.993,1028.96,-107.497,131.032,0,0,0
005910:1024.96,-61.898,147.046,1029.36,-63.3119,149.514,1024.99,-58.4438,150.101,1043.26,-63.392,144.426,1029.14,-50.8912,146.786,1041.1,-66.2561,125.503,1019.64,-46.5933,130.079,1051.67,-78.6371,103.147,1001.23,-50.3067,106.279,1057.66,-98.7898,103.119,981.43,-73.5472,107.546,1032.68,-64.0862,82.1545,1032.85,-40.5951,81.4824,1052.91,-71.4019,40.653,1019.18,-41.3491,46.3272,1051.17,-66.2821,9.63977,1035.97,-9.50397,13.4109,1021.62,-107.197,119.65,1010.24,-120.887,123.344,1032.88,-122.559,132.754,1032.62,-108.337,131.555,0,0,0
005911:1028.27,-64.29,146.788,1031.52,-65.3162,149.405,1026.94,-60.5363,149.9,1041.15,-64.5198,145.253,1027.32,-52.3264,147.167,1048.38,-67.8434,124.601,1020.75,-46.2177,129.338,1056.64,-80.1706,102.724,1003.36,-50.7776,105.759,1053.05,-98.5001,104.713,983.09,-73.566,106.511,1031.31,-63.7477,82.9088,1032.85,-40.5951,81.4824,1047.19,-72.442,42.6193,1026.19,-40.2919,44.1825,1051.68,-65.1319,9.5518,1050.07,-7.15426,10.4564,1021.69,-107.196,119.927,1015.74,-120.347,121.218,1042.19,-123.336,133.389,1029.22,-107.87,131.049,0,0,0
005912:1027.72,-64.1933,146.612,1030.63,-65.5923,149.171,1028.79,-60.6345,149.353,1038.68,-65.573,145.17,1030.93,-52.5191,146.455,1045.81,-67.3065,124.613,1023.71,-46.6902,129.054,1055.56,-80.7778,103.163,984.687,-47.7869,111.858,1056.86,-101.055,105.738,974.815,-77.7251,109.688,1032.13,-63.9113,82.9719,1028.75,-41.1803,81.8152,1044.56,-73.1931,42.9791,1026.03,-40.2276,46.9608,1051.61,-64.3259,9.63365,1060.6,-9.32903,9.1576,1023.35,-107.838,120.677,1012.34,-121.518,125.672,1041.45,-123.783,132.772,1030.19,-108.96,131.16,0,0,0
005913:1028.02,-64.8316,146.909,1030.54,-66.2038,149.571,1030.06,-61.0259,149.404,1034.84,-66.5397,146.487,1031.46,-53.0187,146.831,1044.85,-67.5094,124.965,1027.77,-47.2342,128.409,1055.94,-79.6709,104.629,996.151,-53.6893,109.034,1051.44,-100.225,106.149,991.395,-75.8676,106.169,1030.81,-64.0866,83.3067,1031.02,-41.6472,81.3712,1038.96,-74.6381,44.3955,1033.66,-38.9143,42.3899,1051.65,-64.2919,8.68986,1062.71,-10.6974,9.76366,1018.06,-108.783,122.349,1020.06,-121.631,126.739,1044.21,-123.55,133.108,1035.34,-109.267,131.796,0,0,0
005914:1025.85,-66.0055,146.928,1028.89,-66.9544,149.484,1026,-62.376,149.8,1037.31,-66.0208,145.371,1028.46,-53.9931,146.595,1042.3,-67.3461,125.751,1026.96,-49.0851,128.193,1053.12,-82.3234,104.636,986.779,-55.3049,111.645,1058.49,-101.466,105.262,988.24,-77.5741,107.701,1027.29,-66.1341,83.962,1024.56,-42.6159,83.256,1040.58,-73.5591,44.1074,1023.07,-42.8892,44.4776,1041.88,-65.5703,11.6001,1065.98,-13.2849,10.4272,1014.34,-109.188,124.349,1022.29,-122.21,126.434,1037.79,-124.154,135.69,1031.59,-109.677,134.104,0,0,0
005915:1027.51,-65.9436,147.3,1029.04,-67.3932,150.001,1028.07,-62.3455,150.116,1031.25,-68.0999,146.944,1027.63,-54.9674,147.899,1048.95,-68.8587,124.154,1029.18,-48.7816,128.679,1057.6,-84.1555,104.931,993.783,-56.0843,109.295,1060.73,-104.578,105.664,1000.51,-80.4316,106.142,1024.84,-66.4793,85.2959,1007.87,-45.5965,86.8102,1034.98,-76.018,47.089,1034.17,-42.3722,42.8262,1039.57,-65.8935,13.0023,1054.43,-15.2116,14.5452,1014.41,-109.187,124.624,1021.35,-122.286,126.115,1038.72,-124.076,135.836,1033.73,-109.806,131.217,0,0,0
005916:1023.51,-66.8506,147.954,1027.8,-68.1964,150.161,1022.21,-63.2272,151.145,1036.37,-67.4569,145.805,1024.28,-55.4458,148.073,1043.73,-68.0969,125.457,1022.69,-50.6632,130.325,1054.19,-83.8336,107.734,984.164,-53.3048,114.166,1058.39,-104.076,105.239,997.769,-83.0992,107.333,1020.98,-66.9953,86.5105,1043.75,-51.4172,78.1518,997.157,-65.6775,55.9856,1021.29,-48.248,45.6694,1047.54,-64.8209,9.64755,1054.43,-15.2116,14.5452,1014.66,-109.181,125.546,1022.49,-122.575,126.055,1039.68,-123.997,136.122,1030.91,-109.754,134.71,0,0,0
005917:1029.17,-68.0057,145.696,1031.01,-69.5051,148.655,1029.54,-64.1004,148.655,1030.03,-69.3885,146.946,1027.97,-56.0964,147.299,1046.51,-68.7391,124.695,1027.17,-50.5893,129.161,1057.59,-84.2071,104.271,982.887,-58.1581,112.275,1065.04,-105.679,104.236,1002.02,-83.3365,105.693,1033.54,-69.8553,83.5937,1015.78,-44.9601,85.0576,1034.7,-76.9844,46.1875,1045.49,-47.2144,39.8467,1040.11,-65.8167,12.6187,1054.32,-16.8923,14.7162,1015.9,-109.46,125.899,1020.11,-122.801,126.888,1037.44,-124.593,136.517,1035.53,-110.889,134.484,0,0,0
005918:1027.8,-68.3412,146.92,1029.76,-69.7902,149.838,1029.78,-64.3358,149.467,1032.91,-70.1155,146.852,1030.77,-56.5182,146.848,1050.07,-70.4237,123.587,1028.1,-51.8055,128.371,1058.7,-85.2636,105.067,981.958,-56.2273,113.186,1065.41,-105.789,103.872,1002.02,-83.3365,105.693,1040.07,-72.4325,80.2018,1023.74,-46.1807,83.2938,1051.94,-74.3518,41.9107,1025.52,-50.3424,45.4357,1076.68,-61.052,2.363,1041.26,-22.1111,20.6328,1017.04,-109.739,125.839,1019.52,-122.873,127.95,1039.94,-124.367,135.971,1038.67,-111.375,134.143,0,0,0
005919:1028.9,-69.1324,147.341,1031.46,-70.3815,150.239,1030.9,-65.0629,149.803,1033.57,-69.7698,147.84,1030.79,-56.8053,147.464,1040.01,-69.4177,125.851,1025.33,-53.1154,129.447,1045.08,-82.1,107.648,996.184,-60.6987,110.153,1023.14,-97.5008,112.945,1009.01,-85.0648,103.644,1029.82,-72.4122,83.1138,1031.92,-47.9235,81.3399,1037.26,-78.5008,43.6694,1035.38,-50.2335,41.1215,1057.67,-66.5747,9.46939,1045.73,-21.1598,13.3699,1017.15,-112.088,126.16,1022.9,-123.745,127.679,1043.7,-124.056,136.739,1038.6,-111.38,133.995,0,0,0
005920:1026.43,-69.4412,147.446,1030.01,-70.7372,150.027,1026.66,-65.5265,150.338,1036.85,-70.5833,146.778,1026.65,-57.6057,148.387,1040.44,-70.3845,125.577,1030.44,-53.9433,129.069,1044.71,-83.6496,109.31,994.779,-60.3772,110.493,1034.31,-100.715,110.61,1002.1,-85.9001,105.59,1028.48,-72.0681,83.9624,1028.96,-48.6495,83.0437,1018.21,-73.4037,50.7938,1034.15,-50.4179,41.7515,1045.14,-65.4911,13.9651,1044.58,-23.4769,19.0901,1021.52,-113.225,125.31,1025.56,-124.691,127.828,1039.65,-124.433,138.204,1039.68,-113.669,134.564,0,0,0
005921:1026.02,-69.4011,147.2,1029.92,-70.7538,150.052,1025.58,-64.9934,150.252,1040.35,-71.6146,146.973,1028.36,-57.3654,148.073,1049.73,-73.2612,124.924,1023.3,-53.1821,130.782,1031.29,-82.982,113.296,994.682,-61.9704,111.484,999.638,-93.3754,117.91,1035.08,-81.496,100.659,1026.54,-72.0657,84.9292,1033.46,-49.6073,82.0344,1022.5,-76.3686,50.3803,1027.06,-51.4256,43.711,1046.51,-64.7925,14.3175,1051.56,-24.8402,17.0353,1020.71,-113.306,125.495,1024.05,-124.839,128.752,1046.73,-128.153,136.27,1032.83,-111.952,135.275,0,0,0
005922:1025.44,-71.0782,148.251,1029.75,-72.4537,150.773,1026.55,-67.0247,151.056,1040.8,-72.3313,146.49,1029.62,-59.1265,148.223,1043.68,-73.2513,125.37,1028.25,-55.8004,129.309,1074.47,-86.6341,102.819,990.302,-62.5953,113.166,1062.17,-109.68,106.949,1000.7,-85.5544,105.933,1026.54,-72.0657,84.9292,1055.64,-54.4654,75.0569,1027.76,-75.4285,47.6764,1026.74,-52.5443,43.8995,1055.88,-66.0155,10.9627,1044.14,-27.476,14.4461,1020.71,-113.306,125.495,1026.36,-126.601,128.781,1047.7,-127.261,135.321,1028.31,-110.818,135.864,0,0,0
005923:1027.95,-71.7259,147.74,1031.97,-73.1442,150.322,1029.03,-67.5934,150.559,1041.05,-73.1466,146.418,1030.57,-59.5788,147.993,1045.23,-74.0338,125.1,1027.11,-56.2184,129.535,1056.44,-88.9464,108.001,988.312,-64.1742,114.321,1055.51,-109.664,109.895,995.397,-84.1662,108.273,1022.85,-71.219,85.7327,1032.78,-50.4637,81.0177,1033.07,-77.4713,45.992,1025.59,-52.9821,44.497,1054.17,-66.4955,10.9438,1060.02,-26.5302,13.9748,1013.25,-114.835,127.588,1026.39,-126.601,128.92,1048.44,-127.188,134.716,1035.67,-112.828,133.04,0,0,0
005924:1025.37,-72.8006,148.445,1030.27,-74.4167,150.897,1023.75,-68.8994,152.062,1048.61,-74.6001,144.373,1030.5,-61.0191,148.053,1049,-75.7183,124.991,1020.02,-57.3774,131.637,1037.32,-86.1073,112.577,983.791,-61.9518,114.27,1014.39,-100.264,117.724,987.502,-85.1381,110.53,1027.36,-72.2694,84.5408,1038.5,-52.2819,78.0529,1026.08,-73.3462,46.8934,1013.33,-56.7766,46.0316,1057.64,-65.9975,8.24931,1059.98,-26.532,13.8438,1016.65,-115.684,127.413,1025.51,-126.677,128.917,1045.29,-127.477,136.206,1025.43,-111.888,136.078,0,0,0
005925:1023.93,-73.5221,148.598,1028.84,-74.7783,151.061,1022.47,-69.7275,152.091,1048.65,-74.5553,144.721,1030.53,-61.7423,148.155,1051.87,-76.3089,125.277,1018,-58.0015,132.894,1032.23,-86.4455,116.119,997.3,-65.0026,112.057,1011.71,-99.6049,118.111,981.354,-86.4397,113.612,1026.62,-72.0625,85.1795,1035.08,-53.3479,80.4948,1046.78,-77.9752,42.0925,1006.13,-57.7882,48.2036,1055.21,-66.3537,10.5352,1057.84,-27.1453,14.5099,1016.78,-115.681,127.875,1023.83,-126.824,129.148,1045.34,-127.473,136.303,1023.67,-111.682,137.008,0,0,0
005926:1024.56,-74.138,149.315,1029.13,-75.3131,151.636,1024.96,-70.6782,152.442,1042.78,-74.0009,146.141,1030.74,-62.3628,148.668,1043.72,-74.4742,126.487,1021.29,-58.9093,132.393,1026.23,-86.785,116.802,999.487,-65.4889,111.795,1005.73,-98.0864,119.51,976.548,-88.0703,116.069,1036.68,-74.4702,81.6769,1033.64,-54.3887,82.052,1034.25,-77.3594,43.667,1003.24,-58.7132,48.872,1055.43,-66.3264,10.5661,1045.56,-29.8735,17.8789,1015.32,-115.836,128.84,1024.74,-128.298,128.265,1043.54,-127.622,136.157,1022.37,-114.188,138.435,0,0,0
005927:1024.81,-74.4395,148.663,1029.57,-75.7721,151.064,1024.85,-70.8793,151.962,1044.12,-74.8697,145.62,1032.61,-62.8595,148.137,1046.39,-75.0838,125.982,1022.69,-59.8833,132.462,1037.56,-89.4233,115.509,976.914,-60.9518,119.084,1051.88,-109.618,110.923,983.021,-89.6021,115.753,1036.15,-75.3222,81.4366,1032.1,-54.5724,81.4932,1039.22,-77.7136,44.2296,1008.02,-59.9009,47.6974,1052.63,-66.9838,12.2825,1032.17,-33.7112,18.0234,1016.31,-116.926,129.306,1024.18,-128.739,128.391,1043.63,-127.619,136.486,1026.17,-114.597,137.513,0,0,0
005928:1027.78,-75.6058,147.426,1029.62,-76.7287,150.518,1029.86,-71.7421,150.264,1033.84,-76.1292,148.133,1033.19,-63.7155,148.152,1044.49,-75.0184,127.21,1032.31,-59.6147,130.298,1029.02,-90.3024,118.242,996.576,-66.4311,113.541,1041.58,-107.455,113.002,993.154,-92.7048,111.837,1036.23,-75.8325,81.0734,1033.65,-54.0418,79.6688,1038.34,-78.3393,46.001,1039.64,-60.6942,39.9298,1054.84,-66.6982,11.682,1051.88,-32.1831,15.7303,1018.86,-117.86,129.131,1033.41,-130.299,127.012,1048.55,-129.186,136.16,1037.8,-115.834,135.136,0,0,0
005929:1024.38,-75.6715,148.636,1027.14,-77.1809,151.628,1028.01,-71.4956,151.181,1035.28,-77.4132,148.295,1035.35,-63.5813,147.945,1051.28,-77.4802,125.425,1030.01,-59.8573,128.851,1042.96,-93.7262,114.783,985.464,-68.4313,115.99,1063.74,-113.017,108.658,994.907,-93.5347,111.885,1039.11,-76.5273,79.9642,1034.55,-54.7123,79.3362,1040.27,-79.0125,45.1968,1035.56,-61.251,41.3465,1062.57,-65.7332,10.4713,1052.66,-32.339,15.5006,1017.28,-119.189,129.685,1029.38,-130.656,128.409,1034.95,-127.989,138.35,1029.21,-117.453,137.084,0,0,0
005930:1024.78,-76.9166,149.91,1028.07,-78.3635,152.835,1026.92,-72.4395,152.602,1039.5,-78.8501,148.427,1033.44,-64.173,149.04,1049.89,-77.973,126.456,1029.6,-59.6961,130.036,1016.3,-87.3223,119.601,988.004,-69.0878,114.495,1004.6,-98.1697,120.305,999.478,-95.069,111.308,1039.07,-76.5289,79.838,1027.06,-55.8097,82.9134,1052.77,-81.3925,42.1804,1029.55,-62.0392,42.4256,1066.33,-65.2422,9.20146,1046.66,-33.5294,17.2707,1019.17,-119.775,128.314,1029.42,-130.656,128.549,1038.16,-129.308,139.26,1026.34,-115.77,138.074,0,0,0
005931:1023.41,-76.7041,149.796,1026.28,-78.2599,152.807,1027.91,-72.3989,152.173,1035.17,-78.3348,149.142,1036.34,-64.2581,148.383,1047.62,-77.8804,126.907,1021.34,-62.5574,131.057,1058.76,-90.8958,108.682,990.085,-69.5794,113.995,1054.71,-111.921,112.263,991.202,-95.0143,114.236,1046.77,-75.2991,77.3748,1027.23,-55.8097,83.5816,1037.93,-79.374,45.4897,1025.29,-63.1533,43.9532,1069.24,-65.1543,8.76245,1042.11,-35.0202,18.0528,1020.2,-120.066,127.883,1032.71,-131.552,127.812,1039.86,-130.346,139.093,1031.35,-117.652,137.236,0,0,0
005932:1020.51,-76.7846,150.312,1025.22,-78.3531,152.732,1023.95,-72.8106,152.819,1038.83,-78.3817,147.858,1033.09,-65.4933,148.84,1050.6,-79.0248,126.07,1019.45,-63.3139,132.873,1019.19,-94.4548,118.634,995.802,-70.8956,113.172,1047.24,-110.102,112.974,982.85,-93.9369,118.736,1043.48,-77.5768,78.4414,1025.72,-55.4864,83.8313,1044.38,-79.5357,43.676,1030.59,-63.8208,44.0917,1065.9,-65.5718,9.30353,1048.81,-36.4414,15.1895,1020.87,-121.169,127.238,1033.58,-131.48,127.765,1037.95,-130.499,138.702,1033.09,-119.048,136.122,0,0,0
005933:1023.63,-78.2359,150.019,1027.29,-79.6693,152.715,1028.12,-74.1657,152.201,1038.59,-79.3594,148.276,1037.04,-66.5069,147.993,1053.5,-80.0835,126.145,1026.66,-62.7818,132.088,1029.64,-96.4236,118.923,995.367,-72.0043,114.036,1041.62,-111.225,115.079,989.898,-95.4228,114.771,1035.65,-78.5584,81.2906,1011.1,-58.2934,87.0036,1038.01,-79.7054,46.1645,1026.97,-64.8471,45.5294,1065.09,-65.7013,10.3893,1047.34,-37.194,15.1336,1015.95,-121.627,128.205,1037.99,-132.681,126.777,1041.28,-132.962,137.138,1033.93,-120.152,135.992,0,0,0
005934:1025.41,-79.9549,150.259,1028.67,-81.079,153.005,1029.59,-75.9695,152.422,1036.73,-80.0495,149.37,1036.19,-67.8383,148.686,1050.87,-80.3112,127.123,1025.1,-63.662,133.071,1020.22,-95.4248,120.724,993.497,-72.7816,115.111,1007.48,-107.687,121.972,979.535,-96.6143,117.497,1032.39,-79.2236,82.0906,1031.8,-56.7803,82.8577,1036.73,-79.019,47.6883,1032.33,-67.8977,44.5447,1070.05,-65.0703,9.19853,1049.26,-38.2727,14.527,1013.51,-121.856,128.755,1038.33,-133.052,126.997,1036.2,-131.826,138.839,1032,-120.751,137.585,0,0,0
005935:1021.94,-81.1042,151.082,1026.84,-82.149,153.428,1023.7,-77.2791,153.84,1039.32,-80.5334,148.465,1027.77,-69.2188,150.315,1053.77,-80.9894,126.479,1021.21,-64.5282,133.023,1024.32,-97.998,121.954,993.997,-73.7458,115.018,1016.84,-112.103,121.825,981.611,-97.1381,117.129,1028.32,-79.7109,82.752,1027.7,-55.9739,82.3767,1043.74,-79.5064,42.8968,1018.79,-71.1737,45.8827,1055.57,-61.4275,7.43117,1044.24,-39.2947,16.0163,1025.83,-124.246,126.461,1030.14,-134.128,128.387,1037.71,-134.056,138.257,1030.24,-120.906,137.528,0,0,0
005936:1022.53,-81.3365,150.839,1026.36,-82.4755,153.445,1023.81,-77.509,153.674,1036.46,-81.2071,149.197,1026.76,-69.6478,150.476,1054.8,-81.2062,126.547,1022.85,-64.8999,132.685,1026.79,-98.6056,121.527,985.945,-71.6374,119.297,1001.83,-113.185,126.478,983.01,-97.4876,116.923,1028.59,-81.5464,84.0201,1026.36,-57.5121,83.5637,1036.39,-79.3309,45.8488,1020.88,-73.0601,46.6558,1049.35,-61.4041,9.87685,1051.29,-42.9372,12.1306,1025.98,-124.241,126.975,1032.52,-135.102,127.558,1037.64,-134.057,137.978,1030.59,-122.402,134.862,0,0,0
005937:1019.19,-81.8915,151.988,1024.17,-83.373,154.316,1020.57,-77.9495,154.86,1037.98,-82.6787,149.105,1026.83,-70.111,150.994,1054.36,-83.0595,126.761,1020.94,-65.6607,134.301,1029.21,-99.2416,120.673,1004.83,-76.247,113.483,1020.83,-118.105,123.561,976.712,-99.2094,118.428,1024.3,-82.0302,83.7553,1020.08,-58.9151,85.4003,1041.71,-80.6234,44.2742,1020.05,-73.1605,46.7378,1067.63,-65.3522,8.92435,1047.56,-42.3625,15.3108,1020.88,-124.693,127.394,1031.79,-135.17,128.163,1045.92,-134.17,136.968,1029.55,-122.103,135.159,0,0,0
005938:1018.15,-82.3912,152.226,1023.53,-83.9544,154.527,1021.49,-78.5456,154.724,1035.89,-83.0776,149.467,1028.73,-70.3968,150.552,1053.02,-82.9913,126.629,1023.25,-66.1753,133.957,1022.89,-98.2282,120.426,998.548,-76.012,114.899,999.938,-113.188,126.112,979.419,-99.9132,117.781,1021.47,-81.3349,84.8189,1020.08,-58.9151,85.4003,1037.74,-81.2328,45.839,1018.6,-74.1549,47.7788,1039.95,-61.7151,12.8876,1057.33,-44.7706,11.9876,1021.13,-124.69,128.362,1032.22,-137.47,126.74,1028.41,-134.831,139.857,1037.64,-124.534,134.09,0,0,0
005939:1021.65,-83.4528,151.46,1026.69,-84.7887,153.862,1024.18,-79.7657,154.127,1036.55,-83.5814,149.829,1026.51,-71.6593,151.784,1037.29,-84.4222,130.395,1025.15,-67.4369,133.868,1029.99,-101.959,121.356,990.162,-76.5514,116.267,1023.06,-120.634,125.75,978.667,-99.7399,117.703,1023.3,-82.7002,84.7947,998.36,-62.9907,92.6298,1033.75,-82.0904,47.7063,1027.51,-75.2023,47.251,1056.34,-67.0828,12.4178,1059.27,-48.3271,10.8079,1020.17,-125.945,128.178,1030.14,-136.863,127.65,1038.01,-135.992,137.63,1026.69,-123.581,137.684,0,0,0
005940:1020.62,-84.3434,151.633,1023.54,-85.3516,154.499,1021.45,-80.2854,154.653,1032.5,-84.5457,150.652,1021.73,-71.8467,152.605,1032.1,-84.8582,132.051,1021.26,-66.5498,134.575,1011.39,-98.5444,125.628,983.388,-77.4178,117.882,992.297,-112.198,130.839,976.47,-99.9916,118.437,1020.83,-83.0142,86.0308,1025.26,-60.0572,84.2488,1031.22,-83.5136,50.1462,1021.88,-75.9312,49.7879,1049.77,-67.0817,12.7981,1048.79,-50.3109,12.6837,1023.48,-126.02,126.499,1027.22,-136.701,127.663,1037.1,-136.062,137.532,1033.32,-126.088,134.275,0,0,0
005941:1021.71,-84.7857,151.614,1024.69,-85.6838,154.555,1022.49,-80.7256,154.676,1033.71,-84.5139,150.928,1023.43,-72.0928,152.714,1024.99,-84.3964,134.074,1023.45,-67.899,133.938,1002.95,-96.3917,127.733,994.335,-80.1102,114.878,982.57,-110.146,131.444,971.485,-101.081,120.987,1019.72,-83.1434,86.1199,971.284,-67.2817,93.8508,1029.84,-82.7683,50.7369,1019.75,-75.6582,49.8105,1051.16,-67.1863,12.8388,1033.84,-54.2953,16.8839,1022.54,-126.902,127.442,1026.23,-137.951,127.486,1037.41,-136.811,136.623,1024.36,-124.93,135.814,0,0,0
005942:1019.62,-85.5998,151.914,1023.16,-86.5965,154.627,1019.38,-81.7039,155.029,1037.36,-85.3878,149.571,1024.47,-72.921,151.736,1024.77,-85.6626,133.647,1024.64,-68.644,133.058,1010,-98.1385,126.579,993.677,-79.9397,115.166,993.564,-113.021,129.583,970.609,-101.683,121.275,1019.57,-84.4631,85.6251,973.333,-67.2714,93.8449,1026.26,-80.5132,50.0034,1010.29,-75.6285,52.2542,1042.71,-68.2739,15.3306,1037.26,-55.7162,16.0041,1021.72,-126.975,127.627,1029.33,-138.863,126.053,1037.94,-137.933,135.516,1028.62,-125.355,136.463,0,0,0
005943:1023.9,-87.2284,151.982,1030.75,-88.3854,153.977,1023.69,-83.4459,154.972,1046.11,-86.3416,148.829,1026.44,-74.0991,151.967,1029.63,-86.7733,133.439,1031.94,-70.2371,133.012,1038.44,-105.193,121.821,992.537,-80.0824,115.437,1048.44,-127.663,122.046,970.696,-101.681,121.589,1020.67,-84.6323,86.827,1015.54,-62.7927,89.8974,1034.55,-82.5876,46.2247,1020.96,-78.8658,46.4269,1045.25,-68.2201,14.6924,1047.26,-57.882,13.3073,1029.08,-127.494,125.82,1028.1,-139.366,127.065,1035.32,-138.138,135.644,1033.48,-128.073,136.068,0,0,0
005944:1023.65,-87.6012,151.497,1028.88,-89.0418,153.733,1023.88,-83.824,154.448,1042.72,-87.7917,148.964,1028.2,-74.7805,151.372,1049.29,-86.2715,129.348,1024.64,-71.4968,135.079,1042.88,-106.231,121.866,991.399,-80.2248,115.709,1048.48,-128.497,122.884,969.583,-101.805,121.854,1023.91,-85.3197,87.2123,999.754,-65.1547,92.8194,1036.26,-83.186,45.6777,1024.73,-80.5194,45.394,1046.03,-68.1051,13.9737,1043.17,-58.708,14.5225,1028.79,-130.668,126.177,1027.32,-139.433,127.482,1043.4,-140.645,134.135,1038.62,-128.815,135.589,0,0,0
005945:1021.88,-88.4993,152.087,1026.85,-89.4279,154.625,1022.43,-84.976,154.965,1039.5,-86.8528,150.429,1026.99,-75.9196,152.028,1049.23,-85.4442,129.731,1025.08,-71.5968,135.017,1052.7,-103.461,112.944,990.313,-80.3669,116.177,1037.75,-125.7,124.751,980.586,-105.119,119.314,1021.78,-85.6018,88.828,1048.36,-70.1147,83.8196,1036.88,-83.3025,46.7499,1022.16,-80.8333,46.1254,1044.43,-68.2983,14.0504,1030.89,-60.8484,16.1806,1018.72,-129.982,128.596,1027.26,-139.436,127.296,1036.32,-140.005,134.235,1030.85,-129.1,137.28,0,0,0
005946:1018.47,-88.4853,153.172,1024.98,-89.527,155.403,1018.46,-85.0648,156.149,1042.31,-87.2576,150.279,1023.73,-76.6729,153.008,1056.02,-86.1226,128.865,1015.92,-73.3424,135.937,1038.76,-105.327,121.144,991.848,-80.6991,116.332,1034.52,-124.858,125.254,976.939,-104.521,120.823,1021.46,-85.9166,89.4748,1012.67,-64.2394,90.9688,1037.5,-83.4265,46.7658,1017.78,-81.3797,47.7721,1042.72,-69.3398,15.2071,1045.91,-59.6861,13.2841,1017.71,-130.858,129.261,1025.84,-139.941,127.562,1033.1,-140.268,135.434,1025.91,-131.086,137.61,0,0,0
005947:1019.93,-89.6208,153.624,1026.81,-90.4333,155.741,1019.75,-86.0801,156.525,1043.03,-87.6591,150.561,1023.92,-77.2132,153.17,1049.28,-86.383,130.713,1022.22,-73.3968,134.266,1036.76,-105.212,122.182,993.228,-81.8229,116.653,1030.25,-123.697,126.424,977.503,-104.703,120.304,1018.76,-86.5123,90.7177,1006.39,-67.4297,92.7083,1063.43,-81.9624,40.3694,1009.54,-81.1673,54.6481,1043.42,-69.8218,16.1004,1053.25,-61.6895,10.5309,1020.95,-131.748,128.531,1028.27,-140.92,127.014,1035.99,-141.238,136.393,1030.38,-131.097,136.928,0,0,0
005948:1018.9,-89.8134,154.463,1024.93,-90.6497,156.782,1017.81,-86.0624,157.746,1044,-88.8993,151.239,1023.9,-77.6783,154.463,1053.77,-87.4994,131.037,1019.98,-73.3793,135.957,1033.17,-104.625,124.406,993.228,-81.8229,116.653,1028.41,-123.165,127.344,962.081,-101.101,123.483,1025.51,-88.0903,89.8269,995.601,-67.0533,95.2678,1037.58,-86.2718,48.1081,1013.12,-83.5715,51.2467,1042.43,-69.9448,16.278,1049.27,-63.5782,11.7165,1021.02,-131.747,128.808,1034.83,-143.135,124.449,1027.84,-142.266,137.872,1026.43,-131.826,137.537,0,0,0
005949:1019.83,-90.754,153.86,1026.52,-91.4273,156.071,1019.12,-87.168,157.138,1047.52,-88.9651,150.235,1026.6,-78.7735,153.77,1058.88,-86.8343,129.699,1006.52,-75.7377,138.185,1033.4,-105.094,124.616,1000.55,-85.291,115.12,1037.02,-125.502,125.025,975.356,-104.947,121.23,1024.91,-88.4161,89.6034,997.354,-69.9435,95.5121,1037.6,-85.2441,48.2115,1009.18,-83.2762,53.0632,1042.27,-69.9534,15.9157,1045.53,-66.2273,12.336,1015.88,-132.544,127.921,1031.6,-144.152,123.731,1032.02,-143.114,137.213,1030.89,-133.023,137.136,0,0,0
005950:1019.15,-91.7122,153.635,1027.19,-92.2128,155.647,1017.18,-88.1104,157.224,1050.23,-89.3372,149.526,1019.6,-79.6696,154.93,1058.66,-87.5009,131.15,1007.58,-75.5857,137.618,1037.61,-106.118,124.189,998.703,-85.2582,115.56,1044.29,-127.375,124.22,969.967,-104.297,123.228,1019.38,-88.205,92.9079,991.656,-71.9735,96.6542,1040.74,-86.6397,47.8351,1006.57,-83.8699,54.4251,1042.02,-70.0132,17.0085,1032.5,-65.6988,11.6088,1021.86,-134.769,126.86,1026.76,-144.108,123.062,1028.51,-143.755,136.3,1026.61,-132.946,135.183,0,0,0
005951:1019.05,-92.5314,153.816,1025.91,-93.2255,156.104,1017.03,-88.8169,157.321,1045.75,-90.6528,150.848,1019.91,-80.0948,154.999,1054.15,-88.8239,131.433,1008.93,-75.8656,137.988,1041.08,-107.392,123.917,996.406,-85.5358,116.105,1047.52,-128.551,124.988,973.289,-105.186,122.392,1019.02,-89.1113,91.3788,989.149,-73.0665,97.0744,1043.68,-87.7596,47.4032,1012.63,-84.7104,52.8569,1034.98,-70.9142,19.1779,1039.61,-69.4158,13.5388,1020.55,-135.275,127.449,1020.84,-144.559,123.918,1027.96,-144.569,135.623,1028.63,-132.366,133.82,0,0,0
005952:1020.17,-92.7487,153.76,1027.51,-93.5816,155.79,1017.66,-89.2196,157.337,1049.42,-91.2919,149.673,1023.41,-80.8281,154.211,1073.9,-87.0115,128.634,1003.79,-77.9814,139.433,1035.85,-106.523,124.882,995.26,-85.6744,116.377,1043.67,-128.226,122.188,973.186,-105.959,122.879,1086.91,-80.4393,72.5216,987.661,-73.5212,97.6835,1041.58,-87.2174,47.4301,1017.56,-87.5289,50.9485,1037.73,-70.0584,19.5847,1041.39,-70.5309,12.6897,1014.1,-133.858,127.927,1031.5,-143.354,122.118,1026.81,-145.437,135.875,1028.12,-134.414,136.714,0,0,0
005953:1020.09,-94.1446,154.263,1025.41,-95.062,156.827,1019.29,-90.3367,157.671,1043.24,-92.6031,151.586,1024.38,-81.4397,154.877,1075,-86.8562,128.065,1004.57,-78.2465,138.078,1033.48,-106.393,125.039,994.015,-85.8132,116.253,1039.6,-126.853,126.944,968.968,-106.914,123.925,1092.7,-82.3606,69.6558,976.935,-75.1514,99.6766,1044.1,-87.6038,46.9032,1016.97,-88.3936,51.4145,1034.64,-69.3365,19.122,1036.27,-72.5043,13.3408,1016.18,-134.456,127.255,1031.69,-145.29,121.123,1030.1,-146.359,135.299,1022.83,-133.291,137.381,0,0,0
005954:1020.76,-94.8607,153.989,1025.24,-96.183,156.812,1020.47,-90.8808,157.162,1040.72,-94.4874,152.16,1025.36,-82.0252,154.251,1078.11,-88.0311,127.329,1006.5,-78.6964,137.833,1039.02,-107.798,123.88,990.794,-86.226,117.856,1053.72,-130.696,123.108,976.331,-109.368,121.413,1089.55,-81.6306,70.5917,974.258,-74.9717,99.624,1044.12,-87.7126,47.4284,1005.45,-92.8471,53.9571,1029.47,-68.4316,21.6088,1047.86,-76.1939,10.1087,1014.55,-134.594,127.625,1033.89,-145.909,120.622,1026.33,-145.867,136.326,1019.68,-135.482,136.704,0,0,0
005955:1021.2,-95.3681,154.253,1024.86,-96.5332,157.263,1021.59,-91.2787,157.429,1038.2,-94.1957,152.868,1027.48,-82.2393,154.207,1072.44,-87.557,128.828,1009.93,-79.4768,137.657,1033.74,-106.437,125.296,990.968,-88.1048,121.177,1043.54,-127.976,125.413,975.158,-109.487,121.483,1092.88,-84.2913,70.9159,974.023,-76.5375,100.122,1041.17,-87.7683,47.4676,1014.03,-91.0773,51.6817,1028.25,-68.2705,20.1526,1042.6,-76.0234,11.4714,1014.45,-135.766,127.449,1030.94,-146.529,121.843,1024.97,-145.568,135.588,1020.49,-134.617,135.347,0,0,0
005956:1021.66,-95.8629,154.12,1028.39,-96.8023,156.509,1020.86,-91.9758,157.385,1048.65,-94.2264,150.688,1023.99,-83.5078,154.51,1077.5,-88.7521,127.689,1014.72,-79.2246,138.813,1038.17,-107.948,125.021,980.919,-87.4548,121.445,1047.41,-128.958,125.166,974.656,-109.785,121.394,1095.72,-85.0415,68.9334,969.154,-76.6449,100.704,1040.21,-87.5669,49.4165,1025.22,-95.0498,47.5111,1025.7,-68.3429,21.1031,1033.81,-77.8628,12.3097,1011.15,-136.042,128.092,1030.13,-146.59,122.081,1032.43,-146.555,133.2,1017.91,-134.077,137.254,0,0,0
005957:1019.2,-97.1386,154.113,1024.84,-98.1497,156.712,1018.3,-93.279,157.496,1042.23,-95.7721,151.911,1022.44,-84.6673,154.933,1080.83,-90.0029,126.579,1016.22,-79.6374,137.712,1040.64,-109.739,126.511,979.847,-87.5902,121.907,1048.27,-129.194,124.908,972.111,-109.06,122.43,1093,-85.3651,70.2582,991.604,-82.9491,95.548,1036.33,-87.1326,49.7605,1021.45,-94.6796,48.3086,1027,-68.9551,20.0522,1022.66,-80.034,15.6607,1009.3,-136.183,127.587,1030.13,-146.59,122.081,1029.23,-146.8,134.355,1033.54,-137.853,133.456,0,0,0
005958:1018.77,-97.3741,154.196,1023.84,-98.4835,156.9,1018.83,-93.5196,157.38,1038.95,-96.3408,152.68,1023.9,-85.084,154.754,1076.62,-90.2918,127.972,1008.2,-81.4505,140.287,1052.18,-108.723,124.09,979.269,-89.4534,123.022,1044.46,-130.693,127.112,975.07,-110.252,121.903,1084.9,-85.4634,72.3009,965.842,-77.8545,102.292,1041.87,-88.2264,48.5328,1029.1,-96.2094,46.6756,1024.16,-69.0309,20.0302,1019.6,-80.6736,16.5782,1011.37,-136.782,126.916,1033.47,-147.518,121.52,1029.23,-146.8,134.355,1021.67,-134.918,135.567,0,0,0
005959:1016.28,-97.7841,154.38,1021.89,-99.0616,157.066,1015.89,-93.9416,157.768,1039.77,-97.2242,152.491,1021.58,-85.5538,155.341,1079.14,-90.9288,126.867,996.721,-82.9389,141.681,1040.92,-109.847,125.994,977.465,-90.6756,123.317,1047.97,-130.32,126.622,990.62,-114.439,118.004,1084.9,-85.4634,72.3009,969.284,-78.6818,101.681,1043.23,-88.1173,48.7395,1023.66,-97.8705,48.5529,1031.13,-69.2301,19.0224,997.077,-86.0495,23.6517,1011.78,-137.516,126.387,1035.53,-148.142,120.458,1033.52,-148.039,133.115,1017.64,-137.589,136.82,0,0,0
005960:1017.59,-99.056,155.17,1023.33,-99.9414,157.628,1016.4,-95.411,158.254,1037.31,-96.7943,153.293,1016.32,-86.875,156.026,1080.91,-91.3915,125.927,992.643,-83.3108,141.172,1050.04,-112.255,123.095,979.499,-91.1918,122.838,1058.83,-133.262,123.987,989.422,-114.555,118.078,1074.89,-86.5893,74.3341,963.77,-79.3893,103.071,1041.52,-90.4302,48.3323,1033.96,-98.6131,46.4816,1020.14,-70.8906,21.2667,1011.68,-85.8804,19.5376,1011.78,-137.516,126.387,1032.94,-148.33,120.753,1032.84,-148.475,132.824,1023.28,-138.668,134.488,0,0,0
005961:1018.89,-99.5801,153.944,1023.05,-100.462,156.822,1018.32,-95.8865,156.968,1034.34,-97.1308,153.359,1019.2,-87.0774,154.874,1078.73,-91.7251,126.936,991.827,-83.9719,141.044,1052,-112.722,123.063,969.503,-90.6423,126.215,1055.86,-132.466,124.639,981.844,-115.062,119.667,1074.52,-86.3873,75.8463,967.845,-79.3138,100.091,1048.21,-89.1724,47.1645,1024.15,-99.9426,49.2682,1036.65,-70.3874,16.8743,1021.29,-88.193,17.0591,1011.41,-138.318,126.18,1030.42,-148.516,121.327,1031.84,-148.54,132.402,1027.78,-137.527,133.831,0,0,0
005962:1019.11,-100.519,154.594,1022.15,-101.639,157.513,1020.02,-96.4393,157.457,1030.09,-98.8476,154.202,1018.73,-87.4205,155.598,1077.38,-92.693,127.877,992.578,-84.915,142.045,1053.11,-113.055,122.224,981.824,-94.4228,120.742,1056.03,-132.974,124.405,979.576,-115.29,120.205,1087.19,-87.9314,71.8521,974.164,-82.1236,100.653,1046.44,-91.2905,46.166,1043.38,-97.8815,44.8939,1037.02,-70.5758,15.6475,1027.75,-89.825,14.4238,1011.66,-138.685,126.122,1026.6,-148.401,121.4,1031.84,-148.54,132.402,1023.49,-137.493,135.123,0,0,0
005963:1015.64,-99.7836,154.765,1018.96,-101.14,157.706,1016.31,-96.1093,158.195,1030.51,-99.554,153.754,1015.27,-88.6387,157.044,1079.62,-91.9334,126.95,996.866,-86.7229,142.352,1047.41,-111.658,122.774,978.772,-94.0278,121.851,1044.28,-131.062,128.005,977.248,-116.29,121.43,1086.91,-87.9431,70.9425,981.726,-82.6799,97.7943,1060.76,-89.1921,42.3672,1024.7,-99.8967,49.6281,1058.4,-67.8444,9.29852,1023.47,-90.5568,14.6604,1009.22,-138.884,126.677,1024.94,-148.524,121.781,1024.65,-148.67,132.953,1024.34,-138.175,133.02,0,0,0
005964:1017.64,-102.072,154.086,1017.64,-103.324,157.671,1017.78,-98.1047,157.226,1016.47,-100.993,156.674,1014.45,-89.4342,156.469,1065.85,-94.8708,128.793,994.326,-86.5244,142.884,1057.61,-114.242,120.806,977.651,-94.1582,122.116,1055.11,-133.543,125.692,980.225,-117.99,120.21,1090.97,-88.8703,70.3795,984.33,-83.3617,96.5429,1042.93,-89.236,47.419,1039.01,-101.244,43.9096,1047.36,-70.629,13.4643,1023.99,-91.0285,14.5023,1008.2,-138.957,126.08,1026.03,-148.834,121.533,1025.56,-148.986,132.155,1019.66,-138.945,134.056,0,0,0
005965:1020.51,-102.307,153.84,1021.16,-103.618,157.353,1021.97,-98.3805,156.719,1022.83,-101.525,155.48,1019.29,-89.5547,155.272,1074.7,-94.7748,127.099,1020.56,-85.4128,136.563,1061.78,-115.562,122.095,977.601,-94.1585,121.92,1053.81,-133.561,126.874,988.144,-120.221,117.556,1086.76,-88.8125,72.3573,993.081,-86.4906,93.806,1047.97,-90.5377,47.0054,1035.79,-101.589,45.0425,1044.14,-71.0285,14.0744,1019.27,-94.4658,14.4129,1008.14,-138.959,125.895,1028.2,-149.455,121.034,1028.74,-149.918,131.153,1019.43,-140.493,132.394,0,0,0
005966:1022.78,-103.123,153.445,1023.07,-104.369,157.072,1021.75,-98.8164,156.715,1022.91,-102.02,155.781,1015.8,-89.948,156.028,1073.17,-96.1837,127.355,991.179,-87.5227,142.154,1067.56,-117.13,119.772,976.293,-95.0664,122.278,1059.72,-135.903,127.541,991.242,-121.445,117.335,1082.72,-89.2866,74.361,979.827,-83.6537,97.3212,1044.69,-89.6142,47.384,1039.28,-101.225,44.3698,1041.15,-70.8704,14.9997,1018.15,-95.9128,14.6127,1009.43,-140,124.568,1027.84,-150.261,120.969,1033.82,-149.55,130.319,1017.11,-139.522,133.297,0,0,0
005967:1022.22,-104.238,153.584,1021.05,-105.215,157.416,1020.21,-100.156,157.17,1022.75,-102.341,155.81,1012.27,-91.2522,157.128,1076,-96.8666,126.649,990.771,-87.8102,142.594,1068.51,-117.344,119.883,972.893,-95.4545,122.875,1070.03,-135.619,124.181,987.742,-121.775,117.956,1075.71,-90.0729,76.3674,977.87,-83.6385,97.6867,1070.64,-92.4961,39.3679,1017.27,-103.562,50.3159,1054.65,-68.8805,11.0383,1017.86,-96.2056,14.4252,1005.46,-140.696,124.751,1028.98,-150.57,120.907,1039.42,-151.111,129.521,1015,-138.546,134.89,0,0,0
005968:1022.15,-104.76,152.752,1022.39,-106.082,156.286,1021.39,-100.753,156.129,1023.93,-103.572,154.482,1014.44,-91.5056,155.676,1074.52,-96.5204,126.847,990.6,-90.2484,143.203,1066.19,-117.092,121.628,973.561,-96.3965,123.405,1073.23,-135.47,124.775,984.508,-121.326,118.515,1071.56,-90.5413,77.655,979.292,-83.978,97.5568,1052.76,-89.0024,46.234,1020.64,-104.807,51.2305,1051.74,-68.9898,12.158,1016.11,-99.5581,14.5652,1005.46,-140.696,124.751,1028.98,-150.57,120.907,1026.73,-149.675,131.391,1010.05,-136.247,136.148,0,0,0
005969:1016.12,-105.89,154.541,1019.9,-106.982,157.571,1013.46,-101.901,158.236,1035.74,-103.856,152.645,1015.06,-92.4976,155.478,1080.74,-98.4412,125.752,989.172,-89.855,143.933,1067.99,-117.628,120.374,974.234,-96.5704,123.246,1075.12,-136.037,123.717,971.133,-122.341,120.654,1078.64,-92.1992,76.1564,991.411,-87.7368,97.3061,1059.68,-92.1957,44.1995,1026.67,-104.152,48.7194,1046.74,-70.9732,13.3713,1009.12,-101.612,15.6735,1005.52,-140.694,124.936,1021.7,-150.689,120.957,1028.06,-150.356,131.001,1007.5,-138.727,133.499,0,0,0
005970:1013.28,-105.703,155.497,1017.52,-107.107,158.326,1011.2,-102.011,159.247,1031.83,-104.218,153.486,1011.51,-92.8283,156.814,1078.74,-97.975,125.996,991.184,-90.381,143.188,1064.73,-117.575,122.35,973.155,-96.6972,123.629,1075.26,-136.9,124.594,972.85,-122.421,119.989,1055.82,-95.7603,81.5114,976.908,-84.1105,101.38,1041.63,-89.1171,49.2663,1027.77,-105.377,49.5538,1044.86,-71.4913,14.2773,1023.68,-105.624,12.2015,1002.7,-142.06,124.265,1015.89,-151.491,121.299,1023.99,-149.86,130.879,1007,-139.527,132.833,0,0,0
005971:1018.72,-107.445,154.302,1021.89,-108.72,157.521,1015.82,-103.418,158.049,1034.71,-105.549,153.654,1016.72,-94.01,155.868,1073.88,-100.283,127.703,992.389,-90.6926,142.816,1067.34,-118.607,122.824,979.15,-98.5574,123.496,1060.96,-138.21,130.133,977.563,-121.985,119.701,1081.77,-92.9424,75.371,998.129,-89.4155,95.7958,1045.88,-91.2387,48.5792,1024.27,-106.535,50.9218,1046.03,-71.3547,14.3489,998,-99.2945,16.84,1000.28,-144.152,123.072,1015.43,-151.506,119.677,1015.59,-149.683,130.98,1003.09,-140.966,131.277,0,0,0
005972:1018.08,-107.084,153.18,1021.05,-108.749,156.295,1018.16,-103.091,156.57,1028.36,-106.663,153.859,1014.75,-94.1979,155.891,1071.28,-100.1,128.158,993.779,-91.9237,141.945,1073.1,-118.7,122.244,985.654,-100.331,120.933,1076.92,-138.099,125.874,973.399,-121.03,123.16,1081.71,-92.9428,75.139,973.33,-85.8638,103.913,1044.51,-89.399,48.4478,1012.74,-108.008,54.9673,1056.3,-70.3424,11.7836,1019.56,-106.028,12.2574,994.495,-144.598,123.731,1013.44,-151.634,118.717,1025.03,-152.482,128.064,1007.47,-142.914,129.102,0,0,0
005973:1018.79,-108.137,152.821,1020.82,-109.493,156.208,1016.6,-103.979,156.521,1026.41,-106.909,154.604,1011.42,-95.2471,156.583,1067.78,-100.578,128.797,991.329,-92.1601,142.308,1080.13,-117.544,118.811,985.705,-100.331,121.13,1074.17,-137.376,126.445,973.989,-122.314,119.798,1070.51,-90.2116,78.815,979.69,-87.8876,102.713,1046.69,-90.3541,47.7906,1013.51,-108.717,55.2934,1053.66,-70.6652,12.2078,1008.46,-107.206,16.695,996.856,-144.41,123.038,1011.34,-154.471,117.134,1028.24,-153.42,127.193,1000.41,-143.116,132.491,0,0,0
005974:1013.48,-108.565,154.168,1017.11,-109.823,157.401,1010.95,-104.914,158.06,1032.87,-106.604,153.263,1012.17,-95.9662,156.072,1067.71,-100.982,128.971,989.828,-94.3439,141.847,1082.16,-117.41,120.756,978.474,-101.386,122.834,1076.32,-137.842,127.355,980.393,-124.477,119.128,1083.3,-93.3124,74.7716,978.288,-88.0375,102.373,1032.94,-90.1472,52.2722,1020.05,-109.587,52.1499,1047.05,-72.0364,13.9838,1006.21,-107.967,17.6471,1002.13,-146.299,121.115,1017.75,-156.347,115.632,1016.95,-156.146,129.292,997.48,-143.317,131.026,0,0,0
005975:1019.24,-109.658,152.597,1021.49,-111.164,156.127,1017.26,-105.338,156.292,1029.26,-108.534,154.358,1012.44,-96.4409,156.351,1070.78,-101.692,128.811,987.875,-93.8576,142.162,1093.35,-120.176,119.147,974.201,-102.36,123.761,1084.91,-140.141,125.588,979.822,-124.485,116.913,1086.37,-94.0632,73.7218,980.116,-89.046,100.432,1042.67,-89.5946,48.7752,1014.71,-112.989,52.9106,1057.96,-70.6464,10.1797,995.536,-109.604,20.9878,987.227,-147.823,124.503,1001.72,-156.693,119.475,1018.94,-157.945,128.689,998.77,-144.724,128.883,0,0,0
005976:1008.77,-109.414,154.662,1015.61,-110.804,157.199,1006.46,-105.851,158.53,1036.72,-107.628,151.737,1010.05,-97.1354,155.835,1069.77,-102.854,127.875,990.646,-94.5599,141.52,1087.89,-119.582,121.883,970.198,-104.285,123.907,1085.85,-139.708,128.167,977.249,-124.714,116.54,1097.18,-96.7168,69.8838,986.088,-93.964,96.7059,1038.72,-90.8569,49.7179,1021.22,-112.609,51.7801,1030.39,-69.9198,15.6416,1007.34,-113.083,17.1365,987.382,-148.971,125.517,988.786,-157.588,122.071,1013.8,-159.824,128.52,1007.15,-150.626,127.607,935.955,-175.55,139.655
005977:1014.1,-111.11,154.435,1019.6,-112.509,157.248,1010.79,-107.374,158.327,1036.11,-108.955,152.602,1010.88,-98.7731,156.292,1062.9,-103.374,129.045,992.408,-95.05,140.577,1086.39,-119.767,120.59,971.535,-104.639,123.591,1082.08,-138.328,128.099,963.101,-125.797,119.859,1087.04,-97.7787,72.1892,969.126,-90.8595,102.989,1028.69,-90.5546,53.3338,1018.48,-112.11,53.441,1047.91,-72.7607,14.4311,1006.47,-113.173,17.6715,986.538,-151.283,123.007,1003.77,-163.062,117.429,1010.52,-164.262,128.434,996.256,-151.819,130.667,938.652,-176.485,138.468
005978:1014.72,-111.4,153.992,1018.91,-112.561,156.996,1012.03,-107.836,157.875,1033.31,-108.892,152.265,1010.87,-99.2626,155.677,1066.51,-104.31,127.74,992.772,-95.6353,139.638,1088.5,-120.195,121.383,980.552,-107.152,120.044,1082.25,-138.213,129.864,962.48,-125.61,120.135,1079.71,-96.939,74.8687,985.449,-96.1491,96.698,1022.66,-92.6931,53.4026,1017.9,-111.389,54.011,1046.78,-72.8859,14.257,999.014,-113.154,21.0126,979.985,-152.896,123.823,997.639,-164.6,117.642,1006.23,-167.209,128.478,997.705,-154.381,129.552,938.509,-176.488,137.895
005979:1014.87,-112.253,154.085,1020.93,-113.499,156.827,1011.3,-108.54,157.891,1038.03,-109.69,152.07,1011.97,-100.268,155.511,1066.19,-104.145,128.855,993.456,-96.2218,139.579,1092.17,-119.188,122.251,980.752,-107.634,119.948,1078.27,-136.947,132.949,962.48,-125.61,120.135,1081.51,-97.3048,75.2506,968.845,-91.6643,103.646,1036.72,-93.0758,49.9707,1012.7,-112.407,53.579,1050.64,-73.2223,13.3601,988.365,-116.029,23.8627,993.735,-157.243,121.36,979.431,-167.242,118.627,993.816,-171.003,129.45,997.696,-158.575,128.724,941.378,-177.421,137.23
005980:1013.63,-113.191,153.571,1017.42,-114.061,156.805,1010.64,-109.338,157.248,1030.9,-109.778,152.993,1010.79,-100.455,154.965,1038.05,-107.314,136.063,987.509,-96.3716,140.963,1094.93,-119.995,120.375,979.622,-107.754,120.216,1087.05,-138.559,129.241,954.78,-125.105,121.906,1084.45,-98.0675,73.8156,986.68,-96.394,97.2217,1037.95,-93.3951,49.6953,1003.49,-110.757,56.968,1046.7,-73.9912,14.8599,1005.8,-115.335,18.5514,981.005,-158.128,124.198,975.785,-170.856,119.008,993.324,-176.704,127.082,984.74,-163.241,131.243,941.073,-177.431,136.128
005981:1011.22,-113.998,154.876,1014.4,-114.79,158.028,1010.99,-110.542,158.065,1025.61,-110.073,153.935,1014.64,-101.714,154.497,1071.31,-105.426,127.587,989.008,-97.5969,140.493,1095.84,-120.862,123.698,979.769,-107.748,120.695,1088.46,-138.728,131.292,949.851,-124.582,122.475,1086.89,-98.6317,73.4813,979.123,-94.2588,101.557,1037.87,-93.0666,49.1393,1012.67,-115.524,53.0647,1050.43,-73.5501,14.5702,1011.89,-117.345,16.1608,967.204,-160.197,125.756,972.44,-171.425,118.217,985.001,-180.927,128.419,983.453,-166.345,131.729,947.057,-178.19,134.169
005982:1013.25,-114.746,153.158,1018.36,-115.543,156.078,1011.19,-111.401,156.814,1034.25,-110.862,151.372,1011.83,-102.945,154.236,1075.86,-106.573,126.324,986.286,-98.6463,139.985,1058.59,-123.284,131.932,976.69,-106.841,122.45,1082.16,-137.014,132.98,949.522,-124.586,121.196,1089.34,-99.1976,73.1458,997.16,-99.127,94.053,1028.77,-93.7765,51.9655,1015.56,-116.285,52.5776,1046.23,-74.6306,16.4446,996.151,-121.71,20.4367,970.128,-162.98,123.437,957.501,-174.168,119.753,990.148,-183.67,125.093,978.584,-169.65,131.495,946.913,-178.192,133.592
005983:1014.72,-114.675,152.344,1020.5,-115.756,154.98,1013.17,-111.502,155.857,1036.89,-111.982,150.442,1013.92,-103.858,153.556,1075.48,-106.904,126.624,986.716,-100.881,139.414,1063.74,-122.43,130.418,976.548,-107.616,122.819,1087.06,-136.451,132.738,922.462,-121.435,126.981,1093.38,-100.147,72.4111,972.948,-94.9756,103.103,1034.65,-92.8318,50.0308,1012.75,-116.811,53.0485,1045.65,-74.6744,15.6192,993.104,-122.254,21.1864,956.917,-165.337,125.661,955.282,-175.397,118.145,987.501,-186.44,125.126,971.565,-171.938,131.913,949.349,-179.152,131.274
005984:1014.42,-115.944,152.004,1014.94,-117.264,155.597,1013.66,-112.479,155.376,1019.9,-113.915,153.151,1012.32,-104.232,153.595,1076.1,-107.062,126.454,984.261,-101.098,139.818,1069.32,-121.659,129.336,973.976,-108.15,123.889,1083.88,-135.643,133.016,945.386,-128.129,120.245,1077.1,-101.873,78.4859,984.843,-102.041,96.0197,1025.05,-94.5031,52.1235,1021.47,-116.49,50.8566,1041.07,-75.7854,17.085,982.932,-122.936,23.0306,961.495,-168.005,123.576,947.14,-178.064,118.896,968.488,-190.694,125.054,971.238,-177.547,130.26,949.512,-179.144,131.805
005985:1012.5,-116.135,152.23,1013.63,-116.857,155.411,1009.6,-112.443,155.814,1022.98,-113.342,152.327,1006.12,-104.244,154.394,1062.57,-106.553,126.919,991.973,-103.499,138.39,1070.78,-122.228,126.697,978.029,-110.049,123.194,1087.29,-136.731,130.231,957.995,-125.639,118.158,1071.72,-95.5475,76.3797,995.659,-102.457,94.6706,1031.64,-94.7221,49.0278,1001.87,-117.381,54.7994,1029.03,-71.0587,16.3822,993.216,-128.608,18.3151,952.725,-167.442,123.998,947.565,-180.978,117.034,952.237,-191.809,125.238,954.769,-178.104,134.073,949.349,-179.152,131.274
005986:1015.98,-115.259,151.87,1023.45,-116.953,153.968,1017.72,-111.642,155.161,1031.14,-112.648,151.773,1015.44,-103.618,153.83,1041.29,-110.104,132.89,1004.44,-98.4948,136.76,1043.62,-121.657,122.768,977.031,-110.305,123.041,1029.13,-139.55,127.03,965.233,-127.389,119.832,1040.8,-100.7,83.3595,1019.6,-96.9148,85.5926,1036.58,-93.115,48.7615,1006.55,-116.678,52.631,1039.13,-71.1908,17.0411,1001.11,-129.718,15.537,951.007,-167.901,123.177,948.595,-180.224,117.245,953.702,-189.97,123.743,956.113,-178.776,130.26,941.822,-180.658,130.688
005987:1012.49,-115.602,152.603,1019.94,-117.292,154.699,1014.06,-111.999,155.329,1030.71,-113.863,151.263,1011.65,-103.995,153.409,1037.53,-110.466,133.078,1004.06,-99.6933,136.221,1043.65,-121.652,122.732,973.39,-110.661,122.698,1029.16,-139.545,126.991,961.793,-127.697,120.044,1044.21,-101.551,82.4979,1016.07,-97.3054,86.4879,1036.25,-93.1241,47.5671,1006.15,-117.893,52.0973,1035.51,-71.652,18.1162,993.933,-130.344,17.0757,944.017,-168.332,123.063,941.807,-179.481,116.541,946.335,-190.31,122.526,948.9,-179.165,129.587,933.836,-183.268,129.626
005988:1012.23,-116.796,152.657,1012.95,-117.967,156.15,1010.34,-113.542,156.103,1023.47,-114.561,152.146,1011.41,-105.192,153.457,1030.37,-111.183,134.65,1004.06,-99.6933,136.221,1036.21,-122.326,123.798,970.396,-110.999,124.605,1021.7,-140.125,127.396,955.703,-128.296,123.307,1036.77,-102.327,83.7533,1015.86,-98.5239,86.542,1032.79,-93.5293,49.1787,1009.42,-118.768,51.1836,1035.68,-71.6432,18.7052,993.968,-131.541,18.3336,937.725,-167.628,124.014,935.077,-178.745,115.843,939.714,-189.524,122.379,945.299,-179.363,129.299,919.531,-186.183,130.155
005989:1012.06,-116.802,152.101,1015.99,-118.833,154.924,1010.34,-113.542,156.103,1026.75,-115.419,151.461,1011.17,-106.388,153.507,1033.69,-112.042,133.92,1003.84,-100.89,136.27,1036.06,-122.327,123.194,973.464,-111.827,123.881,1018.45,-139.214,128.132,952.471,-128.593,124.049,1033.17,-102.709,84.6642,1015.47,-99.7494,86.0284,1036.04,-94.3681,47.6235,1009.16,-119.984,51.2542,1035.36,-71.6519,17.5021,993.526,-132.76,17.8475,934.407,-166.726,123.036,931.776,-177.823,114.878,932.865,-188.751,121.084,938.714,-178.619,129.076,906.901,-185.758,131.488
005990:1011.64,-117.997,151.565,1019.07,-119.697,153.657,1013.4,-114.392,154.843,1026.59,-115.421,150.865,1014.07,-107.231,151.682,1036.87,-112.906,132.585,1009.95,-102.548,133.687,1032.81,-122.646,125.141,976.3,-113.834,123.211,1014.94,-139.497,128.889,958.254,-130.314,122.116,1036.39,-103.562,83.2027,1015.31,-99.7503,85.429,1035.66,-95.6202,47.0983,1011.84,-122.1,49.2668,1031.39,-72.1378,17.4238,999.541,-135.796,15.3864,931.404,-165.817,123.161,925.796,-175.973,115.199,926.761,-186.865,120.803,935.405,-177.697,128.085,894.936,-185.323,134.38
006233:64.5201,-191.061,-2.15146
