005193:1238.19,101.58,163.337,1239,101.64,166.136,1235.82,105.432,165.851,1253.46,105.721,159.415,1243.65,113.232,158.925,1263.33,99.963,141.607,1240.81,114.844,139.503,1285.76,97.6215,132.102,1230.76,118.805,127.418,1298.7,97.9042,145.495,1227.36,116.059,148.091,1248.57,95.1039,91.6977,1249.08,114.611,89.5715,1278.16,97.4232,44.3638,1217.59,110.722,56.5067,1293.31,116.811,5.3198,1210.59,127.355,17.2166,1294.87,109.434,179.949,1287.64,106.77,193.611,1280.47,118.219,200.48,1273.69,119.058,188.016,0,0,0
005194:1243.15,101.845,162.642,1239.79,102.811,165.951,1240.76,105.416,164.814,1255.69,109.119,159.188,1249.16,112.703,157.35,1271.74,100.285,143.368,1249.06,113.219,138.042,1285.76,97.6215,132.102,1230.76,118.805,127.418,1296.2,98.1466,146.118,1227.4,116.059,148.247,1242.45,95.7068,92.8393,1239.04,115.509,92.2038,1286.72,97.6127,42.0725,1213.57,110.499,58.4476,1277.44,117.746,8.11606,1210.77,126.681,18.6753,1294.59,110.133,180.147,1287.64,106.77,193.611,1286.03,120.699,198.063,1279.28,122.574,187.56,0,0,0
005195:1238.44,101.668,164.886,1239.12,102.551,167.36,1234.16,105.036,167.327,1262.7,109.248,158.713,1241.19,111.838,159.803,1261.38,101.288,145.704,1245.64,112.609,139.403,1285.71,97.62,131.923,1230.76,118.805,127.418,1295.22,97.9139,146.81,1227.4,116.059,148.247,1238.66,96.0627,93.0994,1246.4,114.869,90.7893,1282.74,98.0308,44.4427,1214.6,108.928,59.5007,1288.77,118.806,4.59743,1212.09,125.667,19.4363,1294.59,110.133,180.147,1283.89,107.11,194.189,1285.97,120.697,197.885,1276.06,123.805,187.328,0,0,0
005196:1249.37,103.366,164.707,1246.91,103.668,168.121,1247.4,107.523,166.928,1260.72,108.488,161.342,1250.35,115.091,159.927,1272.07,101.214,142.469,1239.06,115.42,140.591,1285.59,97.6167,131.566,1230.82,118.806,127.592,1294.1,97.6817,147.011,1229.83,115.852,147.979,1251.04,94.8584,91.3141,1245.18,114.976,91.0553,1281.04,98.2239,45.6685,1210.11,110.581,58.3234,1292.35,115.676,6.53902,1213.52,127.922,17.3964,1297.89,111.2,180.125,1283.94,107.46,194.888,1280.89,120.409,197.358,1276.06,123.805,187.328,0,0,0
005197:1239.87,100.934,163.869,1237.67,101.773,166.964,1234.54,104.491,166.539,1250.3,107.307,160.227,1238.01,112.05,159.957,1258.83,102.397,143.056,1243.77,114.438,140.469,1285.59,97.6167,131.566,1230.82,118.806,127.592,1294.1,97.6817,147.011,1227.55,116.06,148.734,1251.04,94.8584,91.3141,1245.18,114.976,91.0553,1287.77,97.5805,44.0898,1222.59,111.171,55.6132,1286.82,118.077,6.70027,1212.75,129.119,18.7852,1301.27,111.92,179.751,1290.51,108.875,193.88,1281.14,122.027,196.764,1280.16,124.433,185.301,0,0,0
005198:1245.07,101.344,163.474,1240.98,101.868,166.749,1242.51,105.011,165.427,1244.92,106.343,161.38,1250.59,112.906,157.491,1267.18,101.674,143.325,1248.44,115.614,137.928,1285.59,97.6167,131.566,1226.16,119.22,128.884,1290.61,97.3394,147.639,1229.14,116.652,150.807,1251.04,94.8584,91.3141,1245.18,114.976,91.0553,1280.15,98.307,45.8028,1223.45,111.935,55.404,1295.08,117.432,5.13826,1211.16,130.164,18.269,1294.69,112.82,180.623,1291.56,109.11,193.533,1283.04,123.206,196.661,1287.59,126.152,183.443,0,0,0
005199:1246.81,101.983,162.407,1245.07,102.573,165.556,1243.5,105.925,164.707,1256.23,107.78,159.297,1250.3,114.201,157.396,1262.59,102.087,143.59,1245.51,115.854,139.071,1288.97,98.3075,131.214,1222.67,119.528,129.761,1288.14,97.5831,148.272,1234.93,116.47,149.737,1251.04,94.8584,91.3141,1245.18,114.976,91.0553,1282.45,97.7716,46.5359,1217.36,111.524,55.9074,1297.49,118.718,3.85795,1208.05,129.982,18.9048,1293.31,112.927,180.47,1293.05,110.626,192.558,1283.94,123.449,195.855,1278.98,125.806,183.74,0,0,0
005200:1254.05,103.02,163.951,1252.84,103.528,167.275,1253.14,107.226,166.292,1267.25,108.93,160.588,1259.49,116.03,159.237,1263.85,101.99,143.931,1246.98,117.019,139.837,1288.86,98.3043,130.856,1222.67,119.528,129.761,1288.14,97.5831,148.272,1234.93,116.47,149.737,1251.04,94.8584,91.3141,1245.18,114.976,91.0553,1285.99,97.4414,45.9716,1217.48,111.028,55.3067,1293.64,116.289,3.87007,1215.82,130.728,15.2542,1290.84,113.147,181.056,1292.61,111.32,192.253,1280.19,123.753,196.43,1282.19,126.543,183.058,0,0,0
005201:1247.7,101.637,162.908,1244.74,102.506,166.128,1245.37,105.11,165.142,1254.91,107.835,160.253,1250.33,112.906,158.369,1267.63,102.24,141.714,1244.78,115.609,138.916,1288.86,98.3043,130.856,1226.78,120.476,128.949,1284.42,97.9464,149.129,1231.41,116.784,150.571,1251.04,94.8584,91.3141,1245.18,114.976,91.0553,1284.43,97.5899,46.2956,1220.88,111.791,55.5747,1296.43,120.308,4.68303,1211.57,130.587,17.0827,1290.78,113.145,180.878,1283.76,112.089,193.434,1286.71,125.221,195.433,1277.94,125.909,184.614,0,0,0
005202:1247.15,102.901,163.646,1244.67,103.614,166.708,1244.05,106.752,165.956,1259.7,109.313,159.69,1247.34,114.885,159.598,1266.52,102.366,142.476,1244.16,115.935,141.294,1288.86,98.3043,130.856,1226.78,120.476,128.949,1285.53,98.1776,148.931,1231.23,117.462,151.1,1251.04,94.8584,91.3141,1245.18,114.976,91.0553,1284.99,96.4896,45.6619,1226.79,110.72,53.4318,1300.56,117.44,2.63139,1224.32,131.353,15.4901,1293.67,114.564,180.075,1276.53,112.749,195.293,1289.89,125.958,194.611,1275.85,127.729,184.95,0,0,0
005203:1246.08,103.543,162.744,1244.08,104.002,166.115,1245.54,107.41,164.791,1258.45,108.774,160.16,1252.9,114.857,158.226,1268.27,102.203,142.221,1244.86,116.4,139.804,1288.86,98.3043,130.856,1229.91,121.189,128.495,1291.2,99.3374,148.425,1233.34,117.933,150.877,1251.04,94.8584,91.3141,1245.18,114.976,91.0553,1281.14,96.8576,46.4787,1220.44,110.751,55.5412,1297.99,117.622,3.83652,1224.2,132.007,15.9238,1291.85,116.068,180.709,1275.29,112.857,195.484,1282.18,126.9,195.794,1277.55,126.946,185.05,0,0,0
005204:1268.62,106.959,164.424,1269.39,107.884,166.825,1268.81,111.761,165.2,1272.43,110.547,160.533,1265,118.612,157.292,1266.33,102.468,144.8,1243.88,117.09,140.773,1288.86,98.3043,130.856,1229.91,121.189,128.495,1291.2,99.3374,148.425,1230.79,118.135,150.795,1251.04,94.8584,91.3141,1245.18,114.976,91.0553,1283.39,96.6912,47.3088,1207.63,111.898,55.5025,1296.71,114.665,7.08977,1225.47,133.22,12.8604,1298.25,117.516,178.927,1282.58,113.249,195.42,1283.03,127.489,195.477,1274.47,129.211,186.956,0,0,0
005205:1269.74,106.069,164.65,1271.63,106.724,166.563,1271.3,111.012,165.409,1273.55,109.488,159.48,1274.02,118.684,156.368,1272.38,101.812,141.347,1244.39,116.784,142.06,1288.86,98.3043,130.856,1229.91,121.189,128.495,1292.21,99.9228,148.416,1230.79,118.135,150.795,1251.04,94.8584,91.3141,1243.96,115.084,91.3209,1279.42,97.0069,46.4301,1210.81,112.53,53.7719,1290.11,115.398,9.30701,1219.01,132.944,13.6612,1298.07,117.865,178.937,1290.72,114.581,195.255,1280.19,128.374,195.914,1287.72,131.5,184.515,0,0,0
005206:1282.41,106.642,163.101,1286.6,107.998,164.615,1283.88,111.46,163.86,1290.71,111.942,157.205,1283.7,119.182,155.287,1272.46,101.809,141.448,1245.06,115.388,142.236,1285.12,98.6674,131.753,1229.96,121.189,128.652,1293.32,100.156,148.216,1230.65,118.817,151.374,1251.04,94.8584,91.3141,1241.63,115.3,92.2039,1278.24,97.1008,46.3255,1209.35,110.534,54.5766,1287.91,116.274,8.99056,1222.33,133.931,12.2126,1298.07,117.865,178.937,1292.64,115.406,194.589,1279.85,129.062,195.967,1285.72,131.929,182.999,0,0,0
005207:1292.88,105.667,160.888,1291.86,106.984,162.929,1296.46,110.317,160.93,1284.29,110.958,157.516,1290.67,117.897,152.889,1269.05,102.177,143.471,1254.61,117.905,139.315,1285.12,98.6674,131.753,1229.96,121.189,128.652,1297.88,101.092,147.743,1230.65,118.817,151.374,1252.2,95.0851,91.4042,1241.63,115.3,92.2039,1282.26,97.7841,46.5934,1206.95,112.002,56.3179,1286.06,114.169,10.0118,1229.48,134.488,11.8586,1294.25,118.183,179.553,1293.41,116.344,194.471,1283.92,130.396,195.01,1290.14,132.931,182.461,0,0,0
005208:1270.1,108.428,165.99,1273.33,109.217,167.619,1271.05,113.267,166.467,1279.23,110.913,160.221,1274.29,119.798,157.267,1271.82,101.885,142.115,1256.96,116.891,141.501,1285.02,99.0197,131.945,1229.96,121.189,128.652,1300.21,101.562,147.669,1232.72,119.971,152.185,1255.43,95.7686,90.7046,1240.48,115.409,92.6443,1283.61,97.6907,47.2566,1225.19,113.035,53.1816,1282.69,115.407,10.1837,1226.95,132.986,12.848,1293.92,118.881,179.607,1285.93,118.254,193.832,1292.24,133.081,193.547,1286.76,132.527,183.209,0,0,0
005209:1270.71,108.73,166.195,1277.22,109.237,167.582,1271.8,113.505,166.939,1288.09,110.907,159.346,1274.09,119.809,157.992,1272.46,101.851,142.705,1249.86,116.627,141.843,1287.23,99.4849,131.525,1229.96,121.189,128.652,1300.21,101.562,147.669,1232.72,119.971,152.185,1257.74,95.8757,90.2042,1240.48,115.409,92.6443,1278.18,96.0867,45.8189,1217.52,111.086,55.192,1299.81,115.744,4.51103,1229.63,134.68,12.7125,1295.77,120.416,179.818,1285.18,119.64,193.614,1291.59,134.464,193.816,1288.76,133.028,182.217,0,0,0
005210:1270.75,107.503,165.82,1274.73,108.325,167.683,1271.99,112.584,166.721,1279.51,111.601,160.401,1272.58,119.886,158.236,1267.88,102.588,143.191,1248.39,115.863,143.09,1291.86,100.418,131.336,1229.96,121.189,128.652,1300.21,101.562,147.669,1232.89,119.975,152.706,1257.74,95.8757,90.2042,1240.48,115.409,92.6443,1293.44,99.3763,45.9114,1215.93,112.013,54.5833,1296.35,115.063,6.40358,1229.27,134.832,12.755,1294.68,120.525,180.558,1286.03,120.925,194.359,1291.04,135.498,193.863,1290.15,135.259,182.312,0,0,0
005211:1273.04,109.035,166.801,1273.94,110.109,168.355,1275.27,113.513,166.97,1277.13,113.229,160.914,1278.29,119.954,157.59,1275.15,101.883,141.282,1259.44,116.959,141.583,1291.86,100.418,131.336,1230.99,121.427,128.448,1300.21,101.562,147.669,1234.03,119.872,152.314,1257.74,95.8757,90.2042,1241.43,115.993,92.626,1291.13,99.7726,45.4076,1223.82,111.503,56.6462,1282.78,117.724,7.02214,1234.12,134.148,12.9198,1295.51,121.469,180.614,1282.05,121.926,195.326,1293.23,136.003,193.527,1291.32,135.51,182.441,0,0,0
005212:1275.86,109.362,166.897,1280.23,110.382,168.071,1276.07,113.985,167.363,1292.41,113.533,159.401,1278.06,120.477,158.2,1275.15,101.883,141.282,1257.53,117.249,142.453,1292.98,100.653,131.125,1238.53,123.103,127.962,1300.21,101.562,147.669,1232.84,119.974,152.533,1257.74,95.8757,90.2042,1241.43,115.993,92.626,1287.2,98.9002,48.154,1213.16,110.138,58.9181,1280.79,117.097,9.11968,1238.15,136.298,11.903,1302.67,125.301,180.789,1280.47,122.718,195.57,1289.99,137.568,194.027,1288.59,137.666,181.566,0,0,0
005213:1277.35,108.219,166.981,1283.8,109.635,167.923,1279.93,113.23,167.227,1291.95,113.092,159.458,1284.22,121.051,157.4,1275.15,101.883,141.282,1249.02,117.14,144.361,1292.98,100.653,131.125,1237.1,123.886,128.597,1300.21,101.562,147.669,1235.91,121.026,152.465,1258.97,95.7542,89.9372,1241.43,115.993,92.626,1283.92,98.8082,48.0185,1223.46,110.767,55.291,1291.37,116.098,8.272,1226.82,134.742,14.6843,1289.51,126.295,181.583,1284.55,124.039,194.609,1277.47,138.824,196.696,1294.92,139.541,180.252,0,0,0
005214:1280.45,109.684,166.408,1279.91,110.697,168.833,1279.32,114.276,167.441,1279.68,113.642,162.65,1274.54,120.996,160.055,1275.15,101.883,141.282,1255.58,118.821,145.026,1292.98,100.653,131.125,1240.72,123.586,127.884,1300.21,101.562,147.669,1235.91,121.026,152.465,1265.27,95.1475,88.9526,1241.43,115.993,92.626,1294.93,99.4624,45.7502,1230.89,113.309,55.4309,1286.53,116.298,7.71133,1231.95,136.215,15.5095,1289.51,126.295,181.583,1284.7,126.355,194.886,1282.81,140.088,195.712,1292.29,140.069,181.032,0,0,0
005215:1279.99,109.402,165.709,1281.53,110.524,167.993,1279.06,114.262,166.519,1288.6,113.121,161.155,1277.83,121.015,158.221,1275.15,101.883,141.282,1257.1,118.506,141.635,1292.98,100.653,131.125,1237.41,123.892,129.613,1303.4,102.269,146.409,1237.99,121.502,152.086,1265.27,95.1475,88.9526,1241.43,115.993,92.626,1284.08,97.1574,49.0673,1226.9,111.926,55.7822,1280.92,116.269,10.7662,1241.73,135.029,13.8338,1284.47,126.693,182.395,1285.79,126.601,194.719,1289.41,143.246,193.699,1286.73,141.463,182.115,0,0,0
005216:1284.06,108.614,165.867,1287.04,109.281,167.746,1282.61,113.518,167.161,1292.64,111.516,160.123,1276.79,120.7,159.609,1275.15,101.883,141.282,1255.15,120.137,143.337,1292.98,100.653,131.125,1234.02,124.195,131.002,1306.79,102.978,145.803,1237.99,121.502,152.086,1265.27,95.1475,88.9526,1241.4,116.336,93.1408,1281.94,97.2242,49.9426,1220.16,114.136,56.9244,1295.98,115.56,7.87641,1240.25,136.166,13.9325,1286.44,127.529,182.02,1289.3,129.318,194.182,1287.85,143.674,193.566,1287.74,143.347,180.383,0,0,0
005217:1285.87,109.108,165.682,1291.59,110.309,166.86,1283.03,113.961,166.685,1299.72,113.404,159.219,1276.12,120.922,159.19,1279.72,102.816,141.136,1255.67,117.887,144.624,1292.98,100.653,131.125,1234.15,124.194,131.475,1306.79,102.978,145.803,1237.99,121.502,152.086,1268.79,95.8385,89.0889,1241.4,116.336,93.1408,1285.13,98.8083,48.3726,1230.21,110.823,57.1381,1278.17,116.842,8.77141,1256.23,136.014,10.1959,1288.73,127.325,180.901,1292.8,131.697,192.957,1294.83,146.163,191.466,1287.2,144.379,180.472,0,0,0
005218:1293.05,108.552,164.97,1296.86,110.09,166.476,1291.31,113.877,165.936,1299.57,113.314,159.111,1284.36,122.357,157.762,1280.18,102.829,142.559,1264.37,118.619,142.614,1284.52,101.495,134.051,1231.75,124.392,131.944,1306.79,102.978,145.803,1230.31,122.224,155.694,1271.29,95.594,88.5496,1241.4,116.336,93.1408,1286.48,99.0637,50.021,1231.98,112.293,57.8209,1275.67,117.78,12.5787,1245.48,134.947,13.0638,1307.58,131.579,178.036,1306.65,134.725,193.025,1294.65,146.508,191.494,1288.15,144.636,179.815,0,0,0
005219:1284.91,109.325,168.282,1291.43,110.16,169.134,1286.03,114.655,168.319,1300.72,112.498,160.844,1287.34,122.218,158.826,1281.44,102.712,142.328,1257.02,118.91,146.055,1285.16,101.512,136.015,1231.79,124.392,132.101,1306.79,102.978,145.803,1231.47,122.462,155.978,1269.31,95.1326,89.8386,1241.4,116.336,93.1408,1280.17,99.8189,50.2732,1235.22,111.636,55.7127,1280.44,116.959,9.06651,1260.73,135.453,10.0535,1310.71,132.338,176.68,1311.09,137.043,190.145,1296.48,147.716,191.213,1289.48,144.551,179.787,0,0,0
005220:1280.67,110.027,168.214,1288.65,110.946,169.232,1279.81,115.591,169.129,1299.45,113.033,160.187,1280.88,123.675,159.402,1283.95,102.478,141.866,1255.45,119.885,144.301,1287.68,101.276,135.543,1231.79,124.392,132.101,1306.79,102.978,145.803,1233.46,122.936,155.414,1269.31,95.1326,89.8386,1248.77,115.699,91.7282,1287.07,97.6508,50.7121,1219.41,113.848,57.9466,1295.41,115.174,8.96078,1249.78,137.4,12.1062,1310.71,132.338,176.68,1319.29,138.845,190.096,1292.76,149.598,191.039,1284.88,145.837,179.656,0,0,0
005221:1282.4,110.001,168.731,1287.22,111.015,170.693,1281.43,115.187,169.684,1298.78,113.394,163.192,1282.42,122.885,160.978,1287.44,103.18,141.907,1260.85,120.479,145.117,1300.83,100.81,135.527,1231.58,125.752,133.696,1306.79,102.978,145.803,1238.77,124.133,154.947,1269.31,95.1326,89.8386,1248.94,115.704,92.2592,1288.85,98.4729,49.8031,1228.45,115.255,56.3842,1291.79,115.546,8.77115,1250.84,137.062,11.5124,1309.41,132.435,176.89,1317.98,138.937,190.296,1286.39,151.978,191.468,1296.71,148.347,176.388,0,0,0
005222:1276.65,111.238,170.286,1278.17,112.735,171.986,1275.84,116.06,170.739,1285.7,116.121,163.739,1275.73,123,161.432,1279.86,104.006,147.025,1256.51,119.502,147.131,1303.39,100.57,135.05,1228.16,126.05,134.915,1306.84,102.978,145.967,1239.86,124.373,154.916,1269.31,95.1326,89.8386,1248.94,115.704,92.2592,1291.89,99.3979,51.7284,1234.17,114.202,58.0975,1284.63,115.879,11.4314,1253.83,135.661,11.4295,1293.7,133.574,178.49,1310.09,139.487,191.188,1282.99,154.436,189.17,1299.94,148.777,175.062,0,0,0
005223:1280.96,110.641,169.616,1285.11,112.233,171.049,1277.6,114.5,170.871,1299.1,116.709,162.418,1303.43,126.259,156.241,1284.05,103.533,143.932,1243.56,120.214,149.819,1304.52,100.806,134.84,1228.16,126.05,134.915,1298.67,103.823,150.089,1240.61,125.635,155.481,1269.31,95.1326,89.8386,1248.94,115.704,92.2592,1285.25,100.555,52.7743,1247.05,112.806,56.1007,1274.13,117.345,14.4431,1258.25,136.235,12.1209,1295.02,136.165,178.843,1307.48,142.012,191.423,1286.06,155.219,188.126,1300.86,151.369,174.453,0,0,0
005224:1286.97,113.439,169.166,1292.83,114.017,170.788,1285.95,118.235,170.182,1302.53,115.034,163.075,1305.77,128.824,157.727,1289.61,103.08,144.618,1239.22,119.295,149.436,1301.91,101.802,137.356,1228.16,126.05,134.915,1299.49,103.845,152.601,1240.56,125.977,155.859,1265.02,94.2157,91.1061,1249.07,115.703,92.7412,1285.15,98.4273,51.0971,1244.83,119.888,55.0786,1303.48,115.415,8.90944,1244.29,134.919,16.0526,1303.37,137.266,178.18,1299.93,143.836,191.219,1296.64,157.863,185.413,1295.3,151.692,173.952,0,0,0
005225:1283.88,111.779,167.657,1281.25,113.114,170.283,1298.43,116.179,166.051,1259.83,116.6,167.469,1314.92,121.822,154.909,1289.61,103.08,144.618,1250.97,121.178,147.925,1309.1,101.751,134.164,1228.16,126.05,134.915,1303.91,104.789,151.615,1239.43,127.107,157.908,1261.75,93.5316,91.809,1251.25,116.181,92.4409,1272.06,100.013,55.2006,1234.67,113.69,57.0639,1297.46,117.014,10.9174,1259.2,137.736,12.2023,1306.93,139.328,176.469,1290.87,144.442,192.244,1301.77,159.193,183.361,1294.98,151.691,172.824,0,0,0
005226:1284.11,111.929,170.4,1281.73,113.042,172.921,1284.95,117.222,170.645,1278.82,115.221,166.313,1280.72,124.463,161.941,1279.32,104.071,147.654,1262.84,121.347,147.472,1309.1,101.751,134.164,1232.25,125.771,135.787,1301.35,105.022,152.068,1243.69,126.703,155.296,1266.87,93.7416,92.4651,1251.25,116.181,92.4409,1286.48,98.6284,50.9418,1240.17,116.235,55.3457,1288.16,116.586,10.7823,1254.65,136.629,13.5004,1303.17,139.604,177.458,1293.97,145.561,191.767,1306.12,159.919,181.784,1301.43,153.273,171.23,0,0,0
005227:1296.18,113.074,168.11,1299.67,114.439,169.83,1296.27,118.044,168.566,1301.47,117.573,162.316,1289.45,124.071,160.059,1274.65,105.132,147.391,1265.75,121.834,145.041,1309.19,101.751,134.493,1228.16,126.05,134.915,1304,105.496,153.146,1241.28,126.898,155.731,1268.3,93.6189,92.8657,1251.25,116.181,92.4409,1283.99,98.5926,53.745,1237.07,116.509,56.3,1297.01,116.165,12.1509,1252.94,137.524,14.5907,1290.36,140.506,179.533,1281.33,147.686,192.084,1306.95,161.831,179.54,1301.2,153.273,170.421,0,0,0
005228:1297.63,114.644,168.288,1301.25,115.88,170.093,1285.69,117.342,171.218,1317.69,119.479,160.782,1264.22,119.417,166.697,1287.77,103.958,145.99,1244.47,119.624,150.342,1309.51,101.75,135.648,1226.24,125.911,136.337,1308.74,106.45,153.176,1241.28,126.898,155.731,1268.41,93.6221,93.2222,1251.25,116.181,92.4409,1287.3,99.3134,52.4417,1238.81,115.156,57.7852,1299.33,116.461,9.38618,1251.69,136.489,15.4227,1300.94,143.071,176.388,1294.24,152.777,189.161,1296.74,163.018,178.739,1298.21,153.423,169.589,0,0,0
005229:1292.94,113.378,168.939,1296.36,114.081,171.013,1290.66,118.119,170.348,1300.39,116.124,163.725,1285.36,124.079,162.61,1284.98,104.29,149.97,1254.86,124.186,149.798,1309.74,101.75,136.472,1229.93,127.308,139.12,1306.22,106.683,153.807,1243.4,127.382,155.513,1268.41,93.6221,93.2222,1255.83,117.14,92.6442,1275.53,98.8923,53.5963,1246.72,118.245,54.9004,1290.19,115.837,11.687,1253.38,135.921,14.8944,1305.37,144.108,175.668,1270.09,154.287,192.396,1309.82,166.274,176.096,1301.52,154.219,169.038,0,0,0
005230:1282.32,112.559,171.411,1287.13,113.929,174.8,1286.89,119.262,173.726,1293.75,117.189,166.781,1276.78,125.798,165.005,1279.94,105.073,149.521,1255.62,121.816,147.726,1319.55,100.929,136.974,1225.39,127.7,140.725,1306.22,106.683,153.807,1245.58,127.868,155.452,1268.47,93.6239,93.4005,1259.14,117.863,92.2724,1274.64,98.61,51.782,1262.93,121.268,51.8059,1298.77,116.22,9.86326,1248.82,135.097,16.482,1307.41,144.628,174.657,1280.02,157.24,188.829,1302.35,166.621,173.99,1310.4,156.354,167.558,0,0,0
005231:1280.24,112.968,172.464,1280.71,113.912,175.054,1277.27,117.484,173.873,1285.92,116.487,168.119,1274.29,123.543,165.877,1279.98,105.114,150.723,1261.24,123.008,148.122,1319.55,100.929,136.974,1225.39,127.7,140.725,1306.22,106.683,153.807,1247.68,128.355,155.075,1250.78,95.4577,99.1828,1259.42,117.871,93.1626,1282.87,100.321,54.7246,1236.35,117.248,59.4951,1297.38,115.946,10.317,1263.69,137.017,13.0207,1308.39,144.889,173.988,1281.56,158.442,187.839,1299.76,166.762,174.416,1311.66,157.929,165.944,0,0,0
005232:1280.88,114.347,173.299,1280.95,115.066,175.781,1280.94,119.528,173.806,1287.63,116.657,168.294,1284.13,126.249,164.276,1284.24,104.719,149.852,1270.29,125.012,147.35,1315.93,101.298,138.598,1224.37,127.801,141.472,1306.28,106.684,153.988,1244.33,128.652,156.604,1268.47,93.6239,93.4005,1259.59,117.876,93.6966,1275.44,98.6089,56.3937,1255.39,119.477,54.1109,1295.04,116.683,9.47796,1259.25,136.826,13.8278,1306.49,145.665,173.539,1283.97,158.287,187.082,1310.17,167.49,171.008,1319.87,158.428,163.025,0,0,0
005233:1282.58,114.858,174.031,1282.59,115.996,176.173,1281.5,119.898,174.521,1288.21,118.446,168.196,1279.88,126.4,165.138,1286.77,105.483,149.063,1268.49,123.556,148.496,1314.31,101.191,141.798,1225.4,128.042,141.277,1305.9,106.107,155.956,1242.42,128.858,158.609,1277.35,93.8201,93.6537,1259.59,117.876,93.6966,1280.98,99.6115,55.601,1248.12,118.221,56.5355,1292.5,115.88,11.9285,1265.17,137.674,12.7434,1308.72,146.188,173.174,1291.6,159.455,184.767,1317.64,169.068,167.837,1316.46,158.563,161.102,0,0,0
005234:1298.54,115.902,170.948,1297.18,116.962,173.677,1297.08,121.005,171.688,1291.98,119.049,167.701,1288.68,127.017,163.629,1284.28,105.679,148.626,1261.26,125.534,150.544,1311.11,100.486,143.123,1227.58,128.524,141.357,1303.65,105.631,156.346,1243.46,129.101,158.423,1274.52,93.1293,96.1535,1259.59,117.876,93.6966,1277.3,98.7868,55.585,1246.55,117.217,57.6933,1298.22,116.546,11.5318,1263.33,137.37,15.6161,1312.67,147.58,171.423,1297.39,161.394,181.894,1315.15,168.513,167.375,1314.59,157.679,161.995,0,0,0
005235:1293,116.251,170.519,1289.89,116.577,173.587,1284.77,119.584,172.905,1287.45,117.514,168.068,1263.33,122.783,168.669,1286.81,104.87,151.304,1265.29,122.443,149.518,1311.38,100.486,144.112,1227.58,128.524,141.357,1311.01,107.067,157.191,1246.77,129.832,158.495,1277.02,92.8804,95.624,1259.59,117.876,93.6966,1289.51,100.397,53.5955,1252.06,118.986,57.0774,1297.43,115.638,11.0546,1259.61,134.295,14.3644,1304.22,150.426,170.657,1303.29,164.646,177.428,1315.72,168.784,165.34,1314.45,157.679,161.506,0,0,0
005236:1287.39,115.009,172.726,1290.17,116.176,174.739,1286.71,120.167,173.33,1297.75,118.085,166.686,1285.15,126.682,163.944,1290.74,104.471,149.565,1260.41,125.028,149.565,1311.38,100.486,144.112,1227.58,128.524,141.357,1314.69,107.787,157.592,1253.21,131.303,157.849,1275.88,93.0082,96.2466,1257.29,118.092,94.7613,1277.14,99.4035,55.6209,1252.71,120.444,57.2117,1298.51,115.309,9.91976,1269.54,136.199,13.5354,1317.1,149.585,167.947,1298.52,163.897,177.734,1321.05,171.827,162.436,1318.87,158.413,159.748,0,0,0
005237:1290.62,116.278,174.023,1290.43,118.088,175.749,1290.06,121.157,174.175,1292.02,120.959,167.824,1285.31,127.953,164.839,1283.82,105.116,151.076,1273.88,125.682,149.081,1320.26,101.082,143.843,1227.58,128.524,141.357,1315.83,108.027,157.396,1251.99,131.398,158.066,1274.86,93.1393,97.2257,1256.26,117.85,95.1521,1274.62,97.9512,58.503,1265.78,119.489,54.4829,1295.7,116.222,13.6048,1259.33,133.673,15.981,1307.21,150.857,168.445,1303.89,165.253,176.359,1320.75,173.476,160.536,1315.15,159.254,158.01,0,0,0
005238:1284.72,118.191,175.162,1284.6,119.455,177.501,1282.79,122.991,175.848,1288.52,121.842,170.253,1277.46,129.055,167.487,1276,105.844,152.773,1273.1,125.594,149.94,1326.82,100.477,142.667,1228.61,128.766,141.161,1318.05,108.867,157.379,1249.66,132.278,159.945,1274.92,93.141,97.4043,1262.78,118.721,97.3313,1282.46,101.193,55.9868,1249.33,117.935,59.4487,1296.21,115.77,11.7001,1268.79,136.266,14.8142,1312.01,151.221,167.476,1298.95,164.163,175.263,1316.06,174.016,159.559,1312.67,159.066,158.179,0,0,0
005239:1281.39,116.776,174.995,1282.95,117.97,177.243,1282.05,121.776,175.589,1288.05,119.759,170.425,1280.13,128.93,167.528,1284.98,105.058,152.2,1263.64,123.029,152.337,1342.7,99.0082,139.627,1228.61,128.766,141.161,1318.26,108.87,158.071,1253.14,131.991,158.77,1273.66,93.2651,97.6677,1266.59,119.445,98.7482,1291.5,101.511,53.8049,1250.5,117.371,60.1734,1301.03,115.404,10.2641,1261.58,134.867,14.612,1311.74,152.167,164.072,1304.84,164.48,173.685,1315.3,174.35,157.828,1323.46,161.431,153.983,0,0,0
005240:1284.58,117.042,174.288,1284.26,117.742,176.914,1286.9,122.377,174.489,1287.04,119.167,170.54,1284.87,129.171,166.173,1280.56,105.464,153.012,1260.64,122.821,151.997,1332.56,99.6385,142.606,1228.61,128.766,141.161,1316.39,109.109,160.935,1247.22,132.465,160.376,1273.66,93.2651,97.6677,1269.09,119.235,98.2211,1294.96,102.723,54.1943,1233.37,115.225,63.9827,1305.23,114.759,9.68281,1272.58,135.876,14.1542,1318.25,153.769,162.119,1311.14,166.114,171.421,1314.93,174.345,156.628,1324.62,161.35,153.202,0,0,0
005241:1286.43,118.274,174.259,1288.39,119.323,176.393,1289.03,123.457,174.315,1292.67,120.932,169.662,1286.08,129.974,166.206,1284.94,105.071,152.472,1261.39,123.92,152.725,1326.75,98.451,143.642,1238.26,130.954,140.653,1316.71,109.11,162.087,1247.36,132.465,160.85,1273.78,93.2684,98.0249,1271.6,119.025,97.6923,1293.15,101.214,54.6305,1246,115.862,62.0069,1300.34,115.174,13.0525,1271.36,135.357,14.7295,1318.15,153.769,161.792,1318.32,168.033,167.957,1325.29,175.834,153.444,1328.44,161.117,151.955,0,0,0
005242:1278.16,117.866,176.766,1279.06,119.226,178.913,1280.52,122.921,176.93,1281.82,121.766,172.17,1285.14,130.253,167.252,1272.96,106.154,154.193,1269.38,124.407,150.95,1317.82,97.6428,148.047,1244.73,132.425,140.259,1315.64,109.224,163.129,1248.45,132.711,160.823,1278.96,92.7756,97.5076,1271.6,119.025,97.6923,1280.5,102.263,57.7775,1240.47,115.58,64.5229,1308.17,116.069,9.26705,1275.57,134.794,14.6987,1318.03,153.766,161.428,1316.77,167.992,163.214,1316.85,176.215,153.428,1330.61,160.958,149.764,0,0,0
005243:1290.59,117.662,174.33,1296.66,118.399,175.957,1291.79,122.696,174.716,1304.72,119.072,168.779,1295.38,128.468,165.49,1296.27,104,149.569,1279.79,124.177,151.194,1319.02,97.878,148.01,1244.73,132.425,140.259,1316.78,109.465,162.937,1248.45,132.711,160.823,1278.96,92.7756,97.5076,1271.6,119.025,97.6923,1275.75,101.417,59.5088,1254.27,118.265,62.2322,1302.48,114.068,10.0117,1272,133.58,15.3931,1315.57,153.227,161.118,1316.77,169.301,161.419,1319.98,175.308,148.497,1320.45,161.472,148.875,0,0,0
005244:1286.46,118.756,176.839,1286.18,120.222,179.174,1286.65,123.97,176.846,1288.92,122.207,172.327,1283.39,130.558,167.86,1282.2,105.359,153.951,1267.87,125.178,152.326,1319.02,97.878,148.01,1244.73,132.425,140.259,1317.06,109.471,163.825,1248.45,132.711,160.823,1279.28,92.7817,98.5512,1271.72,119.028,98.0504,1290.1,101.968,55.8478,1254.49,117.151,60.3414,1310.33,115.641,10.3372,1272.85,133.703,14.9714,1315.25,153.227,159.975,1316.4,169.301,160.115,1322.78,171.751,146.058,1327.7,161.003,145.004,0,0,0
005245:1289.83,119.76,176.926,1288.81,121.557,179.409,1291.26,124.657,177.162,1285.88,123.817,173.524,1289.62,131.77,168.391,1261.81,107.212,157.168,1257.11,126.987,155.501,1319.64,97.8919,149.972,1244.73,132.425,140.259,1317.2,109.472,164.319,1251.6,133.451,160.267,1283.23,92.4115,98.2981,1271.72,119.028,98.0504,1274.07,100.616,61.7313,1256.26,117.09,63.4651,1309.01,115.7,10.1245,1273.14,133.37,17.2015,1317.72,152.711,158.31,1321.82,169.995,156.961,1320.33,171.192,145.805,1335.94,159.839,142.689,0,0,0
005246:1283.4,120.056,177.573,1282.56,121.16,179.993,1282.3,124.411,178.212,1284.65,122.884,173.386,1277.26,129.596,170.056,1275.23,105.675,155.909,1267.55,126.664,152.198,1322.75,97.6513,151.217,1244.73,132.425,140.259,1317.34,109.472,164.812,1252.74,133.698,160.398,1283.23,92.4115,98.2981,1271.72,119.028,98.0504,1283.42,101.097,58.8859,1244.94,116.722,65.244,1312.93,115.618,10.6032,1265.41,132.249,21.0829,1320.24,152.543,157.492,1321.82,169.995,156.961,1319.12,172.235,143.786,1337.39,157.37,142.623,0,0,0
005247:1286.49,119.476,176.193,1284.4,120.203,178.996,1288.17,124.337,176.643,1277.38,121.034,174.053,1283.02,130.665,168.785,1259.67,107.114,158.937,1262.08,129.038,152.312,1336.77,96.0618,151.151,1244.73,132.425,140.259,1319,109.367,165.679,1252.78,133.698,160.556,1277.05,93.0391,99.971,1271.72,119.028,98.0504,1278.68,101.349,59.3972,1261.02,120.138,61.0024,1302.42,112.701,11.8694,1271.8,133.313,19.6557,1323.89,151.586,154.349,1330.7,168.795,152.328,1320.51,171.82,143.019,1333.7,154.152,142.475,0,0,0
005248:1285.31,119.794,175.94,1285.51,120.939,178.769,1285.4,124.989,176.605,1286.96,122.709,173.131,1283.54,132.359,168.395,1265.64,106.575,158.468,1270.2,128.182,151.483,1333.26,95.3544,151.758,1242.42,132.616,141.068,1321.68,109.854,166.65,1254.98,134.193,160.502,1277.05,93.0391,99.971,1271.72,119.028,98.0504,1281.71,100.581,60.1201,1241.18,116.834,66.7625,1309.68,113.596,11.1689,1273.03,133.884,18.9282,1323.89,151.586,154.349,1330.51,168.795,151.67,1331.76,169.869,139.912,1343.16,153.943,141.284,0,0,0
005249:1295.46,122.596,175.212,1300.53,124.776,176.078,1290.52,125.827,176.594,1309.2,128.64,167.401,1280.38,129.98,169.246,1270.78,106.1,157.481,1265.42,126.214,152.026,1335.2,94.515,152.387,1246.95,133.261,140.879,1324.44,109.987,167.265,1259.39,135.186,160.392,1277.05,93.0391,99.971,1271.72,119.028,98.0504,1279.6,101.815,58.3526,1256.71,118.908,63.2584,1301.35,112.226,13.2519,1274.05,133.189,19.3144,1327.82,151.334,153.475,1325.48,167.323,150.173,1337.44,167.812,136.381,1351.81,153.713,137.176,0,0,0
005250:1282.78,119.855,177.193,1285,120.765,179.288,1282.48,124.897,177.91,1287.13,121.69,172.522,1281.51,132.043,168.886,1273.02,105.971,159.211,1267.84,128.712,151.841,1335.61,94.5154,153.888,1243.75,133.553,142.969,1324.44,109.987,167.265,1259.39,135.186,160.392,1277.05,93.0391,99.971,1271.72,119.028,98.0504,1281.72,99.8302,60.5078,1256.95,119.704,64.0592,1306.47,111.614,11.7509,1273.83,133.397,20.8448,1332.18,149.312,150.556,1326.72,167.251,149.61,1339.72,165.268,134.154,1345.89,152.346,138.042,0,0,0
005251:1277.05,121.435,177.622,1276.77,123.148,179.699,1288.97,125.935,176.333,1267.99,125.476,174.456,1311.65,132.37,163.917,1279.56,105.33,156.933,1270.46,130.063,153.106,1334.94,93.9275,155.14,1241.15,133.744,142.687,1324.44,109.987,167.265,1259.39,135.186,160.392,1277.05,93.0391,99.971,1271.89,119.033,98.5875,1264.58,99.6327,65.2078,1262.28,118.629,63.3405,1293.39,112.708,15.8925,1288.89,133.012,15.1492,1331.03,149.044,150.755,1330.97,165.978,147.565,1349.19,164.035,130.602,1338.99,150.001,138.301,0,0,0
005252:1294,120.394,177.079,1296.13,121.807,178.579,1293.56,125.524,177.477,1295.63,123.509,171.388,1292.24,133.732,167.778,1276.1,105.681,158.514,1281.41,131.402,149.755,1336.66,93.446,155.617,1241.15,133.744,142.687,1327.01,110.473,167.876,1262.62,135.935,159.991,1277.05,93.0391,99.971,1272.17,119.041,99.4827,1272.58,98.8263,62.2238,1260.87,119.436,64.4141,1302.59,112.012,13.7385,1283.78,134.284,18.4454,1324.04,147.088,150.873,1344.15,163.195,144.48,1350.15,160.471,126.597,1331.43,148.734,138.167,0,0,0
005253:1288.5,121.668,178.224,1288.48,123.463,180.222,1287.8,126.577,178.447,1287.33,125.658,173.437,1286.61,133.729,168.585,1279.61,105.33,157.094,1286.87,130.703,148.709,1336.25,92.4931,157.295,1250.57,133.117,143.899,1327.24,110.473,168.702,1265.86,136.686,159.589,1277.05,93.0391,99.971,1272.17,119.041,99.4827,1274.69,99.1195,62.0351,1261.08,119.429,62.7134,1299.21,110.964,14.9357,1284.88,134.348,17.6511,1331.86,146.561,148.922,1346.57,161.974,140.796,1345.53,156.948,127.586,1333.7,146.517,136.995,0,0,0
005254:1282.67,120.846,178.39,1285.04,122.38,180.195,1284.02,126.158,178.55,1289.28,125.132,172.347,1284.6,133.127,168.75,1282.99,106.034,156.841,1258.79,125.219,154.991,1332.88,91.7932,158.389,1241.15,133.744,142.687,1333.42,110.041,170.567,1262.13,137.65,161.345,1277.05,93.0391,99.971,1272.17,119.041,99.4827,1275.34,102.076,60.0387,1269.3,120.051,60.7939,1294.57,111.249,14.6595,1294.9,134.695,16.0111,1349.08,144.686,143.437,1345.76,160.988,140.764,1348.14,156.784,126.705,1335.82,147.052,135.912,0,0,0
005255:1286.64,121.977,179.323,1287.02,123.033,180.495,1293.86,127.255,178.462,1265.37,125.038,175.189,1283.18,135.636,170.254,1284.26,106.27,157.295,1272.65,129.765,153.25,1333.16,91.7937,159.388,1241.15,133.744,142.687,1333.56,110.041,171.064,1220.75,130.621,172.435,1274.72,93.2925,101.03,1272.17,119.041,99.4827,1290.14,100.604,57.5329,1267.76,120.282,62.2561,1295.53,110.688,14.2722,1297.81,133.518,18.8168,1352.15,143.79,142.719,1334.68,157.527,143.085,1356.86,154.492,123.297,1336.63,145.276,135.238,0,0,0
005256:1294.77,120.335,174.488,1292.59,122.207,175.896,1309.51,124.792,172.835,1277.09,129.858,170.221,1279.37,132.453,170.751,1284.54,106.276,158.169,1273.33,129.081,154.284,1333.16,91.7937,159.388,1241.15,133.744,142.687,1333.88,110.046,172.108,1254.57,138.187,162.111,1272.39,93.5452,102.085,1272.17,119.041,99.4827,1281.18,98.6328,61.248,1260.06,118.442,65.9134,1284.66,108.748,16.8726,1284.55,131.157,24.1862,1363.59,142.709,141.486,1340.44,155.436,139.746,1353.41,150.892,123.472,1336.95,140.126,135.78,0,0,0
005257:1336.47,116.013,165.662,1329.29,116.813,169.742,1352.82,120.24,164.992,1285.81,120.11,170.857,1281.79,132.938,171.522,1284.54,106.276,158.169,1284.44,131.741,150.505,1333.21,91.7938,159.555,1241.15,133.744,142.687,1332.87,110.165,173.365,1254.57,138.187,162.111,1270.01,93.7955,102.96,1272.17,119.041,99.4827,1286.61,99.8871,57.9249,1275.25,121.542,61.0853,1288.67,109.603,16.0337,1295.13,134.456,20.1348,1351.27,137.617,142.185,1347,152.974,138.368,1348.15,148.104,123.793,1342.76,138.317,133.566,0,0,0
005258:1366.19,117.518,159.915,1362.07,119.315,163.427,1379.94,121.839,159.036,1315.36,124.002,165.023,1290.26,134.946,169.205,1284.54,106.276,158.169,1279.62,130.628,151.467,1333.21,91.7938,159.555,1241.15,133.744,142.687,1332.92,110.166,173.531,1254.57,138.187,162.111,1270.01,93.7955,102.96,1272.17,119.041,99.4827,1288.52,100.268,57.846,1273.89,120.886,60.723,1287.51,109.343,16.5315,1292.03,133.715,21.394,1361.95,136.844,139.307,1358.1,151.583,135.427,1356.48,146.851,121.238,1353.96,134.418,131.4,0,0,0
005259:1270.51,125.537,176.366,1270.95,126.373,178.474,1289.57,129.058,174.705,1256.87,127.471,174.102,1287.92,134.404,169.657,1284.54,106.276,158.169,1282.43,131.257,151.246,1330.07,89.8012,163.739,1241.15,133.744,142.687,1335.9,109.944,174.164,1257.76,138.935,161.68,1270.01,93.7955,102.96,1272.17,119.041,99.4827,1282.5,98.9511,60.186,1273.6,120.756,61.8873,1295.47,110.977,15.924,1295.48,134.587,19.1985,1357.75,134.705,140.05,1339.9,147.518,136.428,1355.39,144.156,121.837,1347.11,132.847,133.529,0,0,0
005260:1343.18,117.942,165.568,1341.21,119.131,168.094,1354.88,122.235,165.19,1297.95,123.461,169.518,1286.94,134.136,170.482,1284.63,106.276,158.493,1286.84,132.263,150.523,1327.13,89.1131,166.174,1241.21,133.746,142.862,1334.76,110.062,174.924,1259.92,139.438,161.468,1270.01,93.7955,102.96,1272.17,119.041,99.4827,1290.48,100.694,57.1286,1275.95,121.342,60.3735,1291.04,110.122,15.2774,1285.14,132.17,22.5673,1354.56,133.197,140.615,1337.84,144.581,137.845,1345.11,138.977,124.354,1353.43,132.703,131.372,0,0,0
005261:1324.93,120.806,171.351,1323.56,122.046,173.835,1339.04,125.057,170.53,1290.36,125.697,171.492,1294.62,135.929,168.854,1284.63,106.276,158.493,1282.2,131.204,151.254,1328.68,88.99,166.682,1238.32,134.044,145.814,1335.58,110.073,177.674,1259.4,140.115,161,1270.01,93.7955,102.96,1272.17,119.041,99.4827,1287.62,100.095,57.7765,1267.92,119.489,63.1095,1296.33,111.086,17.0831,1285.43,132.218,22.8083,1362.97,132.238,139.081,1330.79,142.631,138.032,1343.01,135.679,125.136,1351.43,131.825,132.327,0,0,0
005262:1363.6,119.305,162.665,1360.18,120.419,165.91,1378.26,123.079,162.18,1315.33,124.084,166.508,1293.81,135.732,169.128,1288.16,106.984,158.727,1290.27,133.04,150.068,1331.68,88.7376,167.473,1238.66,134.053,146.862,1324.81,110.394,181.923,1259.4,140.115,161,1270.32,93.7937,104.099,1272.17,119.041,99.4827,1288.06,100.136,58.5866,1272.93,120.651,61.2625,1289.45,109.675,17.5646,1290.81,133.447,21.5299,1356.2,130.67,141.694,1344.85,140.643,135.594,1345.61,133.427,125.175,1349.71,130.224,132.992,0,0,0
005263:1299.68,122.925,172.859,1297.56,124.033,175.942,1317.12,126.408,171.958,1267.27,126.637,174.526,1291.39,135.154,169.871,1296.1,108.654,157.89,1290.4,133.457,150.048,1329.23,89.0009,168.45,1238.66,134.053,146.862,1324.95,110.395,182.417,1259.4,140.115,161,1274.89,94.7086,103.842,1272.17,119.041,99.4827,1279.9,98.365,61.5026,1274.12,120.832,62.4476,1286.1,108.929,18.8546,1294.81,134.265,22.1846,1368.68,126.215,138.297,1343.57,135.92,136.408,1345.84,130.647,125.639,1347.1,126.67,136.634,0,0,0
005264:1346.51,120.851,165.712,1340.09,122.071,169.631,1361.99,124.978,164.957,1291.93,125.4,171.222,1297.36,136.49,169.489,1294.08,108.224,158.182,1287.21,132.681,151.321,1320.28,89.9056,170.493,1238.66,134.053,146.862,1325.13,110.395,183.075,1254.65,140.473,162.391,1277.22,95.1675,103.877,1272.17,119.041,99.4827,1283.57,99.2526,58.5425,1272.36,120.45,62.659,1288.27,109.476,16.8595,1301.42,135.795,20.2776,1372.92,125.903,137.745,1349.62,132.762,137.129,1357.41,129.843,125.827,1335.54,124.117,139.242,0,0,0
005265:1243.79,128.498,179.068,1245.39,129.147,181.778,1265.78,131.746,177.331,1236.59,129.184,178.438,1294.32,135.837,169.239,1297.72,108.964,158.259,1289.79,133.319,150.148,1320.34,89.9071,170.674,1238.66,134.053,146.862,1323.27,109.913,184.913,1242.92,138.846,163.828,1277.22,95.1675,103.877,1272.17,119.041,99.4827,1281.49,99.4912,60.8829,1270.65,120.066,63.0493,1281.07,107.907,19.0292,1298.04,134.991,21.6212,1373.19,123.462,139.042,1349.44,129.972,136.314,1357.64,126.681,125.741,1342.01,123.233,136.495,0,0,0
005266:1271.46,126.402,177.071,1266.58,126.122,180.675,1293.15,130.227,175.712,1240.91,125.981,178.703,1297.78,137.335,169.906,1295.93,108.598,158.256,1301.62,135.984,148.86,1316.87,90.3006,172.572,1238.66,134.053,146.862,1323.27,109.913,184.913,1251.09,140.74,163.386,1277.22,95.1675,103.877,1280.02,120.754,98.5277,1284.14,100.108,59.1801,1279.5,122.068,60.6936,1283.77,108.559,17.0451,1296.24,134.575,22.113,1366.83,120.464,140.736,1367.12,127.538,130.745,1371.93,125.272,124.027,1365.41,121.425,132.872,0,0,0
005267:1334.52,124.693,168.145,1328.27,125.4,172.334,1354.62,128.466,166.712,1285.39,126.604,173.833,1297.7,137.341,169.497,1297.67,108.92,158.836,1294.4,134.368,149.465,1312.88,89.7455,175.835,1238.66,134.053,146.862,1323.27,109.913,184.913,1251.09,140.74,163.386,1277.22,95.1675,103.877,1280.02,120.754,98.5277,1280.3,99.2145,61.6495,1277.88,121.682,61.4645,1284.48,107.425,18.84,1295.55,134.361,23.2231,1368.26,117.917,141.076,1368.74,124.025,134.489,1371.02,122.197,125.108,1359.4,117.711,134.468,0,0,0
005268:1341.62,123.115,167.258,1340.5,123.997,170.381,1359.88,126.822,166.385,1304.71,126.525,169.651,1297.52,137.361,168.562,1299.45,110.476,158.282,1288.24,132.977,150.194,1312.51,89.8887,178.986,1241.07,133.868,146.412,1338.59,108.677,185.207,1251.09,140.74,163.386,1277.27,95.1672,104.04,1280.02,120.754,98.5277,1285.7,100.413,59.2716,1270.66,120.039,63.5644,1294.2,108.347,16.0617,1297.06,134.767,21.8556,1353.86,115.038,147.911,1375.27,121.4,132.918,1364.37,119.194,125.937,1379.04,116.155,131.72,0,0,0
005269:1334,123.862,171.315,1335.36,124.612,173.807,1351.15,127.796,170.506,1307.05,126.646,171.215,1300.3,137.967,168.677,1296.62,110.185,159.94,1295.42,134.582,149.59,1312.21,90.6002,179.035,1241.07,133.868,146.412,1338.63,107.012,187.039,1253.24,141.243,163.177,1277.27,95.1672,104.04,1280.02,120.754,98.5277,1279.78,99.1874,60.2737,1274.27,120.828,63.0415,1295.88,108.731,15.1865,1299.19,135.192,22.3761,1350.76,113.202,148.252,1377.9,115.306,135.659,1371.1,117.302,126.283,1368.5,111.434,135.652,0,0,0
005270:1267.72,129.221,174.648,1268.74,129.617,177.688,1290.66,132.118,173.185,1263.32,129.788,175.014,1296.38,137.029,169.838,1298.32,110.481,160.856,1299.3,135.444,149.379,1320.75,94.2303,178.24,1241.07,133.868,146.412,1313.24,101.559,194.006,1253.24,141.243,163.177,1277.27,95.1672,104.04,1278.87,120.861,99.1523,1279.91,99.1728,60.988,1276.86,121.424,62.1924,1289.44,107.298,17.7874,1300.86,135.568,22.0589,1359.85,111.067,147.574,1367.97,108.535,142.69,1382.1,112.968,127.054,1365.55,112.761,137.426,0,0,0
005271:1370.22,120.469,165.63,1361,121.849,170.451,1384.19,124.724,165.476,1299.39,125.672,174.768,1298.83,137.602,169.308,1292.35,109.195,161.958,1303.77,136.466,148.652,1322.19,94.47,178.96,1257.29,137.553,145.827,1330.46,106.402,189.723,1255.43,141.746,163.126,1277.27,95.1672,104.04,1276.4,121.072,99.8606,1279.39,99.0488,61.3614,1276.53,121.407,61.2953,1290.03,107.431,17.5433,1298.01,133.725,22.7314,1369.66,109.294,149.48,1383.87,107.246,141.89,1386.48,108.804,129.892,1374.22,111.11,140.099,0,0,0
005272:1291.58,126.647,180.291,1293.67,127.52,181.326,1294.7,131.239,179.706,1273.89,128.953,176.539,1297.31,137.263,169.387,1300.06,110.858,160.535,1296.06,134.739,149.319,1321.19,94.6019,180.069,1256.84,137.534,144.536,1326.32,105.448,191.953,1256.53,141.999,163.1,1277.27,95.1672,104.04,1278.59,121.563,99.4024,1282.32,99.6798,60.4256,1271.73,120.277,63.3458,1291.71,107.798,16.9699,1311.14,133.058,20.53,1361.29,108.665,152.812,1374.34,105.031,148.748,1392.36,107.734,133.155,1378.82,111.137,141.356,0,0,0
005273:1295.05,127.131,177.935,1297.62,127.723,179.891,1295.06,132.142,178.414,1304.13,128.074,173.276,1300.38,138.387,168.639,1304.63,111.857,159.441,1285.13,132.16,152.392,1317.7,93.9046,180.432,1257.36,137.532,146.388,1326.56,105.454,192.676,1258.64,142.504,162.732,1277.27,95.1672,104.04,1279.82,121.809,99.6617,1290.67,101.493,57.4953,1272.95,120.57,62.7323,1295.41,108.48,18.0099,1306.77,132.191,19.5197,1352.81,103.934,157.972,1381.26,102.71,149.406,1376.42,104.866,136.901,1381.8,111.045,146.316,0,0,0
005274:1299.66,127.608,176.567,1299.93,128.182,179.389,1298.27,132.737,176.86,1297.48,127.199,174.848,1300.64,138.022,169.003,1298.96,110.596,161.147,1300.42,135.737,148.595,1316.56,93.6732,180.613,1251.85,136.365,145.251,1329.59,105.229,193.531,1259.16,142.757,160.645,1287.64,94.1873,102.855,1279.82,121.809,99.6617,1283.2,99.9205,59.2432,1284.23,123.114,59.8555,1285.1,106.441,17.6102,1317.86,134.58,18.8325,1353.89,103.22,160.382,1380.69,101.736,150.508,1378.01,103.4,139.937,1376.22,109.429,148.559,0,0,0
005275:1296.14,127.034,176.731,1297.72,127.638,179.692,1294.88,132.233,177.118,1298.32,126.547,175.3,1298.76,137.617,168.848,1296.27,110.043,161.165,1295.82,134.716,148.846,1316.56,93.6732,180.613,1247.31,135.399,144.422,1329.68,105.23,193.86,1259.16,142.757,160.645,1288.91,94.063,102.594,1279.82,121.809,99.6617,1279.25,98.9946,61.8534,1281.08,122.772,62.8633,1286.86,106.719,18.9365,1311.94,133.17,21.4728,1353.77,102.618,163.759,1377.43,99.6657,155.112,1378.84,100.583,142.945,1353.25,101.742,156.145,0,0,0
005276:1293.95,127.785,177.638,1295.94,128.082,180.378,1292.34,133.21,178.194,1295.02,126.688,175.621,1301.74,138.313,168.229,1295.89,110.671,163.258,1297.91,135.205,148.334,1315.42,93.4421,180.794,1248.21,135.285,143.417,1329.75,104.287,197.013,1259.16,142.757,160.645,1288.91,94.063,102.594,1279.82,121.809,99.6617,1289.14,98.9318,57.2285,1272.57,123.098,65.1317,1298.34,106.626,14.9835,1308.67,133.535,22.9318,1357.97,102.021,167.891,1378.59,99.6752,159.111,1369.92,98.2757,146.884,1366.79,103.457,158.26,0,0,0
005277:1306.85,127.366,175.627,1302.45,128.049,178.474,1307.42,132.802,175.758,1286.5,128.28,174.096,1307.53,139.62,167.741,1296.78,112.127,160.346,1303.03,136.749,147.802,1313.12,92.982,181.006,1247.14,135.031,143.597,1329.93,104.288,197.672,1259.2,142.757,160.803,1288.91,94.063,102.594,1279.82,121.809,99.6617,1292.4,97.5314,57.5753,1287.99,122.612,61.8998,1312.54,105.826,12.7311,1309.93,134.301,22.2491,1359.24,101.678,171.422,1393.95,100.16,159.399,1382.09,100.472,149.142,1374.26,103.956,160.981,0,0,0
005278:1294.26,127.453,177.895,1295.79,127.701,180.438,1292.93,132.709,178.723,1298.15,127.139,174.728,1306.14,139.288,168.154,1305.52,112.478,161.872,1303.87,136.944,147.613,1313.12,92.982,181.006,1251.43,136.026,143.121,1327.98,103.815,199.18,1261.91,143.476,159.231,1292.91,93.6941,102.348,1279.82,121.809,99.6617,1287.46,98.3243,57.3079,1270.14,123.314,65.207,1298,105.646,15.6901,1310.86,134.39,21.6145,1351.11,102.554,177.076,1397.94,98.5868,165.105,1384.89,100.374,153.442,1371.82,104.576,162.951,0,0,0
005279:1294.44,126.747,175.245,1295.06,126.732,178.225,1292.34,132.055,176.21,1295.28,125.452,173.666,1300.44,138.047,167.848,1304.22,110.599,160.555,1298.41,135.665,148.971,1313.12,92.982,181.006,1254.82,136.74,143.868,1329.49,103.341,199.127,1262.43,143.518,160.404,1293.14,93.7006,103.069,1279.82,121.809,99.6617,1290.32,97.9366,57.5276,1272.03,122.334,64.5756,1301.26,106.096,16.2349,1305.5,132.632,23.0392,1348.48,102.572,181.702,1369.18,96.1155,177.328,1380.21,101.253,157.946,1364.39,104.941,166.378,0,0,0
005280:1302.35,128.542,175.154,1302.12,129.114,177.796,1301.8,133.95,175.194,1296.51,128.33,173.345,1305.04,139.098,167.278,1301.64,112.662,161.76,1306.29,134.472,145.226,1313.12,92.982,181.006,1255.86,137.092,142.011,1335.29,102.879,199.985,1262.43,143.518,160.404,1293.19,93.7023,103.25,1279.82,121.809,99.6617,1270.87,99.2229,62.5123,1281.63,122.323,62.1773,1289.93,107.293,19.7169,1315.65,134.19,17.1393,1353.4,102.955,185.017,1373.9,97.229,180.633,1368.59,101.56,170.213,1361.97,105.312,172.847,0,0,0
005281:1300.87,128.827,176.323,1307.23,129.364,178.262,1301.07,134.4,176.609,1312.59,128.21,172.069,1306.92,139.513,167.263,1312.3,113.361,159.492,1290.52,135.758,148.179,1313.12,92.982,181.006,1254.82,136.74,143.868,1334.69,101.932,200.832,1262.43,143.518,160.404,1289.37,94.0762,104.033,1278.9,121.923,101.004,1284.98,97.602,59.2828,1277.81,123.317,62.6954,1298.85,104.117,16.2564,1313.59,133.145,21.0803,1360.94,106.229,188.433,1388.28,98.5653,184.314,1369.77,103.785,177.457,1363.93,107.776,178.279,0,0,0
005282:1301.41,128.753,175.356,1305.12,129.448,177.546,1299.9,134,175.943,1308.33,129.111,171.895,1305.24,139.11,167.804,1304.49,112.374,161.367,1296.84,136.339,146.313,1316.67,93.6749,180.957,1256.93,137.24,143.475,1334.69,101.932,200.832,1262.43,143.518,160.404,1289.37,94.0762,104.033,1278.9,121.923,101.004,1281.55,97.806,59.8456,1284.58,122.493,61.6179,1302.77,105.943,14.9971,1321.89,134.932,15.4952,1358.8,105.517,193.653,1377.86,101.051,190.363,1373.11,105.02,181.322,1348.31,109.679,187.99,0,0,0
005283:1295.69,129.696,175.444,1297.23,129.959,178.561,1296.16,135.073,176.032,1297.7,128.576,174.109,1309.15,140.038,166.738,1301.44,112.711,161.666,1294.59,137.219,146.479,1320.18,94.3701,180.744,1257.74,136.874,140.897,1341.23,101.331,199.685,1261.36,143.609,161.152,1288.1,94.2004,104.293,1278.96,121.924,101.184,1286.59,97.0328,57.991,1278.12,124.769,63.4097,1308.42,104.371,13.263,1316.15,135.278,20.1305,1359.98,106.629,199.161,1389.78,105.246,199.686,1371.28,108.331,194.403,1368.01,111.722,193.283,1305.74,119.473,278.961
005284:1289.72,129.333,176.987,1296.09,129.925,179.149,1291.29,134.61,177.214,1303.53,128.818,173.675,1308.61,139.899,167.045,1302.96,112.218,162.328,1301.73,138.127,145.609,1320.18,94.3701,180.744,1258.99,137.871,140.84,1331.33,98.8472,202.385,1261.36,143.609,161.152,1288.1,94.2004,104.293,1278.96,121.924,101.184,1283.67,97.6857,58.7135,1279.74,124.149,62.9503,1302.91,104.927,13.3488,1318.25,134.015,18.1586,1358.44,106.88,203.359,1378.77,106.342,206.337,1364.32,111.608,203.43,1371.42,113.695,198.615,1304.82,120.846,276.996
005285:1300.88,129.701,175.734,1302.79,129.969,178.172,1300.18,135.157,176.128,1300.91,128.885,172.928,1307.11,139.572,167.002,1293.43,113.448,162.655,1304.29,135.992,145.038,1315.13,94.8698,181.924,1255.33,136.953,142.338,1329.42,99.106,204.916,1262.42,143.864,160.966,1288.1,94.2004,104.293,1278.96,121.924,101.184,1279.38,97.6347,60.3883,1295.33,122.404,58.0691,1295.49,105.185,18.3419,1325.35,134.16,15.1977,1364.27,110.058,209.616,1382.75,107.597,212.088,1385.18,114.811,213.08,1377.92,118.257,204.435,1309.23,120.451,275.171
005286:1301.13,130.177,174.782,1305.63,130.573,176.871,1303.21,135.982,174.973,1309.75,129.722,170.495,1313.37,141.047,165.475,1304.05,113.172,160.932,1288.76,134.239,147.397,1315.13,94.8698,181.924,1255.26,136.842,143.839,1321.64,97.4678,206.888,1262.42,143.864,160.966,1288.1,94.2004,104.293,1310.58,121.39,94.5529,1286.21,97.2795,57.9135,1285.32,124.611,60.9181,1310.9,106.642,12.9288,1323.96,134.78,13.5583,1356.71,111.982,218.586,1358.02,111.421,225.97,1358.39,119.572,222.848,1361.15,123.309,216.114,1308.35,120.433,272.501
005287:1296.11,130.396,175.675,1302.74,130.391,177.587,1295.99,135.857,176.165,1309.77,128.424,171.219,1309.78,140.208,166.232,1308.94,112.536,159.946,1298.45,137.607,144.875,1312.34,95.4707,182.177,1257.76,137.596,140.781,1314.82,96.1583,206.293,1259.95,144.036,161.4,1288.1,94.2004,104.293,1285.53,123.408,99.6465,1288.18,97.6922,58.6003,1284.78,124.883,60.609,1303.72,104.73,15.3345,1318.78,132.477,16.9067,1356.38,113.562,224.16,1363.44,110.872,233.887,1364.67,123.496,231.848,1355.89,127.333,223.207,1307.73,120.423,270.513
005288:1298.09,130.46,173.917,1299.38,130.384,176.722,1299.44,136.092,174.439,1302.93,129.231,171.187,1314.16,141.226,165.425,1301.94,114.587,160.296,1289.74,135.834,146.745,1312.34,95.4707,182.177,1264.36,138.994,142.133,1342.92,95.4691,203.95,1257.48,144.207,161.832,1285.45,94.4452,104.454,1288.63,124.155,98.1367,1284.17,97.7683,59.4468,1286.01,123.447,60.7184,1312.91,105.763,12.9285,1329.46,134.705,12.7588,1350.05,114.263,230.513,1351.54,112.394,240.87,1366.07,124.963,238.7,1356.32,127.463,229.094,1307.08,120.411,268.513
005289:1302.91,130.713,172.968,1305.16,131.103,175.758,1301.54,136.097,174.039,1306.89,130.56,170.557,1312.65,141.228,166.344,1295.13,113.935,161.876,1302.18,135.356,144.337,1313.34,95.7021,181.506,1256.85,137.32,141.928,1322.94,97.3459,206.702,1257.48,144.207,161.832,1285.45,94.4452,104.454,1288.63,124.155,98.1367,1280.29,96.8005,60.9866,1293.59,124.641,59.4828,1321.86,105.187,12.3693,1315.78,134.652,13.4994,1340.06,115.155,233.934,1346.42,112.979,246.527,1355.19,126.989,245.987,1341.5,127.744,237.776,1306.46,120.401,266.525
005290:1295.5,130.604,174.966,1300.89,130.816,177.268,1295.11,135.781,175.978,1308.76,129.737,171.287,1308.09,140.924,167.599,1305.88,113.717,160.527,1298.27,137.327,145.616,1316.52,96.3988,180.145,1263.41,138.885,140.486,1313.8,95.4885,207.842,1263.52,145.736,159.608,1278.52,95.0443,103.781,1288.63,124.155,98.1367,1286.42,96.8328,57.9628,1290.16,124.377,61.1034,1306.38,105.352,13.957,1325.46,133.626,15.5519,1333.63,115.835,239.573,1337.52,113.181,251.896,1344,128.036,254.337,1326.05,129.068,245.064,1310.85,120.001,264.655
005291:1303.91,131.019,172.539,1306.94,130.972,175.134,1302.65,136.387,173.589,1308.02,129.531,169.989,1308.7,141.476,167.165,1304.56,113.972,159.686,1298.93,139.263,145.146,1315.01,98.1614,177.979,1254.41,138.793,140.178,1312.68,94.9032,207.493,1263.43,145.736,159.29,1278.58,95.046,103.96,1288.63,124.155,98.1367,1284.18,95.4979,58.0405,1292.44,124.911,58.7989,1309.31,105.113,14.1623,1327.28,133.226,15.9762,1321.76,114.234,244.748,1327.5,112.43,255.945,1319.76,125.602,260.406,1317.07,129.176,249.547,1310.01,119.986,261.989
005292:1304.61,131.33,171.722,1307.12,131.24,174.637,1305.13,136.652,172.574,1307,129.49,170.259,1310.27,141.858,166.624,1301.08,114.821,159.995,1304.62,139.066,142.409,1311.79,97.3735,180.785,1257.13,140.269,138.695,1318.75,94.2768,205.49,1263.43,145.736,159.29,1278.58,95.046,103.96,1288.63,124.155,98.1367,1278.61,96.212,61.6748,1294.35,124.514,58.8516,1304.43,103.851,15.9943,1331.32,133.56,13.7122,1305.9,110.603,244.924,1306.83,108.708,259.879,1305.54,121.383,265.769,1303.81,124.767,251.948,1309.58,119.979,260.657
005293:1304.28,131.634,171.86,1300.53,130.61,175.305,1298.91,136.206,174.164,1304.17,130.222,170.459,1290.84,140.703,167.738,1303.74,114.669,158.448,1280.56,138.175,148.371,1314.07,96.3647,181.618,1266.17,141.566,136.228,1310.8,98.806,204.747,1265.87,146.099,155.205,1299.48,99.3741,101.125,1285.14,118.666,99.0472,1292.01,97.3212,56.9127,1286.98,124.429,57.3681,1295.13,104.463,17.855,1310.57,133.131,19.1835,1282.63,95.0839,222.038,1284.34,89.5515,224.576,1257.53,92.3588,230.977,1260.37,97.3588,227.857,1300.94,117.998,263.018
005294:1304.28,131.634,171.86,1305.11,131.646,174.559,1298.91,136.206,174.164,1304.17,130.222,170.459,1295.35,141.759,166.978,1308.62,114.254,157.605,1285.04,139.222,147.562,1314.07,96.3647,181.618,1266.06,142.952,136.963,1315.47,98.3484,203.366,1261.39,146.425,156.712,1299.66,99.3731,101.804,1289.71,119.677,98.0968,1292.23,97.3278,57.6012,1286.98,124.429,57.3681,1295.13,104.463,17.855,1310.57,133.131,19.1835,1260.35,95.9836,227.169,1248.88,90.5476,232.139,1218.59,93.7267,238.241,1225.59,98.1783,234.608,1287.5,115.052,264.541
005295:1299.41,131.999,172.663,1305.11,131.646,174.559,1298.91,136.206,174.164,1304.17,130.222,170.459,1295.17,141.759,166.314,1308.36,115.671,157.651,1284.85,139.222,146.898,1313.84,96.3592,180.938,1270.8,142.621,136.069,1310.6,97.3872,203.367,1261.17,146.419,156.043,1299.48,99.3741,101.125,1289.71,119.677,98.0968,1292.23,97.3278,57.6012,1291.87,124.038,56.2339,1295.13,104.463,17.855,1315.63,132.757,17.9167,1279.4,92.7877,225.922,1281.31,87.2709,229.119,1250.5,89.2081,236.646,1252.91,95.5381,232.931,1271.11,112.582,271.132
005296:1304.09,131.634,171.192,1305.11,131.646,174.559,1303.05,137.248,172.068,1308.76,131.26,169.699,1300.03,141.421,165.491,1308.18,115.671,156.978,1289.68,138.878,146.025,1308.34,96.8107,179.683,1265.88,142.953,136.306,1314.59,96.9095,199.947,1256.49,146.738,156.877,1299.48,99.3741,101.125,1289.71,119.677,98.0968,1296.93,96.8623,55.7878,1291.87,124.038,56.2339,1295.37,103.021,17.7933,1310.57,133.131,19.1835,1251.93,96.8933,230.374,1245.3,92.3896,236.023,1206.72,96.4028,243.81,1212.97,100.821,238.329,1254.82,110.155,276.94
005297:1299,131.993,171.318,1304.69,131.64,173.209,1298.49,136.2,172.819,1303.98,130.222,169.791,1300.03,141.421,165.491,1307.95,115.665,156.295,1284.85,139.222,146.898,1308.34,96.8107,179.683,1265.88,142.953,136.306,1314.59,96.9095,199.947,1251.66,147.055,157.057,1299.48,99.3741,101.125,1289.71,119.677,98.0968,1297.11,96.8604,56.473,1291.87,124.038,56.2339,1295.16,103.014,17.0974,1315.42,132.75,17.2109,1247.39,94.6073,229.623,1240.79,90.1239,235.263,1206.68,93.7393,242.478,1213.17,98.1521,237.626,1243.48,108.714,283.466
005731:95.9337,-12.0549,-1.40886
