011353:959.338,79.4144,151.001,962.238,76.3671,153.931,964.458,82.4168,152.845,969.617,70.8345,150.127,978.447,85.2329,147.077,965.963,60.6055,131.948,979.671,86.2737,125.065,943.169,42.9184,115.182,982.886,95.4121,107.898,924.444,36.0395,102.429,978.668,114.705,103.841,984.061,46.678,80.0524,982.549,65.5169,78.1326,954.491,46.2146,38.5767,983.765,77.421,41.6129,980.08,19.9692,27.0076,1012.81,55.7853,11.5742,895.448,42.0856,70.5718,878.486,50.758,71.0845,876.152,48.3304,58.6344,881.12,38.6473,61.8946,0,0,0
011354:957.778,80.431,150.959,960.924,77.2554,153.995,963.836,83.5145,152.575,969.967,71.3581,150.25,980.623,86.367,146.474,967.604,61.2442,131.616,979.849,87.3988,124.884,943.098,43.1315,115.741,985.646,97.7254,107.364,925.127,36.2887,102.755,972.676,115.357,105.938,983.45,47.0992,79.8755,981.757,65.8997,77.882,950.379,46.8748,40.0769,983.765,77.421,41.6129,980.664,20.9241,26.0887,1012.36,55.6231,10.3533,890.021,41.6829,72.9339,876.23,51.4648,71.9166,874.487,48.7938,59.5202,881.076,38.8561,62.5052,0,0,0
011355:957.254,80.9585,151.196,960.212,77.7462,154.216,963.802,84.0116,152.649,969.553,71.9627,150.251,981.52,86.9488,146.174,966.541,62.0492,131.913,982.607,88.6051,124.456,940.415,43.5666,116.469,990.381,102.601,106.189,922.891,37.9222,104.254,972.242,116.122,106.961,986.614,48.1675,79.4672,986.109,66.8948,76.9426,948.008,48.1573,41.4633,983.376,77.4696,41.6337,982.87,23.034,24.1656,1012.34,55.6237,10.2645,891.585,43.2916,72.7405,877.701,51.9106,72.0043,874.04,49.5476,59.9781,881.395,39.3062,62.4105,0,0,0
011356:960.304,81.3739,150.103,962.718,78.0227,153.212,965.521,84.3749,151.885,970.046,71.8924,149.776,979.524,87.0222,146.457,963.604,62.532,132.918,980.281,88.135,125.415,939.921,43.8287,116.855,988.475,102.647,106.792,924.876,38.4665,104.132,968.728,117.384,108.99,982.334,48.9918,80.2441,983.579,67.1354,77.3064,947.332,48.7939,41.7328,984.271,77.7015,41.0953,978.383,24.689,25.2549,1012.34,55.6237,10.2645,889.034,43.9256,74.2011,876.011,52.7164,73.2449,873.728,49.5989,60.0721,879.557,40.1927,64.2841,0,0,0
011357:958.608,81.3228,151.142,961.53,77.9896,154.032,964.64,84.4556,152.552,969.256,71.8737,150.331,979.567,87.2405,146.579,959.779,61.9993,134.408,980.831,88.7792,125.722,938.542,44.776,117.842,988.954,103.14,107.237,922.734,38.8566,105.264,965.578,118.084,110.613,971.43,48.2242,82.5616,978.823,66.3336,77.9888,948.717,49.1054,41.3193,984.686,77.8183,40.6967,977.316,25.946,25.5184,1012.34,55.6237,10.2645,884.945,44.6107,75.4639,873.33,53.6717,74.5147,873.603,50.3049,60.4289,879.148,41.1013,64.429,0,0,0
011358:958.012,80.1095,151.134,960.798,77.0181,154.086,962.769,83.5226,152.73,967.422,71.8649,150.657,974.868,87.4023,147.161,959.589,62.2136,134.505,982.121,89.2305,125.476,940.158,45.2303,118.059,986.952,104.083,108.246,918.575,39.5708,106.723,960.544,118.802,112.63,971.338,48.9178,84.0368,978.076,67.2418,80.3135,943.726,50.9101,42.2713,985.101,77.9352,40.2977,974.09,28.1028,26.3196,1012.58,55.5636,9.69519,885.244,44.9683,76.9203,875.715,54.4706,74.2926,871.306,50.8648,61.4617,879.965,41.6463,64.5332,0,0,0
011359:954.137,81.3231,152.041,956.841,78.3284,154.966,960.348,84.5689,153.311,965.825,73.1915,151.145,977.749,88.0823,146.761,958.79,63.5752,135.089,984.683,90.1073,125.326,939.941,47.0483,119.352,987.8,105.759,108.601,917.612,39.7347,107.035,968.072,122.181,113.11,972.913,49.272,83.5169,976.54,67.9469,80.8804,940.758,51.5479,43.226,984.365,78.0314,40.5125,967.779,30.2561,28.4858,1012.91,55.5066,9.3842,885.052,45.8731,77.9262,873.345,55.2282,75.8049,871.308,51.5645,62.3411,878.084,42.6825,65.7644,0,0,0
011360:950.47,81.6147,153.018,953.412,78.6497,155.803,957.15,84.6054,154.208,964.323,73.5259,151.52,977.192,87.7129,147.29,959.768,64.0548,135.049,984.106,89.9461,125.726,940.652,48.3383,119.747,988.799,107.063,108.988,917.628,40.0946,107.485,965.76,122.556,114.596,975.929,49.9426,82.6619,974.047,68.5398,82.0316,935.9,52.3529,45.6779,983.244,78.1748,40.7709,962.501,32.3684,29.6088,1013.23,55.4494,9.07306,886.98,46.4159,77.9358,873.566,55.5275,75.8267,868.789,52.3217,63.3519,877.182,42.8424,66.1588,0,0,0
011361:952.796,82.3212,152.656,955.257,79.2,155.511,958.674,85.4333,154.024,965.725,73.7035,151.162,977.095,88.488,147.364,960.581,64.5321,134.459,983.514,90.3299,125.966,940.652,48.3383,119.747,995.29,108.306,107.947,916.238,41.0878,109.544,958.339,121.137,116.97,979.255,50.6919,81.5409,975.298,69.2425,81.5949,933.19,53.1436,46.9757,981.015,77.9231,41.2153,963.198,33.8558,29.1883,1013.25,55.4489,9.16189,887.456,46.5162,77.9914,869.423,56.5195,77.0502,867.24,53.4223,64.2647,872.774,43.7883,68.0122,0,0,0
011362:953.283,82.8632,153.513,955.771,79.6257,156.292,959.459,85.9081,154.78,965.341,74.154,151.719,977.954,88.9492,147.832,960.848,64.9852,134.446,983.312,90.5135,126.543,941.411,49.1098,120.352,996.613,109.091,109.184,917.217,41.2835,109.706,960.741,121.988,117.498,976.734,51.0399,82.6934,972.178,69.2828,82.8773,936.313,54.9775,47.2304,975.112,77.2871,43.3781,960.184,35.6061,30.1494,1017.09,54.8992,8.0516,884.038,47.0909,79.1567,870.076,56.9172,77.0546,864.147,54.6209,65.9997,872.172,43.8937,68.2537,0,0,0
011363:958.458,83.3105,152.752,960.437,79.9308,155.602,963.8,86.3941,154.214,967.44,74.218,151.382,978.395,89.3002,147.961,960.405,65.0251,134.341,982.079,91.6681,127.073,940.736,49.2156,120.517,996.317,109.663,109.753,913.876,42.3936,111.391,965.449,123.617,117.416,981.618,52.139,81.1342,976.691,70.902,81.3902,933.426,56.3393,49.2466,973.566,77.4754,43.4874,962.149,38.4622,28.7282,1017.09,54.8992,8.0516,885.227,48.0902,79.4002,868.311,57.7079,77.9929,862.805,54.8763,67.0963,870.49,44.0642,69.7909,0,0,0
011364:958.03,83.8535,152.554,959.3,80.5032,155.667,963.542,87.044,153.955,964.317,74.6873,152.128,977.103,89.9787,148.005,957.384,64.7116,134.987,982.688,92.3666,126.803,938.666,49.8933,121.286,995.233,110.152,110.715,915.318,43.0475,111.95,968.08,125.626,117.722,978.351,51.6958,81.764,970.256,71.9248,80.9282,936.94,56.8677,48.6759,973.001,77.3555,43.3575,959.806,39.5535,29.4428,1017.09,54.8992,8.0516,879.839,49.1727,81.5264,867.746,58.1583,78.7465,861.089,55.1782,68.0505,869.831,44.715,71.1018,0,0,0
011365:957.255,84.1606,153.419,958.811,80.6896,156.438,962.177,87.398,154.99,966.338,75.0099,152.112,977.361,90.8786,148.542,958.948,65.3332,134.762,986.767,94.0508,126.054,939.158,49.9948,121.341,992.023,110.882,112.482,913.576,43.5204,112.782,976.49,128.011,116.862,976.855,51.7682,82.089,976.078,71.3248,79.5353,933.849,59.2494,50.2762,1004.87,73.1541,34.392,959.781,41.1535,29.2674,1017.11,54.8987,8.14074,875.946,50.1962,83.6027,865.608,59.1984,80.2716,862.835,55.5738,68.0424,869.93,45.0622,71.9081,0,0,0
011366:957.74,84.76,152.756,959.009,81.4501,155.868,963.321,87.9569,154.092,965.282,75.6363,152.156,978.604,91.0606,147.781,955.022,65.7954,136.52,984.161,94.0562,126.857,937.812,50.205,121.669,992.034,111.412,112.749,912.246,44.0919,113.398,977.222,128.783,118.179,971.142,51.7837,84.341,971.417,70.818,81.6229,933.65,59.3007,50.8935,1003.59,73.1359,34.6521,954.6,42.5277,31.191,1018.02,54.7936,8.35913,876.454,50.7948,83.8428,868.332,59.95,80.2322,861.389,55.824,68.7886,868.181,45.5766,73.6116,0,0,0
011367:958.031,84.8379,153.714,960.144,81.7257,156.629,963.906,88.0616,154.834,965.678,76.0648,152.842,978.058,90.9232,148.309,954.635,65.678,137.023,980.768,93.8517,127.972,937.139,50.31,121.833,994.45,112.4,112.978,911.786,45.215,114.227,971.681,128.121,120.434,970.183,52.3624,84.6629,975.305,70.6344,80.2049,933.103,60.8113,52.1487,999.693,73.4681,35.7198,953.495,42.9048,32.2869,1017.63,54.8488,8.47691,876.987,51.0441,83.7551,866.161,60.4925,81.5717,856.836,56.7576,71.0974,868.879,45.9699,73.7504,0,0,0
011368:956.563,84.1988,154.165,960.339,81.0296,156.732,961.376,87.5553,155.701,968.613,75.4809,152.428,974.333,91.0537,149.735,952.884,65.896,137.763,983.263,94.4641,127.646,931.045,51.3109,124.217,991.973,113.21,114.137,906.776,46.2114,115.689,974.584,130.058,120.989,971.122,52.5708,84.4462,973.91,71.8348,81.8287,930.697,61.5311,53.2118,997.283,73.8252,37.1396,951.803,44.5602,32.0498,1017.63,54.8488,8.47691,876.589,51.7983,84.3332,866.105,60.8403,81.7989,860.998,57.9514,71.1998,867.186,46.4308,74.4343,0,0,0
011369:957.097,85.4191,153.859,959.748,82.1381,156.813,959.559,88.3218,156.089,964.564,76.3169,153.422,966.737,90.9926,151.614,949.237,66.7025,138.98,978.365,93.7624,128.827,934.574,52.8497,124.118,991.442,113.615,114.265,905.105,46.68,116.665,976.441,130.848,120.565,980.77,54.717,82.1291,976.836,73.8515,80.7956,929.383,62.2542,53.7974,993.603,73.7767,38.306,953.724,45.1312,31.2141,1017.63,54.8488,8.47691,874.914,52.3054,86.3329,862.261,61.8148,83.8908,859.591,58.1998,72.0567,868.043,47.2734,73.9276,0,0,0
011370:955.379,85.4885,154.712,957.067,82.2747,157.702,960.116,88.6466,156.402,960.663,76.3935,154.579,970.917,91.5925,151.231,946.031,66.3335,139.649,980.357,95.1179,129.673,935.328,53.2598,124.285,990.866,113.858,114.606,904.096,47.0447,117.513,975.912,131.213,122.897,973.122,53.6653,84.2422,978.425,73.0653,81.5401,925.031,63.7858,55.7637,992.762,73.9343,39.5203,953.968,46.6708,30.6818,1013.68,53.9606,10.1681,875.859,52.654,86.1304,860.636,62.5978,85.2177,858.025,58.6429,73.1519,867.415,48.0734,74.8993,0,0,0
011371:954.817,85.6572,155.934,957.556,82.5054,158.739,958.151,89.1218,157.811,964.446,76.5278,154.968,965.801,92.4913,153.111,943.383,67.0216,139.899,979.351,95.255,130.067,933.672,53.8756,125.232,990.819,114.06,115.448,905.985,48.3017,118.128,975.531,131.071,123.464,972.627,54.4584,84.8546,974.079,73.8283,82.0837,922.842,64.2895,56.6271,989.918,73.9508,40.2784,958.825,48.0304,28.9492,1010.36,53.9096,11.5385,875.363,53.1044,87.1835,861.872,62.9482,86.1719,854.783,59.1797,74.4849,864.561,48.5901,76.5315,0,0,0
011372:952.272,87.4199,156.39,952.943,83.6004,159.661,956.873,90.0062,158.45,957.845,77.2174,156.495,969.93,92.2326,153.311,949.074,68.9294,138.203,973.59,94.1993,131.344,931.005,54.4982,126.67,987.619,113.82,117.242,905.061,48.9624,118.534,970.707,130.296,125.924,967.546,54.8375,87.3653,967.345,72.0895,85.5683,925.109,66.067,57.1808,982.748,72.775,42.7816,949.744,49.7585,30.9756,1009.5,53.8542,11.8977,871.652,54.4045,89.0925,860.303,63.5322,86.8909,853.148,59.6206,75.2802,859.226,49.509,78.6709,0,0,0
011373:956.387,87.301,156.056,956.972,83.5942,159.356,960.277,90.0589,158.155,959.961,77.3622,156.327,971.05,92.7567,153.072,950.829,69.5757,138.36,974.144,94.8253,131.958,929.86,54.8584,127.226,978.615,113.701,119.791,901.699,50.3902,120.423,968.709,130.361,127.057,966.229,55.5747,88.1456,965.17,72.3285,85.9588,925.227,67.6242,57.7874,983.077,72.5654,42.9608,947.567,49.3938,31.756,1008.08,53.5224,12.714,872.45,54.6491,90.0387,859.651,63.9741,87.3272,855.122,60.3151,75.4392,858.145,50.5549,79.9105,0,0,0
011374:950.181,88.2194,157.618,951.131,84.264,160.592,956.22,90.6357,159.058,955.422,77.5581,157.061,970.46,92.6093,153.205,945.262,69.0399,139.339,971.022,94.4291,132.725,930.765,55.0637,127.095,980.234,115.399,120.65,902.824,50.7393,120.804,970.645,131.076,127.918,966.346,56.4626,87.0109,967.285,73.1734,84.9282,924.203,68.4947,58.993,982.693,72.4553,43.4156,946.751,50.7105,31.1501,1003.99,53.9674,14.6479,873.739,54.949,89.8901,858.431,64.3603,88.4704,851.67,60.8936,77.1451,858.539,51.4911,80.2207,0,0,0
011375:949.706,88.0869,158.248,950.896,84.2444,161.159,953.868,90.6863,160.058,955.899,77.963,157.652,965.503,93.1291,154.892,947.566,70.2694,140.5,970.899,94.4663,133.707,932.421,55.6795,127.131,977.681,115.209,121.914,902.895,51.9542,121.87,968.185,131.252,129.523,964.473,55.9716,88.5977,959.944,72.7356,87.682,923.843,68.7454,59.9402,981.848,72.3912,43.6609,943.457,51.5598,31.9576,1003.61,54.0223,14.7628,874.231,55.9014,90.4682,859.985,64.9611,88.6618,846.282,61.8044,79.9564,857.295,52.3873,81.2511,0,0,0
011376:952.27,89.0661,157.974,950.494,85.4949,161.492,955.414,91.5339,160.057,953.935,78.5277,158.606,965.9,93.4254,155.258,945.136,70.1857,141.342,969.015,94.9152,134.21,931.092,56.2432,127.904,980.103,115.978,121.566,901.586,53.0126,122.563,972.841,133.112,130.156,967.841,56.9321,86.6746,967.099,73.5128,84.6866,921.767,69.3931,60.8326,982.088,71.479,43.9126,943.209,53.5061,31.6314,1004.61,54.2417,14.4574,871.278,56.6921,91.1033,859.98,66.2957,89.1868,844.806,62.8743,80.9511,854.661,53.0373,83.1213,0,0,0
011377:947.812,89.064,158.695,948.861,85.875,161.889,953.025,92.144,160.48,955.432,79.3841,158.528,965.201,94.7459,155.564,944.489,70.1069,142.316,973.667,96.3236,133.825,925.254,57.1559,129.823,980.832,116.209,120.925,904.955,53.8695,122.788,971.031,132.754,130.349,962.855,55.7452,88.8687,962.469,74.1355,86.6972,926.42,70.629,60.0153,983.802,71.2268,43.0034,942.122,54.1923,31.7831,1010.21,55.6206,12.5554,870.437,57.3365,91.7183,858.405,66.7299,90.1947,847.08,64.0159,81.1436,853.494,53.2348,83.6267,0,0,0
011378:950.46,89.8629,158.912,951.501,86.6251,161.961,954.882,92.6818,160.898,958.96,80.1806,158.072,967.081,94.9843,155.941,945.88,71.2878,143.033,977.236,97.599,133.566,924.281,57.3076,130.121,983.772,117.715,121.6,902.898,55.383,123.684,968.386,133.776,132.56,967.993,57.4159,88.0167,966.508,75.8413,85.8299,925.195,70.8191,60.8807,985.171,71.0243,42.2618,937.955,56.0337,32.5184,1014.72,56.6206,10.9878,870.072,57.7348,92.0087,858.115,67.9595,91.2608,846.164,65.1353,81.4952,853.89,53.6756,83.9346,0,0,0
011379:949.928,89.5931,159.139,951.024,86.0837,162.282,954.232,92.6808,161.154,957.714,79.3259,158.49,965.107,95.3569,156.289,943.231,71.1783,143.444,975.304,97.3736,134,919.53,58.0661,131.897,982.701,118.083,122.165,902.454,56.1387,124.178,966.893,133.844,133.53,966.12,57.3999,88.2854,963.702,75.7751,86.6096,927.9,70.4937,61.3088,986.911,70.7716,41.4119,936.984,57.9225,32.7272,1015.53,57.0664,10.9507,868.826,58.7761,92.7548,858.878,68.9995,91.4461,846.753,66.0677,82.5982,852.641,54.2154,84.5692,0,0,0
011380:953.512,89.8776,158.738,954.789,86.3874,161.786,956.133,92.9824,161.183,961.113,79.8831,157.894,963.642,95.9068,157.045,943.607,71.6688,143.207,974.971,98.1754,134.81,921.29,58.7857,130.723,982.481,118.739,123.608,898.494,56.9396,125.499,969.844,134.845,134.254,965.186,58.2097,89.1645,960.452,76.7397,88.16,921.642,71.5582,63.2936,987.608,70.6703,41.0712,938.302,60.3415,32.3243,1015.53,57.0664,10.9507,867.332,59.5145,93.4027,855.257,69.8964,93.0068,844.073,66.4857,83.439,850.728,54.8544,85.1197,0,0,0
011381:954.931,90.3829,159.554,956.12,86.9397,162.55,958.233,93.5543,161.698,961.277,80.2751,158.558,965.484,96.3271,157.119,939.041,71.0485,144.718,973.007,98.3152,135.627,922.462,59.2977,130.787,980.973,118.709,124.368,897.875,57.7415,126.585,967.604,134.886,136.492,962.056,58.1325,90.3485,960.945,76.8017,88.3335,919,72.453,64.2992,987.589,70.6696,41.008,934.038,61.3184,33.568,1015.22,57.6753,11.3535,863.795,60.7933,95.7235,854.516,70.525,93.9457,843.992,67.0252,84.3348,849.239,56.4809,87.1705,0,0,0
011382:949.698,90.7089,160.829,950.194,87.4846,163.885,952.95,93.802,163.011,956.209,81.1294,159.706,962.232,96.5373,158.085,940.316,71.922,145.759,971.426,98.8028,136.584,923.454,60.0133,131.067,980.326,118.62,125.208,899.832,58.45,126.336,967.351,134.776,137.041,964.298,59.0102,90.3436,968.725,76.5903,86.7906,918.366,73.0629,64.7018,986.737,70.6063,41.2557,930.321,62.1881,34.0162,1015.75,57.7865,11.2876,860.327,61.3167,96.3102,857.365,71.5861,93.8823,843.497,67.6098,84.913,853.118,57.5143,86.9019,0,0,0
011383:950.277,90.767,160.583,951.666,87.2482,163.576,952.916,93.8635,162.977,959.975,80.8476,159.019,962.831,96.8762,158.115,941.821,72.6509,145.834,973.317,99.5132,136.794,923.722,61.3415,131.282,981.376,119.478,126.4,900.733,58.6553,126.302,966.881,135.243,138.118,965.83,59.4721,90.3217,966.707,77.2402,86.3739,917.155,73.4065,65.1395,987.105,70.5564,41.1486,936.348,64.4245,31.9815,1013.97,58.0576,12.3556,863.384,63.3499,97.0005,851.837,72.5975,95.9474,840.186,68.5979,85.8742,848.235,58.3441,89.104,0,0,0
011384:949.769,91.0263,160.862,951.727,87.4132,163.66,952.252,94.1466,163.261,957.486,80.9095,159.363,958.699,97.1026,158.946,938.261,72.689,146.64,972.892,99.5444,136.788,924.165,61.8023,131.649,981.002,119.62,126.86,897.779,59.9557,127.155,964.434,134.775,139.182,963.47,60.0372,90.137,968.423,77.9026,86.4693,916.506,73.5012,65.392,984.882,70.8552,41.7268,932.879,64.9227,32.9162,1011.75,58.0498,14.3376,860.367,63.8733,99.1282,852.411,73.4873,95.8504,837.214,69.3942,87.148,847.062,59.026,89.5843,0,0,0
011385:946.499,90.7912,161.867,947.071,87.2405,164.938,950.249,94.0329,164.04,954.489,81.063,160.482,962.232,97.5216,158.808,937.11,73.1898,146.805,975.436,100.956,136.924,927.278,63.0451,131.143,986.76,121.297,125.781,895.38,60.9991,127.959,969.175,136.048,139.136,962.101,59.8209,91.0447,969.782,78.1112,86.1807,916.602,73.66,65.2969,982.318,71.2035,42.4727,929.637,65.8869,33.3806,1010.7,58.2128,14.9907,858.416,65.0388,100.855,852.145,74.0203,96.1759,836.506,70.648,87.8711,846.057,59.5117,89.8713,0,0,0
011386:943.954,91.7351,162.651,945.102,88.2099,165.618,948.276,94.8636,164.633,952.179,81.7545,161.408,959.836,97.9334,159.553,936.693,73.2136,146.949,974.458,100.832,137.21,923.734,63.942,132.804,988.164,121.955,125.382,895.554,61.6497,128.256,968.094,135.767,139.028,958.067,59.1889,91.5279,964.052,77.4925,87.2381,915.679,73.8022,65.8475,984.169,71.0182,43.309,929.179,67.4429,32.0254,1003.42,58.9045,17.8174,855.721,65.8051,102.134,852.463,74.4643,96.2547,833.651,71.5863,89.1272,843.006,60.5271,91.6525,0,0,0
011387:943.072,91.5156,162.902,942.01,87.8968,166.283,947.794,94.7233,164.885,948.75,81.5867,161.912,961.269,98.0522,159.354,937.271,73.6314,146.549,974.798,100.921,137.119,921.753,64.2341,133.276,982.356,120.916,126.837,894.434,62.3434,129.167,962.946,135.538,141.563,963.372,60.8939,90.9582,970.186,78.341,85.8294,914.904,74.2543,66.1365,981.224,71.4149,44.0946,925.72,68.3016,33.3172,1001.62,59.1728,18.6918,853.038,66.7138,103.076,845.865,76.1684,100.227,831.691,72.3859,90.1446,841.753,61.8864,92.6511,0,0,0
011388:942.342,92.3601,163.849,941.667,88.6418,167.011,946.694,95.3733,165.951,948.098,82.1791,162.593,957.855,98.3893,160.981,938.229,74.2297,146.72,972.183,101.232,138.917,920.821,64.3817,133.689,983.115,121.23,127.042,894.775,62.7968,129.209,962.091,135.809,142.039,967.632,62.1255,90.1612,969.636,79.691,87.4033,913.63,74.443,66.6996,983.591,71.1231,44.0261,928.467,69.271,31.8606,1001.27,59.2271,18.8697,851.23,66.9912,103.57,843.275,77.196,101.111,832.693,73.5576,90.9492,840.377,62.6126,93.4738,0,0,0
011389:940.7,93.3727,164.83,940.885,89.7043,167.788,945.428,96.2641,166.829,949.474,82.9791,162.887,958.33,98.9381,161.601,939.99,74.9234,146.292,972.497,101.537,139.481,917.822,65.529,135.127,984.283,121.616,127.691,891.742,64.7758,130.652,962.571,136.032,142.569,961.12,62.3229,92.1012,966.489,79.3855,89.0394,914.288,74.8632,66.5759,980.536,71.5777,45.7336,925.379,70.2309,32.7719,1000.52,59.334,19.0972,846.954,68.3178,105.298,843.345,78.1707,101.546,834.25,74.1594,91.3474,843.278,63.7949,93.4017,0,0,0
011390:942.472,93.0232,164.101,943.73,89.5242,167.131,946.214,95.9117,166.416,950.588,83.4259,162.892,955.573,98.5467,161.956,941.703,75.5646,146.509,969.17,101.028,140.899,916.763,66.0271,135.551,977.685,120.175,129.965,892.98,66.2842,131.233,960.737,135.988,143.699,962.585,64.1807,92.9109,972.432,79.5455,89.3329,910.394,76.9532,68.3548,977.284,71.4864,46.6735,925.956,70.6545,32.2798,997.175,60.3621,20.2257,844.931,69.1268,106.159,840.822,79.1911,102.658,832.796,74.3799,91.8468,843.383,64.7679,93.9339,0,0,0
011391:942.615,94.406,164.526,941.959,90.5473,167.82,945.513,97.0886,167.046,947.396,82.9566,164.546,953.641,98.9295,163.365,942.568,76.2984,146.294,955.443,100.28,143.377,918.36,67.1539,135.624,978.028,120.67,129.946,891.899,67.4718,132.34,961.477,136.238,144.779,960.182,64.5172,91.8437,951.973,79.048,92.124,900.47,78.3182,70.9928,977.285,71.7067,47.5618,923.525,70.9898,32.8337,998.323,61.1292,20.5838,845.234,69.7602,106.964,837.903,80.438,104.29,833.546,76.0335,91.902,838.327,66.3782,95.8601,0,0,0
011392:946.061,94.6701,163.846,945.537,90.6074,167.004,948.197,97.2948,166.553,950.761,83.1669,163.371,954.597,99.6819,163.065,943.663,76.8322,145.995,955.15,100.997,143.436,914.465,68.0823,137.099,975.762,120.628,130.004,890.338,67.9056,133.603,961.924,136.591,145.248,961.565,65.2587,91.1601,948.38,79.8565,92.758,900.47,78.3182,70.9928,975.521,71.6277,49.1709,919.624,72.0367,33.3975,998.502,61.2957,20.7392,844.121,70.765,108.113,839.826,82.0716,103.68,831.395,77.6456,92.8054,836.702,66.8009,96.5245,0,0,0
011393:940.004,93.4597,164.853,940.421,89.8148,167.975,944.805,96.3837,166.968,947.011,83.8762,163.807,956.438,99.4811,162.132,941.2,77.0885,147.247,961.116,102.775,142.841,912.238,68.4159,137.816,973.992,121.363,132.205,890.476,68.5555,133.779,956.182,136.905,147.102,958.819,64.9978,94.2333,960.247,81.37,93.7779,900.47,78.3182,70.9928,972.145,71.7411,50.6036,918.014,73.2605,33.0753,999.238,61.7362,20.5166,846.843,72.0103,108.573,837.671,83.1875,104.583,828.066,79.4188,94.0668,832.432,68.1171,97.9952,0,0,0
011394:938.314,95.1935,166.017,938.063,91.4525,169.146,943.643,97.8296,168.008,944.158,84.9325,164.838,957.241,99.9404,162.635,941.73,77.5782,147.602,961.736,103.199,142.751,912.12,68.7675,137.866,974.287,121.849,132.137,891.208,68.9615,134.042,952.859,136.715,148.254,962.842,67.1244,93.3924,967.327,82.9921,91.2564,899.824,79.0717,70.9181,969.327,72.1357,51.6175,915.685,74.2633,33.6018,999.72,62.3944,20.371,842.691,73.6081,109.964,838.643,84.1738,104.563,825.595,80.4336,95.1411,828.513,68.757,99.7107,0,0,0
011395:935.251,95.3295,166.17,934.926,91.6345,169.389,941.93,98.0023,167.844,942.403,85.322,164.92,959.248,100.219,161.768,938.92,78.5301,148.837,960.614,103.442,142.919,909.539,69.1453,138.54,975.863,122.55,131.775,888.677,69.8814,135.871,951.946,136.941,149.022,955.784,66.6618,95.0027,965.205,81.5661,91.06,902.763,79.8368,69.899,965.565,72.6778,53.3314,914.941,75.391,33.7451,999.72,62.3944,20.371,839.828,74.6807,110.903,836.743,85.7279,105.354,825.246,81.2915,95.5891,828.51,69.7195,99.8764,0,0,0
011396:933.003,96.0228,167.876,931.7,92.3783,170.988,938.634,98.6727,169.401,939.853,85.6355,166.406,952.909,100.707,163.76,936.87,78.2393,149.897,959.734,103.211,143.102,913.71,70.5547,137.618,974.955,122.822,132.25,893.349,71.335,134.36,947.739,137.456,151.607,955.764,67.3068,95.1762,956.628,83.5257,93.2575,905.829,80.7617,68.8855,964.929,72.7778,53.7848,912.636,76.389,34.3311,999.809,62.3924,20.722,841.319,76.2468,111.325,836.441,87.0705,106.156,825.654,83.4626,95.7609,834.584,72.4934,98.9316,0,0,0
011397:933.833,95.9677,167.336,932.25,92.1795,170.665,939.82,98.8228,169.184,936.724,85.7288,166.742,954.294,101.071,163.717,934.115,77.9852,149.855,959.263,103.332,143.503,912.163,71.4457,138.006,974.829,123.024,132.744,888.847,72.3283,135.618,944.415,136.66,153.538,960.089,68.4453,94.3757,962.071,84.1554,93.3481,903.933,81.0323,69.7135,965.357,73.4193,53.6183,914.41,78.0175,33.7127,999.856,62.3902,20.9211,840.885,77.7887,112.344,835.995,87.782,106.648,824.683,84.4004,96.2838,832.698,73.5792,99.5434,0,0,0
011398:932.203,96.3614,167.654,931.9,92.8382,170.82,938.14,99.0714,169.581,939.878,86.6067,166.074,954.811,101.299,163.555,935.327,79.0738,149.427,960.529,104.049,143.426,912.551,72.4087,138.32,975.312,123.15,132.721,887.659,72.5135,136.155,948.537,137.841,152.865,955.362,67.9011,94.8066,964.564,83.293,91.5759,902.622,81.2115,70.0911,965.826,73.5317,53.4842,914.958,79.7874,32.6093,999.856,62.3902,20.9211,843.461,78.7058,111.918,832.533,89.0964,108.456,823.292,85.7142,96.8644,831.026,73.9901,100.013,0,0,0
011399:931.595,96.4093,167.557,930.24,92.552,170.929,937.427,99.2382,169.513,936.456,85.9359,166.869,953.338,101.508,164.018,932.873,78.953,150.345,958.825,103.581,144.069,911.349,72.7469,138.604,976.737,123.529,132.571,883.026,73.1971,137.57,943.175,136.301,153.794,962.261,70.4998,94.6713,969.342,85.4846,91.5714,902.784,81.3646,70.3058,970.036,74.7092,51.7533,914.091,80.2399,32.613,999.817,62.3889,20.793,840.409,79.3285,113.231,833.031,89.8322,108.565,824.014,87.2186,97.252,833.524,76.1977,100.052,0,0,0
011400:933.459,96.7999,167.801,932.872,93.1723,171.144,938.313,99.6461,169.975,939.062,86.8764,166.979,951.876,102.021,164.629,933.995,79.37,149.989,960.699,104.098,143.318,911.655,73.2044,138.554,975.058,123.707,133.442,881.893,74.3666,138.492,949.929,138.229,152.773,955.158,69.4194,95.1481,965.385,84.3099,91.2408,901.399,81.8984,70.8988,972.4,75.4386,50.6409,909.261,80.8715,33.5928,997.927,62.6509,21.2947,839.187,81.4352,113.866,833.239,91.0866,108.959,819.374,88.8287,98.8976,831.231,77.0311,101.001,0,0,0
011401:933.562,96.6543,167.403,933.657,92.8111,170.586,938.011,99.6154,169.61,941.079,86.2356,166.348,951.059,102.077,164.673,929.306,79.4831,151.075,958.696,103.533,144.298,913.022,74.0283,138.658,972.497,123.636,134.581,881.066,75.1463,138.838,946.087,137.112,153.604,957.394,70.0302,95.4547,962.23,84.833,93.1925,901.701,82.2049,71.2471,973.859,76.102,49.5145,907.034,81.4998,33.914,996.767,62.8068,21.5056,838.662,82.296,113.721,835.596,93.8013,108.87,816.891,89.8133,99.9081,829.15,77.8156,101.583,0,0,0
011402:934.067,97.8232,167.088,933.393,93.971,170.437,937.052,100.365,169.686,937.187,86.9165,167.54,947.235,102.102,165.692,934.12,81.1859,150.36,949.682,102.828,146.918,909.859,75.1448,139.467,966.176,122.167,135.984,883.085,76.363,139.165,952.183,138.918,151.857,958.582,70.5987,94.8327,951.154,83.0525,95.4267,900.513,82.5364,71.6754,972.376,76.293,49.8053,908.836,83.6009,32.2867,995.588,62.963,21.6288,836.628,83.7027,114.328,833.185,95.4125,110.183,819.433,91.3596,99.5541,828.204,79.2437,102.236,0,0,0
011403:930.364,97.1521,168.924,930.106,93.6778,172.252,935.314,100.123,170.996,937.907,87.753,167.813,950.426,102.669,165.274,931.344,80.7546,150.851,955.258,104.781,146.418,905.166,75.8329,141.141,970.714,123.328,136.153,880.715,76.8705,139.86,950.642,138.421,152.809,951.873,69.5238,96.5237,956.131,84.6314,94.6697,899.016,82.9133,72.2349,973.052,76.7301,49.5428,903.254,84.6663,33.5549,993.966,63.1751,21.555,834.01,85.0444,115.398,829.917,96.1789,111.44,821.208,93.0281,99.8259,824.586,80.0898,103.247,0,0,0
011404:932.024,99.1189,167.792,930.596,95.3636,171.471,936.577,101.647,169.992,934.441,87.9954,168.808,950.925,102.944,165.055,937.984,82.6265,150.248,949.069,103.427,147.462,904.417,76.273,141.402,968.491,122.936,135.51,878.059,77.4211,140.685,952.803,139.04,152.46,957.718,70.9354,94.8294,935.376,84.6675,100.316,900.225,83.245,71.6276,973.052,76.7301,49.5428,897.247,85.4574,35.1801,992.057,62.8937,21.8514,834.842,85.8823,115.237,829.571,97.8009,111.536,819.363,94.2174,100.308,825.488,81.879,103.608,0,0,0
011405:928.354,99.8465,168.362,927.539,95.8099,171.579,933.307,101.849,170.672,933.204,88.2854,168.263,951.143,102.58,165.47,935.962,82.5352,150.267,950.643,104.106,147.154,897.39,77.2647,143.182,966.05,122.391,136.142,885.205,79.866,139.534,952.71,139.016,152.445,951.101,71.5626,96.9741,932.112,85.483,101.999,897.517,84.7599,71.9534,967.004,75.9433,51.286,895.898,85.6316,35.4728,988.178,63.2506,22.7949,831.94,87.4044,116.096,830.675,98.9388,111.766,821.62,95.8172,100.017,825.892,84.3861,104.168,0,0,0
011406:927.151,99.585,168.607,926.806,95.5965,171.864,932.459,101.779,170.538,932.784,88.2446,168.52,948.664,102.824,165.38,935.791,82.5018,150.16,949.712,104.11,147.537,896.772,77.354,143.411,967.124,122.714,135.54,880.427,80.5203,140.433,953.121,139.165,151.978,949.244,72.5401,97.8117,933.049,85.9691,101.97,897.103,85.815,72.0084,963.042,75.0824,53.0191,895.726,86.1402,35.0004,987.788,63.3031,22.8198,829.795,88.0258,116.773,826.583,100.279,113.69,819.996,97.3346,101.778,823.61,85.8219,104.926,0,0,0
011407:929.219,100.083,168.12,928.987,95.7841,171.185,932.1,102.329,170.894,934.872,88.311,167.473,945.177,103.546,166.388,934.668,83.2767,150.085,950.365,104.443,146.997,890.659,78.4006,145.348,966.515,122.912,136.17,877.124,81.6401,141.477,950.997,138.577,152.067,947.601,72.8285,97.7828,930.97,86.3797,102.133,895.186,86.8905,72.0631,962.263,75.0169,53.4248,893.652,86.3983,35.2595,987.419,63.3551,22.9317,827.055,89.5397,118.116,828.236,101.485,113.365,817.963,99.4648,102.006,823.453,87.1112,105.113,0,0,0
011408:927.215,100.972,168.644,926.264,96.6277,171.769,931.847,103.043,171.026,931.859,88.8898,168.165,948.531,103.661,165.957,933.62,84.4386,150.279,947.845,104.581,147.309,895.599,79.8356,143.685,966.222,123.241,136.141,873.091,82.201,142.446,951.901,138.833,151.954,945.826,73.9565,98.5182,925.063,87.0889,103.519,891.225,87.4048,72.9456,963.178,75.7691,53.2325,892.081,87.5861,35.0328,987.05,63.407,23.0434,832.93,91.7527,117.178,824.759,102.414,114.652,815.337,101.563,103.679,822.543,89.1455,105.794,0,0,0
011409:926.969,101.091,168.384,924.381,97.072,172.045,931.888,103.187,170.913,927.071,89.3825,168.893,950.055,103.62,165.324,932.394,84.6464,150.525,947.192,104.913,147.751,895.546,79.989,143.11,966.276,123.285,135.739,877.721,83.5243,141.709,952.342,138.962,151.857,940.184,73.0259,99.156,918.202,86.3711,105.111,889.898,87.5752,73.1993,962.55,76.5556,53.4134,887.78,88.1445,36.1295,984.393,63.7696,23.5243,832.11,92.9766,117.642,826.975,104.024,114.298,816.287,103.932,103.272,818.252,90.7001,107.534,0,0,0
011410:924.225,101.507,169.247,923.273,97.3601,172.34,929.632,103.402,171.504,930.135,89.7904,168.433,949.904,103.828,165.701,932.296,84.7599,150.417,945.99,104.869,147.825,892.503,81.08,144.078,961.826,122.58,136.89,878.755,83.8915,141.916,952.806,139.09,151.841,944.421,74.1163,97.1961,922.473,87.644,103.442,889.916,87.5758,73.2584,936.416,80.1021,61.8483,896.026,90.5514,32.2932,983.205,63.9269,23.5115,827.401,95.5247,119.447,826.34,105.384,115.161,817.446,106.014,104.204,816.275,91.9327,108.528,0,0,0
011411:926.201,101.621,169.101,925.116,97.3608,172.362,931.678,103.643,171.609,929.892,89.8489,168.937,950.382,104.427,166.465,930.166,84.2793,149.988,947.523,105.371,148.017,894.394,81.8122,143.801,964.737,123.4,136.05,879.87,85.3914,142.357,952.806,139.09,151.841,944.447,74.1436,96.8643,922.943,88.1047,104.087,889.906,87.7317,72.8304,959.201,76.8244,54.1945,895.828,91.0606,31.7405,980.923,64.2374,23.8559,827.107,96.1878,119.364,824.303,107.067,116.379,816.601,107.072,104.948,816.357,93.1733,108.506,0,0,0
011412:922.572,102.159,169.48,922.5,97.8803,172.549,928.347,104.376,171.872,928.499,90.1404,169.016,946.635,105.166,166.768,933.901,85.2939,150.121,945.187,105.324,147.832,897.304,82.5679,143.117,964.448,123.302,136.349,876.702,86.7986,143.198,952.806,139.09,151.841,943.084,75.4528,96.1685,921.991,88.3236,103.241,892.216,88.9028,71.5181,957.121,77.2707,54.5207,891.138,92.3188,32.5939,980.404,64.2925,23.361,824.663,96.8282,120.097,824.106,109.297,117.021,815.289,108.02,105.437,817.417,94.7693,108.84,0,0,0
011413:920.822,102.78,169.842,919.656,98.7012,173.256,926.952,104.484,171.937,925.964,91.0556,169.759,947.113,104.487,166.469,928.983,85.0705,149.383,943.604,105.844,147.838,897.635,83.6743,142.956,965.069,123.539,137.135,867.022,88.0909,145.204,955.279,139.542,151.297,941.498,76.7277,97.208,925.883,89.7575,103.639,894.443,89.5772,69.6862,951.044,78.2851,56.7837,886.436,93.5689,33.3026,978.1,64.597,23.649,821.8,98.1623,121.404,823.26,110.497,117.53,811.379,108.813,106.471,814.704,96.8746,110.096,0,0,0
011414:920.099,102.452,169.364,919.026,98.5067,172.792,926.873,104.468,171.377,924.443,91.4111,169.852,946.967,105.012,166.106,932.604,86.4176,149.972,944.092,106.002,147.362,895.29,84.3234,143.593,963.772,123.322,137.32,870.292,89.7405,144.197,957.081,140.373,150.399,936.278,76.3865,98.0736,920.345,88.3925,104.023,893.997,89.6206,69.34,951.129,78.4452,56.669,887.682,94.2192,32.1188,983.076,66.533,20.3609,815.322,99.471,122.888,823.38,111.739,117.782,808.431,110.111,107.457,812.795,97.764,110.866,0,0,0
011415:921.819,103.02,169.103,920.188,98.7611,172.555,927.805,104.983,171.318,923.166,90.9247,169.86,946.165,105.546,166.346,925.657,84.8429,150.457,947.041,106.822,146.299,889.93,85.5495,145.169,963.752,123.321,137.259,869.215,90.6941,144.497,957.026,140.371,150.236,937.583,76.8953,96.8931,928.244,91.0338,100.971,894.775,90.1983,69.3523,954.234,79.4013,54.8736,884.815,94.9004,32.5315,981.036,67.3291,20.218,816.937,100.66,122.599,821.742,113.338,118.223,808.811,112.575,108.498,812.602,98.5658,110.839,0,0,0
011416:921.265,103.374,168.523,919.063,99.241,172.337,927.665,105.383,170.679,923.083,91.3529,169.829,947.716,105.591,165.57,933.124,86.8868,148.731,943.864,106.223,147.145,891.376,86.1774,144.913,963.655,123.318,136.952,871.637,91.9857,143.815,957.028,140.37,150.256,938.726,79.2232,95.3746,925.892,90.4521,101.149,897.01,90.2566,69.0067,954.234,79.4013,54.8736,883.629,95.5263,32.2775,977.818,67.9494,21.0186,812.444,102.02,123.795,817.946,115.677,120.147,811.892,114.842,107.822,814.961,101.39,110.914,0,0,0
011417:923.399,103.711,168.465,922.659,99.3699,171.8,927.038,105.739,171.128,928.379,91.6256,168.475,942.513,106.456,166.564,932.804,87.6577,149.597,945.3,106.447,147.231,892.579,86.851,144.965,964.237,123.247,136.337,871.382,92.0281,144.062,958.184,140.275,150.367,932.06,78.2774,98.1601,919.887,89.381,103.121,893.974,89.6222,69.2385,954.806,79.835,54.3029,881.636,95.7713,32.7189,971.464,68.803,22.2772,815.983,103.756,123.316,814.053,117.102,122.217,815.776,117.519,108.012,810.87,102.858,112.183,0,0,0
011418:929.058,103.96,166.735,927.722,99.2446,170.114,931.008,106.11,169.856,929.676,91.0397,167.607,940.932,107.131,166.689,929.498,87.6526,149.36,945.637,106.336,146.309,893.033,87.608,144.796,964.564,123.372,135.802,865.464,93.2854,145.417,960.175,140.084,149.469,933.562,78.6798,97.3493,919.626,90.466,101.512,890.106,89.7799,69.9305,955.662,80.0636,53.7848,883.863,96.9618,31.0903,967.117,69.4024,23.5444,814.538,104.269,124.142,812.385,118.535,122.822,814.494,117.98,108.448,812.332,104.38,111.861,0,0,0
011419:921.686,104.45,168.249,920.693,100.264,171.82,925.89,106.336,170.786,924.631,92.2571,169.057,940.633,106.36,166.584,925.19,88.1568,149.39,945.313,106.353,146.765,894.242,89.0799,144.347,964.524,123.371,135.679,869.499,95.1673,144.145,960.511,140.053,149.329,937.679,79.6929,96.5015,923.448,91.4075,101.336,894.058,91.2487,68.3732,953.173,80.39,54.4128,882.626,98.0918,30.8327,967.095,69.4029,23.4587,819.17,106.005,122.892,812.703,119.117,122.798,811.167,120.707,110.019,810.582,105.688,112.343,0,0,0
011420:919.192,104.479,169.123,919.003,100.465,172.579,925.438,107.076,171.353,924.18,92.7025,169.368,941.684,107.682,166.755,915.714,86.4251,152.259,947.331,107.99,147.553,893.248,89.2047,144.456,964.935,123.496,135.432,871.407,96.0533,143.895,959.683,140.112,149.118,932.653,78.4375,97.8232,927.401,92.429,100.464,892.991,91.3721,68.3599,951.32,80.6188,54.6116,885.372,99.4001,29.4492,967.114,69.4037,23.5214,813.604,107.535,125.774,812.641,119.908,123.373,812.197,123.222,109.918,809.023,107.284,112.894,0,0,0
011421:917.443,103.897,169.691,917.35,99.8259,173.079,924.03,106.843,171.626,925.238,92.4512,169.132,942.185,108.408,166.238,916.427,87.1617,151.531,945.526,108.338,147.35,893.492,90.1568,144.4,964.935,123.496,135.432,866.301,97.3633,145.508,959.257,139.983,149.278,933.535,78.6547,97.6368,927.621,92.4958,100.274,889.059,91.8708,69.3761,947.843,81.2406,55.3021,884.506,99.9816,29.1152,967.114,69.4037,23.5214,813.363,108.658,126.138,808.126,121.519,125.116,810.955,124.293,110.444,810.018,109.354,113.326,0,0,0
011422:917.01,104.342,169.278,916.262,100.253,172.856,922.376,107.161,171.461,923.103,92.6327,169.331,939.821,108.338,166.272,915.034,86.7815,152.117,948.161,109.209,146.361,889.987,91.9053,144.851,964.876,123.494,135.247,861.781,98.5855,146.754,956.367,139.722,149.377,930.691,80.14,96.7544,932.464,93.9058,96.9234,890.141,93.3689,68.3511,944.234,82.9071,55.6971,882.089,100.919,29.1731,967.114,69.4037,23.5214,809.895,110.496,127.555,809.652,123.489,124.375,808.251,125.232,111.838,810.502,110.842,113.193,0,0,0
011423:914.717,104.056,169.873,915.356,100.015,173.174,919.16,107.035,172.089,925.05,92.866,168.507,935.43,108.744,166.409,917.816,88.0213,151.426,956.553,108.822,144.585,889.609,93.0867,144.691,964.854,123.494,135.165,857.224,99.1685,147.904,956.297,139.563,149.458,926.988,80.7851,97.5276,934.178,94.4055,95.7266,889.813,93.7157,67.7357,944.687,83.0207,55.566,881.291,102.165,28.8427,967.114,69.4037,23.5214,807.963,111.358,128.226,810.875,125.202,124.232,806.371,127.116,112.056,804.065,111.794,115.223,0,0,0
011424:915.323,105.143,168.915,913.913,101.302,172.673,920.97,108.196,171.643,920.059,93.8372,168.777,940.733,109.37,165.832,914.654,87.3593,149.847,947.061,109.989,146.307,888.339,93.2503,144.99,963.407,123.12,135.148,856.843,99.5442,148.179,955.43,138.954,149.088,929.492,82.4503,95.0891,936.762,95.1059,94.6873,886.94,94.6966,67.3282,946.892,83.6281,56.1206,882.199,103.011,27.4785,967.114,69.4037,23.5214,803.838,112.637,129.494,812.197,127.82,123.92,804.741,129.18,113.855,802.308,113.409,116.147,0,0,0
011425:914.165,105.978,168.812,912.988,102.047,172.459,919.022,108.888,171.61,920.335,94.364,168.521,937.898,109.812,166.129,914.564,87.661,150.716,949.738,110.724,145.566,886.365,93.493,145.206,963.624,122.923,134.944,859.675,100.465,147.525,954.832,138.665,148.982,927.822,82.084,96.638,936.83,95.0878,95.1823,891.196,95.7831,65.1959,947.737,83.8579,55.6069,879.483,103.322,27.899,967.114,69.4037,23.5214,811.094,116.246,128.383,811.391,129.466,124.876,803.216,130.268,114.476,799.078,115.189,117.273,0,0,0
011426:914.273,105.705,168.004,912.633,101.872,171.857,918.876,108.462,170.925,919.859,94.4081,168.489,937.727,109.105,166.01,914.507,88.4437,150.321,945.791,110.241,145.642,887.009,94.0569,144.909,963.319,122.603,134.577,853.15,101.265,148.595,952.91,138.152,148.846,933.894,83.7152,95.6158,937.142,96.7365,95.2982,894.883,96.8073,63.7668,947.373,84.0613,55.2637,871.402,104.297,30.3224,967.114,69.4037,23.5214,810.184,117.43,128.623,812.514,131.507,124.981,803.625,131.749,114.323,803.04,117.631,116.132,0,0,0
011427:915.039,105.98,167.781,914.23,102.023,171.331,919.801,108.57,170.64,921.249,94.236,167.697,935.675,108.502,166.197,922.485,90.4153,150.076,939.464,109.068,146.833,888.161,95.5304,144.326,963.023,122.281,134.273,853.102,101.747,148.607,953.184,138.118,148.524,928.685,82.3583,97.535,924.183,94.6618,98.3755,897.219,98.1524,62.1695,945.159,84.3318,55.4563,871.81,104.412,30.1901,967.114,69.4037,23.5214,805.689,119.187,130.062,813.349,132.821,125.441,803.286,133.318,114.833,804.767,119.268,115.58,0,0,0
011428:913.093,107.138,168.042,911.349,103.147,171.747,916.909,109.427,171.021,916.595,94.7063,168.317,930.134,108.247,166.945,926.113,91.3975,148.74,932.094,107.232,148.034,888.918,96.2472,144.086,962.942,122.279,134.006,852.889,103.046,148.72,954.82,138.633,147.644,931.788,83.2563,95.0538,917.514,94.2196,98.0426,892.713,98.6709,62.5885,942.681,84.9607,55.2587,871.108,105.294,29.7231,967.114,69.4037,23.5214,808.791,122.205,129.447,813.73,135.078,124.851,801.376,135.071,116.279,806.177,121.268,115.497,0,0,0
011429:909.842,106.872,168.701,907.635,103.058,172.479,913.672,109.615,171.594,917.128,95.2853,168.008,932.065,109.805,165.971,921.519,91.1887,148.531,936.93,109.636,146.36,883.469,97.4213,145.29,962.897,122.28,133.842,849.042,103.829,149.316,955.526,138.57,147.486,931.46,83.149,95.4986,921.841,95.1972,97.4237,892.239,98.7064,62.2087,942.659,84.9612,55.1752,869.474,105.636,29.7976,967.114,69.4037,23.5214,810.403,123.416,129.306,810.237,136.657,125.816,801.38,137.047,116.103,802.469,123.379,116.79,0,0,0
011430:909.249,107.621,167.973,906.511,104.069,171.922,915.649,109.734,170.39,911.352,96.7723,168.491,937.577,108.781,164.427,919.988,91.1692,148.956,932.831,109.556,147.406,883.508,98.2153,144.929,962.4,122.156,133.782,853.425,106.457,148.21,954.985,138.439,147.279,932.084,83.2687,95.9098,918.581,95.5669,99.2958,888.845,98.1051,62.2622,942.971,85.5996,54.6592,866.26,106.019,30.7126,967.114,69.4037,23.5214,806.521,125.56,131.005,809.043,137.703,126.608,800.847,138.935,116.492,799.483,124.489,117.849,0,0,0
011431:910.481,107.379,166.574,909.216,103.791,170.219,915.284,109.799,169.268,916.504,96.2857,166.488,933.51,109.421,163.955,920.125,91.2369,148.47,932.131,109.807,146.886,883.192,98.2549,145.003,961.453,121.907,133.826,852.001,106.644,148.856,954.098,138.182,147.477,930.718,84.4034,95.6052,915.821,96.4898,100.527,887.153,98.3047,62.5048,942.135,86.374,54.0513,869.135,107.135,29.2154,961.211,70.1923,24.7203,805.448,125.832,131.286,804.518,139.245,128.409,803.758,141.26,116.85,798.168,126.189,119.085,0,0,0
011432:911.782,107.458,166.527,911.117,103.72,169.968,915.898,109.712,169.15,917.669,96.3564,165.982,929.213,109.298,164.516,918.107,91.8489,149.176,930.671,110.051,147.339,882.519,98.3346,144.996,958.684,121.161,134.204,857.056,109.544,148.343,951.555,138.401,147.762,927.966,84.6405,95.9694,913.767,96.7507,100.639,886.297,98.5792,62.8451,938.554,86.8163,54.693,868.958,107.787,28.471,962.554,70.5292,24.0309,803.469,126.663,131.865,805.073,141.335,128.862,802.593,142.761,118.08,795.278,128.357,120.707,0,0,0
011433:907.316,107.636,168.38,906.565,103.777,171.733,912.064,110.336,171.072,913.523,96.0605,167.244,928.762,110.274,165.312,914.894,91.2527,150.027,932.832,110.629,147.048,880.944,98.5321,145.369,959.209,120.929,133.755,851.366,110.379,149.702,951.204,138.432,147.84,928.876,84.8675,95.8061,917.861,97.9484,99.9349,883.267,98.938,63.2705,937.461,86.9478,54.8114,866.861,108.512,28.6571,958.306,71.2815,25.0191,806.89,129.196,131.152,802.728,142.633,129.643,798.488,143.182,119.881,792.156,129.623,121.995,0,0,0
011434:907.183,108.712,167.949,906.406,104.802,171.388,912.537,111.261,170.431,912.826,96.6067,167.336,929.013,110.643,165.033,914.636,92.0029,151.235,931.698,110.356,146.786,878.059,98.8866,145.824,958.65,120.806,133.47,848.729,110.851,150.331,949.86,138.209,147.71,926.049,84.4268,96.2458,911.859,97.565,100.746,884.506,99.2791,62.9026,934.891,87.2557,54.9822,864.933,109.196,28.2052,959.196,71.5063,24.5609,805.992,130.365,131.508,805.478,143.917,130.207,800.907,145.223,119.108,795.95,132.114,121.756,0,0,0
011435:903.161,109.112,167.986,899.766,105.579,172.081,913.528,111.353,169.416,901.804,98.042,169.003,941.534,110.031,161.407,911.525,92.5296,151.001,932.2,110.598,145.243,877.188,99.7969,145.783,957.942,120.676,132.736,849.176,111.11,150.164,950.931,138.115,147.536,929.842,85.5951,94.2187,913.852,98.4238,99.322,884.217,100.281,62.2567,932.372,87.0497,55.0934,863.292,110.187,28.0728,958.859,71.5561,24.7331,803.883,131.972,132.496,801.709,145.055,131.932,796.987,146.062,120.846,794.607,134.085,122.44,0,0,0
011436:904.159,109.898,166.514,901.605,106.369,170.481,913.101,111.75,168.223,903.871,98.5724,167.721,937.384,109.629,161.559,909.435,92.5816,150.158,924.421,110.487,146.061,875.581,101.275,145.67,954.726,120.127,132.503,849.912,113.993,149.241,947.532,137.065,147.394,930.561,86.2398,92.9823,913.999,98.8747,98.9725,886.464,101.314,61.222,932.329,87.0507,54.9276,863.546,110.956,27.2776,958.859,71.5561,24.7331,805.929,134.342,131.942,799.776,145.853,132.74,795.977,148.447,122.153,792.832,136.077,122.724,0,0,0
011437:900.959,110.044,166.456,899.086,106.317,170.127,910.323,112.047,168.182,902.792,97.9953,166.929,934.27,109.95,161.66,908.685,92.659,150.031,924.037,110.943,145.582,877.278,102.025,144.938,953.78,120.039,132.178,848.848,114.43,149.435,943.57,135.885,146.966,924.453,84.971,94.0878,908.149,98.1741,99.1473,890.743,103.238,58.6287,932.308,87.0513,54.8447,861.033,111.707,27.2162,958.859,71.5561,24.7331,801.973,134.901,132.915,803.475,148.68,131.811,796.204,149.487,122.272,793.444,137.225,122.85,0,0,0
011438:899.297,110.302,166.668,897.709,106.586,170.4,907.536,112.049,168.276,902.69,98.7495,166.874,928.512,110.082,162.164,914.646,94.8191,147.76,919.672,110.047,145.922,873.521,102.635,145.501,953.739,120.039,132.035,847.675,115.341,149.512,943.548,135.689,145.998,929.298,87.4621,91.7349,910.814,99.1591,96.5133,892.818,103.77,56.771,933.135,87.281,54.3355,859.086,111.926,27.6619,958.859,71.5561,24.7331,802.482,136.374,133.176,801.037,149.954,132.384,794.336,151.312,122.701,791.913,138.29,123.422,0,0,0
011439:900.527,109.961,165.624,900.618,106.462,168.988,907.191,112.069,167.901,906.773,98.6173,165.509,924.735,110.628,162.972,908.782,93.5577,148.531,922.938,110.763,145.927,872.304,103.576,145.441,954.665,119.93,131.339,846.428,115.959,149.872,945.155,135.369,145.484,922.834,86.8652,91.1084,909.399,98.6908,98.0979,892.633,103.764,56.1742,933.802,88.0316,53.3827,859.446,112.044,27.3718,958.393,71.4442,24.8769,801.181,138.198,134.328,802.696,151.786,132.801,789.679,153.697,124.653,786.637,138.975,124.851,0,0,0
011440:901.196,110.527,165.397,899.866,107.223,168.81,909.546,112.656,167.541,903.002,99.8047,165.568,929.61,111.292,161.998,908.948,94.3728,148.448,928.266,111.226,144.226,871.041,103.728,145.68,953.706,119.683,131.324,846.81,116.072,149.781,945.744,134.954,144.338,922.279,87.0079,90.8613,906.508,99.0088,97.9772,892.633,103.764,56.1742,933.44,88.0751,53.4224,858.808,112.269,27.2362,956.55,70.9969,25.5363,801.513,139.528,134.243,800.66,153.782,133.515,789.621,155.047,124.4,789.154,140.987,124.584,0,0,0
011441:899.581,111.115,165.078,899.02,107.81,168.343,907.632,113.097,167.228,904.151,99.9854,164.616,929.392,111.126,161.053,906.247,93.8631,147.918,928.961,110.778,143.888,871.932,104.889,145.057,952.902,119.552,130.267,845.471,118.125,150.489,944.385,134.575,144.474,912.983,89.5916,92.4631,910.302,100.06,96.6026,885.047,105.314,57.932,931.915,88.2462,53.3369,861.893,113.205,25.7033,956.55,70.9969,25.5363,798.692,140.125,135.681,800.414,155.475,134.289,793.101,157.155,124.205,787.507,142.962,125.329,0,0,0
011442:897.632,111.464,165.367,897.639,108.349,168.434,905.347,113.461,167.467,904.476,100.976,164.231,926.861,111.619,161.084,878.131,98.1815,148.803,949.92,108.583,139.224,872.213,106.124,144.681,947.795,118.2,130.664,847.37,119.025,150.541,950.897,133.915,141.386,892.931,92.518,96.075,949.222,95.0899,86.6298,888.544,106.551,56.8815,931.875,88.2461,53.1929,864.205,113.911,24.5092,956.55,70.9969,25.5363,795.391,141.67,137.03,802.432,157.258,133.915,786.802,158.462,126.564,786.653,144.105,125.877,0,0,0
011443:903.391,113.067,162.876,903.991,109.813,166.04,907.613,114.821,165.759,911.84,101.528,162.166,921.068,112.061,161.405,884.982,98.4055,147.506,951.431,107.409,138.766,889.269,111.225,140.449,944.632,117.345,131.149,843.394,119.942,151.491,950.785,133.916,140.98,896.463,93.4892,94.7823,937.941,96.6423,89.8581,883.344,108.125,57.6021,933.507,88.7079,52.0889,864.089,114.566,23.9649,956.55,70.9969,25.5363,799.31,144.911,136.154,798.536,158.207,135.47,784.59,159.25,127.453,784.054,147.059,127.165,773.234,157.101,152.165
011444:894.896,111.728,163.685,893.029,108.498,167.411,904.446,114.002,165.418,897.54,100.68,164.356,928.945,112.493,158.584,882.465,97.918,148.768,948.962,108.961,137.95,883.924,111.657,141.164,944.129,117.222,131.05,841.097,121.895,151.495,950.785,133.916,140.98,895.357,93.1971,95.0138,947.22,96.8684,86.6058,879.411,108.425,58.8722,933.531,88.8652,51.7925,860.994,115.235,24.6213,956.55,70.9969,25.5363,795.101,145.177,137.662,797.122,160.132,136.288,787.665,161.237,127.307,783.446,149.081,128.176,773.103,157.103,151.69
011445:898.5,112.952,161.785,897.333,109.601,165.296,904.574,114.826,164.519,901.268,101.45,162.451,922.009,112.597,159.909,881.755,98.2798,146.482,949.542,108.839,138.005,877.686,112.198,142.118,945.007,116.597,130.039,841.312,122.337,151.383,952.757,133.716,140.071,892.606,93.4901,95.6993,946.378,96.5414,86.4612,879.279,108.582,58.0312,934.039,89.1385,51.4871,856.435,115.734,25.6114,956.531,70.9962,25.474,795.096,146.385,137.766,796.676,161.071,136.525,787.117,162.796,128.346,779.107,150.094,129.871,775.056,157.889,150.152
011446:899.459,113.203,161.523,899.158,110.172,164.706,905.394,114.939,164.038,902.546,102.109,161.898,920.62,112.236,159.469,881.48,98.337,146.448,949.019,107.853,137.007,871.332,111.944,142.899,947.941,116.259,128.69,841.3,123.878,150.702,952.495,133.394,139.869,884.946,95.1689,97.1441,942.077,96.7437,87.6082,875.137,109.027,58.206,934.227,89.7723,50.5849,855.804,116.268,24.7894,955.227,70.8216,25.8075,793.935,147.724,139.147,801.942,164.264,136.373,782.378,164.522,129.855,778.488,151.196,130.216,777.176,158.682,149.106
011447:898.591,113.751,161.006,897.849,110.256,164.276,904.866,115.592,163.577,900.212,101.366,161.54,919.655,112.813,159.173,878.087,99.9501,146.837,949.411,106.983,135.764,872.147,112.959,142.394,948.593,115.312,127.598,839.414,124.071,150.85,951.893,133.264,139.461,879.024,95.8844,98.2157,939.258,96.4878,87.122,874.488,109.563,57.3513,933.844,89.8148,50.5643,852.452,116.617,25.1255,953.305,71.0628,25.8322,793.207,149.295,139.455,800.561,164.692,137.54,786.218,165.999,128.888,781.368,153.02,129.623,776.856,158.673,148.109
011448:893.204,113.462,162.1,890.173,110.043,165.794,902.605,115.379,163.95,891.89,101.697,162.899,925.6,113.086,157.39,872.692,100.223,147.958,953.138,108.63,133.235,872.23,113.897,141.982,948.041,114.159,126.901,837.05,125.102,151.179,952.089,133.071,139.178,876.774,96.681,98.6045,939.05,98.5952,86.5034,873.352,109.677,56.9889,934.269,89.9304,50.3495,851.494,117.327,24.151,953.636,71.1694,25.2536,794.001,150.736,139.765,797.941,165.809,138.845,781.05,166.567,130.689,782.882,155.572,129.612,778.984,159.469,147.058
011449:891.481,112.968,161.901,890.875,109.792,164.992,898.022,115.449,164.636,894.335,101.719,161.752,912.93,114.484,160.08,869.634,99.915,148.096,951.457,108.157,133.934,869.932,114.145,142.143,950.696,113.855,125.808,837.05,125.102,151.179,950.75,132.179,139.159,875.465,97.0275,97.9632,933.716,99.0752,87.3414,869.046,109.778,55.8795,935.163,90.32,49.684,850.16,117.619,23.9515,953.188,71.2149,25.0516,794.71,151.574,139.72,795.474,167.354,139.97,784.002,169.156,130.442,783.586,156.863,129.936,780.826,160.265,145.025
011450:890.568,113.978,160.253,889.235,110.458,163.68,899.168,116.379,162.695,891.425,101.427,160.524,916.179,114.453,157.786,865.933,99.9066,146.97,936.831,108.306,135.409,870.394,114.562,141.641,949.095,113.493,125.167,835.403,125.734,151.272,949.36,131.285,138.998,871.367,96.2707,97.4294,928.135,97.6495,88.0897,865.27,110.181,55.9428,932.108,91.5469,50.1429,849.745,117.804,23.4012,954.633,71.708,24.4005,795.988,153.108,139.393,792.897,168.151,140.752,783.328,170.575,132.418,784.704,158.559,129.99,780.665,160.261,144.524
011451:888.043,114.175,160.219,887.665,110.935,163.265,896.371,116.373,162.429,891.944,102.343,160.117,915.464,114.542,157.155,867.646,101.203,147.342,939.36,109.102,135.123,869.693,115.119,141.749,949.032,113.493,124.942,839.747,127.889,149.346,947.331,130.783,138.45,876.98,97.7871,96.3095,934.247,99.2667,86.4651,865.422,110.149,55.2151,930.738,91.8763,50.1927,851.486,118.851,20.9267,954.633,71.708,24.4005,793.08,155.163,140.202,795.22,168.719,140.251,786.176,173.052,133.085,784.195,160.088,130.127,780.533,160.264,144.046
011452:893.003,115.377,157.564,892.703,111.753,160.897,898.609,117.07,160.182,893.243,102.452,158.639,908.859,114.146,156.962,863.884,101.135,146.717,936.001,108.279,134.685,869.889,115.569,141.516,947.989,113.252,124.604,833.983,127.575,150.974,945.373,131.296,138.768,875.673,96.8985,95.2085,930.648,98.5912,85.3376,866.582,110.342,55.0294,930.878,92.1939,49.9064,850.038,119.14,20.3577,953.788,72.7069,24.7305,793.775,155.401,140.024,791.653,169.004,141.644,785.165,174.19,133.036,781.783,160.59,130.701,784.633,161.857,141.393
011453:885.341,116.147,160.624,886.603,112.847,162.578,888.983,116.935,163.174,892.571,105.518,157.307,906.039,113.851,155.992,885.415,101.381,140.911,919.441,111.778,135.691,851.193,112.783,143.573,934.316,121.131,126.858,832.554,128.542,150.809,927.494,135.421,137.23,892.838,96.4764,89.1878,919.364,102.263,84.8425,868.154,111.303,56.3333,923.827,93.7741,48.9994,858.417,120.959,18.5827,952.852,71.876,19.9574,791.226,158.368,141.785,788.302,169.564,143.634,781.255,174.801,134.906,781.704,163.874,133.687,784.633,161.857,141.393
011454:882.481,115.367,160.696,886.603,112.847,162.578,888.983,116.935,163.174,895.456,106.28,157.212,902.877,114.18,156.126,885.369,102.489,141.48,913.761,110.202,137.035,851.238,113.852,144.629,928.347,119.495,127.701,829.854,129.877,152.501,921.334,134.862,138.062,889.708,96.8436,89.4639,913.241,101.845,85.9206,867.775,112.411,55.8592,917.763,93.3835,50.7934,849.835,120.796,20.8731,949.728,71.1207,20.9223,790.94,159.389,141.859,790.022,171.403,142.167,782.944,176.64,133.435,781.278,164.89,133.286,785.377,160.849,142.802
011455:882.481,115.367,160.696,886.433,112.842,162.047,888.669,116.932,162.122,895.142,106.277,156.154,905.653,114.965,155.503,887.924,103.241,140.297,913.524,111.324,137.075,851.099,113.854,144.12,918.599,120.472,128.323,832.194,130.653,151.406,908.853,134.901,139.284,889.539,96.8382,88.9232,910.524,101.067,87.2437,867.47,112.41,54.7918,917.733,93.374,50.7863,850.103,120.786,21.9262,949.871,71.117,21.49,790.652,160.408,141.934,789.845,172.413,142.728,782.624,177.648,133.52,780.981,165.902,133.366,783.226,160.046,143.867
011456:884.858,116.14,159.042,886.12,112.839,160.996,888.281,118.031,161.64,894.773,107.384,155.665,905.335,114.962,154.437,884.698,103.591,139.939,913.206,111.321,135.998,848.019,114.174,143.767,921.359,120.145,126.491,831.79,131.708,150.949,911.756,134.613,138.035,889.356,97.9646,88.9743,910.016,102.205,86.2089,867.257,113.524,54.8577,914.505,93.7659,51.1604,852.608,121.583,20.5119,949.871,71.117,21.49,787.772,161.641,142.673,789.219,174.438,142.891,779.529,179.832,134.855,780.382,167.924,133.526,785.803,160.847,144.265
011457:884.546,116.137,157.992,885.767,113.943,160.525,890.896,117.706,159.931,891.721,106.616,155.229,902.244,114.173,153.998,881.654,103.945,140.114,915.931,110.975,134.195,845.045,115.571,144.492,937.074,118.493,123.226,823.919,131.495,152.848,930.621,130.563,132.953,889.171,99.0906,89.0261,915.94,102.618,84.5831,867.178,114.633,55.452,914.505,93.7659,51.1604,850.103,120.786,21.9262,946.509,71.5686,21.9298,792.378,163.254,141.493,794.296,175.085,142.141,784.543,180.495,134.078,782.947,168.738,133.908,780.831,161.278,146.078
011713:621.631,192.569,0.608382
