006584:1242.85,168.226,153.977,1246.82,167.925,156.575,1239.56,171.595,157.368,1257.67,173.02,151.68,1236.68,179.67,154.54,1261.32,172.01,128.046,1237.1,183.98,133.083,1311.41,170.467,109.765,1232.32,191.838,113.868,1284.17,148.711,119.696,1364.91,171.118,114.621,1253.31,178.887,86.7498,1241.1,192.605,89.7888,1260.23,185.761,51.7076,1247.93,170.96,48.1882,1302.71,202.873,7.09783,1246.48,178.709,13.1189,1278.49,123.891,152.052,1282.94,109.076,155.494,1263.99,108.819,175.774,1277.35,122.132,162.816,0,0,0
006585:1248.72,170.212,154.23,1247.79,168.955,157.807,1249.02,174.052,156.974,1244.7,171.544,155.928,1248.33,181.922,154.028,1265.4,173.316,127.845,1239.48,184.781,134.427,1313.62,170.363,109.943,1232.36,191.84,114.004,1288.54,148.465,120.307,1216.56,182.492,149.702,1252.39,178.935,87.0978,1239.2,192.682,90.2054,1265.19,187.322,51.3824,1251.09,171.713,48.3486,1309.25,204.195,7.14036,1250.36,178.519,12.0992,1272.42,125.836,155.362,1285.63,111.112,159.715,1275.84,113.048,179.883,1266.52,126.721,171.286,0,0,0
006586:1248.26,171.869,157.117,1247.93,170.274,160.367,1248.65,175.674,159.738,1248.17,172.216,156.866,1246.4,182.986,156.091,1266.44,173.871,127.781,1242.4,185.541,134.168,1311.13,171.148,112.284,1223.66,191.683,121.458,1288.77,148.471,120.999,1219.45,184.99,149.595,1246.82,179.22,88.9042,1241.35,194.098,90.627,1259.32,187.496,53.9204,1242.22,174.643,52.738,1310.33,203.842,7.09114,1253.08,179.632,14.3762,1282.14,128.032,158.582,1281.37,113.173,163.441,1276.36,115.677,180.754,1256.27,131.7,178.526,0,0,0
006587:1248.17,172.408,159.774,1245.76,170.898,163.313,1249.55,176.296,162.168,1237.78,173.021,160.945,1250.31,183.29,157.784,1273.62,174.737,127.575,1238,185.762,136.023,1306.56,171.726,114.868,1226.05,192.787,122.885,1284.17,148.802,122.926,1390.91,175.505,118.796,1249,179.729,89.3329,1254.37,194.214,89.7092,1261.35,187.022,54.9654,1253.24,176.577,53.8396,1307.2,202.993,8.03508,1251.22,179.729,15.1629,1278.93,129.428,162.026,1269.31,114.865,169.468,1286.03,118.815,181.677,1265.17,135.819,180.907,0,0,0
006588:1253.58,174.26,159.192,1252.67,172.882,162.264,1255.1,177.963,161.388,1239.48,174.204,160.578,1252.04,183.463,157.364,1274.94,174.689,128.546,1239.19,186.019,136.671,1300.87,172.045,117.188,1219.99,193.065,125.535,1275.31,148.55,127.922,1213.52,183.844,152.251,1257.05,180.864,88.7948,1255.46,194.478,89.9211,1267.23,188.604,53.314,1250.96,177.212,50.8267,1294.33,198.669,19.2933,1249.58,179.829,16.6529,1278.75,132.346,165.497,1273.13,118.45,175.508,1273,120.873,186.954,1270.84,137.353,181.284,0,0,0
006589:1261.4,175.293,158.373,1256.41,173.744,162.382,1263.65,179.324,160.522,1234.09,175.381,162.869,1257.46,185.64,157.464,1259.15,175.015,136.957,1235.78,186.191,138.505,1298.08,172.206,118.477,1218.2,192.557,126.039,1273.58,149.354,132.376,1220.17,186.219,155.135,1262.22,182.447,88.7455,1263.35,196.583,88.6754,1268.7,187.343,54.862,1244.39,179.046,52.8959,1294.33,198.669,19.2933,1244.93,180.068,18.4673,1272.6,132.854,167.9,1272.68,121.989,181.538,1271.35,124.267,190.947,1270.59,139.378,184.592,0,0,0
006590:1242.57,173.723,164.316,1240.73,172.963,167.696,1246.45,177.409,166.26,1226.52,177.482,166.472,1257.93,184.506,159.994,1257.72,174.519,139.023,1236.19,186.195,139.906,1297.61,173.789,120.305,1219.6,193.105,127.539,1282.66,151.581,134.679,1222.87,187.613,157.503,1267.22,182.525,88.1211,1264.62,196.846,89.4852,1270.83,189.388,54.8961,1256.85,179.15,55.3865,1298.47,199.143,18.4107,1244.09,180.118,19.1338,1277.3,135.625,172.394,1271.21,124.099,183.905,1259.32,128.335,197.463,1279.94,143.692,186.165,0,0,0
006591:1255.75,176.662,161.364,1254.66,175.345,164.841,1259.65,180.875,163.426,1251.22,177.804,162.539,1262.54,188.965,159.531,1258.04,173.925,140.153,1236.24,186.196,140.041,1287.47,174.364,124.936,1218.94,193.149,128.536,1265.12,152.779,140.76,1159.77,171.753,169.801,1262.61,182.757,90.0049,1245.34,197.329,97.2284,1268.81,189.372,56.594,1239.03,179.922,55.5785,1310.09,202.717,8.86499,1243.17,179.864,19.5241,1269.64,137.666,176.705,1268.8,124.328,185.595,1269.34,131.835,199.694,1272.84,144.754,189.243,0,0,0
006592:1248.04,176.278,164.646,1245.35,175.087,168.198,1252.56,180.445,166.249,1235.84,177.364,166.272,1255.69,187.643,161.258,1273.84,174.334,138.422,1235.78,186.545,141.71,1299.49,175.661,126.132,1210.18,192.947,131.744,1274.35,155.553,140.259,1219.62,188.074,159.536,1264.32,183.324,92.2139,1243.56,197.106,98.0556,1273.94,188.836,56.4639,1233.65,180.207,57.8982,1290.05,200.406,23.3469,1242.87,179.857,18.5452,1266.7,139.483,178.259,1280.61,126.052,185.303,1265.8,135.131,202.67,1263.49,146.333,193.599,0,0,0
006593:1248.61,177.359,165.561,1252.93,176.447,168.095,1247.96,181.484,168.249,1265.72,179.304,162.54,1252.02,189.187,163.422,1289.97,178.837,138.777,1237.96,186.469,142.3,1298.98,176.022,127.915,1210.67,193.535,133.386,1273.2,156.292,142.98,1219.83,188.078,160.219,1267.65,183.191,93.034,1242.73,196.843,98.6943,1275.97,189.637,56.5686,1233.69,180.209,58.0349,1289.12,200.442,23.8951,1246.55,179.665,16.9852,1269.34,141.639,180.739,1283.81,129.841,191.041,1258.38,138.675,205.506,1254.23,148.97,198.7,0,0,0
006594:1258.95,179.126,165.615,1256,177.883,169.145,1260.3,182.888,168.537,1232.44,179.316,169.765,1260.45,189.751,165.151,1254.69,174.419,142.467,1238.05,186.472,142.57,1305.5,177.568,128.252,1213.03,194.045,134.836,1273.47,156.299,143.801,1227.36,190.093,159.453,1266.34,183.289,95.5792,1241.99,195.688,99.6208,1268.3,188.503,58.5225,1234.85,180.464,58.5104,1285.61,200.588,26.8094,1245.58,181.227,17.0808,1267.42,144.989,184.264,1272.52,133.939,195.708,1266.66,140.421,207.577,1281.19,153.878,197.993,0,0,0
006595:1250.34,179.815,169.886,1254.87,178.737,172.013,1247.77,183.347,172.999,1266.74,180.486,165.051,1240,189.478,168.935,1242.94,174.473,146.531,1238.7,186.47,144.859,1302.83,177.098,130.174,1213.74,194.934,137.133,1270.95,157.084,145.472,1224.92,190.847,164.274,1262.8,183.475,97.5183,1242.11,195.687,100.056,1273.55,190.989,59.066,1248.72,184.035,56.9093,1285.66,200.589,26.9511,1242.69,181.365,17.8356,1260.18,145.907,188.486,1273.39,136.023,197.517,1275.08,144.99,210.768,1278.95,155.603,198.895,0,0,0
006596:1257.66,178.095,168.447,1254.75,177.984,171.953,1258.44,181.488,170.992,1235.12,184.105,171.2,1256.5,188.625,166.608,1237.53,174.179,148.25,1232.76,186.777,147.976,1303.34,178.324,131.81,1213.18,196.184,141.756,1276.26,158.3,145.884,1229.67,191.877,167.049,1264.23,183.731,98.9114,1243.06,195.65,99.8531,1275.81,191.605,58.3149,1258.49,186.622,54.7393,1279.05,200.849,30.1226,1238.85,181.547,18.8383,1260.28,147.839,189.866,1282.35,138.234,198.793,1271.89,146.982,212.875,1273.28,157.557,201.435,0,0,0
006597:1253.16,179.154,169.932,1251.75,177.865,173.396,1252.75,183.12,172.587,1253.88,180.11,169.607,1245.42,190.123,169.744,1231.26,174.226,150.299,1250.49,192.558,147.365,1306.71,179.107,132.236,1206.34,196.824,147.627,1283.87,158.809,147.05,1222.35,189.861,168.439,1261.83,183.868,101.242,1243.06,195.65,99.8531,1274.45,192.399,59.4994,1263.94,189.14,55.4648,1280.63,200.83,31.7086,1239.6,181.639,20.1547,1267.59,149.81,190.042,1271.32,140.002,203.993,1269.8,150.639,215.161,1274.33,158.368,201.629,0,0,0
006598:1235.09,179.514,174.711,1235.12,179.589,177.363,1244.74,182.462,175.626,1226.37,186.595,174.346,1279.8,188.007,164.895,1226.12,173.644,152.69,1249.75,192.301,148.253,1312.89,179.13,131.386,1207.52,197.08,148.425,1284.54,158.808,149.415,1226.65,191.459,169.882,1262.93,183.827,101.452,1243.06,195.65,99.8531,1276.65,193.616,58.6971,1257.55,189.442,58.4648,1279.85,200.872,32.663,1239.81,181.462,19.1571,1280.73,152.715,192.215,1274.37,144.887,205.628,1270.77,153.04,216.874,1268.87,160.641,204.126,0,0,0
006599:1246.06,179.105,173.887,1249.71,179.992,176.366,1243.81,181.863,176.946,1258.92,187.571,170.503,1239.45,187.548,173,1225.25,172.52,153.149,1248.14,191.789,149.586,1308.27,179.38,133.736,1207.61,197.082,148.691,1284.67,158.809,149.848,1232.01,194.778,171.61,1262.93,183.827,101.452,1242.15,195.389,100.201,1269.4,192.973,63.5192,1253.92,189.614,60.2082,1278.98,200.911,33.3343,1244.59,182.663,18.8923,1276.72,153.365,194.393,1276.8,146.3,205.71,1263.82,156.63,219.895,1268.66,163.63,205.869,0,0,0
006600:1250.08,180.315,174.594,1255.88,180.755,176.7,1248,183.349,177.522,1276.73,186.898,168.68,1238.33,189.042,174.281,1235.73,174.334,152.129,1244.8,191.957,151.634,1308.59,179.389,134.716,1208.54,197.085,151.887,1285.46,159.432,152.222,1233.23,195.914,172.423,1263.14,183.832,102.15,1241.24,195.426,100.548,1261.73,193.435,68.117,1253.04,189.355,60.7125,1278.02,200.947,33.7228,1254.01,184.174,17.6278,1270.18,154.317,196.049,1286.53,148.622,204.345,1280.71,155.924,217.268,1274.67,166.247,205.623,0,0,0
006601:1261.15,181.209,173.419,1260.7,182.306,176.26,1264.36,183.293,175.553,1239.51,191.43,174.87,1262.9,185.538,170.37,1242.45,175.768,151.354,1244.02,192.882,152.375,1311.78,179.558,134.571,1116.05,170.667,174.835,1285.59,159.435,152.635,1237.51,197.246,173.55,1262.22,183.877,102.49,1245.21,196.467,100.32,1262.61,194.283,67.8384,1251.15,189.439,61.3042,1273.15,201.125,35.378,1261.2,184.836,16.1592,1269.03,156.838,197.283,1273.27,149.899,208.377,1255.64,159.905,222.593,1262.75,168.645,208.179,0,0,0
006602:1264.19,182.753,173.093,1255.76,181.447,177.206,1268.12,186.151,175.037,1219.26,184.375,179.305,1276.5,193.667,169.666,1244.33,177.157,150.834,1248.01,194.209,152.399,1320.25,180.414,133.945,1223.63,200.69,157.26,1277.92,158.998,154.569,1235.18,196.774,175.55,1256.69,184.148,104.526,1246.2,196.729,100.254,1267.17,195.626,69.402,1251.45,189.446,62.2796,1272.2,201.159,35.7732,1272.01,187.011,14.3678,1260.3,158.812,200.985,1266.53,149.99,209.302,1264.8,161.929,221.086,1277.44,172.215,208.462,0,0,0
006603:1272.85,188.782,170.794,1277.51,188.254,173.182,1260.42,189.461,175.557,1286.76,190.409,166.995,1217.53,186.036,178.057,1255.51,180.514,151.188,1248.63,195.396,154.527,1314.99,179.107,134.598,1222.42,201.062,159.626,1283.59,162.043,155.706,1229.98,196.7,177.755,1253.19,184.333,106.424,1249.2,197.519,100.056,1261.41,194.038,71.182,1251.67,189.452,62.97,1272.2,201.159,35.7732,1262.99,184.588,17.3036,1260.62,160.208,202.588,1263.37,150.571,210.929,1263.26,163.764,222.267,1255.51,173.391,213.055,0,0,0
006604:1273.07,189.863,173.511,1274.55,188.978,175.748,1262.99,190.917,177.601,1274.59,189.209,171.49,1211.88,185.416,181.969,1257.15,181.069,153.287,1250.78,196.211,155.042,1315.24,179.727,135.327,1221.09,201.434,161.556,1278.12,162.692,157.84,1222.87,195.536,179.827,1255.09,184.551,105.85,1252.2,198.308,99.875,1261.45,194.039,71.3207,1245.1,188.245,65.0854,1277.3,201.916,38.9785,1281.74,189.608,15.82,1264.29,161.911,203.113,1268.2,152.532,211.338,1259.25,164.698,223.587,1252.89,173.538,213.851,0,0,0
006605:1265.82,186.817,176.507,1266.56,186.361,178.993,1260.23,189.146,179.899,1262.84,189.681,174.282,1237.99,190.863,178.369,1250.66,179.307,155.207,1254.79,197.845,155.073,1311.44,180.228,136.937,1226.76,203.573,161.102,1283.74,164.534,159.146,1219.38,196.896,184.119,1255.09,184.551,105.85,1244.97,196.809,102.914,1271.13,193.648,68.6704,1237.69,188.582,67.5501,1278.84,202.19,40.6295,1274.93,192.059,18.1757,1267.78,164.149,203.668,1264.68,153.305,213.063,1270.35,167.903,224.544,1258.87,174.971,214.623,0,0,0
006606:1268.77,186.552,176.793,1258.52,185.162,180.764,1273.78,190.196,178.131,1213.62,187.27,183.212,1281.85,196.371,171.609,1240.83,176.268,159.235,1253.13,199.107,156.244,1315.22,181.322,138.742,1225.68,203.609,160.679,1283.79,164.534,159.293,1223.99,200.246,186.827,1262.06,184.251,105.132,1240.75,195.803,105.773,1272.23,193.3,68.9096,1244.97,188.241,64.673,1277.01,202.262,41.6872,1268.08,192.791,22.6712,1268.37,164.289,203.668,1270.9,156.086,214.756,1269.62,170.941,227.74,1251.98,174.115,214.601,0,0,0
006607:1271.24,186.913,177.864,1264.83,186.099,181.523,1269.97,190.489,180.502,1226.96,186.359,182.492,1260.25,196.74,176.604,1244.84,176.668,159.435,1255.75,200.23,158.309,1307.51,181.703,141.494,1206.69,205.429,165.086,1282.01,164.649,160.183,1218.11,198.462,189.547,1264.13,183.867,105.134,1236.68,194.507,109.039,1277.26,194.01,68.1174,1234.05,188.147,69.0156,1278.14,202.535,41.8769,1283.83,197.88,19.4936,1273.23,165.42,204.253,1270.9,156.62,215.346,1257.53,171.645,232.269,1260.2,177.116,213.308,0,0,0
006608:1255.46,187.491,180.484,1250.84,186.625,183.71,1263.11,190.988,181.74,1215.24,187.599,184.359,1293.21,196.843,171.419,1257.24,179.921,157.229,1256.87,200.492,158.717,1302.92,181.939,143.843,1208.81,205.943,165.886,1283.09,164.896,160.305,1216.76,198.831,191.311,1265.28,183.828,105.484,1233.65,193.176,112.407,1277.32,194.916,68.4511,1234.24,188.144,69.7434,1280.42,203.076,42.4338,1288.44,201.065,21.395,1275.58,165.987,204.253,1282.67,159.608,216.612,1269.63,172.524,229.783,1266.77,179.762,215.358,0,0,0
006609:1267.96,186.602,178.968,1261.28,186.204,182.565,1274.15,190.569,180.39,1214,188.735,185.475,1283.02,197.966,173.739,1259.17,180.724,156.886,1257.08,200.496,159.407,1302.05,181.989,144.443,1211.82,205.888,169.584,1283.27,164.901,160.854,1215.1,200.917,192.316,1265.41,183.832,105.897,1233.73,193.175,112.695,1282.04,194.716,66.479,1231.54,188.272,70.8097,1278.63,203.147,43.6309,1274.35,197.488,26.1041,1269.99,167.566,207.701,1279.04,159.835,217.579,1264.13,172.819,230.731,1268.75,180.727,216.83,0,0,0
006610:1260.18,187.336,181.751,1255.02,186.208,185.206,1263.79,191.261,183.629,1217.65,186.426,186.474,1272.69,197.778,177.257,1264.24,182.595,156.708,1245.65,197.368,161.273,1304.16,182.509,144.375,1212.19,205.89,170.831,1283.43,165.508,161.271,1210.49,201.942,192.922,1263.71,183.618,107.171,1236.13,193.703,113.943,1283.07,194.671,66.4286,1235.36,189.299,70.0787,1278.94,203.156,44.6164,1284.04,200.876,21.4972,1277.84,170.093,207.087,1273.86,159.112,218.551,1254.27,173.878,233.584,1269.42,181.4,217.828,0,0,0
006611:1258.19,187.779,182.516,1257.42,188.117,184.899,1260.76,190.28,184.354,1241.63,194.598,182.675,1272.42,192.503,177.614,1260.56,182.477,157.954,1252.39,197.119,160.369,1296.57,181.35,147.443,1212.46,205.607,171.633,1288.15,167.717,162.924,1123.9,177.398,206.715,1262.86,183.36,107.813,1241.4,195.006,114.775,1282.55,194.09,68.4581,1235.4,189.298,70.2243,1284.63,203.603,45.75,1287.56,202.651,22.0894,1266.9,170.701,209.671,1273.94,159.114,218.815,1258.56,174.355,233.885,1270.22,181.882,217.941,0,0,0
006612:1246.08,188.551,184.531,1244.09,188.012,187.072,1255.34,191.903,185.182,1220.98,190.539,186.126,1288.71,197.178,174.677,1256.39,183.299,160.78,1248.68,196.379,161.31,1290.89,182.539,149.379,1212.46,205.607,171.633,1284.53,167.633,164.581,1213.09,202.134,192.049,1257.01,181.867,112.545,1242.76,196.459,115.978,1285.55,193.973,67.7792,1235.4,189.296,70.2333,1291.43,203.411,46.7618,1281.32,202.221,23.2966,1262.05,171.145,210.936,1273.05,159.172,219.079,1271.64,177.658,233.233,1272.59,182.996,218.754,0,0,0
006613:1256.32,188.615,181.833,1259.92,189.386,183.9,1247.85,190.602,185.417,1271.25,196.416,177.622,1217.77,190.114,185.543,1256.56,183.597,161.349,1250.78,196.897,161.695,1291.07,182.845,149.951,1214.66,205.553,172.534,1283.77,167.693,165.434,1215.02,202.647,192.17,1258.19,181.826,113.043,1242.03,196.501,116.852,1285.51,193.667,67.6303,1238.44,189.764,70.321,1291.69,203.413,47.6386,1285.51,203.203,24.4129,1273.28,171.209,208.285,1268.76,160.321,220.825,1277.12,178.964,234.068,1275.03,184.116,219.732,0,0,0
006614:1252.69,189.067,184.497,1249.96,188.173,187.599,1258.29,193.084,185.657,1232.68,190.681,186.344,1276.92,201.064,177.905,1263.86,185.981,162.017,1251.82,196.863,161.799,1296.34,184.447,149.935,1217.65,205.753,172.888,1280.14,167.913,166.923,1222.66,205,192.205,1249.89,179.842,116.098,1242.11,196.501,117.141,1281.52,192.612,68.4826,1239.43,189.725,70.2382,1285.17,203.654,51.1945,1271.04,200.833,31.9025,1272.87,172.126,210.267,1272.99,161.84,221.756,1272.39,177.805,233.791,1271.47,184.29,220.908,0,0,0
006615:1257.88,190.703,185.857,1263.14,192.087,187.669,1256.29,192.971,188.524,1263.92,200.761,182.486,1252.92,195.479,183.904,1267.9,187.009,161.906,1251.98,198.049,162.361,1307.04,186.154,150.16,1210.03,207.48,176.323,1279.46,168.575,167.915,1229.34,207.105,192.158,1246.22,180.029,117.277,1242.28,196.503,117.702,1279.28,190.868,68.0146,1239.43,189.725,70.2382,1283.49,203.413,52.8488,1266.75,200.247,33.3455,1268.33,172.377,211.326,1268.41,163.376,225.091,1270.1,177.754,234.576,1267.02,184.506,222.258,0,0,0
006616:1246.16,190.904,188.083,1244.37,190.596,190.869,1257.57,195.353,188.533,1218.58,192.845,190.062,1290.65,201.894,177.893,1265.54,187.741,164.09,1249.26,198.159,163.269,1306.52,185.903,151.886,1213.92,208.517,176.672,1275.82,169.091,169.265,1226.78,208.358,193.426,1248.49,179.645,118.147,1241.54,196.539,118.608,1283.54,190.713,67.9513,1240.47,189.687,70.2924,1284.96,203.381,54.2163,1276.24,202.701,32.8508,1264.82,172.578,212.53,1265.72,163.539,225.738,1272.94,178.476,234.375,1266.27,184.55,223.019,0,0,0
006617:1250.8,190.798,187.669,1249.9,190.729,190.282,1260.14,195.296,188.304,1230.51,193.853,188.716,1284.46,202.31,179.175,1270.17,189.072,166.029,1241.53,199.079,167.232,1306.57,185.905,152.025,1216.86,208.718,176.906,1278.01,170.554,172.957,1147.66,186.145,209.103,1249.74,179.603,118.936,1241.54,196.539,118.608,1281.63,190.189,68.6663,1241.43,189.946,70.0722,1285.81,203.369,57.354,1279.77,204.227,32.7348,1268.85,173.781,213.578,1266.02,163.547,226.66,1268.63,180.753,235.759,1261.38,185.476,224.787,0,0,0
006618:1255.32,192.052,189.173,1251.69,191.382,192.339,1263.98,196.745,189.906,1223.09,192.535,191.939,1280.7,203.198,181.515,1268.37,189.156,166.779,1240.87,199.703,168.381,1303.59,186.036,152.697,1218.18,209.275,178.107,1275.37,171.686,177.341,1231.96,210.26,194.572,1249.74,179.603,118.936,1251.79,199.151,119.28,1278.73,189.403,69.6052,1242.47,190.207,70.1262,1282.73,203.803,61.681,1275.46,205.709,35.1916,1271.68,175.03,213.936,1276.61,166.083,226.97,1268.13,181.136,236.635,1268,185.714,224.872,0,0,0
006619:1250.53,192.019,190.166,1249.8,191.962,192.579,1258.39,195.986,190.972,1225.18,194.554,191.644,1280.53,201.666,182.137,1268.59,189.457,167.488,1243.97,200.777,168.889,1292.01,186.866,156.071,1219.25,209.537,178.508,1276.43,171.937,177.463,1231.43,210.007,195.928,1253.94,181.812,119.307,1250.08,199.522,120.365,1281.95,189.29,69.6023,1243.43,190.466,69.9057,1278.22,203.983,64.3744,1266.77,204.796,38.0973,1266.92,175.463,215.574,1282.71,167.309,226.368,1261.49,181.833,239.426,1266.44,185.805,226.055,0,0,0
006620:1250.16,192.518,191.218,1250.41,192.855,193.651,1255.85,196.428,192.528,1229.83,196.612,192.592,1271.57,201.726,185.26,1268.76,189.757,168.06,1245.07,201.037,169.299,1288.52,188.259,158.146,1213.26,210.033,180.932,1273.7,171.794,178.478,1231.52,210.009,196.195,1250.07,180.54,123.601,1251.3,199.792,120.994,1287.93,189.109,71.5636,1244.43,191.026,69.8222,1278.49,203.991,65.2158,1267.52,204.602,39.1636,1261.17,175.74,215.848,1288.26,167.733,227.027,1264.77,182.896,240.152,1269.92,186.687,226.097,0,0,0
006621:1264.36,193.951,189.672,1265.21,194.64,191.968,1262.35,196.738,192.16,1238.99,198.969,191.655,1251.43,199.652,189.117,1269.91,190.915,168.458,1282.9,200.03,164.85,1293.72,189.869,158.017,1218.6,211.594,179.753,1283.58,173.691,177.22,1231.54,209.43,196.191,1253.94,180.956,122.987,1251.52,199.798,121.678,1288.38,189.122,72.9677,1243.78,191.075,71.0039,1280.71,203.931,65.4605,1272.55,205.589,39.1843,1268.29,175.886,214.444,1283.96,166.932,227.797,1264.81,182.897,240.284,1272.97,187.425,226.633,0,0,0
006622:1249.96,193.775,191.901,1255.16,195.132,193.2,1250.2,196.187,193.957,1266.01,204,186.631,1262,198.921,187.43,1267.28,191.339,169.779,1256.81,204.186,168.619,1286.82,190.155,159.371,1217.86,211.574,177.489,1274.67,172.939,178.205,1232.47,209.401,196.044,1256.99,180.824,122.965,1253.57,199.732,121.706,1296.53,188.788,71.4516,1243.95,191.08,71.5532,1279.98,203.972,66.5305,1279.43,206.223,37.8929,1273.89,176.332,215.483,1279.78,168.398,229.528,1270.91,182.982,240.546,1268.73,187.772,226.884,0,0,0
006623:1259.88,195.31,191.244,1268.7,195.855,192.913,1258.21,199.054,193.759,1286.69,199.964,186.259,1250.09,204.252,190.546,1267.36,191.638,170.061,1242.02,204.695,172.654,1294.13,191.086,159.317,1217.78,211.572,177.223,1275.62,173.49,177.888,1232.63,209.402,196.608,1253.43,181.013,124.541,1255.58,200.263,121.59,1301.69,188.579,70.6032,1243.95,191.08,71.5532,1280.11,203.975,66.9514,1284.84,207.71,36.5376,1266.3,177.43,218.108,1271.26,170.116,232.814,1273.05,183.232,240.581,1266.48,188.04,227.192,0,0,0
006624:1261.81,194.48,191.289,1268.33,195.463,193.039,1252.87,197.275,194.694,1295.28,203.543,184.325,1234.55,200.725,192.233,1266.44,191.679,170.361,1246.18,204.573,173.272,1303.95,191.958,160.301,1220.49,211.488,176.619,1291.1,177.834,174.117,1216.88,209.882,198.813,1251.78,183.199,125.593,1256.67,200.232,121.81,1308.24,188.321,70.7346,1248.87,192.379,70.8916,1282,203.968,69.5309,1282.17,208.116,38.4432,1267.67,178.249,219.458,1268.16,169.796,234.712,1271.38,184.177,241.574,1267.4,189.712,227.242,0,0,0
006625:1263.75,195.848,191.909,1265.78,195.541,194.487,1261.44,199.929,194.301,1257.93,195.814,191.18,1249.65,205.649,190.914,1265.57,191.719,170.806,1257.66,205.894,172.579,1303.82,191.954,159.883,1221.27,212.039,176.045,1291.1,177.834,174.117,1214.1,209.965,199.113,1254.28,183.711,127.215,1256.72,200.233,121.947,1308.6,188.006,72.0995,1250.8,192.902,70.4499,1282.12,203.966,69.9782,1271.21,206.368,40.538,1271.78,178.006,217.075,1275.54,169.392,233.459,1269.74,184.595,241.991,1263.54,189.865,227.357,0,0,0
006626:1265.89,195.382,191.705,1264.92,195.84,194.704,1261.96,199.118,194.253,1239.95,197.93,194.092,1248.78,204.692,190.536,1264.78,192.059,171.531,1251.28,204.423,173.558,1311.98,194.082,158.639,1220.29,212.355,176.064,1292.12,178.694,173.96,1205.81,210.212,200.005,1254.45,183.713,127.779,1257.9,200.205,122.441,1308.6,188.006,72.0995,1246.95,193.057,71.3329,1294.75,203.56,69.1937,1274.62,208.83,39.888,1270.55,178.973,219.4,1264.8,172.042,235.799,1266.17,186.145,243.704,1267.46,190.239,228.099,0,0,0
006627:1253.82,195.431,192.885,1249.52,196.332,196.321,1262.79,198.839,193.865,1229.03,199.811,194.234,1286.85,203.895,184.361,1265.88,192.917,171.777,1250.63,204.463,174.668,1315.03,194.577,158.123,1219.5,212.386,176.621,1291.17,178.741,174.27,1204.91,210.24,200.148,1254.72,183.72,128.598,1258.91,200.172,122.387,1293.9,184.021,77.8987,1237.79,190.665,80.2259,1304.35,203.254,68.6261,1265.21,207.927,43.9899,1270.55,178.973,219.4,1267.57,172.754,235.434,1268.76,186.543,243.375,1269.87,192.022,228.015,0,0,0
006628:1244.51,195.784,195.055,1242.52,196.727,198.145,1253.53,199.029,196.054,1232.93,201.258,194.513,1284.34,204.102,185.722,1266.89,193.178,171.751,1248.73,204.526,174.988,1314.94,194.575,157.843,1218.58,213.568,176.922,1291.3,178.741,174.711,1208.65,210.132,199.973,1254.76,183.721,128.734,1258.91,200.172,122.387,1293.9,184.021,77.8987,1244.07,192.874,71.9923,1304.52,202.945,69.2203,1244.35,207.294,52.6821,1272.86,179.554,219.336,1272.72,174.374,234.585,1266.45,186.81,243.48,1270.27,192.032,229.206,0,0,0
006629:1251.68,196.581,194.329,1251.6,197.521,196.558,1256.69,199.683,195.539,1221.53,201.469,196.382,1272.06,205.059,187.943,1266.1,193.519,172.46,1247.79,204.558,175.148,1307.83,194.844,159.066,1215.07,213.965,178.083,1292.67,179.906,175.722,1205.04,210.244,200.543,1254.76,183.721,128.734,1257.95,200.206,122.578,1282.01,180.887,81.2966,1243.12,192.913,72.2118,1300.69,202.777,71.0002,1241.62,207.391,53.8806,1274.64,180.519,220.131,1271.88,174.422,235.041,1268.78,189.435,243.308,1254.8,193.472,229.587,0,0,0
006630:1268.77,198.953,192.548,1267.89,199.349,195.342,1264.98,201.984,194.909,1250.87,199.962,193.657,1254.72,206.767,191.277,1269.27,194.306,172.792,1244.99,204.654,175.762,1304.8,194.959,159.587,1218.49,214.465,183.661,1294.77,180.779,179.165,1195.69,210.51,200.772,1255.84,183.676,128.984,1257.95,200.206,122.578,1277.04,180.509,82.384,1242.2,192.951,72.5769,1298.42,202.583,74.2784,1252.55,210.906,53.4294,1278.13,182.26,220.166,1273.9,175.187,235.367,1264.73,189.257,243.309,1261.98,193.557,230.313,0,0,0
006631:1276.92,200.945,188.392,1277.59,202.03,191.162,1270,203.339,191.224,1263.77,202.975,189.407,1244.36,206.292,190.058,1275.18,195.874,172.106,1244.95,204.654,175.619,1303.89,196.52,160.057,1220.74,215.542,178.003,1294.94,180.781,179.745,1195.64,210.794,200.637,1256.8,183.633,128.798,1257.95,200.206,122.578,1263.17,177.222,85.2702,1242.28,193.548,72.8694,1299.87,202.555,75.5036,1250.21,212.037,54.3581,1277.99,182.594,219.053,1271.68,175.473,235.746,1266.06,189.885,243.346,1260.32,193.77,229.437,0,0,0
006632:1274.9,201.546,190.928,1272.09,202.515,193.803,1274.89,204.517,192.832,1250.21,205.117,191.937,1253.44,207.122,190.235,1276.16,195.837,171.943,1240.41,205.109,176.955,1303.89,197.129,160.058,1218.68,217.319,177.933,1292.03,181.222,180.361,1200.65,212.336,198.832,1250.2,183.941,130.371,1257.95,200.506,122.571,1262.19,176.968,85.4846,1241.37,193.587,73.2252,1298.15,201.706,76.9566,1281.37,220.507,51.3809,1276.79,183.163,219.048,1273.36,176.764,235.613,1264.99,190.444,243.74,1265.94,195.448,230.415,0,0,0
006633:1271.06,201.625,192.964,1274.09,202.24,195.321,1266.22,204.975,195.461,1275.22,204.423,190.495,1246.76,208.3,192.424,1276.2,195.837,172.088,1238.52,205.756,177.274,1312.25,199.584,159.57,1214.79,216.837,177.726,1294.22,182.647,180.607,1201.41,212.594,198.276,1248.42,184.031,131.158,1258.91,200.771,122.38,1262.27,176.967,85.7799,1238.88,194.302,75.1476,1296.29,201.161,77.9925,1271.34,221.022,58.0914,1281.68,184.679,219.062,1270.48,177.958,236.993,1270.01,191.773,243.275,1261.3,195.823,232.282,0,0,0
006634:1281.15,204.081,191.22,1277.08,203.85,195.002,1277.44,207.205,193.74,1258.97,203.3,195.106,1257.96,211.819,192.226,1275.31,195.877,172.526,1256.13,210.2,177.031,1310.08,199.65,159.506,1213.73,217.146,177.479,1291.58,183.39,182.084,1201.24,212.593,197.729,1250.55,183.95,131.469,1256.14,201.175,123.366,1262.27,176.967,85.7799,1240.86,195.419,75.0063,1296.37,201.16,78.2926,1251.36,215.878,63.6175,1281.59,186.073,219.565,1274.28,179.497,236.809,1277.34,193.707,242.691,1261.02,196.865,232.735,0,0,0
006635:1265.01,199.535,194.241,1259.76,199.869,197.704,1268.51,202.978,195.699,1225.82,201.909,199.71,1266.74,209.64,191.781,1278.37,196.966,172.465,1247.89,207.797,175.7,1304.19,199.868,161.106,1215.43,217.63,173.77,1285.28,184.312,185.018,1200.86,212.582,196.546,1246.78,183.826,132.351,1256.14,201.175,123.366,1264.22,176.87,85.3548,1240.98,195.718,75.4354,1303.94,203.067,78.392,1250.5,216.02,58.787,1275.05,186.365,220.758,1276.88,180.748,236.472,1277.11,193.897,243.221,1268,198.141,232.387,0,0,0
006636:1292.96,210.097,187.574,1290.34,210.624,189.864,1289,210.747,190.296,1256.06,213.171,190.287,1249.03,202.858,192.593,1274.77,197.116,174.103,1250.75,208.59,175.368,1301.26,199.065,161.901,1227.51,221.373,172.737,1285.33,184.614,185.154,1198.81,212.631,196.025,1247.73,183.783,132.167,1256.27,201.179,123.777,1264.44,176.876,86.0454,1241.82,197.826,78.2082,1305.1,203.343,78.6038,1255.8,217.535,61.417,1282.68,188.63,220.183,1277.04,181.944,236.453,1261.16,194.907,247.47,1255.25,199.939,232.926,0,0,0
006637:1240.91,203.571,198.698,1238.6,204.109,201.671,1248.84,206.029,199.861,1228.58,207.868,197.778,1276.29,209.621,190.376,1272.2,197.829,175.71,1251.81,209.447,175.628,1296.35,198.338,163.026,1218.2,218.707,173.614,1266.94,185.139,188.22,1193.93,212.471,195.412,1250.58,183.652,131.615,1249.6,201.417,125.241,1265.76,176.836,86.9479,1241.97,199.315,78.7956,1317.75,206.663,76.952,1260.7,219.683,58.4557,1288.09,190.842,220.656,1274.7,183.606,237.28,1270.38,197.96,246.594,1259.37,202.172,233.061,0,0,0
006638:1274.99,209.892,192.634,1277.01,210.725,194.483,1279.17,212.148,194.209,1253.29,213.912,193.702,1274.06,208.525,190.743,1273.38,198.991,176.252,1249.91,209.505,175.948,1295.43,197.77,163.482,1215.04,219.058,172.866,1265.12,185.228,188.788,1183.15,211.938,196.448,1257.23,183.343,130.182,1247.86,200.89,126.195,1284.76,176.218,83.8825,1241.09,199.351,79.2938,1324.41,207.414,76.8945,1258.25,221.852,61.2884,1270.38,191.585,224.084,1277.1,186.439,238.477,1273.06,198.845,244.242,1271.14,208.781,232.951,0,0,0
006639:1261.66,206.379,196.053,1259.04,207.076,199.263,1266.27,208.55,198.22,1250.26,212.878,195.448,1267.54,208.814,193.393,1269.29,199.166,178.299,1249.91,209.505,175.948,1292.57,196.669,164.433,1216.6,219.585,171.733,1265.87,185.482,187.913,1172.42,211.972,197.347,1254.35,183.475,130.739,1247.07,200.928,126.936,1284.76,176.218,83.8825,1236.37,199.527,80.5039,1324.67,207.415,77.7899,1204.41,206.715,84.7945,1284.26,195.855,222.451,1289.39,189.894,237.831,1275.76,204.928,245.931,1277.67,212.676,231.568,0,0,0
006640:1272.13,213.994,188.707,1271.51,213.912,191.299,1277.34,216.587,190.092,1238.97,212.146,192.94,1288.81,215.272,184.436,1272.45,199.925,176.535,1251.77,210.624,175.636,1290.88,197.651,165.793,1215.4,219.315,170.936,1269.78,186.505,187.434,1170.01,212.009,195.548,1262.26,183.128,129.936,1244.35,201.033,127.907,1283.76,176.267,84.0983,1236.42,199.528,80.6405,1323.63,207.135,78.0149,1248.44,220.53,71.5754,1288.02,200.041,222.428,1289.87,193.702,239.168,1278.19,208.301,248.171,1285.72,216.058,230.92,0,0,0
006641:1246.32,204.096,199.087,1241.74,204.599,203.004,1262.01,208.708,199.182,1224.22,207.412,200.362,1297.42,215.192,187.526,1276.21,200.981,175.457,1234.56,211.123,177.822,1292.27,198.224,166.914,1212.95,219.066,169.194,1282.55,189.903,189.185,1173.72,210.745,192.559,1261.56,183.179,130.943,1243.44,201.068,128.23,1275.68,176.654,85.2603,1235.6,199.564,81.2726,1323.76,207.139,78.4445,1254.76,222.857,63.6592,1291.56,202.888,224.03,1294.59,197.847,239.04,1293.14,212.14,246.272,1272.1,217.582,231.626,0,0,0
006642:1247.06,204.435,200.246,1249.99,205.228,202.818,1250.9,208.36,201.89,1245.71,208.523,199.874,1262.16,215.001,195.376,1276.21,200.981,175.457,1232.68,211.469,178.139,1292.36,197.925,167.183,1210.84,219.112,168.536,1283.84,190.767,190.026,1177.75,212.02,190.859,1260.59,183.224,131.129,1243.44,201.068,128.23,1279.29,176.523,86.724,1232.1,199.705,83.1125,1323.76,207.139,78.4445,1269.55,227.321,61.5992,1285.24,203.459,225.645,1275.4,200.117,243.19,1271.46,215.457,248.689,1269.86,219.847,232.069,0,0,0
006643:1253.35,208.608,197.255,1251.98,208.559,200.489,1260.53,212.232,198.807,1224.27,207.684,200.566,1272.67,214.738,192.75,1276.3,200.981,175.748,1234.44,211.996,177.545,1283.08,195.543,167.367,1209.06,220.305,169.297,1267.57,191.747,193.275,1169.56,212.816,191.082,1257.71,183.356,131.685,1242.49,201.102,128.416,1271.96,177.15,86.8543,1229.62,200.994,85.0194,1322.72,206.86,78.669,1250.75,222.125,63.0476,1282.74,206.813,226.687,1258.6,205.475,246.978,1275.27,216.544,248.047,1249.55,224.18,234.519,0,0,0
006644:1248.6,210.708,197.532,1249.1,210.5,200.421,1252.58,214.099,198.959,1242.79,210.651,197.485,1262.23,214.78,192.559,1276.3,200.981,175.748,1229.78,212.133,178.332,1284.27,195.807,167.932,1211.86,221.386,169.254,1273.41,193.301,192.516,1164.3,212.976,191.652,1260.59,183.224,131.129,1241.68,201.139,129.01,1268.4,177.351,88.8197,1225.92,202.017,86.1367,1309.89,203.538,79.8327,1266.4,226.666,59.1102,1256.46,210.658,228.923,1270.24,210.515,244.692,1265.68,226.207,246.972,1250.09,228.32,231.732,0,0,0
006645:1252.43,208.476,198.709,1243.47,208.484,203.485,1265.09,212.467,200.051,1213.53,208.248,203.283,1282.97,215.756,192.355,1277.27,201.246,175.587,1233.39,213.768,177.59,1290.33,195.583,167.36,1208.88,221.162,168.908,1283.34,196.215,191.555,1154.96,213.261,193.475,1264.63,183.051,130.933,1241.85,201.144,129.553,1268.7,177.358,89.7977,1235.03,205.273,86.679,1303.95,201.58,81.9133,1254.32,223.143,62.3563,1256.13,214.7,227.806,1278.65,215.877,242.328,1284.74,234.492,242.97,1248.53,231.17,230.435,0,0,0
006646:1240.44,217.35,195.244,1245.36,217.439,197.598,1246.36,219.228,197.474,1236.28,213.857,197.438,1267.34,212.342,193.239,1279.18,201.777,175.119,1233.26,215.803,177.474,1293.4,195.472,167.142,1203.73,220.115,167.537,1296.35,199.957,190.139,1160.08,216.134,190.258,1264.63,183.051,130.933,1237.56,201.323,131.842,1267.06,177.462,91.1858,1244.8,210.017,85.8953,1303.95,201.58,81.9133,1253.03,225.171,63.0611,1272.74,219.514,224.238,1278.41,221.289,239.576,1262.77,235.776,240.98,1257.13,236.205,227.224,0,0,0
006647:1226.45,211.806,202.423,1223.83,211.378,206.336,1244.38,215.11,203.24,1223.97,211.184,203.744,1302.42,218.65,192.113,1283.1,202.842,174.471,1233.26,215.803,177.474,1290.64,194.681,168.362,1209.6,222.254,165.179,1284.71,200.68,192.674,1162.81,216.02,187.476,1262.7,183.14,131.305,1247.69,201.299,132.046,1267.1,177.464,91.3241,1244.94,211.213,86.4537,1303.86,201.578,81.6302,1259.4,226.831,63.9905,1264.74,225.594,222.906,1270.25,227.397,240.92,1261.74,242.613,236.016,1255.41,239.059,225.506,0,0,0
006648:1233.31,212.042,200.484,1232.49,211.999,204.348,1249.74,215.761,201.857,1231.01,211.565,203.08,1286.68,216.677,195.191,1283.1,202.842,174.471,1229.52,215.903,178.104,1285.77,193.969,169.479,1211.94,223.334,163.615,1281.72,200.784,192.977,1156.62,213.683,187.42,1251.42,183.675,134.2,1260.54,203.841,131.083,1264.43,177.606,92.8272,1246.04,211.779,86.82,1303.86,201.578,81.6302,1251.24,226.681,64.6804,1276.44,227.227,221.071,1274.56,234.405,237.88,1264.29,249.298,234.827,1274.17,243.384,220.53,0,0,0
006649:1218.24,209.306,203.266,1221.85,208.835,206.006,1232.65,213.467,204.22,1222.05,209.255,203.999,1295.51,217.914,192.823,1281.17,203.209,174.936,1229.52,215.903,178.104,1293.53,196.123,171.083,1215.88,224.08,160.923,1259.07,202.444,195.169,1152.93,212.949,186.934,1251.42,183.675,134.2,1255.89,204.007,132.569,1264.43,177.606,92.8272,1245.37,212.411,87.9985,1307.82,201.434,80.3189,1250.06,226.398,64.2023,1281.9,232.072,219.838,1285.06,240.013,234.367,1265.06,254.626,230.128,1262.07,247.163,218.075,0,0,0
006650:1217.56,212.482,205.113,1221.35,213.422,207.747,1236.29,215.9,205.664,1235.58,216.088,202.034,1301.38,221.162,192.669,1281.17,203.209,174.936,1229.47,216.192,177.972,1293.61,195.518,171.377,1225.39,227.042,157.435,1269.63,205.344,193.677,1142.73,213.254,188.549,1253.54,183.593,134.515,1246.31,204.329,134.414,1264.43,177.606,92.8272,1248.22,213.22,87.3787,1307.82,201.434,80.3189,1250.06,226.398,64.2023,1281.62,236.653,216.973,1264.12,244.6,234.406,1255.91,258.457,225.756,1272.11,250.788,213.158,0,0,0
006651:1221.09,215.531,202.686,1227.16,215.582,205.026,1229.36,217.607,204.696,1239.45,217.007,200.205,1287.38,217.377,193.683,1269.37,203.6,176.602,1233.32,217.837,178.066,1288.58,193.347,175.349,1230.66,227.504,155.472,1269.67,205.641,193.823,1160.98,212.678,183.92,1253.63,183.595,134.787,1244.4,204.687,134.79,1254.93,178.08,95.4868,1252.12,214.303,86.8384,1312.7,201.253,78.3425,1249.94,226.396,63.7788,1287.12,241.168,213.278,1269.2,249.915,230.614,1270.24,262.966,219.663,1276.72,256.659,208.685,0,0,0
006652:1215.35,211.321,203.649,1221.66,211.574,206.197,1226.56,214.66,205.106,1235.52,214.099,202.342,1294.44,219.929,193.07,1269.37,203.6,176.602,1231.45,217.885,178.381,1288.43,190.935,174.902,1231.37,227.772,154.616,1269.59,205.641,193.535,1156.68,213.925,184.775,1257.46,183.42,134.054,1244.4,204.687,134.79,1254.93,178.08,95.4868,1252.37,215.195,87.8672,1317.51,201.067,76.0785,1250.74,226.375,62.9813,1282.87,243.408,211.059,1278.09,257.618,226.165,1257.85,268.241,214.806,1262.53,256.493,206.863,0,0,0
006653:1234.5,214.333,201.918,1237.31,213.814,204.759,1243.1,217.436,203.763,1239.96,214.885,202.24,1275.13,218.649,196.904,1271.3,204.131,176.282,1234.14,220.138,177.931,1289.77,191.202,175.878,1227.79,226.955,152.308,1269.49,205.936,193.255,1165.54,215.595,181.582,1257.46,183.42,134.054,1241.64,204.486,135.624,1257.84,178.54,94.8652,1254.28,216.039,87.45,1318.91,200.977,73.4835,1257.47,230.114,58.1901,1269.12,245.863,208.955,1268.5,257.92,220.829,1273.07,273.517,207.321,1274.54,261.015,198.971,0,0,0
006654:1238.07,218.367,201.664,1243.88,218.323,204.023,1245.01,220.247,203.912,1246.63,219.927,200.451,1286.43,219.421,195.374,1275.15,204,175.499,1235.08,220.116,177.773,1295.17,191.312,176.483,1194.92,216.786,163.774,1268.57,205.967,193.551,1166.13,216.128,180.636,1253.63,183.595,134.787,1240.74,204.519,135.942,1262.47,179.204,93.136,1256.21,218.379,87.3385,1322.43,200.831,70.3409,1259.31,230.673,57.4713,1280.6,249.659,203.068,1265.22,261.915,214.651,1280.7,276.285,202.16,1275.52,263.186,194.446,0,0,0
006655:1250.96,216.239,200.559,1256.82,216.728,203.513,1247.3,219.078,203.617,1274.43,218.986,198.47,1240.78,221.928,200.612,1274.18,204.033,175.661,1246.57,223.06,177.044,1294.26,190.448,176.914,1236.57,228.506,148.949,1270.57,206.498,193.548,1186.85,216.587,170.155,1253.72,183.598,135.06,1239.84,204.256,136.266,1269.1,180.081,90.9756,1258.04,220.125,86.7911,1321.83,200.815,68.4793,1259.74,230.664,59.0889,1287.3,251.833,200.149,1275.57,265.954,207.148,1278.52,274.55,194.155,1282.82,265.055,187.453,0,0,0
006656:1242.06,223.582,200.212,1249.59,224.328,202.455,1246.03,224.288,203.561,1266.38,226.913,197.164,1273.91,218.649,198.455,1274.18,204.033,175.661,1249.39,222.995,176.429,1290.87,190.92,179.415,1240.15,229.014,147.711,1273.72,207.298,193.965,1188.69,216.504,166.983,1252.85,183.644,135.515,1239.84,204.256,136.266,1276.66,181.828,88.1638,1258.04,220.125,86.7911,1321.83,200.815,68.4793,1259.7,230.663,58.9493,1295.21,252.425,191.736,1279.29,267.456,199.29,1276.67,274.528,191.482,1287.05,263.842,181.282,0,0,0
006657:1260.29,225.315,195.337,1267.37,226.055,197.72,1257.43,225.655,199.91,1263.93,227.587,195.149,1263.08,219.223,198.204,1272.32,204.1,176.258,1250.91,222.948,174.85,1293.39,191.453,180.787,1241.93,229.562,147.093,1275.03,207.567,194.973,1196.71,215.959,162.269,1249.05,183.819,136.243,1239.84,204.256,136.266,1269.79,182.45,89.6459,1258.04,220.125,86.7911,1320.37,200.854,67.196,1257.68,230.694,59.2803,1294.04,252.404,188.012,1281.68,267.628,195.206,1279.8,275.033,182.964,1292.03,262.63,173.871,0,0,0
006658:1239.17,218.872,200.911,1240.58,218.92,204.446,1247.13,222.884,202.625,1233.47,218.882,203.897,1281.65,228.262,194.828,1271.48,204.136,176.83,1250.7,222.947,174.136,1303.29,191.11,182.32,1232.48,226.824,148.246,1275.28,207.568,195.84,1200.22,216.147,161.338,1245.74,183.695,138.692,1238.94,203.993,136.589,1266.75,183.493,89.841,1258.04,220.125,86.7911,1317.87,200.617,66.146,1252.77,230.78,60.4332,1299.58,252.19,184.381,1285.27,267.964,189.91,1274.3,272.097,173.769,1295.63,261.234,167.235,0,0,0
006659:1258.22,228.615,195.026,1265.45,228.769,197.6,1262.42,230.291,197.725,1261.62,227.345,196.101,1293.42,227.43,191.006,1270.51,204.168,176.99,1249.75,222.969,174.297,1300.13,191.884,185.72,1223.34,224.677,146.817,1273.82,207.037,197.727,1203.94,215.761,160.956,1241.16,183.916,139.995,1238.94,203.993,136.589,1266.75,183.493,89.841,1258.04,220.125,86.7911,1316.75,200.343,66.0737,1250.56,231.407,60.2005,1295.59,250.642,182.101,1274.59,263.478,184.527,1281.76,270.599,168.429,1289.61,257.948,164.111,0,0,0
006660:1275.23,227.97,193.274,1279.84,228.687,196.267,1275.22,230.263,196.399,1261.95,227.064,197.315,1268.09,228.805,194.897,1267.69,204.267,177.745,1246.72,223.032,174.211,1290.66,190.176,188.871,1219.15,223.593,145.714,1279.93,208.944,197.831,1217.36,215.092,157.694,1240.26,183.961,140.308,1238.94,203.993,136.589,1270.3,183.92,87.69,1258.26,220.131,87.4836,1312.35,199.245,66.0976,1252.28,231.974,59.0179,1279.32,247.454,179.035,1282.73,261.423,177.27,1294.31,269.468,161.8,1302.59,252.039,160.313,0,0,0
006661:1282.8,227.862,192.625,1283.49,227.809,196.443,1280.78,230.552,195.401,1267.77,225.407,197.116,1258.07,229.982,194.847,1265.84,204.333,178.337,1246.64,223.032,173.926,1278.1,188.365,194.841,1218.97,223.588,145.177,1277.98,209.004,198.121,1203.95,215.475,160.952,1239.56,184.003,141.35,1238.94,203.993,136.589,1279.3,186.261,86.0553,1258.48,220.137,88.176,1311.19,198.973,65.8737,1252.28,231.974,59.0179,1281.45,244.163,175.827,1295.73,259.523,169.965,1302.58,258.924,150.299,1289.59,245.557,161.478,0,0,0
006662:1260.68,229.562,191.952,1267.98,231.059,193.954,1262.89,230.253,195.883,1246.99,231.166,194.856,1271.86,224.387,194.665,1263.15,205.025,179.523,1246.59,223.032,173.783,1277.26,188.41,195.4,1228.15,224.246,143.179,1276.79,208.735,197.546,1199.33,215.883,161.513,1239.56,184.003,141.35,1237.07,203.469,136.949,1283.29,187.002,85.2014,1258.52,220.138,88.3145,1311.19,198.973,65.8737,1252.23,231.973,58.8789,1301.49,239.457,170.356,1317.69,253.051,163.013,1320.91,255.402,145.459,1312.74,240.102,156.003,0,0,0
006663:1269.98,231.238,193.064,1277.23,232.062,195.076,1268.05,231.278,197.664,1265.29,232.646,193.469,1274.85,224.307,196.258,1265.43,207.042,180.49,1246.55,223.032,173.64,1277.62,188.42,196.493,1234.16,223.504,140.012,1276.71,208.734,197.256,1192.82,216.049,161.999,1234.88,184.219,142.236,1237.07,203.469,136.949,1287.3,188.054,84.3331,1258.52,220.138,88.3145,1306.51,198.493,64.9029,1252.23,231.973,58.8789,1306.56,235.024,168.113,1310.75,246.432,160.763,1320.44,244.311,141.341,1322.48,235.405,153.132,0,0,0
006664:1270.8,230.142,191.34,1279.11,231.333,193.073,1271.06,230.164,195.803,1259.69,232.028,192.919,1277.34,222.681,194.611,1266.59,207.608,181.04,1245.58,222.76,173.656,1278.73,188.98,196.753,1234.21,223.505,140.148,1281.31,210.076,195.644,1192.82,216.049,161.999,1234.84,184.218,142.101,1233.4,203.013,137.939,1281.53,186.475,86.5272,1258.52,220.138,88.3145,1305.31,198.218,64.5475,1248.33,232.038,59.8005,1306.24,230.303,165.85,1306.5,240.191,159.804,1331.13,236.41,139.069,1334.42,228.481,150.221,0,0,0
006665:1260.43,230.175,194.433,1261.13,229.288,197.683,1268.6,233.302,195.92,1230.61,226.229,200.19,1300.46,234.308,188.858,1268.52,208.141,180.726,1245.44,222.757,173.25,1280.69,190.095,196.454,1240.12,225.437,140.198,1279.88,209.542,197.665,1191.86,215.789,161.882,1236.66,184.13,141.612,1236.08,203.798,136.972,1280.58,186.519,86.881,1258.52,220.138,88.3145,1307.23,198.143,63.6484,1248.33,232.038,59.8005,1300.25,224.48,165.958,1268.32,228.813,162.8,1288.21,221.212,147.324,1301.1,218.055,155.321,0,0,0
006666:1241.61,226.07,199.819,1234.25,225.522,204.217,1255,229.835,200.812,1209.67,222.747,204.267,1287.06,232.891,192.248,1268.52,208.141,180.726,1244.36,222.774,173.005,1274.23,189.486,198.639,1245.04,225.633,139.855,1274.4,209.132,199.658,1194.51,215.716,161.253,1237.6,184.087,141.435,1235.19,203.832,137.289,1280.67,186.522,87.16,1257.55,220.161,88.5275,1310.09,198.025,62.2386,1248.33,232.038,59.8005,1289.69,219.482,167.01,1280.31,227.184,157.69,1289.21,218.039,145.593,1305.02,215.86,154.458,0,0,0
006667:1236.08,228.511,198.373,1232.81,228.354,202.371,1252.02,232.549,199.199,1216.54,224.978,203.158,1287.76,235.821,191.98,1269.44,208.409,180.425,1240.2,222.561,172.41,1270.4,188.755,199.373,1247.89,225.869,139.314,1271.31,208.37,202.791,1194.46,215.714,161.121,1237.6,184.087,141.435,1252.46,208.861,131.536,1276.93,186.7,88.71,1257.55,220.161,88.5275,1309.02,198.061,62.3293,1248.33,232.038,59.8005,1321.14,216.296,164.729,1315.68,224.205,152.997,1326.39,214.104,139.626,1322.61,213.986,152.424,0,0,0
006668:1226.41,225.102,200.213,1232.14,226.479,202.759,1242.43,229.471,201.374,1234.26,225.93,200.586,1283.5,233.652,193.177,1278.83,211.095,177.827,1238.92,222.579,171.45,1267.69,189.178,200.373,1252.67,226.36,138.409,1280.24,207.566,205.041,1194.3,215.715,160.565,1240.42,183.958,140.901,1254.36,209.396,131.167,1271.42,186.968,91.2304,1257.55,220.161,88.5275,1303.59,197.013,62.4338,1246.36,232.369,60.265,1285.44,210.234,168.582,1292.83,216.822,154.546,1299.53,209.048,146.519,1302.92,205.237,157.273,0,0,0
006669:1291.72,225.644,191.226,1301.45,227.948,192.464,1300.93,227.781,194.032,1285.28,232.291,192.176,1329.22,228.193,189.027,1278.83,211.095,177.827,1229.94,221.603,170.952,1259.31,189.547,202.357,1258.37,228.019,137.337,1283.58,207.183,205.87,1190.78,214.675,161.208,1239.39,183.703,140.81,1256.27,209.932,130.798,1270.53,187.013,91.7181,1256.57,220.185,88.7401,1292.87,194.318,62.7914,1243.36,232.414,60.6754,1299.04,206.57,169.869,1306.57,210.733,156.368,1313.15,204.84,149.574,1315.64,198.857,158.029,0,0,0
006670:1242.82,226.945,197.015,1242.3,227.847,200.594,1255.58,231.462,198.435,1226.14,226.584,201.25,1279.1,236.567,192.809,1283.58,212.45,176.59,1224.22,221.73,171.517,1274.38,193.991,198.547,1258.37,228.019,137.337,1292.6,206.06,208.217,1190.78,214.675,161.208,1240.32,183.659,140.632,1259.15,210.738,130.242,1270.53,187.013,91.7181,1256.57,220.185,88.7401,1290.52,193.786,62.0509,1242.39,232.43,60.904,1308.81,200.911,175.687,1315.43,203.124,160.436,1324.74,195.2,148.711,1332.37,192.474,162.723,0,0,0
006671:1251.65,229.98,195.217,1251.91,230.933,198.894,1261.38,234.153,197.178,1243.28,228.753,199.635,1285.81,237.255,192.281,1285.52,212.393,176.127,1224.31,222.307,171.953,1256.42,189.372,202.646,1257.31,228.035,137.246,1292.84,205.507,212.381,1195.11,215.975,160.126,1239.39,183.703,140.81,1264.01,211.789,129.456,1269.55,187.056,91.9284,1261.9,220.081,89.0615,1292.41,193.706,61.1559,1243.15,233.01,60.1104,1300.61,194.937,180.19,1299.56,193.342,165.93,1303.79,182.825,157.741,1304.62,183.023,170.394,0,0,0
006672:1237.07,224.837,197.493,1238.86,227.554,200.231,1247.57,228.076,199.69,1235.37,231.521,198.048,1280.63,233.246,192.9,1285.52,212.393,176.127,1222.45,222.35,172.274,1260.94,191.535,201.064,1259.44,228.886,137.756,1293.33,205.517,213.927,1202.18,218.353,158.854,1229.11,183.591,142.757,1264.01,211.789,129.456,1264.67,187.268,92.9758,1252.68,220.277,89.5886,1292.27,193.702,60.7324,1253.32,236.125,56.4738,1297.03,191.638,184.661,1300.73,190.581,171.283,1301.42,177.727,163.122,1302.68,178.132,178.588,0,0,0
006673:1237.13,225.13,198.046,1240.98,227.057,200.52,1238.73,228.386,201.446,1253.7,231.432,195.781,1252.64,232.362,197.504,1285.52,212.393,176.127,1224.27,222.885,171.96,1252.39,191.886,202.366,1262.35,229.721,137.359,1282.32,202.033,218.029,1200.43,218.684,159.474,1220,183.148,144.909,1264.01,211.789,129.456,1264.67,187.268,92.9758,1251.75,220.302,89.9381,1286.77,192.918,56.7597,1253.28,236.124,56.3345,1287.97,187.535,189.559,1292.67,187.5,177.902,1299.97,175.445,169.657,1313.41,175.772,181.754,0,0,0
006674:1233.69,225.637,198.497,1235.14,227.252,201.515,1242.65,229.91,200.397,1234.37,229.432,199.748,1269.58,236.396,194.399,1286.46,212.665,175.82,1222.42,222.927,172.281,1249.65,192.004,203.066,1262.35,229.721,137.359,1258.19,195.977,214.774,1200.43,218.684,159.474,1222.94,183.023,144.921,1269.86,213.418,128.48,1263.69,187.31,93.1845,1266.5,220.006,90.293,1284.32,192.679,55.8111,1248.34,236.192,57.357,1284.35,185.738,197.786,1291.2,186.631,184.834,1306.32,174.748,176.257,1321.73,175.18,189.112,1206.11,200.347,299.758
006675:1234.15,225.792,197.358,1237.89,228.258,199.491,1237.15,228.032,200.774,1248.43,234.765,194.408,1247.58,231.055,197.577,1290.27,213.456,174.733,1201.86,216.655,185.648,1245.05,191.323,204.023,1257.29,228.331,137.25,1280.01,200.067,220.209,1197.53,218.466,159.285,1231.42,184.692,143.748,1271.89,213.962,128.396,1263.69,187.31,93.1845,1249.9,220.35,90.6359,1276.74,190.216,55.3545,1246.34,236.219,57.6811,1284.58,183.848,208.499,1284.7,189.313,194.04,1317.4,177.341,181.582,1310.7,175.299,196.146,1209.42,201.447,297.48
006676:1257.56,232.86,193.521,1256.89,234.249,196.167,1259.5,234.143,197.505,1252.15,236.533,192.329,1262.14,231.38,195.743,1290.27,213.456,174.733,1231.52,226.198,170.717,1243.4,191.115,204.969,1257.04,228.332,136.384,1278.38,199.547,221.457,1209.95,222.45,156.877,1233.29,185.49,143.396,1270.84,214.587,128.452,1263.7,187.312,93.1754,1248.01,220.398,91.1946,1276.7,190.217,55.205,1245.37,236.232,57.9123,1305.6,187.938,212.278,1282,187.665,203.272,1309.28,177.978,195.16,1320.9,176.639,207.924,1208.83,201.435,295.616
006677:1237.15,227.592,195.244,1235.55,229.427,198.372,1251.15,232.04,196.631,1220.19,231.57,197.663,1269.27,236.386,191.219,1286.3,213.565,175.387,1228.56,226.542,170.803,1278.63,201.01,199.15,1257.04,228.332,136.384,1267.86,197.233,215.773,1214.46,224.359,156.214,1235.17,187.173,143.043,1268.88,214.64,128.832,1264.67,187.269,92.9666,1248.01,220.398,91.1946,1283.57,190.237,53.1149,1242.36,236.271,58.3273,1310.03,189.06,216.067,1281.12,188.746,213.243,1313.84,179.948,208.129,1319.88,177.898,216.031,1208.02,201.418,293.111
006678:1245.7,229.549,193.817,1246.92,231.7,196.212,1251.05,231.901,196.532,1243.18,236.305,192.813,1256.85,233.331,193.405,1286.3,213.565,175.387,1233.15,227.898,170.01,1254.61,193.619,205.469,1259.8,229.461,135.562,1279.98,196.255,223.256,1215.23,224.623,155.647,1246.44,190.526,140.776,1267.9,214.666,129.021,1272.54,186.931,91.4267,1248.01,220.398,91.1946,1289.64,189.99,51.8391,1242.36,236.271,58.3273,1307.19,191.549,232.812,1292.78,195.832,228.51,1298.44,185.357,227.243,1312.31,181.917,232.991,1207.21,201.401,290.607
006679:1244.6,230.12,196.354,1245.16,231.095,198.953,1257.27,235.381,195.977,1231.13,230.614,196.398,1271.32,240.457,187.407,1250.8,211.632,188.346,1247.36,232.846,163.312,1250.26,193.096,209.967,1233.96,220.146,140.904,1240.05,191.422,233.179,1201.9,222.684,159.104,1253.91,189.315,142.491,1252.46,211.788,131.987,1268.14,186.811,96.4746,1226.85,221.058,93.0848,1290.45,190.677,52.248,1247.55,239.135,51.7099,1272.49,190.725,243.81,1278.16,186.772,247.66,1272.77,193.737,247.907,1270.04,197.115,243.062,1206.81,201.393,289.354
006680:1273.18,238.847,189.406,1275.23,238.941,192.276,1263.48,240.217,193.507,1275.62,236.984,189.251,1228.91,234.448,195.148,1278.27,213.777,176.276,1234.77,228.436,169.017,1242.24,194.12,207.664,1263.54,230.577,134.551,1262.07,194.594,226.893,1213.19,224.371,155.307,1254.19,192.587,139.773,1266.93,214.394,129.208,1275.41,186.803,90.4971,1246.98,220.124,91.111,1290.74,189.951,51.8846,1233.38,236.36,57.2886,1272.79,194.032,251.531,1281.86,185.44,259.251,1280.96,194.03,267.542,1272.23,202.181,258.733,1214.36,202.339,285.966
006681:1249.89,233.645,193.082,1247.35,234.762,196.085,1257.69,236.51,195.724,1234.66,236.627,193.282,1268.81,237.216,191.652,1275.24,213.855,176.487,1234.71,228.726,168.885,1242.2,194.119,207.53,1264.46,230.855,134.23,1260.17,194.375,227.153,1211.21,224.123,155.087,1260.03,194.141,138.996,1266.93,214.394,129.208,1273.36,186.886,90.6421,1247.94,220.101,90.9008,1434.01,228.228,9.47154,1242.36,236.271,58.3273,1262.58,195.751,259.996,1268.85,188.115,272.332,1268.26,198.28,279.732,1257.29,205.883,269.991,1213.95,202.33,284.707
006682:1227.52,232.794,193.901,1227.81,233.813,196.825,1237.03,235.419,196.558,1231.1,236.511,193.362,1262.78,236.769,192.313,1257,212.879,179.987,1233.73,229.324,169.056,1242.2,194.119,207.53,1264.46,230.855,134.23,1244.5,193.497,227.318,1211.21,224.123,155.087,1262.8,194.925,138.015,1266.93,214.394,129.208,1271.12,186.663,90.2235,1247.94,220.101,90.9008,1290.78,189.952,52.0257,1241.4,236.285,58.5576,1238.89,197.418,267.918,1251.88,190.994,281.539,1256.82,203.364,289.305,1243.21,208.547,274.679,1213.14,202.313,282.19
006683:1225.54,235.235,192.926,1228.78,236.741,195.296,1230.8,236.241,196.78,1245.79,240.131,190.051,1251.1,233.521,194.673,1247.92,210.48,179.387,1238.89,229.497,166.588,1241.3,193.864,207.811,1269.24,231.96,133.171,1237.54,192.301,226.673,1206.28,223.64,154.719,1264.82,195.448,137.942,1263.99,213.578,129.622,1271.12,186.663,90.2235,1246.95,219.828,90.9625,1290.78,189.952,52.0257,1241.24,236.578,58.1482,1220.11,196.474,269.597,1228.68,191.772,282.852,1232.55,205.977,290.139,1232.47,210.022,274.934,1212.34,202.297,279.674
006684:1247.47,233.641,192.967,1243.78,233.73,196.943,1246.01,237.562,193.866,1248.2,232.332,193.514,1247.02,241.385,186.869,1248.04,215.293,186.002,1239.97,233.52,168.831,1248.35,196.015,209.939,1235.69,228.184,147.561,1260.9,201.086,224.616,1232.39,226.98,150.967,1255.01,194.585,135.585,1250.89,213.209,128.68,1278.85,187.603,89.5961,1241.15,222.323,92.0694,1282.91,191.069,54.6945,1233.63,239.375,57.7365,1256.47,195.968,218.864,1270.17,194.083,213.574,1248.14,189.702,215.443,1234.62,191.601,220.023,1202.39,201.302,275.581
006685:1251.46,234.877,191.672,1252.46,234.892,194.921,1254.73,238.746,191.825,1248.2,232.332,193.514,1246.83,241.385,186.234,1252.55,215.166,184.599,1243.94,234.756,167.477,1252.37,197.164,208.68,1235.16,229.497,147.661,1255.42,201.242,222.693,1227.79,227.08,151.856,1263.89,195.568,133.203,1250.71,213.21,128.034,1269.77,185.264,90.8104,1240.93,222.317,91.3916,1273.79,188.705,56.1185,1233.41,239.369,57.0555,1267.86,192.687,204.885,1285.69,191.909,197.413,1276.66,186.875,194.663,1259.24,187.71,202.8,1177.58,199.489,264.95
006686:1251.24,234.871,191.001,1252.24,234.886,194.25,1249.77,238.8,191.905,1247.79,232.326,192.21,1246.61,241.379,185.564,1252.15,215.159,183.29,1243.53,234.75,166.17,1247.91,196.004,208.612,1239.67,229.411,146.151,1252.4,198.76,225.726,1236.4,229.52,151.611,1263.49,195.563,131.872,1250.49,213.204,127.358,1283.35,187.388,87.1875,1240.23,223.653,90.8596,1273.61,188.708,55.451,1228.5,239.431,57.5448,1214.68,192.554,232.005,1220.75,188.476,231.917,1199.34,186.874,234.256,1189.89,189.82,236.127,1145.72,198.063,257.456
006687:1246.71,234.943,192.386,1243.37,233.723,195.643,1249.77,238.8,191.905,1243.64,231.097,192.868,1246.61,241.379,185.564,1251.65,216.484,183.374,1247.71,235.993,165.444,1251.07,198.476,206.117,1239.45,229.405,145.479,1239,196.629,226.204,1228.42,225.759,152.326,1263.03,196.919,131.962,1254.57,214.413,125.876,1269.59,185.266,90.1492,1240.23,223.653,90.8596,1269.61,186.151,56.3878,1228.29,239.425,56.8654,1237.24,190.504,243.773,1236,184.149,247.896,1248.82,188.826,248.933,1246.09,194.094,245.976,1116.46,196.717,254.995
006688:1237.67,233.777,193.119,1238.67,233.792,196.342,1240.89,237.614,193.273,1238.94,231.173,193.575,1241.87,241.426,186.294,1242.55,215.406,184.157,1238.99,234.816,167.589,1232.7,196.517,206.176,1234.76,229.492,146.355,1246.76,197.582,221.755,1241,228.105,148.669,1262.82,196.913,131.284,1258.85,215.626,125.035,1269.01,185.264,88.1424,1235.29,223.75,91.2172,1273.84,185.917,53.1684,1232.68,240.697,56.5437,1230.07,188.052,232.371,1240.5,183.697,230.984,1227.52,183.021,233.441,1221.71,187.147,234.193,1088,195.419,252.045
006826:115.553,148.329,-1.5167
